3999.206	0.00187
3998.242	0.00186
3997.277	0.00186
3996.313	0.00185
3995.348	0.00185
3994.384	0.00184
3993.419	0.00227
3992.455	0.00183
3991.49	0.00183
3990.526	0.00182
3989.561	0.00182
3988.597	0.00181
3987.632	0.00181
3986.668	0.0018
3985.703	0.00223
3984.739	0.00223
3983.774	0.00179
3982.81	0.00178
3981.845	0.00178
3980.881	0.00177
3979.916	0.00177
3978.952	0.00176
3977.987	0.00176
3977.023	0.00175
3976.058	0.00175
3975.094	0.00174
3974.129	0.00174
3973.166	0.00173
3972.201	0.00173
3971.237	0.00172
3970.272	0.00172
3969.308	0.00171
3968.343	0.00171
3967.379	0.0017
3966.414	0.0017
3965.45	0.0017
3964.485	0.00169
3963.521	0.00169
3962.556	0.00168
3961.592	0.00168
3960.627	0.00167
3959.663	0.00167
3958.698	0.00166
3957.734	0.00166
3956.769	0.00165
3955.805	0.00165
3954.84	0.00164
3953.876	0.00164
3952.911	0.00163
3951.947	0.00163
3950.982	0.00163
3950.018	0.00162
3949.053	0.00162
3948.089	0.00161
3947.124	0.00161
3946.16	0.0016
3945.195	0.00116
3944.231	0.00159
3943.266	0.00159
3942.302	0.00158
3941.337	0.00158
3940.373	0.00158
3939.408	0.00157
3938.444	0.00113
3937.479	0.00156
3936.515	0.00156
3935.55	0.00112
3934.586	0.00155
3933.621	0.00154
3932.657	0.00111
3931.692	0.00154
3930.729	0.0011
3929.764	0.00153
3928.8	0.00109
3927.835	0.00152
3926.871	0.00108
3925.906	0.00151
3924.942	0.0015
3923.977	0.0015
3923.013	0.00106
3922.048	0.00106
3921.084	0.00149
3920.119	0.00105
3919.155	0.00104
3918.19	0.00147
3917.226	0.00104
3916.261	0.00103
3915.297	0.00103
3914.332	0.00102
3913.368	0.00102
3912.403	0.00101
3911.439	0.00101
3910.474	0.00144
3909.51	0.001
3908.545	0.00143
3907.581	9.91999E-4
3906.616	9.87592E-4
3905.652	9.83193E-4
3904.687	0.00141
3903.723	9.75388E-4
3902.758	0.0014
3901.794	9.66582E-4
3900.829	0.0014
3899.865	0.00139
3898.9	9.54369E-4
3897.936	0.00138
3896.971	9.45564E-4
3896.007	0.00138
3895.042	9.37758E-4
3894.078	0.00137
3893.113	0.00136
3892.149	0.00136
3891.184	9.21147E-4
3890.22	9.16749E-4
3889.255	9.12342E-4
3888.292	9.07952E-4
3887.327	0.00134
3886.363	0.00134
3885.398	0.00133
3884.434	0.00133
3883.469	0.00132
3882.505	0.00132
3881.54	0.00131
3880.576	0.00131
3879.611	8.72322E-4
3878.647	0.0013
3877.682	8.63517E-4
3876.718	0.00129
3875.753	0.00129
3874.789	0.00129
3873.824	0.00128
3872.86	8.44507E-4
3871.895	0.00127
3870.931	0.00127
3869.966	0.00127
3869.002	0.00126
3868.037	0.00126
3867.073	0.00126
3866.108	0.00125
3865.144	0.00125
3864.179	0.00124
3863.215	0.00124
3862.25	0.00124
3861.286	0.00123
3860.321	0.00123
3859.357	7.88869E-4
3858.392	0.00122
3857.428	0.00122
3856.463	0.00121
3855.499	0.00164
3854.534	0.00164
3853.57	0.0012
3852.605	0.00163
3851.641	0.00119
3850.676	0.00119
3849.712	0.00119
3848.747	0.00118
3847.783	0.00118
3846.818	7.39628E-4
3845.855	7.36238E-4
3844.89	0.00117
3843.926	0.00116
3842.961	0.00116
3841.997	0.00116
3841.032	0.00115
3840.068	7.12822E-4
3839.103	0.00158
3838.139	0.00114
3837.174	7.02609E-4
3836.21	0.00113
3835.245	0.00113
3834.281	6.91405E-4
3833.316	6.87998E-4
3832.352	0.00112
3831.387	6.80192E-4
3830.423	6.76794E-4
3829.458	6.72387E-4
3828.494	6.68988E-4
3827.529	6.65581E-4
3826.565	6.62183E-4
3825.6	6.58776E-4
3824.636	6.55377E-4
3823.671	6.5097E-4
3822.707	0.00108
3821.742	0.00108
3820.778	0.00107
3819.813	6.36359E-4
3818.849	0.00107
3817.884	0.00106
3816.92	0.0015
3815.955	6.22748E-4
3814.991	0.00105
3814.026	0.00105
3813.062	6.12544E-4
3812.097	6.09137E-4
3811.133	6.04738E-4
3810.168	0.00104
3809.204	0.00103
3808.239	0.00103
3807.275	0.00103
3806.31	5.8772E-4
3805.346	5.84322E-4
3804.381	0.00101
3803.418	0.00101
3802.453	0.00144
3801.489	0.001
3800.524	5.67312E-4
3799.56	9.98914E-4
3798.595	9.94507E-4
3797.631	9.92108E-4
3796.666	9.87701E-4
3795.702	9.85303E-4
3794.737	9.81896E-4
3793.773	9.78497E-4
3792.808	5.4009E-4
3791.844	9.71692E-4
3790.879	9.68284E-4
3789.915	5.29886E-4
3788.95	9.61479E-4
3787.986	9.5808E-4
3787.021	9.54673E-4
3786.057	9.51275E-4
3785.092	9.47868E-4
3784.128	9.44469E-4
3783.163	9.42062E-4
3782.199	9.38664E-4
3781.234	9.35257E-4
3780.27	9.31858E-4
3779.305	9.28451E-4
3778.341	9.25053E-4
3777.376	9.22646E-4
3776.412	9.18247E-4
3775.447	9.1584E-4
3774.483	9.12442E-4
3773.518	9.09034E-4
3772.554	9.06636E-4
3771.589	9.03229E-4
3770.625	8.9983E-4
3769.66	8.96423E-4
3768.696	8.94025E-4
3767.731	8.90618E-4
3766.767	8.87219E-4
3765.802	8.83812E-4
3764.838	8.81414E-4
3763.873	8.78007E-4
3762.909	8.74608E-4
3761.944	8.71201E-4
3760.98	8.68803E-4
3760.015	8.65396E-4
3759.051	8.61997E-4
3758.086	8.5859E-4
3757.123	8.562E-4
3756.158	8.52793E-4
3755.194	8.49395E-4
3754.229	8.46988E-4
3753.265	0.00171
3752.3	8.41182E-4
3751.336	8.37784E-4
3750.371	0.00171
3749.407	8.30978E-4
3748.442	8.28571E-4
3747.478	8.25173E-4
3746.513	8.22765E-4
3745.549	0.00169
3744.584	0.00125
3743.62	8.13561E-4
3742.655	8.10154E-4
3741.691	8.07756E-4
3740.726	8.04349E-4
3739.762	8.0195E-4
3738.797	7.98543E-4
3737.833	0.00123
3736.868	7.92738E-4
3735.904	0.00123
3734.939	7.86932E-4
3733.975	7.84534E-4
3733.01	0.00122
3732.046	7.78728E-4
3731.081	0.00121
3730.117	7.72923E-4
3729.152	7.69515E-4
3728.188	7.67117E-4
3727.223	7.6371E-4
3726.259	7.61311E-4
3725.294	7.57904E-4
3724.33	7.55506E-4
3723.365	0.00119
3722.401	7.497E-4
3721.436	7.47293E-4
3720.472	0.00118
3719.507	0.00118
3718.543	7.39089E-4
3717.578	7.35682E-4
3716.614	0.00117
3715.649	0.00116
3714.686	7.27487E-4
3713.721	0.00116
3712.757	0.00159
3711.792	7.19274E-4
3710.828	0.00115
3709.863	0.00115
3708.899	0.00115
3707.934	0.00114
3706.97	7.06265E-4
3706.005	0.00114
3705.041	0.00114
3704.076	0.00113
3703.112	0.00113
3702.147	0.00113
3701.183	0.00112
3700.218	0.00112
3699.254	0.00112
3698.289	0.00112
3697.325	0.00111
3696.36	0.00111
3695.396	0.00111
3694.431	0.00111
3693.467	0.0011
3692.502	0.00154
3691.538	0.0011
3690.573	0.0011
3689.609	0.00153
3688.644	0.00153
3687.68	0.00109
3686.715	0.00109
3685.751	0.00152
3684.786	0.00152
3683.822	0.00151
3682.857	0.00151
3681.893	0.00151
3680.928	0.00151
3679.964	0.0015
3678.999	0.0015
3678.035	0.0015
3677.07	0.00193
3676.106	0.00193
3675.141	0.00193
3674.177	0.00192
3673.212	0.00192
3672.249	0.00192
3671.284	0.00235
3670.32	0.00191
3669.355	0.00235
3668.391	0.00191
3667.426	0.00234
3666.462	0.00234
3665.497	0.00234
3664.533	0.00234
3663.568	0.00233
3662.604	0.00233
3661.639	0.00233
3660.675	0.00233
3659.71	0.00232
3658.746	0.00276
3657.781	0.00276
3656.817	0.00319
3655.852	0.00275
3654.888	0.00319
3653.923	0.00275
3652.959	0.00318
3651.994	0.00318
3651.03	0.00361
3650.065	0.00405
3649.101	0.00361
3648.136	0.00361
3647.172	0.00361
3646.207	0.0036
3645.243	0.00404
3644.278	0.0036
3643.314	0.00403
3642.349	0.00403
3641.385	0.00403
3640.42	0.00403
3639.456	0.00446
3638.491	0.00446
3637.527	0.00446
3636.562	0.00446
3635.598	0.00489
3634.633	0.00489
3633.669	0.00533
3632.704	0.00489
3631.74	0.00532
3630.775	0.00576
3629.812	0.00576
3628.847	0.00576
3627.883	0.00576
3626.918	0.00575
3625.954	0.00575
3624.989	0.00619
3624.025	0.00619
3623.06	0.00619
3622.096	0.00662
3621.131	0.00662
3620.167	0.00706
3619.202	0.00706
3618.238	0.00706
3617.273	0.00705
3616.309	0.00749
3615.344	0.00749
3614.38	0.00749
3613.415	0.00793
3612.451	0.00793
3611.486	0.00793
3610.522	0.00837
3609.557	0.00837
3608.593	0.00836
3607.628	0.0088
3606.664	0.0088
3605.699	0.0088
3604.735	0.00924
3603.77	0.00924
3602.806	0.00968
3601.841	0.00968
3600.877	0.01012
3599.912	0.01012
3598.948	0.01012
3597.983	0.01056
3597.019	0.01056
3596.054	0.011
3595.09	0.011
3594.125	0.01144
3593.161	0.01144
3592.196	0.01144
3591.232	0.01188
3590.267	0.01188
3589.303	0.01233
3588.338	0.01277
3587.375	0.01277
3586.41	0.01322
3585.446	0.01321
3584.481	0.01366
3583.517	0.01366
3582.552	0.01411
3581.588	0.0141
3580.623	0.01455
3579.659	0.015
3578.694	0.015
3577.73	0.01544
3576.765	0.01544
3575.801	0.01589
3574.836	0.01634
3573.872	0.01634
3572.907	0.01679
3571.943	0.01724
3570.978	0.01769
3570.014	0.01814
3569.049	0.01859
3568.085	0.01859
3567.12	0.01904
3566.156	0.01949
3565.191	0.01949
3564.227	0.01994
3563.262	0.0204
3562.298	0.02085
3561.333	0.02131
3560.369	0.02176
3559.404	0.02222
3558.44	0.02267
3557.475	0.02313
3556.511	0.02358
3555.546	0.02404
3554.582	0.0245
3553.617	0.02496
3552.653	0.02588
3551.688	0.02634
3550.724	0.0268
3549.759	0.02726
3548.795	0.02772
3547.83	0.02864
3546.866	0.02911
3545.901	0.03004
3544.938	0.0305
3543.973	0.03143
3543.009	0.0319
3542.044	0.03283
3541.08	0.0333
3540.115	0.03424
3539.151	0.03471
3538.186	0.03565
3537.222	0.03659
3536.257	0.03753
3535.293	0.038
3534.328	0.03895
3533.364	0.0399
3532.399	0.04085
3531.435	0.04181
3530.47	0.04276
3529.506	0.04372
3528.541	0.04517
3527.577	0.04613
3526.612	0.04709
3525.648	0.04806
3524.683	0.04952
3523.719	0.05049
3522.754	0.05147
3521.79	0.05294
3520.825	0.05392
3519.861	0.0554
3518.896	0.05638
3517.932	0.05787
3516.967	0.05886
3516.003	0.06035
3515.038	0.06185
3514.074	0.06285
3513.109	0.06436
3512.145	0.06537
3511.18	0.06688
3510.216	0.06841
3509.251	0.06942
3508.287	0.07095
3507.322	0.07249
3506.358	0.07403
3505.393	0.07506
3504.429	0.07661
3503.464	0.07765
3502.501	0.07921
3501.536	0.08025
3500.572	0.08182
3499.607	0.0834
3498.643	0.08445
3497.678	0.0855
3496.714	0.08709
3495.749	0.08816
3494.785	0.08922
3493.82	0.09082
3492.856	0.09189
3491.891	0.09297
3490.927	0.09404
3489.962	0.09512
3488.998	0.09675
3488.033	0.09783
3487.069	0.09892
3486.104	0.10001
3485.14	0.10111
3484.175	0.1022
3483.211	0.1033
3482.246	0.10441
3481.282	0.10551
3480.317	0.10662
3479.353	0.10773
3478.388	0.10884
3477.424	0.1094
3476.459	0.11052
3475.495	0.11164
3474.53	0.11277
3473.566	0.11389
3472.601	0.11446
3471.637	0.11559
3470.672	0.11672
3469.708	0.11786
3468.743	0.119
3467.779	0.11957
3466.814	0.12072
3465.85	0.12186
3464.885	0.12244
3463.921	0.12359
3462.956	0.12475
3461.992	0.12591
3461.027	0.12649
3460.064	0.12765
3459.099	0.12881
3458.135	0.1294
3457.17	0.13057
3456.206	0.13116
3455.241	0.13233
3454.277	0.13351
3453.312	0.13469
3452.348	0.13588
3451.383	0.13707
3450.419	0.13826
3449.454	0.13945
3448.49	0.14065
3447.525	0.14185
3446.561	0.14246
3445.596	0.14366
3444.632	0.14487
3443.667	0.14609
3442.703	0.1473
3441.738	0.14791
3440.774	0.14914
3439.809	0.15036
3438.845	0.15159
3437.88	0.15282
3436.916	0.15406
3435.951	0.1553
3434.987	0.15654
3434.022	0.15779
3433.058	0.15904
3432.093	0.16029
3431.129	0.16155
3430.164	0.16218
3429.2	0.16345
3428.235	0.16471
3427.271	0.16598
3426.306	0.1679
3425.342	0.16854
3424.377	0.16982
3423.413	0.1711
3422.448	0.1724
3421.484	0.17369
3420.519	0.17499
3419.555	0.17629
3418.59	0.17759
3417.626	0.17825
3416.661	0.18021
3415.697	0.18153
3414.732	0.18219
3413.769	0.18351
3412.804	0.18285
3411.84	0.18617
3410.875	0.18818
3409.911	0.18885
3408.946	0.19019
3407.982	0.19154
3407.017	0.19289
3406.053	0.19425
3405.088	0.19493
3404.124	0.19629
3403.159	0.19766
3402.195	0.19972
3401.23	0.2004
3400.266	0.20178
3399.301	0.20317
3398.337	0.20456
3397.372	0.20595
3396.408	0.20735
3395.443	0.20875
3394.479	0.20945
3393.514	0.21086
3392.55	0.21228
3391.585	0.2137
3390.621	0.21512
3389.656	0.21655
3388.692	0.21726
3387.727	0.2187
3386.763	0.22014
3385.798	0.22086
3384.834	0.22231
3383.869	0.22303
3382.905	0.22303
3381.94	0.22376
3380.976	0.22667
3380.011	0.22814
3379.047	0.22888
3378.082	0.22888
3377.118	0.23109
3376.153	0.23109
3375.189	0.23109
3374.224	0.23406
3373.26	0.23555
3372.295	0.2363
3371.332	0.2378
3370.367	0.23855
3369.403	0.2393
3368.438	0.24081
3367.474	0.24157
3366.509	0.24232
3365.545	0.24308
3364.58	0.24461
3363.616	0.24537
3362.651	0.2469
3361.687	0.24767
3360.722	0.24921
3359.758	0.24998
3358.793	0.25075
3357.829	0.25153
3356.864	0.25308
3355.9	0.25308
3354.935	0.25464
3353.971	0.25542
3353.006	0.25699
3352.042	0.25777
3351.077	0.25935
3350.113	0.25935
3349.148	0.26172
3348.184	0.26252
3347.219	0.26331
3346.255	0.26411
3345.29	0.26571
3344.326	0.26651
3343.361	0.26731
3342.397	0.26893
3341.432	0.26973
3340.468	0.27054
3339.503	0.27217
3338.539	0.27298
3337.574	0.27379
3336.61	0.27543
3335.645	0.27625
3334.681	0.27625
3333.716	0.27789
3332.752	0.27954
3331.787	0.28037
3330.823	0.2812
3329.858	0.28286
3328.895	0.2837
3327.93	0.28453
3326.966	0.28537
3326.001	0.28705
3325.037	0.28789
3324.072	0.28874
3323.108	0.28958
3322.143	0.29043
3321.179	0.29213
3320.214	0.29298
3319.25	0.29384
3318.285	0.29469
3317.321	0.29555
3316.356	0.29641
3315.392	0.29727
3314.427	0.29813
3313.463	0.29899
3312.498	0.30073
3311.534	0.3016
3310.569	0.30247
3309.605	0.30334
3308.64	0.30421
3307.676	0.30509
3306.711	0.30597
3305.747	0.30685
3304.782	0.30685
3303.818	0.30773
3302.853	0.30861
3301.889	0.3095
3300.924	0.31039
3299.96	0.31127
3298.995	0.31217
3298.031	0.31306
3297.066	0.31306
3296.102	0.31395
3295.137	0.31485
3294.173	0.31575
3293.208	0.31575
3292.244	0.31665
3291.279	0.31755
3290.315	0.31755
3289.35	0.31845
3288.386	0.31936
3287.421	0.31936
3286.458	0.32027
3285.493	0.32026
3284.529	0.32117
3283.564	0.32117
3282.6	0.32208
3281.635	0.32209
3280.671	0.323
3279.706	0.323
3278.742	0.32391
3277.777	0.32391
3276.813	0.32391
3275.848	0.32483
3274.884	0.32483
3273.919	0.32483
3272.955	0.32483
3271.99	0.32575
3271.026	0.32575
3270.061	0.32575
3269.097	0.32575
3268.132	0.32667
3267.168	0.32667
3266.203	0.32667
3265.239	0.32667
3264.274	0.32667
3263.31	0.32667
3262.345	0.32667
3261.381	0.32667
3260.416	0.32759
3259.452	0.32667
3258.487	0.32667
3257.523	0.32667
3256.558	0.32667
3255.594	0.32667
3254.629	0.32667
3253.665	0.32667
3252.7	0.32667
3251.736	0.32575
3250.771	0.32575
3249.807	0.32575
3248.842	0.32575
3247.878	0.32575
3246.913	0.32575
3245.949	0.32483
3244.984	0.32483
3244.021	0.32392
3243.056	0.32391
3242.092	0.32392
3241.127	0.323
3240.163	0.323
3239.198	0.323
3238.234	0.32209
3237.269	0.32209
3236.305	0.32118
3235.34	0.32118
3234.376	0.32027
3233.411	0.32027
3232.447	0.31936
3231.482	0.31936
3230.518	0.31846
3229.553	0.31845
3228.589	0.31755
3227.624	0.31755
3226.66	0.31665
3225.695	0.31575
3224.731	0.31575
3223.766	0.31485
3222.802	0.31485
3221.837	0.31396
3220.873	0.31306
3219.908	0.31306
3218.944	0.31217
3217.979	0.31128
3217.015	0.31039
3216.05	0.31039
3215.086	0.3095
3214.121	0.30862
3213.157	0.30774
3212.192	0.30774
3211.228	0.30685
3210.263	0.30597
3209.299	0.3051
3208.334	0.30422
3207.37	0.30335
3206.405	0.30335
3205.441	0.3016
3204.476	0.3016
3203.512	0.30073
3202.547	0.29987
3201.584	0.299
3200.619	0.29814
3199.655	0.29728
3198.69	0.29641
3197.726	0.29556
3196.761	0.2947
3195.797	0.29384
3194.832	0.29299
3193.868	0.29214
3192.903	0.29129
3191.939	0.29044
3190.974	0.28959
3190.01	0.2879
3189.045	0.2879
3188.081	0.28622
3187.116	0.28538
3186.152	0.28454
3185.187	0.28371
3184.223	0.28287
3183.258	0.28204
3182.294	0.28038
3181.329	0.27955
3180.365	0.27873
3179.4	0.2779
3178.436	0.27626
3177.471	0.27544
3176.507	0.27462
3175.542	0.2738
3174.578	0.27218
3173.613	0.27136
3172.649	0.27055
3171.684	0.26894
3170.72	0.26813
3169.755	0.26733
3168.791	0.26572
3167.826	0.26492
3166.862	0.26412
3165.897	0.26253
3164.933	0.26174
3163.968	0.26015
3163.004	0.25936
3162.039	0.25857
3161.075	0.257
3160.11	0.25543
3159.147	0.25465
3158.182	0.25387
3157.218	0.25232
3156.253	0.25154
3155.289	0.24999
3154.324	0.24922
3153.36	0.24768
3152.395	0.24691
3151.431	0.24538
3150.466	0.24386
3149.502	0.2431
3148.537	0.24158
3147.573	0.24082
3146.608	0.23931
3145.644	0.23781
3144.679	0.23706
3143.715	0.23556
3142.75	0.23407
3141.786	0.23332
3140.821	0.23184
3139.857	0.23036
3138.892	0.22962
3137.928	0.22815
3136.963	0.22669
3135.999	0.22595
3135.034	0.2245
3134.07	0.22304
3133.105	0.22232
3132.141	0.22087
3131.176	0.21943
3130.212	0.21799
3129.247	0.21656
3128.283	0.21584
3127.318	0.21442
3126.354	0.213
3125.389	0.21158
3124.425	0.21017
3123.46	0.20876
3122.496	0.20736
3121.531	0.20666
3120.567	0.20527
3119.602	0.20387
3118.638	0.20249
3117.673	0.20111
3116.709	0.19973
3115.744	0.19835
3114.78	0.19698
3113.815	0.19562
3112.852	0.19426
3111.887	0.1929
3110.923	0.19155
3109.958	0.19021
3108.994	0.18819
3108.029	0.18752
3107.065	0.18552
3106.1	0.1842
3105.136	0.18287
3104.171	0.18155
3103.207	0.18024
3102.242	0.17827
3101.278	0.17696
3100.313	0.17566
3099.349	0.17436
3098.384	0.17242
3097.42	0.17113
3096.455	0.16985
3095.491	0.16793
3094.526	0.16665
3093.562	0.16538
3092.597	0.16411
3091.633	0.16221
3090.668	0.16096
3089.704	0.1597
3088.739	0.15782
3087.775	0.15658
3086.81	0.15472
3085.846	0.15348
3084.881	0.15163
3083.917	0.1504
3082.952	0.14856
3081.988	0.14734
3081.023	0.14552
3080.059	0.14431
3079.094	0.1425
3078.13	0.1413
3077.165	0.1395
3076.201	0.1383
3075.236	0.13652
3074.272	0.13533
3073.307	0.13356
3072.343	0.13238
3071.378	0.13062
3070.415	0.12945
3069.45	0.1277
3068.486	0.12595
3067.521	0.12479
3066.557	0.12306
3065.592	0.12134
3064.628	0.12019
3063.663	0.11848
3062.699	0.11734
3061.734	0.11564
3060.77	0.11451
3059.805	0.11282
3058.841	0.11114
3057.876	0.11002
3056.912	0.10834
3055.947	0.10723
3054.983	0.10557
3054.018	0.10446
3053.054	0.10281
3052.089	0.10172
3051.125	0.10007
3050.16	0.09898
3049.196	0.09735
3048.231	0.09627
3047.267	0.09465
3046.302	0.09357
3045.338	0.09196
3044.373	0.09089
3043.409	0.08929
3042.444	0.08822
3041.48	0.08716
3040.515	0.08558
3039.551	0.08452
3038.586	0.08347
3037.622	0.0819
3036.657	0.08085
3035.693	0.07981
3034.728	0.07825
3033.764	0.07721
3032.799	0.07618
3031.835	0.07514
3030.87	0.07411
3029.906	0.07257
3028.941	0.07155
3027.978	0.07053
3027.013	0.06951
3026.049	0.0685
3025.084	0.06748
3024.12	0.06647
3023.155	0.06546
3022.191	0.06446
3021.226	0.06396
3020.262	0.06295
3019.297	0.06195
3018.333	0.06145
3017.368	0.06046
3016.404	0.05946
3015.439	0.05897
3014.475	0.05847
3013.51	0.05748
3012.546	0.05699
3011.581	0.05699
3010.617	0.0565
3009.652	0.05601
3008.688	0.05551
3007.723	0.05552
3006.759	0.05503
3005.794	0.05503
3004.83	0.05503
3003.865	0.05503
3002.901	0.05504
3001.936	0.05553
3000.972	0.05553
3000.007	0.05554
2999.043	0.05554
2998.078	0.05604
2997.114	0.05604
2996.149	0.05653
2995.185	0.05654
2994.22	0.05654
2993.256	0.05654
2992.291	0.05654
2991.327	0.05605
2990.362	0.05606
2989.398	0.05556
2988.433	0.05507
2987.469	0.05508
2986.504	0.05459
2985.541	0.0541
2984.576	0.05312
2983.612	0.05263
2982.647	0.05214
2981.683	0.05117
2980.718	0.05068
2979.754	0.05019
2978.789	0.04971
2977.825	0.04923
2976.86	0.04923
2975.896	0.04923
2974.931	0.04923
2973.967	0.04924
2973.002	0.04924
2972.038	0.04924
2971.073	0.04973
2970.109	0.05022
2969.144	0.05022
2968.18	0.05071
2967.215	0.05072
2966.251	0.05121
2965.286	0.05121
2964.322	0.05121
2963.357	0.0517
2962.393	0.05122
2961.428	0.05122
2960.464	0.05122
2959.499	0.05074
2958.535	0.05074
2957.57	0.05025
2956.606	0.04977
2955.641	0.04929
2954.677	0.0488
2953.712	0.04832
2952.748	0.04784
2951.783	0.04687
2950.819	0.04639
2949.854	0.04591
2948.89	0.04543
2947.925	0.04447
2946.961	0.04447
2945.996	0.044
2945.032	0.044
2944.067	0.044
2943.104	0.044
2942.139	0.04401
2941.175	0.04449
2940.21	0.04449
2939.246	0.0445
2938.281	0.04498
2937.317	0.04498
2936.352	0.04499
2935.388	0.04499
2934.423	0.04451
2933.459	0.04451
2932.494	0.04403
2931.53	0.04356
2930.565	0.0426
2929.601	0.04213
2928.636	0.04117
2927.672	0.0407
2926.707	0.03975
2925.743	0.03928
2924.778	0.03833
2923.814	0.03786
2922.849	0.03739
2921.885	0.03692
2920.92	0.03645
2919.956	0.03598
2918.991	0.03551
2918.027	0.03551
2917.062	0.03552
2916.098	0.03552
2915.133	0.03505
2914.169	0.03552
2913.204	0.03506
2912.24	0.03506
2911.275	0.03506
2910.311	0.0346
2909.346	0.0346
2908.382	0.03413
2907.417	0.03413
2906.453	0.03367
2905.488	0.0332
2904.524	0.03274
2903.559	0.03274
2902.595	0.03227
2901.63	0.03181
2900.667	0.03135
2899.702	0.03088
2898.738	0.03089
2897.773	0.03042
2896.809	0.02996
2895.844	0.0295
2894.88	0.0295
2893.915	0.02904
2892.951	0.02904
2891.986	0.02858
2891.022	0.02812
2890.057	0.02812
2889.093	0.02813
2888.128	0.02767
2887.164	0.02767
2886.199	0.02721
2885.235	0.02721
2884.27	0.02722
2883.306	0.02722
2882.341	0.02676
2881.377	0.02676
2880.412	0.02677
2879.448	0.02677
2878.483	0.02677
2877.519	0.02678
2876.554	0.02678
2875.59	0.02724
2874.625	0.02725
2873.661	0.02771
2872.696	0.02771
2871.732	0.02772
2870.767	0.02818
2869.803	0.02819
2868.838	0.02865
2867.874	0.02866
2866.909	0.02912
2865.945	0.02959
2864.98	0.02959
2864.016	0.0296
2863.051	0.03006
2862.087	0.03053
2861.122	0.03054
2860.158	0.031
2859.193	0.03147
2858.23	0.03148
2857.265	0.03195
2856.301	0.03195
2855.336	0.03195
2854.372	0.03242
2853.407	0.03242
2852.443	0.03243
2851.478	0.0329
2850.514	0.0329
2849.549	0.0329
2848.585	0.03291
2847.62	0.03291
2846.656	0.03338
2845.691	0.03338
2844.727	0.03386
2843.762	0.0348
2842.798	0.03527
2841.833	0.03622
2840.869	0.03716
2839.904	0.03859
2838.94	0.04049
2837.975	0.04193
2837.011	0.04384
2836.046	0.04625
2835.082	0.04771
2834.117	0.04965
2833.153	0.05111
2832.188	0.0521
2831.224	0.05308
2830.259	0.05308
2829.295	0.05308
2828.33	0.05211
2827.366	0.05113
2826.401	0.04968
2825.437	0.04822
2824.472	0.04677
2823.508	0.04485
2822.543	0.04341
2821.579	0.0415
2820.614	0.04008
2819.65	0.03865
2818.685	0.03724
2817.721	0.0363
2816.756	0.03489
2815.793	0.03395
2814.828	0.03255
2813.864	0.03162
2812.899	0.03069
2811.935	0.02976
2810.97	0.02884
2810.006	0.02745
2809.041	0.02699
2808.077	0.02608
2807.112	0.02516
2806.148	0.02424
2805.183	0.02333
2804.219	0.02242
2803.254	0.02197
2802.29	0.02106
2801.325	0.02061
2800.361	0.0197
2799.396	0.0188
2798.432	0.01835
2797.467	0.0179
2796.503	0.017
2795.538	0.01655
2794.574	0.01566
2793.609	0.01521
2792.645	0.01476
2791.68	0.01432
2790.716	0.01387
2789.751	0.01343
2788.787	0.01254
2787.822	0.0121
2786.858	0.01165
2785.893	0.01166
2784.929	0.01077
2783.964	0.01077
2783	0.01033
2782.035	0.00989
2781.071	0.00945
2780.106	0.00901
2779.142	0.00902
2778.177	0.00858
2777.213	0.00814
2776.248	0.00814
2775.284	0.0077
2774.319	0.00771
2773.355	0.00727
2772.39	0.00683
2771.426	0.00683
2770.461	0.0064
2769.498	0.0064
2768.533	0.0064
2767.569	0.00597
2766.604	0.00597
2765.64	0.00553
2764.675	0.00554
2763.711	0.0051
2762.746	0.00511
2761.782	0.00511
2760.817	0.00467
2759.853	0.00468
2758.888	0.00468
2757.924	0.00468
2756.959	0.00425
2755.995	0.00425
2755.03	0.00426
2754.066	0.00382
2753.101	0.00383
2752.137	0.00383
2751.172	0.00339
2750.208	0.00384
2749.243	0.0034
2748.279	0.00341
2747.314	0.00341
2746.35	0.00341
2745.385	0.00341
2744.421	0.00298
2743.456	0.00299
2742.492	0.00299
2741.527	0.00299
2740.563	0.003
2739.598	0.00256
2738.634	0.00257
2737.669	0.00257
2736.705	0.00257
2735.74	0.00258
2734.776	0.00258
2733.811	0.00258
2732.847	0.00259
2731.882	0.00259
2730.918	0.00259
2729.953	0.00216
2728.989	0.00216
2728.024	0.00217
2727.061	0.00217
2726.096	0.00217
2725.132	0.00218
2724.167	0.00218
2723.203	0.00219
2722.238	0.00219
2721.274	0.00176
2720.309	0.00176
2719.345	0.00176
2718.38	0.00177
2717.416	0.00177
2716.451	0.00177
2715.487	0.00178
2714.522	0.00178
2713.558	0.00178
2712.593	0.00179
2711.629	0.00179
2710.664	0.00179
2709.7	0.0018
2708.735	0.0018
2707.771	0.0018
2706.806	0.00136
2705.842	0.00136
2704.877	0.00136
2703.913	0.0018
2702.948	0.00136
2701.984	0.00136
2701.019	0.00136
2700.055	0.00136
2699.09	0.00136
2698.126	0.00137
2697.161	0.00137
2696.197	0.00137
2695.232	0.00137
2694.268	0.00137
2693.303	0.00137
2692.339	0.00137
2691.374	0.00137
2690.41	0.00137
2689.445	0.00137
2688.481	0.00137
2687.516	0.00137
2686.552	0.00137
2685.587	0.00137
2684.624	0.00137
2683.659	0.00137
2682.695	0.00137
2681.73	0.00137
2680.766	0.00137
2679.801	0.00137
2678.837	9.33392E-4
2677.872	0.00137
2676.908	0.00137
2675.943	9.3387E-4
2674.979	9.35037E-4
2674.014	0.00137
2673.05	0.00137
2672.085	9.35514E-4
2671.121	9.34681E-4
2670.156	9.35836E-4
2669.192	9.36003E-4
2668.227	9.36158E-4
2667.263	9.36325E-4
2666.298	0.00137
2665.334	9.36647E-4
2664.369	0.00137
2663.405	9.36969E-4
2662.44	0.00137
2661.476	0.00137
2660.511	0.00137
2659.547	0.00137
2658.582	0.00137
2657.618	0.00137
2656.653	9.38091E-4
2655.689	9.39257E-4
2654.724	0.00137
2653.76	0.00137
2652.795	0.00137
2651.831	0.00137
2650.866	0.00137
2649.902	0.00137
2648.937	0.00138
2647.973	0.00138
2647.008	0.00138
2646.044	0.00138
2645.079	0.00138
2644.115	0.00138
2643.15	0.00138
2642.187	0.00181
2641.222	0.00138
2640.258	0.00181
2639.293	0.00181
2638.329	0.00181
2637.364	0.00181
2636.4	0.00181
2635.435	0.00181
2634.471	0.00181
2633.506	0.00225
2632.542	0.00225
2631.577	0.00225
2630.613	0.00225
2629.648	0.00225
2628.684	0.00225
2627.719	0.00269
2626.755	0.00269
2625.79	0.00269
2624.826	0.00269
2623.861	0.00312
2622.897	0.00312
2621.932	0.00312
2620.968	0.00313
2620.003	0.00356
2619.039	0.00356
2618.074	0.00356
2617.11	0.00356
2616.145	0.00356
2615.181	0.00356
2614.216	0.004
2613.252	0.004
2612.287	0.004
2611.323	0.004
2610.358	0.004
2609.394	0.004
2608.429	0.004
2607.465	0.004
2606.5	0.004
2605.536	0.00444
2604.571	0.00444
2603.607	0.00444
2602.642	0.00444
2601.678	0.00444
2600.713	0.00444
2599.75	0.00444
2598.785	0.00444
2597.821	0.00444
2596.856	0.00445
2595.892	0.00445
2594.927	0.00445
2593.963	0.00445
2592.998	0.00445
2592.034	0.00401
2591.069	0.00401
2590.105	0.00401
2589.14	0.00401
2588.176	0.00401
2587.211	0.00401
2586.247	0.00401
2585.282	0.00401
2584.318	0.00401
2583.353	0.00401
2582.389	0.00401
2581.424	0.00401
2580.46	0.00401
2579.495	0.00401
2578.531	0.00402
2577.566	0.00402
2576.602	0.00402
2575.637	0.00402
2574.673	0.00402
2573.708	0.00402
2572.744	0.00402
2571.779	0.00446
2570.815	0.00446
2569.85	0.00446
2568.886	0.00446
2567.921	0.00446
2566.957	0.00446
2565.992	0.00446
2565.028	0.00446
2564.063	0.0049
2563.099	0.0049
2562.134	0.0049
2561.17	0.0049
2560.205	0.0049
2559.241	0.0049
2558.276	0.0049
2557.313	0.0049
2556.348	0.0049
2555.384	0.0049
2554.419	0.00534
2553.455	0.00534
2552.49	0.00534
2551.526	0.00534
2550.561	0.00534
2549.597	0.00534
2548.632	0.00534
2547.668	0.00578
2546.703	0.00578
2545.739	0.00578
2544.774	0.00578
2543.81	0.00578
2542.845	0.00578
2541.881	0.00578
2540.916	0.00579
2539.952	0.00579
2538.987	0.00579
2538.023	0.00579
2537.058	0.00579
2536.094	0.00579
2535.129	0.00579
2534.165	0.00535
2533.2	0.00535
2532.236	0.00535
2531.271	0.00535
2530.307	0.00535
2529.342	0.00491
2528.378	0.00491
2527.413	0.00491
2526.449	0.00448
2525.484	0.00448
2524.52	0.00448
2523.555	0.00448
2522.591	0.00404
2521.626	0.00404
2520.662	0.00404
2519.697	0.00404
2518.733	0.00361
2517.768	0.00361
2516.804	0.00361
2515.839	0.00361
2514.876	0.00317
2513.911	0.00317
2512.947	0.00317
2511.982	0.00317
2511.018	0.00274
2510.053	0.00274
2509.089	0.00274
2508.124	0.0023
2507.16	0.0023
2506.195	0.0023
2505.231	0.00231
2504.266	0.00231
2503.302	0.00231
2502.337	0.00187
2501.373	0.00187
2500.408	0.00187
2499.444	0.00187
2498.479	0.00187
2497.515	0.00187
2496.55	0.00187
2495.586	0.00188
2494.621	0.00144
2493.657	0.00144
2492.692	0.00144
2491.728	0.00144
2490.763	0.00144
2489.799	0.00144
2488.834	0.00144
2487.87	0.00144
2486.905	0.00144
2485.941	0.00145
2484.976	0.00145
2484.012	0.00145
2483.047	0.00145
2482.083	0.00101
2481.118	0.00145
2480.154	0.00145
2479.189	0.00101
2478.225	0.00145
2477.26	0.00102
2476.296	0.00145
2475.331	0.00145
2474.367	0.00102
2473.402	0.00145
2472.439	0.00145
2471.474	0.00102
2470.51	0.00145
2469.545	0.00146
2468.581	0.00146
2467.616	0.00146
2466.652	0.00146
2465.687	0.00146
2464.723	0.00146
2463.758	0.00146
2462.794	0.00146
2461.829	0.00146
2460.865	0.00146
2459.9	0.00146
2458.936	0.00146
2457.971	0.00146
2457.007	0.00146
2456.042	0.00146
2455.078	0.00146
2454.113	0.00146
2453.149	0.00147
2452.184	0.00147
2451.22	0.00147
2450.255	0.00147
2449.291	0.00147
2448.326	0.00147
2447.362	0.00147
2446.397	0.00147
2445.433	0.00147
2444.468	0.00147
2443.504	0.00147
2442.539	0.00147
2441.575	0.00147
2440.61	0.00147
2439.646	0.00147
2438.681	0.00147
2437.717	0.00147
2436.752	0.00147
2435.788	0.00148
2434.823	0.00148
2433.859	0.00148
2432.894	0.00148
2431.93	0.00148
2430.965	0.00148
2430.001	0.00148
2429.036	0.00148
2428.072	0.00148
2427.107	0.00148
2426.144	0.00148
2425.179	0.00148
2424.215	0.00148
2423.25	0.00148
2422.286	0.00148
2421.321	0.00148
2420.357	0.00148
2419.392	0.00148
2418.428	0.00148
2417.463	0.00149
2416.499	0.00149
2415.534	0.00149
2414.57	0.00149
2413.605	0.00149
2412.641	0.00149
2411.676	0.00149
2410.712	0.00149
2409.747	0.00149
2408.783	0.00149
2407.818	0.00149
2406.854	0.00149
2405.889	0.00106
2404.925	0.00106
2403.96	0.00149
2402.996	0.00149
2402.031	0.00149
2401.067	0.00149
2400.102	0.00149
2399.138	0.00149
2398.173	0.00149
2397.209	0.00149
2396.244	0.00149
2395.28	0.0015
2394.315	0.0015
2393.351	0.0015
2392.386	0.0015
2391.422	0.0015
2390.457	0.0015
2389.493	0.0015
2388.528	0.0015
2387.564	0.0015
2386.599	0.0015
2385.635	0.0015
2384.67	0.0015
2383.707	0.0015
2382.742	0.0015
2381.778	0.0015
2380.813	0.0015
2379.849	0.00194
2378.884	0.00194
2377.92	0.00194
2376.955	0.00194
2375.991	0.00194
2375.026	0.00194
2374.062	0.00194
2373.097	0.00194
2372.133	0.00194
2371.168	0.00194
2370.204	0.00194
2369.239	0.00194
2368.275	0.00194
2367.31	0.00194
2366.346	0.00238
2365.381	0.00238
2364.417	0.00238
2363.452	0.00238
2362.488	0.00238
2361.523	0.00238
2360.559	0.00238
2359.594	0.00238
2358.63	0.00238
2357.665	0.00239
2356.701	0.00239
2355.736	0.00239
2354.772	0.00239
2353.807	0.00282
2352.843	0.00282
2351.878	0.00282
2350.914	0.00282
2349.949	0.00283
2348.985	0.00283
2348.02	0.00283
2347.056	0.00283
2346.091	0.00283
2345.127	0.00283
2344.162	0.00283
2343.198	0.00283
2342.233	0.00283
2341.27	0.00327
2340.305	0.00327
2339.341	0.00327
2338.376	0.00327
2337.412	0.00327
2336.447	0.00327
2335.483	0.00327
2334.518	0.00327
2333.554	0.00327
2332.589	0.00327
2331.625	0.00327
2330.66	0.00327
2329.696	0.00327
2328.731	0.00371
2327.767	0.00371
2326.802	0.00371
2325.838	0.00371
2324.873	0.00371
2323.909	0.00371
2322.944	0.00371
2321.98	0.00371
2321.015	0.00371
2320.051	0.00371
2319.086	0.00371
2318.122	0.00371
2317.157	0.00372
2316.193	0.00372
2315.228	0.00415
2314.264	0.00415
2313.299	0.00415
2312.335	0.00416
2311.37	0.00416
2310.406	0.00416
2309.441	0.00416
2308.477	0.00416
2307.512	0.00416
2306.548	0.00416
2305.583	0.00416
2304.619	0.00416
2303.654	0.00416
2302.69	0.0046
2301.725	0.0046
2300.761	0.0046
2299.796	0.0046
2298.833	0.0046
2297.868	0.0046
2296.904	0.0046
2295.939	0.0046
2294.975	0.0046
2294.01	0.00504
2293.046	0.0046
2292.081	0.00504
2291.117	0.00504
2290.152	0.00504
2289.188	0.00504
2288.223	0.00504
2287.259	0.00504
2286.294	0.00505
2285.33	0.00548
2284.365	0.00548
2283.401	0.00549
2282.436	0.00549
2281.472	0.00549
2280.507	0.00549
2279.543	0.00549
2278.578	0.00549
2277.614	0.00549
2276.649	0.00549
2275.685	0.00549
2274.72	0.00593
2273.756	0.00593
2272.791	0.00593
2271.827	0.00593
2270.862	0.00593
2269.898	0.00593
2268.933	0.00593
2267.969	0.00593
2267.004	0.00637
2266.04	0.00637
2265.075	0.00637
2264.111	0.00637
2263.146	0.00637
2262.182	0.00637
2261.217	0.00638
2260.253	0.00682
2259.288	0.00682
2258.324	0.00682
2257.359	0.00682
2256.396	0.00682
2255.431	0.00682
2254.467	0.00682
2253.502	0.00682
2252.538	0.00726
2251.573	0.00726
2250.609	0.00726
2249.644	0.00726
2248.68	0.00726
2247.715	0.00726
2246.751	0.00726
2245.786	0.00726
2244.822	0.00726
2243.857	0.00771
2242.893	0.00727
2241.928	0.00771
2240.964	0.00727
2239.999	0.00727
2239.035	0.00771
2238.07	0.00771
2237.106	0.00727
2236.141	0.00771
2235.177	0.00727
2234.212	0.00771
2233.248	0.00771
2232.283	0.00727
2231.319	0.00727
2230.354	0.00727
2229.39	0.00727
2228.425	0.00727
2227.461	0.00727
2226.496	0.00727
2225.532	0.00728
2224.567	0.00728
2223.603	0.00728
2222.638	0.00728
2221.674	0.00728
2220.709	0.00684
2219.745	0.00684
2218.78	0.00728
2217.816	0.00684
2216.851	0.00684
2215.887	0.00684
2214.922	0.00684
2213.959	0.00684
2212.994	0.00684
2212.03	0.00684
2211.065	0.00684
2210.101	0.00684
2209.136	0.00684
2208.172	0.00684
2207.207	0.00684
2206.243	0.00685
2205.278	0.00685
2204.314	0.00685
2203.349	0.00685
2202.385	0.00685
2201.42	0.00685
2200.456	0.00685
2199.491	0.00685
2198.527	0.00685
2197.562	0.00685
2196.598	0.00685
2195.633	0.00641
2194.669	0.00685
2193.704	0.00641
2192.74	0.00685
2191.775	0.00641
2190.811	0.00641
2189.846	0.00641
2188.882	0.00642
2187.917	0.00642
2186.953	0.00642
2185.988	0.00642
2185.024	0.00642
2184.059	0.00642
2183.095	0.00642
2182.13	0.00598
2181.166	0.00598
2180.201	0.00598
2179.237	0.00598
2178.272	0.00598
2177.308	0.00598
2176.343	0.00598
2175.379	0.00598
2174.414	0.00598
2173.45	0.00555
2172.485	0.00555
2171.522	0.00555
2170.557	0.00555
2169.593	0.00555
2168.628	0.00555
2167.664	0.00555
2166.699	0.00555
2165.735	0.00511
2164.77	0.00511
2163.806	0.00511
2162.841	0.00511
2161.877	0.00511
2160.912	0.00511
2159.948	0.00468
2158.983	0.00468
2158.019	0.00468
2157.054	0.00468
2156.09	0.00468
2155.125	0.00468
2154.161	0.00424
2153.196	0.00424
2152.232	0.00424
2151.267	0.00424
2150.303	0.00424
2149.338	0.00424
2148.374	0.00424
2147.409	0.00424
2146.445	0.00381
2145.48	0.00381
2144.516	0.00381
2143.551	0.00381
2142.587	0.00381
2141.622	0.00381
2140.658	0.00381
2139.693	0.00381
2138.729	0.00381
2137.764	0.00425
2136.8	0.00425
2135.835	0.00425
2134.871	0.00425
2133.906	0.00381
2132.942	0.00381
2131.977	0.00382
2131.013	0.00338
2130.048	0.00294
2129.084	0.00338
2128.119	0.00294
2127.155	0.00294
2126.19	0.00295
2125.227	0.00295
2124.262	0.00251
2123.298	0.00251
2122.333	0.00251
2121.369	0.00251
2120.404	0.00251
2119.44	0.00251
2118.475	0.00251
2117.511	0.00251
2116.546	0.00251
2115.582	0.00252
2114.617	0.00252
2113.653	0.00208
2112.688	0.00252
2111.724	0.00208
2110.759	0.00208
2109.795	0.00208
2108.83	0.00208
2107.866	0.00208
2106.901	0.00208
2105.937	0.00208
2104.972	0.00208
2104.008	0.00209
2103.043	0.00209
2102.079	0.00209
2101.114	0.00165
2100.15	0.00209
2099.185	0.00209
2098.221	0.00165
2097.256	0.00165
2096.292	0.00165
2095.327	0.00165
2094.363	0.00165
2093.398	0.00165
2092.434	0.00166
2091.469	0.00166
2090.505	0.00166
2089.54	0.00166
2088.576	0.00166
2087.611	0.00166
2086.647	0.00166
2085.682	0.00166
2084.718	0.00166
2083.753	0.00166
2082.79	0.00166
2081.825	0.00166
2080.861	0.00166
2079.896	0.00166
2078.932	0.00166
2077.967	0.00166
2077.003	0.00123
2076.038	0.00166
2075.074	0.00166
2074.109	0.00166
2073.145	0.00123
2072.18	0.00166
2071.216	0.00123
2070.251	0.00123
2069.287	0.00123
2068.322	0.00167
2067.358	0.00123
2066.393	0.00123
2065.429	0.00123
2064.464	0.00167
2063.5	0.00167
2062.535	0.00167
2061.571	0.00167
2060.606	0.00167
2059.642	0.00167
2058.677	0.00167
2057.713	0.00167
2056.748	0.00167
2055.784	0.00167
2054.819	0.00167
2053.855	0.00167
2052.89	0.00167
2051.926	0.00211
2050.961	0.00211
2049.997	0.00211
2049.032	0.00211
2048.068	0.00211
2047.103	0.00211
2046.139	0.00211
2045.174	0.00211
2044.21	0.00211
2043.245	0.00211
2042.281	0.00211
2041.316	0.00211
2040.353	0.00211
2039.388	0.00211
2038.424	0.00211
2037.459	0.00211
2036.495	0.00211
2035.53	0.00211
2034.566	0.00212
2033.601	0.00168
2032.637	0.00212
2031.672	0.00168
2030.708	0.00168
2029.743	0.00168
2028.779	0.00168
2027.814	0.00168
2026.85	0.00168
2025.885	0.00168
2024.921	0.00168
2023.956	0.00168
2022.992	0.00169
2022.027	0.00169
2021.063	0.00169
2020.098	0.00169
2019.134	0.00169
2018.169	0.00169
2017.205	0.00169
2016.24	0.00169
2015.276	0.00169
2014.311	0.00169
2013.347	0.00169
2012.382	0.00169
2011.418	0.00169
2010.453	0.00169
2009.489	0.00169
2008.524	0.00169
2007.56	0.00169
2006.595	0.00169
2005.631	0.00213
2004.666	0.00169
2003.702	0.00169
2002.737	0.00169
2001.773	0.00169
2000.808	0.00169
1999.844	0.00169
1998.879	0.00169
1997.916	0.00169
1996.951	0.0017
1995.987	0.0017
1995.022	0.0017
1994.058	0.0017
1993.093	0.0017
1992.129	0.0017
1991.164	0.0017
1990.2	0.0017
1989.235	0.0017
1988.271	0.0017
1987.306	0.0017
1986.342	0.0017
1985.377	0.0017
1984.413	0.00127
1983.448	0.0017
1982.484	0.00127
1981.519	0.0017
1980.555	0.0017
1979.59	0.0017
1978.626	0.0017
1977.661	0.0017
1976.697	0.0017
1975.732	0.00127
1974.768	0.0017
1973.803	0.0017
1972.839	0.0017
1971.874	0.0017
1970.91	0.0017
1969.945	0.0017
1968.981	0.0017
1968.016	0.0017
1967.052	0.0017
1966.087	0.0017
1965.123	0.00171
1964.158	0.00171
1963.194	0.00127
1962.229	0.00171
1961.265	0.00171
1960.3	0.00171
1959.336	0.00171
1958.371	0.00127
1957.407	0.00171
1956.442	0.00171
1955.479	0.00127
1954.514	0.00171
1953.55	0.00171
1952.585	0.00171
1951.621	0.00171
1950.656	0.00127
1949.692	0.00128
1948.727	0.00171
1947.763	0.00128
1946.798	0.00171
1945.834	0.00128
1944.869	0.00128
1943.905	0.00128
1942.94	0.00171
1941.976	0.00171
1941.011	0.00171
1940.047	0.00171
1939.082	0.00171
1938.118	0.00171
1937.153	0.00171
1936.189	0.00128
1935.224	0.00171
1934.26	0.00171
1933.295	0.00172
1932.331	0.00172
1931.366	0.00172
1930.402	0.00172
1929.437	0.00172
1928.473	0.00172
1927.508	0.00172
1926.544	0.00128
1925.579	0.00128
1924.615	0.00172
1923.65	0.00172
1922.686	0.00172
1921.721	0.00172
1920.757	0.00172
1919.792	0.00172
1918.828	0.00172
1917.863	0.00172
1916.899	0.00172
1915.934	0.00172
1914.97	0.00172
1914.005	0.00172
1913.042	0.00172
1912.077	0.00172
1911.113	0.00172
1910.148	0.00172
1909.184	0.00172
1908.219	0.00172
1907.255	0.00172
1906.29	0.00172
1905.326	0.00172
1904.361	0.00172
1903.397	0.00172
1902.432	0.00172
1901.468	0.00172
1900.503	0.00172
1899.539	0.00172
1898.574	0.00172
1897.61	0.00172
1896.645	0.00172
1895.681	0.00129
1894.716	0.00172
1893.752	0.00172
1892.787	0.00172
1891.823	0.00129
1890.858	0.00172
1889.894	0.00173
1888.929	0.00173
1887.965	0.00173
1887	0.00173
1886.036	0.00129
1885.071	0.00173
1884.107	0.00173
1883.142	0.00129
1882.178	0.00129
1881.213	0.00129
1880.249	0.00173
1879.284	0.00173
1878.32	0.00129
1877.355	0.00129
1876.391	0.00173
1875.426	0.00173
1874.462	0.00129
1873.497	0.00173
1872.533	0.00173
1871.568	0.00129
1870.605	0.00173
1869.64	0.00173
1868.676	0.00173
1867.711	0.00173
1866.747	0.00129
1865.782	0.00129
1864.818	0.00173
1863.853	0.00129
1862.889	0.00173
1861.924	0.00173
1860.96	0.00129
1859.995	0.00173
1859.031	0.00173
1858.066	0.00173
1857.102	0.00173
1856.137	0.00173
1855.173	0.00173
1854.208	0.00173
1853.244	0.00173
1852.279	0.00173
1851.315	0.00173
1850.35	0.00173
1849.386	0.00173
1848.421	0.00173
1847.457	0.0013
1846.492	0.00173
1845.528	0.00173
1844.563	0.00173
1843.599	0.00173
1842.634	0.00173
1841.67	0.00173
1840.705	0.00173
1839.741	0.00173
1838.776	0.00173
1837.812	0.00173
1836.847	0.00173
1835.883	0.00173
1834.918	0.00173
1833.954	0.00173
1832.989	0.0013
1832.025	0.00173
1831.06	0.00173
1830.096	0.00173
1829.131	0.00173
1828.168	0.00173
1827.203	0.00173
1826.239	0.00173
1825.274	0.00173
1824.31	0.00173
1823.345	0.00173
1822.381	0.00173
1821.416	0.00173
1820.452	0.00173
1819.487	0.00173
1818.523	0.00173
1817.558	0.00173
1816.594	0.00173
1815.629	0.00173
1814.665	0.0013
1813.7	0.00173
1812.736	0.00173
1811.771	0.00173
1810.807	0.00173
1809.842	0.0013
1808.878	0.00173
1807.913	0.00173
1806.949	0.00173
1805.984	0.00173
1805.02	0.00173
1804.055	0.00173
1803.091	0.00173
1802.126	0.00173
1801.162	0.00173
1800.197	0.00173
1799.233	0.00173
1798.268	0.00173
1797.304	0.00173
1796.339	0.00173
1795.375	0.00173
1794.41	0.00173
1793.446	0.00217
1792.481	0.00173
1791.517	0.00217
1790.552	0.00173
1789.588	0.00173
1788.623	0.00173
1787.659	0.00173
1786.694	0.00173
1785.73	0.00173
1784.765	0.00217
1783.801	0.00217
1782.836	0.00217
1781.873	0.00217
1780.908	0.00217
1779.944	0.00217
1778.979	0.00216
1778.015	0.00216
1777.05	0.00216
1776.086	0.00216
1775.121	0.00217
1774.157	0.00217
1773.192	0.0026
1772.228	0.0026
1771.263	0.0026
1770.299	0.0026
1769.334	0.0026
1768.37	0.0026
1767.405	0.0026
1766.441	0.0026
1765.476	0.0026
1764.512	0.0026
1763.547	0.0026
1762.583	0.00303
1761.618	0.00303
1760.654	0.00303
1759.689	0.00303
1758.725	0.00303
1757.76	0.00347
1756.796	0.00347
1755.831	0.00347
1754.867	0.00347
1753.902	0.00347
1752.938	0.00347
1751.973	0.00391
1751.009	0.00391
1750.044	0.00391
1749.08	0.00391
1748.115	0.00391
1747.151	0.00434
1746.186	0.00434
1745.222	0.00434
1744.257	0.00434
1743.293	0.00434
1742.328	0.00478
1741.364	0.00478
1740.399	0.00478
1739.436	0.00478
1738.471	0.00522
1737.507	0.00522
1736.542	0.00522
1735.578	0.00565
1734.613	0.00609
1733.649	0.00609
1732.684	0.00609
1731.72	0.00609
1730.755	0.00609
1729.791	0.00609
1728.826	0.00653
1727.862	0.00653
1726.897	0.00697
1725.933	0.00697
1724.968	0.00697
1724.004	0.00741
1723.039	0.00741
1722.075	0.00785
1721.11	0.00785
1720.146	0.00785
1719.181	0.00829
1718.217	0.00873
1717.252	0.00873
1716.288	0.00873
1715.323	0.00873
1714.359	0.00917
1713.394	0.00917
1712.43	0.00917
1711.465	0.00917
1710.501	0.00961
1709.536	0.00961
1708.572	0.01006
1707.607	0.01006
1706.643	0.0105
1705.678	0.01006
1704.714	0.0105
1703.749	0.0105
1702.785	0.01094
1701.82	0.01094
1700.856	0.01183
1699.891	0.01183
1698.927	0.01183
1697.962	0.01183
1696.999	0.01183
1696.034	0.01272
1695.07	0.01227
1694.105	0.01227
1693.141	0.01272
1692.176	0.01272
1691.212	0.01316
1690.247	0.01316
1689.283	0.01316
1688.318	0.01361
1687.354	0.01361
1686.389	0.01361
1685.425	0.0145
1684.46	0.01405
1683.496	0.0145
1682.531	0.01405
1681.567	0.01405
1680.602	0.01405
1679.638	0.01405
1678.673	0.01405
1677.709	0.0145
1676.744	0.01405
1675.78	0.0145
1674.815	0.01405
1673.851	0.01405
1672.886	0.01405
1671.922	0.01405
1670.957	0.01405
1669.993	0.01405
1669.028	0.0136
1668.064	0.0136
1667.099	0.01315
1666.135	0.01315
1665.17	0.01315
1664.206	0.01271
1663.241	0.01315
1662.277	0.0127
1661.312	0.0127
1660.348	0.01226
1659.383	0.01226
1658.419	0.01226
1657.454	0.01181
1656.49	0.01181
1655.525	0.01137
1654.562	0.01137
1653.597	0.01181
1652.633	0.01137
1651.668	0.01092
1650.704	0.01048
1649.739	0.01048
1648.775	0.01048
1647.81	0.01003
1646.846	0.01047
1645.881	0.01003
1644.917	0.00959
1643.952	0.00959
1642.988	0.00914
1642.023	0.00914
1641.059	0.00914
1640.094	0.00914
1639.13	0.0087
1638.165	0.0087
1637.201	0.0087
1636.236	0.0087
1635.272	0.0087
1634.307	0.00826
1633.343	0.00825
1632.378	0.00781
1631.414	0.00781
1630.449	0.00781
1629.485	0.00781
1628.52	0.00781
1627.556	0.00737
1626.591	0.00737
1625.627	0.00737
1624.662	0.00737
1623.698	0.00737
1622.733	0.00693
1621.769	0.00693
1620.804	0.00693
1619.84	0.00692
1618.875	0.00692
1617.911	0.00648
1616.946	0.00736
1615.982	0.00692
1615.017	0.00648
1614.053	0.00648
1613.088	0.00648
1612.125	0.00648
1611.16	0.00604
1610.196	0.00604
1609.231	0.00604
1608.267	0.00604
1607.302	0.00604
1606.338	0.00604
1605.373	0.00604
1604.409	0.00604
1603.444	0.00603
1602.48	0.00603
1601.515	0.00603
1600.551	0.00603
1599.586	0.00559
1598.622	0.00559
1597.657	0.00559
1596.693	0.00559
1595.728	0.00559
1594.764	0.00559
1593.799	0.00559
1592.835	0.00559
1591.87	0.00559
1590.906	0.00559
1589.941	0.00515
1588.977	0.00515
1588.012	0.00515
1587.048	0.00515
1586.083	0.00515
1585.119	0.00514
1584.154	0.00514
1583.19	0.00514
1582.225	0.00514
1581.261	0.00514
1580.296	0.00514
1579.332	0.0047
1578.367	0.0047
1577.403	0.0047
1576.438	0.00514
1575.474	0.0047
1574.509	0.0047
1573.545	0.0047
1572.58	0.00426
1571.616	0.0047
1570.651	0.0047
1569.688	0.00469
1568.723	0.00426
1567.759	0.00426
1566.794	0.00425
1565.83	0.00425
1564.865	0.00425
1563.901	0.00425
1562.936	0.00425
1561.972	0.00381
1561.007	0.00425
1560.043	0.00425
1559.078	0.00425
1558.114	0.00425
1557.149	0.00381
1556.185	0.00381
1555.22	0.00381
1554.256	0.00381
1553.291	0.00337
1552.327	0.00337
1551.362	0.00337
1550.398	0.00337
1549.433	0.00337
1548.469	0.00293
1547.504	0.00293
1546.54	0.00293
1545.575	0.00337
1544.611	0.00294
1543.646	0.00294
1542.682	0.00338
1541.717	0.00294
1540.753	0.00338
1539.788	0.00338
1538.824	0.00295
1537.859	0.00251
1536.895	0.00251
1535.93	0.00252
1534.966	0.00252
1534.001	0.00252
1533.037	0.00252
1532.072	0.00209
1531.108	0.00209
1530.143	0.00209
1529.179	0.00209
1528.214	0.00209
1527.251	0.00209
1526.286	0.0021
1525.322	0.0021
1524.357	0.0021
1523.393	0.00166
1522.428	0.00167
1521.464	0.0021
1520.499	0.00167
1519.535	0.00167
1518.57	0.00167
1517.606	0.00167
1516.641	0.00167
1515.677	0.00168
1514.712	0.00168
1513.748	0.00168
1512.783	0.00168
1511.819	0.00125
1510.854	0.00125
1509.89	0.00169
1508.925	0.00169
1507.961	0.00169
1506.996	0.00212
1506.032	0.00213
1505.067	0.00213
1504.103	0.00213
1503.138	0.00213
1502.174	0.00257
1501.209	0.00257
1500.245	0.00301
1499.28	0.00301
1498.316	0.00344
1497.351	0.00345
1496.387	0.00432
1495.422	0.00432
1494.458	0.00476
1493.493	0.00476
1492.529	0.0052
1491.564	0.00608
1490.6	0.00652
1489.635	0.00696
1488.671	0.00784
1487.706	0.00873
1486.742	0.00917
1485.777	0.01006
1484.813	0.01095
1483.848	0.01184
1482.884	0.01273
1481.919	0.01362
1480.956	0.01452
1479.991	0.01542
1479.027	0.01587
1478.062	0.01632
1477.098	0.01677
1476.133	0.01632
1475.169	0.01587
1474.204	0.01543
1473.24	0.01453
1472.275	0.01408
1471.311	0.01319
1470.346	0.01275
1469.382	0.01319
1468.417	0.0132
1467.453	0.01364
1466.488	0.01409
1465.524	0.01499
1464.559	0.01544
1463.595	0.01589
1462.63	0.01634
1461.666	0.01634
1460.701	0.01634
1459.737	0.01589
1458.772	0.01545
1457.808	0.01545
1456.843	0.01545
1455.879	0.015
1454.914	0.015
1453.95	0.0159
1452.985	0.01635
1452.021	0.01725
1451.056	0.0177
1450.092	0.01816
1449.127	0.01816
1448.163	0.01861
1447.198	0.01816
1446.234	0.01726
1445.269	0.01681
1444.305	0.01591
1443.34	0.01502
1442.376	0.01412
1441.411	0.01368
1440.447	0.01323
1439.482	0.01323
1438.519	0.01323
1437.554	0.01368
1436.59	0.01413
1435.625	0.01458
1434.661	0.01458
1433.696	0.01503
1432.732	0.01548
1431.767	0.01593
1430.803	0.01638
1429.838	0.01638
1428.874	0.01638
1427.909	0.01638
1426.945	0.01638
1425.98	0.01638
1425.016	0.01638
1424.051	0.01639
1423.087	0.01594
1422.122	0.01594
1421.158	0.01549
1420.193	0.01549
1419.229	0.01504
1418.264	0.0146
1417.3	0.01415
1416.335	0.0137
1415.371	0.01326
1414.406	0.01281
1413.442	0.01237
1412.477	0.01192
1411.513	0.01148
1410.548	0.01104
1409.584	0.01059
1408.619	0.01015
1407.655	0.00971
1406.69	0.00927
1405.726	0.00883
1404.761	0.00839
1403.797	0.00795
1402.832	0.00751
1401.868	0.00707
1400.903	0.00663
1399.939	0.00663
1398.974	0.00619
1398.01	0.00575
1397.045	0.00532
1396.082	0.00532
1395.117	0.00488
1394.153	0.00488
1393.188	0.00444
1392.224	0.00444
1391.259	0.00401
1390.295	0.00401
1389.33	0.00357
1388.366	0.00357
1387.401	0.00358
1386.437	0.00314
1385.472	0.00314
1384.508	0.00271
1383.543	0.00271
1382.579	0.00271
1381.614	0.00271
1380.65	0.00271
1379.685	0.00271
1378.721	0.00228
1377.756	0.00228
1376.792	0.00228
1375.827	0.00228
1374.863	0.00228
1373.898	0.00228
1372.934	0.00228
1371.969	0.00228
1371.005	0.00185
1370.04	0.00185
1369.076	0.00228
1368.111	0.00229
1367.147	0.00185
1366.182	0.00185
1365.218	0.00185
1364.253	0.00185
1363.289	0.00185
1362.324	0.00185
1361.36	0.00186
1360.395	0.00186
1359.431	0.00186
1358.466	0.00186
1357.502	0.00186
1356.537	0.00186
1355.573	0.00186
1354.608	0.00186
1353.645	0.00186
1352.68	0.00186
1351.716	0.00186
1350.751	0.00186
1349.787	0.00186
1348.822	0.00187
1347.858	0.00187
1346.893	0.00187
1345.929	0.00143
1344.964	0.00143
1344	0.001
1343.035	0.00143
1342.071	0.00144
1341.106	0.00187
1340.142	0.00187
1339.177	0.00187
1338.213	0.00187
1337.248	0.00187
1336.284	0.00187
1335.319	0.00188
1334.355	0.00188
1333.39	0.00188
1332.426	0.00188
1331.461	0.00188
1330.497	0.00188
1329.532	0.00188
1328.568	0.00188
1327.603	0.00188
1326.639	0.00188
1325.674	0.00188
1324.71	0.00188
1323.745	0.00188
1322.781	0.00188
1321.816	0.00188
1320.852	0.00145
1319.887	0.00188
1318.923	0.00188
1317.958	0.00145
1316.994	0.00189
1316.029	0.00145
1315.065	0.00145
1314.1	0.00189
1313.136	0.00145
1312.171	0.00189
1311.208	0.00146
1310.243	0.00189
1309.279	0.00189
1308.314	0.00189
1307.35	0.00189
1306.385	0.00189
1305.421	0.00146
1304.456	0.00146
1303.492	0.00146
1302.527	0.00189
1301.563	0.00146
1300.598	0.00146
1299.634	0.00146
1298.669	0.0019
1297.705	0.00146
1296.74	0.0019
1295.776	0.00189
1294.811	0.00145
1293.847	0.00188
1292.882	0.00187
1291.918	0.00187
1290.953	0.00143
1289.989	0.00186
1289.024	0.00185
1288.06	0.00185
1287.095	0.00184
1286.131	0.00183
1285.166	0.00183
1284.202	0.00182
1283.237	0.00182
1282.273	0.00138
1281.308	0.00181
1280.344	0.0018
1279.379	0.0018
1278.415	0.00179
1277.45	0.00178
1276.486	0.00178
1275.521	0.00134
1274.557	0.00177
1273.592	0.00176
1272.628	0.00132
1271.663	0.00175
1270.699	0.00131
1269.734	0.00174
1268.771	0.00173
1267.806	0.00129
1266.842	0.00172
1265.877	0.00172
1264.913	0.00171
1263.948	0.00171
1262.984	0.0017
1262.019	0.00169
1261.055	0.00169
1260.09	0.00168
1259.126	0.00168
1258.161	0.00167
1257.197	0.00167
1256.232	0.00166
1255.268	0.00165
1254.303	0.00165
1253.339	0.00164
1252.374	0.00164
1251.41	0.00163
1250.445	0.00163
1249.481	0.00162
1248.516	0.00161
1247.552	0.00161
1246.587	0.0016
1245.623	0.0016
1244.658	0.00159
1243.694	0.00158
1242.729	0.00158
1241.765	0.00157
1240.8	0.00157
1239.836	0.00156
1238.871	0.00155
1237.907	0.00155
1236.942	0.00154
1235.978	0.00154
1235.013	6.63196E-4
1234.049	-2.10357E-4
1233.084	0.00152
1232.12	0.00151
1231.155	0.00151
1230.191	0.0015
1229.226	0.0015
1228.262	0.00149
1227.297	0.00148
1226.334	0.00148
1225.369	0.00147
1224.405	0.00147
1223.44	0.00146
1222.476	0.00145
1221.511	0.00101
1220.547	0.00144
1219.582	0.00144
1218.618	9.95688E-4
1217.653	0.00143
1216.689	9.84567E-4
1215.724	9.78999E-4
1214.76	9.72446E-4
1213.795	0.0014
1212.831	0.0014
1211.866	0.00139
1210.902	0.00138
1209.937	0.00138
1208.973	0.00137
1208.008	0.00136
1207.044	0.00136
1206.079	0.00135
1205.115	0.00135
1204.15	0.00134
1203.186	0.00133
1202.221	0.00133
1201.257	0.00132
1200.292	0.00132
1199.328	0.00131
1198.363	0.0013
1197.399	0.0013
1196.434	0.00129
1195.47	0.00129
1194.505	0.00128
1193.541	0.00127
1192.576	0.00127
1191.612	0.00126
1190.647	0.00126
1189.683	0.00125
1188.718	0.00124
1187.754	0.00124
1186.789	0.00123
1185.825	0.00122
1184.86	0.00122
1183.897	0.00121
1182.932	0.00121
1181.968	0.0012
1181.003	0.00119
1180.039	0.00119
1179.074	0.00118
1178.11	0.00118
1177.145	0.00117
1176.181	0.00116
1175.216	0.00116
1174.252	0.00159
1173.287	0.00114
1172.323	0.00114
1171.358	0.00157
1170.394	0.00156
1169.429	0.00156
1168.465	0.00155
1167.5	0.00198
1166.536	0.00197
1165.571	0.00197
1164.607	0.00196
1163.642	0.00195
1162.678	0.00195
1161.713	0.00238
1160.749	0.00237
1159.784	0.00236
1158.82	0.00236
1157.855	0.00192
1156.891	0.00191
1155.926	0.0019
1154.962	0.0019
1153.997	0.00189
1153.033	0.00188
1152.068	0.00188
1151.104	0.00187
1150.139	0.00186
1149.175	0.00186
1148.21	0.00229
1147.246	0.00228
1146.281	0.00227
1145.317	0.00271
1144.352	0.0027
1143.388	0.00313
1142.423	0.00356
1141.459	0.00399
1140.494	0.00442
1139.53	0.00529
1138.565	0.00573
1137.602	0.0066
1136.637	0.00748
1135.673	0.00835
1134.708	0.00923
1133.744	0.01011
1132.779	0.01099
1131.815	0.01188
1130.85	0.01232
1129.886	0.01321
1128.921	0.0141
1127.957	0.01454
1126.992	0.01498
1126.028	0.01542
1125.063	0.01587
1124.099	0.01586
1123.134	0.01585
1122.17	0.0154
1121.205	0.01539
1120.241	0.01449
1119.276	0.01403
1118.312	0.01313
1117.347	0.01223
1116.383	0.01133
1115.418	0.01043
1114.454	0.00954
1113.489	0.0082
1112.525	0.00731
1111.56	0.00643
1110.596	0.00598
1109.631	0.00509
1108.667	0.00421
1107.702	0.00376
1106.738	0.00332
1105.773	0.00288
1104.809	0.00243
1103.844	0.00243
1102.88	0.00198
1101.915	0.00154
1100.951	0.00153
1099.986	0.00153
1099.022	0.00152
1098.057	0.00108
1097.093	0.00107
1096.128	0.00107
1095.165	0.00106
1094.2	0.00105
1093.236	6.10859E-4
1092.271	0.00104
1091.307	0.00103
1090.342	5.91169E-4
1089.378	5.84616E-4
1088.413	5.77048E-4
1087.449	5.70495E-4
1086.484	5.63927E-4
1085.52	5.57374E-4
1084.555	5.50806E-4
1083.591	5.43253E-4
1082.626	5.37685E-4
1081.662	9.61316E-5
1080.697	5.23564E-4
1079.733	5.1701E-4
1078.768	5.10442E-4
1077.804	5.03889E-4
1076.839	4.96321E-4
1075.875	4.89768E-4
1074.91	4.832E-4
1073.946	4.76647E-4
1072.981	4.69079E-4
1072.017	2.85258E-5
1071.052	4.55958E-4
1070.088	4.49405E-4
1069.123	4.41837E-4
1068.159	4.35284E-4
1067.194	4.28715E-4
1066.23	4.22162E-4
1065.265	4.14594E-4
1064.301	4.08041E-4
1063.336	4.01473E-4
1062.372	3.9492E-4
1061.407	3.87352E-4
1060.443	3.80799E-4
1059.478	8.09231E-4
1058.514	8.01678E-4
1057.549	7.9511E-4
1056.585	0.00122
1055.62	0.00122
1054.656	0.00121
1053.691	0.00164
1052.728	0.00207
1051.763	0.0025
1050.799	0.00337
1049.834	0.00424
1048.87	0.00555
1047.905	0.0073
1046.941	0.00951
1045.976	0.01218
1045.012	0.01576
1044.047	0.01983
1043.083	0.02485
1042.118	0.02993
1041.154	0.03555
1040.189	0.04124
1039.225	0.047
1038.26	0.05235
1037.296	0.05728
1036.331	0.06175
1035.367	0.06628
1034.402	0.06983
1033.438	0.07341
1032.473	0.0765
1031.509	0.07857
1030.544	0.08013
1029.58	0.08117
1028.615	0.08116
1027.651	0.08063
1026.686	0.07906
1025.722	0.07749
1024.757	0.07489
1023.793	0.0718
1022.828	0.06923
1021.864	0.06669
1020.899	0.06466
1019.935	0.06314
1018.97	0.06213
1018.006	0.06262
1017.041	0.06312
1016.077	0.06412
1015.112	0.06512
1014.148	0.06562
1013.183	0.06612
1012.219	0.0656
1011.254	0.06459
1010.291	0.06307
1009.326	0.06056
1008.362	0.05657
1007.397	0.05213
1006.433	0.04725
1005.468	0.04194
1004.504	0.03622
1003.539	0.03058
1002.575	0.02547
1001.61	0.02042
1000.646	0.01588
999.6812	0.01228
998.7167	0.00916
997.7522	0.00694
996.7877	0.00516
995.8232	0.00384
994.8586	0.00252
993.8942	0.00164
992.9297	0.00119
991.9652	7.50024E-4
991.0007	3.07463E-4
990.0362	2.99902E-4
989.0717	-1.42658E-4
988.1072	-1.49219E-4
987.1426	-1.56781E-4
986.1782	-1.6434E-4
985.2137	-1.71901E-4
984.2492	-1.79461E-4
983.2847	-1.86022E-4
982.3202	-1.93582E-4
981.3557	-2.01143E-4
980.3912	-2.08703E-4
979.4267	-2.15264E-4
978.4622	-2.22825E-4
977.4977	2.04615E-4
976.5333	1.97056E-4
975.5687	1.89494E-4
974.6042	6.17933E-4
973.6397	6.10373E-4
972.6752	0.00104
971.7107	0.00103
970.7462	0.00146
969.7817	0.00145
968.8173	0.00145
967.8537	0.00188
966.8892	0.00187
965.9247	0.0023
964.9603	0.00273
963.9957	0.00272
963.0312	0.00315
962.0667	0.00358
961.1022	0.00357
960.1376	0.00357
959.1732	0.004
958.2087	0.00443
957.2442	0.00442
956.2797	0.00485
955.3152	0.00529
954.3507	0.00528
953.3862	0.00571
952.4217	0.00615
951.4572	0.00658
950.4927	0.00701
949.5283	0.00701
948.5637	0.00744
947.5992	0.00788
946.6347	0.00831
945.6702	0.00831
944.7057	0.00874
943.7412	0.00918
942.7767	0.00962
941.8123	0.01005
940.8477	0.01049
939.8832	0.01048
938.9187	0.01092
937.9542	0.01136
936.9897	0.0118
936.0252	0.01224
935.0607	0.01268
934.0963	0.01312
933.1317	0.01311
932.1672	0.01356
931.2027	0.014
930.2382	0.01444
929.2737	0.01488
928.3092	0.01533
927.3447	0.01577
926.3802	0.01621
925.4167	0.01666
924.4522	0.0171
923.4877	0.01709
922.5233	0.01799
921.5587	0.01844
920.5942	0.01889
919.6297	0.01888
918.6652	0.01933
917.7007	0.01977
916.7362	0.02022
915.7717	0.02067
914.8073	0.02112
913.8427	0.02157
912.8782	0.02202
911.9137	0.02247
910.9492	0.02292
909.9847	0.02337
909.0202	0.02382
908.0557	0.02428
907.0912	0.02473
906.1266	0.02472
905.1622	0.02564
904.1977	0.02609
903.2332	0.02608
902.2687	0.027
901.3042	0.02699
900.3397	0.02791
899.3752	0.02791
898.4106	0.02836
897.4462	0.02929
896.4817	0.02928
895.5172	0.02974
894.5527	0.0302
893.5882	0.03066
892.6237	0.03112
891.6592	0.03158
890.6946	0.03204
889.7302	0.0325
888.7657	0.03296
887.8012	0.03343
886.8367	0.03342
885.8722	0.03436
884.9077	0.03436
883.9432	0.03483
882.9797	0.0353
882.0152	0.03576
881.0507	0.03623
880.0862	0.03623
879.1216	0.0367
878.1572	0.03717
877.1927	0.03764
876.2282	0.03812
875.2637	0.03859
874.2992	0.03906
873.3347	0.03906
872.3702	0.03953
871.4057	0.04
870.4412	0.04048
869.4767	0.04047
868.5123	0.04095
867.5477	0.04142
866.5832	0.04142
865.6187	0.0419
864.6542	0.04237
863.6896	0.04285
862.7252	0.04285
861.7607	0.04381
860.7962	0.0438
859.8317	0.0438
858.8672	0.04428
857.9027	0.04476
856.9382	0.04475
855.9737	0.04523
855.0092	0.04571
854.0447	0.04571
853.0803	0.04619
852.1157	0.04619
851.1512	0.04667
850.1867	0.04715
849.2222	0.04714
848.2577	0.04763
847.2932	0.04811
846.3287	0.04762
845.3643	0.0481
844.3997	0.04858
843.4352	0.04858
842.4707	0.04906
841.5062	0.04906
840.5427	0.04955
839.5782	0.04954
838.6137	0.04954
837.6492	0.05002
836.6847	0.05002
835.7202	0.0505
834.7557	0.0505
833.7913	0.05099
832.8267	0.05098
831.8622	0.05098
830.8977	0.05147
829.9332	0.05146
828.9687	0.05195
828.0042	0.05194
827.0397	0.05194
826.0753	0.05194
825.1107	0.05193
824.1462	0.05242
823.1817	0.05242
822.2172	0.05241
821.2527	0.0529
820.2882	0.0529
819.3237	0.05289
818.3593	0.05289
817.3947	0.05288
816.4302	0.05337
815.4657	0.05337
814.5012	0.05336
813.5367	0.05336
812.5722	0.05336
811.6077	0.05335
810.6432	0.05384
809.6786	0.05335
808.7142	0.05383
807.7497	0.05383
806.7852	0.05383
805.8207	0.05382
804.8562	0.05382
803.8917	0.05381
802.9272	0.05381
801.9626	0.05381
800.9982	0.0538
800.0337	0.0538
799.0692	0.05379
798.1047	0.05379
797.1402	0.05378
796.1757	0.05378
795.2112	0.05378
794.2477	0.05377
793.2832	0.05377
792.3187	0.05376
791.3542	0.05327
790.3896	0.05376
789.4252	0.05375
788.4607	0.05325
787.4962	0.05325
786.5317	0.05325
785.5672	0.05324
784.6027	0.05324
783.6382	0.05323
782.6736	0.05274
781.7092	0.05273
780.7447	0.05273
779.7802	0.05272
778.8157	0.05272
777.8512	0.05222
776.8867	0.05222
775.9222	0.05221
774.9576	0.05221
773.9932	0.05171
773.0287	0.05171
772.0642	0.05121
771.0997	0.0517
770.1352	0.05121
769.1707	0.0512
768.2062	0.0512
767.2416	0.0507
766.2772	0.0507
765.3127	0.05069
764.3482	0.0502
763.3837	0.05019
762.4192	0.0497
761.4547	0.0497
760.4902	0.0492
759.5257	0.0492
758.5612	0.04919
757.5967	0.0487
756.6323	0.0487
755.6677	0.0482
754.7032	0.0482
753.7387	0.0482
752.7742	0.04771
751.8107	0.0477
750.8462	0.04721
749.8817	0.0472
748.9172	0.04671
747.9527	0.04622
746.9882	0.04622
746.0237	0.04622
745.0593	0.04573
744.0947	0.04524
743.1302	0.04523
742.1657	0.04474
741.2012	0.04426
740.2366	0.04474
739.2722	0.04425
738.3077	0.04376
737.3432	0.04327
736.3787	0.04327
735.4142	0.04278
734.4497	0.0423
733.4852	0.04229
732.5207	0.04181
731.5562	0.0418
730.5917	0.04132
729.6273	0.04083
728.6627	0.04035
727.6982	0.04034
726.7337	0.03986
725.7692	0.03986
724.8047	0.03937
723.8402	0.03889
722.8757	0.03841
721.9113	0.03841
720.9467	0.03792
719.9822	0.03792
719.0177	0.03744
718.0532	0.03696
717.0887	0.03648
716.1242	0.03648
715.1597	0.036
714.1953	0.03552
713.2307	0.03504
712.2662	0.03503
711.3017	0.03456
710.3372	0.03455
709.3737	0.03407
708.4092	0.0336
707.4447	0.03312
706.4802	0.03312
705.5157	0.03264
704.5512	0.03217
703.5867	0.03169
702.6223	0.03122
701.6577	0.03121
700.6932	0.03074
699.7287	0.03074
698.7642	0.03026
697.7997	0.02979
696.8352	0.02932
695.8707	0.02931
694.9063	0.02884
693.9417	0.02837
692.9772	0.02837
692.0127	0.02789
691.0482	0.02742
690.0837	0.02742
689.1192	0.02695
688.1547	0.02648
687.1902	0.02648
686.2256	0.02554
685.2612	0.02554
684.2967	0.02507
683.3322	0.02507
682.3677	0.0246
681.4032	0.02413
680.4387	0.02413
679.4742	0.02366
678.5096	0.02366
677.5452	0.02319
676.5807	0.02273
675.6162	0.02226
674.6517	0.02226
673.6872	0.02179
672.7227	0.02133
671.7582	0.02132
670.7936	0.02086
669.8292	0.02085
668.8647	0.02039
667.9002	0.0213
666.9366	0.01947
665.9722	0.01946
665.0077	0.01946
664.0432	0.01899
663.0787	0.01853
662.1142	0.01853
661.1497	0.01807
660.1852	0.01806
659.2206	0.0176
658.2562	0.01714
657.2917	0.01668
656.3272	0.01713
655.3627	0.01622
654.3982	0.01621
653.4337	0.01576
652.4692	0.0162
651.5047	0.01529
650.5402	0.01529
649.5757	0.01528
648.6113	0.01437
647.6467	0.01482
646.6822	0.01436
645.7177	0.01391
644.7532	0.0139
643.7886	0.0139
642.8242	0.01344
641.8597	0.01299
640.8952	0.01298
639.9307	0.01298
638.9662	0.01252
638.0017	0.01251
637.0372	0.01251
636.0727	0.01206
635.1082	0.01205
634.1437	0.0116
633.1793	0.01159
632.2147	0.01114
631.2502	0.01113
630.2857	0.01068
629.3212	0.01067
628.3567	0.01067
627.3922	0.01022
626.4277	0.01021
625.4633	0.00976
624.4997	0.00975
623.5352	0.0093
622.5707	0.00974
621.6063	0.00929
620.6417	0.00928
619.6772	0.00883
618.7127	0.00927
617.7482	0.00882
616.7837	0.00882
615.8192	0.00837
614.8547	0.00791
613.8903	0.00791
612.9257	0.0079
611.9612	0.0079
610.9967	0.00789
610.0322	0.00744
609.0677	0.00744
608.1032	0.00699
607.1387	0.00698
606.1743	0.00698
605.2097	0.00697
604.2452	0.00652
603.2807	0.00652
602.3162	0.00651
601.3517	0.0065
600.3872	0.00606
599.4227	0.00605
598.4583	0.00604
597.4937	0.0056
596.5292	0.00603
595.5647	0.00558
594.6002	0.00558
593.6357	0.00557
592.6712	0.00557
591.7067	0.00512
590.7422	0.00511
589.7776	0.00511
588.8132	0.0051
587.8487	0.00466
586.8842	0.00465
585.9197	0.0042
584.9552	0.00464
583.9907	0.00463
583.0262	0.00419
582.0627	0.00418
581.0982	0.00373
580.1337	0.00417
579.1693	0.00416
578.2047	0.00416
577.2402	0.00371
576.2757	0.00415
575.3112	0.00326
574.3467	0.00281
573.3822	0.00369
572.4177	0.00368
571.4532	0.00324
570.4886	0.00323
569.5242	0.00278
568.5597	0.00322
567.5952	0.00233
566.6307	0.00233
565.6662	0.0032
564.7017	0.00232
563.7372	0.00231
562.7726	0.0023
561.8082	0.00186
560.8437	0.00185
559.8792	0.00229
558.9147	0.00228
557.9502	0.00184
556.9857	0.00271
556.0212	0.00138
555.0567	0.00138
554.0922	0.00137
553.1277	0.00137
552.1633	0.00136
551.1987	0.00136
550.2342	9.10872E-4
549.2697	9.04707E-4
548.3052	4.60543E-4
547.3406	8.92377E-4
546.3762	4.49213E-4
545.4117	4.43049E-4
544.4472	8.74884E-4
543.4827	-6.2803E-6
542.5182	4.25555E-4
541.5537	-1.86095E-5
540.5892	-4.61774E-4
539.6257	-4.67928E-4
538.6612	-3.60927E-5
537.6967	-4.22573E-5
536.7322	-4.85422E-4
535.7676	-9.28588E-4
534.8032	-9.34751E-4
533.8387	-6.69157E-5
532.8742	-7.20803E-5
531.9097	-5.15245E-4
530.9452	-5.21409E-4
529.9807	-5.27574E-4
529.0162	-0.00141
528.0517	-9.76903E-4
527.0872	-0.00142
526.1227	-9.88232E-4
525.1583	-0.00143
524.1937	-0.00187
523.2292	-0.00144
522.2647	-0.00232
521.3002	-0.00189
520.3357	-0.00233
519.3712	-0.0019
518.4067	-0.00147
517.4423	-0.00235
516.4777	-0.00192
515.5132	-0.00236
514.5487	-0.00324
513.5842	-0.00194
512.6196	-0.00282
511.6552	-0.00326
510.6907	-0.00283
509.7262	-0.0037
508.7617	-0.00154
507.7972	-0.00241
506.8327	-0.00285
505.8682	-0.00416
504.9037	-0.00417
503.9392	-0.00374
502.9747	-0.00288
502.0103	-0.00289
501.0457	-0.00289
500.0812	-0.00377
