4000.123240 0.000164 
3998.956128 0.000146 
3997.789017 0.000287 
3996.621905 0.000297 
3995.454793 0.000306 
3994.287681 0.000398 
3993.120570 0.000469 
3991.953458 0.000547 
3990.786346 0.000569 
3989.619234 0.000527 
3988.452123 0.000503 
3987.285011 0.000599 
3986.117899 0.000592 
3984.950787 0.000552 
3983.783676 0.000578 
3982.616564 0.000629 
3981.449452 0.000675 
3980.282340 0.000680 
3979.115229 0.000584 
3977.948117 0.000560 
3976.781005 0.000499 
3975.613894 0.000458 
3974.446782 0.000466 
3973.279670 0.000428 
3972.112558 0.000353 
3970.945447 0.000351 
3969.778335 0.000313 
3968.611223 0.000241 
3967.444111 0.000211 
3966.277000 0.000187 
3965.109888 0.000187 
3963.942776 0.000146 
3962.775664 0.000081 
3961.608553 0.000096 
3960.441441 0.000105 
3959.274329 0.000057 
3958.107217 0.000018 
3956.940106 -0.000010 
3955.772994 0.000044 
3954.605882 -0.000007 
3953.438771 -0.000102 
3952.271659 -0.000123 
3951.104547 -0.000113 
3949.937435 -0.000065 
3948.770324 -0.000026 
3947.603212 -0.000008 
3946.436100 -0.000070 
3945.268988 -0.000038 
3944.101877 -0.000035 
3942.934765 -0.000016 
3941.767653 -0.000056 
3940.600541 -0.000082 
3939.433430 -0.000011 
3938.266318 0.000018 
3937.099206 -0.000067 
3935.932094 -0.000126 
3934.764983 -0.000116 
3933.597871 -0.000072 
3932.430759 -0.000228 
3931.263648 -0.000144 
3930.096536 -0.000256 
3928.929424 -0.000307 
3927.762312 -0.000258 
3926.595201 -0.000287 
3925.428089 -0.000282 
3924.260977 -0.000324 
3923.093865 -0.000385 
3921.926754 -0.000395 
3920.759642 -0.000439 
3919.592530 -0.000439 
3918.425418 -0.000479 
3917.258307 -0.000491 
3916.091195 -0.000506 
3914.924083 -0.000458 
3913.756971 -0.000428 
3912.589860 -0.000527 
3911.422748 -0.000511 
3910.255636 -0.000586 
3909.088524 -0.000545 
3907.921413 -0.000507 
3906.754301 -0.000515 
3905.587189 -0.000478 
3904.420078 -0.000455 
3903.252966 -0.000498 
3902.085854 -0.000485 
3900.918742 -0.000426 
3899.751631 -0.000413 
3898.584519 -0.000358 
3897.417407 -0.000381 
3896.250295 -0.000375 
3895.083184 -0.000305 
3893.916072 -0.000254 
3892.748960 -0.000174 
3891.581848 -0.000203 
3890.414737 -0.000205 
3889.247625 -0.000189 
3888.080513 -0.000085 
3886.913401 -0.000088 
3885.746290 -0.000013 
3884.579178 0.000008 
3883.412066 0.000000 
3882.244955 -0.000065 
3881.077843 -0.000056 
3879.910731 0.000010 
3878.743619 0.000006 
3877.576508 0.000022 
3876.409396 0.000084 
3875.242284 0.000109 
3874.075172 0.000053 
3872.908061 0.000020 
3871.740949 -0.000038 
3870.573837 0.000013 
3869.406725 0.000016 
3868.239614 0.000044 
3867.072502 0.000021 
3865.905390 0.000016 
3864.738278 0.000109 
3863.571167 0.000155 
3862.404055 0.000064 
3861.236943 0.000084 
3860.069832 0.000078 
3858.902720 0.000145 
3857.735608 0.000119 
3856.568496 0.000118 
3855.401385 0.000155 
3854.234273 0.000169 
3853.067161 0.000212 
3851.900049 0.000223 
3850.732938 0.000209 
3849.565826 0.000206 
3848.398714 0.000177 
3847.231602 0.000149 
3846.064491 0.000128 
3844.897379 0.000116 
3843.730267 0.000133 
3842.563155 0.000138 
3841.396044 0.000059 
3840.228932 0.000032 
3839.061820 -0.000013 
3837.894709 0.000048 
3836.727597 0.000083 
3835.560485 -0.000000 
3834.393373 0.000002 
3833.226262 -0.000022 
3832.059150 -0.000029 
3830.892038 -0.000033 
3829.724926 -0.000056 
3828.557815 -0.000102 
3827.390703 -0.000054 
3826.223591 -0.000050 
3825.056479 -0.000060 
3823.889368 -0.000008 
3822.722256 -0.000015 
3821.555144 0.000027 
3820.388032 0.000080 
3819.220921 0.000149 
3818.053809 0.000054 
3816.886697 -0.000048 
3815.719586 0.000025 
3814.552474 0.000055 
3813.385362 0.000038 
3812.218250 -0.000004 
3811.051139 0.000025 
3809.884027 0.000090 
3808.716915 0.000123 
3807.549803 0.000137 
3806.382692 0.000131 
3805.215580 0.000093 
3804.048468 0.000145 
3802.881356 0.000078 
3801.714245 0.000109 
3800.547133 0.000079 
3799.380021 0.000145 
3798.212909 0.000158 
3797.045798 0.000133 
3795.878686 0.000130 
3794.711574 0.000091 
3793.544463 0.000105 
3792.377351 0.000031 
3791.210239 0.000008 
3790.043127 -0.000066 
3788.876016 -0.000037 
3787.708904 -0.000023 
3786.541792 -0.000011 
3785.374680 -0.000028 
3784.207569 -0.000013 
3783.040457 0.000010 
3781.873345 0.000038 
3780.706233 0.000069 
3779.539122 0.000028 
3778.372010 -0.000002 
3777.204898 -0.000026 
3776.037786 -0.000008 
3774.870675 -0.000067 
3773.703563 -0.000035 
3772.536451 -0.000048 
3771.369339 -0.000027 
3770.202228 -0.000049 
3769.035116 -0.000144 
3767.868004 -0.000128 
3766.700893 -0.000081 
3765.533781 -0.000105 
3764.366669 -0.000077 
3763.199557 -0.000049 
3762.032446 -0.000075 
3760.865334 -0.000079 
3759.698222 -0.000123 
3758.531110 -0.000083 
3757.363999 -0.000065 
3756.196887 -0.000099 
3755.029775 -0.000140 
3753.862663 -0.000110 
3752.695552 -0.000097 
3751.528440 -0.000112 
3750.361328 -0.000089 
3749.194216 -0.000035 
3748.027105 -0.000044 
3746.859993 -0.000051 
3745.692881 0.000002 
3744.525770 -0.000022 
3743.358658 0.000011 
3742.191546 0.000016 
3741.024434 0.000005 
3739.857323 0.000036 
3738.690211 0.000063 
3737.523099 0.000057 
3736.355987 0.000102 
3735.188876 0.000088 
3734.021764 0.000079 
3732.854652 0.000154 
3731.687540 0.000089 
3730.520429 -0.000028 
3729.353317 -0.000011 
3728.186205 -0.000034 
3727.019093 -0.000098 
3725.851982 -0.000057 
3724.684870 -0.000103 
3723.517758 -0.000175 
3722.350647 -0.000193 
3721.183535 -0.000187 
3720.016423 -0.000201 
3718.849311 -0.000184 
3717.682200 -0.000211 
3716.515088 -0.000204 
3715.347976 -0.000285 
3714.180864 -0.000251 
3713.013753 -0.000220 
3711.846641 -0.000221 
3710.679529 -0.000265 
3709.512417 -0.000259 
3708.345306 -0.000312 
3707.178194 -0.000343 
3706.011082 -0.000347 
3704.843970 -0.000337 
3703.676859 -0.000275 
3702.509747 -0.000257 
3701.342635 -0.000252 
3700.175524 -0.000206 
3699.008412 -0.000243 
3697.841300 -0.000226 
3696.674188 -0.000153 
3695.507077 -0.000155 
3694.339965 -0.000134 
3693.172853 -0.000134 
3692.005741 -0.000106 
3690.838630 -0.000062 
3689.671518 -0.000109 
3688.504406 -0.000115 
3687.337294 -0.000048 
3686.170183 -0.000030 
3685.003071 0.000007 
3683.835959 0.000027 
3682.668847 0.000005 
3681.501736 -0.000027 
3680.334624 -0.000053 
3679.167512 -0.000035 
3678.000401 -0.000083 
3676.833289 -0.000125 
3675.666177 -0.000121 
3674.499065 -0.000142 
3673.331954 -0.000183 
3672.164842 -0.000168 
3670.997730 -0.000101 
3669.830618 -0.000152 
3668.663507 -0.000195 
3667.496395 -0.000188 
3666.329283 -0.000162 
3665.162171 -0.000203 
3663.995060 -0.000192 
3662.827948 -0.000194 
3661.660836 -0.000158 
3660.493724 -0.000123 
3659.326613 -0.000081 
3658.159501 -0.000096 
3656.992389 -0.000077 
3655.825278 -0.000033 
3654.658166 -0.000041 
3653.491054 -0.000069 
3652.323942 -0.000035 
3651.156831 0.000061 
3649.989719 0.000010 
3648.822607 -0.000012 
3647.655495 -0.000024 
3646.488384 -0.000018 
3645.321272 0.000006 
3644.154160 0.000019 
3642.987048 0.000059 
3641.819937 0.000071 
3640.652825 0.000038 
3639.485713 0.000070 
3638.318601 0.000123 
3637.151490 0.000121 
3635.984378 0.000103 
3634.817266 0.000142 
3633.650155 0.000193 
3632.483043 0.000185 
3631.315931 0.000207 
3630.148819 0.000225 
3628.981708 0.000265 
3627.814596 0.000271 
3626.647484 0.000300 
3625.480372 0.000289 
3624.313261 0.000323 
3623.146149 0.000316 
3621.979037 0.000404 
3620.811925 0.000437 
3619.644814 0.000452 
3618.477702 0.000509 
3617.310590 0.000563 
3616.143478 0.000575 
3614.976367 0.000659 
3613.809255 0.000685 
3612.642143 0.000777 
3611.475031 0.000904 
3610.307920 0.000997 
3609.140808 0.001002 
3607.973696 0.001057 
3606.806585 0.001133 
3605.639473 0.001169 
3604.472361 0.001202 
3603.305249 0.001258 
3602.138138 0.001328 
3600.971026 0.001396 
3599.803914 0.001466 
3598.636802 0.001555 
3597.469691 0.001620 
3596.302579 0.001673 
3595.135467 0.001760 
3593.968355 0.001851 
3592.801244 0.001921 
3591.634132 0.001976 
3590.467020 0.001936 
3589.299908 0.002073 
3588.132797 0.002200 
3586.965685 0.002268 
3585.798573 0.002353 
3584.631462 0.002445 
3583.464350 0.002471 
3582.297238 0.002545 
3581.130126 0.002706 
3579.963015 0.002722 
3578.795903 0.002793 
3577.628791 0.002889 
3576.461679 0.003020 
3575.294568 0.003173 
3574.127456 0.003292 
3572.960344 0.003336 
3571.793232 0.003465 
3570.626121 0.003620 
3569.459009 0.003800 
3568.291897 0.003885 
3567.124785 0.004009 
3565.957674 0.004185 
3564.790562 0.004308 
3563.623450 0.004425 
3562.456339 0.004517 
3561.289227 0.004661 
3560.122115 0.004810 
3558.955003 0.004883 
3557.787892 0.004947 
3556.620780 0.005085 
3555.453668 0.005170 
3554.286556 0.005309 
3553.119445 0.005374 
3551.952333 0.005510 
3550.785221 0.005521 
3549.618109 0.005599 
3548.450998 0.005692 
3547.283886 0.005724 
3546.116774 0.005735 
3544.949662 0.005787 
3543.782551 0.005753 
3542.615439 0.005790 
3541.448327 0.005806 
3540.281216 0.005744 
3539.114104 0.005719 
3537.946992 0.005741 
3536.779880 0.005708 
3535.612769 0.005556 
3534.445657 0.005537 
3533.278545 0.005467 
3532.111433 0.005360 
3530.944322 0.005322 
3529.777210 0.005266 
3528.610098 0.005086 
3527.442986 0.004996 
3526.275875 0.004898 
3525.108763 0.004828 
3523.941651 0.004670 
3522.774539 0.004509 
3521.607428 0.004454 
3520.440316 0.004339 
3519.273204 0.004171 
3518.106093 0.004030 
3516.938981 0.003866 
3515.771869 0.003685 
3514.604757 0.003551 
3513.437646 0.003339 
3512.270534 0.003186 
3511.103422 0.003035 
3509.936310 0.002953 
3508.769199 0.002865 
3507.602087 0.002752 
3506.434975 0.002677 
3505.267863 0.002615 
3504.100752 0.002591 
3502.933640 0.002563 
3501.766528 0.002586 
3500.599416 0.002691 
3499.432305 0.002681 
3498.265193 0.002686 
3497.098081 0.002819 
3495.930970 0.002847 
3494.763858 0.002940 
3493.596746 0.003064 
3492.429634 0.003150 
3491.262523 0.003243 
3490.095411 0.003303 
3488.928299 0.003411 
3487.761187 0.003553 
3486.594076 0.003684 
3485.426964 0.003705 
3484.259852 0.003788 
3483.092740 0.003896 
3481.925629 0.003972 
3480.758517 0.003929 
3479.591405 0.003936 
3478.424293 0.003993 
3477.257182 0.004058 
3476.090070 0.004093 
3474.922958 0.004054 
3473.755847 0.004104 
3472.588735 0.004130 
3471.421623 0.004198 
3470.254511 0.004235 
3469.087400 0.004335 
3467.920288 0.004437 
3466.753176 0.004454 
3465.586064 0.004410 
3464.418953 0.004328 
3463.251841 0.004230 
3462.084729 0.004074 
3460.917617 0.003936 
3459.750506 0.003815 
3458.583394 0.003686 
3457.416282 0.003603 
3456.249170 0.003530 
3455.082059 0.003529 
3453.914947 0.003452 
3452.747835 0.003408 
3451.580723 0.003457 
3450.413612 0.003456 
3449.246500 0.003458 
3448.079388 0.003524 
3446.912277 0.003674 
3445.745165 0.003755 
3444.578053 0.004010 
3443.410941 0.004256 
3442.243830 0.004522 
3441.076718 0.004841 
3439.909606 0.005210 
3438.742494 0.005572 
3437.575383 0.006077 
3436.408271 0.006638 
3435.241159 0.007241 
3434.074047 0.007834 
3432.906936 0.008653 
3431.739824 0.009532 
3430.572712 0.010416 
3429.405600 0.011411 
3428.238489 0.012459 
3427.071377 0.013629 
3425.904265 0.014806 
3424.737154 0.016023 
3423.570042 0.017206 
3422.402930 0.018314 
3421.235818 0.019271 
3420.068707 0.020089 
3418.901595 0.020624 
3417.734483 0.020792 
3416.567371 0.020656 
3415.400260 0.020149 
3414.233148 0.019239 
3413.066036 0.018050 
3411.898924 0.016550 
3410.731813 0.014912 
3409.564701 0.013185 
3408.397589 0.011410 
3407.230477 0.009760 
3406.063366 0.008142 
3404.896254 0.006770 
3403.729142 0.005498 
3402.562031 0.004431 
3401.394919 0.003539 
3400.227807 0.002784 
3399.060695 0.002106 
3397.893584 0.001638 
3396.726472 0.001277 
3395.559360 0.000955 
3394.392248 0.000722 
3393.225137 0.000525 
3392.058025 0.000334 
3390.890913 0.000255 
3389.723801 0.000229 
3388.556690 0.000178 
3387.389578 0.000144 
3386.222466 0.000018 
3385.055354 -0.000031 
3383.888243 -0.000010 
3382.721131 0.000010 
3381.554019 0.000022 
3380.386908 -0.000013 
3379.219796 -0.000045 
3378.052684 -0.000016 
3376.885572 -0.000006 
3375.718461 -0.000018 
3374.551349 0.000074 
3373.384237 0.000104 
3372.217125 0.000097 
3371.050014 0.000094 
3369.882902 0.000163 
3368.715790 0.000180 
3367.548678 0.000214 
3366.381567 0.000241 
3365.214455 0.000287 
3364.047343 0.000254 
3362.880231 0.000302 
3361.713120 0.000364 
3360.546008 0.000431 
3359.378896 0.000445 
3358.211785 0.000412 
3357.044673 0.000445 
3355.877561 0.000482 
3354.710449 0.000439 
3353.543338 0.000419 
3352.376226 0.000474 
3351.209114 0.000514 
3350.042002 0.000528 
3348.874891 0.000501 
3347.707779 0.000520 
3346.540667 0.000530 
3345.373555 0.000501 
3344.206444 0.000455 
3343.039332 0.000445 
3341.872220 0.000475 
3340.705108 0.000472 
3339.537997 0.000437 
3338.370885 0.000378 
3337.203773 0.000358 
3336.036662 0.000304 
3334.869550 0.000256 
3333.702438 0.000212 
3332.535326 0.000243 
3331.368215 0.000163 
3330.201103 0.000180 
3329.033991 0.000107 
3327.866879 0.000115 
3326.699768 0.000138 
3325.532656 0.000042 
3324.365544 0.000007 
3323.198432 0.000087 
3322.031321 0.000078 
3320.864209 0.000056 
3319.697097 0.000051 
3318.529985 -0.000009 
3317.362874 -0.000005 
3316.195762 0.000020 
3315.028650 0.000026 
3313.861538 0.000031 
3312.694427 0.000050 
3311.527315 0.000016 
3310.360203 0.000028 
3309.193092 0.000038 
3308.025980 0.000057 
3306.858868 0.000043 
3305.691756 0.000068 
3304.524645 0.000053 
3303.357533 0.000108 
3302.190421 0.000084 
3301.023309 0.000062 
3299.856198 0.000112 
3298.689086 0.000062 
3297.521974 0.000071 
3296.354862 0.000062 
3295.187751 0.000105 
3294.020639 0.000110 
3292.853527 0.000110 
3291.686415 0.000144 
3290.519304 0.000144 
3289.352192 0.000132 
3288.185080 0.000136 
3287.017969 0.000163 
3285.850857 0.000184 
3284.683745 0.000174 
3283.516633 0.000146 
3282.349522 0.000094 
3281.182410 0.000125 
3280.015298 0.000154 
3278.848186 0.000131 
3277.681075 0.000117 
3276.513963 0.000144 
3275.346851 0.000134 
3274.179739 0.000130 
3273.012628 0.000142 
3271.845516 0.000075 
3270.678404 0.000085 
3269.511292 0.000094 
3268.344181 0.000097 
3267.177069 0.000086 
3266.009957 0.000100 
3264.842846 0.000098 
3263.675734 0.000084 
3262.508622 0.000007 
3261.341510 -0.000002 
3260.174399 0.000002 
3259.007287 -0.000016 
3257.840175 -0.000040 
3256.673063 -0.000094 
3255.505952 -0.000088 
3254.338840 -0.000064 
3253.171728 -0.000075 
3252.004616 -0.000095 
3250.837505 -0.000081 
3249.670393 -0.000088 
3248.503281 -0.000107 
3247.336169 -0.000122 
3246.169058 -0.000139 
3245.001946 -0.000130 
3243.834834 -0.000151 
3242.667723 -0.000144 
3241.500611 -0.000114 
3240.333499 -0.000099 
3239.166387 -0.000120 
3237.999276 -0.000155 
3236.832164 -0.000145 
3235.665052 -0.000100 
3234.497940 -0.000111 
3233.330829 -0.000156 
3232.163717 -0.000145 
3230.996605 -0.000087 
3229.829493 -0.000102 
3228.662382 -0.000120 
3227.495270 -0.000142 
3226.328158 -0.000120 
3225.161046 -0.000071 
3223.993935 -0.000117 
3222.826823 -0.000106 
3221.659711 -0.000067 
3220.492600 -0.000014 
3219.325488 -0.000078 
3218.158376 -0.000031 
3216.991264 -0.000049 
3215.824153 -0.000072 
3214.657041 -0.000016 
3213.489929 0.000002 
3212.322817 0.000005 
3211.155706 -0.000015 
3209.988594 -0.000042 
3208.821482 -0.000025 
3207.654370 0.000021 
3206.487259 0.000003 
3205.320147 0.000023 
3204.153035 0.000004 
3202.985923 0.000011 
3201.818812 -0.000013 
3200.651700 -0.000001 
3199.484588 -0.000049 
3198.317477 -0.000011 
3197.150365 0.000041 
3195.983253 0.000053 
3194.816141 0.000022 
3193.649030 0.000019 
3192.481918 -0.000054 
3191.314806 -0.000045 
3190.147694 -0.000014 
3188.980583 -0.000011 
3187.813471 -0.000013 
3186.646359 -0.000017 
3185.479247 -0.000006 
3184.312136 0.000025 
3183.145024 0.000007 
3181.977912 -0.000007 
3180.810800 0.000019 
3179.643689 -0.000025 
3178.476577 -0.000005 
3177.309465 0.000021 
3176.142354 0.000080 
3174.975242 0.000004 
3173.808130 0.000029 
3172.641018 0.000049 
3171.473907 -0.000029 
3170.306795 0.000032 
3169.139683 0.000049 
3167.972571 0.000054 
3166.805460 0.000077 
3165.638348 0.000101 
3164.471236 0.000112 
3163.304124 0.000123 
3162.137013 0.000137 
3160.969901 0.000119 
3159.802789 0.000075 
3158.635677 0.000128 
3157.468566 0.000128 
3156.301454 0.000133 
3155.134342 0.000135 
3153.967230 0.000121 
3152.800119 0.000107 
3151.633007 0.000074 
3150.465895 0.000048 
3149.298784 0.000067 
3148.131672 0.000096 
3146.964560 0.000055 
3145.797448 0.000000 
3144.630337 -0.000019 
3143.463225 0.000008 
3142.296113 -0.000017 
3141.129001 -0.000040 
3139.961890 0.000025 
3138.794778 0.000054 
3137.627666 0.000062 
3136.460554 0.000123 
3135.293443 0.000206 
3134.126331 0.000295 
3132.959219 0.000418 
3131.792107 0.000529 
3130.624996 0.000670 
3129.457884 0.000840 
3128.290772 0.001007 
3127.123661 0.001165 
3125.956549 0.001311 
3124.789437 0.001440 
3123.622325 0.001516 
3122.455214 0.001591 
3121.288102 0.001641 
3120.120990 0.001638 
3118.953878 0.001617 
3117.786767 0.001524 
3116.619655 0.001418 
3115.452543 0.001341 
3114.285431 0.001199 
3113.118320 0.001036 
3111.951208 0.000877 
3110.784096 0.000834 
3109.616984 0.000720 
3108.449873 0.000634 
3107.282761 0.000573 
3106.115649 0.000469 
3104.948538 0.000368 
3103.781426 0.000389 
3102.614314 0.000367 
3101.447202 0.000313 
3100.280091 0.000274 
3099.112979 0.000206 
3097.945867 0.000128 
3096.778755 0.000047 
3095.611644 -0.000032 
3094.444532 -0.000073 
3093.277420 -0.000101 
3092.110308 -0.000221 
3090.943197 -0.000314 
3089.776085 -0.000383 
3088.608973 -0.000430 
3087.441861 -0.000437 
3086.274750 -0.000474 
3085.107638 -0.000518 
3083.940526 -0.000496 
3082.773415 -0.000465 
3081.606303 -0.000476 
3080.439191 -0.000512 
3079.272079 -0.000479 
3078.104968 -0.000443 
3076.937856 -0.000402 
3075.770744 -0.000364 
3074.603632 -0.000368 
3073.436521 -0.000313 
3072.269409 -0.000235 
3071.102297 -0.000153 
3069.935185 -0.000117 
3068.768074 -0.000054 
3067.600962 -0.000022 
3066.433850 -0.000056 
3065.266738 -0.000004 
3064.099627 0.000035 
3062.932515 0.000060 
3061.765403 0.000050 
3060.598292 0.000066 
3059.431180 0.000088 
3058.264068 0.000065 
3057.096956 0.000016 
3055.929845 -0.000003 
3054.762733 -0.000032 
3053.595621 -0.000035 
3052.428509 -0.000105 
3051.261398 -0.000075 
3050.094286 -0.000110 
3048.927174 -0.000169 
3047.760062 -0.000190 
3046.592951 -0.000177 
3045.425839 -0.000173 
3044.258727 -0.000182 
3043.091615 -0.000210 
3041.924504 -0.000201 
3040.757392 -0.000168 
3039.590280 -0.000150 
3038.423169 -0.000142 
3037.256057 -0.000114 
3036.088945 -0.000130 
3034.921833 -0.000115 
3033.754722 -0.000080 
3032.587610 -0.000059 
3031.420498 -0.000048 
3030.253386 0.000021 
3029.086275 0.000086 
3027.919163 0.000178 
3026.752051 0.000309 
3025.584939 0.000489 
3024.417828 0.000720 
3023.250716 0.001114 
3022.083604 0.001563 
3020.916492 0.002217 
3019.749381 0.003094 
3018.582269 0.004168 
3017.415157 0.005635 
3016.248046 0.007482 
3015.080934 0.009817 
3013.913822 0.012671 
3012.746710 0.015896 
3011.579599 0.019663 
3010.412487 0.023858 
3009.245375 0.028407 
3008.078263 0.033099 
3006.911152 0.037710 
3005.744040 0.041774 
3004.576928 0.044807 
3003.409816 0.046331 
3002.242705 0.046176 
3001.075593 0.044367 
2999.908481 0.041242 
2998.741369 0.037232 
2997.574258 0.032639 
2996.407146 0.027776 
2995.240034 0.023072 
2994.072922 0.018732 
2992.905811 0.014912 
2991.738699 0.011665 
2990.571587 0.008968 
2989.404476 0.006875 
2988.237364 0.005382 
2987.070252 0.004290 
2985.903140 0.003523 
2984.736029 0.003073 
2983.568917 0.002931 
2982.401805 0.002878 
2981.234693 0.003097 
2980.067582 0.003472 
2978.900470 0.003970 
2977.733358 0.004624 
2976.566246 0.005405 
2975.399135 0.006361 
2974.232023 0.007496 
2973.064911 0.008727 
2971.897799 0.009974 
2970.730688 0.011210 
2969.563576 0.012382 
2968.396464 0.013445 
2967.229353 0.014269 
2966.062241 0.014790 
2964.895129 0.015034 
2963.728017 0.014975 
2962.560906 0.014618 
2961.393794 0.014027 
2960.226682 0.013212 
2959.059570 0.012163 
2957.892459 0.010929 
2956.725347 0.009723 
2955.558235 0.008463 
2954.391123 0.007185 
2953.224012 0.005994 
2952.056900 0.004927 
2950.889788 0.003935 
2949.722676 0.003093 
2948.555565 0.002401 
2947.388453 0.001809 
2946.221341 0.001297 
2945.054230 0.000929 
2943.887118 0.000690 
2942.720006 0.000458 
2941.552894 0.000286 
2940.385783 0.000146 
2939.218671 0.000045 
2938.051559 -0.000049 
2936.884447 -0.000080 
2935.717336 -0.000064 
2934.550224 -0.000056 
2933.383112 0.000076 
2932.216000 0.000265 
2931.048889 0.000592 
2929.881777 0.001099 
2928.714665 0.001860 
2927.547553 0.002969 
2926.380442 0.004517 
2925.213330 0.006559 
2924.046218 0.009116 
2922.879107 0.012092 
2921.711995 0.015217 
2920.544883 0.018180 
2919.377771 0.020718 
2918.210660 0.022426 
2917.043548 0.023106 
2915.876436 0.022776 
2914.709324 0.021437 
2913.542213 0.019371 
2912.375101 0.016944 
2911.207989 0.014281 
2910.040877 0.011716 
2908.873766 0.009375 
2907.706654 0.007392 
2906.539542 0.005884 
2905.372430 0.004800 
2904.205319 0.004134 
2903.038207 0.003820 
2901.871095 0.003795 
2900.703984 0.004021 
2899.536872 0.004369 
2898.369760 0.004998 
2897.202648 0.005787 
2896.035537 0.006769 
2894.868425 0.007912 
2893.701313 0.009276 
2892.534201 0.010833 
2891.367090 0.012635 
2890.199978 0.014653 
2889.032866 0.016921 
2887.865754 0.019427 
2886.698643 0.022134 
2885.531531 0.025156 
2884.364419 0.028374 
2883.197307 0.031784 
2882.030196 0.035400 
2880.863084 0.039250 
2879.695972 0.043240 
2878.528861 0.047450 
2877.361749 0.051689 
2876.194637 0.056082 
2875.027525 0.060506 
2873.860414 0.065017 
2872.693302 0.069494 
2871.526190 0.073960 
2870.359078 0.078405 
2869.191967 0.082792 
2868.024855 0.086998 
2866.857743 0.090979 
2865.690631 0.094692 
2864.523520 0.098183 
2863.356408 0.101246 
2862.189296 0.103851 
2861.022184 0.105853 
2859.855073 0.107175 
2858.687961 0.107904 
2857.520849 0.107879 
2856.353737 0.106974 
2855.186626 0.105287 
2854.019514 0.102829 
2852.852402 0.099644 
2851.685291 0.095907 
2850.518179 0.091559 
2849.351067 0.086920 
2848.183955 0.082103 
2847.016844 0.077320 
2845.849732 0.072666 
2844.682620 0.068283 
2843.515508 0.064462 
2842.348397 0.061151 
2841.181285 0.058423 
2840.014173 0.056223 
2838.847061 0.054505 
2837.679950 0.053227 
2836.512838 0.052246 
2835.345726 0.051415 
2834.178614 0.050690 
2833.011503 0.050008 
2831.844391 0.049295 
2830.677279 0.048553 
2829.510168 0.047625 
2828.343056 0.046603 
2827.175944 0.045473 
2826.008832 0.044189 
2824.841721 0.042734 
2823.674609 0.041119 
2822.507497 0.039303 
2821.340385 0.037406 
2820.173274 0.035312 
2819.006162 0.033220 
2817.839050 0.031025 
2816.671938 0.028869 
2815.504827 0.026775 
2814.337715 0.024831 
2813.170603 0.023010 
2812.003491 0.021403 
2810.836380 0.019936 
2809.669268 0.018634 
2808.502156 0.017515 
2807.335045 0.016593 
2806.167933 0.015788 
2805.000821 0.015141 
2803.833709 0.014651 
2802.666598 0.014266 
2801.499486 0.013972 
2800.332374 0.013710 
2799.165262 0.013516 
2797.998151 0.013380 
2796.831039 0.013283 
2795.663927 0.013224 
2794.496815 0.013228 
2793.329704 0.013234 
2792.162592 0.013334 
2790.995480 0.013524 
2789.828368 0.013801 
2788.661257 0.014269 
2787.494145 0.014843 
2786.327033 0.015610 
2785.159922 0.016553 
2783.992810 0.017660 
2782.825698 0.019038 
2781.658586 0.020676 
2780.491475 0.022582 
2779.324363 0.024687 
2778.157251 0.027076 
2776.990139 0.029666 
2775.823028 0.032631 
2774.655916 0.035854 
2773.488804 0.039254 
2772.321692 0.042898 
2771.154581 0.046724 
2769.987469 0.050630 
2768.820357 0.054575 
2767.653245 0.058500 
2766.486134 0.062254 
2765.319022 0.065774 
2764.151910 0.068937 
2762.984799 0.071628 
2761.817687 0.073691 
2760.650575 0.075038 
2759.483463 0.075664 
2758.316352 0.075436 
2757.149240 0.074492 
2755.982128 0.072800 
2754.815016 0.070523 
2753.647905 0.067773 
2752.480793 0.064826 
2751.313681 0.061822 
2750.146569 0.058902 
2748.979458 0.056276 
2747.812346 0.053948 
2746.645234 0.051958 
2745.478122 0.050310 
2744.311011 0.049013 
2743.143899 0.047968 
2741.976787 0.047078 
2740.809676 0.046301 
2739.642564 0.045527 
2738.475452 0.044774 
2737.308340 0.043983 
2736.141229 0.043066 
2734.974117 0.041988 
2733.807005 0.040802 
2732.639893 0.039337 
2731.472782 0.037583 
2730.305670 0.035528 
2729.138558 0.033177 
2727.971446 0.030385 
2726.804335 0.027402 
2725.637223 0.024202 
2724.470111 0.020935 
2723.302999 0.017751 
2722.135888 0.014793 
2720.968776 0.012104 
2719.801664 0.009814 
2718.634553 0.007870 
2717.467441 0.006378 
2716.300329 0.005212 
2715.133217 0.004305 
2713.966106 0.003638 
2712.798994 0.003186 
2711.631882 0.002835 
2710.464770 0.002578 
2709.297659 0.002396 
2708.130547 0.002261 
2706.963435 0.002190 
2705.796323 0.002133 
2704.629212 0.002045 
2703.462100 0.001999 
2702.294988 0.001977 
2701.127876 0.001942 
2699.960765 0.001933 
2698.793653 0.001904 
2697.626541 0.001872 
2696.459429 0.001916 
2695.292318 0.001921 
2694.125206 0.001929 
2692.958094 0.001976 
2691.790983 0.001957 
2690.623871 0.001956 
2689.456759 0.001990 
2688.289647 0.002029 
2687.122536 0.002061 
2685.955424 0.002041 
2684.788312 0.002034 
2683.621200 0.002028 
2682.454089 0.001997 
2681.286977 0.001976 
2680.119865 0.001921 
2678.952753 0.001866 
2677.785642 0.001779 
2676.618530 0.001678 
2675.451418 0.001633 
2674.284306 0.001548 
2673.117195 0.001426 
2671.950083 0.001329 
2670.782971 0.001255 
2669.615860 0.001151 
2668.448748 0.001076 
2667.281636 0.001040 
2666.114524 0.000986 
2664.947413 0.000931 
2663.780301 0.000887 
2662.613189 0.000814 
2661.446077 0.000800 
2660.278966 0.000763 
2659.111854 0.000725 
2657.944742 0.000713 
2656.777630 0.000672 
2655.610519 0.000619 
2654.443407 0.000618 
2653.276295 0.000566 
2652.109183 0.000533 
2650.942072 0.000524 
2649.774960 0.000476 
2648.607848 0.000418 
2647.440737 0.000406 
2646.273625 0.000369 
2645.106513 0.000313 
2643.939401 0.000270 
2642.772290 0.000231 
2641.605178 0.000208 
2640.438066 0.000180 
2639.270954 0.000190 
2638.103843 0.000123 
2636.936731 0.000056 
2635.769619 0.000040 
2634.602507 0.000014 
2633.435396 -0.000015 
2632.268284 -0.000044 
2631.101172 -0.000056 
2629.934060 -0.000037 
2628.766949 -0.000010 
2627.599837 -0.000019 
2626.432725 -0.000002 
2625.265614 0.000006 
2624.098502 -0.000005 
2622.931390 -0.000002 
2621.764278 0.000046 
2620.597167 0.000080 
2619.430055 0.000144 
2618.262943 0.000201 
2617.095831 0.000257 
2615.928720 0.000289 
2614.761608 0.000366 
2613.594496 0.000457 
2612.427384 0.000570 
2611.260273 0.000691 
2610.093161 0.000789 
2608.926049 0.000875 
2607.758937 0.000999 
2606.591826 0.001131 
2605.424714 0.001304 
2604.257602 0.001450 
2603.090491 0.001594 
2601.923379 0.001760 
2600.756267 0.001912 
2599.589155 0.002039 
2598.422044 0.002159 
2597.254932 0.002273 
2596.087820 0.002360 
2594.920708 0.002401 
2593.753597 0.002417 
2592.586485 0.002359 
2591.419373 0.002213 
2590.252261 0.002115 
2589.085150 0.001955 
2587.918038 0.001716 
2586.750926 0.001496 
2585.583814 0.001213 
2584.416703 0.000997 
2583.249591 0.000764 
2582.082479 0.000571 
2580.915368 0.000384 
2579.748256 0.000221 
2578.581144 0.000080 
2577.414032 -0.000008 
2576.246921 -0.000085 
2575.079809 -0.000115 
2573.912697 -0.000100 
2572.745585 -0.000070 
2571.578474 -0.000097 
2570.411362 -0.000081 
2569.244250 -0.000039 
2568.077138 -0.000018 
2566.910027 0.000070 
2565.742915 0.000129 
2564.575803 0.000218 
2563.408691 0.000297 
2562.241580 0.000403 
2561.074468 0.000485 
2559.907356 0.000579 
2558.740245 0.000694 
2557.573133 0.000769 
2556.406021 0.000862 
2555.238909 0.000969 
2554.071798 0.001052 
2552.904686 0.001139 
2551.737574 0.001215 
2550.570462 0.001298 
2549.403351 0.001348 
2548.236239 0.001357 
2547.069127 0.001366 
2545.902015 0.001383 
2544.734904 0.001394 
2543.567792 0.001345 
2542.400680 0.001303 
2541.233568 0.001268 
2540.066457 0.001226 
2538.899345 0.001208 
2537.732233 0.001192 
2536.565121 0.001186 
2535.398010 0.001160 
2534.230898 0.001154 
2533.063786 0.001154 
2531.896675 0.001170 
2530.729563 0.001132 
2529.562451 0.001072 
2528.395339 0.001018 
2527.228228 0.000969 
2526.061116 0.000886 
2524.894004 0.000781 
2523.726892 0.000693 
2522.559781 0.000610 
2521.392669 0.000519 
2520.225557 0.000416 
2519.058445 0.000343 
2517.891334 0.000283 
2516.724222 0.000190 
2515.557110 0.000107 
2514.389998 0.000099 
2513.222887 0.000057 
2512.055775 0.000016 
2510.888663 -0.000046 
2509.721552 -0.000038 
2508.554440 -0.000033 
2507.387328 0.000009 
2506.220216 0.000001 
2505.053105 0.000024 
2503.885993 0.000072 
2502.718881 0.000096 
2501.551769 0.000147 
2500.384658 0.000206 
2499.217546 0.000268 
2498.050434 0.000331 
2496.883322 0.000388 
2495.716211 0.000446 
2494.549099 0.000516 
2493.381987 0.000530 
2492.214875 0.000586 
2491.047764 0.000625 
2489.880652 0.000646 
2488.713540 0.000707 
2487.546429 0.000729 
2486.379317 0.000745 
2485.212205 0.000790 
2484.045093 0.000859 
2482.877982 0.000938 
2481.710870 0.001010 
2480.543758 0.001089 
2479.376646 0.001202 
2478.209535 0.001347 
2477.042423 0.001502 
2475.875311 0.001680 
2474.708199 0.001903 
2473.541088 0.002103 
2472.373976 0.002334 
2471.206864 0.002545 
2470.039752 0.002742 
2468.872641 0.002928 
2467.705529 0.003106 
2466.538417 0.003226 
2465.371306 0.003331 
2464.204194 0.003382 
2463.037082 0.003392 
2461.869970 0.003370 
2460.702859 0.003269 
2459.535747 0.003143 
2458.368635 0.002942 
2457.201523 0.002726 
2456.034412 0.002453 
2454.867300 0.002176 
2453.700188 0.001910 
2452.533076 0.001646 
2451.365965 0.001381 
2450.198853 0.001186 
2449.031741 0.000967 
2447.864629 0.000821 
2446.697518 0.000684 
2445.530406 0.000534 
2444.363294 0.000402 
2443.196183 0.000298 
2442.029071 0.000213 
2440.861959 0.000139 
2439.694847 0.000092 
2438.527736 0.000048 
2437.360624 0.000012 
2436.193512 -0.000014 
2435.026400 -0.000048 
2433.859289 -0.000035 
2432.692177 -0.000025 
2431.525065 -0.000042 
2430.357953 -0.000037 
2429.190842 -0.000029 
2428.023730 -0.000000 
2426.856618 -0.000010 
2425.689506 -0.000017 
2424.522395 -0.000008 
2423.355283 -0.000027 
2422.188171 -0.000030 
2421.021060 -0.000002 
2419.853948 -0.000014 
2418.686836 -0.000003 
2417.519724 0.000027 
2416.352613 0.000036 
2415.185501 0.000021 
2414.018389 0.000004 
2412.851277 0.000011 
2411.684166 0.000013 
2410.517054 0.000005 
2409.349942 0.000039 
2408.182830 0.000039 
2407.015719 0.000030 
2405.848607 0.000026 
2404.681495 0.000013 
2403.514383 -0.000011 
2402.347272 -0.000009 
2401.180160 0.000015 
2400.013048 0.000026 
2398.845936 0.000006 
2397.678825 -0.000018 
2396.511713 0.000009 
2395.344601 -0.000002 
2394.177490 -0.000023 
2393.010378 0.000002 
2391.843266 -0.000009 
2390.676154 -0.000000 
2389.509043 -0.000009 
2388.341931 -0.000015 
2387.174819 0.000008 
2386.007707 -0.000032 
2384.840596 -0.000044 
2383.673484 -0.000037 
2382.506372 -0.000034 
2381.339260 -0.000058 
2380.172149 -0.000060 
2379.005037 -0.000051 
2377.837925 -0.000054 
2376.670813 -0.000062 
2375.503702 -0.000087 
2374.336590 -0.000117 
2373.169478 -0.000098 
2372.002367 -0.000141 
2370.835255 -0.000184 
2369.668143 -0.000192 
2368.501031 -0.000195 
2367.333920 -0.000167 
2366.166808 -0.000205 
2364.999696 -0.000249 
2363.832584 -0.000252 
2362.665473 -0.000236 
2361.498361 -0.000244 
2360.331249 -0.000224 
2359.164137 -0.000231 
2357.997026 -0.000223 
2356.829914 -0.000220 
2355.662802 -0.000205 
2354.495690 -0.000171 
2353.328579 -0.000185 
2352.161467 -0.000139 
2350.994355 -0.000151 
2349.827244 -0.000095 
2348.660132 -0.000064 
2347.493020 0.000014 
2346.325908 0.000248 
2345.158797 0.000848 
2343.991685 0.001817 
2342.824573 0.002821 
2341.657461 0.003235 
2340.490350 0.002668 
2339.323238 0.001582 
2338.156126 0.000670 
2336.989014 0.000193 
2335.821903 0.000006 
2334.654791 -0.000006 
2333.487679 0.000000 
2332.320567 0.000045 
2331.153456 0.000049 
2329.986344 0.000081 
2328.819232 0.000227 
2327.652121 0.000577 
2326.485009 0.000774 
2325.317897 0.000598 
2324.150785 0.000354 
2322.983674 0.000229 
2321.816562 0.000208 
2320.649450 0.000199 
2319.482338 0.000226 
2318.315227 0.000203 
2317.148115 0.000192 
2315.981003 0.000200 
2314.813891 0.000217 
2313.646780 0.000223 
2312.479668 0.000208 
2311.312556 0.000198 
2310.145444 0.000207 
2308.978333 0.000176 
2307.811221 0.000153 
2306.644109 0.000136 
2305.476998 0.000121 
2304.309886 0.000126 
2303.142774 0.000095 
2301.975662 0.000105 
2300.808551 0.000078 
2299.641439 0.000093 
2298.474327 0.000072 
2297.307215 0.000085 
2296.140104 0.000050 
2294.972992 0.000053 
2293.805880 0.000024 
2292.638768 0.000030 
2291.471657 0.000027 
2290.304545 0.000015 
2289.137433 -0.000000 
2287.970321 -0.000018 
2286.803210 -0.000020 
2285.636098 -0.000026 
2284.468986 -0.000018 
2283.301875 -0.000032 
2282.134763 -0.000047 
2280.967651 -0.000082 
2279.800539 -0.000076 
2278.633428 -0.000056 
2277.466316 -0.000014 
2276.299204 -0.000046 
2275.132092 -0.000040 
2273.964981 -0.000070 
2272.797869 -0.000060 
2271.630757 -0.000034 
2270.463645 -0.000021 
2269.296534 -0.000036 
2268.129422 0.000016 
2266.962310 0.000078 
2265.795198 0.000089 
2264.628087 0.000162 
2263.460975 0.000236 
2262.293863 0.000314 
2261.126752 0.000419 
2259.959640 0.000545 
2258.792528 0.000658 
2257.625416 0.000801 
2256.458305 0.000925 
2255.291193 0.001064 
2254.124081 0.001226 
2252.956969 0.001432 
2251.789858 0.001612 
2250.622746 0.001829 
2249.455634 0.002086 
2248.288522 0.002355 
2247.121411 0.002657 
2245.954299 0.002975 
2244.787187 0.003313 
2243.620075 0.003654 
2242.452964 0.003998 
2241.285852 0.004298 
2240.118740 0.004650 
2238.951628 0.004934 
2237.784517 0.005166 
2236.617405 0.005362 
2235.450293 0.005533 
2234.283182 0.005596 
2233.116070 0.005613 
2231.948958 0.005526 
2230.781846 0.005347 
2229.614735 0.005103 
2228.447623 0.004801 
2227.280511 0.004488 
2226.113399 0.004162 
2224.946288 0.003815 
2223.779176 0.003428 
2222.612064 0.003066 
2221.444952 0.002711 
2220.277841 0.002434 
2219.110729 0.002141 
2217.943617 0.001936 
2216.776505 0.001710 
2215.609394 0.001496 
2214.442282 0.001350 
2213.275170 0.001269 
2212.108059 0.001199 
2210.940947 0.001135 
2209.773835 0.001083 
2208.606723 0.001019 
2207.439612 0.000911 
2206.272500 0.000832 
2205.105388 0.000814 
2203.938276 0.000788 
2202.771165 0.000733 
2201.604053 0.000664 
2200.436941 0.000650 
2199.269829 0.000595 
2198.102718 0.000593 
2196.935606 0.000542 
2195.768494 0.000479 
2194.601382 0.000430 
2193.434271 0.000413 
2192.267159 0.000424 
2191.100047 0.000384 
2189.932936 0.000336 
2188.765824 0.000302 
2187.598712 0.000297 
2186.431600 0.000250 
2185.264489 0.000225 
2184.097377 0.000189 
2182.930265 0.000185 
2181.763153 0.000178 
2180.596042 0.000182 
2179.428930 0.000126 
2178.261818 0.000080 
2177.094706 0.000096 
2175.927595 0.000085 
2174.760483 0.000075 
2173.593371 0.000056 
2172.426259 0.000031 
2171.259148 0.000010 
2170.092036 0.000018 
2168.924924 0.000000 
2167.757813 0.000006 
2166.590701 -0.000007 
2165.423589 -0.000018 
2164.256477 -0.000031 
2163.089366 -0.000021 
2161.922254 -0.000036 
2160.755142 -0.000072 
2159.588030 -0.000078 
2158.420919 -0.000069 
2157.253807 -0.000078 
2156.086695 -0.000071 
2154.919583 -0.000085 
2153.752472 -0.000065 
2152.585360 -0.000041 
2151.418248 -0.000057 
2150.251136 -0.000043 
2149.084025 -0.000035 
2147.916913 -0.000046 
2146.749801 -0.000044 
2145.582690 -0.000003 
2144.415578 -0.000013 
2143.248466 0.000075 
2142.081354 0.000198 
2140.914243 0.000329 
2139.747131 0.000516 
2138.580019 0.000701 
2137.412907 0.000849 
2136.245796 0.000948 
2135.078684 0.000962 
2133.911572 0.000928 
2132.744460 0.000897 
2131.577349 0.000870 
2130.410237 0.000830 
2129.243125 0.000822 
2128.076013 0.000819 
2126.908902 0.000835 
2125.741790 0.000864 
2124.574678 0.000877 
2123.407567 0.000903 
2122.240455 0.000896 
2121.073343 0.000900 
2119.906231 0.000894 
2118.739120 0.000863 
2117.572008 0.000826 
2116.404896 0.000798 
2115.237784 0.000733 
2114.070673 0.000666 
2112.903561 0.000620 
2111.736449 0.000567 
2110.569337 0.000502 
2109.402226 0.000412 
2108.235114 0.000353 
2107.068002 0.000301 
2105.900890 0.000257 
2104.733779 0.000231 
2103.566667 0.000215 
2102.399555 0.000168 
2101.232444 0.000146 
2100.065332 0.000170 
2098.898220 0.000111 
2097.731108 0.000093 
2096.563997 0.000060 
2095.396885 0.000098 
2094.229773 0.000077 
2093.062661 0.000077 
2091.895550 0.000085 
2090.728438 0.000104 
2089.561326 0.000080 
2088.394214 0.000097 
2087.227103 0.000093 
2086.059991 0.000123 
2084.892879 0.000113 
2083.725767 0.000075 
2082.558656 0.000077 
2081.391544 0.000054 
2080.224432 0.000071 
2079.057320 0.000049 
2077.890209 0.000064 
2076.723097 0.000059 
2075.555985 0.000087 
2074.388874 0.000054 
2073.221762 0.000053 
2072.054650 0.000027 
2070.887538 0.000055 
2069.720427 0.000008 
2068.553315 0.000000 
2067.386203 0.000008 
2066.219091 0.000013 
2065.051980 0.000013 
2063.884868 -0.000013 
2062.717756 0.000013 
2061.550644 -0.000009 
2060.383533 -0.000027 
2059.216421 -0.000058 
2058.049309 -0.000043 
2056.882197 -0.000078 
2055.715086 -0.000065 
2054.547974 -0.000052 
2053.380862 -0.000054 
2052.213751 -0.000066 
2051.046639 -0.000042 
2049.879527 -0.000055 
2048.712415 -0.000059 
2047.545304 -0.000039 
2046.378192 -0.000018 
2045.211080 -0.000001 
2044.043968 -0.000003 
2042.876857 0.000012 
2041.709745 0.000013 
2040.542633 0.000053 
2039.375521 0.000085 
2038.208410 0.000159 
2037.041298 0.000171 
2035.874186 0.000214 
2034.707074 0.000271 
2033.539963 0.000324 
2032.372851 0.000388 
2031.205739 0.000480 
2030.038628 0.000563 
2028.871516 0.000639 
2027.704404 0.000732 
2026.537292 0.000872 
2025.370181 0.001036 
2024.203069 0.001160 
2023.035957 0.001353 
2021.868845 0.001557 
2020.701734 0.001775 
2019.534622 0.002019 
2018.367510 0.002294 
2017.200398 0.002572 
2016.033287 0.002866 
2014.866175 0.003137 
2013.699063 0.003402 
2012.531951 0.003724 
2011.364840 0.004019 
2010.197728 0.004284 
2009.030616 0.004550 
2007.863505 0.004792 
2006.696393 0.004938 
2005.529281 0.005076 
2004.362169 0.005161 
2003.195058 0.005201 
2002.027946 0.005146 
2000.860834 0.005050 
1999.693722 0.004862 
1998.526611 0.004644 
1997.359499 0.004324 
1996.192387 0.004003 
1995.025275 0.003670 
1993.858164 0.003282 
1992.691052 0.002931 
1991.523940 0.002587 
1990.356828 0.002258 
1989.189717 0.001943 
1988.022605 0.001654 
1986.855493 0.001372 
1985.688382 0.001187 
1984.521270 0.000985 
1983.354158 0.000831 
1982.187046 0.000725 
1981.019935 0.000591 
1979.852823 0.000479 
1978.685711 0.000412 
1977.518599 0.000339 
1976.351488 0.000301 
1975.184376 0.000265 
1974.017264 0.000236 
1972.850152 0.000215 
1971.683041 0.000176 
1970.515929 0.000153 
1969.348817 0.000150 
1968.181705 0.000168 
1967.014594 0.000183 
1965.847482 0.000216 
1964.680370 0.000193 
1963.513259 0.000223 
1962.346147 0.000228 
1961.179035 0.000246 
1960.011923 0.000222 
1958.844812 0.000231 
1957.677700 0.000203 
1956.510588 0.000225 
1955.343476 0.000210 
1954.176365 0.000196 
1953.009253 0.000153 
1951.842141 0.000110 
1950.675029 0.000115 
1949.507918 0.000048 
1948.340806 0.000024 
1947.173694 0.000003 
1946.006582 -0.000004 
1944.839471 -0.000057 
1943.672359 -0.000073 
1942.505247 -0.000101 
1941.338135 -0.000097 
1940.171024 -0.000144 
1939.003912 -0.000158 
1937.836800 -0.000157 
1936.669689 -0.000162 
1935.502577 -0.000170 
1934.335465 -0.000168 
1933.168353 -0.000178 
1932.001242 -0.000172 
1930.834130 -0.000129 
1929.667018 -0.000153 
1928.499906 -0.000113 
1927.332795 -0.000101 
1926.165683 -0.000107 
1924.998571 -0.000074 
1923.831459 -0.000056 
1922.664348 -0.000057 
1921.497236 -0.000043 
1920.330124 -0.000043 
1919.163012 -0.000045 
1917.995901 -0.000032 
1916.828789 -0.000056 
1915.661677 -0.000063 
1914.494566 -0.000113 
1913.327454 -0.000095 
1912.160342 -0.000113 
1910.993230 -0.000096 
1909.826119 -0.000107 
1908.659007 -0.000106 
1907.491895 -0.000123 
1906.324783 -0.000098 
1905.157672 -0.000085 
1903.990560 -0.000086 
1902.823448 -0.000105 
1901.656336 -0.000075 
1900.489225 -0.000070 
1899.322113 -0.000063 
1898.155001 -0.000029 
1896.987889 -0.000045 
1895.820778 -0.000060 
1894.653666 -0.000052 
1893.486554 -0.000002 
1892.319443 -0.000013 
1891.152331 -0.000001 
1889.985219 0.000002 
1888.818107 0.000003 
1887.650996 -0.000010 
1886.483884 0.000021 
1885.316772 0.000008 
1884.149660 0.000040 
1882.982549 0.000048 
1881.815437 0.000046 
1880.648325 0.000046 
1879.481213 0.000054 
1878.314102 0.000070 
1877.146990 0.000056 
1875.979878 0.000108 
1874.812766 0.000125 
1873.645655 0.000176 
1872.478543 0.000178 
1871.311431 0.000198 
1870.144320 0.000201 
1868.977208 0.000251 
1867.810096 0.000236 
1866.642984 0.000239 
1865.475873 0.000230 
1864.308761 0.000233 
1863.141649 0.000229 
1861.974537 0.000217 
1860.807426 0.000186 
1859.640314 0.000115 
1858.473202 0.000110 
1857.306090 0.000043 
1856.138979 -0.000018 
1854.971867 -0.000094 
1853.804755 -0.000112 
1852.637643 -0.000166 
1851.470532 -0.000187 
1850.303420 -0.000214 
1849.136308 -0.000206 
1847.969197 -0.000204 
1846.802085 -0.000185 
1845.634973 -0.000180 
1844.467861 -0.000168 
1843.300750 -0.000158 
1842.133638 -0.000156 
1840.966526 -0.000134 
1839.799414 -0.000136 
1838.632303 -0.000109 
1837.465191 -0.000099 
1836.298079 -0.000076 
1835.130967 -0.000083 
1833.963856 -0.000064 
1832.796744 -0.000053 
1831.629632 -0.000000 
1830.462520 0.000003 
1829.295409 0.000026 
1828.128297 0.000046 
1826.961185 0.000078 
1825.794074 0.000125 
1824.626962 0.000156 
1823.459850 0.000176 
1822.292738 0.000201 
1821.125627 0.000246 
1819.958515 0.000279 
1818.791403 0.000316 
1817.624291 0.000342 
1816.457180 0.000415 
1815.290068 0.000475 
1814.122956 0.000594 
1812.955844 0.000704 
1811.788733 0.000850 
1810.621621 0.001000 
1809.454509 0.001185 
1808.287397 0.001394 
1807.120286 0.001640 
1805.953174 0.001933 
1804.786062 0.002228 
1803.618951 0.002605 
1802.451839 0.003023 
1801.284727 0.003531 
1800.117615 0.004051 
1798.950504 0.004665 
1797.783392 0.005367 
1796.616280 0.006189 
1795.449168 0.007082 
1794.282057 0.008128 
1793.114945 0.009290 
1791.947833 0.010602 
1790.780721 0.012031 
1789.613610 0.013579 
1788.446498 0.015357 
1787.279386 0.017289 
1786.112274 0.019400 
1784.945163 0.021656 
1783.778051 0.024093 
1782.610939 0.026655 
1781.443827 0.029311 
1780.276716 0.031994 
1779.109604 0.034738 
1777.942492 0.037427 
1776.775381 0.040011 
1775.608269 0.042412 
1774.441157 0.044577 
1773.274045 0.046402 
1772.106934 0.047799 
1770.939822 0.048740 
1769.772710 0.049190 
1768.605598 0.049162 
1767.438487 0.048570 
1766.271375 0.047517 
1765.104263 0.045943 
1763.937151 0.044002 
1762.770040 0.041725 
1761.602928 0.039251 
1760.435816 0.036559 
1759.268704 0.033881 
1758.101593 0.031231 
1756.934481 0.028712 
1755.767369 0.026319 
1754.600258 0.024108 
1753.433146 0.022147 
1752.266034 0.020434 
1751.098922 0.018984 
1749.931811 0.017771 
1748.764699 0.016857 
1747.597587 0.016190 
1746.430475 0.015809 
1745.263364 0.015744 
1744.096252 0.016099 
1742.929140 0.016879 
1741.762028 0.018309 
1740.594917 0.020576 
1739.427805 0.024112 
1738.260693 0.029687 
1737.093581 0.038986 
1735.926470 0.057088 
1734.759358 0.095170 
1733.592246 0.174838 
1732.425135 0.309119 
1731.258023 0.476652 
1730.090911 0.639396 
1728.923799 0.776690 
1727.756688 0.879195 
1726.589576 0.945850 
1725.422464 0.978935 
1724.255352 0.997304 
1723.088241 1.000000 
1721.921129 0.997214 
1720.754017 0.984111 
1719.586905 0.957640 
1718.419794 0.922380 
1717.252682 0.876652 
1716.085570 0.817748 
1714.918458 0.747144 
1713.751347 0.667897 
1712.584235 0.584897 
1711.417123 0.503038 
1710.250012 0.424506 
1709.082900 0.349833 
1707.915788 0.279915 
1706.748676 0.214219 
1705.581565 0.154333 
1704.414453 0.103841 
1703.247341 0.067404 
1702.080229 0.046010 
1700.913118 0.034648 
1699.746006 0.028719 
1698.578894 0.025131 
1697.411782 0.022745 
1696.244671 0.021016 
1695.077559 0.019704 
1693.910447 0.018799 
1692.743335 0.018234 
1691.576224 0.018044 
1690.409112 0.018146 
1689.242000 0.018582 
1688.074889 0.019318 
1686.907777 0.020359 
1685.740665 0.021724 
1684.573553 0.023433 
1683.406442 0.025081 
1682.239330 0.026508 
1681.072218 0.027368 
1679.905106 0.027377 
1678.737995 0.026352 
1677.570883 0.024332 
1676.403771 0.021626 
1675.236659 0.018588 
1674.069548 0.015618 
1672.902436 0.013016 
1671.735324 0.010975 
1670.568212 0.009461 
1669.401101 0.008497 
1668.233989 0.007836 
1667.066877 0.007435 
1665.899766 0.007159 
1664.732654 0.007054 
1663.565542 0.006969 
1662.398430 0.006928 
1661.231319 0.006914 
1660.064207 0.006942 
1658.897095 0.007032 
1657.729983 0.007146 
1656.562872 0.007376 
1655.395760 0.007654 
1654.228648 0.007999 
1653.061536 0.008406 
1651.894425 0.008853 
1650.727313 0.009309 
1649.560201 0.009876 
1648.393089 0.010467 
1647.225978 0.011097 
1646.058866 0.011729 
1644.891754 0.012330 
1643.724643 0.012868 
1642.557531 0.013396 
1641.390419 0.013852 
1640.223307 0.014184 
1639.056196 0.014395 
1637.889084 0.014490 
1636.721972 0.014453 
1635.554860 0.014250 
1634.387749 0.013841 
1633.220637 0.013230 
1632.053525 0.012488 
1630.886413 0.011610 
1629.719302 0.010632 
1628.552190 0.009578 
1627.385078 0.008582 
1626.217966 0.007625 
1625.050855 0.006814 
1623.883743 0.006059 
1622.716631 0.005383 
1621.549519 0.004835 
1620.382408 0.004328 
1619.215296 0.003928 
1618.048184 0.003536 
1616.881073 0.003258 
1615.713961 0.002928 
1614.546849 0.002684 
1613.379737 0.002455 
1612.212626 0.002249 
1611.045514 0.002034 
1609.878402 0.001849 
1608.711290 0.001702 
1607.544179 0.001555 
1606.377067 0.001406 
1605.209955 0.001283 
1604.042843 0.001149 
1602.875732 0.001016 
1601.708620 0.000903 
1600.541508 0.000782 
1599.374396 0.000696 
1598.207285 0.000590 
1597.040173 0.000524 
1595.873061 0.000414 
1594.705950 0.000355 
1593.538838 0.000281 
1592.371726 0.000222 
1591.204614 0.000149 
1590.037503 0.000113 
1588.870391 0.000073 
1587.703279 0.000020 
1586.536167 0.000003 
1585.369056 -0.000007 
1584.201944 -0.000026 
1583.034832 -0.000035 
1581.867720 -0.000001 
1580.700609 0.000018 
1579.533497 0.000074 
1578.366385 0.000108 
1577.199273 0.000215 
1576.032162 0.000349 
1574.865050 0.000479 
1573.697938 0.000594 
1572.530827 0.000773 
1571.363715 0.000973 
1570.196603 0.001257 
1569.029491 0.001512 
1567.862380 0.001800 
1566.695268 0.002142 
1565.528156 0.002491 
1564.361044 0.002924 
1563.193933 0.003312 
1562.026821 0.003708 
1560.859709 0.004128 
1559.692597 0.004594 
1558.525486 0.004973 
1557.358374 0.005349 
1556.191262 0.005649 
1555.024150 0.005958 
1553.857039 0.006245 
1552.689927 0.006473 
1551.522815 0.006655 
1550.355704 0.006779 
1549.188592 0.006826 
1548.021480 0.006787 
1546.854368 0.006670 
1545.687257 0.006451 
1544.520145 0.006217 
1543.353033 0.005903 
1542.185921 0.005568 
1541.018810 0.005126 
1539.851698 0.004746 
1538.684586 0.004374 
1537.517474 0.004027 
1536.350363 0.003635 
1535.183251 0.003245 
1534.016139 0.002880 
1532.849027 0.002533 
1531.681916 0.002181 
1530.514804 0.001842 
1529.347692 0.001567 
1528.180581 0.001297 
1527.013469 0.001046 
1525.846357 0.000806 
1524.679245 0.000636 
1523.512134 0.000479 
1522.345022 0.000404 
1521.177910 0.000305 
1520.010798 0.000245 
1518.843687 0.000142 
1517.676575 0.000104 
1516.509463 0.000043 
1515.342351 0.000002 
1514.175240 -0.000024 
1513.008128 -0.000058 
1511.841016 -0.000083 
1510.673904 -0.000092 
1509.506793 -0.000069 
1508.339681 -0.000071 
1507.172569 -0.000048 
1506.005458 -0.000047 
1504.838346 -0.000057 
1503.671234 -0.000094 
1502.504122 -0.000049 
1501.337011 -0.000060 
1500.169899 -0.000040 
1499.002787 -0.000045 
1497.835675 -0.000004 
1496.668564 -0.000021 
1495.501452 -0.000030 
1494.334340 -0.000030 
1493.167228 -0.000031 
1492.000117 -0.000005 
1490.833005 0.000010 
1489.665893 0.000001 
1488.498781 0.000014 
1487.331670 0.000026 
1486.164558 -0.000000 
1484.997446 0.000030 
1483.830334 -0.000000 
1482.663223 0.000016 
1481.496111 -0.000007 
1480.328999 0.000007 
1479.161888 -0.000002 
1477.994776 -0.000000 
1476.827664 0.000015 
1475.660552 0.000022 
1474.493441 0.000000 
1473.326329 -0.000007 
1472.159217 -0.000002 
1470.992105 0.000008 
1469.824994 0.000023 
1468.657882 0.000028 
1467.490770 0.000083 
1466.323658 0.000117 
1465.156547 0.000209 
1463.989435 0.000287 
1462.822323 0.000399 
1461.655211 0.000535 
1460.488100 0.000717 
1459.320988 0.000950 
1458.153876 0.001282 
1456.986765 0.001756 
1455.819653 0.002399 
1454.652541 0.003391 
1453.485429 0.004937 
1452.318318 0.007349 
1451.151206 0.010918 
1449.984094 0.016238 
1448.816982 0.023471 
1447.649871 0.032917 
1446.482759 0.044293 
1445.315647 0.057429 
1444.148535 0.071871 
1442.981424 0.087246 
1441.814312 0.103133 
1440.647200 0.119284 
1439.480088 0.135443 
1438.312977 0.151316 
1437.145865 0.166460 
1435.978753 0.180315 
1434.811642 0.192395 
1433.644530 0.202181 
1432.477418 0.209793 
1431.310306 0.215032 
1430.143195 0.217829 
1428.976083 0.218044 
1427.808971 0.215513 
1426.641859 0.210177 
1425.474748 0.201876 
1424.307636 0.190652 
1423.140524 0.176621 
1421.973412 0.159941 
1420.806301 0.141480 
1419.639189 0.122509 
1418.472077 0.105050 
1417.304965 0.091364 
1416.137854 0.082455 
1414.970742 0.077867 
1413.803630 0.076557 
1412.636519 0.076977 
1411.469407 0.078011 
1410.302295 0.079013 
1409.135183 0.079437 
1407.968072 0.079038 
1406.800960 0.077694 
1405.633848 0.075442 
1404.466736 0.072428 
1403.299625 0.068992 
1402.132513 0.065657 
1400.965401 0.063006 
1399.798289 0.061576 
1398.631178 0.061611 
1397.464066 0.063097 
1396.296954 0.065611 
1395.129842 0.068632 
1393.962731 0.071376 
1392.795619 0.073269 
1391.628507 0.073650 
1390.461396 0.072111 
1389.294284 0.068368 
1388.127172 0.062609 
1386.960060 0.055081 
1385.792949 0.046521 
1384.625837 0.037677 
1383.458725 0.029345 
1382.291613 0.022114 
1381.124502 0.016322 
1379.957390 0.012001 
1378.790278 0.008826 
1377.623166 0.006610 
1376.456055 0.004973 
1375.288943 0.003840 
1374.121831 0.002958 
1372.954719 0.002325 
1371.787608 0.001813 
1370.620496 0.001463 
1369.453384 0.001213 
1368.286273 0.001129 
1367.119161 0.001259 
1365.952049 0.001929 
1364.784937 0.003596 
1363.617826 0.007013 
1362.450714 0.012903 
1361.283602 0.022200 
1360.116490 0.035238 
1358.949379 0.052519 
1357.782267 0.074045 
1356.615155 0.099306 
1355.448043 0.127966 
1354.280932 0.158958 
1353.113820 0.191571 
1351.946708 0.224492 
1350.779596 0.256603 
1349.612485 0.286201 
1348.445373 0.311743 
1347.278261 0.328484 
1346.111150 0.332448 
1344.944038 0.320375 
1343.776926 0.293709 
1342.609814 0.254749 
1341.442703 0.207818 
1340.275591 0.158443 
1339.108479 0.112541 
1337.941367 0.074236 
1336.774256 0.046009 
1335.607144 0.027333 
1334.440032 0.016160 
1333.272920 0.010125 
1332.105809 0.006805 
1330.938697 0.004986 
1329.771585 0.003802 
1328.604473 0.003017 
1327.437362 0.002452 
1326.270250 0.002097 
1325.103138 0.001859 
1323.936026 0.001682 
1322.768915 0.001603 
1321.601803 0.001526 
1320.434691 0.001512 
1319.267580 0.001514 
1318.100468 0.001550 
1316.933356 0.001521 
1315.766244 0.001537 
1314.599133 0.001553 
1313.432021 0.001590 
1312.264909 0.001635 
1311.097797 0.001706 
1309.930686 0.001788 
1308.763574 0.001899 
1307.596462 0.001979 
1306.429350 0.002058 
1305.262239 0.002133 
1304.095127 0.002154 
1302.928015 0.002130 
1301.760903 0.002096 
1300.593792 0.002082 
1299.426680 0.002015 
1298.259568 0.001949 
1297.092457 0.001848 
1295.925345 0.001789 
1294.758233 0.001712 
1293.591121 0.001688 
1292.424010 0.001641 
1291.256898 0.001558 
1290.089786 0.001461 
1288.922674 0.001403 
1287.755563 0.001319 
1286.588451 0.001223 
1285.421339 0.001130 
1284.254227 0.000993 
1283.087116 0.000883 
1281.920004 0.000770 
1280.752892 0.000662 
1279.585780 0.000559 
1278.418669 0.000492 
1277.251557 0.000383 
1276.084445 0.000328 
1274.917334 0.000254 
1273.750222 0.000190 
1272.583110 0.000152 
1271.415998 0.000104 
1270.248887 0.000065 
1269.081775 0.000057 
1267.914663 0.000052 
1266.747551 0.000006 
1265.580440 0.000008 
1264.413328 -0.000011 
1263.246216 0.000004 
1262.079104 -0.000016 
1260.911993 -0.000019 
1259.744881 -0.000047 
1258.577769 -0.000029 
1257.410657 -0.000030 
1256.243546 0.000001 
1255.076434 0.000021 
1253.909322 0.000040 
1252.742211 0.000049 
1251.575099 0.000037 
1250.407987 0.000042 
1249.240875 0.000076 
1248.073764 0.000102 
1246.906652 0.000094 
1245.739540 0.000119 
1244.572428 0.000110 
1243.405317 0.000110 
1242.238205 0.000101 
1241.071093 0.000131 
1239.903981 0.000074 
1238.736870 0.000051 
1237.569758 0.000024 
1236.402646 0.000041 
1235.235534 -0.000005 
1234.068423 -0.000014 
1232.901311 0.000012 
1231.734199 0.000006 
1230.567088 0.000022 
1229.399976 0.000019 
1228.232864 0.000041 
1227.065752 0.000019 
1225.898641 -0.000018 
1224.731529 -0.000075 
1223.564417 -0.000043 
1222.397305 -0.000058 
1221.230194 -0.000051 
1220.063082 -0.000075 
1218.895970 -0.000048 
1217.728858 -0.000049 
1216.561747 -0.000043 
1215.394635 -0.000040 
1214.227523 -0.000017 
1213.060411 -0.000016 
1211.893300 -0.000037 
1210.726188 -0.000011 
1209.559076 -0.000008 
1208.391965 0.000019 
1207.224853 -0.000003 
1206.057741 0.000024 
1204.890629 0.000012 
1203.723518 0.000039 
1202.556406 0.000033 
1201.389294 0.000050 
1200.222182 0.000042 
1199.055071 0.000078 
1197.887959 0.000101 
1196.720847 0.000106 
1195.553735 0.000096 
1194.386624 0.000084 
1193.219512 0.000113 
1192.052400 0.000077 
1190.885288 0.000100 
1189.718177 0.000108 
1188.551065 0.000147 
1187.383953 0.000176 
1186.216842 0.000219 
1185.049730 0.000250 
1183.882618 0.000289 
1182.715506 0.000286 
1181.548395 0.000326 
1180.381283 0.000319 
1179.214171 0.000354 
1178.047059 0.000354 
1176.879948 0.000343 
1175.712836 0.000366 
1174.545724 0.000402 
1173.378612 0.000450 
1172.211501 0.000445 
1171.044389 0.000475 
1169.877277 0.000370 
1168.710165 0.000299 
1167.543054 0.000244 
1166.375942 0.000187 
1165.208830 0.000168 
1164.041718 0.000119 
1162.874607 0.000078 
1161.707495 0.000104 
1160.540383 0.000137 
1159.373272 0.000115 
1158.206160 0.000088 
1157.039048 0.000078 
1155.871936 0.000034 
1154.704825 -0.000001 
1153.537713 -0.000019 
1152.370601 -0.000050 
1151.203489 -0.000063 
1150.036378 -0.000091 
1148.869266 -0.000099 
1147.702154 -0.000166 
1146.535042 -0.000190 
1145.367931 -0.000230 
1144.200819 -0.000221 
1143.033707 -0.000276 
1141.866595 -0.000256 
1140.699484 -0.000201 
1139.532372 -0.000014 
1138.365260 0.000455 
1137.198149 0.001398 
1136.031037 0.003505 
1134.863925 0.007771 
1133.696813 0.016012 
1132.529702 0.029585 
1131.362590 0.049804 
1130.195478 0.075473 
1129.028366 0.104685 
1127.861255 0.134556 
1126.694143 0.162829 
1125.527031 0.187563 
1124.359919 0.207270 
1123.192808 0.219064 
1122.025696 0.221090 
1120.858584 0.213712 
1119.691472 0.198253 
1118.524361 0.176215 
1117.357249 0.149075 
1116.190137 0.121027 
1115.023026 0.097755 
1113.855914 0.082282 
1112.688802 0.073025 
1111.521690 0.067264 
1110.354579 0.062387 
1109.187467 0.057433 
1108.020355 0.051731 
1106.853243 0.045251 
1105.686132 0.038275 
1104.519020 0.031089 
1103.351908 0.024395 
1102.184796 0.018568 
1101.017685 0.013953 
1099.850573 0.010596 
1098.683461 0.008362 
1097.516349 0.006786 
1096.349238 0.005723 
1095.182126 0.004991 
1094.015014 0.004512 
1092.847903 0.004095 
1091.680791 0.003796 
1090.513679 0.003562 
1089.346567 0.003370 
1088.179456 0.003202 
1087.012344 0.003075 
1085.845232 0.002953 
1084.678120 0.002857 
1083.511009 0.002747 
1082.343897 0.002645 
1081.176785 0.002584 
1080.009673 0.002508 
1078.842562 0.002414 
1077.675450 0.002327 
1076.508338 0.002329 
1075.341226 0.002248 
1074.174115 0.002179 
1073.007003 0.002106 
1071.839891 0.002042 
1070.672780 0.001968 
1069.505668 0.001915 
1068.338556 0.001889 
1067.171444 0.001868 
1066.004333 0.001817 
1064.837221 0.001792 
1063.670109 0.001725 
1062.502997 0.001673 
1061.335886 0.001668 
1060.168774 0.001637 
1059.001662 0.001622 
1057.834550 0.001597 
1056.667439 0.001596 
1055.500327 0.001624 
1054.333215 0.001636 
1053.166103 0.001650 
1051.998992 0.001698 
1050.831880 0.001733 
1049.664768 0.001809 
1048.497657 0.001846 
1047.330545 0.001932 
1046.163433 0.002047 
1044.996321 0.002129 
1043.829210 0.002249 
1042.662098 0.002342 
1041.494986 0.002468 
1040.327874 0.002491 
1039.160763 0.002572 
1037.993651 0.002582 
1036.826539 0.002666 
1035.659427 0.002660 
1034.492316 0.002588 
1033.325204 0.002557 
1032.158092 0.002442 
1030.990980 0.002275 
1029.823869 0.002091 
1028.656757 0.001857 
1027.489645 0.001615 
1026.322533 0.001400 
1025.155422 0.001143 
1023.988310 0.000951 
1022.821198 0.000758 
1021.654087 0.000596 
1020.486975 0.000447 
1019.319863 0.000407 
1018.152751 0.000311 
1016.985640 0.000299 
1015.818528 0.000246 
1014.651416 0.000196 
1013.484304 0.000185 
1012.317193 0.000118 
1011.150081 0.000095 
1009.982969 0.000112 
1008.815857 0.000082 
1007.648746 0.000023 
1006.481634 0.000036 
1005.314522 0.000002 
1004.147410 -0.000026 
1002.980299 -0.000003 
1001.813187 0.000026 
1000.646075 0.000006 
999.478964 -0.000000 
998.311852 -0.000012 
997.144740 -0.000017 
995.977628 -0.000030 
994.810517 -0.000025 
993.643405 -0.000007 
992.476293 -0.000014 
991.309181 -0.000005 
990.142070 -0.000065 
988.974958 -0.000103 
987.807846 -0.000092 
986.640734 -0.000097 
985.473623 -0.000126 
984.306511 -0.000117 
983.139399 -0.000133 
981.972287 -0.000129 
980.805176 -0.000140 
979.638064 -0.000120 
978.470952 -0.000091 
977.303841 -0.000064 
976.136729 -0.000082 
974.969617 -0.000046 
973.802505 -0.000008 
972.635394 -0.000042 
971.468282 -0.000020 
970.301170 -0.000019 
969.134058 -0.000015 
967.966947 -0.000010 
966.799835 -0.000002 
965.632723 -0.000025 
964.465611 0.000039 
963.298500 -0.000008 
962.131388 0.000006 
960.964276 0.000021 
959.797164 0.000059 
958.630053 0.000004 
957.462941 -0.000010 
956.295829 -0.000020 
955.128718 -0.000069 
953.961606 -0.000097 
952.794494 -0.000088 
951.627382 -0.000045 
950.460271 -0.000085 
949.293159 -0.000143 
948.126047 -0.000176 
946.958935 -0.000134 
945.791824 -0.000172 
944.624712 -0.000202 
943.457600 -0.000251 
942.290488 -0.000273 
941.123377 -0.000297 
939.956265 -0.000334 
938.789153 -0.000365 
937.622041 -0.000388 
936.454930 -0.000390 
935.287818 -0.000415 
934.120706 -0.000364 
932.953595 -0.000349 
931.786483 -0.000341 
930.619371 -0.000303 
929.452259 -0.000193 
928.285148 -0.000159 
927.118036 -0.000085 
925.950924 -0.000033 
924.783812 0.000105 
923.616701 0.000196 
922.449589 0.000312 
921.282477 0.000444 
920.115365 0.000577 
918.948254 0.000714 
917.781142 0.000880 
916.614030 0.001105 
915.446918 0.001348 
914.279807 0.001639 
913.112695 0.001885 
911.945583 0.002226 
910.778472 0.002625 
909.611360 0.003055 
908.444248 0.003453 
907.277136 0.003954 
906.110025 0.004592 
904.942913 0.005324 
903.775801 0.006123 
902.608689 0.007101 
901.441578 0.008171 
900.274466 0.009448 
899.107354 0.010891 
897.940242 0.012560 
896.773131 0.014493 
895.606019 0.016665 
894.438907 0.019058 
893.271795 0.021586 
892.104684 0.024258 
890.937572 0.026919 
889.770460 0.029354 
888.603349 0.031383 
887.436237 0.032859 
886.269125 0.033530 
885.102013 0.033335 
883.934902 0.032149 
882.767790 0.030233 
881.600678 0.027585 
880.433566 0.024465 
879.266455 0.021289 
878.099343 0.018196 
876.932231 0.015437 
875.765119 0.013040 
874.598008 0.011030 
873.430896 0.009398 
872.263784 0.008080 
871.096672 0.006990 
869.929561 0.006138 
868.762449 0.005408 
867.595337 0.004807 
866.428225 0.004293 
865.261114 0.003869 
864.094002 0.003512 
862.926890 0.003228 
861.759779 0.002983 
860.592667 0.002760 
859.425555 0.002583 
858.258443 0.002404 
857.091332 0.002267 
855.924220 0.002148 
854.757108 0.002058 
853.589996 0.001967 
852.422885 0.001865 
851.255773 0.001750 
850.088661 0.001662 
848.921549 0.001612 
847.754438 0.001547 
846.587326 0.001466 
845.420214 0.001422 
844.253102 0.001378 
843.085991 0.001338 
841.918879 0.001273 
840.751767 0.001252 
839.584656 0.001255 
838.417544 0.001219 
837.250432 0.001156 
836.083320 0.001066 
834.916209 0.001031 
833.749097 0.001006 
832.581985 0.000980 
831.414873 0.000958 
830.247762 0.000943 
829.080650 0.000881 
827.913538 0.000862 
826.746426 0.000805 
825.579315 0.000765 
824.412203 0.000739 
823.245091 0.000733 
822.077979 0.000684 
820.910868 0.000647 
819.743756 0.000698 
818.576644 0.000658 
817.409533 0.000585 
816.242421 0.000533 
815.075309 0.000587 
813.908197 0.000514 
812.741086 0.000427 
811.573974 0.000415 
810.406862 0.000383 
809.239750 0.000329 
808.072639 0.000257 
806.905527 0.000206 
805.738415 0.000223 
804.571303 0.000185 
803.404192 0.000098 
802.237080 0.000075 
801.069968 0.000021 
799.902856 0.000018 
798.735745 0.000003 
797.568633 0.000034 
796.401521 -0.000016 
795.234410 0.000083 
794.067298 0.000209 
792.900186 0.000437 
791.733074 0.000820 
790.565963 0.001380 
789.398851 0.002231 
788.231739 0.003394 
787.064627 0.005024 
785.897516 0.007198 
784.730404 0.009913 
783.563292 0.013207 
782.396180 0.016987 
781.229069 0.021127 
780.061957 0.025620 
778.894845 0.030090 
777.727733 0.034242 
776.560622 0.037929 
775.393510 0.040902 
774.226398 0.042853 
773.059287 0.043704 
771.892175 0.043269 
770.725063 0.041603 
769.557951 0.038716 
768.390840 0.034738 
767.223728 0.030121 
766.056616 0.025148 
764.889504 0.020364 
763.722393 0.016029 
762.555281 0.012427 
761.388169 0.009434 
760.221057 0.007136 
759.053946 0.005318 
757.886834 0.004008 
756.719722 0.003092 
755.552610 0.002427 
754.385499 0.001934 
753.218387 0.001588 
752.051275 0.001319 
750.884164 0.001140 
749.717052 0.000981 
748.549940 0.000801 
747.382828 0.000690 
746.215717 0.000602 
745.048605 0.000496 
743.881493 0.000412 
742.714381 0.000414 
741.547270 0.000350 
740.380158 0.000326 
739.213046 0.000252 
738.045934 0.000194 
736.878823 0.000129 
735.711711 0.000118 
734.544599 0.000122 
733.377487 0.000069 
732.210376 0.000019 
731.043264 -0.000017 
729.876152 0.000006 
728.709041 0.000006 
727.541929 -0.000064 
726.374817 -0.000102 
725.207705 -0.000085 
724.040594 -0.000120 
722.873482 -0.000116 
721.706370 -0.000141 
720.539258 -0.000163 
719.372147 -0.000128 
718.205035 -0.000065 
717.037923 -0.000077 
715.870811 -0.000129 
714.703700 -0.000145 
713.536588 -0.000108 
712.369476 -0.000101 
711.202364 -0.000136 
710.035253 -0.000100 
708.868141 -0.000100 
707.701029 -0.000090 
706.533917 -0.000125 
705.366806 -0.000072 
704.199694 -0.000035 
703.032582 -0.000062 
701.865471 -0.000044 
700.698359 0.000001 
699.531247 -0.000009 
698.364135 -0.000056 
697.197024 -0.000093 
696.029912 0.000010 
694.862800 0.000005 
693.695688 -0.000056 
692.528577 0.000016 
691.361465 -0.000001 
690.194353 0.000007 
689.027241 0.000001 
687.860130 0.000108 
686.693018 0.000147 
685.525906 0.000114 
684.358794 0.000059 
683.191683 0.000106 
682.024571 0.000053 
680.857459 0.000022 
679.690348 0.000032 
678.523236 0.000080 
677.356124 0.000056 
676.189012 -0.000075 
675.021901 -0.000026 
673.854789 -0.000079 
672.687677 -0.000057 
671.520565 -0.000009 
670.353454 -0.000089 
669.186342 -0.000481 
668.019230 -0.000460 
666.852118 -0.000068 
665.685007 -0.000024 
664.517895 -0.000096 
663.350783 -0.000040 
662.183671 -0.000033 
661.016560 -0.000013 
659.849448 0.000063 
658.682336 0.000095 
657.515225 0.000057 
656.348113 0.000003 
655.181001 -0.000037 
654.013889 -0.000049 
652.846778 -0.000088 
651.679666 -0.000113 
650.512554 -0.000126 
649.345442 -0.000120 
648.178331 -0.000074 
647.011219 -0.000028 
645.844107 0.000021 
644.676995 -0.000028 
643.509884 -0.000075 
642.342772 -0.000147 
641.175660 -0.000253 
640.008548 -0.000370 
638.841437 -0.000394 
637.674325 -0.000489 
636.507213 -0.000547 
635.340102 -0.000585 
634.172990 -0.000606 
633.005878 -0.000564 
631.838766 -0.000661 
630.671655 -0.000609 
629.504543 -0.000565 
628.337431 -0.000473 
627.170319 -0.000411 
626.003208 -0.000351 
624.836096 -0.000344 
623.668984 -0.000230 
622.501872 -0.000154 
621.334761 -0.000127 
620.167649 -0.000183 
619.000537 -0.000177 
617.833425 -0.000019 
616.666314 0.000050 
615.499202 -0.000003 
614.332090 0.000022 
613.164979 0.000031 
611.997867 0.000072 
610.830755 0.000086 
609.663643 -0.000000 
608.496532 0.000048 
607.329420 -0.000042 
606.162308 -0.000094 
604.995196 -0.000074 
603.828085 0.000065 
602.660973 0.000132 
601.493861 -0.000043 
600.326749 -0.000026 
599.159638 -0.000063 
597.992526 -0.000065 
596.825414 0.000051 
595.658302 0.000066 
594.491191 0.000074 
593.324079 0.000151 
592.156967 0.000058 
590.989856 -0.000081 
589.822744 -0.000171 
588.655632 -0.000080 
587.488520 0.000058 
586.321409 -0.000048 
585.154297 0.000071 
583.987185 0.000056 
582.820073 0.000202 
581.652962 0.000318 
580.485850 0.000192 
579.318738 -0.000042 
578.151626 0.000182 
576.984515 -0.000284 
575.817403 -0.000347 
574.650291 0.000332 
573.483179 0.000344 
572.316068 0.000450 
571.148956 0.000542 
569.981844 0.000583 
568.814732 0.000260 
567.647621 0.000434 
566.480509 0.000465 
565.313397 0.000132 
564.146286 0.000190 
562.979174 0.000204 
561.812062 0.000621 
560.644950 0.000287 
559.477839 0.000059 
558.310727 0.000754 
557.143615 0.000446 
555.976503 0.000373 
554.809392 0.000604 
553.642280 0.000532 
552.475168 0.000536 
551.308056 0.000430 
550.140945 -0.000134 
548.973833 0.000249 
547.806721 0.000499 
546.639609 0.000470 
545.472498 -0.000033 
544.305386 -0.000104 
543.138274 -0.000547 
541.971163 -0.000000 
540.804051 0.000612 
539.636939 0.000924 
538.469827 0.001354 
537.302716 0.001974 
536.135604 0.002521 
534.968492 0.003290 
533.801380 0.004890 
532.634269 0.005977 
531.467157 0.008237 
530.300045 0.012586 
529.132933 0.018845 
527.965822 0.028666 
526.798710 0.042407 
525.631598 0.059670 
524.464486 0.080723 
523.297375 0.102902 
522.130263 0.124237 
520.963151 0.144812 
519.796040 0.164102 
518.628928 0.178295 
517.461816 0.186779 
516.294704 0.186490 
515.127593 0.175549 
513.960481 0.152872 
512.793369 0.118167 
511.626257 0.077589 
510.459146 0.040074 
509.292034 0.015543 
508.124922 0.003916 
506.957810 -0.000986 
505.790699 -0.003246 
504.623587 -0.005057 
503.456475 -0.004932 
502.289363 -0.005442 
501.122252 -0.006221 
499.955140 -0.006058 
