4000.123242 0.000062 
3998.956130 0.000322 
3997.789019 0.000015 
3996.621907 -0.000059 
3995.454795 0.000104 
3994.287683 0.000106 
3993.120572 0.000241 
3991.953460 0.000199 
3990.786348 0.000149 
3989.619236 -0.000009 
3988.452125 0.000261 
3987.285013 0.000127 
3986.117901 0.000300 
3984.950789 0.000053 
3983.783678 0.000194 
3982.616566 -0.000024 
3981.449454 0.000066 
3980.282342 0.000144 
3979.115231 0.000119 
3977.948119 -0.000087 
3976.781007 0.000125 
3975.613896 -0.000017 
3974.446784 -0.000165 
3973.279672 -0.000042 
3972.112560 0.000037 
3970.945449 -0.000019 
3969.778337 -0.000170 
3968.611225 -0.000115 
3967.444113 -0.000176 
3966.277002 -0.000168 
3965.109890 -0.000307 
3963.942778 -0.000222 
3962.775666 -0.000123 
3961.608555 -0.000135 
3960.441443 -0.000388 
3959.274331 -0.000151 
3958.107219 -0.000134 
3956.940108 -0.000134 
3955.772996 -0.000030 
3954.605884 0.000012 
3953.438772 0.000056 
3952.271661 -0.000131 
3951.104549 0.000036 
3949.937437 0.000058 
3948.770326 0.000089 
3947.603214 0.000018 
3946.436102 0.000031 
3945.268990 0.000108 
3944.101879 0.000228 
3942.934767 -0.000042 
3941.767655 0.000041 
3940.600543 -0.000012 
3939.433432 -0.000174 
3938.266320 0.000126 
3937.099208 0.000129 
3935.932096 0.000175 
3934.764985 -0.000018 
3933.597873 0.000036 
3932.430761 -0.000035 
3931.263649 -0.000028 
3930.096538 0.000187 
3928.929426 0.000047 
3927.762314 -0.000137 
3926.595203 -0.000075 
3925.428091 0.000060 
3924.260979 0.000074 
3923.093867 -0.000006 
3921.926756 -0.000068 
3920.759644 0.000015 
3919.592532 -0.000078 
3918.425420 -0.000153 
3917.258309 -0.000086 
3916.091197 0.000079 
3914.924085 -0.000017 
3913.756973 0.000182 
3912.589862 0.000077 
3911.422750 0.000053 
3910.255638 -0.000063 
3909.088526 0.000100 
3907.921415 -0.000022 
3906.754303 0.000052 
3905.587191 -0.000006 
3904.420080 -0.000010 
3903.252968 0.000020 
3902.085856 0.000008 
3900.918744 0.000170 
3899.751633 0.000042 
3898.584521 0.000129 
3897.417409 0.000072 
3896.250297 -0.000001 
3895.083186 -0.000034 
3893.916074 0.000082 
3892.748962 0.000047 
3891.581850 0.000181 
3890.414739 -0.000083 
3889.247627 -0.000005 
3888.080515 0.000009 
3886.913403 0.000192 
3885.746292 0.000139 
3884.579180 0.000022 
3883.412068 0.000169 
3882.244957 0.000245 
3881.077845 0.000449 
3879.910733 0.000227 
3878.743621 0.000084 
3877.576510 -0.000002 
3876.409398 0.000188 
3875.242286 0.000283 
3874.075174 0.000392 
3872.908063 0.000303 
3871.740951 0.000427 
3870.573839 0.000570 
3869.406727 0.000684 
3868.239616 0.000641 
3867.072504 0.000620 
3865.905392 0.000711 
3864.738280 0.000819 
3863.571169 0.000722 
3862.404057 0.000725 
3861.236945 0.000957 
3860.069833 0.000863 
3858.902722 0.001132 
3857.735610 0.000996 
3856.568498 0.000934 
3855.401387 0.000871 
3854.234275 0.001014 
3853.067163 0.000693 
3851.900051 0.000757 
3850.732940 0.000593 
3849.565828 0.000486 
3848.398716 0.000556 
3847.231604 0.000458 
3846.064493 0.000325 
3844.897381 0.000298 
3843.730269 0.000359 
3842.563157 0.000094 
3841.396046 0.000184 
3840.228934 0.000148 
3839.061822 0.000186 
3837.894710 0.000032 
3836.727599 0.000144 
3835.560487 0.000014 
3834.393375 0.000201 
3833.226264 0.000071 
3832.059152 0.000106 
3830.892040 0.000013 
3829.724928 0.000042 
3828.557817 -0.000002 
3827.390705 -0.000034 
3826.223593 -0.000079 
3825.056481 -0.000060 
3823.889370 0.000044 
3822.722258 -0.000066 
3821.555146 -0.000041 
3820.388034 -0.000170 
3819.220923 -0.000012 
3818.053811 -0.000116 
3816.886699 0.000066 
3815.719587 -0.000097 
3814.552476 -0.000104 
3813.385364 -0.000003 
3812.218252 0.000006 
3811.051141 -0.000074 
3809.884029 -0.000160 
3808.716917 -0.000096 
3807.549805 -0.000107 
3806.382694 0.000067 
3805.215582 -0.000097 
3804.048470 -0.000004 
3802.881358 -0.000027 
3801.714247 -0.000033 
3800.547135 -0.000076 
3799.380023 -0.000026 
3798.212911 -0.000065 
3797.045800 0.000017 
3795.878688 -0.000060 
3794.711576 -0.000145 
3793.544464 -0.000161 
3792.377353 -0.000145 
3791.210241 -0.000062 
3790.043129 -0.000242 
3788.876017 -0.000044 
3787.708906 -0.000048 
3786.541794 -0.000023 
3785.374682 -0.000048 
3784.207571 -0.000007 
3783.040459 -0.000021 
3781.873347 -0.000025 
3780.706235 -0.000268 
3779.539124 -0.000201 
3778.372012 -0.000190 
3777.204900 -0.000076 
3776.037788 -0.000063 
3774.870677 -0.000102 
3773.703565 -0.000079 
3772.536453 -0.000117 
3771.369341 0.000008 
3770.202230 -0.000108 
3769.035118 -0.000004 
3767.868006 -0.000205 
3766.700894 -0.000085 
3765.533783 -0.000003 
3764.366671 0.000002 
3763.199559 -0.000139 
3762.032448 -0.000115 
3760.865336 -0.000198 
3759.698224 -0.000128 
3758.531112 -0.000182 
3757.364001 -0.000187 
3756.196889 -0.000139 
3755.029777 -0.000100 
3753.862665 -0.000039 
3752.695554 -0.000097 
3751.528442 -0.000069 
3750.361330 -0.000263 
3749.194218 0.000028 
3748.027107 -0.000151 
3746.859995 0.000035 
3745.692883 -0.000224 
3744.525771 0.000017 
3743.358660 -0.000105 
3742.191548 -0.000016 
3741.024436 -0.000069 
3739.857325 -0.000134 
3738.690213 0.000033 
3737.523101 0.000012 
3736.355989 -0.000036 
3735.188878 -0.000091 
3734.021766 -0.000082 
3732.854654 -0.000172 
3731.687542 0.000050 
3730.520431 -0.000023 
3729.353319 0.000072 
3728.186207 -0.000055 
3727.019095 0.000045 
3725.851984 -0.000237 
3724.684872 -0.000212 
3723.517760 -0.000212 
3722.350648 0.000028 
3721.183537 -0.000056 
3720.016425 -0.000125 
3718.849313 -0.000277 
3717.682202 -0.000388 
3716.515090 -0.000158 
3715.347978 -0.000150 
3714.180866 -0.000012 
3713.013755 -0.000175 
3711.846643 -0.000015 
3710.679531 -0.000109 
3709.512419 0.000060 
3708.345308 -0.000123 
3707.178196 -0.000056 
3706.011084 -0.000011 
3704.843972 0.000119 
3703.676861 0.000128 
3702.509749 0.000079 
3701.342637 0.000097 
3700.175525 0.000025 
3699.008414 0.000151 
3697.841302 -0.000012 
3696.674190 0.000045 
3695.507078 -0.000026 
3694.339967 0.000141 
3693.172855 0.000002 
3692.005743 0.000029 
3690.838632 -0.000090 
3689.671520 -0.000030 
3688.504408 -0.000044 
3687.337296 -0.000001 
3686.170185 -0.000057 
3685.003073 -0.000025 
3683.835961 -0.000040 
3682.668849 0.000020 
3681.501738 0.000204 
3680.334626 0.000162 
3679.167514 0.000333 
3678.000402 0.000274 
3676.833291 0.000424 
3675.666179 0.000520 
3674.499067 0.000581 
3673.331955 0.000373 
3672.164844 0.000496 
3670.997732 0.000483 
3669.830620 0.000610 
3668.663509 0.000625 
3667.496397 0.000674 
3666.329285 0.000636 
3665.162173 0.000615 
3663.995062 0.000748 
3662.827950 0.000708 
3661.660838 0.000849 
3660.493726 0.000742 
3659.326615 0.000884 
3658.159503 0.000795 
3656.992391 0.000925 
3655.825279 0.000785 
3654.658168 0.000812 
3653.491056 0.000800 
3652.323944 0.001002 
3651.156832 0.000849 
3649.989721 0.000971 
3648.822609 0.000902 
3647.655497 0.000870 
3646.488386 0.000963 
3645.321274 0.000838 
3644.154162 0.000984 
3642.987050 0.000965 
3641.819939 0.001084 
3640.652827 0.000886 
3639.485715 0.001128 
3638.318603 0.000998 
3637.151492 0.001261 
3635.984380 0.001092 
3634.817268 0.001260 
3633.650156 0.001096 
3632.483045 0.001199 
3631.315933 0.001140 
3630.148821 0.001248 
3628.981709 0.001202 
3627.814598 0.001201 
3626.647486 0.001258 
3625.480374 0.001257 
3624.313262 0.001308 
3623.146151 0.001085 
3621.979039 0.001337 
3620.811927 0.001338 
3619.644816 0.001554 
3618.477704 0.001277 
3617.310592 0.001302 
3616.143480 0.001096 
3614.976369 0.001331 
3613.809257 0.001355 
3612.642145 0.001477 
3611.475033 0.001357 
3610.307922 0.001362 
3609.140810 0.001564 
3607.973698 0.001595 
3606.806586 0.001588 
3605.639475 0.001538 
3604.472363 0.001663 
3603.305251 0.001584 
3602.138139 0.001755 
3600.971028 0.001755 
3599.803916 0.001910 
3598.636804 0.001848 
3597.469693 0.001833 
3596.302581 0.001819 
3595.135469 0.002081 
3593.968357 0.002029 
3592.801246 0.002131 
3591.634134 0.002212 
3590.467022 0.002315 
3589.299910 0.002540 
3588.132799 0.002530 
3586.965687 0.002631 
3585.798575 0.002502 
3584.631463 0.002616 
3583.464352 0.002690 
3582.297240 0.002914 
3581.130128 0.002849 
3579.963016 0.002990 
3578.795905 0.003014 
3577.628793 0.003176 
3576.461681 0.003294 
3575.294570 0.003475 
3574.127458 0.003470 
3572.960346 0.003448 
3571.793234 0.003623 
3570.626123 0.003713 
3569.459011 0.003964 
3568.291899 0.004043 
3567.124787 0.004121 
3565.957676 0.004038 
3564.790564 0.004381 
3563.623452 0.004346 
3562.456340 0.004619 
3561.289229 0.004647 
3560.122117 0.004988 
3558.955005 0.004952 
3557.787893 0.005128 
3556.620782 0.005299 
3555.453670 0.005500 
3554.286558 0.005700 
3553.119447 0.005763 
3551.952335 0.006092 
3550.785223 0.006106 
3549.618111 0.006260 
3548.451000 0.006330 
3547.283888 0.006769 
3546.116776 0.006838 
3544.949664 0.007234 
3543.782553 0.007232 
3542.615441 0.007641 
3541.448329 0.007749 
3540.281217 0.008021 
3539.114106 0.008181 
3537.946994 0.008492 
3536.779882 0.008700 
3535.612770 0.008798 
3534.445659 0.009089 
3533.278547 0.009329 
3532.111435 0.009695 
3530.944323 0.009931 
3529.777212 0.010351 
3528.610100 0.010580 
3527.442988 0.011045 
3526.275877 0.011153 
3525.108765 0.011738 
3523.941653 0.011780 
3522.774541 0.012161 
3521.607430 0.012447 
3520.440318 0.012832 
3519.273206 0.013186 
3518.106094 0.013596 
3516.938983 0.014095 
3515.771871 0.014462 
3514.604759 0.014834 
3513.437647 0.015078 
3512.270536 0.015631 
3511.103424 0.015972 
3509.936312 0.016553 
3508.769200 0.016790 
3507.602089 0.017301 
3506.434977 0.017678 
3505.267865 0.018288 
3504.100754 0.018633 
3502.933642 0.019208 
3501.766530 0.019555 
3500.599418 0.020340 
3499.432307 0.020647 
3498.265195 0.021025 
3497.098083 0.021695 
3495.930971 0.022210 
3494.763860 0.022849 
3493.596748 0.023068 
3492.429636 0.023787 
3491.262524 0.024068 
3490.095413 0.024822 
3488.928301 0.025304 
3487.761189 0.026072 
3486.594077 0.026436 
3485.426966 0.027123 
3484.259854 0.027660 
3483.092742 0.028399 
3481.925631 0.028865 
3480.758519 0.029485 
3479.591407 0.030130 
3478.424295 0.030696 
3477.257184 0.031414 
3476.090072 0.031957 
3474.922960 0.032687 
3473.755848 0.033052 
3472.588737 0.033664 
3471.421625 0.034135 
3470.254513 0.034913 
3469.087401 0.035386 
3467.920290 0.036098 
3466.753178 0.036599 
3465.586066 0.037259 
3464.418954 0.037750 
3463.251843 0.038399 
3462.084731 0.039045 
3460.917619 0.039636 
3459.750508 0.040338 
3458.583396 0.040673 
3457.416284 0.041286 
3456.249172 0.041672 
3455.082061 0.042501 
3453.914949 0.042930 
3452.747837 0.043634 
3451.580725 0.043986 
3450.413614 0.044679 
3449.246502 0.044994 
3448.079390 0.045779 
3446.912278 0.046270 
3445.745167 0.046950 
3444.578055 0.047534 
3443.410943 0.048075 
3442.243831 0.048808 
3441.076720 0.049378 
3439.909608 0.050148 
3438.742496 0.050705 
3437.575384 0.051705 
3436.408273 0.052174 
3435.241161 0.053045 
3434.074049 0.053674 
3432.906938 0.054629 
3431.739826 0.055283 
3430.572714 0.056148 
3429.405602 0.056902 
3428.238491 0.057985 
3427.071379 0.058794 
3425.904267 0.059620 
3424.737155 0.060521 
3423.570044 0.061635 
3422.402932 0.062492 
3421.235820 0.063372 
3420.068708 0.064570 
3418.901597 0.065533 
3417.734485 0.066829 
3416.567373 0.067701 
3415.400261 0.068959 
3414.233150 0.069821 
3413.066038 0.071159 
3411.898926 0.072157 
3410.731815 0.073292 
3409.564703 0.074476 
3408.397591 0.075883 
3407.230479 0.076982 
3406.063368 0.078126 
3404.896256 0.079481 
3403.729144 0.080500 
3402.562032 0.081889 
3401.394921 0.083210 
3400.227809 0.084778 
3399.060697 0.085940 
3397.893585 0.087370 
3396.726474 0.088571 
3395.559362 0.090143 
3394.392250 0.091425 
3393.225138 0.092978 
3392.058027 0.094245 
3390.890915 0.096025 
3389.723803 0.097266 
3388.556692 0.098858 
3387.389580 0.100445 
3386.222468 0.101967 
3385.055356 0.103411 
3383.888245 0.104962 
3382.721133 0.106740 
3381.554021 0.108287 
3380.386909 0.110208 
3379.219798 0.111776 
3378.052686 0.113710 
3376.885574 0.115394 
3375.718462 0.117357 
3374.551351 0.118982 
3373.384239 0.121048 
3372.217127 0.122924 
3371.050015 0.124918 
3369.882904 0.126698 
3368.715792 0.128714 
3367.548680 0.131012 
3366.381568 0.133015 
3365.214457 0.135247 
3364.047345 0.137209 
3362.880233 0.139711 
3361.713122 0.141968 
3360.546010 0.144423 
3359.378898 0.146597 
3358.211786 0.149307 
3357.044675 0.151694 
3355.877563 0.154271 
3354.710451 0.156871 
3353.543339 0.159556 
3352.376228 0.162368 
3351.209116 0.165222 
3350.042004 0.168177 
3348.874892 0.171181 
3347.707781 0.174354 
3346.540669 0.177408 
3345.373557 0.180790 
3344.206445 0.184032 
3343.039334 0.187658 
3341.872222 0.191141 
3340.705110 0.195135 
3339.537999 0.198890 
3338.370887 0.203157 
3337.203775 0.207104 
3336.036663 0.211453 
3334.869552 0.215861 
3333.702440 0.220441 
3332.535328 0.225270 
3331.368216 0.230332 
3330.201105 0.235491 
3329.033993 0.240615 
3327.866881 0.246069 
3326.699769 0.251490 
3325.532658 0.257342 
3324.365546 0.263202 
3323.198434 0.269415 
3322.031322 0.275310 
3320.864211 0.281574 
3319.697099 0.287439 
3318.529987 0.293866 
3317.362876 0.299864 
3316.195764 0.306087 
3315.028652 0.311974 
3313.861540 0.317419 
3312.694429 0.322771 
3311.527317 0.327842 
3310.360205 0.332920 
3309.193093 0.337388 
3308.025982 0.341630 
3306.858870 0.345471 
3305.691758 0.349020 
3304.524646 0.351989 
3303.357535 0.354603 
3302.190423 0.356506 
3301.023311 0.358391 
3299.856199 0.359335 
3298.689088 0.359927 
3297.521976 0.360091 
3296.354864 0.359850 
3295.187753 0.358819 
3294.020641 0.357116 
3292.853529 0.355192 
3291.686417 0.352638 
3290.519306 0.349585 
3289.352194 0.345978 
3288.185082 0.342382 
3287.017970 0.338324 
3285.850859 0.334227 
3284.683747 0.329788 
3283.516635 0.325659 
3282.349523 0.321150 
3281.182412 0.317149 
3280.015300 0.312913 
3278.848188 0.309237 
3277.681076 0.305547 
3276.513965 0.302110 
3275.346853 0.298873 
3274.179741 0.295625 
3273.012629 0.293010 
3271.845518 0.290482 
3270.678406 0.288255 
3269.511294 0.285955 
3268.344183 0.284306 
3267.177071 0.282488 
3266.009959 0.281226 
3264.842847 0.279957 
3263.675736 0.279080 
3262.508624 0.278261 
3261.341512 0.277572 
3260.174400 0.277150 
3259.007289 0.276769 
3257.840177 0.276548 
3256.673065 0.276517 
3255.505953 0.276768 
3254.338842 0.276870 
3253.171730 0.277519 
3252.004618 0.277892 
3250.837506 0.278775 
3249.670395 0.279398 
3248.503283 0.280402 
3247.336171 0.281191 
3246.169060 0.282478 
3245.001948 0.283739 
3243.834836 0.285224 
3242.667724 0.286551 
3241.500613 0.288287 
3240.333501 0.289855 
3239.166389 0.291696 
3237.999277 0.293733 
3236.832166 0.295631 
3235.665054 0.297901 
3234.497942 0.300025 
3233.330830 0.302538 
3232.163719 0.304925 
3230.996607 0.307649 
3229.829495 0.310185 
3228.662383 0.313041 
3227.495272 0.315658 
3226.328160 0.318864 
3225.161048 0.321824 
3223.993937 0.325091 
3222.826825 0.328427 
3221.659713 0.331640 
3220.492601 0.334944 
3219.325490 0.338378 
3218.158378 0.341870 
3216.991266 0.345316 
3215.824154 0.349122 
3214.657043 0.352399 
3213.489931 0.356185 
3212.322819 0.359697 
3211.155707 0.363488 
3209.988596 0.366973 
3208.821484 0.370722 
3207.654372 0.374068 
3206.487260 0.377492 
3205.320149 0.380656 
3204.153037 0.383883 
3202.985925 0.386957 
3201.818813 0.389734 
3200.651702 0.392558 
3199.484590 0.394789 
3198.317478 0.397194 
3197.150367 0.399146 
3195.983255 0.401007 
3194.816143 0.402268 
3193.649031 0.403403 
3192.481920 0.403905 
3191.314808 0.404465 
3190.147696 0.404456 
3188.980584 0.404172 
3187.813473 0.403139 
3186.646361 0.402201 
3185.479249 0.400619 
3184.312137 0.398661 
3183.145026 0.396225 
3181.977914 0.393285 
3180.810802 0.390247 
3179.643690 0.386772 
3178.476579 0.383092 
3177.309467 0.378947 
3176.142355 0.374846 
3174.975244 0.369950 
3173.808132 0.365108 
3172.641020 0.360177 
3171.473908 0.355234 
3170.306797 0.350087 
3169.139685 0.344632 
3167.972573 0.339176 
3166.805461 0.333544 
3165.638350 0.328002 
3164.471238 0.322327 
3163.304126 0.316569 
3162.137014 0.310644 
3160.969903 0.304821 
3159.802791 0.298919 
3158.635679 0.293080 
3157.468567 0.286958 
3156.301456 0.281195 
3155.134344 0.275257 
3153.967232 0.269684 
3152.800121 0.263970 
3151.633009 0.258372 
3150.465897 0.252681 
3149.298785 0.247259 
3148.131674 0.241928 
3146.964562 0.236588 
3145.797450 0.231627 
3144.630338 0.226639 
3143.463227 0.221904 
3142.296115 0.216852 
3141.129003 0.212340 
3139.961891 0.207864 
3138.794780 0.203743 
3137.627668 0.199114 
3136.460556 0.194959 
3135.293444 0.190831 
3134.126333 0.187028 
3132.959221 0.183233 
3131.792109 0.179422 
3130.624998 0.175767 
3129.457886 0.172229 
3128.290774 0.168817 
3127.123662 0.165449 
3125.956551 0.162310 
3124.789439 0.159120 
3123.622327 0.156166 
3122.455215 0.153038 
3121.288104 0.150255 
3120.120992 0.147230 
3118.953880 0.144627 
3117.786768 0.141724 
3116.619657 0.139288 
3115.452545 0.136632 
3114.285433 0.134208 
3113.118321 0.131692 
3111.951210 0.129399 
3110.784098 0.127142 
3109.616986 0.124876 
3108.449874 0.122553 
3107.282763 0.120333 
3106.115651 0.118557 
3104.948539 0.116451 
3103.781428 0.114408 
3102.614316 0.112358 
3101.447204 0.110491 
3100.280092 0.108657 
3099.112981 0.106898 
3097.945869 0.105013 
3096.778757 0.103335 
3095.611645 0.101569 
3094.444534 0.100003 
3093.277422 0.098431 
3092.110310 0.096851 
3090.943198 0.095172 
3089.776087 0.093743 
3088.608975 0.092454 
3087.441863 0.091030 
3086.274751 0.089764 
3085.107640 0.088423 
3083.940528 0.087149 
3082.773416 0.085835 
3081.606305 0.084590 
3080.439193 0.083416 
3079.272081 0.082289 
3078.104969 0.081163 
3076.937858 0.080098 
3075.770746 0.079107 
3074.603634 0.078169 
3073.436522 0.077285 
3072.269411 0.076348 
3071.102299 0.075509 
3069.935187 0.074560 
3068.768075 0.073738 
3067.600964 0.072908 
3066.433852 0.072219 
3065.266740 0.071322 
3064.099628 0.070673 
3062.932517 0.069979 
3061.765405 0.069394 
3060.598293 0.068845 
3059.431182 0.068263 
3058.264070 0.067699 
3057.096958 0.067184 
3055.929846 0.066798 
3054.762735 0.066204 
3053.595623 0.065788 
3052.428511 0.065342 
3051.261399 0.065148 
3050.094288 0.064636 
3048.927176 0.064503 
3047.760064 0.064177 
3046.592952 0.064079 
3045.425841 0.063701 
3044.258729 0.063556 
3043.091617 0.063370 
3041.924505 0.063267 
3040.757394 0.063121 
3039.590282 0.062999 
3038.423170 0.063005 
3037.256058 0.063099 
3036.088947 0.063114 
3034.921835 0.063155 
3033.754723 0.063215 
3032.587612 0.063269 
3031.420500 0.063530 
3030.253388 0.063405 
3029.086276 0.063693 
3027.919165 0.063785 
3026.752053 0.063912 
3025.584941 0.064006 
3024.417829 0.064171 
3023.250718 0.064399 
3022.083606 0.064586 
3020.916494 0.064795 
3019.749382 0.065094 
3018.582271 0.065365 
3017.415159 0.065540 
3016.248047 0.065931 
3015.080935 0.066125 
3013.913824 0.066500 
3012.746712 0.066784 
3011.579600 0.067190 
3010.412489 0.067594 
3009.245377 0.068246 
3008.078265 0.068818 
3006.911153 0.069478 
3005.744042 0.070225 
3004.576930 0.071121 
3003.409818 0.072210 
3002.242706 0.073511 
3001.075595 0.075109 
2999.908483 0.076859 
2998.741371 0.079188 
2997.574259 0.082129 
2996.407148 0.085898 
2995.240036 0.090188 
2994.072924 0.095916 
2992.905812 0.102569 
2991.738701 0.110553 
2990.571589 0.119184 
2989.404477 0.128089 
2988.237366 0.136300 
2987.070254 0.142322 
2985.903142 0.145917 
2984.736030 0.147197 
2983.568919 0.146597 
2982.401807 0.144969 
2981.234695 0.142999 
2980.067583 0.140957 
2978.900472 0.139070 
2977.733360 0.137127 
2976.566248 0.135567 
2975.399136 0.133955 
2974.232025 0.132529 
2973.064913 0.131158 
2971.897801 0.130124 
2970.730689 0.129083 
2969.563578 0.128548 
2968.396466 0.128494 
2967.229354 0.128947 
2966.062243 0.130351 
2964.895131 0.132706 
2963.728019 0.136265 
2962.560907 0.140920 
2961.393796 0.146547 
2960.226684 0.152474 
2959.059572 0.158339 
2957.892460 0.162979 
2956.725349 0.165665 
2955.558237 0.166101 
2954.391125 0.165113 
2953.224013 0.162773 
2952.056902 0.160242 
2950.889790 0.158005 
2949.722678 0.156160 
2948.555566 0.154652 
2947.388455 0.153279 
2946.221343 0.152113 
2945.054231 0.150957 
2943.887119 0.149829 
2942.720008 0.148392 
2941.552896 0.147273 
2940.385784 0.145965 
2939.218673 0.144851 
2938.051561 0.143608 
2936.884449 0.142660 
2935.717337 0.141519 
2934.550226 0.140491 
2933.383114 0.139430 
2932.216002 0.138547 
2931.048890 0.137445 
2929.881779 0.136081 
2928.714667 0.134982 
2927.547555 0.133737 
2926.380443 0.132320 
2925.213332 0.130717 
2924.046220 0.129123 
2922.879108 0.127130 
2921.711996 0.125361 
2920.544885 0.123450 
2919.377773 0.121867 
2918.210661 0.120147 
2917.043550 0.118818 
2915.876438 0.117423 
2914.709326 0.116410 
2913.542214 0.115827 
2912.375103 0.115595 
2911.207991 0.115424 
2910.040879 0.115112 
2908.873767 0.114598 
2907.706656 0.114060 
2906.539544 0.113474 
2905.372432 0.112516 
2904.205320 0.111692 
2903.038209 0.110691 
2901.871097 0.109716 
2900.703985 0.108489 
2899.536873 0.107307 
2898.369762 0.105948 
2897.202650 0.104703 
2896.035538 0.103194 
2894.868427 0.101762 
2893.701315 0.100292 
2892.534203 0.098751 
2891.367091 0.097188 
2890.199980 0.095564 
2889.032868 0.094256 
2887.865756 0.092851 
2886.698644 0.091571 
2885.531533 0.090229 
2884.364421 0.088976 
2883.197309 0.087721 
2882.030197 0.086486 
2880.863086 0.085236 
2879.695974 0.084115 
2878.528862 0.083002 
2877.361750 0.081996 
2876.194639 0.081006 
2875.027527 0.080058 
2873.860415 0.079311 
2872.693303 0.078395 
2871.526192 0.077734 
2870.359080 0.076872 
2869.191968 0.076299 
2868.024857 0.075509 
2866.857745 0.074905 
2865.690633 0.074241 
2864.523521 0.073868 
2863.356410 0.073387 
2862.189298 0.073136 
2861.022186 0.072800 
2859.855074 0.072699 
2858.687963 0.072764 
2857.520851 0.072994 
2856.353739 0.073569 
2855.186627 0.074078 
2854.019516 0.074861 
2852.852404 0.075738 
2851.685292 0.077137 
2850.518180 0.078768 
2849.351069 0.081107 
2848.183957 0.083583 
2847.016845 0.086508 
2845.849734 0.089501 
2844.682622 0.093287 
2843.515510 0.098281 
2842.348398 0.104215 
2841.181287 0.110018 
2840.014175 0.115768 
2838.847063 0.121860 
2837.679951 0.129202 
2836.512840 0.139642 
2835.345728 0.153157 
2834.178616 0.168111 
2833.011504 0.179393 
2831.844393 0.183017 
2830.677281 0.178292 
2829.510169 0.168610 
2828.343057 0.156906 
2827.175946 0.145737 
2826.008834 0.135486 
2824.841722 0.126147 
2823.674611 0.117531 
2822.507499 0.109526 
2821.340387 0.102166 
2820.173275 0.095299 
2819.006164 0.089040 
2817.839052 0.083298 
2816.671940 0.078037 
2815.504828 0.073022 
2814.337717 0.068660 
2813.170605 0.064496 
2812.003493 0.060761 
2810.836381 0.057167 
2809.669270 0.054030 
2808.502158 0.050975 
2807.335046 0.048191 
2806.167934 0.045528 
2805.000823 0.043065 
2803.833711 0.040771 
2802.666599 0.038633 
2801.499488 0.036604 
2800.332376 0.034664 
2799.165264 0.032936 
2797.998152 0.031199 
2796.831041 0.029720 
2795.663929 0.027970 
2794.496817 0.026562 
2793.329705 0.025084 
2792.162594 0.023966 
2790.995482 0.022655 
2789.828370 0.021497 
2788.661258 0.020409 
2787.494147 0.019421 
2786.327035 0.018429 
2785.159923 0.017457 
2783.992811 0.016686 
2782.825700 0.015699 
2781.658588 0.014879 
2780.491476 0.014034 
2779.324364 0.013377 
2778.157253 0.012671 
2776.990141 0.012150 
2775.823029 0.011354 
2774.655918 0.010809 
2773.488806 0.010191 
2772.321694 0.009752 
2771.154582 0.009073 
2769.987471 0.008584 
2768.820359 0.008196 
2767.653247 0.007846 
2766.486135 0.007383 
2765.319024 0.006991 
2764.151912 0.006741 
2762.984800 0.006308 
2761.817688 0.006040 
2760.650577 0.005674 
2759.483465 0.005539 
2758.316353 0.005202 
2757.149241 0.004969 
2755.982130 0.004668 
2754.815018 0.004517 
2753.647906 0.004202 
2752.480795 0.004042 
2751.313683 0.003695 
2750.146571 0.003589 
2748.979459 0.003414 
2747.812348 0.003186 
2746.645236 0.002993 
2745.478124 0.002714 
2744.311012 0.002539 
2743.143901 0.002350 
2741.976789 0.002324 
2740.809677 0.001991 
2739.642565 0.001903 
2738.475454 0.001669 
2737.308342 0.001575 
2736.141230 0.001376 
2734.974118 0.001241 
2733.807007 0.001098 
2732.639895 0.001067 
2731.472783 0.000923 
2730.305672 0.000864 
2729.138560 0.000767 
2727.971448 0.000585 
2726.804336 0.000620 
2725.637225 0.000510 
2724.470113 0.000459 
2723.303001 0.000282 
2722.135889 0.000317 
2720.968778 0.000224 
2719.801666 0.000199 
2718.634554 0.000072 
2717.467442 0.000034 
2716.300331 -0.000047 
2715.133219 0.000064 
2713.966107 -0.000022 
2712.798995 -0.000061 
2711.631884 -0.000132 
2710.464772 -0.000148 
2709.297660 -0.000085 
2708.130548 -0.000163 
2706.963437 -0.000047 
2705.796325 -0.000065 
2704.629213 0.000060 
2703.462102 0.000052 
2702.294990 0.000224 
2701.127878 0.000096 
2699.960766 0.000135 
2698.793655 0.000057 
2697.626543 0.000128 
2696.459431 0.000175 
2695.292319 0.000187 
2694.125208 0.000255 
2692.958096 0.000277 
2691.790984 0.000358 
2690.623872 0.000370 
2689.456761 0.000529 
2688.289649 0.000435 
2687.122537 0.000534 
2685.955425 0.000552 
2684.788314 0.000718 
2683.621202 0.000733 
2682.454090 0.000904 
2681.286979 0.000957 
2680.119867 0.001102 
2678.952755 0.001189 
2677.785643 0.001304 
2676.618532 0.001421 
2675.451420 0.001577 
2674.284308 0.001692 
2673.117196 0.001831 
2671.950085 0.002019 
2670.782973 0.002171 
2669.615861 0.002381 
2668.448749 0.002538 
2667.281638 0.002808 
2666.114526 0.002971 
2664.947414 0.003245 
2663.780302 0.003482 
2662.613191 0.003813 
2661.446079 0.004024 
2660.278967 0.004288 
2659.111856 0.004555 
2657.944744 0.004905 
2656.777632 0.005218 
2655.610520 0.005555 
2654.443409 0.005934 
2653.276297 0.006229 
2652.109185 0.006625 
2650.942073 0.006788 
2649.774962 0.007224 
2648.607850 0.007388 
2647.440738 0.007731 
2646.273626 0.007946 
2645.106515 0.008348 
2643.939403 0.008553 
2642.772291 0.008790 
2641.605179 0.008878 
2640.438068 0.009089 
2639.270956 0.009294 
2638.103844 0.009484 
2636.936733 0.009681 
2635.769621 0.009861 
2634.602509 0.009952 
2633.435397 0.009989 
2632.268286 0.010239 
2631.101174 0.010391 
2629.934062 0.010606 
2628.766950 0.010749 
2627.599839 0.010978 
2626.432727 0.011114 
2625.265615 0.011456 
2624.098503 0.011621 
2622.931392 0.011891 
2621.764280 0.012086 
2620.597168 0.012352 
2619.430056 0.012665 
2618.262945 0.012941 
2617.095833 0.013135 
2615.928721 0.013356 
2614.761609 0.013595 
2613.594498 0.013704 
2612.427386 0.013753 
2611.260274 0.013763 
2610.093163 0.013780 
2608.926051 0.013627 
2607.758939 0.013529 
2606.591827 0.013361 
2605.424716 0.013176 
2604.257604 0.013082 
2603.090492 0.012980 
2601.923380 0.012920 
2600.756269 0.012869 
2599.589157 0.013012 
2598.422045 0.013056 
2597.254933 0.013243 
2596.087822 0.013196 
2594.920710 0.013266 
2593.753598 0.013162 
2592.586486 0.013196 
2591.419375 0.013059 
2590.252263 0.012962 
2589.085151 0.012770 
2587.918040 0.012632 
2586.750928 0.012492 
2585.583816 0.012354 
2584.416704 0.012326 
2583.249593 0.012161 
2582.082481 0.012110 
2580.915369 0.012005 
2579.748257 0.012050 
2578.581146 0.011852 
2577.414034 0.011968 
2576.246922 0.011921 
2575.079810 0.012005 
2573.912699 0.011930 
2572.745587 0.012072 
2571.578475 0.012048 
2570.411363 0.012209 
2569.244252 0.012201 
2568.077140 0.012303 
2566.910028 0.012415 
2565.742917 0.012452 
2564.575805 0.012581 
2563.408693 0.012640 
2562.241581 0.012792 
2561.074470 0.012917 
2559.907358 0.013195 
2558.740246 0.013408 
2557.573134 0.013763 
2556.406023 0.014041 
2555.238911 0.014389 
2554.071799 0.014542 
2552.904687 0.014884 
2551.737576 0.015141 
2550.570464 0.015344 
2549.403352 0.015523 
2548.236240 0.015846 
2547.069129 0.016132 
2545.902017 0.016380 
2544.734905 0.016710 
2543.567794 0.017087 
2542.400682 0.017455 
2541.233570 0.017858 
2540.066458 0.018267 
2538.899347 0.018660 
2537.732235 0.019093 
2536.565123 0.019461 
2535.398011 0.019668 
2534.230900 0.019656 
2533.063788 0.019496 
2531.896676 0.019072 
2530.729564 0.018559 
2529.562453 0.017840 
2528.395341 0.016969 
2527.228229 0.016133 
2526.061117 0.015268 
2524.894006 0.014433 
2523.726894 0.013603 
2522.559782 0.012819 
2521.392670 0.012064 
2520.225559 0.011365 
2519.058447 0.010741 
2517.891335 0.010238 
2516.724224 0.009755 
2515.557112 0.009314 
2514.390000 0.008941 
2513.222888 0.008436 
2512.055777 0.008100 
2510.888665 0.007707 
2509.721553 0.007472 
2508.554441 0.007054 
2507.387330 0.006786 
2506.220218 0.006398 
2505.053106 0.006098 
2503.885994 0.005767 
2502.718883 0.005591 
2501.551771 0.005218 
2500.384659 0.004945 
2499.217547 0.004678 
2498.050436 0.004412 
2496.883324 0.004196 
2495.716212 0.003962 
2494.549101 0.003723 
2493.381989 0.003555 
2492.214877 0.003461 
2491.047765 0.003274 
2489.880654 0.003207 
2488.713542 0.003122 
2487.546430 0.003114 
2486.379318 0.003028 
2485.212207 0.002964 
2484.045095 0.002842 
2482.877983 0.002840 
2481.710871 0.002770 
2480.543760 0.002684 
2479.376648 0.002717 
2478.209536 0.002729 
2477.042424 0.002796 
2475.875313 0.002828 
2474.708201 0.002936 
2473.541089 0.003049 
2472.373978 0.003180 
2471.206866 0.003272 
2470.039754 0.003491 
2468.872642 0.003610 
2467.705531 0.003786 
2466.538419 0.003953 
2465.371307 0.004292 
2464.204195 0.004585 
2463.037084 0.004830 
2461.869972 0.005140 
2460.702860 0.005353 
2459.535748 0.005560 
2458.368637 0.005585 
2457.201525 0.005650 
2456.034413 0.005533 
2454.867301 0.005464 
2453.700190 0.005181 
2452.533078 0.005031 
2451.365966 0.004726 
2450.198854 0.004490 
2449.031743 0.004145 
2447.864631 0.003881 
2446.697519 0.003448 
2445.530408 0.003190 
2444.363296 0.002939 
2443.196184 0.002464 
2442.029072 0.002193 
2440.861961 0.001946 
2439.694849 0.001777 
2438.527737 0.001562 
2437.360625 0.001479 
2436.193514 0.001252 
2435.026402 0.001190 
2433.859290 0.000954 
2432.692178 0.000926 
2431.525067 0.000800 
2430.357955 0.000833 
2429.190843 0.000805 
2428.023731 0.000761 
2426.856620 0.000691 
2425.689508 0.000672 
2424.522396 0.000633 
2423.355285 0.000511 
2422.188173 0.000576 
2421.021061 0.000464 
2419.853949 0.000527 
2418.686838 0.000409 
2417.519726 0.000439 
2416.352614 0.000409 
2415.185502 0.000434 
2414.018391 0.000359 
2412.851279 0.000362 
2411.684167 0.000328 
2410.517055 0.000244 
2409.349944 0.000284 
2408.182832 0.000222 
2407.015720 0.000258 
2405.848608 0.000177 
2404.681497 0.000262 
2403.514385 0.000225 
2402.347273 0.000247 
2401.180162 0.000137 
2400.013050 0.000220 
2398.845938 0.000229 
2397.678826 0.000244 
2396.511715 0.000121 
2395.344603 0.000125 
2394.177491 0.000122 
2393.010379 0.000034 
2391.843268 0.000088 
2390.676156 0.000027 
2389.509044 0.000115 
2388.341932 0.000091 
2387.174821 0.000064 
2386.007709 0.000013 
2384.840597 0.000133 
2383.673485 0.000012 
2382.506374 0.000107 
2381.339262 0.000024 
2380.172150 0.000161 
2379.005039 0.000048 
2377.837927 0.000277 
2376.670815 0.000238 
2375.503703 0.000287 
2374.336592 0.000379 
2373.169480 0.000420 
2372.002368 0.000461 
2370.835256 0.000481 
2369.668145 0.000607 
2368.501033 0.000618 
2367.333921 0.000785 
2366.166809 0.000758 
2364.999698 0.000862 
2363.832586 0.000768 
2362.665474 0.000944 
2361.498362 0.000854 
2360.331251 0.000878 
2359.164139 0.000781 
2357.997027 0.000806 
2356.829915 0.000648 
2355.662804 0.000654 
2354.495692 0.000594 
2353.328580 0.000482 
2352.161469 0.000405 
2350.994357 0.000305 
2349.827245 0.000294 
2348.660133 0.000224 
2347.493022 0.000348 
2346.325910 0.000250 
2345.158798 0.000321 
2343.991686 0.000303 
2342.824575 0.000569 
2341.657463 0.000522 
2340.490351 0.000609 
2339.323239 0.000628 
2338.156128 0.000624 
2336.989016 0.000660 
2335.821904 0.000780 
2334.654792 0.000658 
2333.487681 0.000594 
2332.320569 0.000738 
2331.153457 0.000575 
2329.986346 0.000738 
2328.819234 0.000673 
2327.652122 0.000713 
2326.485010 0.000746 
2325.317899 0.000731 
2324.150787 0.000609 
2322.983675 0.000732 
2321.816563 0.000512 
2320.649452 0.000694 
2319.482340 0.000624 
2318.315228 0.000656 
2317.148116 0.000757 
2315.981005 0.000594 
2314.813893 0.000759 
2313.646781 0.000627 
2312.479669 0.000749 
2311.312558 0.000593 
2310.145446 0.000713 
2308.978334 0.000638 
2307.811223 0.000774 
2306.644111 0.000652 
2305.476999 0.000777 
2304.309887 0.000746 
2303.142776 0.000791 
2301.975664 0.000721 
2300.808552 0.000735 
2299.641440 0.000735 
2298.474329 0.000742 
2297.307217 0.000880 
2296.140105 0.000780 
2294.972993 0.000893 
2293.805882 0.000827 
2292.638770 0.000996 
2291.471658 0.000916 
2290.304546 0.001151 
2289.137435 0.001059 
2287.970323 0.001221 
2286.803211 0.001237 
2285.636099 0.001439 
2284.468988 0.001445 
2283.301876 0.001599 
2282.134764 0.001689 
2280.967653 0.001835 
2279.800541 0.001961 
2278.633429 0.002008 
2277.466317 0.002194 
2276.299206 0.002267 
2275.132094 0.002382 
2273.964982 0.002368 
2272.797870 0.002585 
2271.630759 0.002487 
2270.463647 0.002622 
2269.296535 0.002576 
2268.129423 0.002642 
2266.962312 0.002638 
2265.795200 0.002692 
2264.628088 0.002747 
2263.460976 0.002755 
2262.293865 0.002811 
2261.126753 0.002862 
2259.959641 0.002968 
2258.792530 0.002929 
2257.625418 0.003137 
2256.458306 0.003171 
2255.291194 0.003440 
2254.124083 0.003417 
2252.956971 0.003658 
2251.789859 0.003576 
2250.622747 0.003719 
2249.455636 0.003630 
2248.288524 0.003640 
2247.121412 0.003462 
2245.954300 0.003468 
2244.787189 0.003359 
2243.620077 0.003233 
2242.452965 0.003194 
2241.285853 0.003125 
2240.118742 0.003232 
2238.951630 0.003105 
2237.784518 0.003323 
2236.617407 0.003176 
2235.450295 0.003329 
2234.283183 0.003223 
2233.116071 0.003414 
2231.948960 0.003295 
2230.781848 0.003507 
2229.614736 0.003394 
2228.447624 0.003544 
2227.280513 0.003495 
2226.113401 0.003446 
2224.946289 0.003255 
2223.779177 0.002962 
2222.612066 0.002771 
2221.444954 0.002363 
2220.277842 0.002275 
2219.110730 0.001872 
2217.943619 0.001826 
2216.776507 0.001491 
2215.609395 0.001535 
2214.442284 0.001314 
2213.275172 0.001380 
2212.108060 0.001221 
2210.940948 0.001238 
2209.773837 0.001167 
2208.606725 0.001144 
2207.439613 0.001010 
2206.272501 0.000969 
2205.105390 0.000999 
2203.938278 0.000848 
2202.771166 0.000961 
2201.604054 0.000828 
2200.436943 0.000980 
2199.269831 0.000747 
2198.102719 0.000847 
2196.935607 0.000683 
2195.768496 0.000820 
2194.601384 0.000671 
2193.434272 0.000729 
2192.267160 0.000682 
2191.100049 0.000764 
2189.932937 0.000697 
2188.765825 0.000689 
2187.598714 0.000762 
2186.431602 0.000722 
2185.264490 0.000821 
2184.097378 0.000717 
2182.930267 0.000788 
2181.763155 0.000658 
2180.596043 0.000827 
2179.428931 0.000681 
2178.261820 0.000816 
2177.094708 0.000718 
2175.927596 0.000853 
2174.760484 0.000773 
2173.593373 0.000805 
2172.426261 0.000676 
2171.259149 0.000608 
2170.092037 0.000606 
2168.924926 0.000443 
2167.757814 0.000442 
2166.590702 0.000390 
2165.423591 0.000493 
2164.256479 0.000270 
2163.089367 0.000448 
2161.922255 0.000268 
2160.755144 0.000387 
2159.588032 0.000281 
2158.420920 0.000445 
2157.253808 0.000337 
2156.086697 0.000401 
2154.919585 0.000331 
2153.752473 0.000347 
2152.585361 0.000314 
2151.418250 0.000328 
2150.251138 0.000409 
2149.084026 0.000370 
2147.916914 0.000586 
2146.749803 0.000451 
2145.582691 0.000538 
2144.415579 0.000381 
2143.248468 0.000593 
2142.081356 0.000341 
2140.914244 0.000467 
2139.747132 0.000318 
2138.580021 0.000449 
2137.412909 0.000326 
2136.245797 0.000349 
2135.078685 0.000224 
2133.911574 0.000181 
2132.744462 0.000157 
2131.577350 0.000061 
2130.410238 0.000198 
2129.243127 0.000090 
2128.076015 0.000215 
2126.908903 0.000000 
2125.741791 0.000126 
2124.574680 -0.000061 
2123.407568 0.000064 
2122.240456 -0.000034 
2121.073344 0.000046 
2119.906233 -0.000060 
2118.739121 0.000077 
2117.572009 -0.000044 
2116.404898 0.000002 
2115.237786 0.000037 
2114.070674 0.000018 
2112.903562 0.000038 
2111.736451 -0.000074 
2110.569339 0.000050 
2109.402227 -0.000014 
2108.235115 0.000191 
2107.068004 0.000035 
2105.900892 0.000213 
2104.733780 0.000061 
2103.566668 0.000169 
2102.399557 0.000025 
2101.232445 0.000170 
2100.065333 0.000082 
2098.898221 0.000178 
2097.731110 0.000128 
2096.563998 0.000120 
2095.396886 0.000172 
2094.229775 0.000045 
2093.062663 0.000111 
2091.895551 -0.000000 
2090.728439 0.000130 
2089.561328 0.000006 
2088.394216 0.000214 
2087.227104 0.000087 
2086.059992 0.000334 
2084.892881 0.000080 
2083.725769 0.000232 
2082.558657 0.000177 
2081.391545 0.000283 
2080.224434 0.000314 
2079.057322 0.000359 
2077.890210 0.000431 
2076.723098 0.000391 
2075.555987 0.000539 
2074.388875 0.000426 
2073.221763 0.000647 
2072.054652 0.000547 
2070.887540 0.000825 
2069.720428 0.000763 
2068.553316 0.001114 
2067.386205 0.001136 
2066.219093 0.001503 
2065.051981 0.001487 
2063.884869 0.001644 
2062.717758 0.001649 
2061.550646 0.001711 
2060.383534 0.001811 
2059.216422 0.001938 
2058.049311 0.002157 
2056.882199 0.002222 
2055.715087 0.002458 
2054.547975 0.002448 
2053.380864 0.002759 
2052.213752 0.002709 
2051.046640 0.003057 
2049.879529 0.002935 
2048.712417 0.003193 
2047.545305 0.003234 
2046.378193 0.003627 
2045.211082 0.003857 
2044.043970 0.004336 
2042.876858 0.005025 
2041.709746 0.006151 
2040.542635 0.008340 
2039.375523 0.011279 
2038.208411 0.013928 
2037.041299 0.013140 
2035.874188 0.009725 
2034.707076 0.005979 
2033.539964 0.003898 
2032.372852 0.002414 
2031.205741 0.001873 
2030.038629 0.001247 
2028.871517 0.001034 
2027.704405 0.000710 
2026.537294 0.000573 
2025.370182 0.000392 
2024.203070 0.000302 
2023.035959 0.000271 
2021.868847 0.000209 
2020.701735 0.000228 
2019.534623 0.000032 
2018.367512 0.000122 
2017.200400 -0.000050 
2016.033288 0.000213 
2014.866176 -0.000023 
2013.699065 0.000100 
2012.531953 -0.000073 
2011.364841 0.000114 
2010.197729 -0.000083 
2009.030618 0.000017 
2007.863506 -0.000118 
2006.696394 -0.000056 
2005.529282 -0.000025 
2004.362171 -0.000018 
2003.195059 0.000034 
2002.027947 -0.000020 
2000.860836 0.000098 
1999.693724 -0.000040 
1998.526612 0.000063 
1997.359500 -0.000151 
1996.192389 0.000015 
1995.025277 -0.000153 
1993.858165 -0.000046 
1992.691053 -0.000208 
1991.523942 -0.000111 
1990.356830 -0.000155 
1989.189718 -0.000113 
1988.022606 -0.000206 
1986.855495 -0.000162 
1985.688383 -0.000087 
1984.521271 -0.000119 
1983.354159 -0.000037 
1982.187048 -0.000173 
1981.019936 -0.000042 
1979.852824 -0.000143 
1978.685713 0.000010 
1977.518601 -0.000190 
1976.351489 -0.000035 
1975.184377 -0.000181 
1974.017266 -0.000037 
1972.850154 -0.000157 
1971.683042 -0.000054 
1970.515930 -0.000124 
1969.348819 -0.000102 
1968.181707 -0.000046 
1967.014595 -0.000085 
1965.847483 0.000048 
1964.680372 -0.000065 
1963.513260 0.000145 
1962.346148 -0.000034 
1961.179036 0.000100 
1960.011925 -0.000079 
1958.844813 0.000211 
1957.677701 0.000029 
1956.510589 0.000177 
1955.343478 0.000079 
1954.176366 0.000186 
1953.009254 0.000083 
1951.842143 0.000179 
1950.675031 0.000212 
1949.507919 0.000148 
1948.340807 0.000236 
1947.173696 0.000163 
1946.006584 0.000371 
1944.839472 0.000242 
1943.672360 0.000526 
1942.505249 0.000331 
1941.338137 0.000466 
1940.171025 0.000291 
1939.003913 0.000564 
1937.836802 0.000424 
1936.669690 0.000631 
1935.502578 0.000496 
1934.335466 0.000586 
1933.168355 0.000593 
1932.001243 0.000704 
1930.834131 0.000649 
1929.667020 0.000529 
1928.499908 0.000697 
1927.332796 0.000577 
1926.165684 0.000732 
1924.998573 0.000522 
1923.831461 0.000671 
1922.664349 0.000442 
1921.497237 0.000579 
1920.330126 0.000372 
1919.163014 0.000520 
1917.995902 0.000328 
1916.828790 0.000492 
1915.661679 0.000390 
1914.494567 0.000338 
1913.327455 0.000258 
1912.160343 0.000265 
1910.993232 0.000375 
1909.826120 0.000188 
1908.659008 0.000314 
1907.491897 0.000155 
1906.324785 0.000247 
1905.157673 0.000025 
1903.990561 0.000224 
1902.823450 0.000064 
1901.656338 0.000235 
1900.489226 0.000005 
1899.322114 0.000096 
1898.155003 0.000051 
1896.987891 0.000099 
1895.820779 0.000066 
1894.653667 0.000051 
1893.486556 0.000087 
1892.319444 -0.000036 
1891.152332 0.000135 
1889.985220 -0.000033 
1888.818109 0.000113 
1887.650997 -0.000067 
1886.483885 0.000071 
1885.316774 -0.000118 
1884.149662 0.000048 
1882.982550 -0.000121 
1881.815438 -0.000006 
1880.648327 -0.000077 
1879.481215 0.000047 
1878.314103 0.000009 
1877.146991 -0.000061 
1875.979880 0.000012 
1874.812768 -0.000116 
1873.645656 -0.000020 
1872.478544 -0.000154 
1871.311433 0.000016 
1870.144321 -0.000218 
1868.977209 -0.000024 
1867.810097 -0.000194 
1866.642986 0.000056 
1865.475874 -0.000198 
1864.308762 -0.000013 
1863.141650 -0.000161 
1861.974539 -0.000050 
1860.807427 -0.000119 
1859.640315 -0.000130 
1858.473204 -0.000103 
1857.306092 -0.000102 
1856.138980 0.000046 
1854.971868 -0.000115 
1853.804757 -0.000005 
1852.637645 -0.000239 
1851.470533 0.000046 
1850.303421 -0.000117 
1849.136310 0.000056 
1847.969198 -0.000182 
1846.802086 0.000040 
1845.634974 -0.000131 
1844.467863 0.000007 
1843.300751 -0.000115 
1842.133639 -0.000042 
1840.966527 -0.000082 
1839.799416 -0.000098 
1838.632304 -0.000023 
1837.465192 -0.000165 
1836.298081 -0.000042 
1835.130969 -0.000115 
1833.963857 0.000042 
1832.796745 -0.000143 
1831.629634 0.000028 
1830.462522 -0.000189 
1829.295410 0.000025 
1828.128298 -0.000189 
1826.961187 -0.000010 
1825.794075 -0.000209 
1824.626963 -0.000109 
1823.459851 -0.000133 
1822.292740 -0.000114 
1821.125628 -0.000093 
1819.958516 -0.000113 
1818.791404 -0.000053 
1817.624293 -0.000181 
1816.457181 0.000006 
1815.290069 -0.000205 
1814.122958 -0.000003 
1812.955846 -0.000222 
1811.788734 0.000004 
1810.621622 -0.000244 
1809.454511 0.000022 
1808.287399 -0.000120 
1807.120287 -0.000051 
1805.953175 -0.000080 
1804.786064 -0.000007 
1803.618952 -0.000009 
1802.451840 -0.000041 
1801.284728 0.000063 
1800.117617 -0.000052 
1798.950505 0.000096 
1797.783393 -0.000085 
1796.616281 0.000175 
1795.449170 -0.000088 
1794.282058 0.000173 
1793.114946 -0.000003 
1791.947835 0.000300 
1790.780723 0.000127 
1789.613611 0.000302 
1788.446499 0.000183 
1787.279388 0.000289 
1786.112276 0.000200 
1784.945164 0.000190 
1783.778052 0.000328 
1782.610941 0.000292 
1781.443829 0.000439 
1780.276717 0.000267 
1779.109605 0.000502 
1777.942494 0.000278 
1776.775382 0.000571 
1775.608270 0.000457 
1774.441158 0.000692 
1773.274047 0.000521 
1772.106935 0.000747 
1770.939823 0.000602 
1769.772711 0.000733 
1768.605600 0.000656 
1767.438488 0.000700 
1766.271376 0.000800 
1765.104265 0.000734 
1763.937153 0.000805 
1762.770041 0.000684 
1761.602929 0.000913 
1760.435818 0.000725 
1759.268706 0.000955 
1758.101594 0.000784 
1756.934482 0.001005 
1755.767371 0.000765 
1754.600259 0.000949 
1753.433147 0.000843 
1752.266035 0.000962 
1751.098924 0.000881 
1749.931812 0.001015 
1748.764700 0.001010 
1747.597588 0.000955 
1746.430477 0.001026 
1745.263365 0.000955 
1744.096253 0.001210 
1742.929142 0.001022 
1741.762030 0.001357 
1740.594918 0.001185 
1739.427806 0.001473 
1738.260695 0.001288 
1737.093583 0.001620 
1735.926471 0.001363 
1734.759359 0.001553 
1733.592248 0.001457 
1732.425136 0.001605 
1731.258024 0.001569 
1730.090912 0.001577 
1728.923801 0.001586 
1727.756689 0.001523 
1726.589577 0.001728 
1725.422465 0.001597 
1724.255354 0.001767 
1723.088242 0.001541 
1721.921130 0.001910 
1720.754019 0.001682 
1719.586907 0.001954 
1718.419795 0.001777 
1717.252683 0.002056 
1716.085572 0.001836 
1714.918460 0.002085 
1713.751348 0.002034 
1712.584236 0.002079 
1711.417125 0.002097 
1710.250013 0.002119 
1709.082901 0.002262 
1707.915789 0.002205 
1706.748678 0.002436 
1705.581566 0.002246 
1704.414454 0.002539 
1703.247342 0.002394 
1702.080231 0.002680 
1700.913119 0.002499 
1699.746007 0.002826 
1698.578895 0.002679 
1697.411784 0.002912 
1696.244672 0.002861 
1695.077560 0.003034 
1693.910449 0.003017 
1692.743337 0.003096 
1691.576225 0.003196 
1690.409113 0.003170 
1689.242002 0.003351 
1688.074890 0.003281 
1686.907778 0.003570 
1685.740666 0.003407 
1684.573555 0.003715 
1683.406443 0.003516 
1682.239331 0.003766 
1681.072219 0.003572 
1679.905108 0.003785 
1678.737996 0.003701 
1677.570884 0.003816 
1676.403772 0.003806 
1675.236661 0.003846 
1674.069549 0.003888 
1672.902437 0.003878 
1671.735326 0.003911 
1670.568214 0.003760 
1669.401102 0.003955 
1668.233990 0.003738 
1667.066879 0.003951 
1665.899767 0.003682 
1664.732655 0.003900 
1663.565543 0.003538 
1662.398432 0.003645 
1661.231320 0.003412 
1660.064208 0.003573 
1658.897096 0.003501 
1657.729985 0.003576 
1656.562873 0.003679 
1655.395761 0.003751 
1654.228649 0.003946 
1653.061538 0.003912 
1651.894426 0.004080 
1650.727314 0.003800 
1649.560203 0.004005 
1648.393091 0.003793 
1647.225979 0.004083 
1646.058867 0.003854 
1644.891756 0.004042 
1643.724644 0.003731 
1642.557532 0.003912 
1641.390420 0.003636 
1640.223309 0.003669 
1639.056197 0.003634 
1637.889085 0.003733 
1636.721973 0.003830 
1635.554862 0.003822 
1634.387750 0.003912 
1633.220638 0.003641 
1632.053526 0.003774 
1630.886415 0.003585 
1629.719303 0.004031 
1628.552191 0.003952 
1627.385080 0.004476 
1626.217968 0.004431 
1625.050856 0.004733 
1623.883744 0.004607 
1622.716633 0.004950 
1621.549521 0.005053 
1620.382409 0.005308 
1619.215297 0.005482 
1618.048186 0.005582 
1616.881074 0.005689 
1615.713962 0.005565 
1614.546850 0.005771 
1613.379739 0.005643 
1612.212627 0.005962 
1611.045515 0.005769 
1609.878403 0.006007 
1608.711292 0.005817 
1607.544180 0.006126 
1606.377068 0.006002 
1605.209956 0.006284 
1604.042845 0.006218 
1602.875733 0.006391 
1601.708621 0.006452 
1600.541510 0.006568 
1599.374398 0.006704 
1598.207286 0.006660 
1597.040174 0.006920 
1595.873063 0.006840 
1594.705951 0.007189 
1593.538839 0.007003 
1592.371727 0.007377 
1591.204616 0.007194 
1590.037504 0.007574 
1588.870392 0.007487 
1587.703280 0.007819 
1586.536169 0.007776 
1585.369057 0.008032 
1584.201945 0.008110 
1583.034833 0.008286 
1581.867722 0.008444 
1580.700610 0.008556 
1579.533498 0.008843 
1578.366387 0.008842 
1577.199275 0.009241 
1576.032163 0.009198 
1574.865051 0.009611 
1573.697940 0.009471 
1572.530828 0.009977 
1571.363716 0.009940 
1570.196604 0.010348 
1569.029493 0.010336 
1567.862381 0.010709 
1566.695269 0.010784 
1565.528157 0.011074 
1564.361046 0.011254 
1563.193934 0.011475 
1562.026822 0.011695 
1560.859710 0.011864 
1559.692599 0.012261 
1558.525487 0.012267 
1557.358375 0.012621 
1556.191264 0.012532 
1555.024152 0.012823 
1553.857040 0.012667 
1552.689928 0.013233 
1551.522817 0.013450 
1550.355705 0.014085 
1549.188593 0.014351 
1548.021481 0.014786 
1546.854370 0.014913 
1545.687258 0.015173 
1544.520146 0.015397 
1543.353034 0.015424 
1542.185923 0.015667 
1541.018811 0.015739 
1539.851699 0.016447 
1538.684587 0.017075 
1537.517476 0.018221 
1536.350364 0.018696 
1535.183252 0.019535 
1534.016140 0.019827 
1532.849029 0.020612 
1531.681917 0.021197 
1530.514805 0.022035 
1529.347694 0.022660 
1528.180582 0.023525 
1527.013470 0.024375 
1525.846358 0.025127 
1524.679247 0.026014 
1523.512135 0.026777 
1522.345023 0.028316 
1521.177911 0.029644 
1520.010800 0.031364 
1518.843688 0.032548 
1517.676576 0.034221 
1516.509464 0.035239 
1515.342353 0.036775 
1514.175241 0.037724 
1513.008129 0.038848 
1511.841017 0.039559 
1510.673906 0.040159 
1509.506794 0.040400 
1508.339682 0.040443 
1507.172571 0.040271 
1506.005459 0.039545 
1504.838347 0.038893 
1503.671235 0.037845 
1502.504124 0.037072 
1501.337012 0.035807 
1500.169900 0.035058 
1499.002788 0.033899 
1497.835677 0.033350 
1496.668565 0.032449 
1495.501453 0.032178 
1494.334341 0.031562 
1493.167230 0.031554 
1492.000118 0.031447 
1490.833006 0.031729 
1489.665894 0.032045 
1488.498783 0.032535 
1487.331671 0.033324 
1486.164559 0.034166 
1484.997448 0.035586 
1483.830336 0.037062 
1482.663224 0.039470 
1481.496112 0.041824 
1480.329001 0.045142 
1479.161889 0.048235 
1477.994777 0.051850 
1476.827665 0.054438 
1475.660554 0.056741 
1474.493442 0.058252 
1473.326330 0.059973 
1472.159218 0.061222 
1470.992107 0.061367 
1469.824995 0.059987 
1468.657883 0.057314 
1467.490771 0.054939 
1466.323660 0.053135 
1465.156548 0.052536 
1463.989436 0.051397 
1462.822325 0.050037 
1461.655213 0.047715 
1460.488101 0.046031 
1459.320989 0.044299 
1458.153878 0.043412 
1456.986766 0.042230 
1455.819654 0.041283 
1454.652542 0.040175 
1453.485431 0.039111 
1452.318319 0.038103 
1451.151207 0.037029 
1449.984095 0.036271 
1448.816984 0.035181 
1447.649872 0.034512 
1446.482760 0.033401 
1445.315648 0.032662 
1444.148537 0.031234 
1442.981425 0.030225 
1441.814313 0.028400 
1440.647201 0.027123 
1439.480090 0.025759 
1438.312978 0.025130 
1437.145866 0.024457 
1435.978755 0.024208 
1434.811643 0.024008 
1433.644531 0.023822 
1432.477419 0.023789 
1431.310308 0.023566 
1430.143196 0.023564 
1428.976084 0.023150 
1427.808972 0.023182 
1426.641861 0.022641 
1425.474749 0.022512 
1424.307637 0.021845 
1423.140525 0.021607 
1421.973414 0.020836 
1420.806302 0.020550 
1419.639190 0.019930 
1418.472078 0.019672 
1417.304967 0.019262 
1416.137855 0.019069 
1414.970743 0.018848 
1413.803632 0.018467 
1412.636520 0.018239 
1411.469408 0.017877 
1410.302296 0.017898 
1409.135185 0.017430 
1407.968073 0.017445 
1406.800961 0.016870 
1405.633849 0.016822 
1404.466738 0.016327 
1403.299626 0.016293 
1402.132514 0.015863 
1400.965402 0.015746 
1399.798291 0.015433 
1398.631179 0.015250 
1397.464067 0.014983 
1396.296955 0.014690 
1395.129844 0.014358 
1393.962732 0.013894 
1392.795620 0.014086 
1391.628509 0.014006 
1390.461397 0.014444 
1389.294285 0.014310 
1388.127173 0.014767 
1386.960062 0.014909 
1385.792950 0.015597 
1384.625838 0.015928 
1383.458726 0.016694 
1382.291615 0.017002 
1381.124503 0.017182 
1379.957391 0.016958 
1378.790279 0.016539 
1377.623168 0.016166 
1376.456056 0.015663 
1375.288944 0.015527 
1374.121832 0.015045 
1372.954721 0.015030 
1371.787609 0.014379 
1370.620497 0.014159 
1369.453385 0.013409 
1368.286274 0.013271 
1367.119162 0.012669 
1365.952050 0.012812 
1364.784939 0.012583 
1363.617827 0.012816 
1362.450715 0.012873 
1361.283603 0.013106 
1360.116492 0.013244 
1358.949380 0.013287 
1357.782268 0.013491 
1356.615156 0.013440 
1355.448045 0.013710 
1354.280933 0.013611 
1353.113821 0.014018 
1351.946709 0.013922 
1350.779598 0.014420 
1349.612486 0.014443 
1348.445374 0.014933 
1347.278262 0.014986 
1346.111151 0.015424 
1344.944039 0.015633 
1343.776927 0.016044 
1342.609816 0.016247 
1341.442704 0.016545 
1340.275592 0.016917 
1339.108480 0.017028 
1337.941369 0.017371 
1336.774257 0.017377 
1335.607145 0.017833 
1334.440033 0.017726 
1333.272922 0.018077 
1332.105810 0.017907 
1330.938698 0.018208 
1329.771586 0.018041 
1328.604475 0.018168 
1327.437363 0.017982 
1326.270251 0.018044 
1325.103139 0.017864 
1323.936028 0.017732 
1322.768916 0.017653 
1321.601804 0.017356 
1320.434693 0.017272 
1319.267581 0.016826 
1318.100469 0.016770 
1316.933357 0.016266 
1315.766246 0.016228 
1314.599134 0.015634 
1313.432022 0.015619 
1312.264910 0.015085 
1311.097799 0.014995 
1309.930687 0.014518 
1308.763575 0.014426 
1307.596463 0.014081 
1306.429352 0.013873 
1305.262240 0.013557 
1304.095128 0.013166 
1302.928016 0.013017 
1301.760905 0.012671 
1300.593793 0.012634 
1299.426681 0.012189 
1298.259570 0.012283 
1297.092458 0.011759 
1295.925346 0.011818 
1294.758234 0.011224 
1293.591123 0.011274 
1292.424011 0.010865 
1291.256899 0.010839 
1290.089787 0.010466 
1288.922676 0.010432 
1287.755564 0.010185 
1286.588452 0.010018 
1285.421340 0.009919 
1284.254229 0.009758 
1283.087117 0.009861 
1281.920005 0.009642 
1280.752893 0.009794 
1279.585782 0.009502 
1278.418670 0.009759 
1277.251558 0.009422 
1276.084446 0.009459 
1274.917335 0.009005 
1273.750223 0.008917 
1272.583111 0.008364 
1271.416000 0.008165 
1270.248888 0.007733 
1269.081776 0.007484 
1267.914664 0.007347 
1266.747553 0.007096 
1265.580441 0.007005 
1264.413329 0.006731 
1263.246217 0.006802 
1262.079106 0.006447 
1260.911994 0.006577 
1259.744882 0.006284 
1258.577770 0.006402 
1257.410659 0.006038 
1256.243547 0.006140 
1255.076435 0.005877 
1253.909323 0.005920 
1252.742212 0.005672 
1251.575100 0.005660 
1250.407988 0.005550 
1249.240877 0.005334 
1248.073765 0.005335 
1246.906653 0.005068 
1245.739541 0.005193 
1244.572430 0.004838 
1243.405318 0.004981 
1242.238206 0.004573 
1241.071094 0.004790 
1239.903983 0.004356 
1238.736871 0.004520 
1237.569759 0.004135 
1236.402647 0.004298 
1235.235536 0.004027 
1234.068424 0.004037 
1232.901312 0.003863 
1231.734200 0.003787 
1230.567089 0.003720 
1229.399977 0.003587 
1228.232865 0.003623 
1227.065754 0.003426 
1225.898642 0.003525 
1224.731530 0.003144 
1223.564418 0.003437 
1222.397307 0.003068 
1221.230195 0.003301 
1220.063083 0.003008 
1218.895971 0.003216 
1217.728860 0.002962 
1216.561748 0.003125 
1215.394636 0.002944 
1214.227524 0.002938 
1213.060413 0.002887 
1211.893301 0.002819 
1210.726189 0.002861 
1209.559077 0.002713 
1208.391966 0.002933 
1207.224854 0.002613 
1206.057742 0.002824 
1204.890630 0.002538 
1203.723519 0.002749 
1202.556407 0.002502 
1201.389295 0.002761 
1200.222184 0.002524 
1199.055072 0.002666 
1197.887960 0.002478 
1196.720848 0.002586 
1195.553737 0.002608 
1194.386625 0.002598 
1193.219513 0.002593 
1192.052401 0.002476 
1190.885290 0.002664 
1189.718178 0.002451 
1188.551066 0.002657 
1187.383954 0.002379 
1186.216843 0.002726 
1185.049731 0.002478 
1183.882619 0.002701 
1182.715507 0.002495 
1181.548396 0.002749 
1180.381284 0.002648 
1179.214172 0.002894 
1178.047061 0.002767 
1176.879949 0.002912 
1175.712837 0.002856 
1174.545725 0.002864 
1173.378614 0.003136 
1172.211502 0.003005 
1171.044390 0.003338 
1169.877278 0.003195 
1168.710167 0.003539 
1167.543055 0.003433 
1166.375943 0.003828 
1165.208831 0.003808 
1164.041720 0.004246 
1162.874608 0.004229 
1161.707496 0.004638 
1160.540384 0.004807 
1159.373273 0.005059 
1158.206161 0.005026 
1157.039049 0.005169 
1155.871938 0.005567 
1154.704826 0.005566 
1153.537714 0.005987 
1152.370602 0.006139 
1151.203491 0.006866 
1150.036379 0.007243 
1148.869267 0.008547 
1147.702155 0.009940 
1146.535044 0.012587 
1145.367932 0.016014 
1144.200820 0.021336 
1143.033708 0.026178 
1141.866597 0.030601 
1140.699485 0.031782 
1139.532373 0.027933 
1138.365261 0.021581 
1137.198150 0.016866 
1136.031038 0.014380 
1134.863926 0.012981 
1133.696815 0.012784 
1132.529703 0.012236 
1131.362591 0.012466 
1130.195479 0.012328 
1129.028368 0.012740 
1127.861256 0.012462 
1126.694144 0.012891 
1125.527032 0.012547 
1124.359921 0.012830 
1123.192809 0.012784 
1122.025697 0.012777 
1120.858585 0.012710 
1119.691474 0.012693 
1118.524362 0.012705 
1117.357250 0.012625 
1116.190138 0.013028 
1115.023027 0.013100 
1113.855915 0.013272 
1112.688803 0.012461 
1111.521691 0.011826 
1110.354580 0.010786 
1109.187468 0.010372 
1108.020356 0.009564 
1106.853245 0.009540 
1105.686133 0.008990 
1104.519021 0.009089 
1103.351909 0.009200 
1102.184798 0.009375 
1101.017686 0.010099 
1099.850574 0.010774 
1098.683462 0.011922 
1097.516351 0.012856 
1096.349239 0.014425 
1095.182127 0.015728 
1094.015015 0.017339 
1092.847904 0.018163 
1091.680792 0.019283 
1090.513680 0.019411 
1089.346568 0.019605 
1088.179457 0.018867 
1087.012345 0.018234 
1085.845233 0.017035 
1084.678122 0.016030 
1083.511010 0.014772 
1082.343898 0.013644 
1081.176786 0.012848 
1080.009675 0.011966 
1078.842563 0.011611 
1077.675451 0.010970 
1076.508339 0.010900 
1075.341228 0.010384 
1074.174116 0.010668 
1073.007004 0.010309 
1071.839892 0.010613 
1070.672781 0.010627 
1069.505669 0.011265 
1068.338557 0.011445 
1067.171445 0.011994 
1066.004334 0.012398 
1064.837222 0.013272 
1063.670110 0.014327 
1062.502999 0.015552 
1061.335887 0.017437 
1060.168775 0.019584 
1059.001663 0.023413 
1057.834552 0.027880 
1056.667440 0.033432 
1055.500328 0.038136 
1054.333216 0.042590 
1053.166105 0.045296 
1051.998993 0.047149 
1050.831881 0.047297 
1049.664769 0.047294 
1048.497658 0.047503 
1047.330546 0.049247 
1046.163434 0.052873 
1044.996322 0.058731 
1043.829211 0.066993 
1042.662099 0.077598 
1041.494987 0.090903 
1040.327875 0.106421 
1039.160764 0.126006 
1037.993652 0.148966 
1036.826540 0.179148 
1035.659429 0.223703 
1034.492317 0.299648 
1033.325205 0.340013 
1032.158093 0.304619 
1030.990982 0.285012 
1029.823870 0.282680 
1028.656758 0.281727 
1027.489646 0.275757 
1026.322535 0.267196 
1025.155423 0.268787 
1023.988311 0.294427 
1022.821199 0.348868 
1021.654088 0.392653 
1020.486976 0.323021 
1019.319864 0.186310 
1018.152752 0.102143 
1016.985641 0.066823 
1015.818529 0.048552 
1014.651417 0.038839 
1013.484306 0.032552 
1012.317194 0.028476 
1011.150082 0.025327 
1009.982970 0.025303 
1008.815859 0.030408 
1007.648747 0.027666 
1006.481635 0.017093 
1005.314523 0.011076 
1004.147412 0.008285 
1002.980300 0.006272 
1001.813188 0.006261 
1000.646076 0.005480 
999.478965 0.003242 
998.311853 0.001524 
997.144741 0.001132 
995.977629 0.000449 
994.810518 0.000447 
993.643406 0.000183 
992.476294 0.000145 
991.309183 -0.000037 
990.142071 -0.000114 
988.974959 -0.000075 
987.807847 -0.000272 
986.640736 -0.000116 
985.473624 -0.000351 
984.306512 -0.000154 
983.139400 -0.000400 
981.972289 -0.000115 
980.805177 -0.000361 
979.638065 -0.000080 
978.470953 -0.000394 
977.303842 -0.000226 
976.136730 -0.000395 
974.969618 -0.000334 
973.802506 -0.000426 
972.635395 -0.000316 
971.468283 -0.000127 
970.301171 -0.000204 
969.134060 -0.000126 
967.966948 -0.000381 
966.799836 -0.000040 
965.632724 -0.000318 
964.465613 -0.000065 
963.298501 -0.000395 
962.131389 0.000044 
960.964277 -0.000259 
959.797166 -0.000010 
958.630054 -0.000193 
957.462942 0.000021 
956.295830 -0.000083 
955.128719 -0.000062 
953.961607 -0.000041 
952.794495 -0.000154 
951.627383 -0.000043 
950.460272 -0.000139 
949.293160 0.000078 
948.126048 -0.000166 
946.958936 0.000003 
945.791825 -0.000299 
944.624713 -0.000024 
943.457601 -0.000270 
942.290490 0.000034 
941.123378 -0.000367 
939.956266 -0.000103 
938.789154 -0.000295 
937.622043 -0.000164 
936.454931 -0.000265 
935.287819 -0.000147 
934.120707 -0.000124 
932.953596 -0.000213 
931.786484 -0.000050 
930.619372 -0.000272 
929.452260 -0.000017 
928.285149 -0.000213 
927.118037 0.000134 
925.950925 -0.000152 
924.783813 0.000085 
923.616702 -0.000138 
922.449590 0.000208 
921.282478 0.000043 
920.115367 0.000245 
918.948255 0.000230 
917.781143 0.000351 
916.614031 0.000483 
915.446920 0.000468 
914.279808 0.000626 
913.112696 0.000523 
911.945584 0.000826 
910.778473 0.000598 
909.611361 0.000985 
908.444249 0.000870 
907.277137 0.001159 
906.110026 0.001012 
904.942914 0.001472 
903.775802 0.001436 
902.608690 0.001722 
901.441579 0.001663 
900.274467 0.001982 
899.107355 0.002179 
897.940244 0.002322 
896.773132 0.002630 
895.606020 0.002968 
894.438908 0.003575 
893.271797 0.003918 
892.104685 0.004907 
890.937573 0.005351 
889.770461 0.006565 
888.603350 0.007384 
887.436238 0.008221 
886.269126 0.008497 
885.102014 0.009223 
883.934903 0.009531 
882.767791 0.010107 
881.600679 0.010440 
880.433567 0.010340 
879.266456 0.009729 
878.099344 0.008750 
876.932232 0.007707 
875.765121 0.006712 
874.598009 0.006280 
873.430897 0.005416 
872.263785 0.005453 
871.096674 0.005240 
869.929562 0.005562 
868.762450 0.005301 
867.595338 0.005689 
866.428227 0.005654 
865.261115 0.006145 
864.094003 0.006158 
862.926891 0.006607 
861.759780 0.006806 
860.592668 0.007107 
859.425556 0.007464 
858.258444 0.007687 
857.091333 0.008084 
855.924221 0.008163 
854.757109 0.008824 
853.589997 0.008861 
852.422886 0.009417 
851.255774 0.009387 
850.088662 0.010039 
848.921551 0.010055 
847.754439 0.010546 
846.587327 0.010644 
845.420215 0.011287 
844.253104 0.011488 
843.085992 0.011701 
841.918880 0.012088 
840.751768 0.012369 
839.584657 0.012888 
838.417545 0.013047 
837.250433 0.013695 
836.083321 0.013804 
834.916210 0.014348 
833.749098 0.014329 
832.581986 0.015124 
831.414874 0.015111 
830.247763 0.015623 
829.080651 0.015650 
827.913539 0.016194 
826.746428 0.016290 
825.579316 0.016708 
824.412204 0.017142 
823.245092 0.017266 
822.077981 0.017526 
820.910869 0.017716 
819.743757 0.018247 
818.576645 0.018261 
817.409534 0.018871 
816.242422 0.018936 
815.075310 0.019524 
813.908198 0.019473 
812.741087 0.020173 
811.573975 0.020147 
810.406863 0.020845 
809.239751 0.021007 
808.072640 0.021523 
806.905528 0.021677 
805.738416 0.022101 
804.571305 0.022358 
803.404193 0.022359 
802.237081 0.022531 
801.069969 0.022292 
799.902858 0.022539 
798.735746 0.022418 
797.568634 0.022681 
796.401522 0.022648 
795.234411 0.023036 
794.067299 0.022763 
792.900187 0.022941 
791.733075 0.022860 
790.565964 0.023215 
789.398852 0.023062 
788.231740 0.023266 
787.064628 0.023385 
785.897517 0.023263 
784.730405 0.023402 
783.563293 0.023484 
782.396181 0.023676 
781.229070 0.023434 
780.061958 0.023844 
778.894846 0.023413 
777.727735 0.023704 
776.560623 0.023625 
775.393511 0.023876 
774.226399 0.023724 
773.059288 0.023894 
771.892176 0.023779 
770.725064 0.023991 
769.557952 0.023941 
768.390841 0.023877 
767.223729 0.023960 
766.056617 0.023980 
764.889505 0.024472 
763.722394 0.024266 
762.555282 0.024556 
761.388170 0.024741 
760.221058 0.024979 
759.053947 0.024553 
757.886835 0.024918 
756.719723 0.024858 
755.552612 0.025266 
754.385500 0.025202 
753.218388 0.025511 
752.051276 0.025451 
750.884165 0.025685 
749.717053 0.025810 
748.549941 0.025756 
747.382829 0.026201 
746.215718 0.026152 
745.048606 0.026335 
743.881494 0.026079 
742.714382 0.026391 
741.547271 0.026129 
740.380159 0.026672 
739.213047 0.026426 
738.045935 0.026677 
736.878824 0.026431 
735.711712 0.026631 
734.544600 0.026394 
733.377489 0.026351 
732.210377 0.026232 
731.043265 0.026002 
729.876153 0.025926 
728.709042 0.025801 
727.541930 0.025829 
726.374818 0.025603 
725.207706 0.025588 
724.040595 0.025156 
722.873483 0.025261 
721.706371 0.024909 
720.539259 0.025053 
719.372148 0.024638 
718.205036 0.024373 
717.037924 0.024049 
715.870812 0.024005 
714.703701 0.023602 
713.536589 0.023569 
712.369477 0.023468 
711.202366 0.023132 
710.035254 0.023066 
708.868142 0.022748 
707.701030 0.022825 
706.533919 0.022363 
705.366807 0.022482 
704.199695 0.022003 
703.032583 0.022218 
701.865472 0.022035 
700.698360 0.022197 
699.531248 0.021905 
698.364136 0.022145 
697.197025 0.021996 
696.029913 0.022129 
694.862801 0.022408 
693.695689 0.022486 
692.528578 0.022861 
691.361466 0.022958 
690.194354 0.023532 
689.027242 0.023843 
687.860131 0.024954 
686.693019 0.025333 
685.525907 0.026496 
684.358796 0.026959 
683.191684 0.028308 
682.024572 0.029248 
680.857460 0.030630 
679.690349 0.031670 
678.523237 0.032957 
677.356125 0.034124 
676.189013 0.035326 
675.021902 0.036327 
673.854790 0.036790 
672.687678 0.037157 
671.520566 0.036828 
670.353455 0.036539 
669.186343 0.035557 
668.019231 0.034604 
666.852119 0.032135 
665.685008 0.030369 
664.517896 0.028243 
663.350784 0.027171 
662.183673 0.025582 
661.016561 0.024622 
659.849449 0.022725 
658.682337 0.020727 
657.515226 0.018725 
656.348114 0.016227 
655.181002 0.013528 
654.013890 0.011181 
652.846779 0.009952 
651.679667 0.009441 
650.512555 0.009685 
649.345443 0.010630 
648.178332 0.012503 
647.011220 0.013913 
645.844108 0.014827 
644.676996 0.014330 
643.509885 0.013441 
642.342773 0.011057 
641.175661 0.008390 
640.008550 0.005751 
638.841438 0.002918 
637.674326 0.000879 
636.507214 0.000024 
635.340103 0.000225 
634.172991 0.001914 
633.005879 0.004192 
631.838767 0.006488 
630.671656 0.009438 
629.504544 0.012073 
628.337432 0.015049 
627.170320 0.016652 
626.003209 0.018583 
624.836097 0.018895 
623.668985 0.018662 
622.501873 0.016778 
621.334762 0.014828 
620.167650 0.013230 
619.000538 0.010188 
617.833426 0.009442 
616.666315 0.008443 
615.499203 0.007953 
614.332091 0.005887 
613.164980 0.005001 
611.997868 0.004236 
610.830756 0.003605 
609.663644 0.003014 
608.496533 0.002463 
607.329421 0.000940 
606.162309 0.000031 
604.995197 -0.000500 
603.828086 0.000129 
602.660974 0.000361 
601.493862 0.001024 
600.326750 0.001551 
599.159639 0.000526 
597.992527 0.000776 
596.825415 0.002345 
595.658303 0.001665 
594.491192 0.001373 
593.324080 0.001495 
592.156968 -0.001015 
590.989857 -0.001154 
589.822745 -0.003094 
588.655633 -0.001684 
587.488521 0.002423 
586.321410 0.004037 
585.154298 0.001858 
583.987186 0.001423 
582.820074 0.004469 
581.652963 0.007422 
580.485851 0.007493 
579.318739 0.004872 
578.151627 0.004027 
576.984516 0.004270 
575.817404 0.004768 
574.650292 -0.000353 
573.483180 0.000337 
572.316069 0.002525 
571.148957 -0.001215 
569.981845 -0.008152 
568.814734 -0.003166 
567.647622 0.000820 
566.480510 -0.002006 
565.313398 -0.005984 
564.146287 0.004949 
562.979175 -0.006984 
561.812063 -0.016520 
560.644951 -0.018551 
559.477840 -0.018772 
558.310728 -0.022915 
557.143616 -0.021741 
555.976504 -0.002315 
554.809393 -0.001064 
553.642281 -0.010561 
552.475169 -0.007143 
551.308057 -0.017399 
550.140946 -0.017547 
548.973834 -0.011454 
547.806722 -0.027175 
546.639611 -0.022107 
545.472499 -0.004869 
544.305387 0.002365 
543.138275 -0.005868 
541.971164 -0.019907 
540.804052 -0.014294 
539.636940 -0.006963 
538.469828 -0.010148 
537.302717 -0.005881 
536.135605 -0.000477 
534.968493 -0.002835 
533.801381 -0.015836 
532.634270 -0.010377 
531.467158 0.000856 
530.300046 0.006639 
529.132934 0.004957 
527.965823 0.008598 
526.798711 0.007490 
525.631599 0.008595 
524.464487 -0.000886 
523.297376 0.001697 
522.130264 0.004535 
520.963152 0.006945 
519.796041 0.014510 
518.628929 0.021202 
517.461817 0.024200 
516.294705 0.022115 
515.127594 0.019297 
513.960482 0.015622 
512.793370 0.002540 
511.626258 -0.004537 
510.459147 -0.015869 
509.292035 -0.009943 
508.124923 0.000263 
506.957811 -0.004343 
505.790700 -0.006756 
504.623588 -0.011709 
503.456476 -0.015636 
502.289364 -0.011322 
501.122253 -0.009820 
499.955141 -0.005910 
