4000.854000 0.000000 
3999.653250 0.000045 
3998.452501 0.000071 
3997.251751 0.000070 
3996.051001 0.000155 
3994.850252 0.000510 
3993.649502 0.000414 
3992.448752 0.000147 
3991.248003 -0.000132 
3990.047253 -0.000542 
3988.846504 -0.000926 
3987.645754 -0.000828 
3986.445004 -0.000503 
3985.244255 -0.000330 
3984.043505 -0.000372 
3982.842755 -0.000377 
3981.642006 -0.000236 
3980.441256 0.000055 
3979.240506 0.000346 
3978.039757 0.000452 
3976.839007 0.000303 
3975.638257 -0.000039 
3974.437508 -0.000301 
3973.236758 -0.000369 
3972.036008 -0.000189 
3970.835259 0.000047 
3969.634509 0.000028 
3968.433759 -0.000040 
3967.233010 0.000056 
3966.032260 0.000257 
3964.831511 0.000504 
3963.630761 0.000529 
3962.430011 0.000517 
3961.229262 0.000434 
3960.028512 0.000256 
3958.827762 0.000264 
3957.627013 0.000188 
3956.426263 0.000178 
3955.225513 0.000340 
3954.024764 0.000848 
3952.824014 0.001672 
3951.623264 0.001979 
3950.422515 0.001453 
3949.221765 0.000859 
3948.021015 0.000972 
3946.820266 0.001268 
3945.619516 0.001085 
3944.418766 0.001129 
3943.218017 0.001011 
3942.017267 0.000054 
3940.816518 -0.001140 
3939.615768 -0.001461 
3938.415018 -0.000494 
3937.214269 0.000663 
3936.013519 0.001558 
3934.812769 0.002556 
3933.612020 0.002739 
3932.411270 0.001545 
3931.210520 0.000317 
3930.009771 0.000342 
3928.809021 0.001229 
3927.608271 0.001041 
3926.407522 0.000786 
3925.206772 0.000928 
3924.006022 -0.000097 
3922.805273 -0.000186 
3921.604523 0.001649 
3920.403773 0.002913 
3919.203024 0.002259 
3918.002274 0.000579 
3916.801525 -0.000260 
3915.600775 -0.000962 
3914.400025 -0.001255 
3913.199276 -0.000118 
3911.998526 0.000733 
3910.797776 0.001527 
3909.597027 0.002857 
3908.396277 0.003979 
3907.195527 0.004664 
3905.994778 0.003722 
3904.794028 0.003104 
3903.593278 0.002141 
3902.392529 0.000297 
3901.191779 -0.000812 
3899.991029 -0.001357 
3898.790280 -0.002054 
3897.589530 -0.001845 
3896.388780 0.000889 
3895.188031 0.003885 
3893.987281 0.003429 
3892.786532 0.000524 
3891.585782 0.000497 
3890.385032 0.001521 
3889.184283 0.001394 
3887.983533 0.001491 
3886.782783 0.001976 
3885.582034 0.002771 
3884.381284 0.001617 
3883.180534 0.000424 
3881.979785 0.000725 
3880.779035 0.000270 
3879.578285 0.000606 
3878.377536 -0.000174 
3877.176786 -0.000821 
3875.976036 0.001510 
3874.775287 0.005474 
3873.574537 0.005954 
3872.373787 0.001900 
3871.173038 0.000518 
3869.972288 0.002425 
3868.771539 0.000890 
3867.570789 -0.001039 
3866.370039 0.001825 
3865.169290 0.003107 
3863.968540 -0.000090 
3862.767790 -0.003435 
3861.567041 -0.004619 
3860.366291 -0.003445 
3859.165541 0.002135 
3857.964792 0.009792 
3856.764042 0.013359 
3855.563292 0.011393 
3854.362543 0.006446 
3853.161793 -0.000098 
3851.961043 -0.007347 
3850.760294 -0.008799 
3849.559544 -0.003963 
3848.358794 0.000586 
3847.158045 0.002290 
3845.957295 0.002942 
3844.756546 0.002484 
3843.555796 0.003433 
3842.355046 0.003364 
3841.154297 0.001943 
3839.953547 0.001443 
3838.752797 -0.001312 
3837.552048 -0.002327 
3836.351298 -0.001614 
3835.150548 -0.001046 
3833.949799 0.000062 
3832.749049 0.000201 
3831.548299 0.001316 
3830.347550 0.001435 
3829.146800 -0.000437 
3827.946050 -0.000214 
3826.745301 0.003407 
3825.544551 0.006495 
3824.343801 0.006007 
3823.143052 0.003347 
3821.942302 0.002553 
3820.741553 0.002572 
3819.540803 0.000004 
3818.340053 -0.001199 
3817.139304 0.000799 
3815.938554 0.000658 
3814.737804 -0.003252 
3813.537055 -0.006315 
3812.336305 -0.000341 
3811.135555 0.004386 
3809.934806 0.004414 
3808.734056 0.001574 
3807.533306 0.001381 
3806.332557 0.003689 
3805.131807 0.003314 
3803.931057 0.002154 
3802.730308 0.002597 
3801.529558 0.002262 
3800.328808 -0.000476 
3799.128059 -0.002595 
3797.927309 -0.000515 
3796.726560 0.001550 
3795.525810 0.000607 
3794.325060 -0.000676 
3793.124311 -0.000161 
3791.923561 0.000944 
3790.722811 0.001717 
3789.522062 0.002598 
3788.321312 0.002916 
3787.120562 0.002217 
3785.919813 0.001823 
3784.719063 0.002690 
3783.518313 0.002912 
3782.317564 0.002242 
3781.116814 0.001926 
3779.916064 0.001621 
3778.715315 0.000422 
3777.514565 -0.001557 
3776.313815 -0.001223 
3775.113066 0.002967 
3773.912316 0.005191 
3772.711567 0.004350 
3771.510817 0.003903 
3770.310067 0.003772 
3769.109318 0.002045 
3767.908568 -0.000730 
3766.707818 -0.001390 
3765.507069 0.001174 
3764.306319 0.002748 
3763.105569 0.002667 
3761.904820 0.004140 
3760.704070 0.003708 
3759.503320 -0.000212 
3758.302571 -0.002465 
3757.101821 -0.000754 
3755.901071 0.002186 
3754.700322 0.005945 
3753.499572 0.007687 
3752.298822 0.004209 
3751.098073 -0.002917 
3749.897323 -0.001626 
3748.696574 0.003259 
3747.495824 0.004170 
3746.295074 0.003779 
3745.094325 0.003227 
3743.893575 -0.001418 
3742.692825 -0.008422 
3741.492076 -0.006211 
3740.291326 0.002850 
3739.090576 0.005900 
3737.889827 0.005951 
3736.689077 0.005642 
3735.488327 0.002406 
3734.287578 -0.002627 
3733.086828 -0.005663 
3731.886078 -0.004111 
3730.685329 -0.001408 
3729.484579 -0.001449 
3728.283829 0.000450 
3727.083080 0.002550 
3725.882330 0.001469 
3724.681581 -0.000698 
3723.480831 -0.001310 
3722.280081 -0.001163 
3721.079332 -0.001652 
3719.878582 -0.002890 
3718.677832 -0.002265 
3717.477083 0.001250 
3716.276333 0.003302 
3715.075583 0.004928 
3713.874834 0.005296 
3712.674084 0.002955 
3711.473334 -0.000289 
3710.272585 -0.003733 
3709.071835 -0.005192 
3707.871085 -0.003127 
3706.670336 -0.000094 
3705.469586 0.002782 
3704.268836 0.003205 
3703.068087 0.002165 
3701.867337 0.001068 
3700.666588 -0.000422 
3699.465838 -0.002195 
3698.265088 -0.002502 
3697.064339 -0.000871 
3695.863589 0.000285 
3694.662839 0.000612 
3693.462090 0.002792 
3692.261340 0.003531 
3691.060590 0.001352 
3689.859841 -0.001824 
3688.659091 -0.004622 
3687.458341 -0.005169 
3686.257592 -0.005458 
3685.056842 -0.002801 
3683.856092 0.000370 
3682.655343 -0.000741 
3681.454593 0.000804 
3680.253843 0.006875 
3679.053094 0.009483 
3677.852344 0.006610 
3676.651595 0.003577 
3675.450845 0.003032 
3674.250095 0.000951 
3673.049346 -0.001449 
3671.848596 0.000197 
3670.647846 0.001423 
3669.447097 -0.001504 
3668.246347 -0.005555 
3667.045597 -0.005335 
3665.844848 -0.002850 
3664.644098 -0.000818 
3663.443348 -0.001175 
3662.242599 -0.000778 
3661.041849 0.001586 
3659.841099 0.002922 
3658.640350 0.001874 
3657.439600 -0.000135 
3656.238850 -0.000177 
3655.038101 0.001154 
3653.837351 0.002256 
3652.636602 0.005502 
3651.435852 0.007614 
3650.235102 0.004702 
3649.034353 -0.000599 
3647.833603 -0.003939 
3646.632853 -0.003894 
3645.432104 -0.002881 
3644.231354 -0.001416 
3643.030604 0.001058 
3641.829855 0.001623 
3640.629105 0.000447 
3639.428355 0.000460 
3638.227606 0.001418 
3637.026856 0.000168 
3635.826106 -0.001749 
3634.625357 0.001043 
3633.424607 0.005981 
3632.223857 0.007321 
3631.023108 0.006326 
3629.822358 0.004690 
3628.621609 0.000886 
3627.420859 -0.004757 
3626.220109 -0.007139 
3625.019360 -0.001963 
3623.818610 0.002836 
3622.617860 0.005004 
3621.417111 0.004450 
3620.216361 0.002808 
3619.015611 0.001269 
3617.814862 0.000902 
3616.614112 0.000840 
3615.413362 0.001299 
3614.212613 0.003061 
3613.011863 0.003894 
3611.811113 0.003414 
3610.610364 0.002523 
3609.409614 0.002032 
3608.208864 0.001483 
3607.008115 -0.000116 
3605.807365 -0.000274 
3604.606616 0.000832 
3603.405866 0.001809 
3602.205116 0.001987 
3601.004367 0.001780 
3599.803617 0.001636 
3598.602867 0.001833 
3597.402118 0.002336 
3596.201368 0.001646 
3595.000618 0.000273 
3593.799869 -0.000184 
3592.599119 0.000844 
3591.398369 0.002817 
3590.197620 0.003075 
3588.996870 0.002213 
3587.796120 0.000198 
3586.595371 -0.002664 
3585.394621 -0.004008 
3584.193871 -0.003258 
3582.993122 -0.001352 
3581.792372 -0.000149 
3580.591623 -0.000097 
3579.390873 -0.000005 
3578.190123 -0.000227 
3576.989374 -0.000553 
3575.788624 -0.001020 
3574.587874 -0.002000 
3573.387125 -0.001506 
3572.186375 0.000507 
3570.985625 0.002453 
3569.784876 0.002770 
3568.584126 0.001720 
3567.383376 -0.000318 
3566.182627 -0.002905 
3564.981877 -0.004101 
3563.781127 -0.003382 
3562.580378 -0.001764 
3561.379628 -0.000748 
3560.178878 -0.000682 
3558.978129 -0.000830 
3557.777379 -0.000507 
3556.576630 0.000201 
3555.375880 0.000334 
3554.175130 -0.000435 
3552.974381 -0.000804 
3551.773631 -0.000849 
3550.572881 -0.000830 
3549.372132 -0.000434 
3548.171382 0.000099 
3546.970632 -0.000023 
3545.769883 -0.000664 
3544.569133 -0.000996 
3543.368383 -0.000794 
3542.167634 0.000006 
3540.966884 0.001214 
3539.766134 0.002097 
3538.565385 0.002382 
3537.364635 0.002412 
3536.163885 0.002569 
3534.963136 0.002752 
3533.762386 0.003002 
3532.561637 0.003663 
3531.360887 0.004090 
3530.160137 0.003895 
3528.959388 0.003560 
3527.758638 0.003554 
3526.557888 0.003499 
3525.357139 0.003349 
3524.156389 0.003489 
3522.955639 0.003825 
3521.754890 0.003880 
3520.554140 0.003870 
3519.353390 0.004221 
3518.152641 0.004509 
3516.951891 0.004335 
3515.751141 0.004352 
3514.550392 0.005034 
3513.349642 0.005664 
3512.148892 0.005812 
3510.948143 0.005693 
3509.747393 0.005412 
3508.546644 0.005380 
3507.345894 0.005391 
3506.145144 0.005588 
3504.944395 0.005971 
3503.743645 0.005833 
3502.542895 0.005425 
3501.342146 0.005230 
3500.141396 0.005392 
3498.940646 0.005624 
3497.739897 0.005659 
3496.539147 0.005588 
3495.338397 0.005356 
3494.137648 0.005096 
3492.936898 0.005238 
3491.736148 0.005433 
3490.535399 0.005343 
3489.334649 0.005178 
3488.133899 0.005240 
3486.933150 0.005565 
3485.732400 0.005910 
3484.531651 0.006154 
3483.330901 0.006288 
3482.130151 0.006263 
3480.929402 0.006314 
3479.728652 0.006627 
3478.527902 0.007252 
3477.327153 0.008042 
3476.126403 0.008643 
3474.925653 0.008890 
3473.724904 0.009075 
3472.524154 0.009379 
3471.323404 0.009882 
3470.122655 0.010398 
3468.921905 0.011065 
3467.721155 0.012190 
3466.520406 0.013411 
3465.319656 0.014206 
3464.118907 0.014649 
3462.918157 0.014961 
3461.717407 0.014997 
3460.516658 0.014850 
3459.315908 0.014924 
3458.115158 0.015128 
3456.914409 0.014986 
3455.713659 0.014432 
3454.512909 0.013673 
3453.312160 0.012959 
3452.111410 0.012651 
3450.910660 0.012257 
3449.709911 0.011358 
3448.509161 0.010309 
3447.308411 0.009295 
3446.107662 0.008146 
3444.906912 0.007120 
3443.706162 0.006895 
3442.505413 0.007371 
3441.304663 0.007897 
3440.103914 0.008412 
3438.903164 0.008931 
3437.702414 0.009032 
3436.501665 0.008840 
3435.300915 0.008622 
3434.100165 0.008535 
3432.899416 0.008739 
3431.698666 0.009096 
3430.497916 0.009331 
3429.297167 0.009440 
3428.096417 0.009658 
3426.895667 0.010129 
3425.694918 0.010968 
3424.494168 0.011988 
3423.293418 0.012950 
3422.092669 0.013932 
3420.891919 0.015141 
3419.691169 0.016545 
3418.490420 0.018212 
3417.289670 0.020121 
3416.088921 0.022008 
3414.888171 0.023756 
3413.687421 0.025524 
3412.486672 0.027438 
3411.285922 0.029466 
3410.085172 0.031670 
3408.884423 0.034188 
3407.683673 0.036873 
3406.482923 0.039758 
3405.282174 0.042672 
3404.081424 0.044945 
3402.880674 0.046528 
3401.679925 0.047417 
3400.479175 0.047270 
3399.278425 0.046575 
3398.077676 0.045872 
3396.876926 0.044845 
3395.676176 0.043082 
3394.475427 0.040648 
3393.274677 0.037812 
3392.073928 0.034739 
3390.873178 0.031672 
3389.672428 0.029076 
3388.471679 0.026951 
3387.270929 0.025015 
3386.070179 0.023167 
3384.869430 0.021301 
3383.668680 0.019645 
3382.467930 0.018316 
3381.267181 0.017350 
3380.066431 0.016793 
3378.865681 0.016572 
3377.664932 0.016483 
3376.464182 0.016339 
3375.263432 0.016008 
3374.062683 0.015498 
3372.861933 0.015017 
3371.661183 0.014704 
3370.460434 0.014602 
3369.259684 0.014655 
3368.058935 0.014768 
3366.858185 0.014890 
3365.657435 0.014955 
3364.456686 0.015091 
3363.255936 0.015231 
3362.055186 0.015248 
3360.854437 0.015271 
3359.653687 0.015287 
3358.452937 0.015311 
3357.252188 0.015318 
3356.051438 0.015245 
3354.850688 0.015090 
3353.649939 0.014934 
3352.449189 0.014856 
3351.248439 0.014856 
3350.047690 0.014997 
3348.846940 0.015112 
3347.646190 0.015042 
3346.445441 0.014949 
3345.244691 0.014961 
3344.043942 0.014902 
3342.843192 0.014742 
3341.642442 0.014798 
3340.441693 0.014928 
3339.240943 0.015055 
3338.040193 0.015264 
3336.839444 0.015563 
3335.638694 0.015800 
3334.437944 0.015934 
3333.237195 0.016026 
3332.036445 0.016104 
3330.835695 0.016130 
3329.634946 0.016153 
3328.434196 0.016032 
3327.233446 0.015932 
3326.032697 0.016072 
3324.831947 0.016354 
3323.631197 0.016645 
3322.430448 0.016914 
3321.229698 0.017161 
3320.028949 0.017269 
3318.828199 0.017262 
3317.627449 0.017262 
3316.426700 0.017237 
3315.225950 0.017148 
3314.025200 0.016965 
3312.824451 0.016769 
3311.623701 0.016537 
3310.422951 0.016248 
3309.222202 0.016153 
3308.021452 0.016327 
3306.820702 0.016622 
3305.619953 0.016917 
3304.419203 0.017245 
3303.218453 0.017505 
3302.017704 0.017492 
3300.816954 0.017355 
3299.616204 0.017296 
3298.415455 0.017224 
3297.214705 0.017126 
3296.013956 0.017011 
3294.813206 0.017031 
3293.612456 0.017223 
3292.411707 0.017447 
3291.210957 0.017609 
3290.010207 0.017617 
3288.809458 0.017599 
3287.608708 0.017505 
3286.407958 0.017366 
3285.207209 0.017414 
3284.006459 0.017515 
3282.805709 0.017492 
3281.604960 0.017308 
3280.404210 0.016925 
3279.203460 0.016648 
3278.002711 0.016471 
3276.801961 0.016306 
3275.601211 0.016130 
3274.400462 0.016041 
3273.199712 0.016108 
3271.998963 0.016117 
3270.798213 0.016202 
3269.597463 0.016501 
3268.396714 0.016677 
3267.195964 0.016623 
3265.995214 0.016572 
3264.794465 0.016499 
3263.593715 0.016313 
3262.392965 0.016175 
3261.192216 0.016086 
3259.991466 0.015922 
3258.790716 0.015786 
3257.589967 0.015755 
3256.389217 0.015708 
3255.188467 0.015650 
3253.987718 0.015695 
3252.786968 0.015735 
3251.586218 0.015620 
3250.385469 0.015601 
3249.184719 0.015650 
3247.983970 0.015537 
3246.783220 0.015375 
3245.582470 0.015393 
3244.381721 0.015443 
3243.180971 0.015418 
3241.980221 0.015398 
3240.779472 0.015462 
3239.578722 0.015364 
3238.377972 0.015010 
3237.177223 0.014697 
3235.976473 0.014580 
3234.775723 0.014583 
3233.574974 0.014677 
3232.374224 0.014942 
3231.173474 0.015201 
3229.972725 0.015190 
3228.771975 0.015029 
3227.571225 0.014848 
3226.370476 0.014713 
3225.169726 0.014628 
3223.968977 0.014571 
3222.768227 0.014605 
3221.567477 0.014625 
3220.366728 0.014614 
3219.165978 0.014638 
3217.965228 0.014629 
3216.764479 0.014598 
3215.563729 0.014561 
3214.362979 0.014518 
3213.162230 0.014560 
3211.961480 0.014572 
3210.760730 0.014558 
3209.559981 0.014574 
3208.359231 0.014530 
3207.158481 0.014459 
3205.957732 0.014431 
3204.756982 0.014455 
3203.556232 0.014498 
3202.355483 0.014542 
3201.154733 0.014592 
3199.953984 0.014592 
3198.753234 0.014557 
3197.552484 0.014488 
3196.351735 0.014348 
3195.150985 0.014263 
3193.950235 0.014330 
3192.749486 0.014386 
3191.548736 0.014312 
3190.347986 0.014241 
3189.147237 0.014216 
3187.946487 0.014086 
3186.745737 0.013973 
3185.544988 0.013986 
3184.344238 0.014049 
3183.143488 0.014136 
3181.942739 0.014169 
3180.741989 0.014068 
3179.541239 0.013905 
3178.340490 0.013838 
3177.139740 0.013804 
3175.938991 0.013763 
3174.738241 0.013832 
3173.537491 0.013964 
3172.336742 0.013975 
3171.135992 0.013978 
3169.935242 0.014074 
3168.734493 0.014154 
3167.533743 0.014169 
3166.332993 0.014175 
3165.132244 0.014143 
3163.931494 0.014076 
3162.730744 0.014065 
3161.529995 0.014094 
3160.329245 0.014071 
3159.128495 0.013977 
3157.927746 0.013865 
3156.726996 0.013722 
3155.526246 0.013641 
3154.325497 0.013636 
3153.124747 0.013731 
3151.923998 0.013961 
3150.723248 0.014207 
3149.522498 0.014357 
3148.321749 0.014409 
3147.120999 0.014415 
3145.920249 0.014325 
3144.719500 0.014095 
3143.518750 0.013838 
3142.318000 0.013678 
3141.117251 0.013624 
3139.916501 0.013641 
3138.715751 0.013824 
3137.515002 0.014130 
3136.314252 0.014239 
3135.113502 0.014145 
3133.912753 0.014033 
3132.712003 0.013963 
3131.511253 0.014005 
3130.310504 0.014082 
3129.109754 0.014157 
3127.909005 0.014186 
3126.708255 0.014036 
3125.507505 0.013693 
3124.306756 0.013384 
3123.106006 0.013233 
3121.905256 0.013264 
3120.704507 0.013265 
3119.503757 0.013277 
3118.303007 0.013461 
3117.102258 0.013531 
3115.901508 0.013478 
3114.700758 0.013415 
3113.500009 0.013276 
3112.299259 0.013076 
3111.098509 0.012898 
3109.897760 0.012883 
3108.697010 0.012922 
3107.496260 0.012962 
3106.295511 0.013021 
3105.094761 0.012870 
3103.894012 0.012597 
3102.693262 0.012412 
3101.492512 0.012426 
3100.291763 0.012599 
3099.091013 0.012787 
3097.890263 0.012963 
3096.689514 0.012933 
3095.488764 0.012704 
3094.288014 0.012461 
3093.087265 0.012316 
3091.886515 0.012341 
3090.685765 0.012349 
3089.485016 0.012277 
3088.284266 0.012141 
3087.083516 0.012013 
3085.882767 0.011918 
3084.682017 0.011942 
3083.481267 0.012156 
3082.280518 0.012331 
3081.079768 0.012456 
3079.879019 0.012659 
3078.678269 0.012908 
3077.477519 0.013145 
3076.276770 0.013333 
3075.076020 0.013456 
3073.875270 0.013442 
3072.674521 0.013319 
3071.473771 0.013134 
3070.273021 0.013010 
3069.072272 0.013055 
3067.871522 0.013103 
3066.670772 0.013095 
3065.470023 0.013130 
3064.269273 0.013135 
3063.068523 0.012957 
3061.867774 0.012794 
3060.667024 0.012733 
3059.466274 0.012534 
3058.265525 0.012309 
3057.064775 0.012134 
3055.864026 0.011904 
3054.663276 0.011652 
3053.462526 0.011555 
3052.261777 0.011585 
3051.061027 0.011478 
3049.860277 0.011390 
3048.659528 0.011296 
3047.458778 0.011015 
3046.258028 0.010779 
3045.057279 0.010693 
3043.856529 0.010742 
3042.655779 0.010982 
3041.455030 0.011293 
3040.254280 0.011492 
3039.053530 0.011533 
3037.852781 0.011572 
3036.652031 0.011676 
3035.451281 0.011821 
3034.250532 0.012235 
3033.049782 0.012911 
3031.849033 0.013723 
3030.648283 0.014691 
3029.447533 0.015799 
3028.246784 0.017201 
3027.046034 0.019086 
3025.845284 0.021421 
3024.644535 0.024261 
3023.443785 0.027814 
3022.243035 0.032180 
3021.042286 0.037337 
3019.841536 0.043375 
3018.640786 0.050485 
3017.440037 0.058800 
3016.239287 0.068237 
3015.038537 0.079055 
3013.837788 0.091366 
3012.637038 0.105109 
3011.436288 0.119947 
3010.235539 0.135483 
3009.034789 0.151141 
3007.834040 0.166358 
3006.633290 0.180375 
3005.432540 0.192090 
3004.231791 0.200133 
3003.031041 0.203635 
3001.830291 0.201988 
3000.629542 0.194399 
2999.428792 0.182012 
2998.228042 0.165589 
2997.027293 0.146263 
2995.826543 0.125970 
2994.625793 0.106064 
2993.425044 0.087603 
2992.224294 0.072379 
2991.023544 0.060336 
2989.822795 0.051238 
2988.622045 0.044971 
2987.421295 0.041190 
2986.220546 0.039323 
2985.019796 0.038997 
2983.819047 0.040176 
2982.618297 0.042591 
2981.417547 0.046101 
2980.216798 0.050488 
2979.016048 0.055484 
2977.815298 0.061056 
2976.614549 0.066991 
2975.413799 0.072953 
2974.213049 0.078826 
2973.012300 0.084259 
2971.811550 0.088721 
2970.610800 0.092056 
2969.410051 0.094263 
2968.209301 0.095115 
2967.008551 0.094408 
2965.807802 0.092638 
2964.607052 0.089752 
2963.406303 0.085651 
2962.205553 0.080758 
2961.004803 0.075115 
2959.804054 0.068732 
2958.603304 0.061800 
2957.402554 0.054721 
2956.201805 0.047857 
2955.001055 0.041589 
2953.800305 0.036069 
2952.599556 0.031346 
2951.398806 0.027552 
2950.198056 0.024738 
2948.997307 0.022625 
2947.796557 0.021249 
2946.595807 0.020647 
2945.395058 0.020424 
2944.194308 0.020514 
2942.993558 0.020932 
2941.792809 0.021606 
2940.592059 0.022560 
2939.391310 0.023881 
2938.190560 0.025612 
2936.989810 0.027711 
2935.789061 0.030284 
2934.588311 0.033477 
2933.387561 0.037365 
2932.186812 0.041989 
2930.986062 0.047297 
2929.785312 0.053240 
2928.584563 0.059750 
2927.383813 0.066573 
2926.183063 0.073248 
2924.982314 0.079366 
2923.781564 0.084515 
2922.580814 0.088195 
2921.380065 0.089632 
2920.179315 0.089054 
2918.978565 0.086292 
2917.777816 0.081273 
2916.577066 0.074681 
2915.376317 0.067061 
2914.175567 0.059211 
2912.974817 0.051845 
2911.774068 0.045170 
2910.573318 0.039359 
2909.372568 0.034478 
2908.171819 0.030543 
2906.971069 0.027332 
2905.770319 0.024752 
2904.569570 0.022812 
2903.368820 0.021168 
2902.168070 0.019822 
2900.967321 0.018699 
2899.766571 0.017749 
2898.565821 0.017059 
2897.365072 0.016516 
2896.164322 0.015905 
2894.963572 0.015342 
2893.762823 0.014896 
2892.562073 0.014500 
2891.361324 0.014123 
2890.160574 0.013871 
2888.959824 0.013689 
2887.759075 0.013539 
2886.558325 0.013484 
2885.357575 0.013474 
2884.156826 0.013527 
2882.956076 0.013684 
2881.755326 0.013808 
2880.554577 0.013864 
2879.353827 0.014076 
2878.153077 0.014344 
2876.952328 0.014440 
2875.751578 0.014459 
2874.550828 0.014482 
2873.350079 0.014397 
2872.149329 0.014244 
2870.948579 0.014124 
2869.747830 0.014074 
2868.547080 0.014072 
2867.346331 0.014161 
2866.145581 0.014344 
2864.944831 0.014481 
2863.744082 0.014571 
2862.543332 0.014562 
2861.342582 0.014433 
2860.141833 0.014341 
2858.941083 0.014215 
2857.740333 0.014052 
2856.539584 0.013899 
2855.338834 0.013601 
2854.138084 0.013283 
2852.937335 0.013032 
2851.736585 0.012657 
2850.535835 0.011884 
2849.335086 0.010948 
2848.134336 0.010098 
2846.933586 0.009384 
2845.732837 0.009078 
2844.532087 0.009347 
2843.331338 0.009788 
2842.130588 0.009981 
2840.929838 0.009899 
2839.729089 0.009515 
2838.528339 0.008928 
2837.327589 0.008334 
2836.126840 0.007863 
2834.926090 0.007498 
2833.725340 0.007170 
2832.524591 0.006877 
2831.323841 0.006592 
2830.123091 0.006426 
2828.922342 0.006361 
2827.721592 0.006246 
2826.520842 0.006136 
2825.320093 0.005999 
2824.119343 0.005757 
2822.918593 0.005543 
2821.717844 0.005466 
2820.517094 0.005363 
2819.316345 0.005297 
2818.115595 0.005292 
2816.914845 0.005262 
2815.714096 0.005255 
2814.513346 0.005288 
2813.312596 0.005279 
2812.111847 0.005274 
2810.911097 0.005329 
2809.710347 0.005385 
2808.509598 0.005385 
2807.308848 0.005479 
2806.108098 0.005652 
2804.907349 0.005717 
2803.706599 0.005844 
2802.505849 0.006128 
2801.305100 0.006364 
2800.104350 0.006641 
2798.903600 0.007044 
2797.702851 0.007451 
2796.502101 0.007835 
2795.301352 0.008147 
2794.100602 0.008315 
2792.899852 0.008503 
2791.699103 0.008858 
2790.498353 0.009275 
2789.297603 0.009690 
2788.096854 0.010148 
2786.896104 0.010557 
2785.695354 0.010788 
2784.494605 0.010914 
2783.293855 0.011091 
2782.093105 0.011212 
2780.892356 0.011234 
2779.691606 0.011135 
2778.490856 0.010955 
2777.290107 0.010822 
2776.089357 0.010678 
2774.888607 0.010312 
2773.687858 0.009830 
2772.487108 0.009281 
2771.286359 0.008611 
2770.085609 0.007936 
2768.884859 0.007367 
2767.684110 0.006861 
2766.483360 0.006350 
2765.282610 0.005764 
2764.081861 0.005066 
2762.881111 0.004365 
2761.680361 0.003779 
2760.479612 0.003214 
2759.278862 0.002667 
2758.078112 0.002262 
2756.877363 0.001919 
2755.676613 0.001468 
2754.475863 0.001089 
2753.275114 0.000807 
2752.074364 0.000407 
2750.873614 -0.000017 
2749.672865 -0.000321 
2748.472115 -0.000681 
2747.271366 -0.001021 
2746.070616 -0.001204 
2744.869866 -0.001301 
2743.669117 -0.001366 
2742.468367 -0.001338 
2741.267617 -0.001346 
2740.066868 -0.001463 
2738.866118 -0.001575 
2737.665368 -0.001683 
2736.464619 -0.001802 
2735.263869 -0.001795 
2734.063119 -0.001675 
2732.862370 -0.001564 
2731.661620 -0.001375 
2730.460870 -0.001176 
2729.260121 -0.001157 
2728.059371 -0.001179 
2726.858621 -0.001227 
2725.657872 -0.001404 
2724.457122 -0.001535 
2723.256373 -0.001525 
2722.055623 -0.001465 
2720.854873 -0.001434 
2719.654124 -0.001383 
2718.453374 -0.001309 
2717.252624 -0.001258 
2716.051875 -0.001085 
2714.851125 -0.000813 
2713.650375 -0.000593 
2712.449626 -0.000332 
2711.248876 -0.000126 
2710.048126 -0.000009 
2708.847377 0.000178 
2707.646627 0.000305 
2706.445877 0.000411 
2705.245128 0.000601 
2704.044378 0.000810 
2702.843628 0.000904 
2701.642879 0.000991 
2700.442129 0.001125 
2699.241380 0.001086 
2698.040630 0.000977 
2696.839880 0.000970 
2695.639131 0.000947 
2694.438381 0.000954 
2693.237631 0.001031 
2692.036882 0.001101 
2690.836132 0.001160 
2689.635382 0.001237 
2688.434633 0.001250 
2687.233883 0.001195 
2686.033133 0.001199 
2684.832384 0.001230 
2683.631634 0.001120 
2682.430884 0.001049 
2681.230135 0.001034 
2680.029385 0.000980 
2678.828635 0.001002 
2677.627886 0.001059 
2676.427136 0.001104 
2675.226387 0.001146 
2674.025637 0.001142 
2672.824887 0.001055 
2671.624138 0.000964 
2670.423388 0.001017 
2669.222638 0.001016 
2668.021889 0.001028 
2666.821139 0.001205 
2665.620389 0.001284 
2664.419640 0.001217 
2663.218890 0.001264 
2662.018140 0.001303 
2660.817391 0.001220 
2659.616641 0.001175 
2658.415891 0.001187 
2657.215142 0.001060 
2656.014392 0.000988 
2654.813642 0.001100 
2653.612893 0.001178 
2652.412143 0.001213 
2651.211394 0.001285 
2650.010644 0.001310 
2648.809894 0.001277 
2647.609145 0.001248 
2646.408395 0.001251 
2645.207645 0.001183 
2644.006896 0.001127 
2642.806146 0.001050 
2641.605396 0.000931 
2640.404647 0.000941 
2639.203897 0.000978 
2638.003147 0.000881 
2636.802398 0.000824 
2635.601648 0.000760 
2634.400898 0.000646 
2633.200149 0.000595 
2631.999399 0.000647 
2630.798649 0.000717 
2629.597900 0.000751 
2628.397150 0.000752 
2627.196401 0.000700 
2625.995651 0.000654 
2624.794901 0.000672 
2623.594152 0.000692 
2622.393402 0.000757 
2621.192652 0.000862 
2619.991903 0.000866 
2618.791153 0.000848 
2617.590403 0.000887 
2616.389654 0.000892 
2615.188904 0.000833 
2613.988154 0.000836 
2612.787405 0.000908 
2611.586655 0.000973 
2610.385905 0.001124 
2609.185156 0.001359 
2607.984406 0.001491 
2606.783656 0.001642 
2605.582907 0.001786 
2604.382157 0.001899 
2603.181408 0.002138 
2601.980658 0.002522 
2600.779908 0.002879 
2599.579159 0.003231 
2598.378409 0.003632 
2597.177659 0.003962 
2595.976910 0.004286 
2594.776160 0.004746 
2593.575410 0.005201 
2592.374661 0.005647 
2591.173911 0.006135 
2589.973161 0.006612 
2588.772412 0.006958 
2587.571662 0.007334 
2586.370912 0.007750 
2585.170163 0.007990 
2583.969413 0.008074 
2582.768663 0.008187 
2581.567914 0.008200 
2580.367164 0.008151 
2579.166415 0.008166 
2577.965665 0.008095 
2576.764915 0.007879 
2575.564166 0.007524 
2574.363416 0.007061 
2573.162666 0.006538 
2571.961917 0.006051 
2570.761167 0.005624 
2569.560417 0.005202 
2568.359668 0.004796 
2567.158918 0.004350 
2565.958168 0.003893 
2564.757419 0.003501 
2563.556669 0.003173 
2562.355919 0.002904 
2561.155170 0.002732 
2559.954420 0.002618 
2558.753670 0.002539 
2557.552921 0.002561 
2556.352171 0.002649 
2555.151422 0.002652 
2553.950672 0.002641 
2552.749922 0.002681 
2551.549173 0.002634 
2550.348423 0.002588 
2549.147673 0.002714 
2547.946924 0.002848 
2546.746174 0.002864 
2545.545424 0.002890 
2544.344675 0.002962 
2543.143925 0.003047 
2541.943175 0.003139 
2540.742426 0.003320 
2539.541676 0.003477 
2538.340926 0.003560 
2537.140177 0.003550 
2535.939427 0.003470 
2534.738677 0.003466 
2533.537928 0.003472 
2532.337178 0.003477 
2531.136429 0.003582 
2529.935679 0.003669 
2528.734929 0.003648 
2527.534180 0.003641 
2526.333430 0.003767 
2525.132680 0.003876 
2523.931931 0.003968 
2522.731181 0.004090 
2521.530431 0.004072 
2520.329682 0.003974 
2519.128932 0.003993 
2517.928182 0.004120 
2516.727433 0.004221 
2515.526683 0.004394 
2514.325933 0.004584 
2513.125184 0.004594 
2511.924434 0.004596 
2510.723684 0.004713 
2509.522935 0.004738 
2508.322185 0.004700 
2507.121436 0.004713 
2505.920686 0.004718 
2504.719936 0.004751 
2503.519187 0.004852 
2502.318437 0.004947 
2501.117687 0.004992 
2499.916938 0.004972 
2498.716188 0.004912 
2497.515438 0.004802 
2496.314689 0.004800 
2495.113939 0.004823 
2493.913189 0.004714 
2492.712440 0.004553 
2491.511690 0.004326 
2490.310940 0.004022 
2489.110191 0.003819 
2487.909441 0.003718 
2486.708691 0.003556 
2485.507942 0.003347 
2484.307192 0.003188 
2483.106443 0.002964 
2481.905693 0.002717 
2480.704943 0.002560 
2479.504194 0.002378 
2478.303444 0.002119 
2477.102694 0.001859 
2475.901945 0.001577 
2474.701195 0.001291 
2473.500445 0.001122 
2472.299696 0.001059 
2471.098946 0.001027 
2469.898196 0.001122 
2468.697447 0.001333 
2467.496697 0.001541 
2466.295947 0.001784 
2465.095198 0.002114 
2463.894448 0.002450 
2462.693698 0.002844 
2461.492949 0.003313 
2460.292199 0.003756 
2459.091450 0.004248 
2457.890700 0.004800 
2456.689950 0.005295 
2455.489201 0.005728 
2454.288451 0.006205 
2453.087701 0.006638 
2451.886952 0.006968 
2450.686202 0.007263 
2449.485452 0.007439 
2448.284703 0.007454 
2447.083953 0.007406 
2445.883203 0.007296 
2444.682454 0.007130 
2443.481704 0.007054 
2442.280954 0.006992 
2441.080205 0.006734 
2439.879455 0.006387 
2438.678706 0.006037 
2437.477956 0.005575 
2436.277206 0.005137 
2435.076457 0.004881 
2433.875707 0.004683 
2432.674957 0.004465 
2431.474208 0.004294 
2430.273458 0.004164 
2429.072708 0.004025 
2427.871959 0.003971 
2426.671209 0.003961 
2425.470459 0.003865 
2424.269710 0.003773 
2423.068960 0.003686 
2421.868210 0.003539 
2420.667461 0.003426 
2419.466711 0.003361 
2418.265961 0.003237 
2417.065212 0.003117 
2415.864462 0.003025 
2414.663713 0.002860 
2413.462963 0.002748 
2412.262213 0.002711 
2411.061464 0.002593 
2409.860714 0.002449 
2408.659964 0.002369 
2407.459215 0.002311 
2406.258465 0.002221 
2405.057715 0.002257 
2403.856966 0.002371 
2402.656216 0.002403 
2401.455466 0.002437 
2400.254717 0.002498 
2399.053967 0.002529 
2397.853217 0.002607 
2396.652468 0.002705 
2395.451718 0.002736 
2394.250968 0.002682 
2393.050219 0.002610 
2391.849469 0.002531 
2390.648720 0.002513 
2389.447970 0.002589 
2388.247220 0.002631 
2387.046471 0.002625 
2385.845721 0.002571 
2384.644971 0.002399 
2383.444222 0.002312 
2382.243472 0.002337 
2381.042722 0.002332 
2379.841973 0.002190 
2378.641223 0.002023 
2377.440473 0.001871 
2376.239724 0.001744 
2375.038974 0.001795 
2373.838224 0.001830 
2372.637475 0.001696 
2371.436725 0.001525 
2370.235975 0.001280 
2369.035226 0.001001 
2367.834476 0.000942 
2366.633727 0.001159 
2365.432977 0.001355 
2364.232227 0.001289 
2363.031478 0.001246 
2361.830728 0.001201 
2360.629978 0.001146 
2359.429229 0.001402 
2358.228479 0.001760 
2357.027729 0.002102 
2355.826980 0.002348 
2354.626230 0.002227 
2353.425480 0.001738 
2352.224731 0.001443 
2351.023981 0.001616 
2349.823231 0.002034 
2348.622482 0.002517 
2347.421732 0.002969 
2346.220982 0.003328 
2345.020233 0.003496 
2343.819483 0.003477 
2342.618734 0.003318 
2341.417984 0.003086 
2340.217234 0.002926 
2339.016485 0.002676 
2337.815735 0.002360 
2336.614985 0.002322 
2335.414236 0.002613 
2334.213486 0.002555 
2333.012736 0.002322 
2331.811987 0.002312 
2330.611237 0.002226 
2329.410487 0.002283 
2328.209738 0.002427 
2327.008988 0.002467 
2325.808238 0.002643 
2324.607489 0.002604 
2323.406739 0.002456 
2322.205989 0.002456 
2321.005240 0.002526 
2319.804490 0.002622 
2318.603741 0.002618 
2317.402991 0.002641 
2316.202241 0.002644 
2315.001492 0.002634 
2313.800742 0.002722 
2312.599992 0.002776 
2311.399243 0.002773 
2310.198493 0.002745 
2308.997743 0.002620 
2307.796994 0.002471 
2306.596244 0.002458 
2305.395494 0.002380 
2304.194745 0.002323 
2302.993995 0.002304 
2301.793245 0.002290 
2300.592496 0.002274 
2299.391746 0.002311 
2298.190996 0.002349 
2296.990247 0.002279 
2295.789497 0.002220 
2294.588748 0.002217 
2293.387998 0.002196 
2292.187248 0.002176 
2290.986499 0.002328 
2289.785749 0.002434 
2288.584999 0.002510 
2287.384250 0.002635 
2286.183500 0.002771 
2284.982750 0.002907 
2283.782001 0.003147 
2282.581251 0.003429 
2281.380501 0.003602 
2280.179752 0.003836 
2278.979002 0.004124 
2277.778252 0.004334 
2276.577503 0.004715 
2275.376753 0.005218 
2274.176003 0.005659 
2272.975254 0.006155 
2271.774504 0.006687 
2270.573755 0.007158 
2269.373005 0.007616 
2268.172255 0.008088 
2266.971506 0.008458 
2265.770756 0.008667 
2264.570006 0.008889 
2263.369257 0.009045 
2262.168507 0.009052 
2260.967757 0.009128 
2259.767008 0.009130 
2258.566258 0.008890 
2257.365508 0.008599 
2256.164759 0.008347 
2254.964009 0.008022 
2253.763259 0.007732 
2252.562510 0.007567 
2251.361760 0.007321 
2250.161010 0.007056 
2248.960261 0.006889 
2247.759511 0.006734 
2246.558762 0.006672 
2245.358012 0.006757 
2244.157262 0.006782 
2242.956513 0.006712 
2241.755763 0.006687 
2240.555013 0.006666 
2239.354264 0.006616 
2238.153514 0.006663 
2236.952764 0.006726 
2235.752015 0.006624 
2234.551265 0.006464 
2233.350515 0.006312 
2232.149766 0.006079 
2230.949016 0.005862 
2229.748266 0.005709 
2228.547517 0.005473 
2227.346767 0.005152 
2226.146017 0.004884 
2224.945268 0.004627 
2223.744518 0.004374 
2222.543769 0.004254 
2221.343019 0.004017 
2220.142269 0.003689 
2218.941520 0.003435 
2217.740770 0.003117 
2216.540020 0.002818 
2215.339271 0.002655 
2214.138521 0.002516 
2212.937771 0.002274 
2211.737022 0.002045 
2210.536272 0.001901 
2209.335522 0.001701 
2208.134773 0.001590 
2206.934023 0.001585 
2205.733273 0.001428 
2204.532524 0.001277 
2203.331774 0.001239 
2202.131024 0.001203 
2200.930275 0.001231 
2199.729525 0.001387 
2198.528776 0.001493 
2197.328026 0.001418 
2196.127276 0.001388 
2194.926527 0.001348 
2193.725777 0.001201 
2192.525027 0.001200 
2191.324278 0.001234 
2190.123528 0.001165 
2188.922778 0.001214 
2187.722029 0.001323 
2186.521279 0.001364 
2185.320529 0.001447 
2184.119780 0.001586 
2182.919030 0.001579 
2181.718280 0.001516 
2180.517531 0.001685 
2179.316781 0.001820 
2178.116031 0.001923 
2176.915282 0.002167 
2175.714532 0.002342 
2174.513783 0.002457 
2173.313033 0.002729 
2172.112283 0.003161 
2170.911534 0.003679 
2169.710784 0.004392 
2168.510034 0.005223 
2167.309285 0.006005 
2166.108535 0.006950 
2164.907785 0.008090 
2163.707036 0.009162 
2162.506286 0.010316 
2161.305536 0.011519 
2160.104787 0.012404 
2158.904037 0.013110 
2157.703287 0.013814 
2156.502538 0.014405 
2155.301788 0.014744 
2154.101038 0.014984 
2152.900289 0.014961 
2151.699539 0.014531 
2150.498790 0.013978 
2149.298040 0.013307 
2148.097290 0.012547 
2146.896541 0.011979 
2145.695791 0.011452 
2144.495041 0.010870 
2143.294292 0.010452 
2142.093542 0.010198 
2140.892792 0.009932 
2139.692043 0.009719 
2138.491293 0.009612 
2137.290543 0.009440 
2136.089794 0.009302 
2134.889044 0.009399 
2133.688294 0.009514 
2132.487545 0.009700 
2131.286795 0.010026 
2130.086045 0.010205 
2128.885296 0.010311 
2127.684546 0.010569 
2126.483797 0.010843 
2125.283047 0.011020 
2124.082297 0.011194 
2122.881548 0.011229 
2121.680798 0.010927 
2120.480048 0.010573 
2119.279299 0.010225 
2118.078549 0.009703 
2116.877799 0.009238 
2115.677050 0.008807 
2114.476300 0.008160 
2113.275550 0.007493 
2112.074801 0.006980 
2110.874051 0.006521 
2109.673301 0.006207 
2108.472552 0.006160 
2107.271802 0.006127 
2106.071052 0.006025 
2104.870303 0.006060 
2103.669553 0.006063 
2102.468804 0.005959 
2101.268054 0.006000 
2100.067304 0.005974 
2098.866555 0.005715 
2097.665805 0.005488 
2096.465055 0.005256 
2095.264306 0.004896 
2094.063556 0.004642 
2092.862806 0.004418 
2091.662057 0.003961 
2090.461307 0.003436 
2089.260557 0.003079 
2088.059808 0.002709 
2086.859058 0.002362 
2085.658308 0.002239 
2084.457559 0.002040 
2083.256809 0.001712 
2082.056059 0.001547 
2080.855310 0.001407 
2079.654560 0.001202 
2078.453811 0.001179 
2077.253061 0.001172 
2076.052311 0.000963 
2074.851562 0.000887 
2073.650812 0.000917 
2072.450062 0.000805 
2071.249313 0.000691 
2070.048563 0.000677 
2068.847813 0.000627 
2067.647064 0.000522 
2066.446314 0.000546 
2065.245564 0.000570 
2064.044815 0.000525 
2062.844065 0.000534 
2061.643315 0.000398 
2060.442566 0.000234 
2059.241816 0.000252 
2058.041066 0.000199 
2056.840317 0.000096 
2055.639567 0.000196 
2054.438818 0.000241 
2053.238068 0.000120 
2052.037318 0.000095 
2050.836569 0.000170 
2049.635819 0.000149 
2048.435069 0.000166 
2047.234320 0.000163 
2046.033570 0.000076 
2044.832820 0.000040 
2043.632071 0.000115 
2042.431321 0.000126 
2041.230571 0.000116 
2040.029822 0.000169 
2038.829072 -0.000001 
2037.628322 -0.000220 
2036.427573 -0.000162 
2035.226823 -0.000126 
2034.026073 -0.000148 
2032.825324 -0.000024 
2031.624574 0.000080 
2030.423825 0.000039 
2029.223075 0.000179 
2028.022325 0.000413 
2026.821576 0.000509 
2025.620826 0.000655 
2024.420076 0.000827 
2023.219327 0.000802 
2022.018577 0.000975 
2020.817827 0.001501 
2019.617078 0.001794 
2018.416328 0.001966 
2017.215578 0.002201 
2016.014829 0.002238 
2014.814079 0.002197 
2013.613329 0.002341 
2012.412580 0.002599 
2011.211830 0.002672 
2010.011080 0.002625 
2008.810331 0.002486 
2007.609581 0.002109 
2006.408832 0.001816 
2005.208082 0.001576 
2004.007332 0.001191 
2002.806583 0.000964 
2001.605833 0.000854 
2000.405083 0.000629 
1999.204334 0.000475 
1998.003584 0.000311 
1996.802834 0.000320 
1995.602085 0.000508 
1994.401335 0.000526 
1993.200585 0.000386 
1991.999836 0.000240 
1990.799086 0.000230 
1989.598336 0.000078 
1988.397587 -0.000188 
1987.196837 0.000055 
1985.996087 0.000077 
1984.795338 -0.000247 
1983.594588 -0.000202 
1982.393839 -0.000054 
1981.193089 -0.000066 
1979.992339 0.000002 
1978.791590 0.000132 
1977.590840 0.000036 
1976.390090 -0.000021 
1975.189341 0.000111 
1973.988591 0.000037 
1972.787841 -0.000135 
1971.587092 0.000198 
1970.386342 0.000482 
1969.185592 0.000467 
1967.984843 0.000469 
1966.784093 0.000394 
1965.583343 0.000134 
1964.382594 -0.000130 
1963.181844 -0.000193 
1961.981094 -0.000078 
1960.780345 0.000063 
1959.579595 0.000123 
1958.378846 0.000078 
1957.178096 0.000073 
1955.977346 0.000077 
1954.776597 -0.000087 
1953.575847 -0.000163 
1952.375097 -0.000126 
1951.174348 -0.000150 
1949.973598 0.000003 
1948.772848 -0.000033 
1947.572099 -0.000061 
1946.371349 0.000409 
1945.170599 0.000566 
1943.969850 0.000259 
1942.769100 -0.000196 
1941.568350 -0.000367 
1940.367601 -0.000607 
1939.166851 -0.001001 
1937.966102 -0.000385 
1936.765352 0.000250 
1935.564602 0.000209 
1934.363853 0.000231 
1933.163103 0.000320 
1931.962353 0.000155 
1930.761604 0.000076 
1929.560854 0.000076 
1928.360104 -0.000138 
1927.159355 0.000089 
1925.958605 0.000276 
1924.757855 -0.000057 
1923.557106 -0.000636 
1922.356356 0.000005 
1921.155606 0.000243 
1919.954857 -0.000203 
1918.754107 -0.000157 
1917.553357 0.000166 
1916.352608 -0.000064 
1915.151858 -0.000328 
1913.951109 0.000091 
1912.750359 0.000655 
1911.549609 0.000535 
1910.348860 0.000199 
1909.148110 -0.000159 
1907.947360 -0.000246 
1906.746611 -0.000110 
1905.545861 0.000088 
1904.345111 0.000339 
1903.144362 0.000671 
1901.943612 0.000590 
1900.742862 0.000330 
1899.542113 0.000690 
1898.341363 0.000948 
1897.140613 0.000918 
1895.939864 0.000757 
1894.739114 0.000646 
1893.538364 0.001053 
1892.337615 0.000999 
1891.136865 0.000804 
1889.936116 0.000639 
1888.735366 0.000479 
1887.534616 0.000230 
1886.333867 -0.000306 
1885.133117 0.000079 
1883.932367 0.000670 
1882.731618 0.000543 
1881.530868 0.000281 
1880.330118 0.000162 
1879.129369 -0.000104 
1877.928619 -0.000433 
1876.727869 -0.000509 
1875.527120 -0.000871 
1874.326370 -0.000787 
1873.125620 0.000470 
1871.924871 0.001245 
1870.724121 0.001340 
1869.523371 0.001110 
1868.322622 0.000452 
1867.121872 -0.000602 
1865.921123 -0.001410 
1864.720373 -0.000959 
1863.519623 -0.000239 
1862.318874 0.000202 
1861.118124 0.000504 
1859.917374 0.000429 
1858.716625 0.000449 
1857.515875 0.000593 
1856.315125 0.000556 
1855.114376 0.000457 
1853.913626 0.000516 
1852.712876 0.000676 
1851.512127 0.000865 
1850.311377 0.000380 
1849.110627 0.000635 
1847.909878 0.001749 
1846.709128 0.001759 
1845.508378 0.001192 
1844.307629 0.000270 
1843.106879 -0.000206 
1841.906130 -0.000908 
1840.705380 -0.001818 
1839.504630 -0.000639 
1838.303881 0.000094 
1837.103131 -0.000134 
1835.902381 -0.000757 
1834.701632 -0.000219 
1833.500882 0.000925 
1832.300132 0.001358 
1831.099383 0.000882 
1829.898633 0.000713 
1828.697883 0.000828 
1827.497134 0.000418 
1826.296384 0.000108 
1825.095634 0.001074 
1823.894885 0.001892 
1822.694135 0.001847 
1821.493385 0.002215 
1820.292636 0.003659 
1819.091886 0.004513 
1817.891137 0.004837 
1816.690387 0.005385 
1815.489637 0.006378 
1814.288888 0.007463 
1813.088138 0.008482 
1811.887388 0.009876 
1810.686639 0.010983 
1809.485889 0.012184 
1808.285139 0.013455 
1807.084390 0.014987 
1805.883640 0.017224 
1804.682890 0.019425 
1803.482141 0.021869 
1802.281391 0.023848 
1801.080641 0.025952 
1799.879892 0.028183 
1798.679142 0.029140 
1797.478392 0.031157 
1796.277643 0.033818 
1795.076893 0.035851 
1793.876144 0.036691 
1792.675394 0.036217 
1791.474644 0.035424 
1790.273895 0.034001 
1789.073145 0.032610 
1787.872395 0.031754 
1786.671646 0.029926 
1785.470896 0.027608 
1784.270146 0.024736 
1783.069397 0.021421 
1781.868647 0.018049 
1780.667897 0.015744 
1779.467148 0.014299 
1778.266398 0.012061 
1777.065648 0.011860 
1775.864899 0.013741 
1774.664149 0.015154 
1773.463399 0.015635 
1772.262650 0.018390 
1771.061900 0.022482 
1769.861151 0.026866 
1768.660401 0.032556 
1767.459651 0.041040 
1766.258902 0.051255 
1765.058152 0.060829 
1763.857402 0.070174 
1762.656653 0.079899 
1761.455903 0.088363 
1760.255153 0.095094 
1759.054404 0.098419 
1757.853654 0.098385 
1756.652904 0.096536 
1755.452155 0.092885 
1754.251405 0.085901 
1753.050655 0.077919 
1751.849906 0.071338 
1750.649156 0.064650 
1749.448406 0.058211 
1748.247657 0.054093 
1747.046907 0.054328 
1745.846158 0.055019 
1744.645408 0.056127 
1743.444658 0.059892 
1742.243909 0.062193 
1741.043159 0.063180 
1739.842409 0.063122 
1738.641660 0.067191 
1737.440910 0.071635 
1736.240160 0.072876 
1735.039411 0.074752 
1733.838661 0.076786 
1732.637911 0.077487 
1731.437162 0.077371 
1730.236412 0.079508 
1729.035662 0.085721 
1727.834913 0.093700 
1726.634163 0.115264 
1725.433413 0.169311 
1724.232664 0.269764 
1723.031914 0.424779 
1721.831165 0.649103 
1720.630415 0.928747 
1719.429665 1.246448 
1718.228916 1.567931 
1717.028166 1.842896 
1715.827416 2.061698 
1714.626667 2.208598 
1713.425917 2.292080 
1712.225167 2.338515 
1711.024418 2.362196 
1709.823668 2.375715 
1708.622918 2.345378 
1707.422169 2.256794 
1706.221419 2.135787 
1705.020669 2.019806 
1703.819920 1.863366 
1702.619170 1.665717 
1701.418420 1.460369 
1700.217671 1.247223 
1699.016921 1.004628 
1697.816172 0.757954 
1696.615422 0.566196 
1695.414672 0.423522 
1694.213923 0.302739 
1693.013173 0.225483 
1691.812423 0.193723 
1690.611674 0.177029 
1689.410924 0.162173 
1688.210174 0.154022 
1687.009425 0.146110 
1685.808675 0.137022 
1684.607925 0.128817 
1683.407176 0.121089 
1682.206426 0.112019 
1681.005676 0.103682 
1679.804927 0.104668 
1678.604177 0.107533 
1677.403427 0.105917 
1676.202678 0.105325 
1675.001928 0.106843 
1673.801179 0.109670 
1672.600429 0.112265 
1671.399679 0.113971 
1670.198930 0.115373 
1668.998180 0.111889 
1667.797430 0.106378 
1666.596681 0.101413 
1665.395931 0.094854 
1664.195181 0.089092 
1662.994432 0.082019 
1661.793682 0.074558 
1660.592932 0.067513 
1659.392183 0.061067 
1658.191433 0.060458 
1656.990683 0.065087 
1655.789934 0.066015 
1654.589184 0.063122 
1653.388434 0.058481 
1652.187685 0.053859 
1650.986935 0.049053 
1649.786186 0.046577 
1648.585436 0.048458 
1647.384686 0.049783 
1646.183937 0.047866 
1644.983187 0.045166 
1643.782437 0.043286 
1642.581688 0.043068 
1641.380938 0.043857 
1640.180188 0.045604 
1638.979439 0.047209 
1637.778689 0.046871 
1636.577939 0.045445 
1635.377190 0.043642 
1634.176440 0.041448 
1632.975690 0.039743 
1631.774941 0.039260 
1630.574191 0.041212 
1629.373441 0.041071 
1628.172692 0.040253 
1626.971942 0.040499 
1625.771193 0.039716 
1624.570443 0.038136 
1623.369693 0.037037 
1622.168944 0.035738 
1620.968194 0.035957 
1619.767444 0.036175 
1618.566695 0.036870 
1617.365945 0.036120 
1616.165195 0.034276 
1614.964446 0.032373 
1613.763696 0.030304 
1612.562946 0.029710 
1611.362197 0.031196 
1610.161447 0.030673 
1608.960697 0.029635 
1607.759948 0.029133 
1606.559198 0.028751 
1605.358448 0.028478 
1604.157699 0.028533 
1602.956949 0.028516 
1601.756200 0.028317 
1600.555450 0.028029 
1599.354700 0.028106 
1598.153951 0.028422 
1596.953201 0.028567 
1595.752451 0.028855 
1594.551702 0.028941 
1593.350952 0.029081 
1592.150202 0.029450 
1590.949453 0.029890 
1589.748703 0.030738 
1588.547953 0.031978 
1587.347204 0.033076 
1586.146454 0.033862 
1584.945704 0.034574 
1583.744955 0.034899 
1582.544205 0.034041 
1581.343455 0.033172 
1580.142706 0.034818 
1578.941956 0.034763 
1577.741207 0.033199 
1576.540457 0.030916 
1575.339707 0.027502 
1574.138958 0.025771 
1572.938208 0.024928 
1571.737458 0.024775 
1570.536709 0.024506 
1569.335959 0.023085 
1568.135209 0.021515 
1566.934460 0.018976 
1565.733710 0.015845 
1564.532960 0.017379 
1563.332211 0.019946 
1562.131461 0.022944 
1560.930711 0.023498 
1559.729962 0.021105 
1558.529212 0.019156 
1557.328462 0.016024 
1556.127713 0.011465 
1554.926963 0.010862 
1553.726214 0.013361 
1552.525464 0.014563 
1551.324714 0.012068 
1550.123965 0.010778 
1548.923215 0.012207 
1547.722465 0.010933 
1546.521716 0.010594 
1545.320966 0.010809 
1544.120216 0.011105 
1542.919467 0.011527 
1541.718717 0.010091 
1540.517967 0.008709 
1539.317218 0.006867 
1538.116468 0.006191 
1536.915718 0.007075 
1535.714969 0.006748 
1534.514219 0.007488 
1533.313469 0.006957 
1532.112720 0.005508 
1530.911970 0.003694 
1529.711221 0.003176 
1528.510471 0.004109 
1527.309721 0.003572 
1526.108972 0.003549 
1524.908222 0.004954 
1523.707472 0.005891 
1522.506723 0.004632 
1521.305973 0.004514 
1520.105223 0.004967 
1518.904474 0.003007 
1517.703724 0.000684 
1516.502974 0.001507 
1515.302225 0.002549 
1514.101475 0.001132 
1512.900725 0.000195 
1511.699976 0.000956 
1510.499226 0.002916 
1509.298476 0.004371 
1508.097727 0.004043 
1506.896977 0.003468 
1505.696228 0.002281 
1504.495478 0.000848 
1503.294728 -0.000321 
1502.093979 0.000472 
1500.893229 0.003189 
1499.692479 0.005240 
1498.491730 0.005148 
1497.290980 0.005345 
1496.090230 0.004934 
1494.889481 0.005023 
1493.688731 0.007347 
1492.487981 0.007699 
1491.287232 0.009104 
1490.086482 0.009712 
1488.885732 0.008789 
1487.684983 0.007269 
1486.484233 0.006099 
1485.283483 0.007473 
1484.082734 0.008094 
1482.881984 0.008342 
1481.681235 0.009087 
1480.480485 0.010438 
1479.279735 0.011589 
1478.078986 0.012744 
1476.878236 0.015390 
1475.677486 0.019205 
1474.476737 0.022501 
1473.275987 0.025515 
1472.075237 0.029154 
1470.874488 0.033835 
1469.673738 0.037809 
1468.472988 0.043819 
1467.272239 0.050531 
1466.071489 0.057074 
1464.870739 0.063079 
1463.669990 0.070527 
1462.469240 0.079748 
1461.268490 0.091342 
1460.067741 0.107616 
1458.866991 0.125641 
1457.666242 0.144305 
1456.465492 0.165086 
1455.264742 0.187076 
1454.063993 0.208766 
1452.863243 0.230174 
1451.662493 0.253723 
1450.461744 0.274969 
1449.260994 0.294282 
1448.060244 0.312707 
1446.859495 0.330066 
1445.658745 0.344765 
1444.457995 0.356154 
1443.257246 0.363202 
1442.056496 0.365134 
1440.855746 0.364580 
1439.654997 0.357149 
1438.454247 0.343066 
1437.253497 0.326594 
1436.052748 0.309687 
1434.851998 0.294437 
1433.651249 0.283585 
1432.450499 0.279531 
1431.249749 0.282444 
1430.049000 0.286856 
1428.848250 0.295986 
1427.647500 0.311666 
1426.446751 0.332584 
1425.246001 0.359035 
1424.045251 0.391891 
1422.844502 0.428140 
1421.643752 0.460090 
1420.443002 0.482818 
1419.242253 0.489958 
1418.041503 0.476764 
1416.840753 0.443425 
1415.640004 0.393575 
1414.439254 0.336843 
1413.238505 0.279066 
1412.037755 0.225851 
1410.837005 0.183476 
1409.636256 0.153584 
1408.435506 0.133058 
1407.234756 0.118838 
1406.034007 0.109042 
1404.833257 0.100495 
1403.632507 0.093230 
1402.431758 0.087020 
1401.231008 0.080447 
1400.030258 0.074451 
1398.829509 0.069857 
1397.628759 0.065030 
1396.428009 0.059357 
1395.227260 0.054386 
1394.026510 0.050537 
1392.825760 0.046026 
1391.625011 0.042502 
1390.424261 0.040432 
1389.223512 0.038740 
1388.022762 0.036572 
1386.822012 0.034856 
1385.621263 0.033202 
1384.420513 0.031415 
1383.219763 0.030366 
1382.019014 0.030279 
1380.818264 0.031858 
1379.617514 0.038902 
1378.416765 0.057073 
1377.216015 0.099398 
1376.015265 0.170704 
1374.814516 0.271638 
1373.613766 0.399526 
1372.413016 0.547920 
1371.212267 0.701644 
1370.011517 0.848679 
1368.810767 0.978879 
1367.610018 1.088833 
1366.409268 1.169940 
1365.208519 1.213436 
1364.007769 1.211711 
1362.807019 1.170891 
1361.606270 1.097950 
1360.405520 1.005105 
1359.204770 0.913455 
1358.004021 0.836879 
1356.803271 0.783269 
1355.602521 0.752484 
1354.401772 0.735725 
1353.201022 0.726124 
1352.000272 0.712822 
1350.799523 0.687679 
1349.598773 0.646405 
1348.398023 0.584592 
1347.197274 0.504338 
1345.996524 0.414419 
1344.795774 0.324273 
1343.595025 0.244631 
1342.394275 0.180554 
1341.193526 0.134066 
1339.992776 0.104584 
1338.792026 0.087736 
1337.591277 0.078594 
1336.390527 0.074124 
1335.189777 0.073382 
1333.989028 0.074502 
1332.788278 0.076058 
1331.587528 0.077952 
1330.386779 0.080250 
1329.186029 0.081793 
1327.985279 0.082075 
1326.784530 0.081266 
1325.583780 0.078891 
1324.383030 0.074720 
1323.182281 0.069878 
1321.981531 0.064589 
1320.780781 0.058814 
1319.580032 0.053631 
1318.379282 0.049533 
1317.178533 0.045899 
1315.977783 0.043192 
1314.777033 0.041501 
1313.576284 0.039901 
1312.375534 0.038533 
1311.174784 0.037772 
1309.974035 0.036846 
1308.773285 0.035980 
1307.572535 0.035746 
1306.371786 0.035289 
1305.171036 0.034502 
1303.970286 0.034154 
1302.769537 0.033711 
1301.568787 0.032926 
1300.368037 0.032628 
1299.167288 0.032386 
1297.966538 0.031710 
1296.765788 0.031387 
1295.565039 0.031253 
1294.364289 0.030640 
1293.163540 0.030263 
1291.962790 0.030360 
1290.762040 0.030049 
1289.561291 0.029789 
1288.360541 0.030002 
1287.159791 0.029874 
1285.959042 0.029678 
1284.758292 0.030010 
1283.557542 0.030133 
1282.356793 0.029958 
1281.156043 0.030128 
1279.955293 0.030002 
1278.754544 0.029371 
1277.553794 0.029099 
1276.353044 0.028858 
1275.152295 0.028281 
1273.951545 0.028069 
1272.750795 0.027942 
1271.550046 0.027312 
1270.349296 0.026875 
1269.148547 0.026669 
1267.947797 0.025988 
1266.747047 0.025448 
1265.546298 0.025266 
1264.345548 0.024589 
1263.144798 0.023851 
1261.944049 0.023612 
1260.743299 0.022945 
1259.542549 0.022088 
1258.341800 0.021775 
1257.141050 0.021201 
1255.940300 0.020293 
1254.739551 0.019948 
1253.538801 0.019590 
1252.338051 0.018747 
1251.137302 0.018293 
1249.936552 0.017953 
1248.735802 0.017066 
1247.535053 0.016606 
1246.334303 0.016585 
1245.133554 0.016306 
1243.932804 0.016748 
1242.732054 0.019158 
1241.531305 0.026366 
1240.330555 0.048073 
1239.129805 0.099503 
1237.929056 0.186535 
1236.728306 0.310341 
1235.527556 0.465028 
1234.326807 0.625506 
1233.126057 0.770489 
1231.925307 0.881849 
1230.724558 0.949418 
1229.523808 0.978251 
1228.323058 0.973799 
1227.122309 0.933551 
1225.921559 0.861720 
1224.720809 0.758988 
1223.520060 0.628909 
1222.319310 0.486364 
1221.118561 0.350840 
1219.917811 0.237361 
1218.717061 0.160633 
1217.516312 0.114883 
1216.315562 0.092020 
1215.114812 0.081444 
1213.914063 0.075450 
1212.713313 0.071423 
1211.512563 0.067912 
1210.311814 0.065072 
1209.111064 0.063668 
1207.910314 0.063117 
1206.709565 0.063254 
1205.508815 0.064708 
1204.308065 0.066252 
1203.107316 0.066632 
1201.906566 0.066118 
1200.705816 0.064151 
1199.505067 0.060336 
1198.304317 0.056268 
1197.103568 0.052550 
1195.902818 0.048917 
1194.702068 0.046299 
1193.501319 0.044989 
1192.300569 0.043681 
1191.099819 0.042666 
1189.899070 0.042559 
1188.698320 0.042121 
1187.497570 0.041579 
1186.296821 0.041743 
1185.096071 0.041518 
1183.895321 0.041025 
1182.694572 0.041084 
1181.493822 0.040851 
1180.293072 0.040134 
1179.092323 0.039939 
1177.891573 0.039811 
1176.690823 0.039014 
1175.490074 0.038701 
1174.289324 0.038748 
1173.088575 0.038123 
1171.887825 0.037981 
1170.687075 0.038388 
1169.486326 0.038261 
1168.285576 0.038272 
1167.084826 0.038621 
1165.884077 0.038335 
1164.683327 0.037799 
1163.482577 0.037684 
1162.281828 0.037112 
1161.081078 0.036200 
1159.880328 0.035966 
1158.679579 0.035445 
1157.478829 0.034475 
1156.278079 0.034300 
1155.077330 0.033921 
1153.876580 0.033011 
1152.675830 0.032708 
1151.475081 0.032513 
1150.274331 0.031788 
1149.073582 0.031431 
1147.872832 0.031446 
1146.672082 0.030772 
1145.471333 0.030237 
1144.270583 0.030201 
1143.069833 0.029447 
1141.869084 0.028748 
1140.668334 0.028652 
1139.467584 0.027904 
1138.266835 0.027069 
1137.066085 0.026855 
1135.865335 0.026252 
1134.664586 0.025298 
1133.463836 0.024893 
1132.263086 0.024357 
1131.062337 0.023287 
1129.861587 0.022853 
1128.660837 0.022518 
1127.460088 0.021626 
1126.259338 0.021296 
1125.058589 0.021043 
1123.857839 0.020148 
1122.657089 0.019689 
1121.456340 0.019512 
1120.255590 0.018759 
1119.054840 0.018227 
1117.854091 0.018163 
1116.653341 0.017518 
1115.452591 0.016780 
1114.251842 0.016659 
1113.051092 0.015915 
1111.850342 0.014788 
1110.649593 0.014512 
1109.448843 0.015016 
1108.248093 0.018510 
1107.047344 0.029048 
1105.846594 0.047914 
1104.645844 0.073785 
1103.445095 0.105587 
1102.244345 0.139341 
1101.043596 0.170039 
1099.842846 0.196435 
1098.642096 0.216863 
1097.441347 0.229580 
1096.240597 0.235453 
1095.039847 0.233328 
1093.839098 0.219205 
1092.638348 0.196188 
1091.437598 0.166774 
1090.236849 0.133619 
1089.036099 0.102153 
1087.835349 0.076216 
1086.634600 0.056407 
1085.433850 0.043419 
1084.233100 0.035585 
1083.032351 0.030486 
1081.831601 0.026992 
1080.630851 0.025364 
1079.430102 0.024288 
1078.229352 0.023240 
1077.028603 0.023244 
1075.827853 0.023470 
1074.627103 0.023221 
1073.426354 0.023352 
1072.225604 0.023600 
1071.024854 0.023022 
1069.824105 0.022443 
1068.623355 0.022147 
1067.422605 0.020988 
1066.221856 0.019749 
1065.021106 0.018981 
1063.820356 0.017540 
1062.619607 0.016015 
1061.418857 0.015149 
1060.218107 0.014031 
1059.017358 0.012843 
1057.816608 0.012332 
1056.615858 0.011779 
1055.415109 0.010999 
1054.214359 0.010876 
1053.013610 0.010774 
1051.812860 0.010193 
1050.612110 0.010214 
1049.411361 0.010300 
1048.210611 0.009729 
1047.009861 0.009669 
1045.809112 0.009822 
1044.608362 0.009386 
1043.407612 0.009255 
1042.206863 0.009508 
1041.006113 0.009239 
1039.805363 0.009123 
1038.604614 0.009569 
1037.403864 0.009517 
1036.203114 0.009403 
1035.002365 0.009981 
1033.801615 0.010070 
1032.600865 0.009828 
1031.400116 0.010189 
1030.199366 0.010123 
1028.998617 0.009586 
1027.797867 0.009583 
1026.597117 0.009509 
1025.396368 0.009015 
1024.195618 0.009015 
1022.994868 0.009154 
1021.794119 0.008678 
1020.593369 0.008545 
1019.392619 0.008632 
1018.191870 0.008088 
1016.991120 0.007867 
1015.790370 0.008059 
1014.589621 0.007694 
1013.388871 0.007522 
1012.188121 0.007754 
1010.987372 0.007363 
1009.786622 0.006903 
1008.585872 0.006965 
1007.385123 0.006596 
1006.184373 0.006049 
1004.983624 0.006208 
1003.782874 0.006131 
1002.582124 0.005703 
1001.381375 0.005978 
1000.180625 0.006160 
998.979875 0.005862 
997.779126 0.006165 
996.578376 0.006543 
995.377626 0.006369 
994.176877 0.006638 
992.976127 0.007173 
991.775377 0.007098 
990.574628 0.007215 
989.373878 0.007687 
988.173128 0.007542 
986.972379 0.007481 
985.771629 0.007871 
984.570879 0.007752 
983.370130 0.007635 
982.169380 0.007966 
980.968631 0.007838 
979.767881 0.007541 
978.567131 0.007775 
977.366382 0.007654 
976.165632 0.007194 
974.964882 0.007235 
973.764133 0.007010 
972.563383 0.006300 
971.362633 0.006186 
970.161884 0.006091 
968.961134 0.005473 
967.760384 0.005394 
966.559635 0.005401 
965.358885 0.004767 
964.158135 0.004462 
962.957386 0.004450 
961.756636 0.003886 
960.555886 0.003536 
959.355137 0.003654 
958.154387 0.003226 
956.953638 0.002812 
955.752888 0.002953 
954.552138 0.002578 
953.351389 0.002042 
952.150639 0.002159 
950.949889 0.001886 
949.749140 0.001377 
948.548390 0.001510 
947.347640 0.001423 
946.146891 0.000960 
944.946141 0.001020 
943.745391 0.000980 
942.544642 0.000429 
941.343892 0.000365 
940.143142 0.000422 
938.942393 -0.000090 
937.741643 -0.000140 
936.540893 0.000134 
935.340144 -0.000147 
934.139394 -0.000052 
932.938645 0.000469 
931.737895 0.000416 
930.537145 0.000528 
929.336396 0.001179 
928.135646 0.001402 
926.934896 0.001660 
925.734147 0.002606 
924.533397 0.003240 
923.332647 0.003729 
922.131898 0.004965 
920.931148 0.006043 
919.730398 0.006990 
918.529649 0.008826 
917.328899 0.010702 
916.128149 0.012403 
914.927400 0.015042 
913.726650 0.017918 
912.525901 0.020557 
911.325151 0.023989 
910.124401 0.027997 
908.923652 0.031730 
907.722902 0.036101 
906.522152 0.041100 
905.321403 0.045601 
904.120653 0.050427 
902.919903 0.055646 
901.719154 0.059829 
900.518404 0.063460 
899.317654 0.066549 
898.116905 0.066974 
896.916155 0.064983 
895.715405 0.060990 
894.514656 0.053883 
893.313906 0.044459 
892.113156 0.034806 
890.912407 0.025295 
889.711657 0.016773 
888.510908 0.010744 
887.310158 0.006543 
886.109408 0.003647 
884.908659 0.002735 
883.707909 0.002760 
882.507159 0.002979 
881.306410 0.004242 
880.105660 0.005954 
878.904910 0.007258 
877.704161 0.008768 
876.503411 0.010436 
875.302661 0.011278 
874.101912 0.011894 
872.901162 0.012507 
871.700412 0.012039 
870.499663 0.011213 
869.298913 0.010602 
868.098163 0.009080 
866.897414 0.007388 
865.696664 0.006330 
864.495915 0.004728 
863.295165 0.003023 
862.094415 0.002160 
860.893666 0.001324 
859.692916 0.000334 
858.492166 0.000089 
857.291417 -0.000105 
856.090667 -0.000898 
854.889917 -0.000940 
853.689168 -0.000764 
852.488418 -0.001283 
851.287668 -0.001138 
850.086919 -0.000740 
848.886169 -0.000923 
847.685419 -0.000685 
846.484670 -0.000153 
845.283920 -0.000190 
844.083170 -0.000143 
842.882421 0.000353 
841.681671 0.000279 
840.480922 0.000253 
839.280172 0.000871 
838.079422 0.000695 
836.878673 0.000313 
835.677923 0.000856 
834.477173 0.000783 
833.276424 0.000583 
832.075674 0.001173 
830.874924 0.001424 
829.674175 0.001421 
828.473425 0.002012 
827.272675 0.002409 
826.071926 0.002044 
824.871176 0.002228 
823.670426 0.002490 
822.469677 0.001844 
821.268927 0.001988 
820.068177 0.002504 
818.867428 0.001945 
817.666678 0.002034 
816.465929 0.002527 
815.265179 0.002156 
814.064429 0.002024 
812.863680 0.002252 
811.662930 0.002012 
810.462180 0.001792 
809.261431 0.002200 
808.060681 0.002148 
806.859931 0.001714 
805.659182 0.001901 
804.458432 0.001458 
803.257682 0.000948 
802.056933 0.002024 
800.856183 0.003218 
799.655433 0.005021 
798.454684 0.008985 
797.253934 0.013450 
796.053184 0.017849 
794.852435 0.022662 
793.651685 0.026263 
792.450936 0.027452 
791.250186 0.027084 
790.049436 0.024766 
788.848687 0.020250 
787.647937 0.015922 
786.447187 0.012446 
785.246438 0.008579 
784.045688 0.006056 
782.844938 0.004768 
781.644189 0.003063 
780.443439 0.002030 
779.242689 0.001842 
778.041940 0.001176 
776.841190 0.000404 
775.640440 0.000353 
774.439691 -0.000115 
773.238941 -0.000709 
772.038191 -0.000319 
770.837442 -0.000443 
769.636692 -0.001128 
768.435943 -0.000955 
767.235193 -0.001263 
766.034443 -0.002056 
764.833694 -0.001709 
763.632944 -0.001555 
762.432194 -0.001707 
761.231445 -0.001007 
760.030695 -0.000592 
758.829945 -0.000770 
757.629196 -0.000320 
756.428446 0.000092 
755.227696 -0.000509 
754.026947 -0.000567 
752.826197 0.000128 
751.625447 -0.000469 
750.424698 -0.000642 
749.223948 -0.000002 
748.023198 -0.000425 
746.822449 -0.000502 
745.621699 0.000069 
744.420950 -0.000165 
743.220200 -0.000103 
742.019450 0.000432 
740.818701 0.000187 
739.617951 -0.000354 
738.417201 -0.000065 
737.216452 -0.000123 
736.015702 -0.000793 
734.814952 -0.000213 
733.614203 -0.000044 
732.413453 -0.000676 
731.212703 -0.000258 
730.011954 -0.000387 
728.811204 -0.000996 
727.610454 -0.000470 
726.409705 -0.000597 
725.208955 -0.001300 
724.008205 -0.001099 
722.807456 -0.000795 
721.606706 -0.001127 
720.405957 -0.000741 
719.205207 0.000308 
718.004457 0.000189 
716.803708 0.000105 
715.602958 0.000584 
714.402208 -0.000070 
713.201459 -0.000117 
712.000709 0.000452 
710.799959 -0.000286 
709.599210 -0.000221 
708.398460 0.000467 
707.197710 -0.000023 
705.996961 -0.000243 
704.796211 0.000324 
703.595461 0.000263 
702.394712 0.000018 
701.193962 0.000574 
699.993212 0.000785 
698.792463 0.000510 
697.591713 0.001145 
696.390964 0.001042 
695.190214 0.000167 
693.989464 0.000639 
692.788715 0.000502 
691.587965 -0.000107 
690.387215 0.000691 
689.186466 0.000845 
687.985716 0.000480 
686.784966 0.000991 
685.584217 0.001189 
684.383467 0.001105 
683.182717 0.001809 
681.981968 0.002297 
680.781218 0.001601 
679.580468 0.001614 
678.379719 0.001832 
677.178969 0.000782 
675.978219 0.000548 
674.777470 0.000916 
673.576720 -0.000012 
672.375971 0.000292 
671.175221 0.001688 
669.974471 0.001716 
668.773722 0.002108 
667.572972 0.002062 
666.372222 0.000992 
665.171473 0.000759 
663.970723 0.001204 
662.769973 0.001583 
661.569224 0.001824 
660.368474 0.002089 
659.167724 0.000944 
657.966975 -0.000453 
656.766225 0.000056 
655.565475 0.000006 
654.364726 0.000423 
653.163976 0.002453 
651.963226 0.002611 
650.762477 0.002743 
649.561727 -0.005915 
648.360978 0.000000 
647.160228 0.000000 
645.959478 0.000000 
644.758729 0.000000 
643.557979 0.000000 
642.357229 0.000000 
641.156480 0.000000 
639.955730 0.000000 
638.754980 0.000000 
637.554231 0.000000 
636.353481 0.000000 
635.152731 0.000000 
633.951982 0.000000 
632.751232 0.000000 
631.550482 0.000000 
630.349733 0.000000 
629.148983 0.000000 
627.948233 0.000000 
626.747484 0.000000 
625.546734 0.000000 
624.345985 0.000000 
623.145235 0.000000 
621.944485 0.000000 
620.743736 0.000000 
619.542986 0.000000 
618.342236 0.000000 
617.141487 0.000000 
615.940737 0.000000 
614.739987 0.000000 
613.539238 0.000000 
612.338488 0.000000 
611.137738 0.000000 
609.936989 0.000000 
608.736239 0.000000 
607.535489 0.000000 
606.334740 0.000000 
605.133990 0.000000 
603.933240 0.000000 
602.732491 0.000000 
601.531741 0.000000 
600.330992 0.000000 
599.130242 0.000000 
597.929492 0.000000 
596.728743 0.000000 
595.527993 0.000000 
594.327243 0.000000 
593.126494 0.000000 
591.925744 0.000000 
590.724994 0.000000 
589.524245 0.000000 
588.323495 0.000000 
587.122745 0.000000 
585.921996 0.000000 
584.721246 0.000000 
583.520496 0.000000 
582.319747 0.000000 
581.118997 0.000000 
579.918247 0.000000 
578.717498 0.000000 
577.516748 0.000000 
576.315999 0.000000 
575.115249 0.000000 
573.914499 0.000000 
572.713750 0.000000 
571.513000 0.000000 
570.312250 0.000000 
569.111501 0.000000 
567.910751 0.000000 
566.710001 0.000000 
565.509252 0.000000 
564.308502 0.000000 
563.107752 0.000000 
561.907003 0.000000 
560.706253 0.000000 
559.505503 0.000000 
558.304754 0.000000 
557.104004 0.000000 
555.903254 0.000000 
554.702505 0.000000 
553.501755 0.000000 
552.301006 0.000000 
551.100256 0.000000 
549.899506 0.000000 
548.698757 0.000000 
547.498007 0.000000 
546.297257 0.000000 
545.096508 0.000000 
543.895758 0.000000 
542.695008 0.000000 
541.494259 0.000000 
540.293509 0.000000 
539.092759 0.000000 
537.892010 0.000000 
536.691260 0.000000 
535.490510 0.000000 
534.289761 0.000000 
533.089011 0.000000 
531.888261 0.000000 
530.687512 0.000000 
529.486762 0.000000 
528.286013 0.000000 
527.085263 0.000000 
525.884513 0.000000 
524.683764 0.000000 
523.483014 0.000000 
522.282264 0.000000 
521.081515 0.000000 
519.880765 0.000000 
518.680015 0.000000 
517.479266 0.000000 
516.278516 0.000000 
515.077766 0.000000 
513.877017 0.000000 
512.676267 0.000000 
511.475517 0.000000 
510.274768 0.000000 
509.074018 0.000000 
507.873268 0.000000 
506.672519 0.000000 
505.471769 0.000000 
504.271020 0.000000 
503.070270 0.000000 
501.869520 0.000000 
500.668771 0.000000 
499.468021 0.000000 
498.267271 0.000000 
497.066522 0.000000 
495.865772 0.000000 
494.665022 0.000000 
493.464273 0.000000 
492.263523 0.000000 
491.062773 0.000000 
489.862024 0.000000 
488.661274 0.000000 
487.460524 0.000000 
486.259775 0.000000 
485.059025 0.000000 
483.858275 0.000000 
482.657526 0.000000 
481.456776 0.000000 
480.256027 0.000000 
479.055277 0.000000 
477.854527 0.000000 
476.653778 0.000000 
475.453028 0.000000 
474.252278 0.000000 
473.051529 0.000000 
471.850779 0.000000 
470.650029 0.000000 
469.449280 0.000000 
468.248530 0.000000 
467.047780 0.000000 
465.847031 0.000000 
464.646281 0.000000 
463.445531 0.000000 
462.244782 0.000000 
461.044032 0.000000 
459.843282 0.000000 
458.642533 0.000000 
457.441783 0.000000 
456.241034 0.000000 
455.040284 0.000000 
453.839534 0.000000 
452.638785 0.000000 
451.438035 0.000000 
450.237285 0.000000 
449.036536 0.000000 
447.835786 0.000000 
446.635036 0.000000 
445.434287 0.000000 
444.233537 0.000000 
443.032787 0.000000 
441.832038 0.000000 
440.631288 0.000000 
439.430538 0.000000 
438.229789 0.000000 
437.029039 0.000000 
435.828289 0.000000 
434.627540 0.000000 
433.426790 0.000000 
432.226041 0.000000 
431.025291 0.000000 
429.824541 0.000000 
428.623792 0.000000 
427.423042 0.000000 
426.222292 0.000000 
425.021543 0.000000 
423.820793 0.000000 
422.620043 0.000000 
421.419294 0.000000 
420.218544 0.000000 
419.017794 0.000000 
417.817045 0.000000 
416.616295 0.000000 
415.415545 0.000000 
414.214796 0.000000 
413.014046 0.000000 
411.813296 0.000000 
410.612547 0.000000 
409.411797 0.000000 
408.211048 0.000000 
407.010298 0.000000 
405.809548 0.000000 
404.608799 0.000000 
403.408049 0.000000 
402.207299 0.000000 
401.006550 0.000000 
399.805800 0.000000 
