4000.123242 0.000979 
3998.956130 0.001069 
3997.789019 0.001049 
3996.621907 0.000992 
3995.454795 0.001184 
3994.287683 0.001099 
3993.120572 0.001136 
3991.953460 0.001150 
3990.786348 0.001370 
3989.619236 0.001626 
3988.452125 0.001834 
3987.285013 0.002042 
3986.117901 0.002153 
3984.950789 0.002430 
3983.783678 0.002869 
3982.616566 0.003209 
3981.449454 0.003535 
3980.282342 0.003955 
3979.115231 0.004118 
3977.948119 0.004283 
3976.781007 0.004202 
3975.613896 0.004399 
3974.446784 0.004158 
3973.279672 0.003779 
3972.112560 0.003573 
3970.945449 0.003061 
3969.778337 0.002523 
3968.611225 0.002074 
3967.444113 0.001807 
3966.277002 0.001542 
3965.109890 0.001367 
3963.942778 0.001263 
3962.775666 0.001137 
3961.608555 0.001141 
3960.441443 0.001102 
3959.274331 0.001106 
3958.107219 0.001251 
3956.940108 0.001366 
3955.772996 0.001324 
3954.605884 0.001383 
3953.438772 0.001249 
3952.271661 0.001307 
3951.104549 0.001171 
3949.937437 0.000968 
3948.770326 0.000771 
3947.603214 0.000627 
3946.436102 0.000539 
3945.268990 0.000360 
3944.101879 0.000389 
3942.934767 0.000284 
3941.767655 0.000177 
3940.600543 0.000085 
3939.433432 0.000057 
3938.266320 0.000008 
3937.099208 0.000058 
3935.932096 -0.000053 
3934.764985 -0.000023 
3933.597873 -0.000014 
3932.430761 0.000048 
3931.263649 0.000257 
3930.096538 0.000205 
3928.929426 0.000252 
3927.762314 0.000412 
3926.595203 0.000451 
3925.428091 0.000671 
3924.260979 0.000871 
3923.093867 0.000842 
3921.926756 0.001014 
3920.759644 0.001363 
3919.592532 0.001418 
3918.425420 0.001625 
3917.258309 0.001942 
3916.091197 0.002218 
3914.924085 0.002668 
3913.756973 0.002944 
3912.589862 0.003496 
3911.422750 0.003953 
3910.255638 0.004256 
3909.088526 0.004593 
3907.921415 0.004722 
3906.754303 0.004729 
3905.587191 0.004745 
3904.420080 0.004502 
3903.252968 0.004034 
3902.085856 0.003599 
3900.918744 0.003035 
3899.751633 0.002544 
3898.584521 0.002062 
3897.417409 0.001458 
3896.250297 0.001086 
3895.083186 0.000791 
3893.916074 0.000506 
3892.748962 0.000397 
3891.581850 0.000300 
3890.414739 0.000340 
3889.247627 0.000312 
3888.080515 0.000215 
3886.913403 0.000076 
3885.746292 -0.000061 
3884.579180 -0.000007 
3883.412068 -0.000018 
3882.244957 0.000175 
3881.077845 0.000197 
3879.910733 0.000095 
3878.743621 0.000061 
3877.576510 -0.000040 
3876.409398 0.000003 
3875.242286 0.000143 
3874.075174 0.000137 
3872.908063 0.000084 
3871.740951 0.000204 
3870.573839 0.000145 
3869.406727 0.000122 
3868.239616 0.000251 
3867.072504 0.000202 
3865.905392 0.000232 
3864.738280 0.000312 
3863.571169 0.000328 
3862.404057 0.000288 
3861.236945 0.000398 
3860.069833 0.000470 
3858.902722 0.000407 
3857.735610 0.000456 
3856.568498 0.000463 
3855.401387 0.000515 
3854.234275 0.000195 
3853.067163 0.000214 
3851.900051 0.000275 
3850.732940 0.000377 
3849.565828 0.000564 
3848.398716 0.000574 
3847.231604 0.000442 
3846.064493 0.000358 
3844.897381 0.000352 
3843.730269 0.000319 
3842.563157 0.000248 
3841.396046 0.000240 
3840.228934 0.000226 
3839.061822 0.000199 
3837.894710 0.000033 
3836.727599 0.000003 
3835.560487 0.000021 
3834.393375 -0.000133 
3833.226264 -0.000166 
3832.059152 -0.000072 
3830.892040 -0.000204 
3829.724928 -0.000428 
3828.557817 -0.000604 
3827.390705 -0.000662 
3826.223593 -0.000670 
3825.056481 -0.000572 
3823.889370 -0.000538 
3822.722258 -0.000627 
3821.555146 -0.000760 
3820.388034 -0.000882 
3819.220923 -0.000772 
3818.053811 -0.000663 
3816.886699 -0.000625 
3815.719587 -0.000854 
3814.552476 -0.000610 
3813.385364 -0.000576 
3812.218252 -0.000555 
3811.051141 -0.000249 
3809.884029 -0.000160 
3808.716917 -0.000322 
3807.549805 -0.000339 
3806.382694 -0.000293 
3805.215582 0.000003 
3804.048470 0.000076 
3802.881358 -0.000056 
3801.714247 -0.000378 
3800.547135 -0.000541 
3799.380023 -0.000355 
3798.212911 -0.000348 
3797.045800 -0.000562 
3795.878688 -0.000752 
3794.711576 -0.000564 
3793.544464 -0.000451 
3792.377353 -0.000731 
3791.210241 -0.000666 
3790.043129 -0.000591 
3788.876017 -0.000598 
3787.708906 -0.000553 
3786.541794 -0.000351 
3785.374682 -0.000290 
3784.207571 -0.000353 
3783.040459 -0.000271 
3781.873347 -0.000263 
3780.706235 -0.000168 
3779.539124 -0.000073 
3778.372012 -0.000123 
3777.204900 -0.000140 
3776.037788 -0.000059 
3774.870677 -0.000085 
3773.703565 -0.000033 
3772.536453 -0.000017 
3771.369341 0.000042 
3770.202230 0.000167 
3769.035118 0.000144 
3767.868006 0.000201 
3766.700894 0.000131 
3765.533783 0.000120 
3764.366671 0.000308 
3763.199559 0.000257 
3762.032448 0.000324 
3760.865336 0.000362 
3759.698224 0.000406 
3758.531112 0.000401 
3757.364001 0.000387 
3756.196889 0.000347 
3755.029777 0.000543 
3753.862665 0.000474 
3752.695554 0.000268 
3751.528442 0.000425 
3750.361330 0.000522 
3749.194218 0.000514 
3748.027107 0.000737 
3746.859995 0.000705 
3745.692883 0.000935 
3744.525771 0.001046 
3743.358660 0.001304 
3742.191548 0.001695 
3741.024436 0.001875 
3739.857325 0.002217 
3738.690213 0.002541 
3737.523101 0.002688 
3736.355989 0.002718 
3735.188878 0.002570 
3734.021766 0.002448 
3732.854654 0.002373 
3731.687542 0.002019 
3730.520431 0.001817 
3729.353319 0.001602 
3728.186207 0.001306 
3727.019095 0.001132 
3725.851984 0.000885 
3724.684872 0.000872 
3723.517760 0.000757 
3722.350648 0.000498 
3721.183537 0.000476 
3720.016425 0.000457 
3718.849313 0.000417 
3717.682202 0.000416 
3716.515090 0.000247 
3715.347978 0.000245 
3714.180866 0.000185 
3713.013755 0.000234 
3711.846643 0.000095 
3710.679531 0.000197 
3709.512419 0.000162 
3708.345308 0.000214 
3707.178196 0.000047 
3706.011084 -0.000034 
3704.843972 -0.000032 
3703.676861 0.000008 
3702.509749 -0.000045 
3701.342637 -0.000113 
3700.175525 -0.000062 
3699.008414 -0.000102 
3697.841302 -0.000074 
3696.674190 -0.000092 
3695.507078 -0.000062 
3694.339967 -0.000079 
3693.172855 -0.000062 
3692.005743 -0.000077 
3690.838632 -0.000031 
3689.671520 -0.000155 
3688.504408 -0.000274 
3687.337296 -0.000017 
3686.170185 0.000064 
3685.003073 -0.000036 
3683.835961 0.000006 
3682.668849 0.000103 
3681.501738 0.000026 
3680.334626 -0.000052 
3679.167514 -0.000019 
3678.000402 -0.000006 
3676.833291 -0.000100 
3675.666179 -0.000042 
3674.499067 0.000125 
3673.331955 0.000106 
3672.164844 0.000120 
3670.997732 0.000035 
3669.830620 0.000096 
3668.663509 0.000127 
3667.496397 0.000171 
3666.329285 0.000205 
3665.162173 0.000173 
3663.995062 0.000084 
3662.827950 0.000046 
3661.660838 -0.000116 
3660.493726 -0.000109 
3659.326615 -0.000083 
3658.159503 -0.000077 
3656.992391 -0.000113 
3655.825279 -0.000156 
3654.658168 -0.000094 
3653.491056 -0.000080 
3652.323944 -0.000072 
3651.156832 0.000007 
3649.989721 -0.000107 
3648.822609 -0.000153 
3647.655497 -0.000088 
3646.488386 0.000063 
3645.321274 0.000136 
3644.154162 0.000024 
3642.987050 -0.000064 
3641.819939 -0.000068 
3640.652827 0.000056 
3639.485715 0.000076 
3638.318603 0.000072 
3637.151492 0.000075 
3635.984380 0.000082 
3634.817268 0.000063 
3633.650156 0.000131 
3632.483045 0.000235 
3631.315933 0.000302 
3630.148821 0.000306 
3628.981709 0.000262 
3627.814598 0.000264 
3626.647486 0.000262 
3625.480374 0.000369 
3624.313262 0.000500 
3623.146151 0.000416 
3621.979039 0.000319 
3620.811927 0.000187 
3619.644816 0.000205 
3618.477704 0.000394 
3617.310592 0.000523 
3616.143480 0.000544 
3614.976369 0.000669 
3613.809257 0.000390 
3612.642145 0.000420 
3611.475033 0.000410 
3610.307922 0.000513 
3609.140810 0.000378 
3607.973698 0.000361 
3606.806586 0.000568 
3605.639475 0.000565 
3604.472363 0.000398 
3603.305251 0.000418 
3602.138139 0.000366 
3600.971028 0.000365 
3599.803916 0.000405 
3598.636804 0.000464 
3597.469693 0.000475 
3596.302581 0.000378 
3595.135469 0.000351 
3593.968357 0.000301 
3592.801246 0.000284 
3591.634134 0.000199 
3590.467022 0.000176 
3589.299910 0.000295 
3588.132799 0.000065 
3586.965687 -0.000048 
3585.798575 -0.000012 
3584.631463 0.000059 
3583.464352 0.000103 
3582.297240 0.000100 
3581.130128 -0.000054 
3579.963016 -0.000102 
3578.795905 -0.000049 
3577.628793 -0.000105 
3576.461681 -0.000004 
3575.294570 -0.000007 
3574.127458 -0.000006 
3572.960346 0.000008 
3571.793234 0.000030 
3570.626123 0.000006 
3569.459011 0.000040 
3568.291899 0.000048 
3567.124787 -0.000018 
3565.957676 -0.000043 
3564.790564 0.000021 
3563.623452 -0.000037 
3562.456340 0.000160 
3561.289229 0.000193 
3560.122117 0.000040 
3558.955005 0.000067 
3557.787893 0.000159 
3556.620782 0.000015 
3555.453670 0.000004 
3554.286558 0.000146 
3553.119447 0.000144 
3551.952335 0.000066 
3550.785223 0.000202 
3549.618111 0.000123 
3548.451000 -0.000087 
3547.283888 -0.000044 
3546.116776 0.000047 
3544.949664 0.000023 
3543.782553 -0.000123 
3542.615441 -0.000138 
3541.448329 -0.000030 
3540.281217 -0.000012 
3539.114106 -0.000125 
3537.946994 -0.000290 
3536.779882 -0.000195 
3535.612770 -0.000239 
3534.445659 -0.000277 
3533.278547 -0.000205 
3532.111435 -0.000243 
3530.944323 -0.000299 
3529.777212 -0.000232 
3528.610100 -0.000088 
3527.442988 -0.000247 
3526.275877 -0.000349 
3525.108765 -0.000424 
3523.941653 -0.000430 
3522.774541 -0.000370 
3521.607430 -0.000225 
3520.440318 -0.000279 
3519.273206 -0.000305 
3518.106094 -0.000243 
3516.938983 -0.000249 
3515.771871 -0.000240 
3514.604759 -0.000230 
3513.437647 -0.000162 
3512.270536 -0.000199 
3511.103424 -0.000092 
3509.936312 -0.000097 
3508.769200 0.000053 
3507.602089 0.000146 
3506.434977 -0.000026 
3505.267865 -0.000115 
3504.100754 -0.000138 
3502.933642 -0.000112 
3501.766530 0.000051 
3500.599418 -0.000050 
3499.432307 -0.000067 
3498.265195 -0.000114 
3497.098083 -0.000086 
3495.930971 -0.000118 
3494.763860 -0.000210 
3493.596748 -0.000124 
3492.429636 -0.000123 
3491.262524 -0.000077 
3490.095413 0.000128 
3488.928301 0.000124 
3487.761189 0.000087 
3486.594077 0.000060 
3485.426966 0.000018 
3484.259854 0.000057 
3483.092742 0.000018 
3481.925631 -0.000080 
3480.758519 0.000002 
3479.591407 0.000040 
3478.424295 0.000001 
3477.257184 -0.000059 
3476.090072 0.000011 
3474.922960 0.000082 
3473.755848 -0.000005 
3472.588737 0.000026 
3471.421625 0.000048 
3470.254513 0.000080 
3469.087401 0.000034 
3467.920290 -0.000002 
3466.753178 0.000034 
3465.586066 -0.000057 
3464.418954 -0.000018 
3463.251843 0.000013 
3462.084731 0.000002 
3460.917619 0.000009 
3459.750508 0.000089 
3458.583396 0.000073 
3457.416284 0.000087 
3456.249172 0.000130 
3455.082061 0.000059 
3453.914949 -0.000014 
3452.747837 0.000017 
3451.580725 0.000018 
3450.413614 -0.000060 
3449.246502 -0.000042 
3448.079390 -0.000004 
3446.912278 -0.000017 
3445.745167 0.000035 
3444.578055 0.000013 
3443.410943 0.000119 
3442.243831 -0.000031 
3441.076720 -0.000087 
3439.909608 -0.000099 
3438.742496 -0.000032 
3437.575384 -0.000075 
3436.408273 -0.000002 
3435.241161 0.000059 
3434.074049 0.000174 
3432.906938 0.000160 
3431.739826 -0.000049 
3430.572714 0.000039 
3429.405602 0.000139 
3428.238491 0.000095 
3427.071379 0.000173 
3425.904267 0.000226 
3424.737155 0.000244 
3423.570044 0.000143 
3422.402932 0.000156 
3421.235820 0.000187 
3420.068708 0.000179 
3418.901597 0.000082 
3417.734485 0.000001 
3416.567373 0.000092 
3415.400261 0.000058 
3414.233150 -0.000064 
3413.066038 -0.000044 
3411.898926 0.000028 
3410.731815 -0.000003 
3409.564703 0.000054 
3408.397591 0.000106 
3407.230479 0.000004 
3406.063368 -0.000028 
3404.896256 0.000021 
3403.729144 0.000055 
3402.562032 -0.000017 
3401.394921 -0.000105 
3400.227809 -0.000141 
3399.060697 -0.000067 
3397.893585 -0.000087 
3396.726474 -0.000044 
3395.559362 0.000002 
3394.392250 0.000017 
3393.225138 0.000040 
3392.058027 -0.000034 
3390.890915 -0.000027 
3389.723803 0.000071 
3388.556692 0.000043 
3387.389580 0.000052 
3386.222468 0.000038 
3385.055356 0.000060 
3383.888245 0.000084 
3382.721133 0.000017 
3381.554021 0.000036 
3380.386909 -0.000012 
3379.219798 0.000002 
3378.052686 0.000119 
3376.885574 0.000023 
3375.718462 -0.000051 
3374.551351 -0.000009 
3373.384239 -0.000008 
3372.217127 -0.000101 
3371.050015 -0.000166 
3369.882904 -0.000189 
3368.715792 -0.000101 
3367.548680 -0.000067 
3366.381568 -0.000104 
3365.214457 -0.000146 
3364.047345 -0.000157 
3362.880233 -0.000114 
3361.713122 -0.000120 
3360.546010 -0.000120 
3359.378898 -0.000120 
3358.211786 -0.000117 
3357.044675 0.000019 
3355.877563 -0.000155 
3354.710451 -0.000210 
3353.543339 -0.000192 
3352.376228 -0.000068 
3351.209116 -0.000002 
3350.042004 -0.000033 
3348.874892 0.000037 
3347.707781 0.000062 
3346.540669 0.000008 
3345.373557 -0.000044 
3344.206445 0.000045 
3343.039334 0.000019 
3341.872222 -0.000001 
3340.705110 0.000035 
3339.537999 -0.000011 
3338.370887 0.000008 
3337.203775 0.000034 
3336.036663 0.000115 
3334.869552 0.000117 
3333.702440 0.000026 
3332.535328 0.000045 
3331.368216 0.000034 
3330.201105 0.000162 
3329.033993 0.000229 
3327.866881 0.000178 
3326.699769 0.000110 
3325.532658 0.000173 
3324.365546 0.000029 
3323.198434 0.000015 
3322.031322 0.000114 
3320.864211 0.000097 
3319.697099 0.000132 
3318.529987 0.000196 
3317.362876 0.000282 
3316.195764 0.000157 
3315.028652 0.000196 
3313.861540 0.000294 
3312.694429 0.000141 
3311.527317 0.000139 
3310.360205 0.000075 
3309.193093 0.000099 
3308.025982 0.000069 
3306.858870 0.000010 
3305.691758 -0.000027 
3304.524646 0.000022 
3303.357535 -0.000131 
3302.190423 -0.000146 
3301.023311 -0.000133 
3299.856199 -0.000009 
3298.689088 -0.000032 
3297.521976 -0.000103 
3296.354864 -0.000160 
3295.187753 -0.000113 
3294.020641 -0.000088 
3292.853529 0.000042 
3291.686417 -0.000026 
3290.519306 -0.000118 
3289.352194 -0.000039 
3288.185082 0.000063 
3287.017970 0.000031 
3285.850859 0.000026 
3284.683747 -0.000011 
3283.516635 0.000050 
3282.349523 0.000015 
3281.182412 -0.000025 
3280.015300 -0.000083 
3278.848188 -0.000056 
3277.681076 -0.000077 
3276.513965 -0.000029 
3275.346853 -0.000086 
3274.179741 -0.000072 
3273.012629 0.000104 
3271.845518 0.000075 
3270.678406 0.000014 
3269.511294 0.000051 
3268.344183 -0.000015 
3267.177071 -0.000057 
3266.009959 0.000023 
3264.842847 0.000095 
3263.675736 -0.000069 
3262.508624 -0.000071 
3261.341512 0.000033 
3260.174400 0.000008 
3259.007289 -0.000012 
3257.840177 0.000058 
3256.673065 -0.000099 
3255.505953 -0.000177 
3254.338842 -0.000150 
3253.171730 -0.000137 
3252.004618 -0.000166 
3250.837506 -0.000165 
3249.670395 -0.000262 
3248.503283 -0.000330 
3247.336171 -0.000085 
3246.169060 -0.000124 
3245.001948 -0.000148 
3243.834836 -0.000176 
3242.667724 -0.000163 
3241.500613 -0.000047 
3240.333501 -0.000003 
3239.166389 0.000026 
3237.999277 0.000008 
3236.832166 0.000016 
3235.665054 -0.000018 
3234.497942 0.000051 
3233.330830 0.000079 
3232.163719 0.000090 
3230.996607 0.000092 
3229.829495 0.000045 
3228.662383 -0.000067 
3227.495272 -0.000075 
3226.328160 -0.000099 
3225.161048 -0.000083 
3223.993937 -0.000081 
3222.826825 -0.000042 
3221.659713 -0.000021 
3220.492601 -0.000018 
3219.325490 0.000062 
3218.158378 0.000005 
3216.991266 -0.000032 
3215.824154 -0.000058 
3214.657043 -0.000122 
3213.489931 -0.000068 
3212.322819 -0.000067 
3211.155707 -0.000037 
3209.988596 0.000063 
3208.821484 -0.000037 
3207.654372 -0.000088 
3206.487260 -0.000016 
3205.320149 0.000025 
3204.153037 0.000043 
3202.985925 0.000001 
3201.818813 0.000038 
3200.651702 -0.000023 
3199.484590 0.000067 
3198.317478 0.000105 
3197.150367 0.000061 
3195.983255 -0.000049 
3194.816143 -0.000006 
3193.649031 0.000031 
3192.481920 0.000060 
3191.314808 -0.000020 
3190.147696 -0.000014 
3188.980584 0.000016 
3187.813473 0.000042 
3186.646361 0.000024 
3185.479249 0.000011 
3184.312137 0.000107 
3183.145026 -0.000009 
3181.977914 -0.000043 
3180.810802 0.000008 
3179.643690 -0.000016 
3178.476579 -0.000086 
3177.309467 -0.000051 
3176.142355 -0.000056 
3174.975244 -0.000133 
3173.808132 -0.000098 
3172.641020 -0.000104 
3171.473908 -0.000101 
3170.306797 -0.000086 
3169.139685 -0.000039 
3167.972573 -0.000056 
3166.805461 -0.000066 
3165.638350 -0.000052 
3164.471238 -0.000096 
3163.304126 -0.000072 
3162.137014 0.000020 
3160.969903 -0.000061 
3159.802791 -0.000087 
3158.635679 -0.000001 
3157.468567 0.000020 
3156.301456 0.000083 
3155.134344 0.000084 
3153.967232 0.000045 
3152.800121 0.000003 
3151.633009 -0.000014 
3150.465897 0.000044 
3149.298785 0.000003 
3148.131674 0.000034 
3146.964562 -0.000001 
3145.797450 -0.000026 
3144.630338 -0.000051 
3143.463227 -0.000084 
3142.296115 -0.000119 
3141.129003 -0.000134 
3139.961891 -0.000195 
3138.794780 -0.000109 
3137.627668 -0.000083 
3136.460556 -0.000117 
3135.293444 -0.000092 
3134.126333 -0.000014 
3132.959221 0.000036 
3131.792109 0.000078 
3130.624998 -0.000005 
3129.457886 -0.000027 
3128.290774 0.000052 
3127.123662 0.000104 
3125.956551 0.000100 
3124.789439 0.000085 
3123.622327 0.000120 
3122.455215 0.000185 
3121.288104 0.000105 
3120.120992 0.000052 
3118.953880 0.000070 
3117.786768 0.000084 
3116.619657 0.000015 
3115.452545 -0.000014 
3114.285433 -0.000005 
3113.118321 0.000078 
3111.951210 0.000099 
3110.784098 0.000039 
3109.616986 -0.000002 
3108.449874 -0.000108 
3107.282763 -0.000190 
3106.115651 -0.000160 
3104.948539 -0.000029 
3103.781428 -0.000035 
3102.614316 0.000009 
3101.447204 -0.000086 
3100.280092 -0.000068 
3099.112981 -0.000031 
3097.945869 -0.000082 
3096.778757 0.000046 
3095.611645 0.000090 
3094.444534 0.000080 
3093.277422 -0.000011 
3092.110310 0.000015 
3090.943198 -0.000057 
3089.776087 -0.000075 
3088.608975 -0.000001 
3087.441863 -0.000082 
3086.274751 -0.000008 
3085.107640 0.000030 
3083.940528 -0.000014 
3082.773416 -0.000005 
3081.606305 -0.000009 
3080.439193 -0.000072 
3079.272081 -0.000096 
3078.104969 -0.000085 
3076.937858 -0.000001 
3075.770746 -0.000041 
3074.603634 -0.000083 
3073.436522 0.000004 
3072.269411 -0.000066 
3071.102299 -0.000124 
3069.935187 -0.000076 
3068.768075 -0.000013 
3067.600964 0.000019 
3066.433852 0.000018 
3065.266740 -0.000039 
3064.099628 0.000092 
3062.932517 0.000192 
3061.765405 0.000164 
3060.598293 0.000220 
3059.431182 0.000253 
3058.264070 0.000331 
3057.096958 0.000434 
3055.929846 0.000354 
3054.762735 0.000454 
3053.595623 0.000588 
3052.428511 0.000678 
3051.261399 0.000770 
3050.094288 0.000800 
3048.927176 0.000906 
3047.760064 0.001010 
3046.592952 0.001170 
3045.425841 0.001181 
3044.258729 0.001278 
3043.091617 0.001410 
3041.924505 0.001481 
3040.757394 0.001599 
3039.590282 0.001709 
3038.423170 0.001846 
3037.256058 0.001843 
3036.088947 0.001922 
3034.921835 0.002060 
3033.754723 0.002246 
3032.587612 0.002301 
3031.420500 0.002395 
3030.253388 0.002585 
3029.086276 0.002724 
3027.919165 0.002858 
3026.752053 0.003040 
3025.584941 0.003201 
3024.417829 0.003444 
3023.250718 0.003756 
3022.083606 0.004081 
3020.916494 0.004531 
3019.749382 0.005047 
3018.582271 0.005670 
3017.415159 0.006580 
3016.248047 0.007755 
3015.080935 0.009093 
3013.913824 0.010862 
3012.746712 0.013063 
3011.579600 0.015943 
3010.412489 0.019547 
3009.245377 0.024101 
3008.078265 0.029680 
3006.911153 0.036268 
3005.744042 0.044082 
3004.576930 0.053305 
3003.409818 0.063935 
3002.242706 0.076028 
3001.075595 0.089474 
2999.908483 0.104161 
2998.741371 0.119927 
2997.574259 0.136537 
2996.407148 0.153423 
2995.240036 0.170073 
2994.072924 0.186006 
2992.905812 0.200275 
2991.738701 0.212047 
2990.571589 0.220976 
2989.404477 0.225993 
2988.237366 0.227019 
2987.070254 0.223707 
2985.903142 0.216196 
2984.736030 0.204637 
2983.568919 0.189600 
2982.401807 0.172065 
2981.234695 0.152936 
2980.067583 0.133095 
2978.900472 0.113669 
2977.733360 0.095645 
2976.566248 0.079523 
2975.399136 0.065957 
2974.232025 0.055118 
2973.064913 0.046949 
2971.897801 0.041086 
2970.730689 0.037281 
2969.563578 0.035091 
2968.396466 0.034296 
2967.229354 0.034622 
2966.062243 0.035757 
2964.895131 0.037632 
2963.728019 0.040287 
2962.560907 0.043601 
2961.393796 0.047266 
2960.226684 0.051314 
2959.059572 0.055834 
2957.892460 0.060874 
2956.725349 0.066063 
2955.558237 0.071626 
2954.391125 0.077388 
2953.224013 0.083227 
2952.056902 0.089240 
2950.889790 0.095583 
2949.722678 0.102307 
2948.555566 0.109302 
2947.388455 0.116673 
2946.221343 0.124391 
2945.054231 0.132417 
2943.887119 0.140484 
2942.720008 0.148709 
2941.552896 0.156457 
2940.385784 0.163787 
2939.218673 0.170777 
2938.051561 0.177482 
2936.884449 0.184003 
2935.717337 0.190685 
2934.550226 0.197583 
2933.383114 0.205069 
2932.216002 0.213346 
2931.048890 0.222550 
2929.881779 0.232607 
2928.714667 0.243564 
2927.547555 0.254908 
2926.380443 0.266295 
2925.213332 0.276860 
2924.046220 0.285994 
2922.879108 0.292581 
2921.711996 0.296066 
2920.544885 0.295842 
2919.377773 0.292288 
2918.210661 0.285319 
2917.043550 0.275306 
2915.876438 0.263658 
2914.709326 0.250867 
2913.542214 0.237837 
2912.375103 0.225246 
2911.207991 0.213222 
2910.040879 0.201741 
2908.873767 0.191436 
2907.706656 0.182348 
2906.539544 0.174625 
2905.372432 0.168353 
2904.205320 0.163874 
2903.038209 0.161530 
2901.871097 0.161340 
2900.703985 0.163592 
2899.536873 0.168540 
2898.369762 0.176520 
2897.202650 0.187552 
2896.035538 0.201452 
2894.868427 0.218886 
2893.701315 0.239504 
2892.534203 0.263229 
2891.367091 0.289447 
2890.199980 0.316754 
2889.032868 0.343390 
2887.865756 0.367020 
2886.698644 0.384196 
2885.531533 0.392760 
2884.364421 0.389941 
2883.197309 0.375386 
2882.030197 0.350692 
2880.863086 0.318804 
2879.695974 0.284071 
2878.528862 0.251056 
2877.361750 0.222989 
2876.194639 0.202069 
2875.027527 0.189324 
2873.860415 0.184430 
2872.693303 0.186436 
2871.526192 0.193357 
2870.359080 0.202361 
2869.191968 0.209804 
2868.024857 0.212031 
2866.857745 0.206294 
2865.690633 0.192357 
2864.523521 0.171951 
2863.356410 0.148508 
2862.189298 0.125061 
2861.022186 0.103494 
2859.855074 0.084575 
2858.687963 0.068570 
2857.520851 0.055130 
2856.353739 0.044235 
2855.186627 0.035575 
2854.019516 0.028840 
2852.852404 0.023621 
2851.685292 0.019593 
2850.518180 0.016495 
2849.351069 0.014091 
2848.183957 0.012094 
2847.016845 0.010499 
2845.849734 0.009310 
2844.682622 0.008518 
2843.515510 0.008286 
2842.348398 0.008399 
2841.181287 0.008576 
2840.014175 0.008846 
2838.847063 0.009196 
2837.679951 0.009702 
2836.512840 0.010510 
2835.345728 0.011660 
2834.178616 0.013340 
2833.011504 0.015888 
2831.844393 0.019755 
2830.677281 0.025779 
2829.510169 0.035042 
2828.343057 0.049598 
2827.175946 0.071213 
2826.008834 0.102875 
2824.841722 0.146527 
2823.674611 0.204109 
2822.507499 0.275750 
2821.340387 0.358391 
2820.173275 0.446851 
2819.006164 0.531612 
2817.839052 0.600587 
2816.671940 0.642183 
2815.504828 0.648020 
2814.337717 0.614879 
2813.170605 0.549180 
2812.003493 0.459711 
2810.836381 0.361226 
2809.669270 0.266332 
2808.502158 0.184309 
2807.335046 0.119729 
2806.167934 0.074247 
2805.000823 0.044200 
2803.833711 0.026264 
2802.666599 0.015995 
2801.499488 0.010406 
2800.332376 0.007380 
2799.165264 0.005571 
2797.998152 0.004385 
2796.831041 0.003552 
2795.663929 0.002981 
2794.496817 0.002533 
2793.329705 0.002126 
2792.162594 0.001835 
2790.995482 0.001516 
2789.828370 0.001360 
2788.661258 0.001188 
2787.494147 0.000921 
2786.327035 0.000776 
2785.159923 0.000732 
2783.992811 0.000620 
2782.825700 0.000484 
2781.658588 0.000423 
2780.491476 0.000375 
2779.324364 0.000332 
2778.157253 0.000247 
2776.990141 0.000210 
2775.823029 0.000103 
2774.655918 0.000041 
2773.488806 0.000030 
2772.321694 0.000006 
2771.154582 0.000015 
2769.987471 0.000062 
2768.820359 0.000044 
2767.653247 0.000036 
2766.486135 0.000073 
2765.319024 0.000018 
2764.151912 0.000033 
2762.984800 0.000154 
2761.817688 0.000140 
2760.650577 0.000176 
2759.483465 0.000206 
2758.316353 0.000195 
2757.149241 0.000265 
2755.982130 0.000305 
2754.815018 0.000293 
2753.647906 0.000331 
2752.480795 0.000338 
2751.313683 0.000326 
2750.146571 0.000370 
2748.979459 0.000402 
2747.812348 0.000316 
2746.645236 0.000345 
2745.478124 0.000361 
2744.311012 0.000311 
2743.143901 0.000349 
2741.976789 0.000378 
2740.809677 0.000467 
2739.642565 0.000568 
2738.475454 0.000621 
2737.308342 0.000684 
2736.141230 0.000889 
2734.974118 0.000966 
2733.807007 0.001013 
2732.639895 0.001141 
2731.472783 0.001232 
2730.305672 0.001380 
2729.138560 0.001426 
2727.971448 0.001506 
2726.804336 0.001566 
2725.637225 0.001650 
2724.470113 0.001684 
2723.303001 0.001765 
2722.135889 0.001931 
2720.968778 0.002056 
2719.801666 0.002208 
2718.634554 0.002446 
2717.467442 0.002605 
2716.300331 0.002868 
2715.133219 0.003182 
2713.966107 0.003532 
2712.798995 0.003855 
2711.631884 0.004142 
2710.464772 0.004431 
2709.297660 0.004705 
2708.130548 0.004932 
2706.963437 0.005164 
2705.796325 0.005274 
2704.629213 0.005408 
2703.462102 0.005428 
2702.294990 0.005379 
2701.127878 0.005266 
2699.960766 0.004971 
2698.793655 0.004680 
2697.626543 0.004410 
2696.459431 0.004092 
2695.292319 0.003606 
2694.125208 0.003171 
2692.958096 0.002823 
2691.790984 0.002397 
2690.623872 0.001991 
2689.456761 0.001579 
2688.289649 0.001356 
2687.122537 0.001031 
2685.955425 0.000676 
2684.788314 0.000444 
2683.621202 0.000261 
2682.454090 0.000119 
2681.286979 0.000006 
2680.119867 -0.000089 
2678.952755 -0.000060 
2677.785643 -0.000103 
2676.618532 -0.000128 
2675.451420 -0.000059 
2674.284308 -0.000003 
2673.117196 -0.000111 
2671.950085 -0.000170 
2670.782973 -0.000274 
2669.615861 -0.000233 
2668.448749 -0.000193 
2667.281638 -0.000331 
2666.114526 -0.000383 
2664.947414 -0.000401 
2663.780302 -0.000384 
2662.613191 -0.000248 
2661.446079 -0.000279 
2660.278967 -0.000188 
2659.111856 -0.000052 
2657.944744 0.000057 
2656.777632 0.000184 
2655.610520 0.000291 
2654.443409 0.000367 
2653.276297 0.000572 
2652.109185 0.000704 
2650.942073 0.000754 
2649.774962 0.000840 
2648.607850 0.000815 
2647.440738 0.000843 
2646.273626 0.000912 
2645.106515 0.000908 
2643.939403 0.000769 
2642.772291 0.000745 
2641.605179 0.000710 
2640.438068 0.000592 
2639.270956 0.000599 
2638.103844 0.000625 
2636.936733 0.000638 
2635.769621 0.000599 
2634.602509 0.000574 
2633.435397 0.000649 
2632.268286 0.000700 
2631.101174 0.000777 
2629.934062 0.000811 
2628.766950 0.000773 
2627.599839 0.000880 
2626.432727 0.000860 
2625.265615 0.000838 
2624.098503 0.000770 
2622.931392 0.000781 
2621.764280 0.000683 
2620.597168 0.000577 
2619.430056 0.000453 
2618.262945 0.000366 
2617.095833 0.000317 
2615.928721 0.000162 
2614.761609 -0.000021 
2613.594498 -0.000198 
2612.427386 -0.000334 
2611.260274 -0.000413 
2610.093163 -0.000541 
2608.926051 -0.000644 
2607.758939 -0.000707 
2606.591827 -0.000595 
2605.424716 -0.000477 
2604.257604 -0.000527 
2603.090492 -0.000537 
2601.923380 -0.000456 
2600.756269 -0.000433 
2599.589157 -0.000390 
2598.422045 -0.000351 
2597.254933 -0.000343 
2596.087822 -0.000346 
2594.920710 -0.000393 
2593.753598 -0.000417 
2592.586486 -0.000504 
2591.419375 -0.000614 
2590.252263 -0.000706 
2589.085151 -0.000940 
2587.918040 -0.001076 
2586.750928 -0.001264 
2585.583816 -0.001423 
2584.416704 -0.001604 
2583.249593 -0.001723 
2582.082481 -0.001721 
2580.915369 -0.001551 
2579.748257 -0.001463 
2578.581146 -0.001295 
2577.414034 -0.001038 
2576.246922 -0.000752 
2575.079810 -0.000454 
2573.912699 -0.000103 
2572.745587 0.000173 
2571.578475 0.000302 
2570.411363 0.000391 
2569.244252 0.000477 
2568.077140 0.000358 
2566.910028 0.000238 
2565.742917 0.000019 
2564.575805 -0.000193 
2563.408693 -0.000376 
2562.241581 -0.000628 
2561.074470 -0.000760 
2559.907358 -0.000921 
2558.740246 -0.000936 
2557.573134 -0.000986 
2556.406023 -0.001113 
2555.238911 -0.001093 
2554.071799 -0.000977 
2552.904687 -0.000977 
2551.737576 -0.000867 
2550.570464 -0.000689 
2549.403352 -0.000544 
2548.236240 -0.000319 
2547.069129 -0.000137 
2545.902017 0.000074 
2544.734905 0.000258 
2543.567794 0.000379 
2542.400682 0.000540 
2541.233570 0.000649 
2540.066458 0.000682 
2538.899347 0.000715 
2537.732235 0.000785 
2536.565123 0.000734 
2535.398011 0.000548 
2534.230900 0.000414 
2533.063788 0.000236 
2531.896676 0.000100 
2530.729564 -0.000029 
2529.562453 -0.000120 
2528.395341 -0.000221 
2527.228229 -0.000374 
2526.061117 -0.000422 
2524.894006 -0.000356 
2523.726894 -0.000275 
2522.559782 -0.000228 
2521.392670 -0.000156 
2520.225559 -0.000088 
2519.058447 -0.000066 
2517.891335 -0.000099 
2516.724224 -0.000017 
2515.557112 0.000005 
2514.390000 0.000066 
2513.222888 0.000042 
2512.055777 0.000093 
2510.888665 0.000115 
2509.721553 0.000112 
2508.554441 0.000174 
2507.387330 0.000264 
2506.220218 0.000383 
2505.053106 0.000491 
2503.885994 0.000540 
2502.718883 0.000666 
2501.551771 0.000816 
2500.384659 0.000873 
2499.217547 0.000908 
2498.050436 0.000989 
2496.883324 0.001051 
2495.716212 0.000998 
2494.549101 0.000984 
2493.381989 0.001064 
2492.214877 0.001076 
2491.047765 0.001047 
2489.880654 0.001019 
2488.713542 0.001003 
2487.546430 0.000959 
2486.379318 0.000826 
2485.212207 0.000819 
2484.045095 0.000780 
2482.877983 0.000653 
2481.710871 0.000638 
2480.543760 0.000579 
2479.376648 0.000489 
2478.209536 0.000438 
2477.042424 0.000458 
2475.875313 0.000396 
2474.708201 0.000350 
2473.541089 0.000334 
2472.373978 0.000334 
2471.206866 0.000298 
2470.039754 0.000269 
2468.872642 0.000244 
2467.705531 0.000201 
2466.538419 0.000201 
2465.371307 0.000136 
2464.204195 0.000104 
2463.037084 0.000125 
2461.869972 0.000077 
2460.702860 0.000045 
2459.535748 0.000066 
2458.368637 0.000011 
2457.201525 0.000039 
2456.034413 -0.000013 
2454.867301 -0.000021 
2453.700190 0.000028 
2452.533078 0.000063 
2451.365966 -0.000009 
2450.198854 -0.000002 
2449.031743 0.000014 
2447.864631 -0.000035 
2446.697519 -0.000021 
2445.530408 0.000029 
2444.363296 -0.000009 
2443.196184 -0.000033 
2442.029072 -0.000077 
2440.861961 -0.000055 
2439.694849 -0.000071 
2438.527737 -0.000073 
2437.360625 -0.000044 
2436.193514 0.000070 
2435.026402 0.000080 
2433.859290 0.000078 
2432.692178 0.000162 
2431.525067 0.000253 
2430.357955 0.000316 
2429.190843 0.000377 
2428.023731 0.000492 
2426.856620 0.000580 
2425.689508 0.000667 
2424.522396 0.000724 
2423.355285 0.000850 
2422.188173 0.001088 
2421.021061 0.001349 
2419.853949 0.001635 
2418.686838 0.002000 
2417.519726 0.002448 
2416.352614 0.003088 
2415.185502 0.003774 
2414.018391 0.004484 
2412.851279 0.005198 
2411.684167 0.005790 
2410.517055 0.006209 
2409.349944 0.006441 
2408.182832 0.006446 
2407.015720 0.006215 
2405.848608 0.005777 
2404.681497 0.005255 
2403.514385 0.004569 
2402.347273 0.003840 
2401.180162 0.003107 
2400.013050 0.002432 
2398.845938 0.001829 
2397.678826 0.001349 
2396.511715 0.000874 
2395.344603 0.000554 
2394.177491 0.000323 
2393.010379 0.000212 
2391.843268 0.000045 
2390.676156 -0.000029 
2389.509044 -0.000067 
2388.341932 -0.000096 
2387.174821 -0.000151 
2386.007709 -0.000156 
2384.840597 -0.000162 
2383.673485 -0.000174 
2382.506374 -0.000140 
2381.339262 -0.000160 
2380.172150 -0.000185 
2379.005039 -0.000114 
2377.837927 -0.000076 
2376.670815 -0.000080 
2375.503703 -0.000002 
2374.336592 -0.000012 
2373.169480 -0.000002 
2372.002368 -0.000032 
2370.835256 0.000033 
2369.668145 0.000029 
2368.501033 0.000079 
2367.333921 0.000109 
2366.166809 0.000171 
2364.999698 0.000205 
2363.832586 0.000254 
2362.665474 0.000256 
2361.498362 0.000369 
2360.331251 0.000460 
2359.164139 0.000540 
2357.997027 0.000620 
2356.829915 0.000708 
2355.662804 0.000819 
2354.495692 0.000994 
2353.328580 0.001234 
2352.161469 0.001356 
2350.994357 0.001512 
2349.827245 0.001664 
2348.660133 0.002026 
2347.493022 0.002352 
2346.325910 0.002549 
2345.158798 0.002717 
2343.991686 0.002876 
2342.824575 0.003057 
2341.657463 0.003512 
2340.490351 0.004274 
2339.323239 0.004775 
2338.156128 0.004536 
2336.989016 0.003814 
2335.821904 0.003329 
2334.654792 0.002900 
2333.487681 0.002703 
2332.320569 0.002582 
2331.153457 0.002355 
2329.986346 0.002313 
2328.819234 0.002193 
2327.652122 0.002247 
2326.485010 0.003282 
2325.317899 0.003601 
2324.150787 0.002814 
2322.983675 0.002255 
2321.816563 0.002049 
2320.649452 0.002086 
2319.482340 0.001980 
2318.315228 0.001851 
2317.148116 0.001877 
2315.981005 0.001733 
2314.813893 0.001700 
2313.646781 0.001575 
2312.479669 0.001436 
2311.312558 0.001318 
2310.145446 0.001172 
2308.978334 0.001083 
2307.811223 0.001011 
2306.644111 0.000858 
2305.476999 0.000738 
2304.309887 0.000588 
2303.142776 0.000514 
2301.975664 0.000451 
2300.808552 0.000346 
2299.641440 0.000270 
2298.474329 0.000252 
2297.307217 0.000229 
2296.140105 0.000152 
2294.972993 0.000142 
2293.805882 0.000104 
2292.638770 0.000129 
2291.471658 0.000098 
2290.304546 0.000067 
2289.137435 -0.000021 
2287.970323 -0.000059 
2286.803211 -0.000068 
2285.636099 -0.000088 
2284.468988 -0.000089 
2283.301876 -0.000115 
2282.134764 -0.000117 
2280.967653 -0.000191 
2279.800541 -0.000147 
2278.633429 -0.000134 
2277.466317 -0.000198 
2276.299206 -0.000270 
2275.132094 -0.000292 
2273.964982 -0.000237 
2272.797870 -0.000215 
2271.630759 -0.000225 
2270.463647 -0.000206 
2269.296535 -0.000214 
2268.129423 -0.000261 
2266.962312 -0.000257 
2265.795200 -0.000174 
2264.628088 -0.000049 
2263.460976 -0.000008 
2262.293865 0.000049 
2261.126753 0.000087 
2259.959641 0.000146 
2258.792530 0.000175 
2257.625418 0.000385 
2256.458306 0.000600 
2255.291194 0.000837 
2254.124083 0.001076 
2252.956971 0.001381 
2251.789859 0.001579 
2250.622747 0.001713 
2249.455636 0.001802 
2248.288524 0.001825 
2247.121412 0.001774 
2245.954300 0.001623 
2244.787189 0.001391 
2243.620077 0.001155 
2242.452965 0.000872 
2241.285853 0.000656 
2240.118742 0.000541 
2238.951630 0.000489 
2237.784518 0.000337 
2236.617407 0.000210 
2235.450295 0.000120 
2234.283183 0.000062 
2233.116071 0.000075 
2231.948960 0.000065 
2230.781848 -0.000033 
2229.614736 -0.000085 
2228.447624 -0.000177 
2227.280513 -0.000199 
2226.113401 -0.000215 
2224.946289 -0.000233 
2223.779177 -0.000277 
2222.612066 -0.000311 
2221.444954 -0.000286 
2220.277842 -0.000333 
2219.110730 -0.000400 
2217.943619 -0.000383 
2216.776507 -0.000377 
2215.609395 -0.000429 
2214.442284 -0.000473 
2213.275172 -0.000497 
2212.108060 -0.000573 
2210.940948 -0.000626 
2209.773837 -0.000703 
2208.606725 -0.000735 
2207.439613 -0.000806 
2206.272501 -0.000858 
2205.105390 -0.000789 
2203.938278 -0.000610 
2202.771166 -0.000450 
2201.604054 -0.000247 
2200.436943 -0.000098 
2199.269831 0.000077 
2198.102719 0.000137 
2196.935607 0.000279 
2195.768496 0.000474 
2194.601384 0.000580 
2193.434272 0.000643 
2192.267160 0.000737 
2191.100049 0.000832 
2189.932937 0.000924 
2188.765825 0.001058 
2187.598714 0.001121 
2186.431602 0.001230 
2185.264490 0.001415 
2184.097378 0.001530 
2182.930267 0.001591 
2181.763155 0.001658 
2180.596043 0.001701 
2179.428931 0.001710 
2178.261820 0.001734 
2177.094708 0.001782 
2175.927596 0.001831 
2174.760484 0.001879 
2173.593373 0.002012 
2172.426261 0.002185 
2171.259149 0.002463 
2170.092037 0.002844 
2168.924926 0.003350 
2167.757814 0.003902 
2166.590702 0.004467 
2165.423591 0.004849 
2164.256479 0.005124 
2163.089367 0.005204 
2161.922255 0.005049 
2160.755144 0.004586 
2159.588032 0.003982 
2158.420920 0.003326 
2157.253808 0.002643 
2156.086697 0.001941 
2154.919585 0.001412 
2153.752473 0.001018 
2152.585361 0.000668 
2151.418250 0.000412 
2150.251138 0.000265 
2149.084026 0.000183 
2147.916914 0.000079 
2146.749803 0.000070 
2145.582691 0.000074 
2144.415579 0.000064 
2143.248468 0.000075 
2142.081356 0.000082 
2140.914244 0.000110 
2139.747132 0.000149 
2138.580021 0.000304 
2137.412909 0.000584 
2136.245797 0.000883 
2135.078685 0.001191 
2133.911574 0.001300 
2132.744462 0.001139 
2131.577350 0.000896 
2130.410238 0.000621 
2129.243127 0.000409 
2128.076015 0.000250 
2126.908903 0.000154 
2125.741791 0.000074 
2124.574680 0.000003 
2123.407568 0.000004 
2122.240456 -0.000001 
2121.073344 -0.000006 
2119.906233 0.000028 
2118.739121 0.000015 
2117.572009 0.000050 
2116.404898 0.000051 
2115.237786 0.000077 
2114.070674 0.000050 
2112.903562 0.000073 
2111.736451 0.000157 
2110.569339 0.000180 
2109.402227 0.000170 
2108.235115 0.000210 
2107.068004 0.000275 
2105.900892 0.000411 
2104.733780 0.000548 
2103.566668 0.000745 
2102.399557 0.000969 
2101.232445 0.001253 
2100.065333 0.001573 
2098.898221 0.001994 
2097.731110 0.002563 
2096.563998 0.003206 
2095.396886 0.003912 
2094.229775 0.004663 
2093.062663 0.005324 
2091.895551 0.006050 
2090.728439 0.006651 
2089.561328 0.007227 
2088.394216 0.007830 
2087.227104 0.008682 
2086.059992 0.009826 
2084.892881 0.011433 
2083.725769 0.013488 
2082.558657 0.015839 
2081.391545 0.018296 
2080.224434 0.020691 
2079.057322 0.022555 
2077.890210 0.023635 
2076.723098 0.023649 
2075.555987 0.022769 
2074.388875 0.021012 
2073.221763 0.018474 
2072.054652 0.015520 
2070.887540 0.012600 
2069.720428 0.009750 
2068.553316 0.007279 
2067.386205 0.005218 
2066.219093 0.003787 
2065.051981 0.002686 
2063.884869 0.001961 
2062.717758 0.001522 
2061.550646 0.001176 
2060.383534 0.000956 
2059.216422 0.000718 
2058.049311 0.000448 
2056.882199 0.000330 
2055.715087 0.000310 
2054.547975 0.000246 
2053.380864 0.000134 
2052.213752 0.000094 
2051.046640 0.000054 
2049.879529 0.000051 
2048.712417 0.000030 
2047.545305 -0.000051 
2046.378193 -0.000021 
2045.211082 0.000014 
2044.043970 0.000020 
2042.876858 -0.000064 
2041.709746 -0.000033 
2040.542635 -0.000039 
2039.375523 -0.000001 
2038.208411 0.000023 
2037.041299 -0.000101 
2035.874188 -0.000029 
2034.707076 -0.000012 
2033.539964 -0.000019 
2032.372852 0.000035 
2031.205741 0.000031 
2030.038629 0.000013 
2028.871517 0.000166 
2027.704405 0.000260 
2026.537294 0.000349 
2025.370182 0.000521 
2024.203070 0.000725 
2023.035959 0.001032 
2021.868847 0.001304 
2020.701735 0.001688 
2019.534623 0.002253 
2018.367512 0.002855 
2017.200400 0.003668 
2016.033288 0.004685 
2014.866176 0.006066 
2013.699065 0.007818 
2012.531953 0.009941 
2011.364841 0.012353 
2010.197729 0.014985 
2009.030618 0.017684 
2007.863506 0.020194 
2006.696394 0.022199 
2005.529282 0.023400 
2004.362171 0.023578 
2003.195059 0.022550 
2002.027947 0.020589 
2000.860836 0.017811 
1999.693724 0.014619 
1998.526612 0.011384 
1997.359500 0.008448 
1996.192389 0.005941 
1995.025277 0.004030 
1993.858165 0.002582 
1992.691053 0.001595 
1991.523942 0.001114 
1990.356830 0.000847 
1989.189718 0.000719 
1988.022606 0.000664 
1986.855495 0.000600 
1985.688383 0.000562 
1984.521271 0.000515 
1983.354159 0.000491 
1982.187048 0.000438 
1981.019936 0.000327 
1979.852824 0.000188 
1978.685713 0.000131 
1977.518601 0.000128 
1976.351489 0.000062 
1975.184377 0.000041 
1974.017266 0.000073 
1972.850154 0.000109 
1971.683042 0.000053 
1970.515930 0.000032 
1969.348819 -0.000003 
1968.181707 -0.000040 
1967.014595 0.000006 
1965.847483 0.000020 
1964.680372 -0.000018 
1963.513260 -0.000041 
1962.346148 -0.000049 
1961.179036 -0.000054 
1960.011925 -0.000019 
1958.844813 -0.000002 
1957.677701 -0.000073 
1956.510589 -0.000062 
1955.343478 0.000012 
1954.176366 0.000060 
1953.009254 0.000004 
1951.842143 -0.000105 
1950.675031 -0.000025 
1949.507919 -0.000009 
1948.340807 -0.000048 
1947.173696 -0.000031 
1946.006584 -0.000030 
1944.839472 -0.000004 
1943.672360 0.000035 
1942.505249 -0.000001 
1941.338137 -0.000039 
1940.171025 0.000014 
1939.003913 0.000005 
1937.836802 -0.000055 
1936.669690 -0.000015 
1935.502578 -0.000000 
1934.335466 -0.000021 
1933.168355 -0.000009 
1932.001243 0.000002 
1930.834131 -0.000060 
1929.667020 -0.000038 
1928.499908 -0.000063 
1927.332796 -0.000047 
1926.165684 -0.000048 
1924.998573 -0.000052 
1923.831461 -0.000032 
1922.664349 -0.000051 
1921.497237 -0.000062 
1920.330126 -0.000079 
1919.163014 -0.000003 
1917.995902 -0.000025 
1916.828790 0.000000 
1915.661679 -0.000007 
1914.494567 -0.000068 
1913.327455 -0.000019 
1912.160343 0.000014 
1910.993232 0.000013 
1909.826120 -0.000014 
1908.659008 -0.000022 
1907.491897 -0.000041 
1906.324785 0.000026 
1905.157673 0.000049 
1903.990561 0.000040 
1902.823450 0.000057 
1901.656338 0.000028 
1900.489226 -0.000001 
1899.322114 0.000039 
1898.155003 0.000028 
1896.987891 0.000036 
1895.820779 0.000111 
1894.653667 0.000086 
1893.486556 0.000071 
1892.319444 0.000124 
1891.152332 0.000144 
1889.985220 0.000150 
1888.818109 0.000171 
1887.650997 0.000199 
1886.483885 0.000208 
1885.316774 0.000133 
1884.149662 0.000160 
1882.982550 0.000160 
1881.815438 0.000161 
1880.648327 0.000124 
1879.481215 0.000115 
1878.314103 0.000132 
1877.146991 0.000205 
1875.979880 0.000149 
1874.812768 0.000115 
1873.645656 0.000125 
1872.478544 0.000147 
1871.311433 0.000122 
1870.144321 0.000022 
1868.977209 -0.000014 
1867.810097 0.000045 
1866.642986 0.000068 
1865.475874 0.000102 
1864.308762 0.000019 
1863.141650 -0.000027 
1861.974539 -0.000016 
1860.807427 -0.000046 
1859.640315 -0.000082 
1858.473204 -0.000103 
1857.306092 -0.000160 
1856.138980 -0.000117 
1854.971868 0.000020 
1853.804757 0.000206 
1852.637645 0.000425 
1851.470533 0.000598 
1850.303421 0.000728 
1849.136310 0.000933 
1847.969198 0.001106 
1846.802086 0.001278 
1845.634974 0.001456 
1844.467863 0.001598 
1843.300751 0.001879 
1842.133639 0.002185 
1840.966527 0.002521 
1839.799416 0.002853 
1838.632304 0.003127 
1837.465192 0.003383 
1836.298081 0.003586 
1835.130969 0.003725 
1833.963857 0.003693 
1832.796745 0.003652 
1831.629634 0.003586 
1830.462522 0.003261 
1829.295410 0.002895 
1828.128298 0.002453 
1826.961187 0.002059 
1825.794075 0.001585 
1824.626963 0.001262 
1823.459851 0.000953 
1822.292740 0.000660 
1821.125628 0.000474 
1819.958516 0.000383 
1818.791404 0.000326 
1817.624293 0.000277 
1816.457181 0.000281 
1815.290069 0.000238 
1814.122958 0.000240 
1812.955846 0.000242 
1811.788734 0.000208 
1810.621622 0.000178 
1809.454511 0.000178 
1808.287399 0.000138 
1807.120287 0.000128 
1805.953175 0.000127 
1804.786064 0.000056 
1803.618952 0.000027 
1802.451840 0.000039 
1801.284728 0.000020 
1800.117617 0.000011 
1798.950505 -0.000023 
1797.783393 0.000000 
1796.616281 -0.000035 
1795.449170 -0.000002 
1794.282058 -0.000003 
1793.114946 -0.000029 
1791.947835 -0.000032 
1790.780723 -0.000029 
1789.613611 -0.000031 
1788.446499 -0.000035 
1787.279388 -0.000008 
1786.112276 -0.000020 
1784.945164 0.000013 
1783.778052 0.000002 
1782.610941 0.000020 
1781.443829 -0.000007 
1780.276717 -0.000046 
1779.109605 0.000005 
1777.942494 -0.000003 
1776.775382 0.000007 
1775.608270 -0.000013 
1774.441158 0.000022 
1773.274047 -0.000062 
1772.106935 -0.000064 
1770.939823 0.000015 
1769.772711 -0.000001 
1768.605600 -0.000019 
1767.438488 -0.000002 
1766.271376 0.000069 
1765.104265 0.000095 
1763.937153 0.000070 
1762.770041 0.000090 
1761.602929 0.000100 
1760.435818 0.000157 
1759.268706 0.000227 
1758.101594 0.000216 
1756.934482 0.000154 
1755.767371 0.000216 
1754.600259 0.000205 
1753.433147 0.000239 
1752.266035 0.000246 
1751.098924 0.000268 
1749.931812 0.000405 
1748.764700 0.000439 
1747.597588 0.000504 
1746.430477 0.000507 
1745.263365 0.000543 
1744.096253 0.000576 
1742.929142 0.000609 
1741.762030 0.000654 
1740.594918 0.000728 
1739.427806 0.000707 
1738.260695 0.000802 
1737.093583 0.000833 
1735.926471 0.000870 
1734.759359 0.000817 
1733.592248 0.000829 
1732.425136 0.001029 
1731.258024 0.001106 
1730.090912 0.001112 
1728.923801 0.001148 
1727.756689 0.001279 
1726.589577 0.001356 
1725.422465 0.001327 
1724.255354 0.001251 
1723.088242 0.001285 
1721.921130 0.001320 
1720.754019 0.001338 
1719.586907 0.001276 
1718.419795 0.001194 
1717.252683 0.001084 
1716.085572 0.001193 
1714.918460 0.001112 
1713.751348 0.001124 
1712.584236 0.001147 
1711.417125 0.001197 
1710.250013 0.001138 
1709.082901 0.001108 
1707.915789 0.001064 
1706.748678 0.001054 
1705.581566 0.001080 
1704.414454 0.001009 
1703.247342 0.000955 
1702.080231 0.000994 
1700.913119 0.000868 
1699.746007 0.000842 
1698.578895 0.001047 
1697.411784 0.001046 
1696.244672 0.000875 
1695.077560 0.000857 
1693.910449 0.001061 
1692.743337 0.001121 
1691.576225 0.001154 
1690.409113 0.001187 
1689.242002 0.001224 
1688.074890 0.001259 
1686.907778 0.001314 
1685.740666 0.001208 
1684.573555 0.001031 
1683.406443 0.001173 
1682.239331 0.001276 
1681.072219 0.001371 
1679.905108 0.001422 
1678.737996 0.001399 
1677.570884 0.001410 
1676.403772 0.001454 
1675.236661 0.001402 
1674.069549 0.001515 
1672.902437 0.001644 
1671.735326 0.001680 
1670.568214 0.001765 
1669.401102 0.001783 
1668.233990 0.001908 
1667.066879 0.001998 
1665.899767 0.002056 
1664.732655 0.002075 
1663.565543 0.002002 
1662.398432 0.001924 
1661.231320 0.001862 
1660.064208 0.001791 
1658.897096 0.001691 
1657.729985 0.001585 
1656.562873 0.001456 
1655.395761 0.001302 
1654.228649 0.001118 
1653.061538 0.000856 
1651.894426 0.000863 
1650.727314 0.000965 
1649.560203 0.000936 
1648.393091 0.000915 
1647.225979 0.000816 
1646.058867 0.000750 
1644.891756 0.000764 
1643.724644 0.000729 
1642.557532 0.000698 
1641.390420 0.000727 
1640.223309 0.000661 
1639.056197 0.000684 
1637.889085 0.000658 
1636.721973 0.000562 
1635.554862 0.000469 
1634.387750 0.000478 
1633.220638 0.000529 
1632.053526 0.000502 
1630.886415 0.000404 
1629.719303 0.000367 
1628.552191 0.000328 
1627.385080 0.000281 
1626.217968 0.000301 
1625.050856 0.000283 
1623.883744 0.000260 
1622.716633 0.000292 
1621.549521 0.000324 
1620.382409 0.000354 
1619.215297 0.000378 
1618.048186 0.000356 
1616.881074 0.000242 
1615.713962 0.000377 
1614.546850 0.000472 
1613.379739 0.000499 
1612.212627 0.000589 
1611.045515 0.000669 
1609.878403 0.000707 
1608.711292 0.000851 
1607.544180 0.000958 
1606.377068 0.001098 
1605.209956 0.001241 
1604.042845 0.001437 
1602.875733 0.001644 
1601.708621 0.001867 
1600.541510 0.002070 
1599.374398 0.002365 
1598.207286 0.002707 
1597.040174 0.003017 
1595.873063 0.003356 
1594.705951 0.003686 
1593.538839 0.004076 
1592.371727 0.004408 
1591.204616 0.004654 
1590.037504 0.004819 
1588.870392 0.004973 
1587.703280 0.004960 
1586.536169 0.004905 
1585.369057 0.004724 
1584.201945 0.004456 
1583.034833 0.004117 
1581.867722 0.003759 
1580.700610 0.003382 
1579.533498 0.003024 
1578.366387 0.002674 
1577.199275 0.002280 
1576.032163 0.001924 
1574.865051 0.001792 
1573.697940 0.001697 
1572.530828 0.001550 
1571.363716 0.001468 
1570.196604 0.001340 
1569.029493 0.001259 
1567.862381 0.001275 
1566.695269 0.001210 
1565.528157 0.001201 
1564.361046 0.001210 
1563.193934 0.001161 
1562.026822 0.001098 
1560.859710 0.000972 
1559.692599 0.000805 
1558.525487 0.000818 
1557.358375 0.000884 
1556.191264 0.000977 
1555.024152 0.000859 
1553.857040 0.000725 
1552.689928 0.000713 
1551.522817 0.000790 
1550.355705 0.000855 
1549.188593 0.000945 
1548.021481 0.000970 
1546.854370 0.000922 
1545.687258 0.000831 
1544.520146 0.000778 
1543.353034 0.000661 
1542.185923 0.000458 
1541.018811 0.000322 
1539.851699 0.000187 
1538.684587 0.000388 
1537.517476 0.000835 
1536.350364 0.000988 
1535.183252 0.001037 
1534.016140 0.001030 
1532.849029 0.001140 
1531.681917 0.001218 
1530.514805 0.001308 
1529.347694 0.001357 
1528.180582 0.001371 
1527.013470 0.001418 
1525.846358 0.001417 
1524.679247 0.001494 
1523.512135 0.001647 
1522.345023 0.001758 
1521.177911 0.001899 
1520.010800 0.002136 
1518.843688 0.002291 
1517.676576 0.002378 
1516.509464 0.002476 
1515.342353 0.002583 
1514.175241 0.002656 
1513.008129 0.002649 
1511.841017 0.002681 
1510.673906 0.002806 
1509.506794 0.002847 
1508.339682 0.002891 
1507.172571 0.002843 
1506.005459 0.002912 
1504.838347 0.003072 
1503.671235 0.003262 
1502.504124 0.003359 
1501.337012 0.003559 
1500.169900 0.003769 
1499.002788 0.003974 
1497.835677 0.004247 
1496.668565 0.004655 
1495.501453 0.005407 
1494.334341 0.006846 
1493.167230 0.009322 
1492.000118 0.013380 
1490.833006 0.019084 
1489.665894 0.025923 
1488.498783 0.033165 
1487.331671 0.040221 
1486.164559 0.046974 
1484.997448 0.053319 
1483.830336 0.059031 
1482.663224 0.064105 
1481.496112 0.068616 
1480.329001 0.072850 
1479.161889 0.076864 
1477.994777 0.079871 
1476.827665 0.081026 
1475.660554 0.079065 
1474.493442 0.074972 
1473.326330 0.074176 
1472.159218 0.083957 
1470.992107 0.101505 
1469.824995 0.120376 
1468.657883 0.137250 
1467.490771 0.151684 
1466.323660 0.164165 
1465.156548 0.175145 
1463.989436 0.184920 
1462.822325 0.193079 
1461.655213 0.199149 
1460.488101 0.202610 
1459.320989 0.203277 
1458.153878 0.201171 
1456.986766 0.196510 
1455.819654 0.189331 
1454.652542 0.179214 
1453.485431 0.164881 
1452.318319 0.145630 
1451.151207 0.122129 
1449.984095 0.098033 
1448.816984 0.078199 
1447.649872 0.064471 
1446.482760 0.055024 
1445.315648 0.047745 
1444.148537 0.041316 
1442.981425 0.034896 
1441.814313 0.028039 
1440.647201 0.020664 
1439.480090 0.013462 
1438.312978 0.007595 
1437.145866 0.003902 
1435.978755 0.002369 
1434.811643 0.002327 
1433.644531 0.003258 
1432.477419 0.004676 
1431.310308 0.006114 
1430.143196 0.007356 
1428.976084 0.008653 
1427.808972 0.009813 
1426.641861 0.010366 
1425.474749 0.009560 
1424.307637 0.007483 
1423.140525 0.005133 
1421.973414 0.003301 
1420.806302 0.001985 
1419.639190 0.001030 
1418.472078 0.000611 
1417.304967 0.000333 
1416.137855 0.000200 
1414.970743 0.000156 
1413.803632 0.000129 
1412.636520 0.000052 
1411.469408 -0.000007 
1410.302296 0.000035 
1409.135185 0.000053 
1407.968073 0.000110 
1406.800961 0.000187 
1405.633849 0.000147 
1404.466738 0.000162 
1403.299626 0.000198 
1402.132514 0.000185 
1400.965402 0.000170 
1399.798291 0.000096 
1398.631179 0.000042 
1397.464067 0.000024 
1396.296955 -0.000021 
1395.129844 -0.000009 
1393.962732 -0.000046 
1392.795620 0.000078 
1391.628509 0.000157 
1390.461397 0.000218 
1389.294285 0.000258 
1388.127173 0.000158 
1386.960062 0.000160 
1385.792950 0.000244 
1384.625838 0.000289 
1383.458726 0.000193 
1382.291615 0.000105 
1381.124503 0.000082 
1379.957391 0.000050 
1378.790279 0.000010 
1377.623168 -0.000007 
1376.456056 0.000044 
1375.288944 0.000016 
1374.121832 0.000034 
1372.954721 -0.000017 
1371.787609 -0.000000 
1370.620497 -0.000001 
1369.453385 -0.000028 
1368.286274 -0.000042 
1367.119162 -0.000029 
1365.952050 0.000029 
1364.784939 0.000045 
1363.617827 0.000003 
1362.450715 0.000058 
1361.283603 0.000097 
1360.116492 0.000048 
1358.949380 0.000096 
1357.782268 0.000173 
1356.615156 0.000133 
1355.448045 0.000144 
1354.280933 0.000226 
1353.113821 0.000308 
1351.946709 0.000377 
1350.779598 0.000450 
1349.612486 0.000485 
1348.445374 0.000556 
1347.278262 0.000589 
1346.111151 0.000645 
1344.944039 0.000698 
1343.776927 0.000792 
1342.609816 0.000922 
1341.442704 0.000981 
1340.275592 0.000970 
1339.108480 0.001085 
1337.941369 0.001129 
1336.774257 0.001170 
1335.607145 0.001206 
1334.440033 0.001237 
1333.272922 0.001208 
1332.105810 0.001226 
1330.938698 0.001287 
1329.771586 0.001289 
1328.604475 0.001344 
1327.437363 0.001339 
1326.270251 0.001373 
1325.103139 0.001402 
1323.936028 0.001495 
1322.768916 0.001540 
1321.601804 0.001547 
1320.434693 0.001555 
1319.267581 0.001672 
1318.100469 0.001694 
1316.933357 0.001755 
1315.766246 0.001816 
1314.599134 0.001825 
1313.432022 0.001850 
1312.264910 0.001960 
1311.097799 0.001992 
1309.930687 0.002049 
1308.763575 0.002137 
1307.596463 0.002153 
1306.429352 0.002229 
1305.262240 0.002273 
1304.095128 0.002306 
1302.928016 0.002304 
1301.760905 0.002304 
1300.593793 0.002346 
1299.426681 0.002378 
1298.259570 0.002371 
1297.092458 0.002404 
1295.925346 0.002412 
1294.758234 0.002510 
1293.591123 0.002557 
1292.424011 0.002617 
1291.256899 0.002680 
1290.089787 0.002737 
1288.922676 0.002838 
1287.755564 0.002937 
1286.588452 0.003002 
1285.421340 0.003098 
1284.254229 0.003146 
1283.087117 0.003197 
1281.920005 0.003305 
1280.752893 0.003437 
1279.585782 0.003531 
1278.418670 0.003633 
1277.251558 0.003778 
1276.084446 0.003885 
1274.917335 0.004001 
1273.750223 0.004114 
1272.583111 0.004241 
1271.416000 0.004427 
1270.248888 0.004542 
1269.081776 0.004675 
1267.914664 0.004828 
1266.747553 0.005076 
1265.580441 0.005274 
1264.413329 0.005566 
1263.246217 0.005882 
1262.079106 0.006245 
1260.911994 0.006769 
1259.744882 0.007547 
1258.577770 0.008820 
1257.410659 0.011338 
1256.243547 0.016079 
1255.076435 0.024474 
1253.909323 0.037252 
1252.742212 0.053329 
1251.575100 0.069503 
1250.407988 0.082057 
1249.240877 0.089445 
1248.073765 0.090781 
1246.906653 0.086328 
1245.739541 0.077082 
1244.572430 0.064213 
1243.405318 0.049932 
1242.238206 0.036520 
1241.071094 0.025654 
1239.903983 0.018056 
1238.736871 0.013360 
1237.569759 0.010737 
1236.402647 0.009344 
1235.235536 0.008552 
1234.068424 0.008177 
1232.901312 0.008006 
1231.734200 0.007986 
1230.567089 0.008034 
1229.399977 0.008098 
1228.232865 0.008230 
1227.065754 0.008396 
1225.898642 0.008484 
1224.731530 0.008686 
1223.564418 0.008968 
1222.397307 0.009158 
1221.230195 0.009339 
1220.063083 0.009606 
1218.895971 0.009861 
1217.728860 0.010105 
1216.561748 0.010431 
1215.394636 0.010845 
1214.227524 0.011131 
1213.060413 0.011415 
1211.893301 0.011752 
1210.726189 0.012028 
1209.559077 0.012417 
1208.391966 0.012796 
1207.224854 0.013203 
1206.057742 0.013591 
1204.890630 0.014065 
1203.723519 0.014554 
1202.556407 0.015100 
1201.389295 0.015723 
1200.222184 0.016281 
1199.055072 0.016948 
1197.887960 0.017683 
1196.720848 0.018480 
1195.553737 0.019387 
1194.386625 0.020368 
1193.219513 0.021488 
1192.052401 0.022739 
1190.885290 0.024060 
1189.718178 0.025754 
1188.551066 0.027924 
1187.383954 0.030821 
1186.216843 0.035010 
1185.049731 0.041473 
1183.882619 0.051678 
1182.715507 0.066617 
1181.548396 0.086684 
1180.381284 0.110891 
1179.214172 0.136633 
1178.047061 0.161089 
1176.879949 0.182551 
1175.712837 0.199812 
1174.545725 0.213022 
1173.378614 0.224660 
1172.211502 0.245028 
1171.044390 0.297744 
1169.877278 0.414689 
1168.710167 0.584728 
1167.543055 0.765140 
1166.375943 0.919297 
1165.208831 1.025422 
1164.041720 1.065632 
1162.874608 1.030048 
1161.707496 0.911749 
1160.540384 0.732546 
1159.373273 0.525894 
1158.206161 0.335539 
1157.039049 0.191105 
1155.871938 0.102576 
1154.704826 0.055401 
1153.537714 0.034426 
1152.370602 0.025432 
1151.203491 0.021600 
1150.036379 0.019551 
1148.869267 0.017829 
1147.702155 0.016068 
1146.535044 0.013995 
1145.367932 0.011800 
1144.200820 0.009693 
1143.033708 0.007837 
1141.866597 0.006154 
1140.699485 0.004561 
1139.532373 0.003313 
1138.365261 0.002340 
1137.198150 0.001764 
1136.031038 0.001480 
1134.863926 0.001475 
1133.696815 0.001582 
1132.529703 0.001943 
1131.362591 0.002324 
1130.195479 0.002791 
1129.028368 0.003372 
1127.861256 0.004045 
1126.694144 0.004746 
1125.527032 0.005517 
1124.359921 0.006315 
1123.192809 0.007053 
1122.025697 0.007754 
1120.858585 0.008421 
1119.691474 0.009079 
1118.524362 0.009875 
1117.357250 0.010744 
1116.190138 0.011899 
1115.023027 0.013179 
1113.855915 0.014743 
1112.688803 0.016556 
1111.521691 0.018688 
1110.354580 0.021168 
1109.187468 0.024364 
1108.020356 0.028262 
1106.853245 0.033646 
1105.686133 0.041771 
1104.519021 0.057061 
1103.351909 0.095829 
1102.184798 0.182123 
1101.017686 0.319855 
1099.850574 0.472028 
1098.683462 0.613371 
1097.516351 0.739983 
1096.349239 0.846908 
1095.182127 0.920694 
1094.015015 0.949651 
1092.847904 0.925206 
1091.680792 0.844778 
1090.513680 0.712699 
1089.346568 0.540860 
1088.179457 0.359269 
1087.012345 0.206600 
1085.845233 0.107629 
1084.678122 0.056944 
1083.511010 0.032150 
1082.343898 0.016984 
1081.176786 0.006672 
1080.009675 0.000556 
1078.842563 -0.002152 
1077.675451 -0.002836 
1076.508339 -0.002676 
1075.341228 -0.002552 
1074.174116 -0.002936 
1073.007004 -0.003764 
1071.839892 -0.004660 
1070.672781 -0.005300 
1069.505669 -0.005614 
1068.338557 -0.005642 
1067.171445 -0.005527 
1066.004334 -0.005372 
1064.837222 -0.005207 
1063.670110 -0.004968 
1062.502999 -0.004787 
1061.335887 -0.004646 
1060.168775 -0.004451 
1059.001663 -0.004271 
1057.834552 -0.004100 
1056.667440 -0.003957 
1055.500328 -0.003746 
1054.333216 -0.003586 
1053.166105 -0.003424 
1051.998993 -0.003240 
1050.831881 -0.003068 
1049.664769 -0.002855 
1048.497658 -0.002756 
1047.330546 -0.002602 
1046.163434 -0.002458 
1044.996322 -0.002301 
1043.829211 -0.002129 
1042.662099 -0.001982 
1041.494987 -0.001845 
1040.327875 -0.001652 
1039.160764 -0.001612 
1037.993652 -0.001561 
1036.826540 -0.001430 
1035.659429 -0.001269 
1034.492317 -0.001204 
1033.325205 -0.001075 
1032.158093 -0.000980 
1030.990982 -0.000819 
1029.823870 -0.000678 
1028.656758 -0.000643 
1027.489646 -0.000472 
1026.322535 -0.000376 
1025.155423 -0.000307 
1023.988311 -0.000156 
1022.821199 -0.000053 
1021.654088 0.000044 
1020.486976 0.000256 
1019.319864 0.000293 
1018.152752 0.000355 
1016.985641 0.000430 
1015.818529 0.000562 
1014.651417 0.000678 
1013.484306 0.000722 
1012.317194 0.000904 
1011.150082 0.001138 
1009.982970 0.001205 
1008.815859 0.001278 
1007.648747 0.001400 
1006.481635 0.001459 
1005.314523 0.001561 
1004.147412 0.001586 
1002.980300 0.001653 
1001.813188 0.001686 
1000.646076 0.001788 
999.478965 0.001887 
998.311853 0.002054 
997.144741 0.002105 
995.977629 0.002169 
994.810518 0.002221 
993.643406 0.002333 
992.476294 0.002465 
991.309183 0.002580 
990.142071 0.002723 
988.974959 0.002846 
987.807847 0.002862 
986.640736 0.002973 
985.473624 0.003219 
984.306512 0.003310 
983.139400 0.003414 
981.972289 0.003545 
980.805177 0.003691 
979.638065 0.003798 
978.470953 0.003960 
977.303842 0.004192 
976.136730 0.004341 
974.969618 0.004375 
973.802506 0.004410 
972.635395 0.004519 
971.468283 0.004779 
970.301171 0.004956 
969.134060 0.005074 
967.966948 0.005287 
966.799836 0.005459 
965.632724 0.005609 
964.465613 0.005802 
963.298501 0.006022 
962.131389 0.006252 
960.964277 0.006400 
959.797166 0.006615 
958.630054 0.006958 
957.462942 0.007264 
956.295830 0.007528 
955.128719 0.007837 
953.961607 0.008094 
952.794495 0.008407 
951.627383 0.008893 
950.460272 0.009276 
949.293160 0.009636 
948.126048 0.010155 
946.958936 0.010605 
945.791825 0.011111 
944.624713 0.011702 
943.457601 0.012380 
942.290490 0.013146 
941.123378 0.014048 
939.956266 0.014987 
938.789154 0.015988 
937.622043 0.017427 
936.454931 0.019015 
935.287819 0.020856 
934.120707 0.023394 
932.953596 0.026647 
931.786484 0.031318 
930.619372 0.039652 
929.452260 0.059604 
928.285149 0.114336 
927.118037 0.220769 
925.950925 0.348340 
924.783813 0.453882 
923.616702 0.526924 
922.449590 0.567709 
921.282478 0.577184 
920.115367 0.555874 
918.948255 0.507583 
917.781143 0.434479 
916.614031 0.343763 
915.446920 0.243237 
914.279808 0.145853 
913.112696 0.069060 
911.945584 0.029304 
910.778473 0.017136 
909.611361 0.014635 
908.444249 0.011633 
907.277137 0.006687 
906.110026 0.001409 
904.942914 -0.002583 
903.775802 -0.004775 
902.608690 -0.005877 
901.441579 -0.006188 
900.274467 -0.006079 
899.107355 -0.005895 
897.940244 -0.005597 
896.773132 -0.005280 
895.606020 -0.004921 
894.438908 -0.004619 
893.271797 -0.004423 
892.104685 -0.004175 
890.937573 -0.003967 
889.770461 -0.003898 
888.603350 -0.003645 
887.436238 -0.003365 
886.269126 -0.003165 
885.102014 -0.002988 
883.934903 -0.002874 
882.767791 -0.002684 
881.600679 -0.002582 
880.433567 -0.002414 
879.266456 -0.002316 
878.099344 -0.002068 
876.932232 -0.001990 
875.765121 -0.001923 
874.598009 -0.001850 
873.430897 -0.001743 
872.263785 -0.001553 
871.096674 -0.001499 
869.929562 -0.001451 
868.762450 -0.001446 
867.595338 -0.001408 
866.428227 -0.001249 
865.261115 -0.001138 
864.094003 -0.001170 
862.926891 -0.001006 
861.759780 -0.000860 
860.592668 -0.000783 
859.425556 -0.000697 
858.258444 -0.000573 
857.091333 -0.000536 
855.924221 -0.000494 
854.757109 -0.000364 
853.589997 -0.000342 
852.422886 -0.000209 
851.255774 -0.000260 
850.088662 -0.000269 
848.921551 -0.000251 
847.754439 -0.000164 
846.587327 -0.000193 
845.420215 -0.000151 
844.253104 -0.000177 
843.085992 -0.000215 
841.918880 -0.000128 
840.751768 -0.000112 
839.584657 -0.000124 
838.417545 -0.000020 
837.250433 -0.000006 
836.083321 0.000002 
834.916210 0.000149 
833.749098 0.000114 
832.581986 0.000025 
831.414874 0.000109 
830.247763 0.000195 
829.080651 0.000268 
827.913539 0.000293 
826.746428 0.000256 
825.579316 0.000204 
824.412204 0.000189 
823.245092 0.000221 
822.077981 0.000237 
820.910869 0.000194 
819.743757 0.000200 
818.576645 0.000308 
817.409534 0.000374 
816.242422 0.000336 
815.075310 0.000284 
813.908198 0.000319 
812.741087 0.000341 
811.573975 0.000334 
810.406863 0.000284 
809.239751 0.000304 
808.072640 0.000235 
806.905528 0.000145 
805.738416 0.000342 
804.571305 0.000313 
803.404193 0.000232 
802.237081 0.000055 
801.069969 0.000198 
799.902858 0.000307 
798.735746 0.000131 
797.568634 0.000148 
796.401522 0.000203 
795.234411 0.000161 
794.067299 0.000154 
792.900187 0.000122 
791.733075 0.000090 
790.565964 0.000093 
789.398852 0.000072 
788.231740 -0.000036 
787.064628 0.000048 
785.897517 -0.000024 
784.730405 0.000027 
783.563293 0.000155 
782.396181 0.000094 
781.229070 0.000102 
780.061958 0.000011 
778.894846 0.000004 
777.727735 0.000072 
776.560623 -0.000019 
775.393511 -0.000118 
774.226399 -0.000166 
773.059288 -0.000140 
771.892176 -0.000124 
770.725064 -0.000129 
769.557952 -0.000073 
768.390841 0.000047 
767.223729 0.000072 
766.056617 -0.000150 
764.889505 -0.000179 
763.722394 -0.000147 
762.555282 -0.000092 
761.388170 -0.000072 
760.221058 -0.000273 
759.053947 -0.000293 
757.886835 -0.000113 
756.719723 -0.000144 
755.552612 -0.000099 
754.385500 -0.000139 
753.218388 -0.000204 
752.051276 -0.000150 
750.884165 -0.000019 
749.717053 -0.000127 
748.549941 -0.000123 
747.382829 -0.000203 
746.215718 -0.000239 
745.048606 -0.000331 
743.881494 -0.000273 
742.714382 -0.000289 
741.547271 -0.000185 
740.380159 -0.000105 
739.213047 -0.000150 
738.045935 -0.000141 
736.878824 -0.000224 
735.711712 -0.000039 
734.544600 -0.000062 
733.377489 -0.000119 
732.210377 -0.000246 
731.043265 -0.000235 
729.876153 -0.000183 
728.709042 -0.000219 
727.541930 -0.000289 
726.374818 -0.000247 
725.207706 -0.000241 
724.040595 -0.000167 
722.873483 -0.000227 
721.706371 -0.000083 
720.539259 -0.000130 
719.372148 -0.000168 
718.205036 -0.000016 
717.037924 0.000092 
715.870812 0.000028 
714.703701 0.000028 
713.536589 -0.000118 
712.369477 -0.000044 
711.202366 0.000000 
710.035254 0.000051 
708.868142 0.000036 
707.701030 -0.000040 
706.533919 0.000016 
705.366807 0.000018 
704.199695 -0.000019 
703.032583 0.000158 
701.865472 0.000223 
700.698360 0.000136 
699.531248 0.000150 
698.364136 0.000199 
697.197025 0.000181 
696.029913 0.000145 
694.862801 0.000093 
693.695689 0.000096 
692.528578 0.000056 
691.361466 0.000032 
690.194354 -0.000011 
689.027242 0.000007 
687.860131 0.000070 
686.693019 0.000228 
685.525907 0.000328 
684.358796 0.000568 
683.191684 0.000456 
682.024572 0.000157 
680.857460 0.000143 
679.690349 0.000316 
678.523237 0.000336 
677.356125 0.000219 
676.189013 0.000199 
675.021902 0.000306 
673.854790 0.000183 
672.687678 0.000134 
671.520566 0.000286 
670.353455 0.000104 
669.186343 -0.000328 
668.019231 -0.000532 
666.852119 -0.000489 
665.685008 -0.000572 
664.517896 -0.000444 
663.350784 -0.000241 
662.183673 -0.000062 
661.016561 -0.000088 
659.849449 -0.000051 
658.682337 -0.000095 
657.515226 -0.000157 
656.348114 -0.000170 
655.181002 -0.000274 
654.013890 -0.000307 
652.846779 -0.000352 
651.679667 -0.000399 
650.512555 -0.000392 
649.345443 -0.000193 
648.178332 -0.000159 
647.011220 -0.000211 
645.844108 -0.000023 
644.676996 0.000043 
643.509885 -0.000184 
642.342773 -0.000334 
641.175661 -0.000330 
640.008550 -0.000420 
638.841438 -0.000605 
637.674326 -0.000548 
636.507214 -0.000887 
635.340103 -0.000920 
634.172991 -0.000771 
633.005879 -0.000949 
631.838767 -0.000671 
630.671656 -0.000602 
629.504544 -0.000613 
628.337432 -0.000453 
627.170320 -0.000114 
626.003209 -0.000088 
624.836097 0.000129 
623.668985 0.000132 
622.501873 0.000031 
621.334762 0.000050 
620.167650 0.000298 
619.000538 0.000192 
617.833426 0.000160 
616.666315 0.000343 
615.499203 0.000254 
614.332091 0.000311 
613.164980 0.000431 
611.997868 0.000327 
610.830756 0.000258 
609.663644 0.000337 
608.496533 0.000263 
607.329421 0.000244 
606.162309 0.000205 
604.995197 0.000185 
603.828086 0.000276 
602.660974 0.000340 
601.493862 0.000247 
600.326750 0.000391 
599.159639 0.000433 
597.992527 0.000577 
596.825415 0.000133 
595.658303 -0.000130 
594.491192 -0.000029 
593.324080 -0.000030 
592.156968 -0.000131 
590.989857 -0.000274 
589.822745 -0.000227 
588.655633 -0.000242 
587.488521 -0.000184 
586.321410 -0.000031 
585.154298 -0.000003 
583.987186 -0.000200 
582.820074 -0.000155 
581.652963 -0.000333 
580.485851 -0.000400 
579.318739 -0.000083 
578.151627 0.000230 
576.984516 0.000359 
575.817404 0.000167 
574.650292 -0.000011 
573.483180 0.000165 
572.316069 0.000395 
571.148957 -0.000719 
569.981845 -0.000823 
568.814734 -0.000359 
567.647622 -0.000452 
566.480510 -0.000585 
565.313398 -0.000167 
564.146287 -0.000387 
562.979175 0.000221 
561.812063 0.000681 
560.644951 0.000974 
559.477840 0.000428 
558.310728 -0.000259 
557.143616 0.001134 
555.976504 0.000117 
554.809393 0.000247 
553.642281 0.000165 
552.475169 -0.000119 
551.308057 -0.000907 
550.140946 -0.001172 
548.973834 0.000717 
547.806722 0.000495 
546.639611 -0.000398 
545.472499 -0.000138 
544.305387 -0.000779 
543.138275 -0.000676 
541.971164 0.000043 
540.804052 0.000867 
539.636940 0.000445 
538.469828 0.000100 
537.302717 -0.000355 
536.135605 -0.000370 
534.968493 0.000589 
533.801381 0.001322 
532.634270 0.000823 
531.467158 0.001472 
530.300046 0.001548 
529.132934 0.000854 
527.965823 -0.000199 
526.798711 -0.000221 
525.631599 0.000121 
524.464487 0.001030 
523.297376 0.000501 
522.130264 0.001007 
520.963152 0.001913 
519.796041 0.001944 
518.628929 0.002212 
517.461817 0.002375 
516.294705 0.002217 
515.127594 0.001548 
513.960482 0.000903 
512.793370 0.000371 
511.626258 0.000492 
510.459147 0.000555 
509.292035 0.000490 
508.124923 0.000114 
506.957811 0.000790 
505.790700 0.000737 
504.623588 0.001151 
503.456476 0.001425 
502.289364 0.000506 
501.122253 0.000127 
499.955141 0.001242 
