4000.12324	-2.71293E-5
3998.95613	-5.01577E-5
3997.78902	1.26183E-5
3996.62191	3.09148E-5
3995.4548	-2.90221E-5
3994.28768	1.5142E-5
3993.12057	8.20189E-6
3991.95346	-2.11356E-5
3990.78635	3.47003E-5
3989.61924	7.85489E-5
3988.45212	4.51104E-5
3987.28501	8.35962E-5
3986.1179	-3.15457E-6
3984.95079	9.46372E-6
3983.78368	-1.89274E-5
3982.61657	2.30284E-5
3981.44945	-2.77603E-5
3980.28234	2.93375E-5
3979.11523	3.78549E-5
3977.94812	7.25552E-6
3976.78101	-2.49211E-5
3975.6139	-1.64038E-5
3974.44678	2.46057E-5
3973.27967	-3.09148E-5
3972.11256	-2.74448E-5
3970.94545	-2.9653E-5
3969.77834	-5.29968E-5
3968.61123	-3.43849E-5
3967.44411	1.04101E-5
3966.277	2.49211E-5
3965.10989	-3.78549E-6
3963.94278	-4.38486E-5
3962.77567	-4.4164E-5
3961.60855	6.30915E-6
3960.44144	1.00946E-5
3959.27433	6.30915E-7
3958.10722	-2.74448E-5
3956.94011	-4.70032E-5
3955.773	-4.4795E-5
3954.60588	2.93375E-5
3953.43877	-5.67823E-6
3952.27166	2.23975E-5
3951.10455	1.1041E-5
3949.93744	1.60883E-5
3948.77033	1.89274E-6
3947.60321	-3.09148E-5
3946.4361	-2.17666E-5
3945.26899	-7.57098E-6
3944.10188	-3.43849E-5
3942.93477	-3.15457E-6
3941.76766	3.05994E-5
3940.60054	4.4164E-6
3939.43343	3.12303E-5
3938.26632	4.51104E-5
3937.09921	5.5836E-5
3935.9321	2.64984E-5
3934.76498	4.85804E-5
3933.59787	1.4511E-5
3932.43076	1.89274E-5
3931.26365	-1.1041E-5
3930.09654	2.2082E-5
3928.92943	2.71293E-5
3927.76231	5.61514E-5
3926.5952	3.05994E-5
3925.42809	1.23028E-5
3924.26098	-5.36278E-6
3923.09387	1.16719E-5
3921.92676	0
3920.75964	-5.67823E-6
3919.59253	-2.87066E-5
3918.42542	-2.05047E-5
3917.25831	4.8265E-5
3916.0912	3.62776E-5
3914.92409	4.25868E-5
3913.75697	-5.67823E-6
3912.58986	2.36593E-5
3911.42275	4.32177E-5
3910.25564	8.42271E-5
3909.08853	8.73817E-5
3907.92141	6.05678E-5
3906.7543	1.41956E-5
3905.58719	2.14511E-5
3904.42008	6.49842E-5
3903.25297	-3.81703E-5
3902.08586	2.42902E-5
3900.91874	-1.19874E-5
3899.75163	2.17666E-5
3898.58452	3.59621E-5
3897.41741	2.33438E-5
3896.2503	-1.89274E-5
3895.08319	-1.89274E-5
3893.91607	-4.35331E-5
3892.74896	-6.49842E-5
3891.58185	-5.83596E-5
3890.41474	-2.64984E-5
3889.24763	-3.7224E-5
3888.08052	-2.83912E-5
3886.9134	-4.63722E-5
3885.74629	-1.67192E-5
3884.57918	-2.77603E-5
3883.41207	-6.65615E-5
3882.24496	-3.53312E-5
3881.07784	-4.66877E-5
3879.91073	-2.23975E-5
3878.74362	-5.39432E-5
3877.57651	-6.40379E-5
3876.4094	-4.22713E-5
3875.24229	-6.30915E-6
3874.07517	-8.99054E-5
3872.90806	-3.84858E-5
3871.74095	-1.89274E-6
3870.57384	-1.10095E-4
3869.40673	-1.0694E-4
3868.23962	-4.54259E-5
3867.0725	1.57729E-5
3865.90539	-4.00631E-5
3864.73828	-5.1735E-5
3863.57117	-9.49527E-5
3862.40406	-9.02208E-5
3861.23695	-8.51735E-5
3860.06983	-2.36593E-5
3858.90272	-5.04732E-5
3857.73561	-1.19874E-5
3856.5685	-3.7224E-5
3855.40139	-1.89274E-5
3854.23427	-8.01262E-5
3853.06716	-7.35016E-5
3851.90005	-5.61514E-5
3850.73294	-5.9306E-5
3849.56583	-4.03785E-5
3848.39872	-9.77918E-6
3847.2316	1.29338E-5
3846.06449	1.54574E-5
3844.89738	-1.16719E-5
3843.73027	3.12303E-5
3842.56316	4.98423E-5
3841.39605	1.79811E-5
3840.22893	1.5142E-5
3839.06182	6.62461E-6
3837.89471	-4.79495E-5
3836.7276	-3.15457E-6
3835.56049	-2.05047E-5
3834.39338	-4.10095E-6
3833.22626	2.52366E-6
3832.05915	1.38801E-5
3830.89204	7.57098E-6
3829.72493	1.98738E-5
3828.55782	2.83912E-6
3827.3907	1.23028E-5
3826.22359	1.00946E-5
3825.05648	1.1041E-5
3823.88937	6.30915E-6
3822.72226	5.48896E-5
3821.55515	9.46372E-5
3820.38803	6.21451E-5
3819.22092	5.20505E-5
3818.05381	4.88959E-5
3816.8867	4.95268E-5
3815.71959	1.67192E-5
3814.55248	5.07886E-5
3813.38536	4.98423E-5
3812.21825	4.8265E-5
3811.05114	3.84858E-5
3809.88403	2.52366E-5
3808.71692	-8.51735E-6
3807.54981	1.70347E-5
3806.38269	3.15457E-5
3805.21558	9.46372E-5
3804.04847	6.34069E-5
3802.88136	5.26814E-5
3801.71425	8.51735E-6
3800.54713	1.38801E-5
3799.38002	5.39432E-5
3798.21291	5.9306E-5
3797.0458	2.80757E-5
3795.87869	1.16719E-5
3794.71158	1.54574E-5
3793.54446	4.10095E-6
3792.37735	6.81388E-5
3791.21024	4.13249E-5
3790.04313	4.60568E-5
3788.87602	9.14826E-6
3787.70891	1.8612E-5
3786.54179	1.54574E-5
3785.37468	3.21767E-5
3784.20757	3.28076E-5
3783.04046	6.18297E-5
3781.87335	1.26183E-6
3780.70624	5.14196E-5
3779.53912	-1.8612E-5
3778.37201	8.20189E-6
3777.2049	7.0347E-5
3776.03779	4.29022E-5
3774.87068	7.53943E-5
3773.70356	2.6183E-5
3772.53645	3.81703E-5
3771.36934	2.23975E-5
3770.20223	2.01893E-5
3769.03512	3.47003E-6
3767.86801	4.98423E-5
3766.70089	1.32492E-5
3765.53378	-2.2082E-6
3764.36667	1.64038E-5
3763.19956	4.03785E-5
3762.03245	5.77287E-5
3760.86534	3.65931E-5
3759.69822	-1.19874E-5
3758.53111	1.04101E-5
3757.364	3.62776E-5
3756.19689	0
3755.02978	-3.78549E-6
3753.86267	-2.23975E-5
3752.69555	-3.21767E-5
3751.52844	-2.90221E-5
3750.36133	-1.48265E-5
3749.19422	-4.03785E-5
3748.02711	2.71293E-5
3746.85999	-3.15457E-7
3745.69288	-8.51735E-6
3744.52577	-7.98107E-5
3743.35866	-9.46372E-7
3742.19155	3.78549E-5
3741.02444	2.27129E-5
3739.85732	1.89274E-5
3738.69021	-1.26183E-5
3737.5231	1.57729E-5
3736.35599	-1.73502E-5
3735.18888	-1.23028E-5
3734.02177	1.4511E-5
3732.85465	5.04732E-6
3731.68754	1.98738E-5
3730.52043	1.54574E-5
3729.35332	4.73186E-6
3728.18621	2.42902E-5
3727.0191	3.78549E-5
3725.85198	9.93691E-5
3724.68487	8.99054E-5
3723.51776	5.20505E-5
3722.35065	3.59621E-5
3721.18354	2.42902E-5
3720.01642	2.39748E-5
3718.84931	8.20189E-5
3717.6822	1.40379E-4
3716.51509	1.80442E-4
3715.34798	2.94953E-4
3714.18087	4.03155E-4
3713.01375	5.50158E-4
3711.84664	8.44479E-4
3710.67953	0.00163
3709.51242	0.00311
3708.34531	0.00532
3707.1782	0.00581
3706.01108	0.00384
3704.84397	0.00191
3703.67686	8.58675E-4
3702.50975	4.5836E-4
3701.34264	2.32808E-4
3700.17553	1.90536E-4
3699.00841	1.4511E-4
3697.8413	6.71924E-5
3696.67419	4.10095E-5
3695.50708	9.81073E-5
3694.33997	9.87382E-5
3693.17285	1.57729E-4
3692.00574	1.7918E-4
3690.83863	2.49527E-4
3689.67152	4.07256E-4
3688.50441	6.14511E-4
3687.3373	9.64353E-4
3686.17018	0.00121
3685.00307	0.00117
3683.83596	0.00101
3682.66885	9.28076E-4
3681.50174	8.99054E-4
3680.33463	8.5489E-4
3679.16751	7.68454E-4
3678.0004	8.32808E-4
3676.83329	9.16719E-4
3675.66618	0.00102
3674.49907	0.00114
3673.33196	0.00107
3672.16484	7.97792E-4
3670.99773	5.01577E-4
3669.83062	3.73817E-4
3668.66351	3.01262E-4
3667.4964	2.06309E-4
3666.32928	2.0347E-4
3665.16217	2.11356E-4
3663.99506	2.02208E-4
3662.82795	2.33438E-4
3661.66084	2.29653E-4
3660.49373	2.71609E-4
3659.32661	2.18612E-4
3658.1595	2.21767E-4
3656.99239	2.01893E-4
3655.82528	1.94322E-4
3654.65817	2.08833E-4
3653.49106	2.04101E-4
3652.32394	2.41009E-4
3651.15683	2.04101E-4
3649.98972	1.76972E-4
3648.82261	1.78549E-4
3647.6555	1.52997E-4
3646.48839	1.23975E-4
3645.32127	1.36909E-4
3644.15416	1.30599E-4
3642.98705	1.36593E-4
3641.81994	6.30915E-5
3640.65283	6.37224E-5
3639.48571	3.84858E-5
3638.3186	9.30599E-5
3637.15149	6.49842E-5
3635.98438	1.5489E-4
3634.81727	2.64669E-4
3633.65016	4.92744E-4
3632.48304	8.07256E-4
3631.31593	0.00109
3630.14882	9.89274E-4
3628.98171	5.53312E-4
3627.8146	2.83281E-4
3626.64749	1.52681E-4
3625.48037	7.0347E-5
3624.31326	3.12303E-5
3623.14615	6.34069E-5
3621.97904	5.1735E-5
3620.81193	9.52681E-5
3619.64482	1.59937E-4
3618.4777	6.27445E-4
3617.31059	0.0011
3616.14348	6.85804E-4
3614.97637	2.08517E-4
3613.80926	6.08833E-5
3612.64214	1.95584E-5
3611.47503	-6.43533E-5
3610.30792	-2.9653E-5
3609.14081	-7.44479E-5
3607.9737	-6.56151E-5
3606.80659	-6.21451E-5
3605.63947	-4.10095E-5
3604.47236	-4.85804E-5
3603.30525	5.36278E-6
3602.13814	-3.62776E-5
3600.97103	-3.18612E-5
3599.80392	2.36593E-5
3598.6368	9.14826E-5
3597.46969	1.04101E-4
3596.30258	5.83596E-5
3595.13547	-1.4511E-5
3593.96836	-2.80757E-5
3592.80125	-2.55521E-5
3591.63413	-3.65931E-5
3590.46702	-2.93375E-5
3589.29991	-2.93375E-5
3588.1328	-6.15142E-5
3586.96569	-7.12934E-5
3585.79857	-4.57413E-5
3584.63146	-1.92429E-5
3583.46435	-1.04101E-5
3582.29724	-5.29968E-5
3581.13013	-6.71924E-5
3579.96302	3.78549E-6
3578.7959	3.53312E-5
3577.62879	3.47003E-5
3576.46168	1.26183E-5
3575.29457	6.30915E-5
3574.12746	5.01577E-5
3572.96035	4.10095E-6
3571.79323	3.75394E-5
3570.62612	6.97161E-5
3569.45901	-1.26183E-5
3568.2919	-1.16719E-5
3567.12479	-2.17666E-5
3565.95768	-3.47003E-6
3564.79056	-3.15457E-6
3563.62345	2.2082E-6
3562.45634	-2.30284E-5
3561.28923	-2.55521E-5
3560.12212	-2.80757E-5
3558.955	-6.71924E-5
3557.78789	-2.77603E-5
3556.62078	-9.46372E-6
3555.45367	-2.55521E-5
3554.28656	-5.67823E-6
3553.11945	-5.67823E-6
3551.95233	-5.9306E-5
3550.78522	-9.43218E-5
3549.61811	-5.29968E-5
3548.451	-5.89905E-5
3547.28389	-9.40063E-5
3546.11678	-4.22713E-5
3544.94966	-2.36593E-5
3543.78255	-2.58675E-5
3542.61544	-2.52366E-6
3541.44833	3.91167E-5
3540.28122	4.25868E-5
3539.11411	1.01262E-4
3537.94699	1.44795E-4
3536.77988	2.39748E-4
3535.61277	2.89905E-4
3534.44566	2.98107E-4
3533.27855	3.42587E-4
3532.11143	3.22713E-4
3530.94432	3.80126E-4
3529.77721	3.97161E-4
3528.6101	3.66562E-4
3527.44299	3.87382E-4
3526.27588	4.01893E-4
3525.10876	4.28707E-4
3523.94165	4.12303E-4
3522.77454	3.95584E-4
3521.60743	3.9306E-4
3520.44032	3.77287E-4
3519.27321	3.92429E-4
3518.10609	4.23344E-4
3516.93898	3.85174E-4
3515.77187	4.12303E-4
3514.60476	4.48896E-4
3513.43765	5.12618E-4
3512.27054	5.87382E-4
3511.10342	7.21767E-4
3509.93631	8.50473E-4
3508.7692	8.1735E-4
3507.60209	7.30599E-4
3506.43498	6.26183E-4
3505.26786	5.99369E-4
3504.10075	5.77918E-4
3502.93364	5.73502E-4
3501.76653	6.07886E-4
3500.59942	6.40063E-4
3499.43231	7.12934E-4
3498.26519	7.89905E-4
3497.09808	8.61514E-4
3495.93097	9.87066E-4
3494.76386	0.00104
3493.59675	0.00108
3492.42964	9.65615E-4
3491.26252	8.36909E-4
3490.09541	7.3817E-4
3488.9283	6.59621E-4
3487.76119	5.40379E-4
3486.59408	4.53943E-4
3485.42697	3.88013E-4
3484.25985	3.72871E-4
3483.09274	3.11356E-4
3481.92563	2.67192E-4
3480.75852	2.81388E-4
3479.59141	2.85489E-4
3478.42429	2.48265E-4
3477.25718	2.52997E-4
3476.09007	2.23659E-4
3474.92296	1.61199E-4
3473.75585	1.35016E-4
3472.58874	1.00946E-4
3471.42162	1.67508E-4
3470.25451	1.35962E-4
3469.0874	1.34069E-4
3467.92029	1.59306E-4
3466.75318	1.90536E-4
3465.58607	2.03155E-4
3464.41895	1.56467E-4
3463.25184	1.29022E-4
3462.08473	9.55836E-5
3460.91762	1.23028E-4
3459.75051	5.45741E-5
3458.5834	9.93691E-5
3457.41628	1.07256E-4
3456.24917	8.1388E-5
3455.08206	4.54259E-5
3453.91495	6.52997E-5
3452.74784	3.88013E-5
3451.58072	3.7224E-5
3450.41361	5.36278E-6
3449.2465	4.79495E-5
3448.07939	6.34069E-5
3446.91228	8.29653E-5
3445.74517	7.69716E-5
3444.57805	5.9306E-5
3443.41094	4.79495E-5
3442.24383	4.88959E-5
3441.07672	4.66877E-5
3439.90961	1.54574E-5
3438.7425	1.92429E-5
3437.57538	2.33438E-5
3436.40827	1.4511E-5
3435.24116	-2.2082E-6
3434.07405	-2.17666E-5
3432.90694	-4.0694E-5
3431.73983	-1.73502E-5
3430.57271	-7.88644E-6
3429.4056	2.05047E-5
3428.23849	4.57413E-5
3427.07138	1.41956E-5
3425.90427	9.14826E-6
3424.73715	-7.57098E-6
3423.57004	2.42902E-5
3422.40293	1.41956E-5
3421.23582	1.38801E-5
3420.06871	-2.33438E-5
3418.9016	3.15457E-7
3417.73448	1.89274E-6
3416.56737	7.88644E-6
3415.40026	-9.77918E-6
3414.23315	1.48265E-5
3413.06604	1.41956E-5
3411.89893	4.22713E-5
3410.73182	1.13565E-5
3409.5647	-1.8612E-5
3408.39759	3.47003E-5
3407.23048	-3.78549E-6
3406.06337	1.54574E-5
3404.89626	5.11041E-5
3403.72914	5.9306E-5
3402.56203	-1.95584E-5
3401.39492	0
3400.22781	3.15457E-7
3399.0607	7.57098E-6
3397.89358	-1.89274E-6
3396.72647	-1.32492E-5
3395.55936	-6.30915E-6
3394.39225	-4.03785E-5
3393.22514	-4.13249E-5
3392.05803	-3.88013E-5
3390.89091	-3.21767E-5
3389.7238	-3.09148E-5
3388.55669	-4.29022E-5
3387.38958	-5.86751E-5
3386.22247	-5.1735E-5
3385.05536	-2.27129E-5
3383.88825	-1.35647E-5
3382.72113	1.26183E-6
3381.55402	-6.94006E-6
3380.38691	-4.73186E-5
3379.2198	-2.27129E-5
3378.05269	-4.29022E-5
3376.88557	-3.43849E-5
3375.71846	-5.80442E-5
3374.55135	-2.68139E-5
3373.38424	-6.30915E-6
3372.21713	-2.55521E-5
3371.05001	-3.12303E-5
3369.8829	-7.31861E-5
3368.71579	-2.46057E-5
3367.54868	-2.49211E-5
3366.38157	-5.99369E-6
3365.21446	-5.36278E-6
3364.04734	-5.61514E-5
3362.88023	-8.64353E-5
3361.71312	-2.9653E-5
3360.54601	-4.19558E-5
3359.3789	-3.69085E-5
3358.21179	-1.19874E-5
3357.04468	-9.46372E-6
3355.87756	-5.33123E-5
3354.71045	-8.76972E-5
3353.54334	-6.30915E-7
3352.37623	4.10095E-6
3351.20912	-2.2082E-6
3350.042	-3.50158E-5
3348.87489	-2.6183E-5
3347.70778	-2.52366E-6
3346.54067	-2.83912E-6
3345.37356	-3.62776E-5
3344.20644	-4.76341E-5
3343.03933	-6.40379E-5
3341.87222	-2.01893E-5
3340.70511	-2.2082E-5
3339.538	-1.13565E-5
3338.37089	-3.18612E-5
3337.20377	-6.97161E-5
3336.03666	-4.44795E-5
3334.86955	-1.19874E-5
3333.70244	-5.99369E-6
3332.53533	-2.58675E-5
3331.36822	-7.25552E-6
3330.20111	1.48265E-5
3329.03399	2.42902E-5
3327.86688	-1.1041E-5
3326.69977	6.30915E-6
3325.53266	-2.90221E-5
3324.36555	4.10095E-6
3323.19843	6.30915E-6
3322.03132	1.48265E-5
3320.86421	-3.40694E-5
3319.6971	-2.30284E-5
3318.52999	5.99369E-6
3317.36288	-8.83281E-6
3316.19576	4.4164E-6
3315.02865	-1.13565E-5
3313.86154	9.77918E-6
3312.69443	-2.11356E-5
3311.52732	4.4164E-6
3310.3602	6.30915E-7
3309.19309	2.83912E-5
3308.02598	2.87066E-5
3306.85887	1.57729E-5
3305.69176	-9.14826E-6
3304.52465	1.1041E-5
3303.35754	4.03785E-5
3302.19042	3.81703E-5
3301.02331	-5.67823E-6
3299.8562	1.04101E-5
3298.68909	3.53312E-5
3297.52198	2.01893E-5
3296.35486	3.12303E-5
3295.18775	6.30915E-7
3294.02064	2.74448E-5
3292.85353	1.4511E-5
3291.68642	1.13565E-5
3290.51931	3.97476E-5
3289.35219	1.82965E-5
3288.18508	-6.08833E-5
3287.01797	-3.88013E-5
3285.85086	-3.59621E-5
3284.68375	-2.08202E-5
3283.51663	-3.3123E-5
3282.34952	-1.76656E-5
3281.18241	6.30915E-6
3280.0153	-5.83596E-5
3278.84819	-5.07886E-5
3277.68108	-3.53312E-5
3276.51397	-1.4511E-5
3275.34685	-4.13249E-5
3274.17974	-3.56467E-5
3273.01263	-3.09148E-5
3271.84552	-3.59621E-5
3270.67841	-7.16088E-5
3269.51129	-8.23344E-5
3268.34418	-7.35016E-5
3267.17707	-6.08833E-5
3266.00996	-5.33123E-5
3264.84285	-3.34385E-5
3263.67574	-2.80757E-5
3262.50862	-4.13249E-5
3261.34151	-5.70978E-5
3260.1744	-3.28076E-5
3259.00729	-2.74448E-5
3257.84018	-3.59621E-5
3256.67306	-4.4795E-5
3255.50595	-7.50789E-5
3254.33884	-5.29968E-5
3253.17173	-4.4164E-5
3252.00462	4.10095E-6
3250.83751	-1.54574E-5
3249.6704	-1.60883E-5
3248.50328	-2.68139E-5
3247.33617	3.78549E-6
3246.16906	-2.05047E-5
3245.00195	-4.16404E-5
3243.83484	-5.36278E-6
3242.66772	-3.78549E-6
3241.50061	-2.90221E-5
3240.3335	-4.4164E-6
3239.16639	5.99369E-6
3237.99928	6.62461E-6
3236.83217	2.99685E-5
3235.66505	1.73502E-5
3234.49794	3.15457E-5
3233.33083	1.89274E-6
3232.16372	-2.52366E-6
3230.99661	1.1041E-5
3229.82949	2.80757E-5
3228.66238	4.88959E-5
3227.49527	3.09148E-5
3226.32816	3.88013E-5
3225.16105	4.57413E-5
3223.99394	4.66877E-5
3222.82683	5.04732E-5
3221.65971	5.61514E-5
3220.4926	2.33438E-5
3219.32549	3.75394E-5
3218.15838	3.47003E-6
3216.99127	2.83912E-6
3215.82415	2.46057E-5
3214.65704	4.8265E-5
3213.48993	3.24921E-5
3212.32282	1.64038E-5
3211.15571	1.48265E-5
3209.9886	6.94006E-6
3208.82148	3.40694E-5
3207.65437	5.70978E-5
3206.48726	5.67823E-5
3205.32015	4.79495E-5
3204.15304	7.22397E-5
3202.98592	8.5489E-5
3201.81881	1.03785E-4
3200.6517	4.98423E-5
3199.48459	6.81388E-5
3198.31748	5.20505E-5
3197.15037	2.55521E-5
3195.98326	1.13565E-5
3194.81614	-1.57729E-6
3193.64903	5.36278E-6
3192.48192	1.29338E-5
3191.31481	2.36593E-5
3190.1477	2.42902E-5
3188.98058	-2.27129E-5
3187.81347	-3.43849E-5
3186.64636	2.55521E-5
3185.47925	-3.78549E-6
3184.31214	3.53312E-5
3183.14503	1.57729E-6
3181.97791	-2.2082E-5
3180.8108	3.15457E-7
3179.64369	2.42902E-5
3178.47658	1.82965E-5
3177.30947	1.8612E-5
3176.14235	-1.54574E-5
3174.97524	-9.14826E-6
3173.80813	-5.36278E-6
3172.64102	-3.47003E-6
3171.47391	1.07256E-5
3170.3068	-7.25552E-6
3169.13969	1.07256E-5
3167.97257	3.69085E-5
3166.80546	2.87066E-5
3165.63835	-8.20189E-6
3164.47124	-1.32492E-5
3163.30413	-1.79811E-5
3162.13701	2.14511E-5
3160.9699	1.89274E-6
3159.80279	-7.25552E-6
3158.63568	-3.18612E-5
3157.46857	1.23028E-5
3156.30146	6.30915E-7
3155.13434	-8.51735E-6
3153.96723	-1.38801E-5
3152.80012	-2.71293E-5
3151.63301	-4.25868E-5
3150.4659	-1.89274E-5
3149.29878	-2.52366E-6
3148.13167	3.47003E-6
3146.96456	-3.47003E-6
3145.79745	-2.83912E-6
3144.63034	1.1041E-5
3143.46323	-1.54574E-5
3142.29612	-1.89274E-6
3141.129	-7.88644E-6
3139.96189	2.83912E-6
3138.79478	-6.30915E-6
3137.62767	-1.95584E-5
3136.46056	-2.27129E-5
3135.29344	-1.67192E-5
3134.12633	1.00946E-5
3132.95922	1.57729E-6
3131.79211	-2.83912E-6
3130.625	-1.16719E-5
3129.45789	3.12303E-5
3128.29077	3.05994E-5
3127.12366	1.70347E-5
3125.95655	-2.6183E-5
3124.78944	-3.05994E-5
3123.62233	-7.88644E-6
3122.45521	-2.27129E-5
3121.2881	-1.76656E-5
3120.12099	3.15457E-6
3118.95388	1.57729E-6
3117.78677	-1.76656E-5
3116.61966	-5.96215E-5
3115.45255	-6.56151E-5
3114.28543	-1.89274E-6
3113.11832	-1.54574E-5
3111.95121	-1.64038E-5
3110.7841	-2.39748E-5
3109.61699	-1.4511E-5
3108.44987	-1.95584E-5
3107.28276	-2.11356E-5
3106.11565	-3.3123E-5
3104.94854	0
3103.78143	-3.78549E-6
3102.61432	-2.71293E-5
3101.4472	-2.68139E-5
3100.28009	2.52366E-6
3099.11298	6.94006E-6
3097.94587	-1.16719E-5
3096.77876	-2.55521E-5
3095.61164	-1.89274E-5
3094.44453	-1.32492E-5
3093.27742	-4.22713E-5
3092.11031	-7.09779E-5
3090.9432	-3.24921E-5
3089.77609	-3.62776E-5
3088.60898	-6.18297E-5
3087.44186	-3.75394E-5
3086.27475	-5.07886E-5
3085.10764	-3.02839E-5
3083.94053	-4.95268E-5
3082.77342	-4.70032E-5
3081.6063	-4.95268E-5
3080.43919	-3.78549E-5
3079.27208	-3.59621E-5
3078.10497	-7.16088E-5
3076.93786	-3.78549E-5
3075.77075	-4.85804E-5
3074.60363	-5.83596E-5
3073.43652	-3.34385E-5
3072.26941	-3.78549E-6
3071.1023	-2.17666E-5
3069.93519	-2.83912E-5
3068.76807	-5.04732E-5
3067.60096	-5.67823E-5
3066.43385	-4.0694E-5
3065.26674	-4.51104E-5
3064.09963	-2.52366E-5
3062.93252	-2.6183E-5
3061.76541	-3.47003E-6
3060.59829	-2.77603E-5
3059.43118	-2.90221E-5
3058.26407	-5.42587E-5
3057.09696	-5.48896E-5
3055.92985	-5.83596E-5
3054.76273	-4.22713E-5
3053.59562	-5.5836E-5
3052.42851	-6.05678E-5
3051.2614	-5.55205E-5
3050.09429	-3.40694E-5
3048.92718	-2.58675E-5
3047.76006	-3.75394E-5
3046.59295	-1.73502E-5
3045.42584	-2.17666E-5
3044.25873	-5.26814E-5
3043.09162	-6.65615E-5
3041.9245	-2.55521E-5
3040.75739	-2.87066E-5
3039.59028	-4.57413E-5
3038.42317	-2.36593E-5
3037.25606	9.46372E-6
3036.08895	0
3034.92184	-1.04101E-5
3033.75472	-3.34385E-5
3032.58761	-9.77918E-6
3031.4205	6.62461E-6
3030.25339	1.1041E-5
3029.08628	1.26183E-5
3027.91916	1.23028E-5
3026.75205	-2.52366E-6
3025.58494	-3.15457E-7
3024.41783	-1.41956E-5
3023.25072	-1.79811E-5
3022.08361	-6.62461E-6
3020.91649	2.6183E-5
3019.74938	3.88013E-5
3018.58227	1.29338E-5
3017.41516	2.87066E-5
3016.24805	9.46372E-6
3015.08093	4.95268E-5
3013.91382	5.23659E-5
3012.74671	9.58991E-5
3011.5796	1.26814E-4
3010.41249	1.71293E-4
3009.24538	2.38801E-4
3008.07827	3.16404E-4
3006.91115	3.99369E-4
3005.74404	4.75079E-4
3004.57693	5.66246E-4
3003.40982	6.5489E-4
3002.24271	8.43218E-4
3001.07559	0.00103
2999.90848	0.00123
2998.74137	0.00143
2997.57426	0.00174
2996.40715	0.00221
2995.24004	0.00276
2994.07292	0.00294
2992.90581	0.00271
2991.7387	0.00218
2990.57159	0.00158
2989.40448	0.00125
2988.23737	0.0011
2987.07025	9.75394E-4
2985.90314	7.94322E-4
2984.73603	5.80442E-4
2983.56892	4.29022E-4
2982.40181	3.6183E-4
2981.2347	2.68454E-4
2980.06758	2.08517E-4
2978.90047	1.75394E-4
2977.73336	1.63407E-4
2976.56625	1.52366E-4
2975.39914	1.39748E-4
2974.23202	1.44164E-4
2973.06491	1.347E-4
2971.8978	1.60568E-4
2970.73069	1.71293E-4
2969.56358	1.84227E-4
2968.39647	1.67508E-4
2967.22935	1.77287E-4
2966.06224	1.62145E-4
2964.89513	1.87697E-4
2963.72802	1.86435E-4
2962.56091	1.95584E-4
2961.3938	2.10095E-4
2960.22668	2.66246E-4
2959.05957	3.01893E-4
2957.89246	3.25552E-4
2956.72535	4.08517E-4
2955.55824	4.85174E-4
2954.39113	5.56782E-4
2953.22401	6.41956E-4
2952.0569	7.51735E-4
2950.88979	9.07886E-4
2949.72268	9.32808E-4
2948.55557	7.90536E-4
2947.38845	7.01893E-4
2946.22134	7.2082E-4
2945.05423	8.02839E-4
2943.88712	9.22713E-4
2942.72001	0.00106
2941.5529	0.00119
2940.38578	0.00136
2939.21867	0.00164
2938.05156	0.00195
2936.88445	0.00228
2935.71734	0.0026
2934.55023	0.00276
2933.38311	0.0027
2932.216	0.0025
2931.04889	0.00208
2929.88178	0.00175
2928.71467	0.00145
2927.54756	0.00136
2926.38044	0.00145
2925.21333	0.00169
2924.04622	0.00225
2922.87911	0.00336
2921.712	0.00396
2920.54488	0.00347
2919.37777	0.00309
2918.21066	0.00268
2917.04355	0.00183
2915.87644	0.00105
2914.70933	7.29968E-4
2913.54221	7.02524E-4
2912.3751	9.44164E-4
2911.20799	0.00117
2910.04088	0.00118
2908.87377	0.00112
2907.70666	0.00116
2906.53954	0.00125
2905.37243	8.77603E-4
2904.20532	4.56782E-4
2903.03821	3.14511E-4
2901.8711	2.32492E-4
2900.70399	2.16404E-4
2899.53687	2.83596E-4
2898.36976	4.13249E-4
2897.20265	6.5489E-4
2896.03554	9.5205E-4
2894.86843	0.00114
2893.70131	0.0014
2892.5342	0.00196
2891.36709	0.00248
2890.19998	0.00285
2889.03287	0.00326
2887.86576	0.00388
2886.69864	0.00469
2885.53153	0.00412
2884.36442	0.00233
2883.19731	0.00122
2882.0302	7.15142E-4
2880.86309	4.33754E-4
2879.69597	3.30599E-4
2878.52886	3.09464E-4
2877.36175	3.16719E-4
2876.19464	3.81388E-4
2875.02753	4.9306E-4
2873.86042	5.4511E-4
2872.6933	8.22082E-4
2871.52619	0.00132
2870.35908	0.0017
2869.19197	0.0017
2868.02486	0.00196
2866.85774	0.00176
2865.69063	9.44164E-4
2864.52352	4.66877E-4
2863.35641	2.48896E-4
2862.1893	1.32808E-4
2861.02219	8.5489E-5
2859.85507	8.86435E-5
2858.68796	3.50158E-5
2857.52085	7.88644E-6
2856.35374	-2.52366E-6
2855.18663	-2.17666E-5
2854.01952	-5.01577E-5
2852.8524	-7.16088E-5
2851.68529	-9.84227E-5
2850.51818	-1.19874E-4
2849.35107	-1.35331E-4
2848.18396	-1.6183E-4
2847.01685	-2.12618E-4
2845.84973	-2.58044E-4
2844.68262	-2.53628E-4
2843.51551	-1.56151E-4
2842.3484	-6.08833E-5
2841.18129	-3.65931E-5
2840.01417	-2.83912E-5
2838.84706	-3.97476E-5
2837.67995	-9.46372E-6
2836.51284	2.9653E-5
2835.34573	7.69716E-5
2834.17862	1.62145E-4
2833.0115	2.97476E-4
2831.84439	4.12934E-4
2830.67728	4.81388E-4
2829.51017	5.38486E-4
2828.34306	6.79811E-4
2827.17595	8.68454E-4
2826.00883	0.0011
2824.84172	0.00148
2823.67461	0.00227
2822.5075	0.00343
2821.34039	0.00386
2820.17328	0.00288
2819.00616	0.00275
2817.83905	0.00402
2816.67194	0.00437
2815.50483	0.00249
2814.33772	0.00106
2813.1706	5.1388E-4
2812.00349	2.56467E-4
2810.83638	1.34385E-4
2809.66927	6.46688E-5
2808.50216	3.62776E-5
2807.33505	5.04732E-6
2806.16793	-1.26183E-6
2805.00082	5.67823E-6
2803.83371	9.46372E-7
2802.6666	-2.05047E-5
2801.49949	-1.92429E-5
2800.33238	6.62461E-6
2799.16526	1.23028E-5
2797.99815	1.13565E-5
2796.83104	-9.14826E-6
2795.66393	-1.92429E-5
2794.49682	-2.36593E-5
2793.32971	-2.87066E-5
2792.16259	-2.58675E-5
2790.99548	-1.04101E-5
2789.82837	-1.29338E-5
2788.66126	-3.12303E-5
2787.49415	-3.37539E-5
2786.32703	-5.77287E-5
2785.15992	-4.38486E-5
2783.99281	-3.91167E-5
2782.8257	-3.65931E-5
2781.65859	-4.03785E-5
2780.49148	-2.74448E-5
2779.32436	-2.90221E-5
2778.15725	-7.88644E-6
2776.99014	-9.46372E-6
2775.82303	-1.35647E-5
2774.65592	-1.92429E-5
2773.48881	-2.6183E-5
2772.32169	-3.34385E-5
2771.15458	-6.08833E-5
2769.98747	-2.83912E-5
2768.82036	-3.24921E-5
2767.65325	-2.27129E-5
2766.48614	-5.14196E-5
2765.31902	-5.1735E-5
2764.15191	-4.29022E-5
2762.9848	-3.7224E-5
2761.81769	-3.40694E-5
2760.65058	-1.4511E-5
2759.48346	-2.77603E-5
2758.31635	-1.23028E-5
2757.14924	-1.35647E-5
2755.98213	9.46372E-7
2754.81502	5.04732E-6
2753.64791	-8.83281E-6
2752.48079	-9.14826E-6
2751.31368	-3.59621E-5
2750.14657	-2.46057E-5
2748.97946	-2.39748E-5
2747.81235	-4.4164E-5
2746.64524	-4.85804E-5
2745.47812	-2.64984E-5
2744.31101	-3.50158E-5
2743.1439	-3.12303E-5
2741.97679	-2.49211E-5
2740.80968	-9.46372E-6
2739.64257	-1.98738E-5
2738.47545	-2.80757E-5
2737.30834	-4.44795E-5
2736.14123	-2.93375E-5
2734.97412	-3.53312E-5
2733.80701	-5.74132E-5
2732.63989	-5.70978E-5
2731.47278	-5.83596E-5
2730.30567	-2.90221E-5
2729.13856	-5.23659E-5
2727.97145	-4.25868E-5
2726.80434	-3.59621E-5
2725.63722	-5.29968E-5
2724.47011	-5.04732E-5
2723.303	-4.10095E-5
2722.13589	-3.84858E-5
2720.96878	-4.95268E-5
2719.80167	-4.76341E-5
2718.63455	-1.92429E-5
2717.46744	-9.14826E-6
2716.30033	-2.52366E-5
2715.13322	-2.23975E-5
2713.96611	-3.12303E-5
2712.799	-3.15457E-7
2711.63188	-2.49211E-5
2710.46477	-3.34385E-5
2709.29766	-2.23975E-5
2708.13055	-1.54574E-5
2706.96344	-3.40694E-5
2705.79632	-8.83281E-6
2704.62921	9.46372E-7
2703.4621	-9.77918E-6
2702.29499	-8.51735E-6
2701.12788	1.95584E-5
2699.96077	5.14196E-5
2698.79365	3.59621E-5
2697.62654	3.91167E-5
2696.45943	2.93375E-5
2695.29232	2.08202E-5
2694.12521	6.30915E-7
2692.9581	6.30915E-7
2691.79098	1.57729E-6
2690.62387	-1.89274E-6
2689.45676	-2.2082E-5
2688.28965	-1.64038E-5
2687.12254	-4.4795E-5
2685.95543	-4.63722E-5
2684.78831	-3.18612E-5
2683.6212	-2.55521E-5
2682.45409	-2.52366E-5
2681.28698	-2.2082E-5
2680.11987	-2.74448E-5
2678.95275	-2.27129E-5
2677.78564	-2.74448E-5
2676.61853	-2.64984E-5
2675.45142	-3.69085E-5
2674.28431	-3.18612E-5
2673.1172	-3.62776E-5
2671.95008	-3.81703E-5
2670.78297	-1.41956E-5
2669.61586	-2.17666E-5
2668.44875	-1.92429E-5
2667.28164	-4.10095E-6
2666.11453	-1.26183E-5
2664.94741	-7.88644E-6
2663.7803	-1.04101E-5
2662.61319	7.25552E-6
2661.44608	-1.89274E-5
2660.27897	-1.23028E-5
2659.11186	-1.5142E-5
2657.94474	-1.16719E-5
2656.77763	-2.05047E-5
2655.61052	-1.29338E-5
2654.44341	-2.23975E-5
2653.2763	1.89274E-6
2652.10918	-4.4164E-6
2650.94207	7.57098E-6
2649.77496	6.30915E-7
2648.60785	-4.10095E-6
2647.44074	4.10095E-6
2646.27363	-4.10095E-6
2645.10651	1.4511E-5
2643.9394	-1.57729E-6
2642.77229	8.51735E-6
2641.60518	1.95584E-5
2640.43807	4.25868E-5
2639.27096	6.30915E-5
2638.10384	6.94006E-5
2636.93673	3.21767E-5
2635.76962	3.15457E-7
2634.60251	1.26183E-6
2633.4354	-1.13565E-5
2632.26829	-8.20189E-6
2631.10117	-8.51735E-6
2629.93406	1.73502E-5
2628.76695	2.08202E-5
2627.59984	3.43849E-5
2626.43273	1.98738E-5
2625.26561	2.46057E-5
2624.0985	2.80757E-5
2622.93139	1.60883E-5
2621.76428	3.50158E-5
2620.59717	4.44795E-5
2619.43006	3.88013E-5
2618.26294	2.99685E-5
2617.09583	1.38801E-5
2615.92872	2.68139E-5
2614.76161	5.04732E-6
2613.5945	-7.25552E-6
2612.42739	-5.67823E-6
2611.26027	5.99369E-6
2610.09316	4.10095E-6
2608.92605	-1.41956E-5
2607.75894	4.4164E-6
2606.59183	-2.39748E-5
2605.42472	-7.25552E-6
2604.2576	2.2082E-5
2603.09049	1.4511E-5
2601.92338	1.82965E-5
2600.75627	1.95584E-5
2599.58916	1.82965E-5
2598.42204	2.93375E-5
2597.25493	3.56467E-5
2596.08782	2.80757E-5
2594.92071	4.38486E-5
2593.7536	3.37539E-5
2592.58649	1.98738E-5
2591.41937	-1.57729E-6
2590.25226	2.23975E-5
2589.08515	1.64038E-5
2587.91804	1.38801E-5
2586.75093	-3.47003E-6
2585.58382	5.04732E-6
2584.4167	7.88644E-6
2583.24959	5.04732E-6
2582.08248	-8.51735E-6
2580.91537	-1.76656E-5
2579.74826	-4.10095E-6
2578.58115	-1.29338E-5
2577.41403	1.13565E-5
2576.24692	1.57729E-5
2575.07981	5.04732E-6
2573.9127	3.15457E-6
2572.74559	1.89274E-5
2571.57847	-3.15457E-7
2570.41136	2.83912E-6
2569.24425	2.46057E-5
2568.07714	2.11356E-5
2566.91003	1.4511E-5
2565.74292	6.2776E-5
2564.5758	6.81388E-5
2563.40869	3.02839E-5
2562.24158	6.62461E-6
2561.07447	-1.57729E-5
2559.90736	-1.60883E-5
2558.74025	-7.57098E-6
2557.57313	-2.6183E-5
2556.40602	-2.30284E-5
2555.23891	7.25552E-6
2554.0718	-1.19874E-5
2552.90469	-2.99685E-5
2551.73758	-5.99369E-6
2550.57046	1.38801E-5
2549.40335	8.83281E-6
2548.23624	1.64038E-5
2547.06913	1.38801E-5
2545.90202	-9.46372E-7
2544.7349	-1.13565E-5
2543.56779	1.95584E-5
2542.40068	1.79811E-5
2541.23357	9.46372E-7
2540.06646	1.73502E-5
2538.89935	4.79495E-5
2537.73223	4.88959E-5
2536.56512	-4.73186E-6
2535.39801	-1.82965E-5
2534.2309	-1.92429E-5
2533.06379	-2.6183E-5
2531.89668	-2.52366E-5
2530.72956	-1.13565E-5
2529.56245	-2.52366E-6
2528.39534	6.30915E-7
2527.22823	-1.82965E-5
2526.06112	-1.48265E-5
2524.89401	5.04732E-6
2523.72689	-5.04732E-6
2522.55978	-2.30284E-5
2521.39267	-8.51735E-6
2520.22556	2.52366E-6
2519.05845	-6.94006E-6
2517.89133	1.26183E-6
2516.72422	-1.5142E-5
2515.55711	-1.04101E-5
2514.39	-6.62461E-6
2513.22289	-4.4164E-6
2512.05578	-2.58675E-5
2510.88866	-2.27129E-5
2509.72155	-2.83912E-6
2508.55444	1.32492E-5
2507.38733	-6.62461E-6
2506.22022	-1.60883E-5
2505.05311	-1.60883E-5
2503.88599	-7.57098E-6
2502.71888	-1.38801E-5
2501.55177	-1.57729E-5
2500.38466	-6.94006E-6
2499.21755	-2.49211E-5
2498.05044	-1.5142E-5
2496.88332	-6.94006E-6
2495.71621	-5.67823E-6
2494.5491	-2.23975E-5
2493.38199	6.94006E-6
2492.21488	2.2082E-6
2491.04776	3.15457E-6
2489.88065	6.62461E-6
2488.71354	7.57098E-6
2487.54643	3.15457E-7
2486.37932	6.94006E-6
2485.21221	1.35647E-5
2484.04509	-5.04732E-6
2482.87798	-5.04732E-6
2481.71087	-9.14826E-6
2480.54376	4.73186E-6
2479.37665	-1.26183E-6
2478.20954	-3.47003E-6
2477.04242	5.04732E-6
2475.87531	7.25552E-6
2474.7082	-6.30915E-7
2473.54109	-1.4511E-5
2472.37398	2.01893E-5
2471.20687	2.9653E-5
2470.03975	2.01893E-5
2468.87264	5.36278E-6
2467.70553	2.52366E-6
2466.53842	4.10095E-6
2465.37131	1.89274E-5
2464.20419	2.49211E-5
2463.03708	5.04732E-6
2461.86997	-2.52366E-6
2460.70286	9.77918E-6
2459.53575	-6.30915E-6
2458.36864	-6.94006E-6
2457.20152	-5.04732E-6
2456.03441	1.98738E-5
2454.8673	1.92429E-5
2453.70019	2.2082E-6
2452.53308	-4.73186E-6
2451.36597	1.89274E-6
2450.19885	1.54574E-5
2449.03174	1.76656E-5
2447.86463	3.12303E-5
2446.69752	2.27129E-5
2445.53041	2.58675E-5
2444.3633	7.88644E-6
2443.19618	1.04101E-5
2442.02907	1.35647E-5
2440.86196	2.42902E-5
2439.69485	3.75394E-5
2438.52774	4.10095E-5
2437.36062	3.02839E-5
2436.19351	1.16719E-5
2435.0264	2.74448E-5
2433.85929	1.19874E-5
2432.69218	1.32492E-5
2431.52507	-3.15457E-7
2430.35795	2.49211E-5
2429.19084	2.58675E-5
2428.02373	1.13565E-5
2426.85662	-1.26183E-6
2425.68951	7.25552E-6
2424.5224	5.99369E-6
2423.35529	2.90221E-5
2422.18817	4.4164E-6
2421.02106	1.92429E-5
2419.85395	2.77603E-5
2418.68684	4.19558E-5
2417.51973	9.77918E-6
2416.35261	1.00946E-5
2415.1855	3.05994E-5
2414.01839	2.83912E-5
2412.85128	3.7224E-5
2411.68417	3.97476E-5
2410.51705	5.99369E-5
2409.34994	4.73186E-5
2408.18283	8.23344E-5
2407.01572	1.35016E-4
2405.84861	1.14196E-4
2404.6815	4.73186E-5
2403.51438	3.47003E-5
2402.34727	1.98738E-5
2401.18016	1.95584E-5
2400.01305	2.99685E-5
2398.84594	7.88644E-6
2397.67883	-8.51735E-6
2396.51172	8.51735E-6
2395.3446	1.23028E-5
2394.17749	-7.88644E-6
2393.01038	-7.25552E-6
2391.84327	-1.16719E-5
2390.67616	-6.94006E-6
2389.50904	9.46372E-7
2388.34193	1.32492E-5
2387.17482	1.26183E-6
2386.00771	-1.82965E-5
2384.8406	-6.62461E-6
2383.67348	-7.25552E-6
2382.50637	-7.88644E-6
2381.33926	-5.36278E-6
2380.17215	-1.82965E-5
2379.00504	-1.60883E-5
2377.83793	-9.77918E-6
2376.67081	-3.3123E-5
2375.5037	-2.36593E-5
2374.33659	-3.21767E-5
2373.16948	-1.16719E-5
2372.00237	-5.36278E-6
2370.83526	6.30915E-6
2369.66815	-5.36278E-6
2368.50103	-1.54574E-5
2367.33392	4.4164E-6
2366.16681	0
2364.9997	3.47003E-6
2363.83259	-1.04101E-5
2362.66547	-7.25552E-6
2361.49836	8.83281E-6
2360.33125	1.64038E-5
2359.16414	1.32492E-5
2357.99703	1.76656E-5
2356.82991	1.48265E-5
2355.6628	6.30915E-6
2354.49569	-1.92429E-5
2353.32858	1.19874E-5
2352.16147	-4.4164E-6
2350.99436	1.64038E-5
2349.82724	1.23028E-5
2348.66013	4.10095E-5
2347.49302	3.18927E-4
2346.32591	8.91483E-4
2345.1588	3.43849E-4
2343.99169	1.49211E-4
2342.82458	1.40694E-4
2341.65746	1.14826E-4
2340.49035	1.13565E-4
2339.32324	1.08202E-4
2338.15613	1.35647E-4
2336.98902	1.37855E-4
2335.8219	1.653E-4
2334.65479	1.81388E-4
2333.48768	2.36278E-4
2332.32057	2.93375E-4
2331.15346	3.55205E-4
2329.98635	3.66562E-4
2328.81923	3.35647E-4
2327.65212	3.02839E-4
2326.48501	3.00315E-4
2325.3179	2.94322E-4
2324.15079	3.07571E-4
2322.98367	3.35016E-4
2321.81656	3.30915E-4
2320.64945	3.72555E-4
2319.48234	3.71293E-4
2318.31523	3.91167E-4
2317.14812	3.69401E-4
2315.98101	4.01893E-4
2314.81389	4.347E-4
2313.64678	4.64984E-4
2312.47967	4.85174E-4
2311.31256	5.17981E-4
2310.14545	5.39432E-4
2308.97833	5.49842E-4
2307.81122	5.78864E-4
2306.64411	6.1735E-4
2305.477	6.48896E-4
2304.30989	6.8265E-4
2303.14278	6.99685E-4
2301.97566	7.29968E-4
2300.80855	7.75394E-4
2299.64144	8.05047E-4
2298.47433	8.35016E-4
2297.30722	8.46688E-4
2296.1401	8.96215E-4
2294.97299	9.4511E-4
2293.80588	9.80442E-4
2292.63877	0.00103
2291.47166	0.00107
2290.30455	0.0011
2289.13744	0.00112
2287.97032	0.00117
2286.80321	0.00121
2285.6361	0.00127
2284.46899	0.00131
2283.30188	0.00135
2282.13476	0.00138
2280.96765	0.00145
2279.80054	0.00149
2278.63343	0.00155
2277.46632	0.00159
2276.29921	0.00165
2275.13209	0.00169
2273.96498	0.00175
2272.79787	0.00184
2271.63076	0.00188
2270.46365	0.00193
2269.29653	0.00199
2268.12942	0.00207
2266.96231	0.00213
2265.7952	0.00217
2264.62809	0.00225
2263.46098	0.00232
2262.29387	0.00237
2261.12675	0.00247
2259.95964	0.00252
2258.79253	0.00259
2257.62542	0.00264
2256.45831	0.00274
2255.29119	0.00282
2254.12408	0.0029
2252.95697	0.00302
2251.78986	0.00312
2250.62275	0.00321
2249.45564	0.00327
2248.28852	0.00336
2247.12141	0.00345
2245.9543	0.00357
2244.78719	0.0037
2243.62008	0.00384
2242.45296	0.00395
2241.28585	0.00408
2240.11874	0.00426
2238.95163	0.00446
2237.78452	0.00464
2236.61741	0.00488
2235.4503	0.00517
2234.28318	0.0055
2233.11607	0.00589
2231.94896	0.00635
2230.78185	0.00692
2229.61474	0.00757
2228.44762	0.00833
2227.28051	0.00919
2226.1134	0.0101
2224.94629	0.01095
2223.77918	0.01178
2222.61207	0.01248
2221.44495	0.0131
2220.27784	0.01359
2219.11073	0.01402
2217.94362	0.01442
2216.77651	0.01481
2215.60939	0.01523
2214.44228	0.01566
2213.27517	0.01612
2212.10806	0.01657
2210.94095	0.01703
2209.77384	0.01739
2208.60673	0.01765
2207.43961	0.01775
2206.2725	0.01775
2205.10539	0.01766
2203.93828	0.01754
2202.77117	0.01739
2201.60405	0.0173
2200.43694	0.01735
2199.26983	0.01754
2198.10272	0.01773
2196.93561	0.01781
2195.7685	0.01776
2194.60138	0.0175
2193.43427	0.0171
2192.26716	0.01657
2191.10005	0.01609
2189.93294	0.01567
2188.76582	0.01541
2187.59871	0.0152
2186.4316	0.01496
2185.26449	0.01479
2184.09738	0.01462
2182.93027	0.01442
2181.76316	0.01419
2180.59604	0.01392
2179.42893	0.01361
2178.26182	0.01328
2177.09471	0.01293
2175.9276	0.01263
2174.76048	0.01233
2173.59337	0.01208
2172.42626	0.01184
2171.25915	0.01163
2170.09204	0.01141
2168.92493	0.01128
2167.75781	0.01117
2166.5907	0.01111
2165.42359	0.01114
2164.25648	0.01124
2163.08937	0.01142
2161.92225	0.01165
2160.75514	0.01193
2159.58803	0.01225
2158.42092	0.01265
2157.25381	0.01317
2156.0867	0.01387
2154.91959	0.01467
2153.75247	0.01575
2152.58536	0.01735
2151.41825	0.01983
2150.25114	0.02226
2149.08403	0.02546
2147.91691	0.03138
2146.7498	0.04365
2145.58269	0.06297
2144.41558	0.09885
2143.24847	0.18527
2142.08136	0.3688
2140.91424	0.69933
2139.74713	1.00297
2138.58002	0.89844
2137.41291	0.41536
2136.2458	0.16215
2135.07868	0.07561
2133.91157	0.03388
2132.74446	0.01378
2131.57735	0.00515
2130.41024	-2.81388E-4
2129.24313	-0.0075
2128.07602	-0.00941
2126.9089	-0.00924
2125.74179	-0.00867
2124.57468	-0.00806
2123.40757	-0.00746
2122.24046	-0.0069
2121.07334	-0.00634
2119.90623	-0.00585
2118.73912	-0.00535
2117.57201	-0.00493
2116.4049	-0.0045
2115.23779	-0.0041
2114.07067	-0.00355
2112.90356	-0.00224
2111.73645	-0.0019
2110.56934	-0.00259
2109.40223	-0.00252
2108.23511	-0.00225
2107.068	-0.002
2105.90089	-0.00175
2104.73378	-0.00152
2103.56667	-0.0013
2102.39956	-0.0011
2101.23245	-9E-4
2100.06533	-7.05047E-4
2098.89822	-4.57729E-4
2097.73111	-2.4795E-4
2096.564	4.03785E-5
2095.39689	5.39117E-4
2094.22977	0.00284
2093.06266	0.01998
2091.89555	0.03926
2090.72844	0.01268
2089.56133	0.00341
2088.39422	0.00736
2087.2271	0.00375
2086.05999	3.1041E-4
2084.89288	-7.41325E-5
2083.72577	-9.11672E-5
2082.55866	-1.26498E-4
2081.39154	-4.0694E-5
2080.22443	1.23659E-4
2079.05732	1.99685E-4
2077.89021	1.70347E-5
2076.7231	-5.9306E-5
2075.55599	-7.16088E-5
2074.38888	-4.79495E-5
2073.22176	-4.54259E-5
2072.05465	-2.17666E-5
2070.88754	-1.79811E-5
2069.72043	-1.82965E-5
2068.55332	8.20189E-6
2067.3862	-6.30915E-7
2066.21909	4.10095E-6
2065.05198	1.89274E-6
2063.88487	1.4511E-5
2062.71776	-2.55521E-5
2061.55065	-2.42902E-5
2060.38353	-5.5836E-5
2059.21642	-3.59621E-5
2058.04931	-1.07256E-5
2056.8822	-2.83912E-6
2055.71509	-2.36593E-5
2054.54797	-1.92429E-5
2053.38086	1.57729E-6
2052.21375	3.78549E-6
2051.04664	1.73502E-5
2049.87953	-2.17666E-5
2048.71242	5.99369E-6
2047.54531	-2.80757E-5
2046.37819	-9.77918E-6
2045.21108	3.15457E-7
2044.04397	1.26183E-6
2042.87686	-1.60883E-5
2041.70975	4.29022E-5
2040.54264	7.85489E-5
2039.37552	6.46688E-5
2038.20841	1.35647E-5
2037.0413	1.67192E-5
2035.87419	7.88644E-6
2034.70708	1.1041E-5
2033.53996	4.4164E-6
2032.37285	-2.2082E-6
2031.20574	-1.16719E-5
2030.03863	-1.60883E-5
2028.87152	5.04732E-6
2027.7044	-4.10095E-6
2026.53729	-2.2082E-6
2025.37018	-3.02839E-5
2024.20307	-3.47003E-6
2023.03596	-3.15457E-6
2021.86885	-1.76656E-5
2020.70174	-1.41956E-5
2019.53462	3.47003E-6
2018.36751	1.1041E-5
2017.2004	2.30284E-5
2016.03329	3.15457E-5
2014.86618	3.34385E-5
2013.69907	3.91167E-5
2012.53195	2.46057E-5
2011.36484	3.84858E-5
2010.19773	5.23659E-5
2009.03062	1.78864E-4
2007.86351	3.23344E-4
2006.69639	2.41956E-4
2005.52928	5.80442E-5
2004.36217	3.84858E-5
2003.19506	3.94322E-5
2002.02795	5.80442E-5
2000.86084	4.0694E-5
1999.69372	3.05994E-5
1998.52661	2.23975E-5
1997.3595	2.58675E-5
1996.19239	3.75394E-5
1995.02528	1.29338E-5
1993.85817	3.15457E-5
1992.69105	3.09148E-5
1991.52394	2.27129E-5
1990.35683	1.19874E-5
1989.18972	6.46688E-5
1988.02261	3.37539E-5
1986.8555	3.12303E-5
1985.68838	1.23028E-5
1984.52127	2.68139E-5
1983.35416	3.47003E-5
1982.18705	9.77918E-6
1981.01994	0
1979.85282	3.50158E-5
1978.68571	4.79495E-5
1977.5186	2.64984E-5
1976.35149	2.93375E-5
1975.18438	1.73502E-5
1974.01727	3.7224E-5
1972.85015	2.64984E-5
1971.68304	4.16404E-5
1970.51593	3.02839E-5
1969.34882	4.76341E-5
1968.18171	2.80757E-5
1967.0146	3.50158E-5
1965.84748	1.07256E-5
1964.68037	2.27129E-5
1963.51326	-5.67823E-6
1962.34615	-2.52366E-6
1961.17904	7.25552E-6
1960.01193	5.67823E-6
1958.84481	3.02839E-5
1957.6777	4.10095E-6
1956.51059	3.15457E-7
1955.34348	-1.89274E-5
1954.17637	1.95584E-5
1953.00925	2.08202E-5
1951.84214	2.08202E-5
1950.67503	1.57729E-6
1949.50792	1.23028E-5
1948.34081	1.89274E-6
1947.1737	3.37539E-5
1946.00658	2.64984E-5
1944.83947	1.76656E-5
1943.67236	2.33438E-5
1942.50525	2.49211E-5
1941.33814	2.23975E-5
1940.17103	1.41956E-5
1939.00391	1.73502E-5
1937.8368	1.1041E-5
1936.66969	2.9653E-5
1935.50258	-4.10095E-6
1934.33547	3.94322E-5
1933.16836	1.32492E-5
1932.00124	2.52366E-6
1930.83413	-3.15457E-7
1929.66702	1.5142E-5
1928.49991	1.16719E-5
1927.3328	1.67192E-5
1926.16568	1.26183E-5
1924.99857	1.38801E-5
1923.83146	1.4511E-5
1922.66435	9.77918E-6
1921.49724	1.5142E-5
1920.33013	3.15457E-6
1919.16301	2.49211E-5
1917.9959	-5.36278E-6
1916.82879	2.2082E-5
1915.66168	-1.13565E-5
1914.49457	1.57729E-6
1913.32746	-5.67823E-6
1912.16034	1.48265E-5
1910.99323	-3.15457E-7
1909.82612	1.82965E-5
1908.65901	-4.10095E-6
1907.4919	-1.67192E-5
1906.32479	-7.88644E-6
1905.15767	-4.10095E-6
1903.99056	1.23028E-5
1902.82345	7.25552E-6
1901.65634	5.67823E-6
1900.48923	-1.89274E-5
1899.32211	1.13565E-5
1898.155	-1.54574E-5
1896.98789	1.32492E-5
1895.82078	-1.41956E-5
1894.65367	8.83281E-6
1893.48656	5.36278E-6
1892.31944	8.83281E-6
1891.15233	3.15457E-6
1889.98522	-5.67823E-6
1888.81811	-1.26183E-6
1887.651	-6.30915E-7
1886.48389	-8.20189E-6
1885.31677	-7.88644E-6
1884.14966	9.46372E-6
1882.98255	-6.30915E-6
1881.81544	-5.36278E-6
1880.64833	-8.20189E-6
1879.48122	-2.2082E-6
1878.3141	-1.89274E-5
1877.14699	-7.57098E-6
1875.97988	-5.36278E-6
1874.81277	-2.2082E-6
1873.64566	-1.48265E-5
1872.47854	7.57098E-6
1871.31143	-5.36278E-6
1870.14432	8.20189E-6
1868.97721	1.89274E-6
1867.8101	-1.54574E-5
1866.64299	-7.25552E-6
1865.47587	-1.82965E-5
1864.30876	-1.5142E-5
1863.14165	-2.64984E-5
1861.97454	-5.99369E-6
1860.80743	-3.28076E-5
1859.64032	-1.60883E-5
1858.4732	-3.37539E-5
1857.30609	-2.52366E-5
1856.13898	-3.94322E-5
1854.97187	-4.22713E-5
1853.80476	-4.0694E-5
1852.63765	-3.91167E-5
1851.47053	-2.2082E-5
1850.30342	-5.20505E-5
1849.13631	-4.03785E-5
1847.9692	-4.85804E-5
1846.80209	-2.17666E-5
1845.63497	-6.59306E-5
1844.46786	-3.65931E-5
1843.30075	1.67192E-5
1842.13364	5.29968E-5
1840.96653	1.38801E-5
1839.79942	-5.36278E-6
1838.6323	1.89274E-6
1837.46519	2.68139E-5
1836.29808	-8.83281E-6
1835.13097	-9.46372E-6
1833.96386	-3.56467E-5
1832.79675	-3.69085E-5
1831.62963	-2.27129E-5
1830.46252	-5.01577E-5
1829.29541	-4.8265E-5
1828.1283	-4.73186E-5
1826.96119	-3.34385E-5
1825.79408	-4.63722E-5
1824.62696	-2.11356E-5
1823.45985	-3.47003E-5
1822.29274	-4.4795E-5
1821.12563	-5.61514E-5
1819.95852	-3.7224E-5
1818.7914	-5.5205E-5
1817.62429	-4.4164E-5
1816.45718	-4.32177E-5
1815.29007	-4.03785E-5
1814.12296	-3.94322E-5
1812.95585	-4.85804E-5
1811.78873	-3.09148E-5
1810.62162	-3.7224E-5
1809.45451	-2.17666E-5
1808.2874	-5.80442E-5
1807.12029	-3.3123E-5
1805.95318	-4.25868E-5
1804.78606	-3.12303E-5
1803.61895	-5.99369E-5
1802.45184	-4.44795E-5
1801.28473	-5.33123E-5
1800.11762	-5.74132E-5
1798.95051	-7.0347E-5
1797.78339	-6.52997E-5
1796.61628	-4.0694E-5
1795.44917	-6.43533E-5
1794.28206	-6.02524E-5
1793.11495	-8.20189E-5
1791.94783	-6.34069E-5
1790.78072	-6.34069E-5
1789.61361	-3.97476E-5
1788.4465	-5.42587E-5
1787.27939	-2.9653E-5
1786.11228	-4.54259E-5
1784.94516	-3.05994E-5
1783.77805	-4.76341E-5
1782.61094	-3.69085E-5
1781.44383	-4.16404E-5
1780.27672	-3.7224E-5
1779.10961	-3.21767E-5
1777.94249	-4.00631E-5
1776.77538	-1.38801E-5
1775.60827	6.30915E-6
1774.44116	1.35647E-5
1773.27405	-6.30915E-6
1772.10694	1.67192E-5
1770.93982	-3.47003E-6
1769.77271	6.30915E-6
1768.6056	-3.21767E-5
1767.43849	-1.26183E-5
1766.27138	-2.74448E-5
1765.10426	3.15457E-6
1763.93715	-6.30915E-7
1762.77004	-1.16719E-5
1761.60293	-2.36593E-5
1760.43582	3.15457E-6
1759.26871	5.67823E-6
1758.10159	-1.32492E-5
1756.93448	-1.70347E-5
1755.76737	-2.46057E-5
1754.60026	-3.15457E-6
1753.43315	-1.54574E-5
1752.26604	-1.35647E-5
1751.09892	-4.10095E-5
1749.93181	-5.67823E-6
1748.7647	-1.26183E-5
1747.59759	1.16719E-5
1746.43048	-4.10095E-6
1745.26337	3.15457E-7
1744.09625	5.04732E-6
1742.92914	3.62776E-5
1741.76203	3.78549E-5
1740.59492	1.41956E-5
1739.42781	2.14511E-5
1738.26069	3.34385E-5
1737.09358	4.13249E-5
1735.92647	1.16719E-5
1734.75936	-1.54574E-5
1733.59225	-2.90221E-5
1732.42514	2.30284E-5
1731.25802	1.89274E-5
1730.09091	3.81703E-5
1728.9238	2.39748E-5
1727.75669	4.22713E-5
1726.58958	1.38801E-5
1725.42247	4.29022E-5
1724.25535	2.80757E-5
1723.08824	1.76656E-5
1721.92113	2.93375E-5
1720.75402	1.54574E-5
1719.58691	1.23028E-5
1718.4198	3.47003E-6
1717.25268	-4.10095E-6
1716.08557	1.4511E-5
1714.91846	1.89274E-5
1713.75135	1.89274E-6
1712.58424	3.75394E-5
1711.41712	2.87066E-5
1710.25001	3.59621E-5
1709.0829	3.21767E-5
1707.91579	3.18612E-5
1706.74868	2.90221E-5
1705.58157	3.50158E-5
1704.41445	1.13565E-5
1703.24734	1.8612E-5
1702.08023	3.15457E-5
1700.91312	-1.48265E-5
1699.74601	-1.82965E-5
1698.5789	-7.88644E-6
1697.41178	-1.89274E-6
1696.24467	-5.23659E-5
1695.07756	4.73186E-6
1693.91045	2.2082E-6
1692.74334	9.46372E-6
1691.57623	-1.1041E-5
1690.40911	-1.48265E-5
1689.242	-2.23975E-5
1688.07489	-1.26183E-5
1686.90778	1.26183E-6
1685.74067	-2.2082E-5
1684.57355	-7.41325E-5
1683.40644	-3.62776E-5
1682.23933	-1.26183E-6
1681.07222	-2.01893E-5
1679.90511	7.88644E-6
1678.738	-1.57729E-6
1677.57088	2.52366E-6
1676.40377	-4.73186E-5
1675.23666	-3.97476E-5
1674.06955	-3.62776E-5
1672.90244	-3.43849E-5
1671.73533	-4.25868E-5
1670.56821	-2.42902E-5
1669.4011	-4.60568E-5
1668.23399	-1.70347E-5
1667.06688	-1.70347E-5
1665.89977	-3.24921E-5
1664.73266	-2.23975E-5
1663.56554	-5.11041E-5
1662.39843	-4.4795E-5
1661.23132	-4.66877E-5
1660.06421	-1.04101E-5
1658.8971	-1.60883E-5
1657.72998	-7.57098E-6
1656.56287	-1.19874E-5
1655.39576	2.11356E-5
1654.22865	-5.36278E-6
1653.06154	-3.09148E-5
1651.89443	-1.07256E-5
1650.72731	1.57729E-5
1649.5602	3.62776E-5
1648.39309	3.05994E-5
1647.22598	2.6183E-5
1646.05887	1.29338E-5
1644.89176	5.14196E-5
1643.72464	4.66877E-5
1642.55753	7.66562E-5
1641.39042	8.58044E-5
1640.22331	1.23659E-4
1639.0562	1.40063E-4
1637.88909	1.89274E-4
1636.72197	1.55205E-4
1635.55486	8.01262E-5
1634.38775	6.52997E-5
1633.22064	9.21136E-5
1632.05353	1.05047E-4
1630.88641	1.52366E-4
1629.7193	2.52366E-4
1628.55219	2.67823E-4
1627.38508	2E-4
1626.21797	1.77603E-4
1625.05086	2.84858E-4
1623.88374	3.01893E-4
1622.71663	2.76972E-4
1621.54952	1.94953E-4
1620.38241	1.73502E-4
1619.2153	1.66562E-4
1618.04819	2.22082E-4
1616.88107	1.60883E-4
1615.71396	1.40379E-4
1614.54685	1.05678E-4
1613.37974	7.19243E-5
1612.21263	8.04416E-5
1611.04552	1.05678E-4
1609.8784	1.94322E-4
1608.71129	3.02524E-4
1607.54418	3.653E-4
1606.37707	3.0694E-4
1605.20996	3.74763E-4
1604.04284	6.26814E-4
1602.87573	0.00166
1601.70862	0.00328
1600.54151	0.00335
1599.3744	0.00189
1598.20729	7.57413E-4
1597.04017	2.6877E-4
1595.87306	1.23975E-4
1594.70595	5.9306E-5
1593.53884	2.6183E-5
1592.37173	1.26183E-5
1591.20462	-2.52366E-6
1590.0375	1.98738E-5
1588.87039	1.70347E-5
1587.70328	3.12303E-5
1586.53617	0
1585.36906	2.36593E-5
1584.20195	5.99369E-6
1583.03483	2.87066E-5
1581.86772	3.75394E-5
1580.70061	6.52997E-5
1579.5335	4.44795E-5
1578.36639	5.5205E-5
1577.19927	2.49211E-5
1576.03216	-1.82965E-5
1574.86505	2.90221E-5
1573.69794	3.40694E-5
1572.53083	5.39432E-5
1571.36372	5.20505E-5
1570.1966	5.70978E-5
1569.02949	5.04732E-5
1567.86238	8.01262E-5
1566.69527	6.62461E-5
1565.52816	7.94953E-5
1564.36105	8.01262E-5
1563.19393	1.0347E-4
1562.02682	6.81388E-5
1560.85971	6.43533E-5
1559.6926	1.57729E-6
1558.52549	-3.15457E-7
1557.35838	6.02524E-5
1556.19126	7.91798E-5
1555.02415	5.48896E-5
1553.85704	2.01893E-5
1552.68993	3.78549E-5
1551.52282	1.32492E-5
1550.3557	3.81703E-5
1549.18859	2.87066E-5
1548.02148	4.70032E-5
1546.85437	1.82965E-5
1545.68726	1.16719E-5
1544.52015	-2.6183E-5
1543.35303	-3.24921E-5
1542.18592	-1.08202E-4
1541.01881	-1.21136E-4
1539.8517	-1.61199E-4
1538.68459	-1.37855E-4
1537.51748	-4.70032E-5
1536.35036	6.30915E-7
1535.18325	1.54574E-5
1534.01614	-3.15457E-6
1532.84903	2.27129E-5
1531.68192	2.11356E-5
1530.51481	4.32177E-5
1529.34769	1.92429E-5
1528.18058	2.77603E-5
1527.01347	0
1525.84636	4.4164E-6
1524.67925	-1.38801E-5
1523.51213	6.30915E-6
1522.34502	-5.36278E-6
1521.17791	1.76656E-5
1520.0108	7.66562E-5
1518.84369	1.01577E-4
1517.67658	1.00946E-4
1516.50946	8.10726E-5
1515.34235	1E-4
1514.17524	8.04416E-5
1513.00813	8.42271E-5
1511.84102	5.86751E-5
1510.67391	9.27445E-5
1509.50679	7.63407E-5
1508.33968	6.37224E-5
1507.17257	1.04101E-5
1506.00546	2.36593E-5
1504.83835	4.88959E-5
1503.67124	7.60252E-5
1502.50412	6.43533E-5
1501.33701	5.20505E-5
1500.1699	6.08833E-5
1499.00279	3.47003E-5
1497.83568	5.99369E-5
1496.66856	1.67192E-5
1495.50145	4.4164E-5
1494.33434	2.99685E-5
1493.16723	5.80442E-5
1492.00012	2.93375E-5
1490.83301	1.54574E-5
1489.66589	6.30915E-7
1488.49878	4.22713E-5
1487.33167	3.50158E-5
1486.16456	4.70032E-5
1484.99745	5.80442E-5
1483.83034	7.09779E-5
1482.66322	8.76972E-5
1481.49611	1.25552E-4
1480.329	2.23344E-4
1479.16189	3.14196E-4
1477.99478	4.78549E-4
1476.82767	6.8959E-4
1475.66055	9.35331E-4
1474.49344	0.00109
1473.32633	4.95899E-4
1472.15922	3.50158E-5
1470.99211	-3.3123E-5
1469.82499	-9.11672E-5
1468.65788	-7.12934E-5
1467.49077	-3.40694E-5
1466.32366	7.25552E-6
1465.15655	3.28076E-5
1463.98944	1.33123E-4
1462.82233	3.99369E-4
1461.65521	7.14511E-4
1460.4881	0.00111
1459.32099	0.00203
1458.15388	0.00216
1456.98677	0.00254
1455.81965	0.00307
1454.65254	0.00184
1453.48543	7.74448E-4
1452.31832	1.36278E-4
1451.15121	-5.9306E-5
1449.9841	-1.06309E-4
1448.81698	-1.00946E-4
1447.64987	-3.78549E-5
1446.48276	-1.64038E-5
1445.31565	-7.82334E-5
1444.14854	-1.29022E-4
1442.98142	-1.37855E-4
1441.81431	-1.51735E-4
1440.6472	-1.29338E-4
1439.48009	-1.47003E-4
1438.31298	-1.23028E-4
1437.14587	-1.69401E-4
1435.97876	-1.47003E-4
1434.81164	-1.43849E-4
1433.64453	-1.23659E-4
1432.47742	-1.15457E-4
1431.31031	-9.14826E-5
1430.1432	-9.08517E-5
1428.97608	-6.08833E-5
1427.80897	-1.13565E-5
1426.64186	4.54259E-5
1425.47475	-3.65931E-5
1424.30764	-9.71609E-5
1423.14053	-7.19243E-5
1421.97341	-8.76972E-5
1420.8063	-5.70978E-5
1419.63919	-1.09148E-4
1418.47208	-8.32808E-5
1417.30497	-7.44479E-5
1416.13785	-3.88013E-5
1414.97074	-5.14196E-5
1413.80363	-3.37539E-5
1412.63652	-6.18297E-5
1411.46941	-5.04732E-5
1410.3023	-2.87066E-5
1409.13519	-2.80757E-5
1407.96807	7.57098E-6
1406.80096	1.4511E-5
1405.63385	2.39748E-5
1404.46674	3.15457E-6
1403.29963	2.74448E-5
1402.13251	1.73502E-5
1400.9654	3.15457E-5
1399.79829	-3.78549E-6
1398.63118	-2.83912E-6
1397.46407	-3.3123E-5
1396.29696	-3.24921E-5
1395.12984	-5.5205E-5
1393.96273	-4.10095E-5
1392.79562	6.94006E-6
1391.62851	2.17666E-5
1390.4614	3.43849E-5
1389.29428	2.77603E-5
1388.12717	4.92114E-5
1386.96006	4.32177E-5
1385.79295	3.69085E-5
1384.62584	-9.14826E-6
1383.45873	2.52366E-5
1382.29162	1.64038E-5
1381.1245	4.10095E-5
1379.95739	2.77603E-5
1378.79028	4.54259E-5
1377.62317	1.89274E-6
1376.45606	7.25552E-6
1375.28894	8.83281E-6
1374.12183	-3.15457E-6
1372.95472	-6.62461E-6
1371.78761	1.26183E-6
1370.6205	1.5142E-5
1369.45339	-4.73186E-6
1368.28627	1.92429E-5
1367.11916	-6.30915E-6
1365.95205	1.5142E-5
1364.78494	-6.30915E-6
1363.61783	8.20189E-6
1362.45071	-8.51735E-6
1361.2836	5.80442E-5
1360.11649	1.20505E-4
1358.94938	1.54574E-4
1357.78227	1.00315E-4
1356.61516	4.79495E-5
1355.44805	2.08202E-5
1354.28093	0
1353.11382	-3.47003E-6
1351.94671	-2.05047E-5
1350.7796	-6.62461E-6
1349.61249	-1.23028E-5
1348.44537	6.30915E-7
1347.27826	-3.91167E-5
1346.11115	-1.76656E-5
1344.94404	-2.39748E-5
1343.77693	9.14826E-6
1342.60982	-1.41956E-5
1341.4427	-3.15457E-6
1340.27559	-2.11356E-5
1339.10848	-2.46057E-5
1337.94137	-3.43849E-5
1336.77426	-3.50158E-5
1335.60714	-2.6183E-5
1334.44003	-4.22713E-5
1333.27292	-2.49211E-5
1332.10581	-2.90221E-5
1330.9387	-1.41956E-5
1329.77159	-3.15457E-5
1328.60448	-2.05047E-5
1327.43736	-4.4795E-5
1326.27025	-2.36593E-5
1325.10314	-4.70032E-5
1323.93603	-2.99685E-5
1322.76892	-3.59621E-5
1321.6018	-2.17666E-5
1320.43469	-1.16719E-5
1319.26758	-5.99369E-6
1318.10047	-2.83912E-6
1316.93336	-1.07256E-5
1315.76625	5.99369E-6
1314.59913	-2.08202E-5
1313.43202	-1.19874E-5
1312.26491	-2.17666E-5
1311.0978	1.41956E-5
1309.93069	1.29338E-5
1308.76357	2.6183E-5
1307.59646	-2.14511E-5
1306.42935	-8.20189E-6
1305.26224	-1.92429E-5
1304.09513	6.62461E-6
1302.92802	9.46372E-7
1301.76091	2.05047E-5
1300.59379	1.8612E-5
1299.42668	5.36278E-6
1298.25957	1.19874E-5
1297.09246	8.20189E-6
1295.92535	1.23028E-5
1294.75823	8.83281E-6
1293.59112	3.09148E-5
1292.42401	1.70347E-5
1291.2569	4.10095E-5
1290.08979	1.38801E-5
1288.92268	3.28076E-5
1287.75556	-3.15457E-6
1286.58845	1.16719E-5
1285.42134	1.19874E-5
1284.25423	1.19874E-5
1283.08712	1.13565E-5
1281.92	-8.51735E-6
1280.75289	5.36278E-6
1279.58578	1.26183E-5
1278.41867	3.15457E-6
1277.25156	-5.99369E-6
1276.08445	7.57098E-6
1274.91734	5.99369E-6
1273.75022	2.30284E-5
1272.58311	6.30915E-6
1271.416	1.38801E-5
1270.24889	-2.83912E-6
1269.08178	1.16719E-5
1267.91466	4.4164E-6
1266.74755	1.67192E-5
1265.58044	9.46372E-7
1264.41333	1.48265E-5
1263.24622	9.77918E-6
1262.07911	2.64984E-5
1260.91199	2.93375E-5
1259.74488	4.73186E-6
1258.57777	-6.94006E-6
1257.41066	-2.27129E-5
1256.24355	4.19558E-5
1255.07643	3.47003E-5
1253.90932	5.77287E-5
1252.74221	8.58044E-5
1251.5751	1.56782E-4
1250.40799	2.45426E-4
1249.24088	3.2429E-4
1248.07377	3.3123E-4
1246.90665	4.70662E-4
1245.73954	8.75394E-4
1244.57243	8.94322E-4
1243.40532	4.05678E-4
1242.23821	1.33754E-4
1241.07109	5.9306E-5
1239.90398	3.34385E-5
1238.73687	3.88013E-5
1237.56976	-1.00946E-5
1236.40265	1.67192E-5
1235.23554	-9.77918E-6
1234.06842	2.11356E-5
1232.90131	-2.2082E-6
1231.7342	1.04101E-5
1230.56709	1.89274E-6
1229.39998	9.46372E-6
1228.23286	2.83912E-6
1227.06575	-2.2082E-6
1225.89864	2.14511E-5
1224.73153	3.18612E-5
1223.56442	2.14511E-5
1222.39731	1.23028E-5
1221.2302	2.08202E-5
1220.06308	-8.20189E-6
1218.89597	5.04732E-6
1217.72886	-1.32492E-5
1216.56175	1.41956E-5
1215.39464	-7.57098E-6
1214.22752	1.38801E-5
1213.06041	-9.46372E-7
1211.8933	2.68139E-5
1210.72619	1.57729E-5
1209.55908	3.34385E-5
1208.39197	3.15457E-5
1207.22485	3.05994E-5
1206.05774	5.64669E-5
1204.89063	4.19558E-5
1203.72352	6.15142E-5
1202.55641	3.59621E-5
1201.38929	5.01577E-5
1200.22218	1.73502E-5
1199.05507	6.21451E-5
1197.88796	2.87066E-5
1196.72085	6.52997E-5
1195.55374	5.99369E-5
1194.38663	7.28707E-5
1193.21951	4.8265E-5
1192.0524	8.1388E-5
1190.88529	8.17035E-5
1189.71818	8.32808E-5
1188.55107	1.07256E-4
1187.38395	1.08833E-4
1186.21684	7.66562E-5
1185.04973	7.47634E-5
1183.88262	1.21451E-4
1182.71551	1.12303E-4
1181.5484	1.47003E-4
1180.38128	1.41009E-4
1179.21417	2.01577E-4
1178.04706	2.33438E-4
1176.87995	3.60252E-4
1175.71284	5.02524E-4
1174.54572	6.48896E-4
1173.37861	8.02524E-4
1172.2115	0.0012
1171.04439	0.0021
1169.87728	0.003
1168.71017	0.00372
1167.54306	0.00728
1166.37594	0.01537
1165.20883	0.01666
1164.04172	0.00607
1162.87461	0.00264
1161.7075	0.00124
1160.54038	7.36593E-4
1159.37327	5.17981E-4
1158.20616	1.56467E-4
1157.03905	3.3123E-5
1155.87194	-7.7918E-5
1154.70483	-1.01262E-4
1153.53771	-1.05363E-4
1152.3706	-7.66562E-5
1151.20349	-5.77287E-5
1150.03638	-5.55205E-5
1148.86927	-1.64038E-5
1147.70215	-1.4511E-5
1146.53504	-1.57729E-6
1145.36793	-1.38801E-5
1144.20082	7.88644E-6
1143.03371	-1.89274E-5
1141.8666	-1.76656E-5
1140.69949	-4.88959E-5
1139.53237	-1.23028E-5
1138.36526	-1.38801E-5
1137.19815	1.23028E-5
1136.03104	-9.46372E-7
1134.86393	5.36278E-6
1133.69682	9.14826E-6
1132.5297	1.5142E-5
1131.36259	4.19558E-5
1130.19548	3.15457E-5
1129.02837	5.33123E-5
1127.86126	4.8265E-5
1126.69414	5.83596E-5
1125.52703	6.18297E-5
1124.35992	8.51735E-5
1123.19281	4.10095E-5
1122.0257	4.66877E-5
1120.85858	5.55205E-5
1119.69147	6.49842E-5
1118.52436	5.39432E-5
1117.35725	6.21451E-5
1116.19014	6.75079E-5
1115.02303	6.49842E-5
1113.85592	9.43218E-5
1112.6888	1.04101E-4
1111.52169	1.01262E-4
1110.35458	8.67508E-5
1109.18747	1.50473E-4
1108.02036	1.49527E-4
1106.85325	1.70032E-4
1105.68613	1.63722E-4
1104.51902	1.82965E-4
1103.35191	1.81073E-4
1102.1848	2.99369E-4
1101.01769	4.35647E-4
1099.85057	5.37855E-4
1098.68346	9.94953E-4
1097.51635	0.00206
1096.34924	0.00334
1095.18213	0.00937
1094.01501	0.01492
1092.8479	0.00525
1091.68079	0.00227
1090.51368	0.00178
1089.34657	0.00133
1088.17946	7.88328E-4
1087.01235	7.9306E-4
1085.84523	6.16088E-4
1084.67812	3.2082E-4
1083.51101	1.94953E-4
1082.3439	1.59306E-4
1081.17679	8.58044E-5
1080.00968	4.70032E-5
1078.84256	3.50158E-5
1077.67545	4.44795E-5
1076.50834	4.25868E-5
1075.34123	2.11356E-5
1074.17412	3.15457E-6
1073.007	2.83912E-6
1071.83989	2.6183E-5
1070.67278	-8.83281E-6
1069.50567	3.40694E-5
1068.33856	-1.26183E-6
1067.17144	3.47003E-5
1066.00433	5.07886E-5
1064.83722	7.69716E-5
1063.67011	2.36593E-5
1062.503	2.49211E-5
1061.33589	2.77603E-5
1060.16878	3.21767E-5
1059.00166	5.45741E-5
1057.83455	3.34385E-5
1056.66744	5.9306E-5
1055.50033	5.48896E-5
1054.33322	7.16088E-5
1053.16611	5.5205E-5
1051.99899	8.8959E-5
1050.83188	9.49527E-5
1049.66477	1.71924E-4
1048.49766	2.62145E-4
1047.33055	3.8612E-4
1046.16343	4.30915E-4
1044.99632	4.56151E-4
1043.82921	4.29968E-4
1042.6621	3.84858E-4
1041.49499	2.60883E-4
1040.32787	1.88959E-4
1039.16076	1.76972E-4
1037.99365	1.47319E-4
1036.82654	1.83281E-4
1035.65943	3.26814E-4
1034.49232	9.55836E-4
1033.32521	0.00145
1032.15809	7.73186E-4
1030.99098	2.60883E-4
1029.82387	1.69085E-4
1028.65676	1.07886E-4
1027.48965	8.80126E-5
1026.32254	3.37539E-5
1025.15542	3.34385E-5
1023.98831	4.16404E-5
1022.8212	4.32177E-5
1021.65409	4.66877E-5
1020.48698	3.05994E-5
1019.31986	3.43849E-5
1018.15275	2.23975E-5
1016.98564	5.04732E-5
1015.81853	3.05994E-5
1014.65142	3.94322E-5
1013.48431	5.99369E-6
1012.31719	2.6183E-5
1011.15008	2.01893E-5
1009.98297	5.11041E-5
1008.81586	1.04101E-5
1007.64875	2.23975E-5
1006.48163	-5.36278E-6
1005.31452	-5.04732E-6
1004.14741	-4.10095E-6
1002.9803	-8.20189E-6
1001.81319	6.94006E-6
1000.64608	1.41956E-5
999.47897	3.78549E-5
998.31185	1.67192E-5
997.14474	3.69085E-5
995.97763	3.15457E-6
994.81052	-3.78549E-6
993.64341	5.36278E-6
992.47629	1.70347E-5
991.30918	-7.88644E-6
990.14207	7.88644E-6
988.97496	-2.17666E-5
987.80785	-3.15457E-7
986.64074	1.13565E-5
985.47362	6.94006E-6
984.30651	9.46372E-7
983.1394	-1.04101E-5
981.97229	-1.89274E-6
980.80518	-8.83281E-6
979.63806	1.60883E-5
978.47095	-2.83912E-5
977.30384	-1.98738E-5
976.13673	-3.18612E-5
974.96962	-8.83281E-6
973.80251	-4.22713E-5
972.6354	-2.33438E-5
971.46828	-3.43849E-5
970.30117	-1.1041E-5
969.13406	-1.79811E-5
967.96695	-3.94322E-5
966.79984	-4.00631E-5
965.63272	-4.25868E-5
964.46561	-1.04101E-5
963.2985	-2.52366E-5
962.13139	-2.93375E-5
960.96428	-3.05994E-5
959.79717	1.13565E-5
958.63005	-9.77918E-6
957.46294	-2.2082E-6
956.29583	-2.99685E-5
955.12872	-2.55521E-5
953.96161	-4.19558E-5
952.79449	-4.00631E-5
951.62738	-3.43849E-5
950.46027	-9.46372E-7
949.29316	-5.67823E-6
948.12605	-2.90221E-5
946.95894	-1.82965E-5
945.79183	-2.87066E-5
944.62471	3.47003E-6
943.4576	-1.98738E-5
942.29049	-2.01893E-5
941.12338	-2.2082E-5
939.95627	-7.25552E-6
938.78915	-4.4164E-6
937.62204	4.79495E-5
936.45493	3.43849E-5
935.28782	5.26814E-5
934.12071	4.73186E-5
932.9536	5.14196E-5
931.78648	7.41325E-5
930.61937	9.62145E-5
929.45226	1.98107E-4
928.28515	3.96845E-4
927.11804	5.16719E-4
925.95092	8.74448E-4
924.78381	0.00127
923.6167	0.00238
922.44959	0.00826
921.28248	0.00699
920.11537	0.00174
918.94826	7.06309E-4
917.78114	0.00103
916.61403	0.00107
915.44692	9.88959E-4
914.27981	5.46372E-4
913.1127	3.01262E-4
911.94558	3.55205E-4
910.77847	2.80126E-4
909.61136	1.43218E-4
908.44425	7.82334E-5
907.27714	2.36593E-5
906.11003	-4.70032E-5
904.94291	-5.99369E-6
903.7758	-1.32492E-5
902.60869	7.25552E-6
901.44158	-2.46057E-5
900.27447	-1.70347E-5
899.10735	-2.80757E-5
897.94024	-2.33438E-5
896.77313	-3.59621E-5
895.60602	-2.36593E-5
894.43891	-2.46057E-5
893.2718	0
892.10469	-1.29338E-5
890.93757	-3.69085E-5
889.77046	-3.59621E-5
888.60335	-2.46057E-5
887.43624	-2.08202E-5
886.26913	-6.87697E-5
885.10201	3.15457E-7
883.9349	-1.04101E-5
882.76779	-1.89274E-5
881.60068	-1.54574E-5
880.43357	-4.4164E-6
879.26646	-4.35331E-5
878.09934	-1.13565E-5
876.93223	-1.38801E-5
875.76512	-4.13249E-5
874.59801	-4.25868E-5
873.4309	-4.44795E-5
872.26378	-5.29968E-5
871.09667	-5.01577E-5
869.92956	5.04732E-6
868.76245	-3.91167E-5
867.59534	-3.02839E-5
866.42823	-4.13249E-5
865.26112	-2.52366E-6
864.094	-2.52366E-6
862.92689	-1.95584E-5
861.75978	-7.31861E-5
860.59267	-2.2082E-6
859.42556	1.32492E-5
858.25844	2.87066E-5
857.09133	1.98738E-5
855.92422	6.30915E-7
854.75711	-1.1041E-5
853.59	6.30915E-7
852.42289	5.26814E-5
851.25577	2.42902E-5
850.08866	6.62461E-5
848.92155	1.26183E-5
847.75444	4.03785E-5
846.58733	-1.70347E-5
845.42021	-4.73186E-6
844.2531	-2.33438E-5
843.08599	-1.13565E-5
841.91888	-2.2082E-6
840.75177	2.90221E-5
839.58466	-1.79811E-5
838.41755	1.1041E-5
837.25043	3.62776E-5
836.08332	2.99685E-5
834.91621	1.82965E-5
833.7491	2.01893E-5
832.58199	4.76341E-5
831.41487	3.18612E-5
830.24776	-1.1041E-5
829.08065	2.83912E-6
827.91354	1.41956E-5
826.74643	-1.48265E-5
825.57932	-4.10095E-6
824.4122	-2.52366E-5
823.24509	-2.17666E-5
822.07798	1.1041E-5
820.91087	-1.70347E-5
819.74376	-1.16719E-5
818.57664	-2.08202E-5
817.40953	6.30915E-6
816.24242	-5.04732E-6
815.07531	3.28076E-5
813.9082	5.36278E-6
812.74109	-6.94006E-6
811.57398	-2.30284E-5
810.40686	-6.94006E-6
809.23975	-1.95584E-5
808.07264	-3.47003E-5
806.90553	-5.96215E-5
805.73842	-1.32492E-5
804.57131	-1.19874E-5
803.40419	-5.20505E-5
802.23708	-5.23659E-5
801.06997	-3.3123E-5
799.90286	-4.70032E-5
798.73575	-3.24921E-5
797.56863	-1.23028E-5
796.40152	-1.04101E-5
795.23441	-1.89274E-5
794.0673	-3.47003E-5
792.90019	-1.5142E-5
791.73307	-1.13565E-5
790.56596	-5.67823E-6
789.39885	-1.19874E-5
788.23174	4.51104E-5
787.06463	-4.73186E-6
785.89752	-1.4511E-5
784.73041	-3.21767E-5
783.56329	-1.89274E-5
782.39618	2.52366E-6
781.22907	-4.66877E-5
780.06196	-2.55521E-5
778.89485	4.0694E-5
777.72774	3.47003E-5
776.56062	3.47003E-6
775.39351	1.95584E-5
774.2264	-1.35647E-5
773.05929	-8.20189E-6
771.89218	-1.64038E-5
770.72506	3.7224E-5
769.55795	-5.67823E-6
768.39084	7.25552E-6
767.22373	-2.52366E-6
766.05662	1.98738E-5
764.8895	2.11356E-5
763.72239	3.15457E-7
762.55528	1.95584E-5
761.38817	2.14511E-5
760.22106	3.65931E-5
759.05395	-1.92429E-5
757.88684	7.88644E-6
756.71972	3.84858E-5
755.55261	1.76656E-5
754.3855	1.35647E-5
753.21839	7.22397E-5
752.05128	5.99369E-5
750.88417	1.13565E-5
749.71705	3.47003E-5
748.54994	7.35016E-5
747.38283	7.0347E-5
746.21572	9.77918E-6
745.04861	5.67823E-6
743.88149	3.12303E-5
742.71438	6.71924E-5
741.54727	6.75079E-5
740.38016	4.98423E-5
739.21305	4.85804E-5
738.04593	5.64669E-5
736.87882	3.09148E-5
735.71171	3.21767E-5
734.5446	-1.41956E-5
733.37749	3.28076E-5
732.21038	3.21767E-5
731.04327	6.21451E-5
729.87615	1.8612E-5
728.70904	4.4164E-5
727.54193	1.1041E-5
726.37482	-9.46372E-7
725.20771	1.79811E-5
724.0406	-7.25552E-6
722.87348	2.49211E-5
721.70637	-1.76656E-5
720.53926	1.04101E-5
719.37215	-3.15457E-6
718.20504	1.38801E-5
717.03792	5.36278E-6
715.87081	6.18297E-5
714.7037	1.41956E-5
713.53659	1.73502E-5
712.36948	2.6183E-5
711.20237	2.08202E-5
710.03525	3.91167E-5
708.86814	6.2776E-5
707.70103	2.68139E-5
706.53392	-6.30915E-6
705.36681	4.10095E-5
704.1997	1.04101E-5
703.03258	3.3123E-5
701.86547	1.89274E-5
700.69836	5.67823E-5
699.53125	8.26498E-5
698.36414	7.16088E-5
697.19703	4.63722E-5
696.02991	8.29653E-5
694.8628	7.72871E-5
693.69569	3.50158E-5
692.52858	5.42587E-5
691.36147	6.78233E-5
690.19435	5.80442E-5
689.02724	3.69085E-5
687.86013	3.40694E-5
686.69302	2.64984E-5
685.52591	-2.87066E-5
684.3588	-6.84543E-5
683.19168	1.59621E-4
682.02457	2.00315E-4
680.85746	2.0694E-4
679.69035	1.73186E-4
678.52324	1.54574E-4
677.35613	1.38801E-4
676.18901	1.21767E-4
675.0219	6.49842E-5
673.85479	1.23975E-4
672.68768	1.80757E-4
671.52057	1.73817E-4
670.35346	2.27445E-4
669.18634	2.32492E-4
668.01923	9.21136E-5
666.85212	-8.83281E-6
665.68501	3.59621E-5
664.5179	9.77918E-6
663.35078	5.07886E-5
662.18367	1.02839E-4
661.01656	1.67508E-4
659.84945	1.65931E-4
658.68234	1.58044E-4
657.51523	9.36909E-5
656.34811	8.17035E-5
655.181	4.4164E-6
654.01389	8.51735E-6
652.84678	7.57098E-6
651.67967	-5.67823E-6
650.51256	-6.62461E-6
649.34544	1.98738E-5
648.17833	8.95899E-5
647.01122	9.33754E-5
645.84411	1.11041E-4
644.677	8.64353E-5
643.50989	4.13249E-5
642.34277	-2.83912E-6
641.17566	2.68139E-5
640.00855	-2.83912E-6
638.84144	-7.66562E-5
637.67433	-1.04732E-4
636.50721	-9.71609E-5
635.3401	-1.18927E-4
634.17299	-1.07571E-4
633.00588	-2.93375E-5
631.83877	-6.30915E-5
630.67166	-3.94322E-5
629.50454	-1.38801E-5
628.33743	4.98423E-5
627.17032	1.21451E-4
626.00321	1.25552E-4
624.8361	1.46057E-4
623.66899	1.94006E-4
622.50187	1.95899E-4
621.33476	2.29653E-4
620.16765	2.2082E-4
619.00054	2.68139E-4
617.83343	2.76025E-4
616.66632	2.76341E-4
615.4992	2.62776E-4
614.33209	2.35962E-4
613.16498	2.50473E-4
611.99787	3.16088E-4
610.83076	3.2429E-4
609.66364	2.33754E-4
608.49653	2.36278E-4
607.32942	2.69085E-4
606.16231	2.92429E-4
604.9952	1.93691E-4
603.82809	1.78864E-4
602.66097	1.56151E-4
601.49386	1.74763E-4
600.32675	1.62145E-4
599.15964	1.27445E-4
597.99253	2.02524E-4
596.82542	1.85804E-4
595.6583	1.57098E-4
594.49119	7.91798E-5
593.32408	6.71924E-5
592.15697	9.77918E-6
590.98986	-1.1041E-5
589.82275	-1.64038E-5
588.65563	7.50789E-5
587.48852	-5.36278E-6
586.32141	-5.1735E-5
585.1543	-5.14196E-5
583.98719	-5.99369E-6
582.82007	-2.83912E-5
581.65296	5.45741E-5
580.48585	-1.04101E-5
579.31874	4.8265E-5
578.15163	1.43533E-4
576.98452	3.21767E-5
575.8174	-3.05994E-5
574.65029	-5.36278E-6
573.48318	2.52366E-5
572.31607	1.09779E-4
571.14896	5.33123E-5
569.98185	-6.30915E-5
568.81473	-1.36278E-4
567.64762	-7.60252E-5
566.48051	2.83912E-6
565.3134	-1.26183E-6
564.14629	-1.71609E-4
562.97918	6.2776E-5
561.81206	-3.50158E-5
560.64495	-2.14511E-5
559.47784	2.04101E-4
558.31073	1.13565E-5
557.14362	-5.42587E-5
555.9765	-5.67823E-6
554.80939	2.05047E-5
553.64228	5.61514E-5
552.47517	1.91798E-4
551.30806	5.33123E-5
550.14095	2.21767E-4
548.97383	2.57098E-4
547.80672	1.93375E-4
546.63961	3.8612E-4
545.4725	4.16404E-5
544.30539	5.5205E-5
543.13828	1.45426E-4
541.97116	1.26183E-6
540.80405	8.17035E-5
539.63694	-7.88644E-6
538.46983	4.29022E-5
537.30272	5.86751E-5
536.13561	1.98107E-4
534.96849	4.82334E-4
533.80138	3.92114E-4
532.63427	5.99369E-6
531.46716	3.26498E-4
530.30005	2.85489E-4
529.13293	1.56151E-4
527.96582	-6.97161E-5
526.79871	1.33438E-4
525.6316	3.96845E-4
524.46449	4.34385E-4
523.29738	3.71609E-4
522.13026	4.59937E-4
520.96315	5.56782E-4
519.79604	5.01577E-4
518.62893	3.14511E-4
517.46182	6.35016E-4
516.29471	7.04101E-4
515.12759	6.67508E-4
513.96048	4.35016E-4
512.79337	4.38486E-4
511.62626	1.21136E-4
510.45915	-4.51104E-5
509.29203	-8.83281E-5
508.12492	-2.37539E-4
506.95781	-3.28076E-5
505.7907	1.71293E-4
504.62359	3.51104E-4
503.45648	2.69085E-4
502.28936	2.65931E-4
501.12225	5.64669E-4
499.95514	6.22713E-4
