4000.123242 -0.000207 
3998.956130 -0.000221 
3997.789019 -0.000149 
3996.621907 -0.000009 
3995.454795 -0.000037 
3994.287683 0.000002 
3993.120572 0.000016 
3991.953460 -0.000037 
3990.786348 -0.000211 
3989.619236 -0.000169 
3988.452125 -0.000075 
3987.285013 -0.000227 
3986.117901 -0.000104 
3984.950789 -0.000039 
3983.783678 -0.000040 
3982.616566 0.000038 
3981.449454 -0.000181 
3980.282342 -0.000267 
3979.115231 -0.000112 
3977.948119 -0.000135 
3976.781007 -0.000284 
3975.613896 -0.000164 
3974.446784 -0.000165 
3973.279672 -0.000041 
3972.112560 -0.000118 
3970.945449 -0.000009 
3969.778337 -0.000114 
3968.611225 -0.000160 
3967.444113 0.000089 
3966.277002 0.000039 
3965.109890 -0.000078 
3963.942778 -0.000141 
3962.775666 -0.000141 
3961.608555 -0.000171 
3960.441443 -0.000135 
3959.274331 -0.000075 
3958.107219 0.000029 
3956.940108 0.000069 
3955.772996 0.000232 
3954.605884 0.000067 
3953.438772 -0.000032 
3952.271661 -0.000068 
3951.104549 -0.000123 
3949.937437 -0.000160 
3948.770326 -0.000054 
3947.603214 0.000080 
3946.436102 -0.000021 
3945.268990 -0.000089 
3944.101879 -0.000052 
3942.934767 0.000030 
3941.767655 -0.000049 
3940.600543 -0.000212 
3939.433432 -0.000201 
3938.266320 -0.000025 
3937.099208 0.000053 
3935.932096 -0.000088 
3934.764985 -0.000261 
3933.597873 -0.000175 
3932.430761 -0.000078 
3931.263649 0.000026 
3930.096538 0.000058 
3928.929426 -0.000036 
3927.762314 0.000055 
3926.595203 -0.000017 
3925.428091 -0.000107 
3924.260979 -0.000209 
3923.093867 -0.000146 
3921.926756 -0.000169 
3920.759644 -0.000085 
3919.592532 -0.000082 
3918.425420 -0.000095 
3917.258309 -0.000095 
3916.091197 -0.000070 
3914.924085 -0.000066 
3913.756973 -0.000004 
3912.589862 -0.000020 
3911.422750 -0.000184 
3910.255638 -0.000014 
3909.088526 0.000087 
3907.921415 0.000100 
3906.754303 -0.000043 
3905.587191 -0.000169 
3904.420080 -0.000150 
3903.252968 -0.000106 
3902.085856 -0.000136 
3900.918744 -0.000046 
3899.751633 -0.000089 
3898.584521 -0.000257 
3897.417409 0.000020 
3896.250297 -0.000048 
3895.083186 -0.000191 
3893.916074 -0.000162 
3892.748962 -0.000056 
3891.581850 -0.000069 
3890.414739 -0.000015 
3889.247627 0.000022 
3888.080515 0.000091 
3886.913403 0.000078 
3885.746292 -0.000191 
3884.579180 -0.000146 
3883.412068 -0.000071 
3882.244957 -0.000070 
3881.077845 -0.000026 
3879.910733 0.000124 
3878.743621 0.000238 
3877.576510 0.000183 
3876.409398 0.000221 
3875.242286 0.000042 
3874.075174 -0.000007 
3872.908063 0.000123 
3871.740951 0.000054 
3870.573839 -0.000103 
3869.406727 -0.000140 
3868.239616 -0.000031 
3867.072504 0.000062 
3865.905392 0.000181 
3864.738280 0.000132 
3863.571169 0.000255 
3862.404057 0.000116 
3861.236945 0.000057 
3860.069833 0.000122 
3858.902722 0.000237 
3857.735610 0.000344 
3856.568498 0.000262 
3855.401387 0.000192 
3854.234275 -0.000133 
3853.067163 0.000050 
3851.900051 -0.000032 
3850.732940 0.000223 
3849.565828 0.000264 
3848.398716 0.000321 
3847.231604 0.000279 
3846.064493 0.000332 
3844.897381 0.000195 
3843.730269 0.000133 
3842.563157 0.000283 
3841.396046 0.000199 
3840.228934 0.000203 
3839.061822 0.000157 
3837.894710 0.000037 
3836.727599 0.000092 
3835.560487 0.000192 
3834.393375 0.000063 
3833.226264 0.000106 
3832.059152 0.000256 
3830.892040 0.000202 
3829.724928 0.000324 
3828.557817 0.000290 
3827.390705 0.000140 
3826.223593 0.000195 
3825.056481 0.000364 
3823.889370 0.000129 
3822.722258 0.000219 
3821.555146 0.000198 
3820.388034 0.000258 
3819.220923 0.000332 
3818.053811 0.000224 
3816.886699 0.000211 
3815.719587 0.000164 
3814.552476 0.000227 
3813.385364 0.000308 
3812.218252 0.000220 
3811.051141 0.000209 
3809.884029 0.000131 
3808.716917 0.000110 
3807.549805 0.000078 
3806.382694 0.000019 
3805.215582 0.000244 
3804.048470 0.000159 
3802.881358 0.000122 
3801.714247 0.000019 
3800.547135 0.000021 
3799.380023 0.000044 
3798.212911 0.000126 
3797.045800 0.000141 
3795.878688 0.000232 
3794.711576 0.000188 
3793.544464 0.000079 
3792.377353 0.000032 
3791.210241 0.000183 
3790.043129 0.000157 
3788.876017 0.000161 
3787.708906 0.000152 
3786.541794 -0.000023 
3785.374682 0.000060 
3784.207571 0.000151 
3783.040459 0.000055 
3781.873347 0.000005 
3780.706235 0.000020 
3779.539124 0.000020 
3778.372012 -0.000044 
3777.204900 -0.000013 
3776.037788 -0.000008 
3774.870677 0.000046 
3773.703565 0.000124 
3772.536453 0.000134 
3771.369341 0.000031 
3770.202230 0.000037 
3769.035118 -0.000039 
3767.868006 -0.000037 
3766.700894 0.000066 
3765.533783 0.000007 
3764.366671 0.000008 
3763.199559 -0.000021 
3762.032448 -0.000043 
3760.865336 -0.000051 
3759.698224 -0.000044 
3758.531112 0.000077 
3757.364001 0.000044 
3756.196889 0.000003 
3755.029777 -0.000023 
3753.862665 -0.000096 
3752.695554 -0.000091 
3751.528442 -0.000082 
3750.361330 -0.000006 
3749.194218 -0.000327 
3748.027107 -0.000035 
3746.859995 0.000026 
3745.692883 -0.000065 
3744.525771 -0.000447 
3743.358660 -0.000128 
3742.191548 -0.000025 
3741.024436 0.000055 
3739.857325 0.000091 
3738.690213 0.000029 
3737.523101 -0.000120 
3736.355989 -0.000390 
3735.188878 -0.000216 
3734.021766 -0.000032 
3732.854654 -0.000137 
3731.687542 -0.000052 
3730.520431 0.000109 
3729.353319 0.000141 
3728.186207 0.000108 
3727.019095 -0.000003 
3725.851984 0.000027 
3724.684872 0.000034 
3723.517760 0.000083 
3722.350648 -0.000054 
3721.183537 0.000017 
3720.016425 0.000081 
3718.849313 0.000061 
3717.682202 0.000111 
3716.515090 0.000123 
3715.347978 0.000083 
3714.180866 0.000035 
3713.013755 0.000018 
3711.846643 -0.000030 
3710.679531 0.000140 
3709.512419 0.000151 
3708.345308 0.000122 
3707.178196 -0.000007 
3706.011084 -0.000012 
3704.843972 0.000004 
3703.676861 0.000057 
3702.509749 0.000032 
3701.342637 -0.000100 
3700.175525 0.000061 
3699.008414 0.000034 
3697.841302 -0.000020 
3696.674190 0.000041 
3695.507078 0.000003 
3694.339967 -0.000015 
3693.172855 0.000066 
3692.005743 -0.000032 
3690.838632 -0.000159 
3689.671520 -0.000176 
3688.504408 -0.000391 
3687.337296 -0.000106 
3686.170185 0.000061 
3685.003073 0.000044 
3683.835961 -0.000002 
3682.668849 0.000059 
3681.501738 0.000067 
3680.334626 0.000011 
3679.167514 0.000131 
3678.000402 0.000296 
3676.833291 0.000092 
3675.666179 -0.000079 
3674.499067 -0.000040 
3673.331955 0.000028 
3672.164844 0.000201 
3670.997732 0.000092 
3669.830620 0.000159 
3668.663509 0.000330 
3667.496397 0.000440 
3666.329285 0.000429 
3665.162173 0.000474 
3663.995062 0.000465 
3662.827950 0.000584 
3661.660838 0.000548 
3660.493726 0.000691 
3659.326615 0.000783 
3658.159503 0.000869 
3656.992391 0.000792 
3655.825279 0.000680 
3654.658168 0.000984 
3653.491056 0.001213 
3652.323944 0.001204 
3651.156832 0.001151 
3649.989721 0.001156 
3648.822609 0.001234 
3647.655497 0.001317 
3646.488386 0.001535 
3645.321274 0.001671 
3644.154162 0.001713 
3642.987050 0.001830 
3641.819939 0.001975 
3640.652827 0.002128 
3639.485715 0.002269 
3638.318603 0.002264 
3637.151492 0.002482 
3635.984380 0.002592 
3634.817268 0.002639 
3633.650156 0.002759 
3632.483045 0.002952 
3631.315933 0.003052 
3630.148821 0.003043 
3628.981709 0.003021 
3627.814598 0.003299 
3626.647486 0.003645 
3625.480374 0.003809 
3624.313262 0.004001 
3623.146151 0.004180 
3621.979039 0.004314 
3620.811927 0.004490 
3619.644816 0.004656 
3618.477704 0.004898 
3617.310592 0.005093 
3616.143480 0.005256 
3614.976369 0.005422 
3613.809257 0.005932 
3612.642145 0.005997 
3611.475033 0.006196 
3610.307922 0.006380 
3609.140810 0.006666 
3607.973698 0.007085 
3606.806586 0.007284 
3605.639475 0.007577 
3604.472363 0.007789 
3603.305251 0.008117 
3602.138139 0.008410 
3600.971028 0.008597 
3599.803916 0.008870 
3598.636804 0.009087 
3597.469693 0.009410 
3596.302581 0.009750 
3595.135469 0.010085 
3593.968357 0.010568 
3592.801246 0.011025 
3591.634134 0.011398 
3590.467022 0.011682 
3589.299910 0.011969 
3588.132799 0.012107 
3586.965687 0.012572 
3585.798575 0.013147 
3584.631463 0.013670 
3583.464352 0.014074 
3582.297240 0.014548 
3581.130128 0.014913 
3579.963016 0.015401 
3578.795905 0.015880 
3577.628793 0.016272 
3576.461681 0.016673 
3575.294570 0.017216 
3574.127458 0.017619 
3572.960346 0.018139 
3571.793234 0.018792 
3570.626123 0.019301 
3569.459011 0.019867 
3568.291899 0.020480 
3567.124787 0.020933 
3565.957676 0.021599 
3564.790564 0.022235 
3563.623452 0.022828 
3562.456340 0.023440 
3561.289229 0.023940 
3560.122117 0.024621 
3558.955005 0.025343 
3557.787893 0.025858 
3556.620782 0.026610 
3555.453670 0.027192 
3554.286558 0.027953 
3553.119447 0.028781 
3551.952335 0.029438 
3550.785223 0.030136 
3549.618111 0.030842 
3548.451000 0.031676 
3547.283888 0.032536 
3546.116776 0.033296 
3544.949664 0.034061 
3543.782553 0.034802 
3542.615441 0.035727 
3541.448329 0.036577 
3540.281217 0.037352 
3539.114106 0.038249 
3537.946994 0.039298 
3536.779882 0.040112 
3535.612770 0.041097 
3534.445659 0.042298 
3533.278547 0.043087 
3532.111435 0.044005 
3530.944323 0.045147 
3529.777212 0.046253 
3528.610100 0.047263 
3527.442988 0.048372 
3526.275877 0.049410 
3525.108765 0.050520 
3523.941653 0.051692 
3522.774541 0.052859 
3521.607430 0.054069 
3520.440318 0.055299 
3519.273206 0.056442 
3518.106094 0.057750 
3516.938983 0.059132 
3515.771871 0.060352 
3514.604759 0.061709 
3513.437647 0.063095 
3512.270536 0.064469 
3511.103424 0.065828 
3509.936312 0.067294 
3508.769200 0.068889 
3507.602089 0.070411 
3506.434977 0.071913 
3505.267865 0.073486 
3504.100754 0.075043 
3502.933642 0.076700 
3501.766530 0.078447 
3500.599418 0.080084 
3499.432307 0.081790 
3498.265195 0.083518 
3497.098083 0.085382 
3495.930971 0.087256 
3494.763860 0.089147 
3493.596748 0.090976 
3492.429636 0.092981 
3491.262524 0.095014 
3490.095413 0.096944 
3488.928301 0.099115 
3487.761189 0.101109 
3486.594077 0.103188 
3485.426966 0.105421 
3484.259854 0.107663 
3483.092742 0.109931 
3481.925631 0.112262 
3480.758519 0.114748 
3479.591407 0.117022 
3478.424295 0.119518 
3477.257184 0.122160 
3476.090072 0.124946 
3474.922960 0.127613 
3473.755848 0.130293 
3472.588737 0.132957 
3471.421625 0.135661 
3470.254513 0.138694 
3469.087401 0.141716 
3467.920290 0.144704 
3466.753178 0.147688 
3465.586066 0.150783 
3464.418954 0.153936 
3463.251843 0.157183 
3462.084731 0.160479 
3460.917619 0.163652 
3459.750508 0.167009 
3458.583396 0.170630 
3457.416284 0.174009 
3456.249172 0.177501 
3455.082061 0.181227 
3453.914949 0.185055 
3452.747837 0.188837 
3451.580725 0.192554 
3450.413614 0.196555 
3449.246502 0.200564 
3448.079390 0.204586 
3446.912278 0.208680 
3445.745167 0.212758 
3444.578055 0.216942 
3443.410943 0.221083 
3442.243831 0.225377 
3441.076720 0.229875 
3439.909608 0.234245 
3438.742496 0.238651 
3437.575384 0.243140 
3436.408273 0.247660 
3435.241161 0.251965 
3434.074049 0.256611 
3432.906938 0.261198 
3431.739826 0.265855 
3430.572714 0.270404 
3429.405602 0.274869 
3428.238491 0.279598 
3427.071379 0.284171 
3425.904267 0.288633 
3424.737155 0.293320 
3423.570044 0.298159 
3422.402932 0.302769 
3421.235820 0.307499 
3420.068708 0.312193 
3418.901597 0.316684 
3417.734485 0.321050 
3416.567373 0.325714 
3415.400261 0.330388 
3414.233150 0.334926 
3413.066038 0.339411 
3411.898926 0.343908 
3410.731815 0.348115 
3409.564703 0.352669 
3408.397591 0.357024 
3407.230479 0.361455 
3406.063368 0.365420 
3404.896256 0.369702 
3403.729144 0.374035 
3402.562032 0.378337 
3401.394921 0.382597 
3400.227809 0.386508 
3399.060697 0.390678 
3397.893585 0.394706 
3396.726474 0.398719 
3395.559362 0.402786 
3394.392250 0.406831 
3393.225138 0.410541 
3392.058027 0.414661 
3390.890915 0.418498 
3389.723803 0.421779 
3388.556692 0.425633 
3387.389580 0.429443 
3386.222468 0.432967 
3385.055356 0.436579 
3383.888245 0.439861 
3382.721133 0.443262 
3381.554021 0.446627 
3380.386909 0.449956 
3379.219798 0.453408 
3378.052686 0.456568 
3376.885574 0.459703 
3375.718462 0.462792 
3374.551351 0.465524 
3373.384239 0.468582 
3372.217127 0.471615 
3371.050015 0.474480 
3369.882904 0.477568 
3368.715792 0.480728 
3367.548680 0.483060 
3366.381568 0.485716 
3365.214457 0.488634 
3364.047345 0.490942 
3362.880233 0.493781 
3361.713122 0.496496 
3360.546010 0.498757 
3359.378898 0.501070 
3358.211786 0.503736 
3357.044675 0.506145 
3355.877563 0.508857 
3354.710451 0.511116 
3353.543339 0.513270 
3352.376228 0.515667 
3351.209116 0.518189 
3350.042004 0.520922 
3348.874892 0.523093 
3347.707781 0.525114 
3346.540669 0.527949 
3345.373557 0.530651 
3344.206445 0.532953 
3343.039334 0.534970 
3341.872222 0.537273 
3340.705110 0.539929 
3339.537999 0.542799 
3338.370887 0.545275 
3337.203775 0.547689 
3336.036663 0.550452 
3334.869552 0.552665 
3333.702440 0.555651 
3332.535328 0.558502 
3331.368216 0.561280 
3330.201105 0.563954 
3329.033993 0.566724 
3327.866881 0.569751 
3326.699769 0.572735 
3325.532658 0.575748 
3324.365546 0.578802 
3323.198434 0.582212 
3322.031322 0.585686 
3320.864211 0.588691 
3319.697099 0.591980 
3318.529987 0.595346 
3317.362876 0.598680 
3316.195764 0.602192 
3315.028652 0.606017 
3313.861540 0.610110 
3312.694429 0.613734 
3311.527317 0.617499 
3310.360205 0.621107 
3309.193093 0.624956 
3308.025982 0.628849 
3306.858870 0.633130 
3305.691758 0.637252 
3304.524646 0.641800 
3303.357535 0.645427 
3302.190423 0.649368 
3301.023311 0.653713 
3299.856199 0.657879 
3298.689088 0.661930 
3297.521976 0.666915 
3296.354864 0.671794 
3295.187753 0.676294 
3294.020641 0.680803 
3292.853529 0.685559 
3291.686417 0.690156 
3290.519306 0.694748 
3289.352194 0.699459 
3288.185082 0.704438 
3287.017970 0.709483 
3285.850859 0.715000 
3284.683747 0.719704 
3283.516635 0.724772 
3282.349523 0.730437 
3281.182412 0.736406 
3280.015300 0.741243 
3278.848188 0.746436 
3277.681076 0.752504 
3276.513965 0.757780 
3275.346853 0.763255 
3274.179741 0.769065 
3273.012629 0.774737 
3271.845518 0.780979 
3270.678406 0.787453 
3269.511294 0.793444 
3268.344183 0.799729 
3267.177071 0.805813 
3266.009959 0.812319 
3264.842847 0.818728 
3263.675736 0.826005 
3262.508624 0.833404 
3261.341512 0.840007 
3260.174400 0.846995 
3259.007289 0.854826 
3257.840177 0.862559 
3256.673065 0.868964 
3255.505953 0.874785 
3254.338842 0.882264 
3253.171730 0.889496 
3252.004618 0.896588 
3250.837506 0.902756 
3249.670395 0.910891 
3248.503283 0.918191 
3247.336171 0.924846 
3246.169060 0.932750 
3245.001948 0.938558 
3243.834836 0.944076 
3242.667724 0.950490 
3241.500613 0.957216 
3240.333501 0.963604 
3239.166389 0.968434 
3237.999277 0.973187 
3236.832166 0.978013 
3235.665054 0.982300 
3234.497942 0.987245 
3233.330830 0.991513 
3232.163719 0.992957 
3230.996607 0.994864 
3229.829495 0.997249 
3228.662383 0.999373 
3227.495272 1.000000 
3226.328160 0.999831 
3225.161048 0.999870 
3223.993937 0.998501 
3222.826825 0.997141 
3221.659713 0.996130 
3220.492601 0.994496 
3219.325490 0.992718 
3218.158378 0.990345 
3216.991266 0.986437 
3215.824154 0.982946 
3214.657043 0.979531 
3213.489931 0.977601 
3212.322819 0.972829 
3211.155707 0.968451 
3209.988596 0.963982 
3208.821484 0.960441 
3207.654372 0.956030 
3206.487260 0.951559 
3205.320149 0.946767 
3204.153037 0.941746 
3202.985925 0.937363 
3201.818813 0.933514 
3200.651702 0.928835 
3199.484590 0.923272 
3198.317478 0.919604 
3197.150367 0.916468 
3195.983255 0.912135 
3194.816143 0.907715 
3193.649031 0.903084 
3192.481920 0.898930 
3191.314808 0.895476 
3190.147696 0.892044 
3188.980584 0.887326 
3187.813473 0.884056 
3186.646361 0.880596 
3185.479249 0.877638 
3184.312137 0.873974 
3183.145026 0.870713 
3181.977914 0.868138 
3180.810802 0.864117 
3179.643690 0.861329 
3178.476579 0.858893 
3177.309467 0.856418 
3176.142355 0.853603 
3174.975244 0.850548 
3173.808132 0.848008 
3172.641020 0.845596 
3171.473908 0.843133 
3170.306797 0.841044 
3169.139685 0.838739 
3167.972573 0.836036 
3166.805461 0.834506 
3165.638350 0.833004 
3164.471238 0.830370 
3163.304126 0.828553 
3162.137014 0.826500 
3160.969903 0.824615 
3159.802791 0.822101 
3158.635679 0.818834 
3157.468567 0.816478 
3156.301456 0.815510 
3155.134344 0.811992 
3153.967232 0.809497 
3152.800121 0.807566 
3151.633009 0.804649 
3150.465897 0.800820 
3149.298785 0.797501 
3148.131674 0.794878 
3146.964562 0.791766 
3145.797450 0.788000 
3144.630338 0.784668 
3143.463227 0.780763 
3142.296115 0.776896 
3141.129003 0.772871 
3139.961891 0.768084 
3138.794780 0.763140 
3137.627668 0.758365 
3136.460556 0.753715 
3135.293444 0.747524 
3134.126333 0.741528 
3132.959221 0.736435 
3131.792109 0.729933 
3130.624998 0.723930 
3129.457886 0.717469 
3128.290774 0.710928 
3127.123662 0.703888 
3125.956551 0.696242 
3124.789439 0.688637 
3123.622327 0.681120 
3122.455215 0.672660 
3121.288104 0.664888 
3120.120992 0.656908 
3118.953880 0.648241 
3117.786768 0.639271 
3116.619657 0.630272 
3115.452545 0.621294 
3114.285433 0.612117 
3113.118321 0.602907 
3111.951210 0.593646 
3110.784098 0.584447 
3109.616986 0.575200 
3108.449874 0.565410 
3107.282763 0.556167 
3106.115651 0.546299 
3104.948539 0.536649 
3103.781428 0.527463 
3102.614316 0.517642 
3101.447204 0.508006 
3100.280092 0.498883 
3099.112981 0.489391 
3097.945869 0.480054 
3096.778757 0.470980 
3095.611645 0.462152 
3094.444534 0.453380 
3093.277422 0.444469 
3092.110310 0.435570 
3090.943198 0.427336 
3089.776087 0.418721 
3088.608975 0.410518 
3087.441863 0.402764 
3086.274751 0.394887 
3085.107640 0.387062 
3083.940528 0.379527 
3082.773416 0.372256 
3081.606305 0.365217 
3080.439193 0.358104 
3079.272081 0.351026 
3078.104969 0.344372 
3076.937858 0.337865 
3075.770746 0.331447 
3074.603634 0.325193 
3073.436522 0.318823 
3072.269411 0.312835 
3071.102299 0.306923 
3069.935187 0.301089 
3068.768075 0.295621 
3067.600964 0.290189 
3066.433852 0.284782 
3065.266740 0.279466 
3064.099628 0.274327 
3062.932517 0.269449 
3061.765405 0.264627 
3060.598293 0.259939 
3059.431182 0.255295 
3058.264070 0.250728 
3057.096958 0.246270 
3055.929846 0.241900 
3054.762735 0.237560 
3053.595623 0.233483 
3052.428511 0.229434 
3051.261399 0.225478 
3050.094288 0.221599 
3048.927176 0.217878 
3047.760064 0.214328 
3046.592952 0.210672 
3045.425841 0.207109 
3044.258729 0.203675 
3043.091617 0.200232 
3041.924505 0.196943 
3040.757394 0.193861 
3039.590282 0.190795 
3038.423170 0.187798 
3037.256058 0.184821 
3036.088947 0.181874 
3034.921835 0.179102 
3033.754723 0.176310 
3032.587612 0.173617 
3031.420500 0.171065 
3030.253388 0.168474 
3029.086276 0.166061 
3027.919165 0.163562 
3026.752053 0.161101 
3025.584941 0.158802 
3024.417829 0.156445 
3023.250718 0.154302 
3022.083606 0.152254 
3020.916494 0.150228 
3019.749382 0.148138 
3018.582271 0.146274 
3017.415159 0.144298 
3016.248047 0.142369 
3015.080935 0.140429 
3013.913824 0.138464 
3012.746712 0.136704 
3011.579600 0.135014 
3010.412489 0.133270 
3009.245377 0.131621 
3008.078265 0.129974 
3006.911153 0.128233 
3005.744042 0.126506 
3004.576930 0.124946 
3003.409818 0.123273 
3002.242706 0.121480 
3001.075595 0.119685 
2999.908483 0.118095 
2998.741371 0.116577 
2997.574259 0.114870 
2996.407148 0.113288 
2995.240036 0.111829 
2994.072924 0.110274 
2992.905812 0.108793 
2991.738701 0.107348 
2990.571589 0.106022 
2989.404477 0.104718 
2988.237366 0.103256 
2987.070254 0.101917 
2985.903142 0.100615 
2984.736030 0.099429 
2983.568919 0.098135 
2982.401807 0.096813 
2981.234695 0.095622 
2980.067583 0.094431 
2978.900472 0.093269 
2977.733360 0.092078 
2976.566248 0.090856 
2975.399136 0.089765 
2974.232025 0.088645 
2973.064913 0.087608 
2971.897801 0.086535 
2970.730689 0.085497 
2969.563578 0.084470 
2968.396466 0.083374 
2967.229354 0.082352 
2966.062243 0.081478 
2964.895131 0.080537 
2963.728019 0.079567 
2962.560907 0.078634 
2961.393796 0.077561 
2960.226684 0.076625 
2959.059572 0.075706 
2957.892460 0.074766 
2956.725349 0.073831 
2955.558237 0.072854 
2954.391125 0.071903 
2953.224013 0.070866 
2952.056902 0.069788 
2950.889790 0.068957 
2949.722678 0.068101 
2948.555566 0.067174 
2947.388455 0.066342 
2946.221343 0.065442 
2945.054231 0.064625 
2943.887119 0.063926 
2942.720008 0.063167 
2941.552896 0.062420 
2940.385784 0.061626 
2939.218673 0.060861 
2938.051561 0.060172 
2936.884449 0.059451 
2935.717337 0.058686 
2934.550226 0.058036 
2933.383114 0.057396 
2932.216002 0.056570 
2931.048890 0.055881 
2929.881779 0.055250 
2928.714667 0.054658 
2927.547555 0.053978 
2926.380443 0.053386 
2925.213332 0.052701 
2924.046220 0.052117 
2922.879108 0.051436 
2921.711996 0.050798 
2920.544885 0.050219 
2919.377773 0.049611 
2918.210661 0.048760 
2917.043550 0.047905 
2915.876438 0.047046 
2914.709326 0.046140 
2913.542214 0.045365 
2912.375103 0.044899 
2911.207991 0.044492 
2910.040879 0.044141 
2908.873767 0.043731 
2907.706656 0.043313 
2906.539544 0.042858 
2905.372432 0.042259 
2904.205320 0.041749 
2903.038209 0.041268 
2901.871097 0.040756 
2900.703985 0.040380 
2899.536873 0.039852 
2898.369762 0.039399 
2897.202650 0.039006 
2896.035538 0.038461 
2894.868427 0.037952 
2893.701315 0.037576 
2892.534203 0.037069 
2891.367091 0.036699 
2890.199980 0.036271 
2889.032868 0.035806 
2887.865756 0.035475 
2886.698644 0.035048 
2885.531533 0.034581 
2884.364421 0.034288 
2883.197309 0.033813 
2882.030197 0.033520 
2880.863086 0.033172 
2879.695974 0.032784 
2878.528862 0.032482 
2877.361750 0.032130 
2876.194639 0.031862 
2875.027527 0.031370 
2873.860415 0.031077 
2872.693303 0.030856 
2871.526192 0.030536 
2870.359080 0.030253 
2869.191968 0.029951 
2868.024857 0.029713 
2866.857745 0.029473 
2865.690633 0.029325 
2864.523521 0.029154 
2863.356410 0.028929 
2862.189298 0.028738 
2861.022186 0.028697 
2859.855074 0.028520 
2858.687963 0.028320 
2857.520851 0.028237 
2856.353739 0.028179 
2855.186627 0.028167 
2854.019516 0.027998 
2852.852404 0.027800 
2851.685292 0.027679 
2850.518180 0.027627 
2849.351069 0.027579 
2848.183957 0.027329 
2847.016845 0.026734 
2845.849734 0.025756 
2844.682622 0.025033 
2843.515510 0.024980 
2842.348398 0.025211 
2841.181287 0.025488 
2840.014175 0.025499 
2838.847063 0.025483 
2837.679951 0.025385 
2836.512840 0.025210 
2835.345728 0.025024 
2834.178616 0.024805 
2833.011504 0.024464 
2831.844393 0.024113 
2830.677281 0.023856 
2829.510169 0.023423 
2828.343057 0.022927 
2827.175946 0.022560 
2826.008834 0.022134 
2824.841722 0.021664 
2823.674611 0.021250 
2822.507499 0.020890 
2821.340387 0.020508 
2820.173275 0.020104 
2819.006164 0.019839 
2817.839052 0.019643 
2816.671940 0.019369 
2815.504828 0.019083 
2814.337717 0.018794 
2813.170605 0.018447 
2812.003493 0.018239 
2810.836381 0.017899 
2809.669270 0.017509 
2808.502158 0.017045 
2807.335046 0.016558 
2806.167934 0.016047 
2805.000823 0.015590 
2803.833711 0.015327 
2802.666599 0.015008 
2801.499488 0.014647 
2800.332376 0.014434 
2799.165264 0.014263 
2797.998152 0.013932 
2796.831041 0.013618 
2795.663929 0.013451 
2794.496817 0.013294 
2793.329705 0.013022 
2792.162594 0.012735 
2790.995482 0.012523 
2789.828370 0.012289 
2788.661258 0.012069 
2787.494147 0.011948 
2786.327035 0.011788 
2785.159923 0.011583 
2783.992811 0.011388 
2782.825700 0.011271 
2781.658588 0.011129 
2780.491476 0.010988 
2779.324364 0.010855 
2778.157253 0.010759 
2776.990141 0.010620 
2775.823029 0.010494 
2774.655918 0.010366 
2773.488806 0.010217 
2772.321694 0.010119 
2771.154582 0.009987 
2769.987471 0.009929 
2768.820359 0.009867 
2767.653247 0.009859 
2766.486135 0.009790 
2765.319024 0.009700 
2764.151912 0.009696 
2762.984800 0.009769 
2761.817688 0.009730 
2760.650577 0.009803 
2759.483465 0.009953 
2758.316353 0.010006 
2757.149241 0.010038 
2755.982130 0.010234 
2754.815018 0.010313 
2753.647906 0.010372 
2752.480795 0.010354 
2751.313683 0.010348 
2750.146571 0.010321 
2748.979459 0.010244 
2747.812348 0.010008 
2746.645236 0.009699 
2745.478124 0.009481 
2744.311012 0.009199 
2743.143901 0.008956 
2741.976789 0.008863 
2740.809677 0.008778 
2739.642565 0.008771 
2738.475454 0.008777 
2737.308342 0.008839 
2736.141230 0.008886 
2734.974118 0.009057 
2733.807007 0.009180 
2732.639895 0.009248 
2731.472783 0.009276 
2730.305672 0.009350 
2729.138560 0.009340 
2727.971448 0.009273 
2726.804336 0.009100 
2725.637225 0.008909 
2724.470113 0.008633 
2723.303001 0.008379 
2722.135889 0.008016 
2720.968778 0.007582 
2719.801666 0.007151 
2718.634554 0.006644 
2717.467442 0.006173 
2716.300331 0.005787 
2715.133219 0.005494 
2713.966107 0.005278 
2712.798995 0.004975 
2711.631884 0.004746 
2710.464772 0.004421 
2709.297660 0.004229 
2708.130548 0.004095 
2706.963437 0.004006 
2705.796325 0.003865 
2704.629213 0.003744 
2703.462102 0.003549 
2702.294990 0.003399 
2701.127878 0.003332 
2699.960766 0.003287 
2698.793655 0.003238 
2697.626543 0.003165 
2696.459431 0.003032 
2695.292319 0.002825 
2694.125208 0.002669 
2692.958096 0.002661 
2691.790984 0.002603 
2690.623872 0.002447 
2689.456761 0.002285 
2688.289649 0.002163 
2687.122537 0.002082 
2685.955425 0.002006 
2684.788314 0.001968 
2683.621202 0.001828 
2682.454090 0.001660 
2681.286979 0.001624 
2680.119867 0.001637 
2678.952755 0.001552 
2677.785643 0.001444 
2676.618532 0.001390 
2675.451420 0.001318 
2674.284308 0.001310 
2673.117196 0.001191 
2671.950085 0.001201 
2670.782973 0.001162 
2669.615861 0.001108 
2668.448749 0.001023 
2667.281638 0.000886 
2666.114526 0.000859 
2664.947414 0.000826 
2663.780302 0.000774 
2662.613191 0.000725 
2661.446079 0.000647 
2660.278967 0.000627 
2659.111856 0.000628 
2657.944744 0.000563 
2656.777632 0.000525 
2655.610520 0.000577 
2654.443409 0.000512 
2653.276297 0.000451 
2652.109185 0.000420 
2650.942073 0.000473 
2649.774962 0.000387 
2648.607850 0.000289 
2647.440738 0.000277 
2646.273626 0.000274 
2645.106515 0.000242 
2643.939403 0.000141 
2642.772291 0.000151 
2641.605179 0.000232 
2640.438068 0.000177 
2639.270956 0.000167 
2638.103844 0.000162 
2636.936733 0.000106 
2635.769621 0.000100 
2634.602509 0.000029 
2633.435397 0.000038 
2632.268286 -0.000000 
2631.101174 -0.000026 
2629.934062 0.000017 
2628.766950 -0.000009 
2627.599839 -0.000091 
2626.432727 -0.000076 
2625.265615 -0.000029 
2624.098503 -0.000018 
2622.931392 -0.000032 
2621.764280 -0.000083 
2620.597168 -0.000076 
2619.430056 -0.000038 
2618.262945 -0.000037 
2617.095833 0.000009 
2615.928721 -0.000043 
2614.761609 -0.000048 
2613.594498 -0.000115 
2612.427386 -0.000056 
2611.260274 -0.000052 
2610.093163 -0.000123 
2608.926051 -0.000117 
2607.758939 -0.000086 
2606.591827 -0.000039 
2605.424716 0.000002 
2604.257604 -0.000037 
2603.090492 0.000017 
2601.923380 0.000004 
2600.756269 -0.000025 
2599.589157 -0.000055 
2598.422045 -0.000047 
2597.254933 -0.000061 
2596.087822 0.000009 
2594.920710 0.000035 
2593.753598 0.000052 
2592.586486 0.000019 
2591.419375 0.000036 
2590.252263 0.000043 
2589.085151 -0.000051 
2587.918040 -0.000105 
2586.750928 -0.000017 
2585.583816 -0.000025 
2584.416704 -0.000009 
2583.249593 -0.000000 
2582.082481 -0.000037 
2580.915369 0.000043 
2579.748257 0.000004 
2578.581146 -0.000007 
2577.414034 -0.000009 
2576.246922 0.000013 
2575.079810 0.000052 
2573.912699 0.000000 
2572.745587 -0.000039 
2571.578475 0.000025 
2570.411363 0.000049 
2569.244252 0.000055 
2568.077140 0.000066 
2566.910028 0.000002 
2565.742917 -0.000017 
2564.575805 -0.000010 
2563.408693 0.000041 
2562.241581 0.000081 
2561.074470 0.000008 
2559.907358 -0.000018 
2558.740246 0.000077 
2557.573134 0.000060 
2556.406023 0.000016 
2555.238911 0.000006 
2554.071799 0.000014 
2552.904687 -0.000014 
2551.737576 0.000007 
2550.570464 -0.000016 
2549.403352 -0.000037 
2548.236240 -0.000033 
2547.069129 -0.000001 
2545.902017 -0.000005 
2544.734905 -0.000046 
2543.567794 -0.000017 
2542.400682 0.000009 
2541.233570 0.000049 
2540.066458 0.000037 
2538.899347 0.000066 
2537.732235 0.000034 
2536.565123 0.000003 
2535.398011 -0.000030 
2534.230900 -0.000019 
2533.063788 0.000021 
2531.896676 0.000017 
2530.729564 0.000007 
2529.562453 -0.000070 
2528.395341 -0.000052 
2527.228229 -0.000009 
2526.061117 -0.000009 
2524.894006 0.000052 
2523.726894 0.000021 
2522.559782 0.000009 
2521.392670 -0.000026 
2520.225559 -0.000095 
2519.058447 -0.000079 
2517.891335 -0.000026 
2516.724224 -0.000021 
2515.557112 -0.000055 
2514.390000 -0.000049 
2513.222888 -0.000002 
2512.055777 -0.000018 
2510.888665 -0.000007 
2509.721553 -0.000011 
2508.554441 0.000023 
2507.387330 -0.000040 
2506.220218 -0.000036 
2505.053106 -0.000046 
2503.885994 -0.000036 
2502.718883 0.000030 
2501.551771 -0.000024 
2500.384659 -0.000060 
2499.217547 -0.000062 
2498.050436 -0.000010 
2496.883324 0.000014 
2495.716212 0.000022 
2494.549101 -0.000016 
2493.381989 -0.000014 
2492.214877 0.000055 
2491.047765 0.000026 
2489.880654 -0.000009 
2488.713542 -0.000063 
2487.546430 -0.000089 
2486.379318 -0.000026 
2485.212207 0.000001 
2484.045095 -0.000021 
2482.877983 -0.000043 
2481.710871 -0.000114 
2480.543760 -0.000136 
2479.376648 -0.000060 
2478.209536 -0.000048 
2477.042424 -0.000034 
2475.875313 -0.000019 
2474.708201 -0.000046 
2473.541089 -0.000103 
2472.373978 -0.000081 
2471.206866 0.000014 
2470.039754 0.000021 
2468.872642 -0.000029 
2467.705531 -0.000040 
2466.538419 -0.000032 
2465.371307 0.000011 
2464.204195 0.000004 
2463.037084 0.000027 
2461.869972 0.000009 
2460.702860 0.000046 
2459.535748 0.000101 
2458.368637 0.000100 
2457.201525 0.000053 
2456.034413 0.000047 
2454.867301 0.000024 
2453.700190 -0.000040 
2452.533078 -0.000081 
2451.365966 -0.000144 
2450.198854 -0.000192 
2449.031743 -0.000207 
2447.864631 -0.000194 
2446.697519 -0.000237 
2445.530408 -0.000254 
2444.363296 -0.000220 
2443.196184 -0.000194 
2442.029072 -0.000230 
2440.861961 -0.000276 
2439.694849 -0.000203 
2438.527737 -0.000142 
2437.360625 -0.000067 
2436.193514 -0.000193 
2435.026402 -0.000218 
2433.859290 -0.000094 
2432.692178 -0.000026 
2431.525067 0.000032 
2430.357955 0.000056 
2429.190843 0.000022 
2428.023731 0.000046 
2426.856620 0.000071 
2425.689508 0.000139 
2424.522396 0.000166 
2423.355285 0.000125 
2422.188173 0.000106 
2421.021061 0.000066 
2419.853949 0.000037 
2418.686838 0.000052 
2417.519726 0.000080 
2416.352614 0.000032 
2415.185502 -0.000087 
2414.018391 -0.000144 
2412.851279 -0.000146 
2411.684167 -0.000142 
2410.517055 -0.000113 
2409.349944 -0.000185 
2408.182832 -0.000261 
2407.015720 -0.000216 
2405.848608 -0.000210 
2404.681497 -0.000199 
2403.514385 -0.000222 
2402.347273 -0.000244 
2401.180162 -0.000208 
2400.013050 -0.000186 
2398.845938 -0.000146 
2397.678826 -0.000108 
2396.511715 -0.000102 
2395.344603 -0.000173 
2394.177491 -0.000202 
2393.010379 -0.000129 
2391.843268 -0.000107 
2390.676156 -0.000148 
2389.509044 -0.000132 
2388.341932 -0.000049 
2387.174821 -0.000025 
2386.007709 0.000038 
2384.840597 0.000032 
2383.673485 0.000066 
2382.506374 0.000019 
2381.339262 -0.000033 
2380.172150 0.000061 
2379.005039 0.000079 
2377.837927 -0.000049 
2376.670815 -0.000066 
2375.503703 -0.000065 
2374.336592 -0.000070 
2373.169480 -0.000223 
2372.002368 -0.000351 
2370.835256 -0.000363 
2369.668145 -0.000570 
2368.501033 -0.000622 
2367.333921 -0.000739 
2366.166809 -0.000804 
2364.999698 -0.000815 
2363.832586 -0.000837 
2362.665474 -0.000841 
2361.498362 -0.000825 
2360.331251 -0.000675 
2359.164139 -0.000514 
2357.997027 -0.000318 
2356.829915 -0.000141 
2355.662804 -0.000013 
2354.495692 0.000276 
2353.328580 0.000657 
2352.161469 0.000983 
2350.994357 0.001206 
2349.827245 0.001544 
2348.660133 0.001696 
2347.493022 0.001650 
2346.325910 0.001604 
2345.158798 0.001698 
2343.991686 0.001627 
2342.824575 0.001618 
2341.657463 0.001777 
2340.490351 0.001724 
2339.323239 0.001651 
2338.156128 0.001908 
2336.989016 0.001896 
2335.821904 0.001740 
2334.654792 0.002018 
2333.487681 0.002122 
2332.320569 0.002123 
2331.153457 0.002432 
2329.986346 0.002450 
2328.819234 0.002622 
2327.652122 0.003057 
2326.485010 0.003005 
2325.317899 0.003259 
2324.150787 0.003484 
2322.983675 0.003571 
2321.816563 0.003987 
2320.649452 0.004043 
2319.482340 0.004307 
2318.315228 0.004566 
2317.148116 0.004660 
2315.981005 0.004936 
2314.813893 0.005052 
2313.646781 0.005363 
2312.479669 0.005521 
2311.312558 0.005653 
2310.145446 0.005910 
2308.978334 0.006017 
2307.811223 0.006256 
2306.644111 0.006424 
2305.476999 0.006654 
2304.309887 0.006799 
2303.142776 0.006996 
2301.975664 0.007141 
2300.808552 0.007284 
2299.641440 0.007468 
2298.474329 0.007717 
2297.307217 0.007924 
2296.140105 0.008123 
2294.972993 0.008317 
2293.805882 0.008415 
2292.638770 0.008594 
2291.471658 0.008796 
2290.304546 0.008952 
2289.137435 0.009224 
2287.970323 0.009417 
2286.803211 0.009537 
2285.636099 0.009701 
2284.468988 0.009890 
2283.301876 0.010073 
2282.134764 0.010279 
2280.967653 0.010452 
2279.800541 0.010693 
2278.633429 0.010893 
2277.466317 0.011043 
2276.299206 0.011307 
2275.132094 0.011432 
2273.964982 0.011680 
2272.797870 0.011736 
2271.630759 0.011901 
2270.463647 0.012128 
2269.296535 0.012352 
2268.129423 0.012468 
2266.962312 0.012592 
2265.795200 0.012765 
2264.628088 0.012913 
2263.460976 0.013101 
2262.293865 0.013301 
2261.126753 0.013437 
2259.959641 0.013557 
2258.792530 0.013679 
2257.625418 0.013872 
2256.458306 0.014048 
2255.291194 0.014218 
2254.124083 0.014376 
2252.956971 0.014522 
2251.789859 0.014643 
2250.622747 0.014799 
2249.455636 0.014957 
2248.288524 0.015017 
2247.121412 0.015173 
2245.954300 0.015366 
2244.787189 0.015405 
2243.620077 0.015564 
2242.452965 0.015732 
2241.285853 0.015860 
2240.118742 0.016001 
2238.951630 0.016104 
2237.784518 0.016261 
2236.617407 0.016264 
2235.450295 0.016304 
2234.283183 0.016472 
2233.116071 0.016568 
2231.948960 0.016634 
2230.781848 0.016736 
2229.614736 0.016779 
2228.447624 0.016862 
2227.280513 0.016923 
2226.113401 0.016839 
2224.946289 0.016890 
2223.779177 0.016963 
2222.612066 0.017053 
2221.444954 0.017079 
2220.277842 0.017012 
2219.110730 0.017026 
2217.943619 0.017052 
2216.776507 0.017056 
2215.609395 0.017028 
2214.442284 0.016976 
2213.275172 0.016957 
2212.108060 0.016982 
2210.940948 0.016976 
2209.773837 0.016891 
2208.606725 0.016828 
2207.439613 0.016809 
2206.272501 0.016747 
2205.105390 0.016695 
2203.938278 0.016611 
2202.771166 0.016533 
2201.604054 0.016532 
2200.436943 0.016463 
2199.269831 0.016409 
2198.102719 0.016325 
2196.935607 0.016258 
2195.768496 0.016186 
2194.601384 0.016121 
2193.434272 0.015987 
2192.267160 0.015854 
2191.100049 0.015850 
2189.932937 0.015760 
2188.765825 0.015596 
2187.598714 0.015492 
2186.431602 0.015391 
2185.264490 0.015320 
2184.097378 0.015210 
2182.930267 0.015117 
2181.763155 0.015026 
2180.596043 0.014880 
2179.428931 0.014756 
2178.261820 0.014607 
2177.094708 0.014461 
2175.927596 0.014330 
2174.760484 0.014185 
2173.593373 0.014089 
2172.426261 0.013974 
2171.259149 0.013902 
2170.092037 0.013749 
2168.924926 0.013532 
2167.757814 0.013356 
2166.590702 0.013307 
2165.423591 0.013187 
2164.256479 0.013021 
2163.089367 0.012802 
2161.922255 0.012591 
2160.755144 0.012411 
2159.588032 0.012341 
2158.420920 0.012258 
2157.253808 0.012126 
2156.086697 0.011992 
2154.919585 0.011835 
2153.752473 0.011629 
2152.585361 0.011478 
2151.418250 0.011313 
2150.251138 0.011220 
2149.084026 0.011026 
2147.916914 0.010848 
2146.749803 0.010687 
2145.582691 0.010541 
2144.415579 0.010483 
2143.248468 0.010326 
2142.081356 0.010152 
2140.914244 0.010048 
2139.747132 0.009886 
2138.580021 0.009755 
2137.412909 0.009597 
2136.245797 0.009521 
2135.078685 0.009377 
2133.911574 0.009205 
2132.744462 0.009086 
2131.577350 0.008901 
2130.410238 0.008800 
2129.243127 0.008697 
2128.076015 0.008550 
2126.908903 0.008383 
2125.741791 0.008303 
2124.574680 0.008102 
2123.407568 0.007968 
2122.240456 0.007887 
2121.073344 0.007806 
2119.906233 0.007641 
2118.739121 0.007535 
2117.572009 0.007374 
2116.404898 0.007241 
2115.237786 0.007182 
2114.070674 0.006997 
2112.903562 0.006922 
2111.736451 0.006776 
2110.569339 0.006646 
2109.402227 0.006584 
2108.235115 0.006490 
2107.068004 0.006366 
2105.900892 0.006220 
2104.733780 0.006142 
2103.566668 0.006005 
2102.399557 0.005914 
2101.232445 0.005849 
2100.065333 0.005723 
2098.898221 0.005592 
2097.731110 0.005568 
2096.563998 0.005475 
2095.396886 0.005343 
2094.229775 0.005225 
2093.062663 0.005160 
2091.895551 0.005041 
2090.728439 0.004979 
2089.561328 0.004853 
2088.394216 0.004781 
2087.227104 0.004669 
2086.059992 0.004544 
2084.892881 0.004500 
2083.725769 0.004439 
2082.558657 0.004327 
2081.391545 0.004221 
2080.224434 0.004201 
2079.057322 0.004084 
2077.890210 0.003949 
2076.723098 0.003851 
2075.555987 0.003869 
2074.388875 0.003746 
2073.221763 0.003642 
2072.054652 0.003630 
2070.887540 0.003628 
2069.720428 0.003482 
2068.553316 0.003354 
2067.386205 0.003347 
2066.219093 0.003301 
2065.051981 0.003241 
2063.884869 0.003178 
2062.717758 0.003106 
2061.550646 0.002979 
2060.383534 0.002874 
2059.216422 0.002866 
2058.049311 0.002857 
2056.882199 0.002805 
2055.715087 0.002746 
2054.547975 0.002674 
2053.380864 0.002546 
2052.213752 0.002551 
2051.046640 0.002499 
2049.879529 0.002453 
2048.712417 0.002387 
2047.545305 0.002360 
2046.378193 0.002325 
2045.211082 0.002283 
2044.043970 0.002221 
2042.876858 0.002186 
2041.709746 0.002149 
2040.542635 0.002100 
2039.375523 0.002030 
2038.208411 0.002035 
2037.041299 0.001964 
2035.874188 0.001909 
2034.707076 0.001838 
2033.539964 0.001776 
2032.372852 0.001739 
2031.205741 0.001697 
2030.038629 0.001618 
2028.871517 0.001663 
2027.704405 0.001595 
2026.537294 0.001515 
2025.370182 0.001495 
2024.203070 0.001463 
2023.035959 0.001416 
2021.868847 0.001372 
2020.701735 0.001359 
2019.534623 0.001363 
2018.367512 0.001301 
2017.200400 0.001224 
2016.033288 0.001222 
2014.866176 0.001197 
2013.699065 0.001094 
2012.531953 0.001095 
2011.364841 0.001095 
2010.197729 0.001064 
2009.030618 0.001058 
2007.863506 0.000986 
2006.696394 0.000926 
2005.529282 0.000896 
2004.362171 0.000910 
2003.195059 0.000872 
2002.027947 0.000800 
2000.860836 0.000827 
1999.693724 0.000896 
1998.526612 0.000845 
1997.359500 0.000810 
1996.192389 0.000745 
1995.025277 0.000697 
1993.858165 0.000654 
1992.691053 0.000635 
1991.523942 0.000600 
1990.356830 0.000641 
1989.189718 0.000683 
1988.022606 0.000615 
1986.855495 0.000514 
1985.688383 0.000481 
1984.521271 0.000493 
1983.354159 0.000469 
1982.187048 0.000416 
1981.019936 0.000420 
1979.852824 0.000419 
1978.685713 0.000331 
1977.518601 0.000343 
1976.351489 0.000321 
1975.184377 0.000277 
1974.017266 0.000241 
1972.850154 0.000245 
1971.683042 0.000257 
1970.515930 0.000263 
1969.348819 0.000241 
1968.181707 0.000131 
1967.014595 0.000112 
1965.847483 0.000100 
1964.680372 0.000160 
1963.513260 0.000159 
1962.346148 0.000118 
1961.179036 0.000096 
1960.011925 0.000066 
1958.844813 0.000006 
1957.677701 0.000005 
1956.510589 0.000001 
1955.343478 0.000040 
1954.176366 0.000026 
1953.009254 -0.000011 
1951.842143 -0.000011 
1950.675031 -0.000060 
1949.507919 0.000012 
1948.340807 -0.000003 
1947.173696 0.000011 
1946.006584 0.000002 
1944.839472 -0.000014 
1943.672360 -0.000021 
1942.505249 -0.000027 
1941.338137 -0.000026 
1940.171025 0.000003 
1939.003913 -0.000021 
1937.836802 -0.000019 
1936.669690 -0.000021 
1935.502578 -0.000046 
1934.335466 -0.000019 
1933.168355 -0.000011 
1932.001243 0.000002 
1930.834131 0.000009 
1929.667020 0.000014 
1928.499908 -0.000033 
1927.332796 0.000015 
1926.165684 0.000032 
1924.998573 0.000013 
1923.831461 -0.000003 
1922.664349 -0.000002 
1921.497237 0.000027 
1920.330126 0.000080 
1919.163014 0.000092 
1917.995902 0.000026 
1916.828790 -0.000005 
1915.661679 -0.000037 
1914.494567 0.000020 
1913.327455 0.000014 
1912.160343 -0.000034 
1910.993232 0.000018 
1909.826120 0.000040 
1908.659008 0.000054 
1907.491897 0.000035 
1906.324785 0.000029 
1905.157673 0.000031 
1903.990561 0.000007 
1902.823450 0.000028 
1901.656338 0.000016 
1900.489226 -0.000002 
1899.322114 -0.000037 
1898.155003 0.000006 
1896.987891 0.000010 
1895.820779 -0.000083 
1894.653667 -0.000067 
1893.486556 0.000014 
1892.319444 0.000048 
1891.152332 0.000014 
1889.985220 -0.000056 
1888.818109 0.000003 
1887.650997 -0.000021 
1886.483885 -0.000034 
1885.316774 -0.000022 
1884.149662 0.000008 
1882.982550 0.000000 
1881.815438 -0.000041 
1880.648327 -0.000005 
1879.481215 0.000014 
1878.314103 -0.000041 
1877.146991 -0.000069 
1875.979880 -0.000031 
1874.812768 0.000008 
1873.645656 -0.000066 
1872.478544 -0.000033 
1871.311433 -0.000013 
1870.144321 -0.000051 
1868.977209 -0.000077 
1867.810097 -0.000003 
1866.642986 -0.000045 
1865.475874 -0.000122 
1864.308762 -0.000032 
1863.141650 0.000013 
1861.974539 -0.000003 
1860.807427 -0.000010 
1859.640315 -0.000057 
1858.473204 -0.000122 
1857.306092 -0.000066 
1856.138980 -0.000079 
1854.971868 -0.000071 
1853.804757 -0.000134 
1852.637645 -0.000135 
1851.470533 -0.000135 
1850.303421 -0.000128 
1849.136310 -0.000149 
1847.969198 -0.000153 
1846.802086 -0.000242 
1845.634974 -0.000261 
1844.467863 -0.000289 
1843.300751 -0.000213 
1842.133639 -0.000213 
1840.966527 -0.000216 
1839.799416 -0.000177 
1838.632304 -0.000177 
1837.465192 -0.000209 
1836.298081 -0.000226 
1835.130969 -0.000206 
1833.963857 -0.000185 
1832.796745 -0.000198 
1831.629634 -0.000175 
1830.462522 -0.000224 
1829.295410 -0.000202 
1828.128298 -0.000144 
1826.961187 -0.000089 
1825.794075 -0.000126 
1824.626963 -0.000152 
1823.459851 -0.000139 
1822.292740 -0.000109 
1821.125628 -0.000021 
1819.958516 -0.000011 
1818.791404 -0.000032 
1817.624293 -0.000018 
1816.457181 0.000083 
1815.290069 0.000145 
1814.122958 0.000200 
1812.955846 0.000253 
1811.788734 0.000305 
1810.621622 0.000364 
1809.454511 0.000468 
1808.287399 0.000487 
1807.120287 0.000525 
1805.953175 0.000619 
1804.786064 0.000707 
1803.618952 0.000748 
1802.451840 0.000835 
1801.284728 0.000924 
1800.117617 0.001027 
1798.950505 0.001139 
1797.783393 0.001294 
1796.616281 0.001405 
1795.449170 0.001543 
1794.282058 0.001678 
1793.114946 0.001615 
1791.947835 0.001731 
1790.780723 0.001975 
1789.613611 0.002182 
1788.446499 0.002310 
1787.279388 0.002466 
1786.112276 0.002617 
1784.945164 0.002705 
1783.778052 0.002901 
1782.610941 0.003101 
1781.443829 0.003292 
1780.276717 0.003464 
1779.109605 0.003652 
1777.942494 0.003865 
1776.775382 0.004139 
1775.608270 0.004318 
1774.441158 0.004478 
1773.274047 0.004601 
1772.106935 0.004801 
1770.939823 0.005150 
1769.772711 0.005497 
1768.605600 0.005723 
1767.438488 0.006063 
1766.271376 0.006384 
1765.104265 0.006642 
1763.937153 0.006986 
1762.770041 0.007342 
1761.602929 0.007614 
1760.435818 0.007992 
1759.268706 0.008459 
1758.101594 0.008886 
1756.934482 0.009270 
1755.767371 0.009771 
1754.600259 0.010315 
1753.433147 0.010880 
1752.266035 0.011467 
1751.098924 0.012082 
1749.931812 0.012992 
1748.764700 0.013878 
1747.597588 0.014802 
1746.430477 0.015922 
1745.263365 0.017322 
1744.096253 0.018928 
1742.929142 0.020880 
1741.762030 0.023470 
1740.594918 0.026828 
1739.427806 0.031178 
1738.260695 0.037066 
1737.093583 0.044210 
1735.926471 0.052168 
1734.759359 0.059721 
1733.592248 0.065614 
1732.425136 0.068903 
1731.258024 0.069120 
1730.090912 0.066440 
1728.923801 0.062194 
1727.756689 0.057254 
1726.589577 0.052462 
1725.422465 0.048467 
1724.255354 0.045413 
1723.088242 0.043285 
1721.921130 0.041733 
1720.754019 0.040466 
1719.586907 0.039393 
1718.419795 0.038317 
1717.252683 0.037204 
1716.085572 0.036546 
1714.918460 0.035603 
1713.751348 0.034834 
1712.584236 0.034157 
1711.417125 0.033530 
1710.250013 0.032985 
1709.082901 0.032596 
1707.915789 0.032279 
1706.748678 0.031845 
1705.581566 0.031530 
1704.414454 0.031379 
1703.247342 0.031312 
1702.080231 0.031127 
1700.913119 0.030797 
1699.746007 0.030694 
1698.578895 0.031027 
1697.411784 0.031111 
1696.244672 0.030982 
1695.077560 0.031246 
1693.910449 0.031655 
1692.743337 0.031765 
1691.576225 0.031901 
1690.409113 0.031946 
1689.242002 0.032080 
1688.074890 0.032181 
1686.907778 0.032404 
1685.740666 0.032380 
1684.573555 0.032239 
1683.406443 0.032708 
1682.239331 0.033070 
1681.072219 0.033277 
1679.905108 0.033453 
1678.737996 0.033723 
1677.570884 0.033890 
1676.403772 0.033991 
1675.236661 0.034064 
1674.069549 0.034370 
1672.902437 0.034551 
1671.735326 0.034657 
1670.568214 0.034898 
1669.401102 0.034939 
1668.233990 0.035119 
1667.066879 0.035268 
1665.899767 0.035398 
1664.732655 0.035432 
1663.565543 0.035451 
1662.398432 0.035443 
1661.231320 0.035594 
1660.064208 0.035747 
1658.897096 0.035855 
1657.729985 0.035958 
1656.562873 0.036060 
1655.395761 0.036243 
1654.228649 0.036193 
1653.061538 0.036013 
1651.894426 0.036235 
1650.727314 0.036564 
1649.560203 0.036580 
1648.393091 0.036508 
1647.225979 0.036445 
1646.058867 0.036368 
1644.891756 0.036498 
1643.724644 0.036557 
1642.557532 0.036481 
1641.390420 0.036429 
1640.223309 0.036218 
1639.056197 0.036213 
1637.889085 0.036210 
1636.721973 0.036187 
1635.554862 0.035991 
1634.387750 0.036053 
1633.220638 0.036088 
1632.053526 0.036039 
1630.886415 0.036009 
1629.719303 0.036081 
1628.552191 0.036172 
1627.385080 0.036253 
1626.217968 0.036311 
1625.050856 0.036263 
1623.883744 0.036146 
1622.716633 0.036088 
1621.549521 0.036107 
1620.382409 0.036102 
1619.215297 0.036045 
1618.048186 0.035952 
1616.881074 0.035607 
1615.713962 0.035612 
1614.546850 0.035539 
1613.379739 0.035389 
1612.212627 0.035274 
1611.045515 0.035184 
1609.878403 0.035077 
1608.711292 0.034959 
1607.544180 0.034789 
1606.377068 0.034711 
1605.209956 0.034583 
1604.042845 0.034487 
1602.875733 0.034346 
1601.708621 0.034194 
1600.541510 0.034099 
1599.374398 0.033962 
1598.207286 0.033848 
1597.040174 0.033729 
1595.873063 0.033625 
1594.705951 0.033478 
1593.538839 0.033405 
1592.371727 0.033286 
1591.204616 0.033112 
1590.037504 0.033063 
1588.870392 0.032986 
1587.703280 0.032815 
1586.536169 0.032630 
1585.369057 0.032573 
1584.201945 0.032430 
1583.034833 0.032339 
1581.867722 0.032295 
1580.700610 0.032134 
1579.533498 0.032012 
1578.366387 0.031942 
1577.199275 0.031752 
1576.032163 0.031444 
1574.865051 0.031523 
1573.697940 0.031498 
1572.530828 0.031397 
1571.363716 0.031263 
1570.196604 0.031071 
1569.029493 0.030941 
1567.862381 0.030919 
1566.695269 0.030832 
1565.528157 0.030702 
1564.361046 0.030558 
1563.193934 0.030453 
1562.026822 0.030372 
1560.859710 0.030102 
1559.692599 0.029779 
1558.525487 0.029652 
1557.358375 0.029699 
1556.191264 0.029703 
1555.024152 0.029371 
1553.857040 0.029119 
1552.689928 0.029115 
1551.522817 0.029176 
1550.355705 0.029163 
1549.188593 0.029145 
1548.021481 0.029073 
1546.854370 0.028901 
1545.687258 0.028678 
1544.520146 0.028522 
1543.353034 0.028298 
1542.185923 0.027783 
1541.018811 0.027467 
1539.851699 0.027250 
1538.684587 0.027418 
1537.517476 0.028011 
1536.350364 0.028165 
1535.183252 0.028055 
1534.016140 0.027781 
1532.849029 0.027736 
1531.681917 0.027690 
1530.514805 0.027640 
1529.347694 0.027551 
1528.180582 0.027341 
1527.013470 0.027101 
1525.846358 0.026818 
1524.679247 0.026446 
1523.512135 0.026154 
1522.345023 0.026049 
1521.177911 0.026016 
1520.010800 0.026226 
1518.843688 0.026217 
1517.676576 0.026049 
1516.509464 0.025972 
1515.342353 0.025909 
1514.175241 0.025756 
1513.008129 0.025612 
1511.841017 0.025497 
1510.673906 0.025400 
1509.506794 0.025238 
1508.339682 0.025033 
1507.172571 0.024669 
1506.005459 0.024568 
1504.838347 0.024620 
1503.671235 0.024671 
1502.504124 0.024491 
1501.337012 0.024396 
1500.169900 0.024202 
1499.002788 0.023959 
1497.835677 0.023857 
1496.668565 0.023702 
1495.501453 0.023626 
1494.334341 0.023645 
1493.167230 0.023526 
1492.000118 0.023405 
1490.833006 0.023227 
1489.665894 0.023119 
1488.498783 0.023024 
1487.331671 0.022835 
1486.164559 0.022794 
1484.997448 0.022716 
1483.830336 0.022585 
1482.663224 0.022480 
1481.496112 0.022354 
1480.329001 0.022254 
1479.161889 0.022101 
1477.994777 0.021873 
1476.827665 0.021708 
1475.660554 0.021521 
1474.493442 0.021375 
1473.326330 0.021188 
1472.159218 0.021151 
1470.992107 0.021143 
1469.824995 0.021033 
1468.657883 0.020809 
1467.490771 0.020668 
1466.323660 0.020524 
1465.156548 0.020289 
1463.989436 0.020258 
1462.822325 0.020216 
1461.655213 0.020095 
1460.488101 0.019961 
1459.320989 0.019869 
1458.153878 0.019671 
1456.986766 0.019391 
1455.819654 0.019430 
1454.652542 0.019447 
1453.485431 0.019379 
1452.318319 0.019241 
1451.151207 0.019175 
1449.984095 0.019142 
1448.816984 0.019012 
1447.649872 0.018838 
1446.482760 0.018850 
1445.315648 0.018775 
1444.148537 0.018766 
1442.981425 0.018737 
1441.814313 0.018732 
1440.647201 0.018776 
1439.480090 0.018859 
1438.312978 0.018939 
1437.145866 0.018973 
1435.978755 0.019266 
1434.811643 0.019821 
1433.644531 0.020417 
1432.477419 0.021190 
1431.310308 0.022219 
1430.143196 0.023547 
1428.976084 0.025234 
1427.808972 0.027098 
1426.641861 0.028974 
1425.474749 0.030146 
1424.307637 0.030048 
1423.140525 0.028634 
1421.973414 0.026636 
1420.806302 0.024660 
1419.639190 0.022842 
1418.472078 0.021518 
1417.304967 0.020584 
1416.137855 0.019846 
1414.970743 0.019180 
1413.803632 0.018525 
1412.636520 0.017968 
1411.469408 0.017636 
1410.302296 0.017429 
1409.135185 0.017251 
1407.968073 0.017041 
1406.800961 0.016898 
1405.633849 0.016848 
1404.466738 0.016857 
1403.299626 0.017022 
1402.132514 0.017315 
1400.965402 0.017675 
1399.798291 0.018033 
1398.631179 0.018457 
1397.464067 0.018614 
1396.296955 0.018244 
1395.129844 0.017327 
1393.962732 0.016223 
1392.795620 0.015401 
1391.628509 0.014761 
1390.461397 0.014254 
1389.294285 0.013838 
1388.127173 0.013391 
1386.960062 0.013016 
1385.792950 0.012778 
1384.625838 0.012575 
1383.458726 0.012316 
1382.291615 0.011956 
1381.124503 0.011652 
1379.957391 0.011422 
1378.790279 0.011246 
1377.623168 0.011009 
1376.456056 0.010799 
1375.288944 0.010571 
1374.121832 0.010314 
1372.954721 0.010106 
1371.787609 0.009987 
1370.620497 0.009753 
1369.453385 0.009598 
1368.286274 0.009415 
1367.119162 0.009279 
1365.952050 0.009233 
1364.784939 0.009195 
1363.617827 0.008995 
1362.450715 0.008912 
1361.283603 0.008910 
1360.116492 0.008993 
1358.949380 0.009134 
1357.782268 0.009459 
1356.615156 0.010032 
1355.448045 0.011066 
1354.280933 0.012736 
1353.113821 0.015508 
1351.946709 0.019886 
1350.779598 0.026118 
1349.612486 0.032343 
1348.445374 0.033565 
1347.278262 0.027520 
1346.111151 0.019822 
1344.944039 0.014468 
1343.776927 0.011468 
1342.609816 0.009721 
1341.442704 0.008660 
1340.275592 0.007916 
1339.108480 0.007426 
1337.941369 0.007044 
1336.774257 0.006648 
1335.607145 0.006205 
1334.440033 0.005851 
1333.272922 0.005678 
1332.105810 0.005508 
1330.938698 0.005299 
1329.771586 0.005040 
1328.604475 0.004919 
1327.437363 0.004783 
1326.270251 0.004616 
1325.103139 0.004439 
1323.936028 0.004315 
1322.768916 0.004162 
1321.601804 0.004029 
1320.434693 0.003904 
1319.267581 0.003810 
1318.100469 0.003690 
1316.933357 0.003624 
1315.766246 0.003525 
1314.599134 0.003410 
1313.432022 0.003313 
1312.264910 0.003209 
1311.097799 0.003145 
1309.930687 0.003037 
1308.763575 0.002958 
1307.596463 0.002866 
1306.429352 0.002838 
1305.262240 0.002751 
1304.095128 0.002695 
1302.928016 0.002529 
1301.760905 0.002473 
1300.593793 0.002404 
1299.426681 0.002314 
1298.259570 0.002253 
1297.092458 0.002237 
1295.925346 0.002101 
1294.758234 0.002067 
1293.591123 0.001967 
1292.424011 0.001891 
1291.256899 0.001839 
1290.089787 0.001782 
1288.922676 0.001731 
1287.755564 0.001684 
1286.588452 0.001611 
1285.421340 0.001564 
1284.254229 0.001512 
1283.087117 0.001546 
1281.920005 0.001449 
1280.752893 0.001333 
1279.585782 0.001262 
1278.418670 0.001241 
1277.251558 0.001175 
1276.084446 0.001130 
1274.917335 0.001108 
1273.750223 0.001025 
1272.583111 0.000981 
1271.416000 0.000947 
1270.248888 0.000893 
1269.081776 0.000880 
1267.914664 0.000859 
1266.747553 0.000776 
1265.580441 0.000770 
1264.413329 0.000772 
1263.246217 0.000739 
1262.079106 0.000705 
1260.911994 0.000671 
1259.744882 0.000652 
1258.577770 0.000646 
1257.410659 0.000645 
1256.243547 0.000582 
1255.076435 0.000545 
1253.909323 0.000543 
1252.742212 0.000483 
1251.575100 0.000464 
1250.407988 0.000494 
1249.240877 0.000537 
1248.073765 0.000479 
1246.906653 0.000400 
1245.739541 0.000340 
1244.572430 0.000308 
1243.405318 0.000270 
1242.238206 0.000260 
1241.071094 0.000250 
1239.903983 0.000250 
1238.736871 0.000205 
1237.569759 0.000232 
1236.402647 0.000185 
1235.235536 0.000116 
1234.068424 0.000105 
1232.901312 0.000098 
1231.734200 0.000106 
1230.567089 0.000060 
1229.399977 0.000083 
1228.232865 0.000077 
1227.065754 -0.000008 
1225.898642 -0.000018 
1224.731530 0.000037 
1223.564418 0.000005 
1222.397307 0.000001 
1221.230195 0.000029 
1220.063083 -0.000032 
1218.895971 -0.000075 
1217.728860 -0.000028 
1216.561748 -0.000005 
1215.394636 -0.000035 
1214.227524 -0.000050 
1213.060413 -0.000051 
1211.893301 -0.000053 
1210.726189 0.000002 
1209.559077 -0.000050 
1208.391966 -0.000078 
1207.224854 -0.000003 
1206.057742 0.000028 
1204.890630 0.000053 
1203.723519 0.000003 
1202.556407 0.000026 
1201.389295 -0.000020 
1200.222184 0.000013 
1199.055072 0.000060 
1197.887960 0.000003 
1196.720848 -0.000075 
1195.553737 0.000025 
1194.386625 0.000012 
1193.219513 -0.000003 
1192.052401 -0.000012 
1190.885290 -0.000020 
1189.718178 0.000054 
1188.551066 -0.000062 
1187.383954 -0.000108 
1186.216843 -0.000051 
1185.049731 -0.000011 
1183.882619 -0.000008 
1182.715507 0.000035 
1181.548396 -0.000049 
1180.381284 -0.000031 
1179.214172 0.000025 
1178.047061 -0.000044 
1176.879949 -0.000088 
1175.712837 -0.000034 
1174.545725 0.000001 
1173.378614 -0.000020 
1172.211502 -0.000035 
1171.044390 0.000028 
1169.877278 0.000050 
1168.710167 -0.000024 
1167.543055 0.000012 
1166.375943 0.000088 
1165.208831 0.000069 
1164.041720 0.000088 
1162.874608 0.000083 
1161.707496 0.000092 
1160.540384 0.000058 
1159.373273 0.000010 
1158.206161 0.000016 
1157.039049 0.000073 
1155.871938 0.000038 
1154.704826 0.000112 
1153.537714 0.000174 
1152.370602 0.000165 
1151.203491 0.000203 
1150.036379 0.000194 
1148.869267 0.000192 
1147.702155 0.000281 
1146.535044 0.000366 
1145.367932 0.000372 
1144.200820 0.000378 
1143.033708 0.000462 
1141.866597 0.000510 
1140.699485 0.000584 
1139.532373 0.000634 
1138.365261 0.000730 
1137.198150 0.000828 
1136.031038 0.000926 
1134.863926 0.001059 
1133.696815 0.001148 
1132.529703 0.001420 
1131.362591 0.001598 
1130.195479 0.001935 
1129.028368 0.002270 
1127.861256 0.002736 
1126.694144 0.003270 
1125.527032 0.003924 
1124.359921 0.004802 
1123.192809 0.005936 
1122.025697 0.007401 
1120.858585 0.009311 
1119.691474 0.011204 
1118.524362 0.012679 
1117.357250 0.013777 
1116.190138 0.014001 
1115.023027 0.013125 
1113.855915 0.011338 
1112.688803 0.009098 
1111.521691 0.007093 
1110.354580 0.005631 
1109.187468 0.004513 
1108.020356 0.003639 
1106.853245 0.003004 
1105.686133 0.002561 
1104.519021 0.002236 
1103.351909 0.002091 
1102.184798 0.001874 
1101.017686 0.001692 
1099.850574 0.001595 
1098.683462 0.001512 
1097.516351 0.001366 
1096.349239 0.001238 
1095.182127 0.001162 
1094.015015 0.001032 
1092.847904 0.000971 
1091.680792 0.000962 
1090.513680 0.000812 
1089.346568 0.000735 
1088.179457 0.000692 
1087.012345 0.000624 
1085.845233 0.000602 
1084.678122 0.000567 
1083.511010 0.000477 
1082.343898 0.000414 
1081.176786 0.000377 
1080.009675 0.000256 
1078.842563 0.000215 
1077.675451 0.000146 
1076.508339 -0.000009 
1075.341228 -0.000066 
1074.174116 -0.000190 
1073.007004 -0.000207 
1071.839892 -0.000294 
1070.672781 -0.000332 
1069.505669 -0.000461 
1068.338557 -0.000598 
1067.171445 -0.000663 
1066.004334 -0.000672 
1064.837222 -0.000761 
1063.670110 -0.000810 
1062.502999 -0.000791 
1061.335887 -0.000805 
1060.168775 -0.000787 
1059.001663 -0.000722 
1057.834552 -0.000705 
1056.667440 -0.000631 
1055.500328 -0.000605 
1054.333216 -0.000588 
1053.166105 -0.000508 
1051.998993 -0.000341 
1050.831881 -0.000302 
1049.664769 -0.000225 
1048.497658 -0.000150 
1047.330546 -0.000083 
1046.163434 0.000003 
1044.996322 -0.000001 
1043.829211 0.000037 
1042.662099 0.000043 
1041.494987 0.000123 
1040.327875 0.000194 
1039.160764 0.000228 
1037.993652 0.000232 
1036.826540 0.000267 
1035.659429 0.000174 
1034.492317 0.000127 
1033.325205 0.000149 
1032.158093 0.000120 
1030.990982 0.000089 
1029.823870 0.000083 
1028.656758 0.000128 
1027.489646 0.000099 
1026.322535 0.000027 
1025.155423 0.000055 
1023.988311 0.000012 
1022.821199 -0.000009 
1021.654088 -0.000064 
1020.486976 -0.000148 
1019.319864 -0.000116 
1018.152752 -0.000141 
1016.985641 -0.000256 
1015.818529 -0.000238 
1014.651417 -0.000204 
1013.484306 -0.000222 
1012.317194 -0.000216 
1011.150082 -0.000243 
1009.982970 -0.000181 
1008.815859 -0.000101 
1007.648747 -0.000054 
1006.481635 -0.000027 
1005.314523 0.000098 
1004.147412 0.000230 
1002.980300 0.000352 
1001.813188 0.000512 
1000.646076 0.000704 
999.478965 0.000964 
998.311853 0.001214 
997.144741 0.001435 
995.977629 0.001715 
994.810518 0.001958 
993.643406 0.002248 
992.476294 0.002520 
991.309183 0.002956 
990.142071 0.003351 
988.974959 0.003716 
987.807847 0.004215 
986.640736 0.004727 
985.473624 0.005239 
984.306512 0.005713 
983.139400 0.006240 
981.972289 0.006814 
980.805177 0.007358 
979.638065 0.008094 
978.470953 0.008777 
977.303842 0.009558 
976.136730 0.010325 
974.969618 0.011171 
973.802506 0.011982 
972.635395 0.012861 
971.468283 0.013808 
970.301171 0.014776 
969.134060 0.015737 
967.966948 0.016799 
966.799836 0.017882 
965.632724 0.019071 
964.465613 0.020341 
963.298501 0.021597 
962.131389 0.022831 
960.964277 0.024165 
959.797166 0.025702 
958.630054 0.027166 
957.462942 0.028547 
956.295830 0.030087 
955.128719 0.031679 
953.961607 0.033324 
952.794495 0.035068 
951.627383 0.036699 
950.460272 0.038387 
949.293160 0.040136 
948.126048 0.042012 
946.958936 0.043854 
945.791825 0.045655 
944.624713 0.047567 
943.457601 0.049507 
942.290490 0.051337 
941.123378 0.053197 
939.956266 0.055191 
938.789154 0.057040 
937.622043 0.058956 
936.454931 0.060911 
935.287819 0.062825 
934.120707 0.064678 
932.953596 0.066647 
931.786484 0.068569 
930.619372 0.070446 
929.452260 0.072374 
928.285149 0.074324 
927.118037 0.076196 
925.950925 0.078051 
924.783813 0.079976 
923.616702 0.081757 
922.449590 0.083625 
921.282478 0.085464 
920.115367 0.087259 
918.948255 0.089055 
917.781143 0.090718 
916.614031 0.092388 
915.446920 0.094235 
914.279808 0.095883 
913.112696 0.097570 
911.945584 0.099205 
910.778473 0.100862 
909.611361 0.102396 
908.444249 0.103944 
907.277137 0.105593 
906.110026 0.107135 
904.942914 0.108563 
903.775802 0.109954 
902.608690 0.111464 
901.441579 0.112954 
900.274467 0.114444 
899.107355 0.115786 
897.940244 0.117103 
896.773132 0.118448 
895.606020 0.119797 
894.438908 0.120930 
893.271797 0.122221 
892.104685 0.123524 
890.937573 0.124730 
889.770461 0.125894 
888.603350 0.127038 
887.436238 0.128299 
886.269126 0.129415 
885.102014 0.130427 
883.934903 0.131459 
882.767791 0.132529 
881.600679 0.133637 
880.433567 0.134682 
879.266456 0.135643 
878.099344 0.136678 
876.932232 0.137611 
875.765121 0.138617 
874.598009 0.139509 
873.430897 0.140482 
872.263785 0.141478 
871.096674 0.142500 
869.929562 0.143288 
868.762450 0.144175 
867.595338 0.144933 
866.428227 0.145848 
865.261115 0.146680 
864.094003 0.147533 
862.926891 0.148313 
861.759780 0.149122 
860.592668 0.149805 
859.425556 0.150461 
858.258444 0.151299 
857.091333 0.152075 
855.924221 0.152723 
854.757109 0.153320 
853.589997 0.153996 
852.422886 0.154634 
851.255774 0.155241 
850.088662 0.155955 
848.921551 0.156557 
847.754439 0.157075 
846.587327 0.157670 
845.420215 0.158181 
844.253104 0.158684 
843.085992 0.159236 
841.918880 0.159717 
840.751768 0.160103 
839.584657 0.160646 
838.417545 0.161173 
837.250433 0.161576 
836.083321 0.161872 
834.916210 0.162260 
833.749098 0.162639 
832.581986 0.162668 
831.414874 0.162952 
830.247763 0.163246 
829.080651 0.163385 
827.913539 0.163573 
826.746428 0.163716 
825.579316 0.163837 
824.412204 0.163793 
823.245092 0.163710 
822.077981 0.163673 
820.910869 0.163623 
819.743757 0.163490 
818.576645 0.163231 
817.409534 0.163056 
816.242422 0.162798 
815.075310 0.162498 
813.908198 0.162144 
812.741087 0.161752 
811.573975 0.161234 
810.406863 0.160553 
809.239751 0.160103 
808.072640 0.159428 
806.905528 0.158774 
805.738416 0.158123 
804.571305 0.157319 
803.404193 0.156497 
802.237081 0.155706 
801.069969 0.154851 
799.902858 0.153841 
798.735746 0.152754 
797.568634 0.151767 
796.401522 0.150782 
795.234411 0.149706 
794.067299 0.148522 
792.900187 0.147371 
791.733075 0.146257 
790.565964 0.145120 
789.398852 0.143812 
788.231740 0.142580 
787.064628 0.141288 
785.897517 0.139988 
784.730405 0.138742 
783.563293 0.137458 
782.396181 0.135960 
781.229070 0.134600 
780.061958 0.133308 
778.894846 0.131875 
777.727735 0.130315 
776.560623 0.128815 
775.393511 0.127509 
774.226399 0.126207 
773.059288 0.124949 
771.892176 0.123472 
770.725064 0.121938 
769.557952 0.120492 
768.390841 0.119286 
767.223729 0.117955 
766.056617 0.116772 
764.889505 0.115497 
763.722394 0.114279 
762.555282 0.112857 
761.388170 0.111688 
760.221058 0.110232 
759.053947 0.108807 
757.886835 0.107044 
756.719723 0.105190 
755.552612 0.103584 
754.385500 0.101958 
753.218388 0.100318 
752.051276 0.098618 
750.884165 0.096954 
749.717053 0.095085 
748.549941 0.093318 
747.382829 0.091492 
746.215718 0.089819 
745.048606 0.088064 
743.881494 0.086408 
742.714382 0.084762 
741.547271 0.083242 
740.380159 0.081460 
739.213047 0.079675 
738.045935 0.078138 
736.878824 0.076608 
735.711712 0.074958 
734.544600 0.073295 
733.377489 0.071726 
732.210377 0.070304 
731.043265 0.068707 
729.876153 0.067097 
728.709042 0.065483 
727.541930 0.064100 
726.374818 0.062650 
725.207706 0.061398 
724.040595 0.059833 
722.873483 0.058500 
721.706371 0.057274 
720.539259 0.056036 
719.372148 0.054802 
718.205036 0.053707 
717.037924 0.052376 
715.870812 0.051102 
714.703701 0.049867 
713.536589 0.048915 
712.369477 0.047733 
711.202366 0.046404 
710.035254 0.045323 
708.868142 0.044287 
707.701030 0.043222 
706.533919 0.042188 
705.366807 0.041285 
704.199695 0.040262 
703.032583 0.039079 
701.865472 0.038191 
700.698360 0.037255 
699.531248 0.036102 
698.364136 0.035183 
697.197025 0.034436 
696.029913 0.033561 
694.862801 0.032570 
693.695689 0.031592 
692.528578 0.030496 
691.361466 0.029586 
690.194354 0.028836 
689.027242 0.028055 
687.860131 0.027184 
686.693019 0.026381 
685.525907 0.025315 
684.358796 0.024398 
683.191684 0.023663 
682.024572 0.022951 
680.857460 0.022052 
679.690349 0.021089 
678.523237 0.020245 
677.356125 0.019494 
676.189013 0.018557 
675.021902 0.017751 
673.854790 0.017005 
672.687678 0.016116 
671.520566 0.015619 
670.353455 0.015083 
669.186343 0.013778 
668.019231 0.011845 
666.852119 0.012394 
665.685008 0.012888 
664.517896 0.012719 
663.350784 0.012698 
662.183673 0.012649 
661.016561 0.012456 
659.849449 0.012094 
658.682337 0.011378 
657.515226 0.010207 
656.348114 0.008782 
655.181002 0.007275 
654.013890 0.005520 
652.846779 0.004497 
651.679667 0.004126 
650.512555 0.004569 
649.345443 0.005677 
648.178332 0.007355 
647.011220 0.009150 
645.844108 0.010382 
644.676996 0.010849 
643.509885 0.010129 
642.342773 0.008480 
641.175661 0.006116 
640.008550 0.003299 
638.841438 0.000971 
637.674326 -0.000686 
636.507214 -0.001450 
635.340103 -0.001584 
634.172991 -0.000427 
633.005879 0.001405 
631.838767 0.003896 
630.671656 0.006836 
629.504544 0.009689 
628.337432 0.012287 
627.170320 0.014425 
626.003209 0.016297 
624.836097 0.016843 
623.668985 0.016551 
622.501873 0.015493 
621.334762 0.013870 
620.167650 0.012082 
619.000538 0.010464 
617.833426 0.009294 
616.666315 0.008127 
615.499203 0.006897 
614.332091 0.005827 
613.164980 0.004869 
611.997868 0.003878 
610.830756 0.003042 
609.663644 0.002277 
608.496533 0.001434 
607.329421 0.000887 
606.162309 0.000602 
604.995197 0.000359 
603.828086 0.000163 
602.660974 -0.000031 
601.493862 0.000425 
600.326750 0.000856 
599.159639 0.001142 
597.992527 0.001537 
596.825415 0.001775 
595.658303 0.001730 
594.491192 0.001644 
593.324080 0.001420 
592.156968 0.001277 
590.989857 0.001105 
589.822745 0.001401 
588.655633 0.001931 
587.488521 0.002411 
586.321410 0.003801 
585.154298 0.004660 
583.987186 0.005697 
582.820074 0.006753 
581.652963 0.007799 
580.485851 0.007698 
579.318739 0.007182 
578.151627 0.006826 
576.984516 0.006619 
575.817404 0.006857 
574.650292 0.006034 
573.483180 0.005861 
572.316069 0.006235 
571.148957 0.003806 
569.981845 0.004113 
568.814734 0.004144 
567.647622 0.003419 
566.480510 0.003345 
565.313398 0.003133 
564.146287 0.002436 
562.979175 0.002482 
561.812063 0.002069 
560.644951 0.000533 
559.477840 -0.000012 
558.310728 0.000161 
557.143616 0.000563 
555.976504 0.000542 
554.809393 -0.000508 
553.642281 0.000288 
552.475169 -0.000438 
551.308057 -0.001779 
550.140946 -0.000803 
548.973834 -0.000374 
547.806722 0.000376 
546.639611 -0.000086 
545.472499 -0.001386 
544.305387 -0.001125 
543.138275 0.001754 
541.971164 0.001665 
540.804052 0.000671 
539.636940 -0.000222 
538.469828 0.000445 
537.302717 0.000028 
536.135605 -0.000997 
534.968493 -0.000435 
533.801381 -0.000705 
532.634270 -0.000316 
531.467158 -0.000683 
530.300046 -0.000806 
529.132934 0.001030 
527.965823 0.000798 
526.798711 0.000846 
525.631599 0.000921 
524.464487 0.001022 
523.297376 -0.000468 
522.130264 -0.000053 
520.963152 0.000703 
519.796041 0.000780 
518.628929 0.001772 
517.461817 0.002861 
516.294705 0.005671 
515.127594 0.006923 
513.960482 0.007095 
512.793370 0.002351 
511.626258 -0.003725 
510.459147 -0.007550 
509.292035 -0.009733 
508.124923 -0.010916 
506.957811 -0.008558 
505.790700 -0.006229 
504.623588 -0.003182 
503.456476 -0.001169 
502.289364 -0.000115 
501.122253 0.001708 
499.955141 0.005451 
