3998.700000 0.001087 
3997.533404 0.001087 
3996.366809 0.001087 
3995.200213 0.001087 
3994.033618 0.001087 
3992.867022 0.001087 
3991.700427 0.001087 
3990.533831 0.001087 
3989.367236 0.001087 
3988.200640 0.001087 
3987.034045 0.001087 
3985.867449 0.001087 
3984.700854 0.001087 
3983.534258 0.001087 
3982.367663 0.001087 
3981.201067 0.001087 
3980.034471 0.001087 
3978.867876 0.001087 
3977.701280 0.001087 
3976.534685 0.001087 
3975.368089 0.001087 
3974.201494 0.001087 
3973.034898 0.001087 
3971.868303 0.001087 
3970.701707 0.001087 
3969.535112 0.001087 
3968.368516 0.001087 
3967.201921 0.001087 
3966.035325 0.001087 
3964.868730 0.001087 
3963.702134 0.001087 
3962.535539 0.001087 
3961.368943 0.001087 
3960.202347 0.001087 
3959.035752 0.001087 
3957.869156 0.001087 
3956.702561 0.001087 
3955.535965 0.001087 
3954.369370 0.001087 
3953.202774 0.001087 
3952.036179 0.001087 
3950.869583 0.001087 
3949.702988 0.001087 
3948.536392 0.001087 
3947.369797 0.001087 
3946.203201 0.000607 
3945.036606 0.000722 
3943.870010 0.001087 
3942.703414 0.001087 
3941.536819 0.001087 
3940.370223 0.001087 
3939.203628 0.001087 
3938.037032 0.001087 
3936.870437 0.001087 
3935.703841 0.000730 
3934.537246 0.000612 
3933.370650 0.001087 
3932.204055 0.001087 
3931.037459 0.000000 
3929.870864 0.000397 
3928.704268 0.000440 
3927.537673 0.000000 
3926.371077 0.000000 
3925.204481 0.000000 
3924.037886 0.000000 
3922.871290 0.000682 
3921.704695 0.000127 
3920.538099 0.001020 
3919.371504 0.000000 
3918.204908 0.000000 
3917.038313 0.000000 
3915.871717 0.001000 
3914.705122 0.000000 
3913.538526 0.000000 
3912.371931 0.000000 
3911.205335 0.000000 
3910.038740 0.000000 
3908.872144 0.000000 
3907.705549 0.000000 
3906.538953 0.000000 
3905.372357 0.000000 
3904.205762 0.000000 
3903.039166 0.000000 
3901.872571 0.000000 
3900.705975 0.000000 
3899.539380 0.000000 
3898.372784 0.000000 
3897.206189 0.000000 
3896.039593 0.000000 
3894.872998 0.000000 
3893.706402 0.000000 
3892.539807 0.000000 
3891.373211 0.000000 
3890.206616 0.000000 
3889.040020 0.000000 
3887.873424 0.000000 
3886.706829 0.000000 
3885.540233 0.000000 
3884.373638 0.000000 
3883.207042 0.000862 
3882.040447 0.001087 
3880.873851 0.000000 
3879.707256 0.000000 
3878.540660 0.000000 
3877.374065 0.000000 
3876.207469 0.001080 
3875.040874 0.000805 
3873.874278 0.000462 
3872.707683 0.001087 
3871.541087 0.001087 
3870.374491 0.001087 
3869.207896 0.001087 
3868.041300 0.001087 
3866.874705 0.001087 
3865.708109 0.001087 
3864.541514 0.001087 
3863.374918 0.001087 
3862.208323 0.001087 
3861.041727 0.001087 
3859.875132 0.001087 
3858.708536 0.001087 
3857.541941 0.001087 
3856.375345 0.001087 
3855.208750 0.001944 
3854.042154 0.001087 
3852.875559 0.001087 
3851.708963 0.001087 
3850.542367 0.001087 
3849.375772 0.001087 
3848.209176 0.001087 
3847.042581 0.001087 
3845.875985 0.001087 
3844.709390 0.001087 
3843.542794 0.001087 
3842.376199 0.001087 
3841.209603 0.001087 
3840.043008 0.001087 
3838.876412 0.001087 
3837.709817 0.001087 
3836.543221 0.001087 
3835.376626 0.001087 
3834.210030 0.001087 
3833.043434 0.001087 
3831.876839 0.001087 
3830.710243 0.001087 
3829.543648 0.001087 
3828.377052 0.001087 
3827.210457 0.001087 
3826.043861 0.001087 
3824.877266 0.001087 
3823.710670 0.001087 
3822.544075 0.001087 
3821.377479 0.001087 
3820.210884 0.001087 
3819.044288 0.001087 
3817.877693 0.001087 
3816.711097 0.001087 
3815.544502 0.001087 
3814.377906 0.001087 
3813.211310 0.000737 
3812.044715 0.000605 
3810.878119 0.000302 
3809.711524 0.001072 
3808.544928 0.001087 
3807.378333 0.001087 
3806.211737 0.001087 
3805.045142 0.001087 
3803.878546 0.001087 
3802.711951 0.001087 
3801.545355 0.001087 
3800.378760 0.001087 
3799.212164 0.001087 
3798.045569 0.001087 
3796.878973 0.001087 
3795.712377 0.001087 
3794.545782 0.001087 
3793.379186 0.001087 
3792.212591 0.001087 
3791.045995 0.001087 
3789.879400 0.001087 
3788.712804 0.001087 
3787.546209 0.001087 
3786.379613 0.001087 
3785.213018 0.001087 
3784.046422 0.001087 
3782.879827 0.001087 
3781.713231 0.001087 
3780.546636 0.001087 
3779.380040 0.001087 
3778.213444 0.001087 
3777.046849 0.001087 
3775.880253 0.001087 
3774.713658 0.001087 
3773.547062 0.001087 
3772.380467 0.001087 
3771.213871 0.001087 
3770.047276 0.001087 
3768.880680 0.001087 
3767.714085 0.001087 
3766.547489 0.001087 
3765.380894 0.001087 
3764.214298 0.001087 
3763.047703 0.001087 
3761.881107 0.001087 
3760.714512 0.001087 
3759.547916 0.001087 
3758.381320 0.001087 
3757.214725 0.001087 
3756.048129 0.001087 
3754.881534 0.001087 
3753.714938 0.001087 
3752.548343 0.001087 
3751.381747 0.001087 
3750.215152 0.001087 
3749.048556 0.001087 
3747.881961 0.001087 
3746.715365 0.001087 
3745.548770 0.001087 
3744.382174 0.001087 
3743.215579 0.001087 
3742.048983 0.001087 
3740.882387 0.001087 
3739.715792 0.001087 
3738.549196 0.001087 
3737.382601 0.001087 
3736.216005 0.001087 
3735.049410 0.001087 
3733.882814 0.001087 
3732.716219 0.001087 
3731.549623 0.001087 
3730.383028 0.001087 
3729.216432 0.001087 
3728.049837 0.001087 
3726.883241 0.001087 
3725.716646 0.001087 
3724.550050 0.001087 
3723.383454 0.001087 
3722.216859 0.001087 
3721.050263 0.001087 
3719.883668 0.001087 
3718.717072 0.001087 
3717.550477 0.001087 
3716.383881 0.001087 
3715.217286 0.001087 
3714.050690 0.001087 
3712.884095 0.001087 
3711.717499 0.001087 
3710.550904 0.001087 
3709.384308 0.001087 
3708.217713 0.001087 
3707.051117 0.001087 
3705.884522 0.001087 
3704.717926 0.001087 
3703.551330 0.001087 
3702.384735 0.001087 
3701.218139 0.001087 
3700.051544 0.001087 
3698.884948 0.001087 
3697.718353 0.001087 
3696.551757 0.001087 
3695.385162 0.001087 
3694.218566 0.000347 
3693.051971 0.001025 
3691.885375 0.001087 
3690.718780 0.000672 
3689.552184 0.000595 
3688.385589 0.000225 
3687.218993 0.000000 
3686.052397 0.000910 
3684.885802 0.000000 
3683.719206 0.000632 
3682.552611 0.001087 
3681.386015 0.001087 
3680.219420 0.001087 
3679.052824 0.001087 
3677.886229 0.001087 
3676.719633 0.001087 
3675.553038 0.001087 
3674.386442 0.001087 
3673.219847 0.001087 
3672.053251 0.001087 
3670.886656 0.001087 
3669.720060 0.001087 
3668.553464 0.001087 
3667.386869 0.001087 
3666.220273 0.001087 
3665.053678 0.001087 
3663.887082 0.001087 
3662.720487 0.001500 
3661.553891 0.002172 
3660.387296 0.002172 
3659.220700 0.002172 
3658.054105 0.002172 
3656.887509 0.002172 
3655.720914 0.002172 
3654.554318 0.002172 
3653.387723 0.002187 
3652.221127 0.003262 
3651.054532 0.002777 
3649.887936 0.002914 
3648.721340 0.003262 
3647.554745 0.003262 
3646.388149 0.003262 
3645.221554 0.003262 
3644.054958 0.003262 
3642.888363 0.003262 
3641.721767 0.004156 
3640.555172 0.003636 
3639.388576 0.004351 
3638.221981 0.004351 
3637.055385 0.004351 
3635.888790 0.005441 
3634.722194 0.005441 
3633.555599 0.005441 
3632.389003 0.005441 
3631.222407 0.005526 
3630.055812 0.006533 
3628.889216 0.006533 
3627.722621 0.006533 
3626.556025 0.006533 
3625.389430 0.007625 
3624.222834 0.007625 
3623.056239 0.007625 
3621.889643 0.008400 
3620.723048 0.008717 
3619.556452 0.008717 
3618.389857 0.009095 
3617.223261 0.009812 
3616.056666 0.009812 
3614.890070 0.009812 
3613.723474 0.010005 
3612.556879 0.010909 
3611.390283 0.010909 
3610.223688 0.010909 
3609.057092 0.012006 
3607.890497 0.012006 
3606.723901 0.012006 
3605.557306 0.012711 
3604.390710 0.013104 
3603.224115 0.014203 
3602.057519 0.014203 
3600.890924 0.014763 
3599.724328 0.015303 
3598.557733 0.015303 
3597.391137 0.015423 
3596.224542 0.016405 
3595.057946 0.016405 
3593.891350 0.017187 
3592.724755 0.017507 
3591.558159 0.018610 
3590.391564 0.018610 
3589.224968 0.019247 
3588.058373 0.019717 
3586.891777 0.020821 
3585.725182 0.021036 
3584.558586 0.021929 
3583.391991 0.021929 
3582.225395 0.022881 
3581.058800 0.024145 
3579.892204 0.024145 
3578.725609 0.024673 
3577.559013 0.025967 
3576.392417 0.026367 
3575.225822 0.027479 
3574.059226 0.027859 
3572.892631 0.029159 
3571.726035 0.029709 
3570.559440 0.030759 
3569.392844 0.030958 
3568.226249 0.032361 
3567.059653 0.033665 
3565.893058 0.034180 
3564.726462 0.035272 
3563.559867 0.036599 
3562.393271 0.038004 
3561.226676 0.039388 
3560.060080 0.040743 
3558.893484 0.040931 
3557.726889 0.042358 
3556.560293 0.044172 
3555.393698 0.045439 
3554.227102 0.046426 
3553.060507 0.048891 
3551.893911 0.050325 
3550.727316 0.051652 
3549.560720 0.053062 
3548.394125 0.055459 
3547.227529 0.057003 
3546.060934 0.059498 
3544.894338 0.060900 
3543.727743 0.063177 
3542.561147 0.065866 
3541.394552 0.067635 
3540.227956 0.069902 
3539.061360 0.072016 
3537.894765 0.074821 
3536.728169 0.077537 
3535.561574 0.080217 
3534.394978 0.082056 
3533.228383 0.084938 
3532.061787 0.087767 
3530.895192 0.090876 
3529.728596 0.094692 
3528.562001 0.098154 
3527.395405 0.101663 
3526.228810 0.105489 
3525.062214 0.108843 
3523.895619 0.113049 
3522.729023 0.116833 
3521.562427 0.120665 
3520.395832 0.124918 
3519.229236 0.129557 
3518.062641 0.133846 
3516.896045 0.138360 
3515.729450 0.142846 
3514.562854 0.147562 
3513.396259 0.151923 
3512.229663 0.156454 
3511.063068 0.161878 
3509.896472 0.166754 
3508.729877 0.171572 
3507.563281 0.176336 
3506.396686 0.181967 
3505.230090 0.186680 
3504.063494 0.191199 
3502.896899 0.197430 
3501.730303 0.202116 
3500.563708 0.206977 
3499.397112 0.211583 
3498.230517 0.217874 
3497.063921 0.221435 
3495.897326 0.227393 
3494.730730 0.232357 
3493.564135 0.237071 
3492.397539 0.240860 
3491.230944 0.246743 
3490.064348 0.250539 
3488.897753 0.255595 
3487.731157 0.260764 
3486.564562 0.265615 
3485.397966 0.269231 
3484.231370 0.274435 
3483.064775 0.278446 
3481.898179 0.283230 
3480.731584 0.286804 
3479.564988 0.291505 
3478.398393 0.295031 
3477.231797 0.299317 
3476.065202 0.303399 
3474.898606 0.306923 
3473.732011 0.311671 
3472.565415 0.315255 
3471.398820 0.320009 
3470.232224 0.323800 
3469.065629 0.327264 
3467.899033 0.330943 
3466.732437 0.334385 
3465.565842 0.338079 
3464.399246 0.341595 
3463.232651 0.345127 
3462.066055 0.349508 
3460.899460 0.352954 
3459.732864 0.356121 
3458.566269 0.359697 
3457.399673 0.363524 
3456.233078 0.367070 
3455.066482 0.370842 
3453.899887 0.375883 
3452.733291 0.379644 
3451.566696 0.383530 
3450.400100 0.387142 
3449.233505 0.390996 
3448.066909 0.394712 
3446.900313 0.398398 
3445.733718 0.402340 
3444.567122 0.406014 
3443.400527 0.409948 
3442.233931 0.413719 
3441.067336 0.419350 
3439.900740 0.423081 
3438.734145 0.427030 
3437.567549 0.430911 
3436.400954 0.434683 
3435.234358 0.439229 
3434.067763 0.444228 
3432.901167 0.448269 
3431.734572 0.452213 
3430.567976 0.456132 
3429.401380 0.461912 
3428.234785 0.465969 
3427.068189 0.470028 
3425.901594 0.475448 
3424.734998 0.479890 
3423.568403 0.483838 
3422.401807 0.488932 
3421.235212 0.493828 
3420.068616 0.497827 
3418.902021 0.503910 
3417.735425 0.507946 
3416.568830 0.513232 
3415.402234 0.518161 
3414.235639 0.522252 
3413.069043 0.524004 
3411.902447 0.532559 
3410.735852 0.538885 
3409.569256 0.544543 
3408.402661 0.549397 
3407.236065 0.554088 
3406.069470 0.559824 
3404.902874 0.564265 
3403.736279 0.570116 
3402.569683 0.575267 
3401.403088 0.581188 
3400.236492 0.585714 
3399.069897 0.591614 
3397.903301 0.596870 
3396.736706 0.603164 
3395.570110 0.607727 
3394.403515 0.612411 
3393.236919 0.618337 
3392.070323 0.623663 
3390.903728 0.628169 
3389.737132 0.633640 
3388.570537 0.639588 
3387.403941 0.644164 
3386.237346 0.649150 
3385.070750 0.653866 
3383.904155 0.657813 
3382.737559 0.660137 
3381.570964 0.668187 
3380.404368 0.673428 
3379.237773 0.679509 
3378.071177 0.683100 
3376.904582 0.687864 
3375.737986 0.689108 
3374.571390 0.696066 
3373.404795 0.702147 
3372.238199 0.705876 
3371.071604 0.711077 
3369.905008 0.716043 
3368.738413 0.721029 
3367.571817 0.725403 
3366.405222 0.729139 
3365.238626 0.734468 
3364.072031 0.739466 
3362.905435 0.742485 
3361.738840 0.747856 
3360.572244 0.751548 
3359.405649 0.756196 
3358.239053 0.761205 
3357.072457 0.764374 
3355.905862 0.769840 
3354.739266 0.773696 
3353.572671 0.778400 
3352.406075 0.783413 
3351.239480 0.787032 
3350.072884 0.791086 
3348.906289 0.795630 
3347.739693 0.801016 
3346.573098 0.806069 
3345.406502 0.808928 
3344.239907 0.812887 
3343.073311 0.818628 
3341.906716 0.821812 
3340.740120 0.826878 
3339.573525 0.830784 
3338.406929 0.835003 
3337.240333 0.839842 
3336.073738 0.842928 
3334.907142 0.846610 
3333.740547 0.852148 
3332.573951 0.856382 
3331.407356 0.861388 
3330.240760 0.864462 
3329.074165 0.868289 
3327.907569 0.872745 
3326.740974 0.877538 
3325.574378 0.881102 
3324.407783 0.884676 
3323.241187 0.889527 
3322.074592 0.892549 
3320.907996 0.897502 
3319.741400 0.900919 
3318.574805 0.904076 
3317.408209 0.906992 
3316.241614 0.910071 
3315.075018 0.915180 
3313.908423 0.918566 
3312.741827 0.921775 
3311.575232 0.924859 
3310.408636 0.927969 
3309.242041 0.930950 
3308.075445 0.934197 
3306.908850 0.937196 
3305.742254 0.940332 
3304.575659 0.943477 
3303.409063 0.946501 
3302.242467 0.949792 
3301.075872 0.952836 
3299.909276 0.954601 
3298.742681 0.956585 
3297.576085 0.959644 
3296.409490 0.962476 
3295.242894 0.963523 
3294.076299 0.966762 
3292.909703 0.969854 
3291.743108 0.970559 
3290.576512 0.973660 
3289.409917 0.975730 
3288.243321 0.977482 
3287.076726 0.978399 
3285.910130 0.981076 
3284.743535 0.981763 
3283.576939 0.983760 
3282.410343 0.985614 
3281.243748 0.986449 
3280.077152 0.989146 
3278.910557 0.989146 
3277.743961 0.990650 
3276.577366 0.991850 
3275.410770 0.991850 
3274.244175 0.994559 
3273.077579 0.994559 
3271.910984 0.994559 
3270.744388 0.994559 
3269.577793 0.997276 
3268.411197 0.997276 
3267.244602 0.997276 
3266.078006 0.998970 
3264.911410 1.000000 
3263.744815 1.000000 
3262.578219 1.000000 
3261.411624 1.000000 
3260.245028 1.000000 
3259.078433 1.000000 
3257.911837 1.000000 
3256.745242 1.000000 
3255.578646 1.000000 
3254.412051 1.000000 
3253.245455 1.000000 
3252.078860 0.997276 
3250.912264 0.997276 
3249.745669 0.997276 
3248.579073 0.997276 
3247.412477 0.994594 
3246.245882 0.994559 
3245.079286 0.993419 
3243.912691 0.991850 
3242.746095 0.991850 
3241.579500 0.991795 
3240.412904 0.989146 
3239.246309 0.987921 
3238.079713 0.986449 
3236.913118 0.986449 
3235.746522 0.983760 
3234.579927 0.982900 
3233.413331 0.981076 
3232.246736 0.979134 
3231.080140 0.978399 
3229.913545 0.975730 
3228.746949 0.974790 
3227.580353 0.971686 
3226.413758 0.970409 
3225.247162 0.967882 
3224.080567 0.967407 
3222.913971 0.964096 
3221.747376 0.962476 
3220.580780 0.960319 
3219.414185 0.957258 
3218.247589 0.956558 
3217.080994 0.953506 
3215.914398 0.950292 
3214.747803 0.949382 
3213.581207 0.946728 
3212.414612 0.943452 
3211.248016 0.940435 
3210.081420 0.939020 
3208.914825 0.936741 
3207.748229 0.933487 
3206.581634 0.930498 
3205.415038 0.928756 
3204.248443 0.924927 
3203.081847 0.921328 
3201.915252 0.920653 
3200.748656 0.917702 
3199.582061 0.914610 
3198.415465 0.911566 
3197.248870 0.908637 
3196.082274 0.905465 
3194.915679 0.902449 
3193.749083 0.899402 
3192.582487 0.896505 
3191.415892 0.893369 
3190.249296 0.890490 
3189.082701 0.886366 
3187.916105 0.882057 
3186.749510 0.879208 
3185.582914 0.876121 
3184.416319 0.873287 
3183.249723 0.870340 
3182.083128 0.867399 
3180.916532 0.864585 
3179.749937 0.859144 
3178.583341 0.856270 
3177.416746 0.853333 
3176.250150 0.850556 
3175.083555 0.845180 
3173.916959 0.842426 
3172.750363 0.839587 
3171.583768 0.835261 
3170.417172 0.831632 
3169.250577 0.828678 
3168.083981 0.825464 
3166.917386 0.820845 
3165.750790 0.818018 
3164.584195 0.815122 
3163.417599 0.810131 
3162.251004 0.806767 
3161.084408 0.802298 
3159.917813 0.799649 
3158.751217 0.796794 
3157.584622 0.791891 
3156.418026 0.788497 
3155.251430 0.784191 
3154.084835 0.779992 
3152.918239 0.776545 
3151.751644 0.773629 
3150.585048 0.769090 
3149.418453 0.765104 
3148.251857 0.761442 
3147.085262 0.756674 
3145.918666 0.753652 
3144.752071 0.749216 
3143.585475 0.745369 
3142.418880 0.741841 
3141.252284 0.737059 
3140.085689 0.732483 
3138.919093 0.728817 
3137.752497 0.725243 
3136.585902 0.720674 
3135.419306 0.717788 
3134.252711 0.712514 
3133.086115 0.708713 
3131.919520 0.704554 
3130.752924 0.699618 
3129.586329 0.696811 
3128.419733 0.691653 
3127.253138 0.687989 
3126.086542 0.683827 
3124.919947 0.678996 
3123.753351 0.674538 
3122.586756 0.671184 
3121.420160 0.666493 
3120.253565 0.661492 
3119.086969 0.656768 
3117.920373 0.651752 
3116.753778 0.648023 
3115.587182 0.644254 
3114.420587 0.639553 
3113.253991 0.634977 
3112.087396 0.630073 
3110.920800 0.625560 
3109.754205 0.619409 
3108.587609 0.614285 
3107.421014 0.609802 
3106.254418 0.605023 
3105.087823 0.600397 
3103.921227 0.595838 
3102.754632 0.591462 
3101.588036 0.584869 
3100.421440 0.580538 
3099.254845 0.574884 
3098.088249 0.569721 
3096.921654 0.565450 
3095.755058 0.559011 
3094.588463 0.554783 
3093.421867 0.549182 
3092.255272 0.542704 
3091.088676 0.538233 
3089.922081 0.531982 
3088.755485 0.526811 
3087.588890 0.521635 
3086.422294 0.516017 
3085.255699 0.511135 
3084.089103 0.505072 
3082.922508 0.499676 
3081.755912 0.494235 
3080.589316 0.488262 
3079.422721 0.483509 
3078.256125 0.477595 
3077.089530 0.471427 
3075.922934 0.466656 
3074.756339 0.460703 
3073.589743 0.454914 
3072.423148 0.448946 
3071.256552 0.443980 
3070.089957 0.438859 
3068.923361 0.432696 
3067.756766 0.427053 
3066.590170 0.421219 
3065.423575 0.415374 
3064.256979 0.409818 
3063.090383 0.405394 
3061.923788 0.399746 
3060.757192 0.393945 
3059.590597 0.388496 
3058.424001 0.382626 
3057.257406 0.377220 
3056.090810 0.371701 
3054.924215 0.366940 
3053.757619 0.361147 
3052.591024 0.356526 
3051.424428 0.351262 
3050.257833 0.345854 
3049.091237 0.340368 
3047.924642 0.335182 
3046.758046 0.329641 
3045.591450 0.325807 
3044.424855 0.320354 
3043.258259 0.315263 
3042.091664 0.311104 
3040.925068 0.306160 
3039.758473 0.301019 
3038.591877 0.296428 
3037.425282 0.292150 
3036.258686 0.286791 
3035.092091 0.283235 
3033.925495 0.278614 
3032.758900 0.274395 
3031.592304 0.269186 
3030.425709 0.265590 
3029.259113 0.260934 
3028.092518 0.256930 
3026.925922 0.252911 
3025.759326 0.249495 
3024.592731 0.244901 
3023.426135 0.241419 
3022.259540 0.237546 
3021.092944 0.234336 
3019.926349 0.230438 
3018.759753 0.227321 
3017.593158 0.225224 
3016.426562 0.222113 
3015.259967 0.218821 
3014.093371 0.216852 
3012.926776 0.215295 
3011.760180 0.213630 
3010.593585 0.212090 
3009.426989 0.211438 
3008.260393 0.210201 
3007.093798 0.210121 
3005.927202 0.210121 
3004.760607 0.210831 
3003.594011 0.211438 
3002.427416 0.212723 
3001.260820 0.214397 
3000.094225 0.215939 
2998.927629 0.218414 
2997.761034 0.220496 
2996.594438 0.222048 
2995.427843 0.223737 
2994.261247 0.225294 
2993.094652 0.226944 
2991.928056 0.227381 
2990.761460 0.227438 
2989.594865 0.228311 
2988.428269 0.227381 
2987.261674 0.226394 
2986.095078 0.224834 
2984.928483 0.221813 
2983.761887 0.219813 
2982.595292 0.216567 
2981.428696 0.214382 
2980.262101 0.211603 
2979.095505 0.209851 
2977.928910 0.208317 
2976.762314 0.207489 
2975.595719 0.206432 
2974.429123 0.207452 
2973.262528 0.207802 
2972.095932 0.209396 
2970.929336 0.211891 
2969.762741 0.213865 
2968.596145 0.215677 
2967.429550 0.218414 
2966.262954 0.220673 
2965.096359 0.222980 
2963.929763 0.223375 
2962.763168 0.224707 
2961.596572 0.224707 
2960.429977 0.224707 
2959.263381 0.224707 
2958.096786 0.223370 
2956.930190 0.221815 
2955.763595 0.220213 
2954.596999 0.217781 
2953.430403 0.214690 
2952.263808 0.211391 
2951.097212 0.209586 
2949.930617 0.206412 
2948.764021 0.204030 
2947.597426 0.202503 
2946.430830 0.200849 
2945.264235 0.199634 
2944.097639 0.199634 
2942.931044 0.199634 
2941.764448 0.199634 
2940.597853 0.199767 
2939.431257 0.200939 
2938.264662 0.200939 
2937.098066 0.200939 
2935.931470 0.200939 
2934.764875 0.200761 
2933.598279 0.199197 
2932.431684 0.197590 
2931.265088 0.196073 
2930.098493 0.193126 
2928.931897 0.190057 
2927.765302 0.186833 
2926.598706 0.183829 
2925.432111 0.180617 
2924.265515 0.177591 
2923.098920 0.174554 
2921.932324 0.171387 
2920.765729 0.169231 
2919.599133 0.167638 
2918.432538 0.166149 
2917.265942 0.164642 
2916.099346 0.163707 
2914.932751 0.162772 
2913.766155 0.162445 
2912.599560 0.161045 
2911.432964 0.159926 
2910.266369 0.159256 
2909.099773 0.157691 
2907.933178 0.156202 
2906.766582 0.154722 
2905.599987 0.153155 
2904.433391 0.151698 
2903.266796 0.149129 
2902.100200 0.147422 
2900.933605 0.145950 
2899.767009 0.143863 
2898.600413 0.141634 
2897.433818 0.140152 
2896.267222 0.138707 
2895.100627 0.137150 
2893.934031 0.135715 
2892.767436 0.134196 
2891.600840 0.132729 
2890.434245 0.131287 
2889.267649 0.130152 
2888.101054 0.129542 
2886.934458 0.128025 
2885.767863 0.127708 
2884.601267 0.126246 
2883.434672 0.125268 
2882.268076 0.124549 
2881.101480 0.124051 
2879.934885 0.124051 
2878.768289 0.123769 
2877.601694 0.122837 
2876.435098 0.122837 
2875.268503 0.122837 
2874.101907 0.124049 
2872.935312 0.124051 
2871.768716 0.124051 
2870.602121 0.124861 
2869.435525 0.125268 
2868.268930 0.126488 
2867.102334 0.126850 
2865.935739 0.127708 
2864.769143 0.128600 
2863.602548 0.130027 
2862.435952 0.130352 
2861.269356 0.131781 
2860.102761 0.132604 
2858.936165 0.133541 
2857.769570 0.133831 
2856.602974 0.135058 
2855.436379 0.135555 
2854.269783 0.136288 
2853.103188 0.137270 
2851.936592 0.137597 
2850.769997 0.139037 
2849.603401 0.140531 
2848.436806 0.142041 
2847.270210 0.143488 
2846.103615 0.145178 
2844.937019 0.148077 
2843.770423 0.151698 
2842.603828 0.156272 
2841.437232 0.162238 
2840.270637 0.168321 
2839.104041 0.175951 
2837.937446 0.184581 
2836.770850 0.192674 
2835.604255 0.202208 
2834.437659 0.211193 
2833.271064 0.218669 
2832.104468 0.224424 
2830.937873 0.228083 
2829.771277 0.228683 
2828.604682 0.226859 
2827.438086 0.222565 
2826.271490 0.216049 
2825.104895 0.208257 
2823.938299 0.200536 
2822.771704 0.192459 
2821.605108 0.183486 
2820.438513 0.176856 
2819.271917 0.169273 
2818.105322 0.163230 
2816.938726 0.157214 
2815.772131 0.151678 
2814.605535 0.146457 
2813.438940 0.141381 
2812.272344 0.136997 
2811.105749 0.132381 
2809.939153 0.128098 
2808.772558 0.123536 
2807.605962 0.119218 
2806.439366 0.114921 
2805.272771 0.110410 
2804.106175 0.106924 
2802.939580 0.102922 
2801.772984 0.098729 
2800.606389 0.095909 
2799.439793 0.092418 
2798.273198 0.089026 
2797.106602 0.085038 
2795.940007 0.082121 
2794.773411 0.079174 
2793.606816 0.076453 
2792.440220 0.073568 
2791.273625 0.069727 
2790.107029 0.068078 
2788.940433 0.065176 
2787.773838 0.062492 
2786.607242 0.059635 
2785.440647 0.056911 
2784.274051 0.055354 
2783.107456 0.052945 
2781.940860 0.050840 
2780.774265 0.049038 
2779.607669 0.047714 
2778.441074 0.045147 
2777.274478 0.043830 
2776.107883 0.041695 
2774.941287 0.039956 
2773.774692 0.038639 
2772.608096 0.037219 
2771.441501 0.035909 
2770.274905 0.034522 
2769.108309 0.033183 
2767.941714 0.031766 
2766.775118 0.030826 
2765.608523 0.030216 
2764.441927 0.028864 
2763.275332 0.027564 
2762.108736 0.027267 
2760.942141 0.025970 
2759.775545 0.024608 
2758.608950 0.024145 
2757.442354 0.023083 
2756.275759 0.022788 
2755.109163 0.021496 
2753.942568 0.020821 
2752.775972 0.019912 
2751.609376 0.019717 
2750.442781 0.019432 
2749.276185 0.018610 
2748.109590 0.017850 
2746.942994 0.017507 
2745.776399 0.016405 
2744.609803 0.016405 
2743.443208 0.015845 
2742.276612 0.015303 
2741.110017 0.015303 
2739.943421 0.014203 
2738.776826 0.014203 
2737.610230 0.013556 
2736.443635 0.013104 
2735.277039 0.013079 
2734.110443 0.012006 
2732.943848 0.012006 
2731.777252 0.011324 
2730.610657 0.010909 
2729.444061 0.010909 
2728.277466 0.010909 
2727.110870 0.010434 
2725.944275 0.009812 
2724.777679 0.009812 
2723.611084 0.009715 
2722.444488 0.008717 
2721.277893 0.008717 
2720.111297 0.008717 
2718.944702 0.008717 
2717.778106 0.007625 
2716.611511 0.007625 
2715.444915 0.007625 
2714.278319 0.006838 
2713.111724 0.006533 
2711.945128 0.006533 
2710.778533 0.006533 
2709.611937 0.006533 
2708.445342 0.005618 
2707.278746 0.005441 
2706.112151 0.005441 
2704.945555 0.005441 
2703.778960 0.005441 
2702.612364 0.004486 
2701.445769 0.004351 
2700.279173 0.004351 
2699.112578 0.004351 
2697.945982 0.004351 
2696.779386 0.004351 
2695.612791 0.003262 
2694.446195 0.003262 
2693.279600 0.003262 
2692.113004 0.003262 
2690.946409 0.003262 
2689.779813 0.003262 
2688.613218 0.002839 
2687.446622 0.002172 
2686.280027 0.002172 
2685.113431 0.002172 
2683.946836 0.002172 
2682.780240 0.002172 
2681.613645 0.002172 
2680.447049 0.002172 
2679.280453 0.002172 
2678.113858 0.002172 
2676.947262 0.001682 
2675.780667 0.001087 
2674.614071 0.001087 
2673.447476 0.001087 
2672.280880 0.001087 
2671.114285 0.001087 
2669.947689 0.001087 
2668.781094 0.001087 
2667.614498 0.001087 
2666.447903 0.001087 
2665.281307 0.001087 
2664.114712 0.001087 
2662.948116 0.001087 
2661.781521 0.000850 
2660.614925 0.000420 
2659.448329 0.001087 
2658.281734 0.000197 
2657.115138 0.000000 
2655.948543 0.001087 
2654.781947 0.001087 
2653.615352 0.000380 
2652.448756 0.000925 
2651.282161 0.001087 
2650.115565 0.001087 
2648.948970 0.001087 
2647.782374 0.001087 
2646.615779 0.001087 
2645.449183 0.001087 
2644.282588 0.001432 
2643.115992 0.002172 
2641.949396 0.002172 
2640.782801 0.002172 
2639.616205 0.002172 
2638.449610 0.002554 
2637.283014 0.003262 
2636.116419 0.003262 
2634.949823 0.004351 
2633.783228 0.004351 
2632.616632 0.004351 
2631.450037 0.004351 
2630.283441 0.005241 
2629.116846 0.005531 
2627.950250 0.006533 
2626.783655 0.006533 
2625.617059 0.007278 
2624.450463 0.007625 
2623.283868 0.007753 
2622.117272 0.008717 
2620.950677 0.009265 
2619.784081 0.009812 
2618.617486 0.009812 
2617.450890 0.009812 
2616.284295 0.010197 
2615.117699 0.010909 
2613.951104 0.010909 
2612.784508 0.012006 
2611.617913 0.012006 
2610.451317 0.012006 
2609.284722 0.012006 
2608.118126 0.012006 
2606.951531 0.013051 
2605.784935 0.012269 
2604.618339 0.013104 
2603.451744 0.013104 
2602.285148 0.013104 
2601.118553 0.013104 
2599.951957 0.013104 
2598.785362 0.013104 
2597.618766 0.013104 
2596.452171 0.013104 
2595.285575 0.013104 
2594.118980 0.013104 
2592.952384 0.013104 
2591.785789 0.013104 
2590.619193 0.013104 
2589.452598 0.012924 
2588.286002 0.012006 
2587.119406 0.012006 
2585.952811 0.012006 
2584.786215 0.012006 
2583.619620 0.012006 
2582.453024 0.012006 
2581.286429 0.012006 
2580.119833 0.012006 
2578.953238 0.012006 
2577.786642 0.012006 
2576.620047 0.012006 
2575.453451 0.012006 
2574.286856 0.012006 
2573.120260 0.012006 
2571.953665 0.012386 
2570.787069 0.013104 
2569.620473 0.013104 
2568.453878 0.013104 
2567.287282 0.014203 
2566.120687 0.014203 
2564.954091 0.014203 
2563.787496 0.014203 
2562.620900 0.014203 
2561.454305 0.014473 
2560.287709 0.015303 
2559.121114 0.015303 
2557.954518 0.015303 
2556.787923 0.015303 
2555.621327 0.015610 
2554.454732 0.016405 
2553.288136 0.016405 
2552.121541 0.017372 
2550.954945 0.017507 
2549.788349 0.017507 
2548.621754 0.018035 
2547.455158 0.018610 
2546.288563 0.018610 
2545.121967 0.018807 
2543.955372 0.019717 
2542.788776 0.019717 
2541.622181 0.019717 
2540.455585 0.019717 
2539.288990 0.019717 
2538.122394 0.019717 
2536.955799 0.019717 
2535.789203 0.019717 
2534.622608 0.019717 
2533.456012 0.019447 
2532.289416 0.018610 
2531.122821 0.018610 
2529.956225 0.017680 
2528.789630 0.017507 
2527.623034 0.017507 
2526.456439 0.016965 
2525.289843 0.016405 
2524.123248 0.015438 
2522.956652 0.015146 
2521.790057 0.014203 
2520.623461 0.013621 
2519.456866 0.013104 
2518.290270 0.013104 
2517.123675 0.012006 
2515.957079 0.011589 
2514.790483 0.010240 
2513.623888 0.009812 
2512.457292 0.009765 
2511.290697 0.008717 
2510.124101 0.008260 
2508.957506 0.007625 
2507.790910 0.007625 
2506.624315 0.006533 
2505.457719 0.006533 
2504.291124 0.006036 
2503.124528 0.005441 
2501.957933 0.004421 
2500.791337 0.004351 
2499.624742 0.004351 
2498.458146 0.003761 
2497.291551 0.003262 
2496.124955 0.003262 
2494.958359 0.003107 
2493.791764 0.002172 
2492.625168 0.002172 
2491.458573 0.002172 
2490.291977 0.002172 
2489.125382 0.001962 
2487.958786 0.001087 
2486.792191 0.001087 
2485.625595 0.001087 
2484.459000 0.001087 
2483.292404 0.001087 
2482.125809 0.001087 
2480.959213 0.001087 
2479.792618 0.001087 
2478.626022 0.001087 
2477.459426 0.000797 
2476.292831 0.000552 
2475.126235 0.000355 
2473.959640 0.000000 
2472.793044 0.000130 
2471.626449 0.000682 
2470.459853 0.000587 
2469.293258 0.001087 
2468.126662 0.001087 
2466.960067 0.001087 
2465.793471 0.001087 
2464.626876 0.001087 
2463.460280 0.001087 
2462.293685 0.001087 
2461.127089 0.001087 
2459.960493 0.001087 
2458.793898 0.001087 
2457.627302 0.001087 
2456.460707 0.001087 
2455.294111 0.001087 
2454.127516 0.001600 
2452.960920 0.001402 
2451.794325 0.001087 
2450.627729 0.002172 
2449.461134 0.002172 
2448.294538 0.002172 
2447.127943 0.002172 
2445.961347 0.002172 
2444.794752 0.002172 
2443.628156 0.002172 
2442.461561 0.002172 
2441.294965 0.002172 
2440.128369 0.002172 
2438.961774 0.002172 
2437.795178 0.002172 
2436.628583 0.002172 
2435.461987 0.002172 
2434.295392 0.002172 
2433.128796 0.002172 
2431.962201 0.002172 
2430.795605 0.002172 
2429.629010 0.001227 
2428.462414 0.002022 
2427.295819 0.001087 
2426.129223 0.001087 
2424.962628 0.001087 
2423.796032 0.001087 
2422.629436 0.001087 
2421.462841 0.001087 
2420.296245 0.001087 
2419.129650 0.001087 
2417.963054 0.001087 
2416.796459 0.001087 
2415.629863 0.001087 
2414.463268 0.001087 
2413.296672 0.001087 
2412.130077 0.001087 
2410.963481 0.001087 
2409.796886 0.001087 
2408.630290 0.001087 
2407.463695 0.001087 
2406.297099 0.001087 
2405.130504 0.001087 
2403.963908 0.001087 
2402.797312 0.001087 
2401.630717 0.001087 
2400.464121 0.001087 
2399.297526 0.001087 
2398.130930 0.001087 
2396.964335 0.001087 
2395.797739 0.001087 
2394.631144 0.001087 
2393.464548 0.001087 
2392.297953 0.001087 
2391.131357 0.001087 
2389.964762 0.001087 
2388.798166 0.001087 
2387.631571 0.001087 
2386.464975 0.001087 
2385.298379 0.001087 
2384.131784 0.001087 
2382.965188 0.001087 
2381.798593 0.001632 
2380.631997 0.002172 
2379.465402 0.002172 
2378.298806 0.002172 
2377.132211 0.002172 
2375.965615 0.002172 
2374.799020 0.002172 
2373.632424 0.003222 
2372.465829 0.003262 
2371.299233 0.003626 
2370.132638 0.004351 
2368.966042 0.004351 
2367.799446 0.003262 
2366.632851 0.004554 
2365.466255 0.005441 
2364.299660 0.004786 
2363.133064 0.004351 
2361.966469 0.006496 
2360.799873 0.005198 
2359.633278 0.004859 
2358.466682 0.005441 
2357.300087 0.004471 
2356.133491 0.005441 
2354.966896 0.005079 
2353.800300 0.004896 
2352.633705 0.004634 
2351.467109 0.004351 
2350.300514 0.004351 
2349.133918 0.004351 
2347.967322 0.004351 
2346.800727 0.005198 
2345.634131 0.004389 
2344.467536 0.005441 
2343.300940 0.005441 
2342.134345 0.006813 
2340.967749 0.005808 
2339.801154 0.007623 
2338.634558 0.006021 
2337.467963 0.007153 
2336.301367 0.006533 
2335.134772 0.007478 
2333.968176 0.006571 
2332.801581 0.006973 
2331.634985 0.006456 
2330.468389 0.006093 
2329.301794 0.007403 
2328.135198 0.006611 
2326.968603 0.007263 
2325.802007 0.007138 
2324.635412 0.006791 
2323.468816 0.007550 
2322.302221 0.006748 
2321.135625 0.007228 
2319.969030 0.007178 
2318.802434 0.006753 
2317.635839 0.007585 
2316.469243 0.007625 
2315.302648 0.007625 
2314.136052 0.007625 
2312.969456 0.007625 
2311.802861 0.007625 
2310.636265 0.007625 
2309.469670 0.007625 
2308.303074 0.008388 
2307.136479 0.008717 
2305.969883 0.008717 
2304.803288 0.008717 
2303.636692 0.008717 
2302.470097 0.008717 
2301.303501 0.008717 
2300.136906 0.008717 
2298.970310 0.008717 
2297.803715 0.008717 
2296.637119 0.009552 
2295.470524 0.009812 
2294.303928 0.009812 
2293.137332 0.009812 
2291.970737 0.009812 
2290.804141 0.009812 
2289.637546 0.009812 
2288.470950 0.010065 
2287.304355 0.010909 
2286.137759 0.010909 
2284.971164 0.010909 
2283.804568 0.010909 
2282.637973 0.010909 
2281.471377 0.010909 
2280.304782 0.011672 
2279.138186 0.012006 
2277.971591 0.012006 
2276.804995 0.012006 
2275.638399 0.012006 
2274.471804 0.012806 
2273.305208 0.013104 
2272.138613 0.013104 
2270.972017 0.013104 
2269.805422 0.013104 
2268.638826 0.013104 
2267.472231 0.014203 
2266.305635 0.014203 
2265.139040 0.014203 
2263.972444 0.014203 
2262.805849 0.015173 
2261.639253 0.015303 
2260.472658 0.015303 
2259.306062 0.015303 
2258.139466 0.016030 
2256.972871 0.016405 
2255.806275 0.016405 
2254.639680 0.016405 
2253.473084 0.016405 
2252.306489 0.017255 
2251.139893 0.017507 
2249.973298 0.017507 
2248.806702 0.017507 
2247.640107 0.017507 
2246.473511 0.018397 
2245.306916 0.018610 
2244.140320 0.018610 
2242.973725 0.018610 
2241.807129 0.018610 
2240.640534 0.018610 
2239.473938 0.018610 
2238.307342 0.018610 
2237.140747 0.018610 
2235.974151 0.018610 
2234.807556 0.018610 
2233.640960 0.018610 
2232.474365 0.018610 
2231.307769 0.018610 
2230.141174 0.018610 
2228.974578 0.018610 
2227.807983 0.018497 
2226.641387 0.017507 
2225.474792 0.017507 
2224.308196 0.017507 
2223.141601 0.017507 
2221.975005 0.017507 
2220.808409 0.017507 
2219.641814 0.017507 
2218.475218 0.016598 
2217.308623 0.016405 
2216.142027 0.016405 
2214.975432 0.016405 
2213.808836 0.016405 
2212.642241 0.016405 
2211.475645 0.016405 
2210.309050 0.016405 
2209.142454 0.016405 
2207.975859 0.016405 
2206.809263 0.016405 
2205.642668 0.016405 
2204.476072 0.016405 
2203.309476 0.015805 
2202.142881 0.015303 
2200.976285 0.015303 
2199.809690 0.015303 
2198.643094 0.015303 
2197.476499 0.015303 
2196.309903 0.015303 
2195.143308 0.015303 
2193.976712 0.015303 
2192.810117 0.015303 
2191.643521 0.015303 
2190.476926 0.015303 
2189.310330 0.015303 
2188.143735 0.015021 
2186.977139 0.014203 
2185.810544 0.014203 
2184.643948 0.014203 
2183.477352 0.014203 
2182.310757 0.014203 
2181.144161 0.014203 
2179.977566 0.013409 
2178.810970 0.013104 
2177.644375 0.013104 
2176.477779 0.013104 
2175.311184 0.013104 
2174.144588 0.013104 
2172.977993 0.012006 
2171.811397 0.012006 
2170.644802 0.012006 
2169.478206 0.012006 
2168.311611 0.012006 
2167.145015 0.010909 
2165.978419 0.010909 
2164.811824 0.010909 
2163.645228 0.010909 
2162.478633 0.009907 
2161.312037 0.009812 
2160.145442 0.009812 
2158.978846 0.009812 
2157.812251 0.009812 
2156.645655 0.008772 
2155.479060 0.008717 
2154.312464 0.008717 
2153.145869 0.008717 
2151.979273 0.008717 
2150.812678 0.008717 
2149.646082 0.007625 
2148.479486 0.007625 
2147.312891 0.007625 
2146.146295 0.007625 
2144.979700 0.007625 
2143.813104 0.007625 
2142.646509 0.007625 
2141.479913 0.008303 
2140.313318 0.009675 
2139.146722 0.010967 
2137.980127 0.012544 
2136.813531 0.014738 
2135.646936 0.015303 
2134.480340 0.015303 
2133.313745 0.015093 
2132.147149 0.012329 
2130.980554 0.009770 
2129.813958 0.007885 
2128.647362 0.006586 
2127.480767 0.005441 
2126.314171 0.005021 
2125.147576 0.004351 
2123.980980 0.004351 
2122.814385 0.004351 
2121.647789 0.003262 
2120.481194 0.003262 
2119.314598 0.003262 
2118.148003 0.003262 
2116.981407 0.003262 
2115.814812 0.003262 
2114.648216 0.003262 
2113.481621 0.003262 
2112.315025 0.002297 
2111.148429 0.002172 
2109.981834 0.002172 
2108.815238 0.002172 
2107.648643 0.002172 
2106.482047 0.002172 
2105.315452 0.002172 
2104.148856 0.002172 
2102.982261 0.002172 
2101.815665 0.002172 
2100.649070 0.002172 
2099.482474 0.001087 
2098.315879 0.001087 
2097.149283 0.001087 
2095.982688 0.001087 
2094.816092 0.001087 
2093.649496 0.001087 
2092.482901 0.001087 
2091.316305 0.001087 
2090.149710 0.001087 
2088.983114 0.001087 
2087.816519 0.001087 
2086.649923 0.001087 
2085.483328 0.001087 
2084.316732 0.001087 
2083.150137 0.000162 
2081.983541 0.001087 
2080.816946 0.001087 
2079.650350 0.000272 
2078.483755 0.000997 
2077.317159 0.000887 
2076.150564 0.000000 
2074.983968 0.000670 
2073.817372 0.000237 
2072.650777 0.001087 
2071.484181 0.001087 
2070.317586 0.001087 
2069.150990 0.001087 
2067.984395 0.001087 
2066.817799 0.001087 
2065.651204 0.001087 
2064.484608 0.001087 
2063.318013 0.001087 
2062.151417 0.001087 
2060.984822 0.002047 
2059.818226 0.001427 
2058.651631 0.002172 
2057.485035 0.002172 
2056.318439 0.002172 
2055.151844 0.002334 
2053.985248 0.003262 
2052.818653 0.003262 
2051.652057 0.003262 
2050.485462 0.003262 
2049.318866 0.003262 
2048.152271 0.003749 
2046.985675 0.004351 
2045.819080 0.004351 
2044.652484 0.004351 
2043.485889 0.004351 
2042.319293 0.004351 
2041.152698 0.004351 
2039.986102 0.004351 
2038.819507 0.004351 
2037.652911 0.004351 
2036.486315 0.004351 
2035.319720 0.004351 
2034.153124 0.004351 
2032.986529 0.003262 
2031.819933 0.003262 
2030.653338 0.003262 
2029.486742 0.003262 
2028.320147 0.003262 
2027.153551 0.003084 
2025.986956 0.002172 
2024.820360 0.002172 
2023.653765 0.002172 
2022.487169 0.002172 
2021.320574 0.002172 
2020.153978 0.002172 
2018.987382 0.002172 
2017.820787 0.002172 
2016.654191 0.002172 
2015.487596 0.002172 
2014.321000 0.002172 
2013.154405 0.002172 
2011.987809 0.002172 
2010.821214 0.002172 
2009.654618 0.002172 
2008.488023 0.002172 
2007.321427 0.002172 
2006.154832 0.002172 
2004.988236 0.002172 
2003.821641 0.002172 
2002.655045 0.002172 
2001.488449 0.002172 
2000.321854 0.002172 
1999.155258 0.002172 
1997.988663 0.001724 
1996.822067 0.001087 
1995.655472 0.001087 
1994.488876 0.001087 
1993.322281 0.001087 
1992.155685 0.001087 
1990.989090 0.001087 
1989.822494 0.001087 
1988.655899 0.001087 
1987.489303 0.001087 
1986.322708 0.001087 
1985.156112 0.001087 
1983.989517 0.001087 
1982.822921 0.001087 
1981.656325 0.001087 
1980.489730 0.001087 
1979.323134 0.001087 
1978.156539 0.001087 
1976.989943 0.000227 
1975.823348 0.000632 
1974.656752 0.000000 
1973.490157 0.000880 
1972.323561 0.000082 
1971.156966 0.001087 
1969.990370 0.001087 
1968.823775 0.001087 
1967.657179 0.001087 
1966.490584 0.001087 
1965.323988 0.001087 
1964.157392 0.001087 
1962.990797 0.001087 
1961.824201 0.001087 
1960.657606 0.001242 
1959.491010 0.001427 
1958.324415 0.000000 
1957.157819 0.000807 
1955.991224 0.000010 
1954.824628 0.000897 
1953.658033 0.000412 
1952.491437 0.001087 
1951.324842 0.001087 
1950.158246 0.001087 
1948.991651 0.001087 
1947.825055 0.001087 
1946.658459 0.001087 
1945.491864 0.001087 
1944.325268 0.001087 
1943.158673 0.001087 
1941.992077 0.001087 
1940.825482 0.000355 
1939.658886 0.000000 
1938.492291 0.001087 
1937.325695 0.001087 
1936.159100 0.000500 
1934.992504 0.000770 
1933.825909 0.001087 
1932.659313 0.000935 
1931.492718 0.000000 
1930.326122 0.000625 
1929.159527 0.001087 
1927.992931 0.000007 
1926.826335 0.001087 
1925.659740 0.000607 
1924.493144 0.000660 
1923.326549 0.001087 
1922.159953 0.001087 
1920.993358 0.001087 
1919.826762 0.001087 
1918.660167 0.001087 
1917.493571 0.001087 
1916.326976 0.001087 
1915.160380 0.001087 
1913.993785 0.001087 
1912.827189 0.001087 
1911.660594 0.001087 
1910.493998 0.001087 
1909.327402 0.001087 
1908.160807 0.001087 
1906.994211 0.001087 
1905.827616 0.001087 
1904.661020 0.001087 
1903.494425 0.001087 
1902.327829 0.001087 
1901.161234 0.001087 
1899.994638 0.000000 
1898.828043 0.000000 
1897.661447 0.000000 
1896.494852 0.000730 
1895.328256 0.000140 
1894.161661 0.001087 
1892.995065 0.001087 
1891.828469 0.000575 
1890.661874 0.000770 
1889.495278 0.000102 
1888.328683 0.000000 
1887.162087 0.000367 
1885.995492 0.000477 
1884.828896 0.000837 
1883.662301 0.001087 
1882.495705 0.000222 
1881.329110 0.001087 
1880.162514 0.001087 
1878.995919 0.000212 
1877.829323 0.001055 
1876.662728 0.001087 
1875.496132 0.001087 
1874.329537 0.001087 
1873.162941 0.001087 
1871.996345 0.000975 
1870.829750 0.000295 
1869.663154 0.001087 
1868.496559 0.001087 
1867.329963 0.001087 
1866.163368 0.001087 
1864.996772 0.001087 
1863.830177 0.001087 
1862.663581 0.001087 
1861.496986 0.001087 
1860.330390 0.001087 
1859.163795 0.001087 
1857.997199 0.001087 
1856.830604 0.001087 
1855.664008 0.001087 
1854.497412 0.001087 
1853.330817 0.001087 
1852.164221 0.001087 
1850.997626 0.001087 
1849.831030 0.001087 
1848.664435 0.001087 
1847.497839 0.001087 
1846.331244 0.001087 
1845.164648 0.001087 
1843.998053 0.001087 
1842.831457 0.001087 
1841.664862 0.001087 
1840.498266 0.001087 
1839.331671 0.001087 
1838.165075 0.001087 
1836.998479 0.001087 
1835.831884 0.000470 
1834.665288 0.000800 
1833.498693 0.001087 
1832.332097 0.001087 
1831.165502 0.001087 
1829.998906 0.001087 
1828.832311 0.001087 
1827.665715 0.001087 
1826.499120 0.001087 
1825.332524 0.001087 
1824.165929 0.001087 
1822.999333 0.001087 
1821.832738 0.001087 
1820.666142 0.000805 
1819.499547 0.000545 
1818.332951 0.001087 
1817.166355 0.001087 
1815.999760 0.000110 
1814.833164 0.001087 
1813.666569 0.001087 
1812.499973 0.001087 
1811.333378 0.001087 
1810.166782 0.000927 
1809.000187 0.000435 
1807.833591 0.001087 
1806.666996 0.001087 
1805.500400 0.001087 
1804.333805 0.001087 
1803.167209 0.001087 
1802.000614 0.001087 
1800.834018 0.001087 
1799.667422 0.001087 
1798.500827 0.001087 
1797.334231 0.001087 
1796.167636 0.001087 
1795.001040 0.001087 
1793.834445 0.001087 
1792.667849 0.001087 
1791.501254 0.001087 
1790.334658 0.001087 
1789.168063 0.001087 
1788.001467 0.001087 
1786.834872 0.001087 
1785.668276 0.001087 
1784.501681 0.001087 
1783.335085 0.001087 
1782.168489 0.001337 
1781.001894 0.002172 
1779.835298 0.002172 
1778.668703 0.002172 
1777.502107 0.002172 
1776.335512 0.002172 
1775.168916 0.002172 
1774.002321 0.002172 
1772.835725 0.002172 
1771.669130 0.002172 
1770.502534 0.002172 
1769.335939 0.002172 
1768.169343 0.002969 
1767.002748 0.003262 
1765.836152 0.003262 
1764.669557 0.003262 
1763.502961 0.003262 
1762.336365 0.003262 
1761.169770 0.003262 
1760.003174 0.004351 
1758.836579 0.004351 
1757.669983 0.004351 
1756.503388 0.004351 
1755.336792 0.004351 
1754.170197 0.005441 
1753.003601 0.005441 
1751.837006 0.005441 
1750.670410 0.005441 
1749.503815 0.006533 
1748.337219 0.006533 
1747.170624 0.006533 
1746.004028 0.007293 
1744.837432 0.007625 
1743.670837 0.007625 
1742.504241 0.007948 
1741.337646 0.008717 
1740.171050 0.008717 
1739.004455 0.009807 
1737.837859 0.009812 
1736.671264 0.009812 
1735.504668 0.010464 
1734.338073 0.010909 
1733.171477 0.012006 
1732.004882 0.012006 
1730.838286 0.012006 
1729.671691 0.012696 
1728.505095 0.013104 
1727.338499 0.014203 
1726.171904 0.014203 
1725.005308 0.014686 
1723.838713 0.015303 
1722.672117 0.015303 
1721.505522 0.016405 
1720.338926 0.016725 
1719.172331 0.017507 
1718.005735 0.018272 
1716.839140 0.018610 
1715.672544 0.018750 
1714.505949 0.019717 
1713.339353 0.019717 
1712.172758 0.020519 
1711.006162 0.020821 
1709.839567 0.021929 
1708.672971 0.021929 
1707.506375 0.022586 
1706.339780 0.023036 
1705.173184 0.024145 
1704.006589 0.024383 
1702.839993 0.025255 
1701.673398 0.025952 
1700.506802 0.027347 
1699.340207 0.027479 
1698.173611 0.027759 
1697.007016 0.029144 
1695.840420 0.029709 
1694.673825 0.029709 
1693.507229 0.030941 
1692.340634 0.031943 
1691.174038 0.032530 
1690.007442 0.033060 
1688.840847 0.034135 
1687.674251 0.034180 
1686.507656 0.034620 
1685.341060 0.035302 
1684.174465 0.035302 
1683.007869 0.036414 
1681.841274 0.036424 
1680.674678 0.036424 
1679.508083 0.036424 
1678.341487 0.036424 
1677.174892 0.036424 
1676.008296 0.036424 
1674.841701 0.035909 
1673.675105 0.035302 
1672.508510 0.035302 
1671.341914 0.034180 
1670.175318 0.034180 
1669.008723 0.033630 
1667.842127 0.033060 
1666.675532 0.032028 
1665.508936 0.031943 
1664.342341 0.031543 
1663.175745 0.030826 
1662.009150 0.029941 
1660.842554 0.029709 
1659.675959 0.028594 
1658.509363 0.028159 
1657.342768 0.027479 
1656.176172 0.026562 
1655.009577 0.026367 
1653.842981 0.025255 
1652.676385 0.024733 
1651.509790 0.023381 
1650.343194 0.023036 
1649.176599 0.021929 
1648.010003 0.021929 
1646.843408 0.021366 
1645.676812 0.020022 
1644.510217 0.019717 
1643.343621 0.018610 
1642.177026 0.018610 
1641.010430 0.018010 
1639.843835 0.017507 
1638.677239 0.017507 
1637.510644 0.016405 
1636.344048 0.016405 
1635.177452 0.015718 
1634.010857 0.014436 
1632.844261 0.014203 
1631.677666 0.014203 
1630.511070 0.014203 
1629.344475 0.013484 
1628.177879 0.013104 
1627.011284 0.013104 
1625.844688 0.013104 
1624.678093 0.012589 
1623.511497 0.012006 
1622.344902 0.012006 
1621.178306 0.012006 
1620.011711 0.011654 
1618.845115 0.010909 
1617.678520 0.010909 
1616.511924 0.010909 
1615.345328 0.010909 
1614.178733 0.010909 
1613.012137 0.010909 
1611.845542 0.010909 
1610.678946 0.009812 
1609.512351 0.009812 
1608.345755 0.009812 
1607.179160 0.009812 
1606.012564 0.009812 
1604.845969 0.009812 
1603.679373 0.009812 
1602.512778 0.009812 
1601.346182 0.009097 
1600.179587 0.008717 
1599.012991 0.008717 
1597.846395 0.008717 
1596.679800 0.008717 
1595.513204 0.008717 
1594.346609 0.008717 
1593.180013 0.008717 
1592.013418 0.008717 
1590.846822 0.008717 
1589.680227 0.007845 
1588.513631 0.008702 
1587.347036 0.007625 
1586.180440 0.007625 
1585.013845 0.007625 
1583.847249 0.007625 
1582.680654 0.007625 
1581.514058 0.007625 
1580.347462 0.007625 
1579.180867 0.007625 
1578.014271 0.007625 
1576.847676 0.007625 
1575.681080 0.007278 
1574.514485 0.006533 
1573.347889 0.006533 
1572.181294 0.006533 
1571.014698 0.006533 
1569.848103 0.006533 
1568.681507 0.006533 
1567.514912 0.005701 
1566.348316 0.005441 
1565.181721 0.005441 
1564.015125 0.005441 
1562.848530 0.005441 
1561.681934 0.005441 
1560.515338 0.005441 
1559.348743 0.005441 
1558.182147 0.005441 
1557.015552 0.004734 
1555.848956 0.004351 
1554.682361 0.004351 
1553.515765 0.004351 
1552.349170 0.004351 
1551.182574 0.004351 
1550.015979 0.003389 
1548.849383 0.003426 
1547.682788 0.004006 
1546.516192 0.003262 
1545.349597 0.003262 
1544.183001 0.003262 
1543.016405 0.003262 
1541.849810 0.002879 
1540.683214 0.002797 
1539.516619 0.002407 
1538.350023 0.002172 
1537.183428 0.002172 
1536.016832 0.002172 
1534.850237 0.002172 
1533.683641 0.002172 
1532.517046 0.001087 
1531.350450 0.001087 
1530.183855 0.001087 
1529.017259 0.001087 
1527.850664 0.001087 
1526.684068 0.001087 
1525.517472 0.001087 
1524.350877 0.001087 
1523.184281 0.001087 
1522.017686 0.001087 
1520.851090 0.001087 
1519.684495 0.000707 
1518.517899 0.000632 
1517.351304 0.001087 
1516.184708 0.001087 
1515.018113 0.001087 
1513.851517 0.001507 
1512.684922 0.002172 
1511.518326 0.003024 
1510.351731 0.003314 
1509.185135 0.004351 
1508.018540 0.004814 
1506.851944 0.005441 
1505.685348 0.006331 
1504.518753 0.007625 
1503.352157 0.007925 
1502.185562 0.009280 
1501.018966 0.010559 
1499.852371 0.011942 
1498.685775 0.013229 
1497.519180 0.014891 
1496.352584 0.017008 
1495.185989 0.018295 
1494.019393 0.020774 
1492.852798 0.023363 
1491.686202 0.026030 
1490.519607 0.028774 
1489.353011 0.032490 
1488.186415 0.035347 
1487.019820 0.039348 
1485.853224 0.043565 
1484.686629 0.047526 
1483.520033 0.051797 
1482.353438 0.054692 
1481.186842 0.058505 
1480.020247 0.061357 
1478.853651 0.064039 
1477.687056 0.065893 
1476.520460 0.065903 
1475.353865 0.064454 
1474.187269 0.062522 
1473.020674 0.059670 
1471.854078 0.056943 
1470.687482 0.055674 
1469.520887 0.056109 
1468.354291 0.057443 
1467.187696 0.059778 
1466.021100 0.062504 
1464.854505 0.065041 
1463.687909 0.066481 
1462.521314 0.067828 
1461.354718 0.068315 
1460.188123 0.068300 
1459.021527 0.066838 
1457.854932 0.065493 
1456.688336 0.064071 
1455.521741 0.064714 
1454.355145 0.066063 
1453.188550 0.067880 
1452.021954 0.070025 
1450.855358 0.072291 
1449.688763 0.074008 
1448.522167 0.075273 
1447.355572 0.074873 
1446.188976 0.072794 
1445.022381 0.069987 
1443.855785 0.067290 
1442.689190 0.062974 
1441.522594 0.059390 
1440.355999 0.057271 
1439.189403 0.055891 
1438.022808 0.055674 
1436.856212 0.057098 
1435.689617 0.058433 
1434.523021 0.059842 
1433.356425 0.061222 
1432.189830 0.063701 
1431.023234 0.064021 
1429.856639 0.065421 
1428.690043 0.066006 
1427.523448 0.066006 
1426.356852 0.066006 
1425.190257 0.066006 
1424.023661 0.065396 
1422.857066 0.064854 
1421.690470 0.063806 
1420.523875 0.062349 
1419.357279 0.061010 
1418.190684 0.058958 
1417.024088 0.057076 
1415.857492 0.055576 
1414.690897 0.052917 
1413.524301 0.050640 
1412.357706 0.048518 
1411.191110 0.045872 
1410.024515 0.043095 
1408.857919 0.041505 
1407.691324 0.038774 
1406.524728 0.036032 
1405.358133 0.033415 
1404.191537 0.031701 
1403.024942 0.029096 
1401.858346 0.026935 
1400.691751 0.024793 
1399.525155 0.023066 
1398.358560 0.021616 
1397.191964 0.019337 
1396.025368 0.017977 
1394.858773 0.016690 
1393.692177 0.015296 
1392.525582 0.014011 
1391.358986 0.012689 
1390.192391 0.011339 
1389.025795 0.010909 
1387.859200 0.009767 
1386.692604 0.008717 
1385.526009 0.008200 
1384.359413 0.006925 
1383.192818 0.006533 
1382.026222 0.005441 
1380.859627 0.005441 
1379.693031 0.004889 
1378.526435 0.004351 
1377.359840 0.004351 
1376.193244 0.004351 
1375.026649 0.004021 
1373.860053 0.003262 
1372.693458 0.003262 
1371.526862 0.002202 
1370.360267 0.002172 
1369.193671 0.002172 
1368.027076 0.002172 
1366.860480 0.002172 
1365.693885 0.002172 
1364.527289 0.002172 
1363.360694 0.002172 
1362.194098 0.002172 
1361.027503 0.002172 
1359.860907 0.002172 
1358.694311 0.001924 
1357.527716 0.001087 
1356.361120 0.001087 
1355.194525 0.001087 
1354.027929 0.001087 
1352.861334 0.001087 
1351.694738 0.001087 
1350.528143 0.001087 
1349.361547 0.001087 
1348.194952 0.001087 
1347.028356 0.001087 
1345.861761 0.001087 
1344.695165 0.000235 
1343.528570 0.000000 
1342.361974 0.001087 
1341.195378 0.001087 
1340.028783 0.001087 
1338.862187 0.001087 
1337.695592 0.001087 
1336.528996 0.001087 
1335.362401 0.001087 
1334.195805 0.001087 
1333.029210 0.001087 
1331.862614 0.001087 
1330.696019 0.001087 
1329.529423 0.001087 
1328.362828 0.001087 
1327.196232 0.001087 
1326.029637 0.001087 
1324.863041 0.001087 
1323.696445 0.000480 
1322.529850 0.000837 
1321.363254 0.000070 
1320.196659 0.001087 
1319.030063 0.000685 
1317.863468 0.000000 
1316.696872 0.000000 
1315.530277 0.000000 
1314.363681 0.000000 
1313.197086 0.000000 
1312.030490 0.000000 
1310.863895 0.000000 
1309.697299 0.000112 
1308.530704 0.001087 
1307.364108 0.001087 
1306.197513 0.000322 
1305.030917 0.000945 
1303.864321 0.000940 
1302.697726 0.000327 
1301.531130 0.001087 
1300.364535 0.001087 
1299.197939 0.001087 
1298.031344 0.001087 
1296.864748 0.001087 
1295.698153 0.001087 
1294.531557 0.001087 
1293.364962 0.001087 
1292.198366 0.001087 
1291.031771 0.001087 
1289.865175 0.001087 
1288.698580 0.001087 
1287.531984 0.001087 
1286.365388 0.001087 
1285.198793 0.001087 
1284.032197 0.001087 
1282.865602 0.001087 
1281.699006 0.001087 
1280.532411 0.001087 
1279.365815 0.001087 
1278.199220 0.001087 
1277.032624 0.001087 
1275.866029 0.001087 
1274.699433 0.001087 
1273.532838 0.001087 
1272.366242 0.001087 
1271.199647 0.001087 
1270.033051 0.001087 
1268.866455 0.000615 
1267.699860 0.000652 
1266.533264 0.000160 
1265.366669 0.001087 
1264.200073 0.001087 
1263.033478 0.001087 
1261.866882 0.001087 
1260.700287 0.001087 
1259.533691 0.001087 
1258.367096 0.001087 
1257.200500 0.001087 
1256.033905 0.001087 
1254.867309 0.001087 
1253.700714 0.001087 
1252.534118 0.001087 
1251.367523 0.001087 
1250.200927 0.001087 
1249.034331 0.001087 
1247.867736 0.001087 
1246.701140 0.001087 
1245.534545 0.001087 
1244.367949 0.001087 
1243.201354 0.001087 
1242.034758 0.001087 
1240.868163 0.001087 
1239.701567 0.001087 
1238.534972 0.001087 
1237.368376 0.001087 
1236.201781 0.001087 
1235.035185 -0.001934 
1233.868590 -0.001615 
1232.701994 0.000977 
1231.535398 0.001087 
1230.368803 0.001087 
1229.202207 0.001087 
1228.035612 0.001087 
1226.869016 0.001087 
1225.702421 0.001087 
1224.535825 0.000692 
1223.369230 0.000642 
1222.202634 0.001087 
1221.036039 0.000040 
1219.869443 0.001087 
1218.702848 0.001087 
1217.536252 0.001087 
1216.369657 0.001087 
1215.203061 0.001087 
1214.036465 0.001087 
1212.869870 0.001087 
1211.703274 0.001087 
1210.536679 0.001087 
1209.370083 0.001087 
1208.203488 0.000765 
1207.036892 0.000560 
1205.870297 0.001087 
1204.703701 0.001087 
1203.537106 0.000177 
1202.370510 0.001087 
1201.203915 0.001087 
1200.037319 0.001087 
1198.870724 0.001087 
1197.704128 0.000212 
1196.537533 0.001087 
1195.370937 0.001087 
1194.204341 0.001087 
1193.037746 0.001087 
1191.871150 0.001087 
1190.704555 0.001087 
1189.537959 0.001087 
1188.371364 0.001087 
1187.204768 0.001087 
1186.038173 0.000802 
1184.871577 0.000517 
1183.704982 0.001087 
1182.538386 0.001087 
1181.371791 0.000947 
1180.205195 0.000000 
1179.038600 0.000000 
1177.872004 0.000000 
1176.705408 0.001080 
1175.538813 0.001087 
1174.372217 0.001087 
1173.205622 0.001087 
1172.039026 0.001087 
1170.872431 0.002172 
1169.705835 0.002172 
1168.539240 0.002609 
1167.372644 0.003262 
1166.206049 0.003262 
1165.039453 0.004351 
1163.872858 0.004351 
1162.706262 0.004351 
1161.539667 0.005071 
1160.373071 0.005441 
1159.206475 0.005441 
1158.039880 0.005441 
1156.873284 0.004866 
1155.706689 0.004351 
1154.540093 0.004351 
1153.373498 0.004351 
1152.206902 0.004351 
1151.040307 0.004351 
1149.873711 0.004351 
1148.707116 0.005433 
1147.540520 0.006533 
1146.373925 0.006998 
1145.207329 0.008273 
1144.040734 0.010567 
1142.874138 0.013161 
1141.707543 0.015775 
1140.540947 0.019029 
1139.374351 0.022206 
1138.207756 0.025967 
1137.041160 0.029929 
1135.874565 0.034155 
1134.707969 0.038084 
1133.541374 0.042273 
1132.374778 0.046319 
1131.208183 0.050325 
1130.041587 0.054209 
1128.874992 0.056876 
1127.708396 0.059725 
1126.541801 0.061355 
1125.375205 0.062552 
1124.208610 0.063002 
1123.042014 0.062989 
1121.875418 0.062552 
1120.708823 0.060275 
1119.542227 0.058223 
1118.375632 0.054706 
1117.209036 0.051150 
1116.042441 0.046087 
1114.875845 0.041930 
1113.709250 0.036567 
1112.542654 0.032136 
1111.376059 0.026622 
1110.209463 0.022293 
1109.042868 0.018400 
1107.876272 0.014591 
1106.709677 0.011909 
1105.543081 0.009250 
1104.376485 0.007708 
1103.209890 0.005233 
1102.043294 0.004351 
1100.876699 0.003716 
1099.710103 0.003262 
1098.543508 0.003262 
1097.376912 0.002172 
1096.210317 0.001749 
1095.043721 0.001087 
1093.877126 0.001087 
1092.710530 0.001087 
1091.543935 0.001087 
1090.377339 0.001087 
1089.210744 0.001087 
1088.044148 0.001087 
1086.877553 0.001087 
1085.710957 0.000772 
1084.544361 0.000000 
1083.377766 0.000785 
1082.211170 0.001087 
1081.044575 0.001087 
1079.877979 0.001087 
1078.711384 0.001087 
1077.544788 0.001087 
1076.378193 0.001087 
1075.211597 0.001087 
1074.045002 0.001087 
1072.878406 0.001762 
1071.711811 0.002172 
1070.545215 0.002172 
1069.378620 0.002172 
1068.212024 0.002642 
1067.045428 0.003262 
1065.878833 0.003262 
1064.712237 0.004351 
1063.545642 0.004659 
1062.379046 0.005441 
1061.212451 0.006191 
1060.045855 0.006533 
1058.879260 0.007758 
1057.712664 0.009067 
1056.546069 0.010419 
1055.379473 0.012491 
1054.212878 0.014188 
1053.046282 0.017085 
1051.879687 0.022004 
1050.713091 0.027409 
1049.546495 0.035332 
1048.379900 0.045692 
1047.213304 0.061072 
1046.046709 0.080906 
1044.880113 0.103797 
1043.713518 0.132144 
1042.546922 0.160018 
1041.380327 0.190122 
1040.213731 0.221103 
1039.047136 0.250099 
1037.880540 0.278883 
1036.713945 0.305353 
1035.547349 0.329281 
1034.380754 0.352434 
1033.214158 0.372713 
1032.047563 0.389586 
1030.880967 0.402440 
1029.714371 0.412489 
1028.547776 0.417178 
1027.381180 0.417330 
1026.214585 0.410745 
1025.047989 0.400383 
1023.881394 0.382241 
1022.714798 0.362614 
1021.548203 0.338856 
1020.381607 0.316280 
1019.215012 0.297088 
1018.048416 0.283475 
1016.881821 0.273268 
1015.715225 0.268614 
1014.548630 0.265437 
1013.382034 0.263693 
1012.215438 0.260744 
1011.048843 0.253643 
1009.882247 0.244234 
1008.715652 0.230030 
1007.549056 0.210728 
1006.382461 0.188482 
1005.215865 0.164312 
1004.049270 0.139794 
1002.882674 0.113814 
1001.716079 0.092003 
1000.549483 0.071164 
999.382888 0.054557 
998.216292 0.041923 
997.049697 0.031523 
995.883101 0.024413 
994.716506 0.019057 
993.549910 0.015620 
992.383314 0.012954 
991.216719 0.010609 
990.050123 0.009812 
988.883528 0.009052 
987.716932 0.008717 
986.550337 0.007625 
985.383741 0.007625 
984.217146 0.007625 
983.050550 0.006816 
981.883955 0.007575 
980.717359 0.007625 
979.550764 0.007625 
978.384168 0.007625 
977.217573 0.008493 
976.050977 0.008717 
974.884381 0.009812 
973.717786 0.009812 
972.551190 0.010502 
971.384595 0.010909 
970.217999 0.012006 
969.051404 0.012291 
967.884808 0.013104 
966.718213 0.013851 
965.551617 0.015176 
964.385022 0.015410 
963.218426 0.016740 
962.051831 0.017507 
960.885235 0.018305 
959.718640 0.019649 
958.552044 0.019877 
957.385448 0.021214 
956.218853 0.022553 
955.052257 0.023891 
953.885662 0.025238 
952.719066 0.025465 
951.552471 0.026812 
950.385875 0.028157 
949.219280 0.029511 
948.052684 0.030858 
946.886089 0.032213 
945.719493 0.033563 
944.552898 0.034917 
943.386302 0.035302 
942.219707 0.037629 
941.053111 0.038996 
939.886516 0.039796 
938.719920 0.040593 
937.553324 0.041953 
936.386729 0.044310 
935.220133 0.045064 
934.053538 0.047186 
932.886942 0.048561 
931.720347 0.049930 
930.553751 0.051312 
929.387156 0.052690 
928.220560 0.054067 
927.053965 0.055446 
925.887369 0.056848 
924.720774 0.059358 
923.554178 0.060752 
922.387583 0.062139 
921.220987 0.063531 
920.054391 0.064921 
918.887796 0.066631 
917.721200 0.068315 
916.554605 0.069902 
915.388009 0.071672 
914.221414 0.073079 
913.054818 0.074481 
911.888223 0.075888 
910.721627 0.078157 
909.555032 0.079872 
908.388436 0.081289 
907.221841 0.082701 
906.055245 0.084118 
904.888650 0.085540 
903.722054 0.088142 
902.555458 0.089564 
901.388863 0.090991 
900.222267 0.092420 
899.055672 0.093848 
897.889076 0.095285 
896.722481 0.097007 
895.555885 0.099338 
894.389290 0.100778 
893.222694 0.102228 
892.056099 0.103665 
890.889503 0.105112 
889.722908 0.106559 
888.556312 0.108006 
887.389717 0.109460 
886.223121 0.110908 
885.056526 0.112367 
883.889930 0.114497 
882.723334 0.116493 
881.556739 0.116776 
880.390143 0.118435 
879.223548 0.120882 
878.056952 0.121619 
876.890357 0.123594 
875.723761 0.124084 
874.557166 0.125836 
873.390570 0.128247 
872.223975 0.128930 
871.057379 0.129979 
869.890784 0.131464 
868.724188 0.132944 
867.557593 0.133831 
866.390997 0.135550 
865.224401 0.136288 
864.057806 0.137665 
862.891210 0.138752 
861.724615 0.140077 
860.558019 0.141221 
859.391424 0.142406 
858.224828 0.143698 
857.058233 0.144165 
855.891637 0.145665 
854.725042 0.147169 
853.558446 0.147424 
852.391851 0.148934 
851.225255 0.149911 
850.058660 0.150696 
848.892064 0.152208 
847.725468 0.152475 
846.558873 0.153982 
845.392277 0.154907 
844.225682 0.155759 
843.059086 0.156159 
841.892491 0.157539 
840.725895 0.158669 
839.559300 0.159323 
838.392704 0.159926 
837.226109 0.159926 
836.059513 0.161370 
834.892918 0.162445 
833.726322 0.163160 
832.559727 0.163707 
831.393131 0.163707 
830.226536 0.163960 
829.059940 0.164969 
827.893344 0.165747 
826.726749 0.166234 
825.560153 0.166234 
824.393558 0.166541 
823.226962 0.168071 
822.060367 0.168766 
820.893771 0.168766 
819.727176 0.168766 
818.560580 0.169136 
817.393985 0.170035 
816.227389 0.170035 
815.060794 0.170035 
813.894198 0.171305 
812.727603 0.171305 
811.561007 0.171305 
810.394411 0.171305 
809.227816 0.171305 
808.061220 0.172577 
806.894625 0.172085 
805.728029 0.172062 
804.561434 0.172577 
803.394838 0.172577 
802.228243 0.172577 
801.061647 0.172577 
799.895052 0.172577 
798.728456 0.172577 
797.561861 0.172577 
796.395265 0.172577 
795.228670 0.172577 
794.062074 0.172577 
792.895478 0.172577 
791.728883 0.172577 
790.562287 0.172577 
789.395692 0.171902 
788.229096 0.172247 
787.062501 0.171375 
785.895905 0.171305 
784.729310 0.171305 
783.562714 0.171305 
782.396119 0.171305 
781.229523 0.171305 
780.062928 0.170035 
778.896332 0.170035 
777.729737 0.170035 
776.563141 0.170035 
775.396546 0.168766 
774.229950 0.168766 
773.063354 0.168176 
771.896759 0.167499 
770.730163 0.167499 
769.563568 0.167384 
768.396972 0.166234 
767.230377 0.166234 
766.063781 0.165327 
764.897186 0.164969 
763.730590 0.164787 
762.563995 0.163707 
761.397399 0.163707 
760.230804 0.162735 
759.064208 0.162445 
757.897613 0.161185 
756.731017 0.161185 
755.564421 0.160418 
754.397826 0.159926 
753.231230 0.158631 
752.064635 0.157414 
750.898039 0.157414 
749.731444 0.156592 
748.564848 0.155082 
747.398253 0.154907 
746.231657 0.154547 
745.065062 0.153038 
743.898466 0.152405 
742.731871 0.151266 
741.565275 0.149911 
740.398680 0.149499 
739.232084 0.148667 
738.065488 0.147727 
736.898893 0.147422 
735.732297 0.145965 
734.565702 0.144938 
733.399106 0.144208 
732.232511 0.142706 
731.065915 0.142453 
729.899320 0.140951 
728.732724 0.139987 
727.566129 0.139197 
726.399533 0.138752 
725.232938 0.137447 
724.066342 0.135963 
722.899747 0.134476 
721.733151 0.133831 
720.566556 0.132739 
719.399960 0.131377 
718.233364 0.130989 
717.066769 0.129512 
715.900173 0.128930 
714.733578 0.127775 
713.566982 0.126306 
712.400387 0.125268 
711.233791 0.124576 
710.067196 0.123109 
708.900600 0.121632 
707.734005 0.121374 
706.567409 0.119912 
705.400814 0.118448 
704.234218 0.117985 
703.067623 0.115566 
701.901027 0.115266 
700.734431 0.113807 
699.567836 0.112350 
698.401240 0.111950 
697.234645 0.110643 
696.068049 0.109196 
694.901454 0.108346 
693.734858 0.107491 
692.568263 0.106049 
691.401667 0.104754 
690.235072 0.104342 
689.068476 0.102900 
687.901881 0.101460 
686.735285 0.101175 
685.568690 0.099771 
684.402094 0.098331 
683.235498 0.097606 
682.068903 0.096642 
680.902307 0.095235 
679.735712 0.094960 
678.569116 0.093530 
677.402521 0.092101 
676.235925 0.090671 
675.069330 0.090429 
673.902734 0.088996 
672.736139 0.087572 
671.569543 0.086970 
670.402948 0.085907 
669.236352 0.084758 
668.069757 0.085415 
666.903161 0.083371 
665.736566 0.081406 
664.569970 0.079984 
663.403374 0.078769 
662.236779 0.078769 
661.070183 0.077410 
659.903588 0.076438 
658.736992 0.075273 
657.570397 0.075031 
656.403801 0.074111 
655.237206 0.073381 
654.070610 0.071971 
652.904015 0.070629 
651.737419 0.070327 
650.570824 0.068930 
649.404228 0.068315 
648.237633 0.067290 
647.071037 0.066006 
645.904441 0.066006 
644.737846 0.065408 
643.571250 0.064854 
642.404655 0.062704 
641.238059 0.062384 
640.071464 0.061402 
638.904868 0.060757 
637.738273 0.060255 
636.571677 0.060255 
635.405082 0.058183 
634.238486 0.058183 
633.071891 0.056818 
631.905295 0.056818 
630.738700 0.055636 
629.572104 0.054532 
628.405509 0.054022 
627.238913 0.053392 
626.072317 0.052397 
624.905722 0.052165 
623.739126 0.051115 
622.572531 0.050550 
621.405935 0.049978 
620.239340 0.048936 
619.072744 0.048841 
617.906149 0.048458 
616.739553 0.047086 
615.572958 0.046571 
614.406362 0.046571 
613.239767 0.046371 
612.073171 0.045439 
610.906576 0.045439 
609.739980 0.044532 
608.573384 0.044290 
607.406789 0.043180 
606.240193 0.042690 
605.073598 0.042050 
603.907002 0.041093 
602.740407 0.040923 
601.573811 0.040923 
600.407216 0.040923 
599.240620 0.040146 
598.074025 0.039796 
596.907429 0.039676 
595.740834 0.038671 
594.574238 0.038079 
593.407643 0.038371 
592.241047 0.038671 
591.074451 0.036424 
589.907856 0.036424 
588.741260 0.036424 
587.574665 0.036424 
586.408069 0.035312 
585.241474 0.035532 
584.074878 0.035962 
582.908283 0.034605 
581.741687 0.034180 
580.575092 0.034180 
579.408496 0.033898 
578.241901 0.033060 
577.075305 0.033060 
575.908710 0.032081 
574.742114 0.031943 
573.575519 0.031613 
572.408923 0.030826 
571.242327 0.030826 
570.075732 0.030826 
568.909136 0.030674 
567.742541 0.029709 
566.575945 0.029089 
565.409350 0.028594 
564.242754 0.027507 
563.076159 0.028382 
561.909563 0.027040 
560.742968 0.026367 
559.576372 0.026367 
558.409777 0.025255 
557.243181 0.025515 
556.076586 0.025388 
554.909990 0.024865 
553.743394 0.025255 
552.576799 0.024060 
551.410203 0.023348 
550.243608 0.023601 
549.077012 0.022258 
547.910417 0.021929 
546.743821 0.021929 
545.577226 0.021569 
544.410630 0.020821 
543.244035 0.020821 
542.077439 0.020821 
540.910844 0.020639 
539.744248 0.019299 
538.577653 0.017965 
537.411057 0.019259 
536.244461 0.017500 
535.077866 0.016405 
533.911270 0.015935 
532.744675 0.015303 
531.578079 0.015303 
530.411484 0.015248 
529.244888 0.014203 
528.078293 0.014203 
526.911697 0.012711 
525.745102 0.012006 
524.578506 0.011139 
523.411911 0.012081 
522.245315 0.010382 
521.078720 0.009307 
519.912124 0.007695 
518.745529 0.009487 
517.578933 0.008013 
516.412337 0.009342 
515.245742 0.007263 
514.079146 0.006533 
512.912551 0.005868 
511.745955 0.006296 
510.579360 0.005021 
509.412764 0.003649 
508.246169 0.002247 
507.079573 0.003829 
505.912978 0.002172 
504.746382 0.003619 
503.579787 0.000542 
502.413191 0.002084 
501.246596 0.001727 
500.080000 0.002172 
