5000.032000 0.000522 
4998.564751 0.000007 
4997.097503 0.000073 
4995.630254 0.000219 
4994.163005 0.000285 
4992.695757 0.000045 
4991.228508 0.000174 
4989.761259 0.000106 
4988.294011 0.000491 
4986.826762 0.000214 
4985.359513 -0.000005 
4983.892264 -0.000134 
4982.425016 -0.000084 
4980.957767 -0.000446 
4979.490518 -0.000338 
4978.023270 -0.000574 
4976.556021 -0.001220 
4975.088772 -0.001337 
4973.621524 -0.000910 
4972.154275 -0.001138 
4970.687026 -0.001306 
4969.219778 -0.001548 
4967.752529 -0.001367 
4966.285280 -0.001555 
4964.818032 -0.001387 
4963.350783 -0.001347 
4961.883534 -0.001530 
4960.416286 -0.001739 
4958.949037 -0.001182 
4957.481788 -0.001264 
4956.014540 -0.001516 
4954.547291 -0.001283 
4953.080042 -0.001417 
4951.612793 -0.001243 
4950.145545 -0.000856 
4948.678296 -0.001032 
4947.211047 -0.000869 
4945.743799 -0.000602 
4944.276550 -0.000533 
4942.809301 -0.000404 
4941.342053 -0.000611 
4939.874804 -0.000367 
4938.407555 -0.000313 
4936.940307 -0.000195 
4935.473058 -0.000661 
4934.005809 -0.000359 
4932.538561 -0.000416 
4931.071312 -0.001243 
4929.604063 -0.000856 
4928.136815 -0.000529 
4926.669566 -0.000604 
4925.202317 -0.001008 
4923.735068 -0.000479 
4922.267820 -0.000319 
4920.800571 -0.000291 
4919.333322 -0.000162 
4917.866074 -0.000129 
4916.398825 -0.000157 
4914.931576 -0.000308 
4913.464328 0.000089 
4911.997079 0.000418 
4910.529830 0.000202 
4909.062582 0.000348 
4907.595333 0.000174 
4906.128084 0.000218 
4904.660836 0.000348 
4903.193587 0.000204 
4901.726338 0.000291 
4900.259090 -0.000017 
4898.791841 -0.000007 
4897.324592 -0.000237 
4895.857344 -0.000282 
4894.390095 -0.000350 
4892.922846 -0.000517 
4891.455597 -0.000186 
4889.988349 -0.000087 
4888.521100 -0.000921 
4887.053851 -0.000856 
4885.586603 -0.000108 
4884.119354 0.000045 
4882.652105 -0.000019 
4881.184857 -0.000089 
4879.717608 -0.000467 
4878.250359 -0.000475 
4876.783111 -0.000282 
4875.315862 -0.000167 
4873.848613 0.000348 
4872.381365 -0.000216 
4870.914116 -0.000379 
4869.446867 -0.000174 
4867.979619 -0.000178 
4866.512370 -0.000225 
4865.045121 -0.000174 
4863.577872 -0.000346 
4862.110624 -0.000348 
4860.643375 -0.000059 
4859.176126 -0.000174 
4857.708878 -0.000148 
4856.241629 -0.000371 
4854.774380 -0.000221 
4853.307132 -0.000472 
4851.839883 -0.000611 
4850.372634 -0.000559 
4848.905386 -0.000461 
4847.438137 -0.000592 
4845.970888 -0.000268 
4844.503640 -0.000522 
4843.036391 -0.000522 
4841.569142 -0.000341 
4840.101894 -0.000024 
4838.634645 -0.000383 
4837.167396 -0.000869 
4835.700148 -0.000789 
4834.232899 -0.000696 
4832.765650 -0.000691 
4831.298401 -0.000522 
4829.831153 -0.000689 
4828.363904 -0.000874 
4826.896655 -0.000997 
4825.429407 -0.000766 
4823.962158 -0.000754 
4822.494909 -0.000872 
4821.027661 -0.001107 
4819.560412 -0.001172 
4818.093163 -0.001457 
4816.625915 -0.001330 
4815.158666 -0.001145 
4813.691417 -0.001427 
4812.224169 -0.001840 
4810.756920 -0.001843 
4809.289671 -0.002374 
4807.822423 -0.002265 
4806.355174 -0.001628 
4804.887925 -0.001983 
4803.420676 -0.002244 
4801.953428 -0.002254 
4800.486179 -0.001990 
4799.018930 -0.002287 
4797.551682 -0.002098 
4796.084433 -0.002411 
4794.617184 -0.002451 
4793.149936 -0.002785 
4791.682687 -0.002698 
4790.215438 -0.002763 
4788.748190 -0.002575 
4787.280941 -0.002315 
4785.813692 -0.002394 
4784.346444 -0.002843 
4782.879195 -0.002841 
4781.411946 -0.002587 
4779.944698 -0.002608 
4778.477449 -0.002461 
4777.010200 -0.002627 
4775.542952 -0.002676 
4774.075703 -0.002390 
4772.608454 -0.002367 
4771.141205 -0.002266 
4769.673957 -0.002333 
4768.206708 -0.002373 
4766.739459 -0.001937 
4765.272211 -0.001619 
4763.804962 -0.001434 
4762.337713 -0.001401 
4760.870465 -0.001377 
4759.403216 -0.001107 
4757.935967 -0.001203 
4756.468719 -0.000879 
4755.001470 -0.000547 
4753.534221 -0.000914 
4752.066973 -0.000813 
4750.599724 -0.000381 
4749.132475 -0.000357 
4747.665227 -0.000785 
4746.197978 -0.000494 
4744.730729 -0.000961 
4743.263480 -0.000876 
4741.796232 -0.000682 
4740.328983 -0.000794 
4738.861734 -0.000552 
4737.394486 -0.000655 
4735.927237 -0.000860 
4734.459988 -0.000515 
4732.992740 -0.000808 
4731.525491 -0.000870 
4730.058242 -0.000870 
4728.590994 -0.001201 
4727.123745 -0.001219 
4725.656496 -0.001095 
4724.189248 -0.000987 
4722.721999 -0.001037 
4721.254750 -0.000968 
4719.787502 -0.000849 
4718.320253 -0.000926 
4716.853004 -0.000980 
4715.385756 -0.001001 
4713.918507 -0.001078 
4712.451258 -0.000987 
4710.984009 -0.001198 
4709.516761 -0.001481 
4708.049512 -0.001055 
4706.582263 -0.001173 
4705.115015 -0.000985 
4703.647766 -0.000943 
4702.180517 -0.000966 
4700.713269 -0.001170 
4699.246020 -0.000862 
4697.778771 -0.000762 
4696.311523 -0.001173 
4694.844274 -0.000606 
4693.377025 -0.000533 
4691.909777 -0.000486 
4690.442528 0.000366 
4688.975279 0.000456 
4687.508031 0.001459 
4686.040782 0.001417 
4684.573533 0.001340 
4683.106284 0.001104 
4681.639036 0.000942 
4680.171787 0.000999 
4678.704538 -0.000414 
4677.237290 -0.000383 
4675.770041 -0.001837 
4674.302792 -0.001723 
4672.835544 -0.001983 
4671.368295 -0.001965 
4669.901046 -0.001410 
4668.433798 -0.001702 
4666.966549 -0.001440 
4665.499300 -0.001857 
4664.032052 -0.001342 
4662.564803 -0.001488 
4661.097554 -0.001229 
4659.630306 -0.000883 
4658.163057 -0.001097 
4656.695808 -0.000672 
4655.228560 -0.000355 
4653.761311 -0.000348 
4652.294062 -0.000310 
4650.826813 -0.000174 
4649.359565 -0.000174 
4647.892316 -0.000409 
4646.425067 -0.000402 
4644.957819 0.000103 
4643.490570 0.000000 
4642.023321 0.000000 
4640.556073 0.000050 
4639.088824 -0.000115 
4637.621575 -0.000465 
4636.154327 -0.000407 
4634.687078 -0.000646 
4633.219829 -0.000446 
4631.752581 -0.000520 
4630.285332 -0.000858 
4628.818083 -0.000496 
4627.350835 -0.000681 
4625.883586 -0.000679 
4624.416337 -0.000359 
4622.949088 -0.000688 
4621.481840 -0.000641 
4620.014591 -0.000179 
4618.547342 -0.000259 
4617.080094 -0.000338 
4615.612845 0.000063 
4614.145596 0.000315 
4612.678348 0.000174 
4611.211099 0.000174 
4609.743850 0.000150 
4608.276602 0.000101 
4606.809353 0.000362 
4605.342104 0.000080 
4603.874856 0.000237 
4602.407607 0.000028 
4600.940358 0.000097 
4599.473110 -0.000179 
4598.005861 -0.000322 
4596.538612 -0.000242 
4595.071364 -0.000491 
4593.604115 -0.000299 
4592.136866 -0.000547 
4590.669617 -0.000366 
4589.202369 -0.000804 
4587.735120 -0.000627 
4586.267871 -0.000378 
4584.800623 -0.000649 
4583.333374 -0.000668 
4581.866125 -0.000646 
4580.398877 -0.000522 
4578.931628 -0.000667 
4577.464379 -0.000449 
4575.997131 -0.000212 
4574.529882 -0.000221 
4573.062633 -0.000418 
4571.595385 -0.000193 
4570.128136 -0.000261 
4568.660887 -0.000056 
4567.193639 0.000148 
4565.726390 0.000030 
4564.259141 -0.000326 
4562.791892 0.000127 
4561.324644 0.000150 
4559.857395 0.000009 
4558.390146 -0.000106 
4556.922898 0.000230 
4555.455649 -0.000014 
4553.988400 -0.000132 
4552.521152 0.000073 
4551.053903 0.000209 
4549.586654 0.000247 
4548.119406 0.000214 
4546.652157 0.000176 
4545.184908 0.000306 
4543.717660 0.000348 
4542.250411 0.000360 
4540.783162 0.000515 
4539.315914 0.000327 
4537.848665 0.000280 
4536.381416 0.000508 
4534.914168 0.000407 
4533.446919 0.000684 
4531.979670 0.000395 
4530.512421 0.000500 
4529.045173 0.000719 
4527.577924 0.000467 
4526.110675 0.000420 
4524.643427 0.000350 
4523.176178 0.000247 
4521.708929 0.000649 
4520.241681 0.000674 
4518.774432 0.000360 
4517.307183 0.000498 
4515.839935 0.000320 
4514.372686 0.000477 
4512.905437 0.000592 
4511.438189 0.000634 
4509.970940 0.000388 
4508.503691 0.000674 
4507.036443 0.000510 
4505.569194 0.000359 
4504.101945 0.000428 
4502.634696 0.000420 
4501.167448 0.000477 
4499.700199 0.000386 
4498.232950 0.000167 
4496.765702 0.000023 
4495.298453 0.000174 
4493.831204 0.000017 
4492.363956 0.000507 
4490.896707 0.000371 
4489.429458 -0.000151 
4487.962210 0.000052 
4486.494961 -0.000289 
4485.027712 0.000050 
4483.560464 0.000125 
4482.093215 0.000000 
4480.625966 -0.000031 
4479.158718 0.000000 
4477.691469 -0.000245 
4476.224220 -0.000282 
4474.756972 -0.000301 
4473.289723 -0.000077 
4471.822474 0.000242 
4470.355225 -0.000272 
4468.887977 -0.000125 
4467.420728 -0.000108 
4465.953479 -0.000174 
4464.486231 -0.000190 
4463.018982 -0.000174 
4461.551733 -0.000305 
4460.084485 -0.000326 
4458.617236 -0.000320 
4457.149987 -0.000334 
4455.682739 -0.000275 
4454.215490 -0.000019 
4452.748241 -0.000305 
4451.280993 -0.000348 
4449.813744 -0.000334 
4448.346495 -0.000277 
4446.879247 -0.000463 
4445.411998 -0.000138 
4443.944749 -0.000423 
4442.477501 -0.000460 
4441.010252 -0.000336 
4439.543003 -0.000313 
4438.075754 -0.000238 
4436.608506 -0.000348 
4435.141257 -0.000367 
4433.674008 -0.000465 
4432.206760 -0.000364 
4430.739511 -0.000522 
4429.272262 -0.000507 
4427.805014 -0.000522 
4426.337765 -0.000392 
4424.870516 -0.000447 
4423.403268 -0.000515 
4421.936019 -0.000186 
4420.468770 -0.000456 
4419.001522 -0.000348 
4417.534273 -0.000393 
4416.067024 -0.000371 
4414.599776 -0.000696 
4413.132527 -0.000461 
4411.665278 -0.000348 
4410.198029 -0.000350 
4408.730781 -0.000484 
4407.263532 -0.000332 
4405.796283 -0.000364 
4404.329035 -0.000517 
4402.861786 -0.000238 
4401.394537 -0.000343 
4399.927289 -0.000070 
4398.460040 -0.000348 
4396.992791 -0.000174 
4395.525543 -0.000214 
4394.058294 -0.000174 
4392.591045 -0.000198 
4391.123797 -0.000150 
4389.656548 -0.000273 
4388.189299 -0.000190 
4386.722051 -0.000216 
4385.254802 -0.000249 
4383.787553 -0.000326 
4382.320305 -0.000265 
4380.853056 -0.000174 
4379.385807 -0.000158 
4377.918558 0.000108 
4376.451310 -0.000075 
4374.984061 -0.000111 
4373.516812 0.000000 
4372.049564 -0.000226 
4370.582315 -0.000245 
4369.115066 0.000143 
4367.647818 0.000120 
4366.180569 -0.000087 
4364.713320 0.000238 
4363.246072 0.000096 
4361.778823 0.000124 
4360.311574 0.000174 
4358.844326 0.000091 
4357.377077 0.000329 
4355.909828 0.000446 
4354.442580 0.000174 
4352.975331 0.000157 
4351.508082 0.000132 
4350.040833 0.000174 
4348.573585 0.000348 
4347.106336 0.000214 
4345.639087 0.000129 
4344.171839 0.000205 
4342.704590 0.000061 
4341.237341 0.000038 
4339.770093 0.000106 
4338.302844 0.000000 
4336.835595 0.000047 
4335.368347 0.000000 
4333.901098 -0.000014 
4332.433849 -0.000024 
4330.966601 -0.000017 
4329.499352 -0.000143 
4328.032103 0.000000 
4326.564855 0.000009 
4325.097606 0.000019 
4323.630357 -0.000174 
4322.163109 -0.000324 
4320.695860 -0.000348 
4319.228611 -0.000338 
4317.761362 -0.000191 
4316.294114 -0.000265 
4314.826865 -0.000251 
4313.359616 -0.000489 
4311.892368 -0.000348 
4310.425119 -0.000348 
4308.957870 -0.000520 
4307.490622 -0.000268 
4306.023373 -0.000359 
4304.556124 -0.000329 
4303.088876 -0.000174 
4301.621627 -0.000251 
4300.154378 -0.000498 
4298.687130 -0.000202 
4297.219881 -0.000097 
4295.752632 0.000052 
4294.285384 -0.000017 
4292.818135 -0.000071 
4291.350886 0.000019 
4289.883637 0.000122 
4288.416389 0.000000 
4286.949140 0.000153 
4285.481891 0.000244 
4284.014643 0.000362 
4282.547394 0.000507 
4281.080145 0.000268 
4279.612897 0.000151 
4278.145648 -0.000214 
4276.678399 -0.000454 
4275.211151 -0.000446 
4273.743902 -0.000235 
4272.276653 -0.000364 
4270.809405 -0.000200 
4269.342156 -0.000284 
4267.874907 -0.000198 
4266.407659 0.000160 
4264.940410 0.000007 
4263.473161 0.000172 
4262.005913 0.000111 
4260.538664 -0.000110 
4259.071415 0.000115 
4257.604166 0.000085 
4256.136918 -0.000024 
4254.669669 0.000158 
4253.202420 0.000204 
4251.735172 0.000176 
4250.267923 0.000146 
4248.800674 0.000348 
4247.333426 0.000157 
4245.866177 0.000005 
4244.398928 0.000049 
4242.931680 -0.000155 
4241.464431 0.000136 
4239.997182 -0.000138 
4238.529934 0.000174 
4237.062685 0.000045 
4235.595436 0.000129 
4234.128188 0.000104 
4232.660939 0.000019 
4231.193690 -0.000096 
4229.726441 -0.000174 
4228.259193 -0.000038 
4226.791944 -0.000080 
4225.324695 -0.000050 
4223.857447 0.000044 
4222.390198 0.000021 
4220.922949 -0.000284 
4219.455701 -0.000014 
4217.988452 0.000000 
4216.521203 -0.000021 
4215.053955 -0.000037 
4213.586706 -0.000078 
4212.119457 -0.000144 
4210.652209 0.000000 
4209.184960 0.000028 
4207.717711 0.000000 
4206.250463 -0.000115 
4204.783214 -0.000096 
4203.315965 -0.000024 
4201.848717 -0.000317 
4200.381468 -0.000174 
4198.914219 0.000000 
4197.446970 -0.000014 
4195.979722 -0.000007 
4194.512473 -0.000186 
4193.045224 -0.000165 
4191.577976 -0.000084 
4190.110727 -0.000164 
4188.643478 -0.000157 
4187.176230 0.000000 
4185.708981 0.000000 
4184.241732 -0.000068 
4182.774484 -0.000446 
4181.307235 -0.000158 
4179.839986 -0.000054 
4178.372738 -0.000254 
4176.905489 -0.000313 
4175.438240 -0.000277 
4173.970992 -0.000348 
4172.503743 -0.000174 
4171.036494 -0.000174 
4169.569245 -0.000212 
4168.101997 0.000071 
4166.634748 0.000030 
4165.167499 -0.000080 
4163.700251 -0.000341 
4162.233002 -0.000338 
4160.765753 -0.000437 
4159.298505 -0.000326 
4157.831256 -0.000174 
4156.364007 -0.000174 
4154.896759 -0.000197 
4153.429510 -0.000348 
4151.962261 -0.000167 
4150.495013 -0.000038 
4149.027764 -0.000338 
4147.560515 -0.000254 
4146.093267 -0.000150 
4144.626018 -0.000089 
4143.158769 -0.000322 
4141.691521 -0.000348 
4140.224272 -0.000103 
4138.757023 0.000174 
4137.289774 0.000089 
4135.822526 -0.000315 
4134.355277 -0.000254 
4132.888028 -0.000285 
4131.420780 -0.000202 
4129.953531 -0.000174 
4128.486282 -0.000151 
4127.019034 0.000117 
4125.551785 -0.000172 
4124.084536 -0.000174 
4122.617288 -0.000174 
4121.150039 -0.000082 
4119.682790 0.000000 
4118.215542 -0.000080 
4116.748293 -0.000169 
4115.281044 -0.000157 
4113.813796 -0.000035 
4112.346547 0.000059 
4110.879298 0.000000 
4109.412049 -0.000139 
4107.944801 -0.000047 
4106.477552 -0.000127 
4105.010303 0.000000 
4103.543055 0.000037 
4102.075806 0.000174 
4100.608557 0.000174 
4099.141309 -0.000026 
4097.674060 -0.000068 
4096.206811 -0.000017 
4094.739563 0.000049 
4093.272314 0.000000 
4091.805065 0.000000 
4090.337817 0.000000 
4088.870568 0.000000 
4087.403319 0.000045 
4085.936071 0.000174 
4084.468822 0.000174 
4083.001573 0.000111 
4081.534325 0.000075 
4080.067076 0.000000 
4078.599827 0.000000 
4077.132578 -0.000174 
4075.665330 0.000000 
4074.198081 -0.000141 
4072.730832 -0.000014 
4071.263584 0.000000 
4069.796335 0.000141 
4068.329086 -0.000009 
4066.861838 -0.000050 
4065.394589 -0.000010 
4063.927340 -0.000031 
4062.460092 -0.000108 
4060.992843 -0.000174 
4059.525594 0.000075 
4058.058346 0.000064 
4056.591097 0.000000 
4055.123848 0.000071 
4053.656600 0.000031 
4052.189351 -0.000158 
4050.722102 0.000099 
4049.254853 -0.000009 
4047.787605 -0.000012 
4046.320356 0.000010 
4044.853107 -0.000014 
4043.385859 -0.000167 
4041.918610 0.000000 
4040.451361 0.000014 
4038.984113 0.000040 
4037.516864 -0.000134 
4036.049615 -0.000174 
4034.582367 -0.000050 
4033.115118 0.000146 
4031.647869 0.000144 
4030.180621 -0.000148 
4028.713372 0.000000 
4027.246123 -0.000071 
4025.778875 0.000134 
4024.311626 0.000000 
4022.844377 0.000000 
4021.377129 -0.000035 
4019.909880 -0.000099 
4018.442631 0.000000 
4016.975382 -0.000089 
4015.508134 0.000103 
4014.040885 0.000148 
4012.573636 -0.000143 
4011.106388 -0.000061 
4009.639139 0.000000 
4008.171890 0.000000 
4006.704642 -0.000061 
4005.237393 -0.000150 
4003.770144 -0.000002 
4002.302896 0.000000 
4000.835647 0.000000 
3999.368398 0.000000 
3997.901150 0.000024 
3996.433901 0.000000 
3994.966652 0.000000 
3993.499404 0.000000 
3992.032155 0.000174 
3990.564906 0.000031 
3989.097657 0.000068 
3987.630409 0.000136 
3986.163160 -0.000259 
3984.695911 -0.000080 
3983.228663 0.000000 
3981.761414 -0.000059 
3980.294165 -0.000174 
3978.826917 -0.000174 
3977.359668 -0.000097 
3975.892419 0.000016 
3974.425171 0.000326 
3972.957922 0.000037 
3971.490673 -0.000028 
3970.023425 -0.000174 
3968.556176 -0.000031 
3967.088927 0.000000 
3965.621679 0.000080 
3964.154430 -0.000174 
3962.687181 -0.000023 
3961.219933 -0.000059 
3959.752684 -0.000009 
3958.285435 -0.000096 
3956.818186 -0.000070 
3955.350938 0.000000 
3953.883689 -0.000160 
3952.416440 -0.000124 
3950.949192 -0.000129 
3949.481943 -0.000097 
3948.014694 -0.000157 
3946.547446 -0.000012 
3945.080197 -0.000167 
3943.612948 0.000000 
3942.145700 0.000000 
3940.678451 -0.000085 
3939.211202 -0.000139 
3937.743954 0.000044 
3936.276705 -0.000030 
3934.809456 -0.000174 
3933.342208 -0.000030 
3931.874959 -0.000132 
3930.407710 -0.000028 
3928.940461 -0.000174 
3927.473213 -0.000052 
3926.005964 -0.000249 
3924.538715 -0.000009 
3923.071467 -0.000056 
3921.604218 -0.000164 
3920.136969 0.000012 
3918.669721 0.000000 
3917.202472 0.000000 
3915.735223 0.000000 
3914.267975 0.000174 
3912.800726 -0.000010 
3911.333477 -0.000010 
3909.866229 0.000000 
3908.398980 0.000000 
3906.931731 0.000000 
3905.464483 -0.000087 
3903.997234 0.000040 
3902.529985 0.000030 
3901.062737 -0.000087 
3899.595488 -0.000059 
3898.128239 -0.000174 
3896.660990 -0.000042 
3895.193742 0.000141 
3893.726493 -0.000150 
3892.259244 -0.000073 
3890.791996 -0.000066 
3889.324747 0.000000 
3887.857498 0.000087 
3886.390250 0.000059 
3884.923001 0.000000 
3883.455752 0.000000 
3881.988504 0.000134 
3880.521255 0.000028 
3879.054006 0.000104 
3877.586758 -0.000131 
3876.119509 -0.000028 
3874.652260 0.000000 
3873.185012 0.000141 
3871.717763 -0.000146 
3870.250514 -0.000174 
3868.783265 -0.000129 
3867.316017 0.000000 
3865.848768 0.000000 
3864.381519 -0.000174 
3862.914271 -0.000174 
3861.447022 -0.000150 
3859.979773 -0.000150 
3858.512525 -0.000151 
3857.045276 -0.000115 
3855.578027 -0.000010 
3854.110779 -0.000155 
3852.643530 -0.000174 
3851.176281 -0.000174 
3849.709033 -0.000132 
3848.241784 -0.000082 
3846.774535 -0.000144 
3845.307287 -0.000059 
3843.840038 -0.000108 
3842.372789 -0.000143 
3840.905541 0.000000 
3839.438292 0.000000 
3837.971043 -0.000174 
3836.503794 -0.000028 
3835.036546 0.000042 
3833.569297 -0.000124 
3832.102048 0.000146 
3830.634800 0.000033 
3829.167551 -0.000042 
3827.700302 -0.000014 
3826.233054 0.000063 
3824.765805 0.000000 
3823.298556 0.000000 
3821.831308 0.000000 
3820.364059 0.000010 
3818.896810 0.000157 
3817.429562 0.000000 
3815.962313 0.000000 
3814.495064 0.000101 
3813.027816 0.000174 
3811.560567 0.000205 
3810.093318 0.000348 
3808.626069 0.000174 
3807.158821 0.000151 
3805.691572 0.000089 
3804.224323 0.000019 
3802.757075 0.000174 
3801.289826 0.000174 
3799.822577 0.000233 
3798.355329 0.000292 
3796.888080 0.000174 
3795.420831 0.000265 
3793.953583 0.000317 
3792.486334 0.000174 
3791.019085 0.000120 
3789.551837 0.000205 
3788.084588 0.000348 
3786.617339 0.000348 
3785.150091 0.000082 
3783.682842 0.000164 
3782.215593 0.000348 
3780.748345 0.000317 
3779.281096 0.000077 
3777.813847 0.000174 
3776.346598 0.000174 
3774.879350 0.000174 
3773.412101 0.000000 
3771.944852 0.000033 
3770.477604 0.000085 
3769.010355 0.000049 
3767.543106 0.000160 
3766.075858 0.000023 
3764.608609 0.000091 
3763.141360 0.000030 
3761.674112 0.000150 
3760.206863 0.000174 
3758.739614 0.000080 
3757.272366 0.000174 
3755.805117 0.000174 
3754.337868 0.000348 
3752.870620 0.000198 
3751.403371 0.000005 
3749.936122 -0.000019 
3748.468873 -0.000014 
3747.001625 0.000174 
3745.534376 0.000174 
3744.067127 0.000230 
3742.599879 0.000454 
3741.132630 0.000402 
3739.665381 0.000447 
3738.198133 0.000230 
3736.730884 0.000167 
3735.263635 0.000113 
3733.796387 0.000082 
3732.329138 0.000000 
3730.861889 0.000111 
3729.394641 0.000174 
3727.927392 0.000000 
3726.460143 0.000000 
3724.992895 0.000174 
3723.525646 0.000091 
3722.058397 0.000000 
3720.591149 0.000160 
3719.123900 0.000103 
3717.656651 0.000174 
3716.189402 0.000101 
3714.722154 0.000000 
3713.254905 0.000040 
3711.787656 0.000174 
3710.320408 0.000193 
3708.853159 0.000338 
3707.385910 0.000632 
3705.918662 0.000877 
3704.451413 0.001267 
3702.984164 0.001300 
3701.516916 0.000982 
3700.049667 0.000451 
3698.582418 0.000256 
3697.115170 0.000174 
3695.647921 0.000056 
3694.180672 0.000000 
3692.713424 -0.000071 
3691.246175 -0.000037 
3689.778926 0.000000 
3688.311677 0.000270 
3686.844429 0.000505 
3685.377180 0.000451 
3683.909931 0.000731 
3682.442683 0.000870 
3680.975434 0.001121 
3679.508185 0.001534 
3678.040937 0.001880 
3676.573688 0.002263 
3675.106439 0.002606 
3673.639191 0.003318 
3672.171942 0.003877 
3670.704693 0.004413 
3669.237445 0.004930 
3667.770196 0.005510 
3666.302947 0.006202 
3664.835699 0.006716 
3663.368450 0.007222 
3661.901201 0.007752 
3660.433953 0.008281 
3658.966704 0.008855 
3657.499455 0.009310 
3656.032206 0.009708 
3654.564958 0.010190 
3653.097709 0.010490 
3651.630460 0.010927 
3650.163212 0.011294 
3648.695963 0.011712 
3647.228714 0.012180 
3645.761466 0.012614 
3644.294217 0.013064 
3642.826968 0.013493 
3641.359720 0.013964 
3639.892471 0.014678 
3638.425222 0.015350 
3636.957974 0.015982 
3635.490725 0.016556 
3634.023476 0.016948 
3632.556228 0.017745 
3631.088979 0.018400 
3629.621730 0.019321 
3628.154481 0.020075 
3626.687233 0.020741 
3625.219984 0.021671 
3623.752735 0.022491 
3622.285487 0.023392 
3620.818238 0.024449 
3619.350989 0.025407 
3617.883741 0.026265 
3616.416492 0.027461 
3614.949243 0.028592 
3613.481995 0.029638 
3612.014746 0.030674 
3610.547497 0.031973 
3609.080249 0.033282 
3607.613000 0.034493 
3606.145751 0.035954 
3604.678503 0.037660 
3603.211254 0.039133 
3601.744005 0.040818 
3600.276757 0.042685 
3598.809508 0.044513 
3597.342259 0.046186 
3595.875010 0.048000 
3594.407762 0.049598 
3592.940513 0.051398 
3591.473264 0.053243 
3590.006016 0.055118 
3588.538767 0.056968 
3587.071518 0.058970 
3585.604270 0.060953 
3584.137021 0.062997 
3582.669772 0.065028 
3581.202524 0.067296 
3579.735275 0.069429 
3578.268026 0.071859 
3576.800778 0.074333 
3575.333529 0.076745 
3573.866280 0.079322 
3572.399032 0.081971 
3570.931783 0.084619 
3569.464534 0.087451 
3567.997285 0.090416 
3566.530037 0.093227 
3565.062788 0.096291 
3563.595539 0.099179 
3562.128291 0.102511 
3560.661042 0.105727 
3559.193793 0.109042 
3557.726545 0.112407 
3556.259296 0.115789 
3554.792047 0.119396 
3553.324799 0.123008 
3551.857550 0.126558 
3550.390301 0.130352 
3548.923053 0.134297 
3547.455804 0.138301 
3545.988555 0.142312 
3544.521307 0.146401 
3543.054058 0.150765 
3541.586809 0.155050 
3540.119561 0.159275 
3538.652312 0.163589 
3537.185063 0.168326 
3535.717814 0.172824 
3534.250566 0.177513 
3532.783317 0.182436 
3531.316068 0.187399 
3529.848820 0.192374 
3528.381571 0.197384 
3526.914322 0.202633 
3525.447074 0.207611 
3523.979825 0.212912 
3522.512576 0.218282 
3521.045328 0.223893 
3519.578079 0.229327 
3518.110830 0.234896 
3516.643582 0.240578 
3515.176333 0.246246 
3513.709084 0.251895 
3512.241836 0.257601 
3510.774587 0.263744 
3509.307338 0.269626 
3507.840089 0.275397 
3506.372841 0.281422 
3504.905592 0.287662 
3503.438343 0.293621 
3501.971095 0.299728 
3500.503846 0.305949 
3499.036597 0.312115 
3497.569349 0.318331 
3496.102100 0.324783 
3494.634851 0.331044 
3493.167603 0.337402 
3491.700354 0.343931 
3490.233105 0.350464 
3488.765857 0.356844 
3487.298608 0.363400 
3485.831359 0.370006 
3484.364111 0.376738 
3482.896862 0.383375 
3481.429613 0.389938 
3479.962365 0.396673 
3478.495116 0.403328 
3477.027867 0.410075 
3475.560618 0.417019 
3474.093370 0.423977 
3472.626121 0.430778 
3471.158872 0.437663 
3469.691624 0.444612 
3468.224375 0.451445 
3466.757126 0.458493 
3465.289878 0.465387 
3463.822629 0.472275 
3462.355380 0.479257 
3460.888132 0.486380 
3459.420883 0.493418 
3457.953634 0.500327 
3456.486386 0.507407 
3455.019137 0.514436 
3453.551888 0.521490 
3452.084640 0.528242 
3450.617391 0.535388 
3449.150142 0.542362 
3447.682893 0.549285 
3446.215645 0.556002 
3444.748396 0.562859 
3443.281147 0.569911 
3441.813899 0.576700 
3440.346650 0.583679 
3438.879401 0.590638 
3437.412153 0.597459 
3435.944904 0.604189 
3434.477655 0.610771 
3433.010407 0.617754 
3431.543158 0.624582 
3430.075909 0.631280 
3428.608661 0.638649 
3427.141412 0.645669 
3425.674163 0.652730 
3424.206915 0.659888 
3422.739666 0.667025 
3421.272417 0.673955 
3419.805169 0.681099 
3418.337920 0.688531 
3416.870671 0.695466 
3415.403422 0.702467 
3413.936174 0.709566 
3412.468925 0.715960 
3411.001676 0.722392 
3409.534428 0.728986 
3408.067179 0.734823 
3406.599930 0.740672 
3405.132682 0.746497 
3403.665433 0.751855 
3402.198184 0.756905 
3400.730936 0.761896 
3399.263687 0.766406 
3397.796438 0.771773 
3396.329190 0.776974 
3394.861941 0.781618 
3393.394692 0.786433 
3391.927444 0.790564 
3390.460195 0.794765 
3388.992946 0.799599 
3387.525697 0.804083 
3386.058449 0.808174 
3384.591200 0.812253 
3383.123951 0.815955 
3381.656703 0.819574 
3380.189454 0.823094 
3378.722205 0.826400 
3377.254957 0.829749 
3375.787708 0.832788 
3374.320459 0.835776 
3372.853211 0.839146 
3371.385962 0.842112 
3369.918713 0.844603 
3368.451465 0.847444 
3366.984216 0.850581 
3365.516967 0.853391 
3364.049719 0.856493 
3362.582470 0.859246 
3361.115221 0.862295 
3359.647973 0.865097 
3358.180724 0.867968 
3356.713475 0.870640 
3355.246226 0.873615 
3353.778978 0.876511 
3352.311729 0.879318 
3350.844480 0.882155 
3349.377232 0.884938 
3347.909983 0.887626 
3346.442734 0.890396 
3344.975486 0.893038 
3343.508237 0.895752 
3342.040988 0.898574 
3340.573740 0.901596 
3339.106491 0.904190 
3337.639242 0.906693 
3336.171994 0.909650 
3334.704745 0.912498 
3333.237496 0.915120 
3331.770248 0.917345 
3330.302999 0.920428 
3328.835750 0.923246 
3327.368502 0.926071 
3325.901253 0.928583 
3324.434004 0.931229 
3322.966755 0.934105 
3321.499507 0.936874 
3320.032258 0.939555 
3318.565009 0.942579 
3317.097761 0.945691 
3315.630512 0.947965 
3314.163263 0.950693 
3312.696015 0.953454 
3311.228766 0.956155 
3309.761517 0.958333 
3308.294269 0.960735 
3306.827020 0.963003 
3305.359771 0.964671 
3303.892523 0.967188 
3302.425274 0.969194 
3300.958025 0.971591 
3299.490777 0.973782 
3298.023528 0.975446 
3296.556279 0.977137 
3295.089030 0.979015 
3293.621782 0.980911 
3292.154533 0.982693 
3290.687284 0.984251 
3289.220036 0.986053 
3287.752787 0.987498 
3286.285538 0.989087 
3284.818290 0.990253 
3283.351041 0.991556 
3281.883792 0.992842 
3280.416544 0.994036 
3278.949295 0.995263 
3277.482046 0.996214 
3276.014798 0.997091 
3274.547549 0.997807 
3273.080300 0.998498 
3271.613052 0.999109 
3270.145803 0.999222 
3268.678554 0.999544 
3267.211306 0.999662 
3265.744057 0.999918 
3264.276808 1.000000 
3262.809559 0.999899 
3261.342311 0.999661 
3259.875062 0.999131 
3258.407813 0.998447 
3256.940565 0.998073 
3255.473316 0.997110 
3254.006067 0.995935 
3252.538819 0.994652 
3251.071570 0.993444 
3249.604321 0.992102 
3248.137073 0.990744 
3246.669824 0.988560 
3245.202575 0.986636 
3243.735327 0.984930 
3242.268078 0.982725 
3240.800829 0.980416 
3239.333581 0.977950 
3237.866332 0.975138 
3236.399083 0.972409 
3234.931834 0.969805 
3233.464586 0.966412 
3231.997337 0.963271 
3230.530088 0.960065 
3229.062840 0.956348 
3227.595591 0.952989 
3226.128342 0.949533 
3224.661094 0.945399 
3223.193845 0.941682 
3221.726596 0.937444 
3220.259348 0.932944 
3218.792099 0.928700 
3217.324850 0.924092 
3215.857602 0.919716 
3214.390353 0.914986 
3212.923104 0.910216 
3211.455856 0.905450 
3209.988607 0.900353 
3208.521358 0.895169 
3207.054110 0.890100 
3205.586861 0.884912 
3204.119612 0.879770 
3202.652363 0.874358 
3201.185115 0.868807 
3199.717866 0.863268 
3198.250617 0.857809 
3196.783369 0.851998 
3195.316120 0.846333 
3193.848871 0.840794 
3192.381623 0.834968 
3190.914374 0.829105 
3189.447125 0.823143 
3187.979877 0.817311 
3186.512628 0.811485 
3185.045379 0.805330 
3183.578131 0.799240 
3182.110882 0.793184 
3180.643633 0.786989 
3179.176385 0.780922 
3177.709136 0.774635 
3176.241887 0.768275 
3174.774638 0.761756 
3173.307390 0.755561 
3171.840141 0.749019 
3170.372892 0.742669 
3168.905644 0.736045 
3167.438395 0.729434 
3165.971146 0.722810 
3164.503898 0.716033 
3163.036649 0.709270 
3161.569400 0.702493 
3160.102152 0.695720 
3158.634903 0.688794 
3157.167654 0.682005 
3155.700406 0.675306 
3154.233157 0.668400 
3152.765908 0.661585 
3151.298660 0.654410 
3149.831411 0.647677 
3148.364162 0.640924 
3146.896914 0.634036 
3145.429665 0.627297 
3143.962416 0.620378 
3142.495167 0.613547 
3141.027919 0.606828 
3139.560670 0.600019 
3138.093421 0.593187 
3136.626173 0.586541 
3135.158924 0.579809 
3133.691675 0.573245 
3132.224427 0.566719 
3130.757178 0.559957 
3129.289929 0.553355 
3127.822681 0.546759 
3126.355432 0.540180 
3124.888183 0.533597 
3123.420935 0.527226 
3121.953686 0.520760 
3120.486437 0.514123 
3119.019189 0.507633 
3117.551940 0.501306 
3116.084691 0.494967 
3114.617442 0.488568 
3113.150194 0.482136 
3111.682945 0.475847 
3110.215696 0.469488 
3108.748448 0.463130 
3107.281199 0.456949 
3105.813950 0.450597 
3104.346702 0.444516 
3102.879453 0.438224 
3101.412204 0.432032 
3099.944956 0.425859 
3098.477707 0.419674 
3097.010458 0.413534 
3095.543210 0.407600 
3094.075961 0.401523 
3092.608712 0.395456 
3091.141464 0.389242 
3089.674215 0.383347 
3088.206966 0.377519 
3086.739718 0.371693 
3085.272469 0.365863 
3083.805220 0.359871 
3082.337971 0.354179 
3080.870723 0.348381 
3079.403474 0.342859 
3077.936225 0.337126 
3076.468977 0.331514 
3075.001728 0.325937 
3073.534479 0.320622 
3072.067231 0.315323 
3070.599982 0.310028 
3069.132733 0.304809 
3067.665485 0.299625 
3066.198236 0.294512 
3064.730987 0.289562 
3063.263739 0.284743 
3061.796490 0.279686 
3060.329241 0.274910 
3058.861993 0.270344 
3057.394744 0.265889 
3055.927495 0.261250 
3054.460246 0.256760 
3052.992998 0.252382 
3051.525749 0.248142 
3050.058500 0.243950 
3048.591252 0.239840 
3047.124003 0.235962 
3045.656754 0.231939 
3044.189506 0.227987 
3042.722257 0.224359 
3041.255008 0.220707 
3039.787760 0.217001 
3038.320511 0.213298 
3036.853262 0.209763 
3035.386014 0.206417 
3033.918765 0.202979 
3032.451516 0.199755 
3030.984268 0.196695 
3029.517019 0.193522 
3028.049770 0.190395 
3026.582522 0.187338 
3025.115273 0.184283 
3023.648024 0.181345 
3022.180775 0.178406 
3020.713527 0.175621 
3019.246278 0.172928 
3017.779029 0.170385 
3016.311781 0.167805 
3014.844532 0.165138 
3013.377283 0.162506 
3011.910035 0.159968 
3010.442786 0.157463 
3008.975537 0.155057 
3007.508289 0.152648 
3006.041040 0.150281 
3004.573791 0.147833 
3003.106543 0.145704 
3001.639294 0.143474 
3000.172045 0.141124 
2998.704797 0.138999 
2997.237548 0.136856 
2995.770299 0.134589 
2994.303050 0.132584 
2992.835802 0.130553 
2991.368553 0.128408 
2989.901304 0.126464 
2988.434056 0.124552 
2986.966807 0.122655 
2985.499558 0.120909 
2984.032310 0.119124 
2982.565061 0.117535 
2981.097812 0.115946 
2979.630564 0.114583 
2978.163315 0.113248 
2976.696066 0.111897 
2975.228818 0.110776 
2973.761569 0.109717 
2972.294320 0.108595 
2970.827072 0.107597 
2969.359823 0.106708 
2967.892574 0.105895 
2966.425326 0.104993 
2964.958077 0.104253 
2963.490828 0.103548 
2962.023579 0.102817 
2960.556331 0.102141 
2959.089082 0.101609 
2957.621833 0.101080 
2956.154585 0.100719 
2954.687336 0.100194 
2953.220087 0.099866 
2951.752839 0.099650 
2950.285590 0.099240 
2948.818341 0.099003 
2947.351093 0.098876 
2945.883844 0.098663 
2944.416595 0.098474 
2942.949347 0.098216 
2941.482098 0.098127 
2940.014849 0.098037 
2938.547601 0.097831 
2937.080352 0.097478 
2935.613103 0.097191 
2934.145854 0.096794 
2932.678606 0.096425 
2931.211357 0.095896 
2929.744108 0.095399 
2928.276860 0.094835 
2926.809611 0.094278 
2925.342362 0.093660 
2923.875114 0.093358 
2922.407865 0.092717 
2920.940616 0.092266 
2919.473368 0.091961 
2918.006119 0.091476 
2916.538870 0.091216 
2915.071622 0.090929 
2913.604373 0.090694 
2912.137124 0.090571 
2910.669876 0.090304 
2909.202627 0.090094 
2907.735378 0.089827 
2906.268130 0.089382 
2904.800881 0.088980 
2903.333632 0.088614 
2901.866383 0.088374 
2900.399135 0.087919 
2898.931886 0.087547 
2897.464637 0.087018 
2895.997389 0.086488 
2894.530140 0.085787 
2893.062891 0.085254 
2891.595643 0.084725 
2890.128394 0.084024 
2888.661145 0.083491 
2887.193897 0.082788 
2885.726648 0.082257 
2884.259399 0.081553 
2882.792151 0.080968 
2881.324902 0.080319 
2879.857653 0.079651 
2878.390405 0.078913 
2876.923156 0.078209 
2875.455907 0.077504 
2873.988658 0.076745 
2872.521410 0.076098 
2871.054161 0.075410 
2869.586912 0.074679 
2868.119664 0.074160 
2866.652415 0.073629 
2865.185166 0.072869 
2863.717918 0.072223 
2862.250669 0.071601 
2860.783420 0.070804 
2859.316172 0.070111 
2857.848923 0.069302 
2856.381674 0.068559 
2854.914426 0.067760 
2853.447177 0.066994 
2851.979928 0.066203 
2850.512680 0.065450 
2849.045431 0.064565 
2847.578182 0.063737 
2846.110934 0.062906 
2844.643685 0.062260 
2843.176436 0.061601 
2841.709187 0.060835 
2840.241939 0.060090 
2838.774690 0.059381 
2837.307441 0.058683 
2835.840193 0.057879 
2834.372944 0.057263 
2832.905695 0.056572 
2831.438447 0.055926 
2829.971198 0.055047 
2828.503949 0.054430 
2827.036701 0.053661 
2825.569452 0.053026 
2824.102203 0.052296 
2822.634955 0.051643 
2821.167706 0.050940 
2819.700457 0.050411 
2818.233209 0.049706 
2816.765960 0.049013 
2815.298711 0.048472 
2813.831462 0.047769 
2812.364214 0.047065 
2810.896965 0.046534 
2809.429716 0.046005 
2807.962468 0.045399 
2806.495219 0.044771 
2805.027970 0.044242 
2803.560722 0.043538 
2802.093473 0.042846 
2800.626224 0.042410 
2799.158976 0.041949 
2797.691727 0.041246 
2796.224478 0.040798 
2794.757230 0.040360 
2793.289981 0.039831 
2791.822732 0.039126 
2790.355484 0.038703 
2788.888235 0.038123 
2787.420986 0.037710 
2785.953738 0.037181 
2784.486489 0.036746 
2783.019240 0.036133 
2781.551991 0.035766 
2780.084743 0.035237 
2778.617494 0.034880 
2777.150245 0.034351 
2775.682997 0.033943 
2774.215748 0.033465 
2772.748499 0.032935 
2771.281251 0.032579 
2769.814002 0.032107 
2768.346753 0.031703 
2766.879505 0.031337 
2765.412256 0.030970 
2763.945007 0.030469 
2762.477759 0.030096 
2761.010510 0.029706 
2759.543261 0.029271 
2758.076013 0.028895 
2756.608764 0.028500 
2755.141515 0.028030 
2753.674266 0.027677 
2752.207018 0.027377 
2750.739769 0.026963 
2749.272520 0.026632 
2747.805272 0.026207 
2746.338023 0.025896 
2744.870774 0.025481 
2743.403526 0.025156 
2741.936277 0.024823 
2740.469028 0.024414 
2739.001780 0.024151 
2737.534531 0.023789 
2736.067282 0.023521 
2734.600034 0.023225 
2733.132785 0.022818 
2731.665536 0.022454 
2730.198288 0.022216 
2728.731039 0.021875 
2727.263790 0.021561 
2725.796542 0.021293 
2724.329293 0.020908 
2722.862044 0.020670 
2721.394795 0.020311 
2719.927547 0.020015 
2718.460298 0.019671 
2716.993049 0.019422 
2715.525801 0.019105 
2714.058552 0.018799 
2712.591303 0.018607 
2711.124055 0.018343 
2709.656806 0.017928 
2708.189557 0.017721 
2706.722309 0.017350 
2705.255060 0.017096 
2703.787811 0.016885 
2702.320563 0.016617 
2700.853314 0.016362 
2699.386065 0.016085 
2697.918817 0.015768 
2696.451568 0.015484 
2694.984319 0.015239 
2693.517070 0.014950 
2692.049822 0.014767 
2690.582573 0.014504 
2689.115324 0.014288 
2687.648076 0.014048 
2686.180827 0.013801 
2684.713578 0.013432 
2683.246330 0.013226 
2681.779081 0.012937 
2680.311832 0.012676 
2678.844584 0.012530 
2677.377335 0.012239 
2675.910086 0.012011 
2674.442838 0.011834 
2672.975589 0.011625 
2671.508340 0.011315 
2670.041092 0.011172 
2668.573843 0.010988 
2667.106594 0.010701 
2665.639346 0.010457 
2664.172097 0.010325 
2662.704848 0.010096 
2661.237599 0.009919 
2659.770351 0.009755 
2658.303102 0.009574 
2656.835853 0.009397 
2655.368605 0.009125 
2653.901356 0.009022 
2652.434107 0.008878 
2650.966859 0.008634 
2649.499610 0.008530 
2648.032361 0.008352 
2646.565113 0.008182 
2645.097864 0.008119 
2643.630615 0.007832 
2642.163367 0.007692 
2640.696118 0.007485 
2639.228869 0.007362 
2637.761621 0.007311 
2636.294372 0.007074 
2634.827123 0.006963 
2633.359874 0.006843 
2631.892626 0.006726 
2630.425377 0.006615 
2628.958128 0.006495 
2627.490880 0.006329 
2626.023631 0.006093 
2624.556382 0.006093 
2623.089134 0.005967 
2621.621885 0.005913 
2620.154636 0.005745 
2618.687388 0.005537 
2617.220139 0.005396 
2615.752890 0.005276 
2614.285642 0.005067 
2612.818393 0.005137 
2611.351144 0.004926 
2609.883896 0.004874 
2608.416647 0.004698 
2606.949398 0.004556 
2605.482150 0.004526 
2604.014901 0.004352 
2602.547652 0.004352 
2601.080403 0.004176 
2599.613155 0.004148 
2598.145906 0.004004 
2596.678657 0.003941 
2595.211409 0.003824 
2593.744160 0.003656 
2592.276911 0.003656 
2590.809663 0.003482 
2589.342414 0.003454 
2587.875165 0.003351 
2586.407917 0.003307 
2584.940668 0.003182 
2583.473419 0.003133 
2582.006171 0.002959 
2580.538922 0.002956 
2579.071673 0.002785 
2577.604425 0.002783 
2576.137176 0.002646 
2574.669927 0.002611 
2573.202678 0.002611 
2571.735430 0.002489 
2570.268181 0.002324 
2568.800932 0.002303 
2567.333684 0.002263 
2565.866435 0.002232 
2564.399186 0.002084 
2562.931938 0.001929 
2561.464689 0.001955 
2559.997440 0.001915 
2558.530192 0.001833 
2557.062943 0.001741 
2555.595694 0.001741 
2554.128446 0.001643 
2552.661197 0.001607 
2551.193948 0.001393 
2549.726700 0.001266 
2548.259451 0.001283 
2546.792202 0.001217 
2545.324954 0.001206 
2543.857705 0.001076 
2542.390456 0.001044 
2540.923207 0.000921 
2539.455959 0.000883 
2537.988710 0.000870 
2536.521461 0.000870 
2535.054213 0.000790 
2533.586964 0.000696 
2532.119715 0.000696 
2530.652467 0.000602 
2529.185218 0.000524 
2527.717969 0.000534 
2526.250721 0.000522 
2524.783472 0.000522 
2523.316223 0.000522 
2521.848975 0.000500 
2520.381726 0.000486 
2518.914477 0.000348 
2517.447229 0.000420 
2515.979980 0.000355 
2514.512731 0.000404 
2513.045482 0.000348 
2511.578234 0.000348 
2510.110985 0.000348 
2508.643736 0.000348 
2507.176488 0.000348 
2505.709239 0.000225 
2504.241990 0.000348 
2502.774742 0.000348 
2501.307493 0.000348 
2499.840244 0.000348 
2498.372996 0.000348 
2496.905747 0.000348 
2495.438498 0.000357 
2493.971250 0.000364 
2492.504001 0.000522 
2491.036752 0.000588 
2489.569504 0.000522 
2488.102255 0.000613 
2486.635006 0.000588 
2485.167758 0.000688 
2483.700509 0.000522 
2482.233260 0.000696 
2480.766011 0.000696 
2479.298763 0.000696 
2477.831514 0.000696 
2476.364265 0.000870 
2474.897017 0.000870 
2473.429768 0.000921 
2471.962519 0.001044 
2470.495271 0.001044 
2469.028022 0.001119 
2467.560773 0.001219 
2466.093525 0.001344 
2464.626276 0.001326 
2463.159027 0.001360 
2461.691779 0.001219 
2460.224530 0.001219 
2458.757281 0.001219 
2457.290033 0.001219 
2455.822784 0.001219 
2454.355535 0.001219 
2452.888286 0.001219 
2451.421038 0.001219 
2449.953789 0.001219 
2448.486540 0.001201 
2447.019292 0.001189 
2445.552043 0.001219 
2444.084794 0.001219 
2442.617546 0.001219 
2441.150297 0.001210 
2439.683048 0.001044 
2438.215800 0.001149 
2436.748551 0.001044 
2435.281302 0.001044 
2433.814054 0.001044 
2432.346805 0.001044 
2430.879556 0.001044 
2429.412308 0.000870 
2427.945059 0.001020 
2426.477810 0.000942 
2425.010562 0.000964 
2423.543313 0.001039 
2422.076064 0.000952 
2420.608815 0.000943 
2419.141567 0.001022 
2417.674318 0.000917 
2416.207069 0.001044 
2414.739821 0.001044 
2413.272572 0.001044 
2411.805323 0.001044 
2410.338075 0.001044 
2408.870826 0.001165 
2407.403577 0.001044 
2405.936329 0.001044 
2404.469080 0.001044 
2403.001831 0.001161 
2401.534583 0.001050 
2400.067334 0.001154 
2398.600085 0.001201 
2397.132837 0.001219 
2395.665588 0.001219 
2394.198339 0.001212 
2392.731090 0.001048 
2391.263842 0.001130 
2389.796593 0.001219 
2388.329344 0.001219 
2386.862096 0.001346 
2385.394847 0.001219 
2383.927598 0.001393 
2382.460350 0.001393 
2380.993101 0.001393 
2379.525852 0.001391 
2378.058604 0.001259 
2376.591355 0.001111 
2375.124106 0.001044 
2373.656858 0.001182 
2372.189609 0.001676 
2370.722360 0.002503 
2369.255112 0.003859 
2367.787863 0.005595 
2366.320614 0.007578 
2364.853366 0.009975 
2363.386117 0.012709 
2361.918868 0.015824 
2360.451619 0.019587 
2358.984371 0.023909 
2357.517122 0.028622 
2356.049873 0.034413 
2354.582625 0.041002 
2353.115376 0.048799 
2351.648127 0.058659 
2350.180879 0.071758 
2348.713630 0.089671 
2347.246381 0.114424 
2345.779133 0.146629 
2344.311884 0.183458 
2342.844635 0.219022 
2341.377387 0.239917 
2339.910138 0.231810 
2338.442889 0.180158 
2336.975641 0.112638 
2335.508392 0.066372 
2334.041143 0.043760 
2332.573894 0.029198 
2331.106646 0.018771 
2329.639397 0.013352 
2328.172148 0.011050 
2326.704900 0.010598 
2325.237651 0.009841 
2323.770402 0.008128 
2322.303154 0.005640 
2320.835905 0.002778 
2319.368656 0.000877 
2317.901408 0.000144 
2316.434159 0.000097 
2314.966910 0.000044 
2313.499662 0.000000 
2312.032413 0.000000 
2310.565164 0.000071 
2309.097916 0.000174 
2307.630667 0.000172 
2306.163418 0.000089 
2304.696170 0.000080 
2303.228921 0.000000 
2301.761672 0.000000 
2300.294423 0.000000 
2298.827175 0.000000 
2297.359926 0.000066 
2295.892677 0.000000 
2294.425429 0.000000 
2292.958180 -0.000174 
2291.490931 -0.000028 
2290.023683 -0.000031 
2288.556434 -0.000012 
2287.089185 -0.000174 
2285.621937 -0.000259 
2284.154688 -0.000174 
2282.687439 -0.000160 
2281.220191 0.000463 
2279.752942 0.001694 
2278.285693 0.002374 
2276.818445 0.002477 
2275.351196 0.001885 
2273.883947 0.001219 
2272.416698 0.000454 
2270.949450 0.000124 
2269.482201 0.000179 
2268.014952 0.000320 
2266.547704 0.000522 
2265.080455 0.000703 
2263.613206 0.000757 
2262.145958 0.000870 
2260.678709 0.000905 
2259.211460 0.000926 
2257.744212 0.000870 
2256.276963 0.000860 
2254.809714 0.000837 
2253.342466 0.000794 
2251.875217 0.000849 
2250.407968 0.000827 
2248.940720 0.000822 
2247.473471 0.000843 
2246.006222 0.000762 
2244.538974 0.000905 
2243.071725 0.001074 
2241.604476 0.001516 
2240.137227 0.002080 
2238.669979 0.002810 
2237.202730 0.003722 
2235.735481 0.004314 
2234.268233 0.004803 
2232.800984 0.004979 
2231.333735 0.004811 
2229.866487 0.004388 
2228.399238 0.004004 
2226.931989 0.003567 
2225.464741 0.003133 
2223.997492 0.002463 
2222.530243 0.001904 
2221.062995 0.001375 
2219.595746 0.000846 
2218.128497 0.000407 
2216.661249 0.000186 
2215.194000 0.000179 
2213.726751 0.000129 
2212.259503 0.000174 
2210.792254 0.000174 
2209.325005 0.000174 
2207.857756 0.000364 
2206.390508 0.000522 
2204.923259 0.000816 
2203.456010 0.001342 
2201.988762 0.002178 
2200.521513 0.003207 
2199.054264 0.004397 
2197.587016 0.005985 
2196.119767 0.007722 
2194.652518 0.009820 
2193.185270 0.012600 
2191.718021 0.015730 
2190.250772 0.019549 
2188.783524 0.024108 
2187.316275 0.029511 
2185.849026 0.035644 
2184.381778 0.042454 
2182.914529 0.049892 
2181.447280 0.057632 
2179.980031 0.065679 
2178.512783 0.073494 
2177.045534 0.080982 
2175.578285 0.087622 
2174.111037 0.093349 
2172.643788 0.097938 
2171.176539 0.101081 
2169.709291 0.102606 
2168.242042 0.102622 
2166.774793 0.100671 
2165.307545 0.097250 
2163.840296 0.092129 
2162.373047 0.085691 
2160.905799 0.078061 
2159.438550 0.069664 
2157.971301 0.060991 
2156.504053 0.052204 
2155.036804 0.044275 
2153.569555 0.037416 
2152.102307 0.032001 
2150.635058 0.027645 
2149.167809 0.024531 
2147.700560 0.022907 
2146.233312 0.023173 
2144.766063 0.025758 
2143.298814 0.029454 
2141.831566 0.037839 
2140.364317 0.061037 
2138.897068 0.070075 
2137.429820 0.054319 
2135.962571 0.033614 
2134.495322 0.019552 
2133.028074 0.011947 
2131.560825 0.007800 
2130.093576 0.005431 
2128.626328 0.003952 
2127.159079 0.003020 
2125.691830 0.002435 
2124.224582 0.001941 
2122.757333 0.001622 
2121.290084 0.001286 
2119.822835 0.001044 
2118.355587 0.001044 
2116.888338 0.001044 
2115.421089 0.001044 
2113.953841 0.001088 
2112.486592 0.001219 
2111.019343 0.001219 
2109.552095 0.001219 
2108.084846 0.001393 
2106.617597 0.001391 
2105.150349 0.001253 
2103.683100 0.001363 
2102.215851 0.001459 
2100.748603 0.001527 
2099.281354 0.001567 
2097.814105 0.001833 
2096.346857 0.002025 
2094.879608 0.002341 
2093.412359 0.002773 
2091.945111 0.003267 
2090.477862 0.003391 
2089.010613 0.003482 
2087.543364 0.003348 
2086.076116 0.003029 
2084.608867 0.002799 
2083.141618 0.002660 
2081.674370 0.002341 
2080.207121 0.002044 
2078.739872 0.001744 
2077.272624 0.001408 
2075.805375 0.001170 
2074.338126 0.001044 
2072.870878 0.000968 
2071.403629 0.000874 
2069.936380 0.000881 
2068.469132 0.000870 
2067.001883 0.000865 
2065.534634 0.000860 
2064.067386 0.000780 
2062.600137 0.000806 
2061.132888 0.000870 
2059.665639 0.000780 
2058.198391 0.000870 
2056.731142 0.000870 
2055.263893 0.000870 
2053.796645 0.001025 
2052.329396 0.000870 
2050.862147 0.000870 
2049.394899 0.000870 
2047.927650 0.000870 
2046.460401 0.000750 
2044.993153 0.000555 
2043.525904 0.000696 
2042.058655 0.000491 
2040.591407 0.000381 
2039.124158 0.000348 
2037.656909 0.000132 
2036.189661 0.000104 
2034.722412 0.000007 
2033.255163 0.000131 
2031.787915 0.000080 
2030.320666 0.000017 
2028.853417 0.000157 
2027.386168 0.000000 
2025.918920 0.000000 
2024.451671 0.000000 
2022.984422 -0.000012 
2021.517174 -0.000021 
2020.049925 -0.000153 
2018.582676 -0.000040 
2017.115428 -0.000108 
2015.648179 0.000000 
2014.180930 0.000191 
2012.713682 0.000341 
2011.246433 0.000625 
2009.779184 0.000736 
2008.311936 0.000870 
2006.844687 0.000870 
2005.377438 0.000989 
2003.910190 0.001342 
2002.442941 0.001393 
2000.975692 0.001567 
1999.508443 0.001567 
1998.041195 0.001488 
1996.573946 0.001393 
1995.106697 0.001255 
1993.639449 0.001313 
1992.172200 0.001121 
1990.704951 0.001081 
1989.237703 0.001044 
1987.770454 0.000914 
1986.303205 0.000943 
1984.835957 0.000865 
1983.368708 0.000839 
1981.901459 0.000768 
1980.434211 0.000731 
1978.966962 0.000696 
1977.499713 0.000602 
1976.032465 0.000696 
1974.565216 0.000649 
1973.097967 0.000522 
1971.630719 0.000522 
1970.163470 0.000522 
1968.696221 0.000522 
1967.228972 0.000451 
1965.761724 0.000522 
1964.294475 0.000514 
1962.827226 0.000371 
1961.359978 0.000439 
1959.892729 0.000500 
1958.425480 0.000454 
1956.958232 0.000359 
1955.490983 0.000460 
1954.023734 0.000507 
1952.556486 0.000400 
1951.089237 0.000446 
1949.621988 0.000416 
1948.154740 0.000353 
1946.687491 0.000437 
1945.220242 0.000449 
1943.752994 0.000348 
1942.285745 0.000348 
1940.818496 0.000397 
1939.351247 0.000472 
1937.883999 0.000348 
1936.416750 0.000480 
1934.949501 0.000475 
1933.482253 0.000388 
1932.015004 0.000418 
1930.547755 0.000366 
1929.080507 0.000514 
1927.613258 0.000355 
1926.146009 0.000348 
1924.678761 0.000456 
1923.211512 0.000348 
1921.744263 0.000348 
1920.277015 0.000348 
1918.809766 0.000348 
1917.342517 0.000348 
1915.875269 0.000348 
1914.408020 0.000348 
1912.940771 0.000348 
1911.473523 0.000348 
1910.006274 0.000348 
1908.539025 0.000348 
1907.071776 0.000348 
1905.604528 0.000348 
1904.137279 0.000348 
1902.670030 0.000348 
1901.202782 0.000348 
1899.735533 0.000348 
1898.268284 0.000348 
1896.801036 0.000348 
1895.333787 0.000348 
1893.866538 0.000366 
1892.399290 0.000416 
1890.932041 0.000453 
1889.464792 0.000508 
1887.997544 0.000597 
1886.530295 0.000632 
1885.063046 0.000663 
1883.595798 0.000797 
1882.128549 0.000999 
1880.661300 0.000938 
1879.194051 0.001058 
1877.726803 0.001238 
1876.259554 0.001527 
1874.792305 0.001847 
1873.325057 0.002131 
1871.857808 0.002371 
1870.390559 0.002522 
1868.923311 0.002239 
1867.456062 0.002089 
1865.988813 0.001870 
1864.521565 0.001741 
1863.054316 0.001737 
1861.587067 0.001645 
1860.119819 0.001549 
1858.652570 0.001403 
1857.185321 0.001377 
1855.718073 0.001219 
1854.250824 0.001118 
1852.783575 0.001044 
1851.316327 0.000856 
1849.849078 0.000710 
1848.381829 0.000691 
1846.914580 0.000505 
1845.447332 0.000423 
1843.980083 0.000207 
1842.512834 0.000174 
1841.045586 0.000080 
1839.578337 0.000045 
1838.111088 0.000000 
1836.643840 0.000000 
1835.176591 0.000117 
1833.709342 0.000174 
1832.242094 0.000174 
1830.774845 0.000174 
1829.307596 0.000087 
1827.840348 0.000165 
1826.373099 0.000164 
1824.905850 0.000263 
1823.438602 0.000327 
1821.971353 0.000348 
1820.504104 0.000360 
1819.036855 0.000407 
1817.569607 0.000522 
1816.102358 0.000533 
1814.635109 0.000597 
1813.167861 0.000771 
1811.700612 0.000722 
1810.233363 0.000952 
1808.766115 0.000990 
1807.298866 0.001044 
1805.831617 0.001187 
1804.364369 0.001295 
1802.897120 0.001367 
1801.429871 0.001393 
1799.962623 0.001607 
1798.495374 0.001741 
1797.028125 0.001741 
1795.560877 0.001967 
1794.093628 0.002089 
1792.626379 0.002089 
1791.159131 0.002258 
1789.691882 0.002548 
1788.224633 0.002754 
1786.757384 0.003048 
1785.290136 0.003276 
1783.822887 0.003516 
1782.355638 0.003830 
1780.888390 0.004213 
1779.421141 0.004573 
1777.953892 0.004959 
1776.486644 0.005241 
1775.019395 0.005626 
1773.552146 0.006089 
1772.084898 0.006504 
1770.617649 0.007034 
1769.150400 0.007531 
1767.683152 0.007921 
1766.215903 0.008450 
1764.748654 0.008894 
1763.281406 0.009431 
1761.814157 0.009722 
1760.346908 0.010365 
1758.879659 0.010751 
1757.412411 0.011280 
1755.945162 0.011809 
1754.477913 0.012279 
1753.010665 0.013014 
1751.543416 0.013649 
1750.076167 0.014438 
1748.608919 0.015352 
1747.141670 0.016398 
1745.674421 0.017458 
1744.207173 0.018518 
1742.739924 0.019765 
1741.272675 0.021008 
1739.805427 0.022214 
1738.338178 0.023563 
1736.870929 0.024930 
1735.403681 0.026376 
1733.936432 0.027623 
1732.469183 0.029212 
1731.001935 0.030766 
1729.534686 0.032095 
1728.067437 0.033569 
1726.600188 0.035009 
1725.132940 0.036502 
1723.665691 0.037944 
1722.198442 0.039606 
1720.731194 0.041195 
1719.263945 0.042785 
1717.796696 0.044374 
1716.329448 0.046043 
1714.862199 0.047864 
1713.394950 0.049694 
1711.927702 0.051534 
1710.460453 0.053369 
1708.993204 0.055264 
1707.525956 0.057200 
1706.058707 0.059202 
1704.591458 0.061178 
1703.124210 0.063193 
1701.656961 0.065192 
1700.189712 0.066896 
1698.722463 0.068957 
1697.255215 0.070769 
1695.787966 0.072070 
1694.320717 0.073720 
1692.853469 0.075099 
1691.386220 0.076150 
1689.918971 0.076982 
1688.451723 0.077872 
1686.984474 0.078443 
1685.517225 0.078857 
1684.049977 0.079088 
1682.582728 0.079569 
1681.115479 0.079811 
1679.648231 0.079914 
1678.180982 0.079976 
1676.713733 0.079957 
1675.246485 0.079734 
1673.779236 0.079881 
1672.311987 0.079619 
1670.844739 0.079318 
1669.377490 0.078932 
1667.910241 0.078432 
1666.442992 0.077847 
1664.975744 0.077078 
1663.508495 0.076524 
1662.041246 0.075786 
1660.573998 0.075111 
1659.106749 0.074609 
1657.639500 0.074223 
1656.172252 0.073985 
1654.705003 0.073577 
1653.237754 0.073441 
1651.770506 0.073589 
1650.303257 0.073824 
1648.836008 0.074127 
1647.368760 0.074463 
1645.901511 0.074679 
1644.434262 0.075078 
1642.967014 0.075435 
1641.499765 0.075734 
1640.032516 0.075762 
1638.565267 0.075986 
1637.098019 0.075964 
1635.630770 0.075696 
1634.163521 0.075553 
1632.696273 0.075287 
1631.229024 0.075111 
1629.761775 0.074455 
1628.294527 0.073786 
1626.827278 0.073088 
1625.360029 0.072172 
1623.892781 0.071170 
1622.425532 0.070153 
1620.958283 0.069177 
1619.491035 0.068183 
1618.023786 0.067152 
1616.556537 0.066153 
1615.089289 0.065467 
1613.622040 0.064891 
1612.154791 0.064311 
1610.687543 0.063865 
1609.220294 0.063507 
1607.753045 0.063051 
1606.285796 0.062546 
1604.818548 0.061890 
1603.351299 0.061066 
1601.884050 0.060208 
1600.416802 0.059430 
1598.949553 0.058756 
1597.482304 0.058015 
1596.015056 0.057379 
1594.547807 0.056817 
1593.080558 0.056215 
1591.613310 0.055680 
1590.146061 0.055203 
1588.678812 0.054596 
1587.211564 0.054067 
1585.744315 0.053337 
1584.277066 0.052845 
1582.809818 0.052216 
1581.342569 0.051541 
1579.875320 0.050998 
1578.408071 0.050101 
1576.940823 0.049367 
1575.473574 0.048538 
1574.006325 0.048110 
1572.539077 0.047232 
1571.071828 0.046510 
1569.604579 0.045890 
1568.137331 0.045264 
1566.670082 0.044600 
1565.202833 0.043989 
1563.735585 0.043570 
1562.268336 0.043021 
1560.801087 0.042367 
1559.333839 0.041824 
1557.866590 0.041401 
1556.399341 0.041190 
1554.932093 0.040746 
1553.464844 0.040321 
1551.997595 0.040146 
1550.530347 0.039714 
1549.063098 0.039522 
1547.595849 0.039216 
1546.128600 0.039018 
1544.661352 0.038716 
1543.194103 0.038448 
1541.726854 0.038133 
1540.259606 0.037759 
1538.792357 0.037564 
1537.325108 0.037583 
1535.857860 0.037582 
1534.390611 0.037399 
1532.923362 0.037303 
1531.456114 0.037160 
1529.988865 0.037078 
1528.521616 0.036929 
1527.054368 0.036856 
1525.587119 0.036760 
1524.119870 0.036894 
1522.652622 0.037171 
1521.185373 0.037380 
1519.718124 0.037912 
1518.250875 0.038448 
1516.783627 0.039275 
1515.316378 0.040194 
1513.849129 0.041255 
1512.381881 0.042459 
1510.914632 0.043860 
1509.447383 0.045324 
1507.980135 0.046788 
1506.512886 0.048346 
1505.045637 0.050070 
1503.578389 0.051683 
1502.111140 0.053121 
1500.643891 0.054469 
1499.176643 0.055475 
1497.709394 0.056436 
1496.242145 0.057012 
1494.774897 0.057445 
1493.307648 0.057468 
1491.840399 0.057527 
1490.373151 0.057365 
1488.905902 0.056977 
1487.438653 0.056831 
1485.971404 0.056467 
1484.504156 0.056093 
1483.036907 0.055645 
1481.569658 0.055423 
1480.102410 0.055162 
1478.635161 0.054752 
1477.167912 0.054585 
1475.700664 0.054281 
1474.233415 0.053936 
1472.766166 0.053569 
1471.298918 0.053193 
1469.831669 0.052749 
1468.364420 0.052030 
1466.897172 0.051483 
1465.429923 0.050775 
1463.962674 0.049878 
1462.495426 0.049349 
1461.028177 0.048606 
1459.560928 0.047840 
1458.093679 0.047063 
1456.626431 0.046358 
1455.159182 0.046010 
1453.691933 0.045478 
1452.224685 0.045166 
1450.757436 0.044973 
1449.290187 0.044623 
1447.822939 0.044640 
1446.355690 0.044564 
1444.888441 0.044564 
1443.421193 0.044477 
1441.953944 0.044527 
1440.486695 0.044503 
1439.019447 0.044233 
1437.552198 0.044155 
1436.084949 0.043794 
1434.617701 0.043505 
1433.150452 0.043274 
1431.683203 0.042645 
1430.215955 0.042221 
1428.748706 0.041570 
1427.281457 0.040889 
1425.814208 0.040099 
1424.346960 0.039193 
1422.879711 0.038527 
1421.412462 0.037564 
1419.945214 0.036645 
1418.477965 0.035735 
1417.010716 0.034953 
1415.543468 0.033994 
1414.076219 0.032928 
1412.608970 0.032018 
1411.141722 0.030887 
1409.674473 0.029854 
1408.207224 0.028947 
1406.739976 0.027774 
1405.272727 0.026571 
1403.805478 0.025445 
1402.338230 0.024444 
1400.870981 0.023384 
1399.403732 0.022277 
1397.936483 0.021472 
1396.469235 0.020703 
1395.001986 0.020311 
1393.534737 0.019960 
1392.067489 0.019721 
1390.600240 0.019568 
1389.132991 0.019707 
1387.665743 0.019845 
1386.198494 0.019958 
1384.731245 0.020123 
1383.263997 0.020505 
1381.796748 0.020663 
1380.329499 0.020992 
1378.862251 0.021211 
1377.395002 0.021411 
1375.927753 0.021438 
1374.460505 0.021145 
1372.993256 0.021035 
1371.526007 0.020532 
1370.058759 0.019822 
1368.591510 0.019089 
1367.124261 0.018172 
1365.657012 0.017199 
1364.189764 0.016346 
1362.722515 0.015681 
1361.255266 0.014776 
1359.788018 0.014318 
1358.320769 0.013971 
1356.853520 0.013340 
1355.386272 0.012889 
1353.919023 0.012621 
1352.451774 0.012227 
1350.984526 0.011695 
1349.517277 0.011489 
1348.050028 0.011489 
1346.582780 0.011177 
1345.115531 0.011045 
1343.648282 0.011085 
1342.181034 0.010983 
1340.713785 0.011124 
1339.246536 0.011077 
1337.779287 0.011045 
1336.312039 0.010977 
1334.844790 0.010650 
1333.377541 0.010213 
1331.910293 0.009724 
1330.443044 0.009268 
1328.975795 0.008695 
1327.508547 0.008110 
1326.041298 0.007567 
1324.574049 0.006963 
1323.106801 0.006439 
1321.639552 0.005959 
1320.172303 0.005327 
1318.705055 0.004782 
1317.237806 0.004058 
1315.770557 0.003682 
1314.303309 0.003180 
1312.836060 0.002811 
1311.368811 0.002521 
1309.901563 0.002460 
1308.434314 0.002644 
1306.967065 0.002992 
1305.499816 0.003307 
1304.032568 0.003247 
1302.565319 0.002764 
1301.098070 0.002348 
1299.630822 0.001528 
1298.163573 0.000900 
1296.696324 0.000310 
1295.229076 -0.000138 
1293.761827 -0.000181 
1292.294578 -0.000118 
1290.827330 -0.000037 
1289.360081 -0.000118 
1287.892832 -0.000138 
1286.425584 0.000124 
1284.958335 0.000327 
1283.491086 0.000531 
1282.023838 0.000682 
1280.556589 0.000860 
1279.089340 0.000989 
1277.622091 0.001076 
1276.154843 0.001471 
1274.687594 0.001629 
1273.220345 0.001796 
1271.753097 0.001833 
1270.285848 0.001734 
1268.818599 0.001671 
1267.351351 0.001335 
1265.884102 0.001713 
1264.416853 0.001810 
1262.949605 0.001943 
1261.482356 0.001871 
1260.015107 0.001635 
1258.547859 0.001539 
1257.080610 0.001219 
1255.613361 0.001219 
1254.146113 0.001391 
1252.678864 0.001429 
1251.211615 0.001539 
1249.744367 0.001278 
1248.277118 0.001058 
1246.809869 0.000862 
1245.342620 0.000527 
1243.875372 0.000021 
1242.408123 0.000012 
1240.940874 0.000881 
1239.473626 0.001393 
1238.006377 0.001803 
1236.539128 0.003262 
1235.071880 0.002360 
1233.604631 0.001147 
1232.137382 0.000567 
1230.670134 0.001662 
1229.202885 0.002561 
1227.735636 0.002618 
1226.268388 0.002141 
1224.801139 0.001523 
1223.333890 0.001229 
1221.866642 0.000456 
1220.399393 -0.000421 
1218.932144 -0.000399 
1217.464895 -0.000176 
1215.997647 0.000486 
1214.530398 0.001426 
1213.063149 0.001830 
1211.595901 0.001565 
1210.128652 0.000458 
1208.661403 0.000063 
1207.194155 0.000670 
1205.726906 0.000870 
1204.259657 0.001024 
1202.792409 0.000982 
1201.325160 0.000931 
1199.857911 0.000940 
1198.390663 0.001288 
1196.923414 0.001494 
1195.456165 0.001608 
1193.988917 0.001838 
1192.521668 0.001990 
1191.054419 0.001877 
1189.587171 0.001901 
1188.119922 0.001843 
1186.652673 0.001875 
1185.185424 0.001899 
1183.718176 0.001965 
1182.250927 0.001870 
1180.783678 0.001915 
1179.316430 0.002054 
1177.849181 0.001944 
1176.381932 0.001944 
1174.914684 0.002167 
1173.447435 0.002192 
1171.980186 0.002216 
1170.512938 0.002195 
1169.045689 0.002383 
1167.578440 0.002430 
1166.111192 0.002460 
1164.643943 0.002815 
1163.176694 0.002796 
1161.709446 0.002951 
1160.242197 0.003039 
1158.774948 0.003407 
1157.307699 0.003583 
1155.840451 0.003598 
1154.373202 0.004112 
1152.905953 0.004237 
1151.438705 0.004430 
1149.971456 0.004831 
1148.504207 0.005027 
1147.036959 0.005414 
1145.569710 0.005567 
1144.102461 0.006039 
1142.635213 0.006216 
1141.167964 0.006481 
1139.700715 0.007045 
1138.233467 0.007181 
1136.766218 0.007562 
1135.298969 0.007974 
1133.831721 0.008250 
1132.364472 0.008408 
1130.897223 0.008775 
1129.429975 0.009212 
1127.962726 0.009299 
1126.495477 0.009419 
1125.028228 0.009649 
1123.560980 0.009757 
1122.093731 0.009919 
1120.626482 0.009987 
1119.159234 0.010096 
1117.691985 0.010051 
1116.224736 0.010002 
1114.757488 0.010096 
1113.290239 0.009881 
1111.822990 0.009714 
1110.355742 0.009578 
1108.888493 0.009398 
1107.421244 0.009242 
1105.953996 0.008892 
1104.486747 0.008845 
1103.019498 0.008270 
1101.552250 0.008021 
1100.085001 0.007894 
1098.617752 0.007440 
1097.150504 0.006980 
1095.683255 0.006678 
1094.216006 0.006329 
1092.748757 0.005741 
1091.281509 0.005271 
1089.814260 0.004996 
1088.347011 0.004488 
1086.879763 0.004040 
1085.412514 0.003760 
1083.945265 0.003200 
1082.478017 0.002834 
1081.010768 0.002425 
1079.543519 0.002112 
1078.076271 0.001694 
1076.609022 0.001509 
1075.141773 0.001213 
1073.674525 0.000891 
1072.207276 0.000668 
1070.740027 0.000491 
1069.272779 0.000258 
1067.805530 0.000214 
1066.338281 0.000068 
1064.871032 0.000162 
1063.403784 -0.000104 
1061.936535 -0.000085 
1060.469286 -0.000014 
1059.002038 -0.000211 
1057.534789 -0.000183 
1056.067540 -0.000136 
1054.600292 -0.000042 
1053.133043 -0.000172 
1051.665794 -0.000096 
1050.198546 -0.000026 
1048.731297 -0.000139 
1047.264048 -0.000050 
1045.796800 0.000000 
1044.329551 0.000000 
1042.862302 -0.000162 
1041.395054 -0.000141 
1039.927805 -0.000003 
1038.460556 -0.000066 
1036.993308 0.000000 
1035.526059 -0.000040 
1034.058810 -0.000094 
1032.591561 -0.000021 
1031.124313 -0.000005 
1029.657064 -0.000101 
1028.189815 0.000031 
1026.722567 -0.000073 
1025.255318 -0.000023 
1023.788069 0.000009 
1022.320821 0.000002 
1020.853572 0.000000 
1019.386323 -0.000044 
1017.919075 -0.000174 
1016.451826 -0.000057 
1014.984577 0.000000 
1013.517329 -0.000291 
1012.050080 -0.000453 
1010.582831 -0.000616 
1009.115583 -0.000860 
1007.648334 -0.001138 
1006.181085 -0.001408 
1004.713836 -0.001560 
1003.246588 -0.001823 
1001.779339 -0.002110 
1000.312090 -0.002139 
998.844842 -0.002535 
997.377593 -0.002804 
995.910344 -0.002857 
994.443096 -0.002891 
992.975847 -0.003132 
991.508598 -0.003301 
990.041350 -0.003264 
988.574101 -0.003433 
987.106852 -0.003471 
985.639604 -0.003375 
984.172355 -0.003067 
982.705106 -0.002830 
981.237858 -0.002827 
979.770609 -0.002521 
978.303360 -0.002106 
976.836112 -0.002106 
975.368863 -0.001671 
973.901614 -0.001226 
972.434365 -0.000804 
970.967117 -0.000409 
969.499868 0.000188 
968.032619 0.000698 
966.565371 0.001074 
965.098122 0.001652 
963.630873 0.002350 
962.163625 0.002984 
960.696376 0.003541 
959.229127 0.004194 
957.761879 0.004973 
956.294630 0.005651 
954.827381 0.006378 
953.360133 0.007144 
951.892884 0.008049 
950.425635 0.008852 
948.958387 0.009637 
947.491138 0.010699 
946.023889 0.011607 
944.556640 0.012462 
943.089392 0.013519 
941.622143 0.014629 
940.154894 0.015599 
938.687646 0.016532 
937.220397 0.017698 
935.753148 0.018952 
934.285900 0.019756 
932.818651 0.021211 
931.351402 0.022352 
929.884154 0.023248 
928.416905 0.024510 
926.949656 0.025755 
925.482408 0.026938 
924.015159 0.027920 
922.547910 0.029052 
921.080662 0.030117 
919.613413 0.031353 
918.146164 0.032411 
916.678916 0.033802 
915.211667 0.034878 
913.744418 0.036037 
912.277169 0.037204 
910.809921 0.038132 
909.342672 0.039199 
907.875423 0.040346 
906.408175 0.041599 
904.940926 0.042637 
903.473677 0.043361 
902.006429 0.044717 
900.539180 0.045946 
899.071931 0.046842 
897.604683 0.047767 
896.137434 0.049175 
894.670185 0.050007 
893.202937 0.051001 
891.735688 0.052228 
890.268439 0.053245 
888.801191 0.054103 
887.333942 0.055195 
885.866693 0.056516 
884.399444 0.057555 
882.932196 0.058316 
881.464947 0.059541 
879.997698 0.060605 
878.530450 0.061160 
877.063201 0.061923 
875.595952 0.063011 
874.128704 0.063735 
872.661455 0.064233 
871.194206 0.065235 
869.726958 0.066014 
868.259709 0.066680 
866.792460 0.067065 
865.325212 0.068223 
863.857963 0.069091 
862.390714 0.069512 
860.923466 0.070252 
859.456217 0.071346 
857.988968 0.071622 
856.521720 0.072212 
855.054471 0.073015 
853.587222 0.073629 
852.119973 0.074303 
850.652725 0.074897 
849.185476 0.075530 
847.718227 0.075811 
846.250979 0.076197 
844.783730 0.076331 
843.316481 0.076636 
841.849233 0.076930 
840.381984 0.077255 
838.914735 0.077875 
837.447487 0.077995 
835.980238 0.078126 
834.512989 0.078450 
833.045741 0.079451 
831.578492 0.080276 
830.111243 0.080565 
828.643995 0.081158 
827.176746 0.081357 
825.709497 0.081658 
824.242248 0.081564 
822.775000 0.081660 
821.307751 0.081701 
819.840502 0.081280 
818.373254 0.081428 
816.906005 0.081687 
815.438756 0.081479 
813.971508 0.081435 
812.504259 0.081120 
811.037010 0.081090 
809.569762 0.080650 
808.102513 0.080502 
806.635264 0.080592 
805.168016 0.080008 
803.700767 0.080049 
802.233518 0.080230 
800.766270 0.080022 
799.299021 0.079543 
797.831772 0.079075 
796.364524 0.079075 
794.897275 0.078665 
793.430026 0.078571 
791.962777 0.078457 
790.495529 0.078215 
789.028280 0.077816 
787.561031 0.077470 
786.093783 0.077477 
784.626534 0.076987 
783.159285 0.076719 
781.692037 0.076519 
780.224788 0.075837 
778.757539 0.075349 
777.290291 0.074676 
775.823042 0.074171 
774.355793 0.074079 
772.888545 0.073192 
771.421296 0.072423 
769.954047 0.071593 
768.486799 0.071022 
767.019550 0.070282 
765.552301 0.069328 
764.085052 0.068776 
762.617804 0.067826 
761.150555 0.066806 
759.683306 0.066015 
758.216058 0.065463 
756.748809 0.064442 
755.281560 0.063103 
753.814312 0.062584 
752.347063 0.061858 
750.879814 0.060596 
749.412566 0.059670 
747.945317 0.058817 
746.478068 0.057604 
745.010820 0.056074 
743.543571 0.055412 
742.076322 0.054521 
740.609074 0.052986 
739.141825 0.051724 
737.674576 0.050737 
736.207328 0.049797 
734.740079 0.048101 
733.272830 0.046865 
731.805581 0.046043 
730.338333 0.044682 
728.871084 0.043091 
727.403835 0.041998 
725.936587 0.040821 
724.469338 0.039413 
723.002089 0.037658 
721.534841 0.036607 
720.067592 0.035270 
718.600343 0.034217 
717.133095 0.032504 
715.665846 0.031097 
714.198597 0.030242 
712.731349 0.028801 
711.264100 0.027464 
709.796851 0.025621 
708.329603 0.024590 
706.862354 0.023347 
705.395105 0.021497 
703.927856 0.019820 
702.460608 0.019157 
700.993359 0.018095 
699.526110 0.015874 
698.058862 0.014394 
696.591613 0.013843 
695.124364 0.012387 
693.657116 0.010385 
692.189867 0.009129 
690.722618 0.008608 
689.255370 0.007156 
687.788121 0.005191 
686.320872 0.004235 
684.853624 0.002881 
683.386375 0.001655 
681.919126 0.000141 
680.451878 -0.000954 
678.984629 -0.001506 
677.517380 -0.002855 
676.050132 -0.004230 
674.582883 -0.005952 
673.115634 -0.006888 
671.648385 -0.007435 
670.181137 -0.007973 
668.713888 -0.006411 
667.246639 -0.003943 
665.779391 -0.002904 
664.312142 -0.001053 
662.844893 0.000883 
661.377645 0.003844 
659.910396 0.006208 
658.443147 0.007545 
656.975899 0.007893 
655.508650 0.008502 
654.041401 0.008004 
652.574153 0.007327 
651.106904 0.005818 
649.639655 0.004805 
648.172407 0.003288 
646.705158 0.002576 
645.237909 0.000903 
643.770660 -0.000099 
642.303412 0.000037 
640.836163 -0.001198 
639.368914 -0.001250 
637.901666 -0.000601 
636.434417 -0.000164 
634.967168 0.000003 
633.499920 -0.000292 
632.032671 -0.001375 
630.565422 -0.001530 
629.098174 -0.001180 
627.630925 -0.000721 
626.163676 -0.003285 
624.696428 -0.004975 
623.229179 -0.005036 
621.761930 -0.005308 
620.294682 -0.007727 
618.827433 -0.009223 
617.360184 -0.010091 
615.892936 -0.012321 
614.425687 -0.012272 
612.958438 -0.011914 
611.491189 -0.013851 
610.023941 -0.015477 
608.556692 -0.013888 
607.089443 -0.014095 
605.622195 -0.012102 
604.154946 -0.010074 
602.687697 -0.007954 
601.220449 -0.002472 
599.753200 0.004700 
