5000.111000 0.000000 
4998.643809 0.000109 
4997.176617 -0.000574 
4995.709426 -0.001057 
4994.242234 -0.002170 
4992.775043 -0.002033 
4991.307851 -0.002237 
4989.840660 -0.002272 
4988.373468 -0.002861 
4986.906277 -0.003802 
4985.439085 -0.003714 
4983.971894 -0.003293 
4982.504702 -0.003965 
4981.037511 -0.003447 
4979.570319 -0.003479 
4978.103128 -0.003141 
4976.635936 -0.003024 
4975.168745 -0.002894 
4973.701553 -0.003704 
4972.234362 -0.003341 
4970.767170 -0.003371 
4969.299979 -0.002989 
4967.832787 -0.002543 
4966.365596 -0.002371 
4964.898404 -0.002021 
4963.431213 -0.001905 
4961.964021 -0.001655 
4960.496830 -0.000298 
4959.029638 -0.000746 
4957.562447 -0.001039 
4956.095255 -0.000332 
4954.628064 -0.000583 
4953.160872 -0.000235 
4951.693681 -0.000662 
4950.226489 -0.000517 
4948.759298 -0.000396 
4947.292106 -0.000512 
4945.824915 -0.000110 
4944.357723 0.000358 
4942.890532 -0.000050 
4941.423340 -0.000249 
4939.956149 -0.000068 
4938.488957 -0.000284 
4937.021766 -0.000649 
4935.554574 0.000004 
4934.087383 0.000786 
4932.620191 0.000988 
4931.153000 0.001657 
4929.685808 0.002075 
4928.218617 0.002585 
4926.751425 0.003133 
4925.284234 0.002437 
4923.817042 0.003252 
4922.349851 0.003139 
4920.882659 0.003027 
4919.415468 0.003722 
4917.948276 0.003471 
4916.481085 0.003713 
4915.013893 0.003790 
4913.546702 0.002890 
4912.079510 0.003813 
4910.612319 0.003018 
4909.145127 0.002383 
4907.677936 0.002955 
4906.210744 0.001789 
4904.743553 0.001434 
4903.276361 0.001951 
4901.809170 0.001108 
4900.341978 0.000687 
4898.874787 0.000622 
4897.407595 -0.000231 
4895.940404 -0.000767 
4894.473212 0.000164 
4893.006021 -0.000494 
4891.538829 -0.000304 
4890.071638 -0.000189 
4888.604446 -0.000548 
4887.137255 -0.000675 
4885.670063 -0.000302 
4884.202872 -0.000195 
4882.735680 -0.000256 
4881.268489 -0.000510 
4879.801297 -0.000406 
4878.334106 -0.000819 
4876.866914 -0.000634 
4875.399723 -0.000471 
4873.932531 -0.000832 
4872.465340 -0.000399 
4870.998148 -0.000953 
4869.530957 -0.000850 
4868.063765 0.000171 
4866.596574 -0.000054 
4865.129382 -0.000317 
4863.662191 -0.000373 
4862.194999 -0.000385 
4860.727808 -0.000132 
4859.260616 -0.000313 
4857.793425 -0.000270 
4856.326233 -0.000362 
4854.859042 -0.000762 
4853.391850 -0.000466 
4851.924659 -0.000050 
4850.457467 0.000229 
4848.990276 -0.000974 
4847.523084 -0.000529 
4846.055893 -0.001017 
4844.588701 -0.000855 
4843.121510 -0.000735 
4841.654318 -0.000712 
4840.187127 -0.000874 
4838.719935 -0.000799 
4837.252744 -0.001089 
4835.785552 -0.001491 
4834.318361 -0.001037 
4832.851169 -0.001390 
4831.383978 -0.000705 
4829.916786 -0.001278 
4828.449595 -0.000662 
4826.982403 -0.001389 
4825.515212 -0.001247 
4824.048020 -0.001735 
4822.580829 -0.001149 
4821.113637 -0.001793 
4819.646446 -0.001517 
4818.179254 -0.001238 
4816.712063 -0.001473 
4815.244871 -0.001205 
4813.777680 -0.001095 
4812.310488 -0.001464 
4810.843297 -0.001390 
4809.376105 -0.000768 
4807.908914 -0.000756 
4806.441722 -0.001190 
4804.974531 -0.000893 
4803.507339 -0.000543 
4802.040148 -0.000857 
4800.572956 -0.001315 
4799.105765 -0.001191 
4797.638573 -0.001049 
4796.171382 -0.001761 
4794.704190 -0.001955 
4793.236999 -0.002281 
4791.769807 -0.001616 
4790.302616 -0.002171 
4788.835424 -0.002552 
4787.368233 -0.001858 
4785.901041 -0.002475 
4784.433850 -0.002559 
4782.966658 -0.002426 
4781.499467 -0.002117 
4780.032275 -0.002274 
4778.565084 -0.001993 
4777.097892 -0.001597 
4775.630701 -0.001550 
4774.163509 -0.001671 
4772.696318 -0.001482 
4771.229126 -0.001652 
4769.761935 -0.000920 
4768.294743 -0.001094 
4766.827552 -0.001460 
4765.360360 -0.001812 
4763.893169 -0.002483 
4762.425977 -0.002789 
4760.958786 -0.002400 
4759.491594 -0.002531 
4758.024403 -0.002833 
4756.557211 -0.002997 
4755.090020 -0.003059 
4753.622828 -0.003208 
4752.155637 -0.003247 
4750.688445 -0.003302 
4749.221254 -0.003690 
4747.754062 -0.003129 
4746.286871 -0.002822 
4744.819679 -0.002960 
4743.352488 -0.003106 
4741.885296 -0.002852 
4740.418105 -0.002304 
4738.950914 -0.002550 
4737.483722 -0.002093 
4736.016531 -0.002264 
4734.549339 -0.001248 
4733.082148 -0.000830 
4731.614956 -0.001311 
4730.147765 -0.001459 
4728.680573 -0.001315 
4727.213382 -0.001278 
4725.746190 -0.001656 
4724.278999 -0.001770 
4722.811807 -0.001405 
4721.344616 -0.001177 
4719.877424 -0.001730 
4718.410233 -0.000795 
4716.943041 -0.001499 
4715.475850 -0.000916 
4714.008658 -0.001528 
4712.541467 -0.000975 
4711.074275 -0.000650 
4709.607084 -0.000774 
4708.139892 -0.000915 
4706.672701 -0.000893 
4705.205509 -0.000938 
4703.738318 -0.001080 
4702.271126 -0.001333 
4700.803935 -0.001340 
4699.336743 -0.001179 
4697.869552 -0.002009 
4696.402360 -0.001649 
4694.935169 -0.001128 
4693.467977 -0.000603 
4692.000786 -0.001025 
4690.533594 -0.000373 
4689.066403 -0.000543 
4687.599211 0.000107 
4686.132020 -0.000023 
4684.664828 0.000744 
4683.197637 0.001155 
4681.730445 0.000428 
4680.263254 0.000592 
4678.796062 -0.000302 
4677.328871 0.000448 
4675.861679 -0.000830 
4674.394488 -0.000042 
4672.927296 -0.000908 
4671.460105 -0.000984 
4669.992913 -0.001090 
4668.525722 -0.001232 
4667.058530 -0.000555 
4665.591339 -0.001687 
4664.124147 -0.001205 
4662.656956 -0.000612 
4661.189764 -0.001735 
4659.722573 -0.001278 
4658.255381 -0.001347 
4656.788190 -0.000888 
4655.320998 -0.000641 
4653.853807 -0.000754 
4652.386615 -0.000310 
4650.919424 -0.000655 
4649.452232 -0.000298 
4647.985041 -0.000064 
4646.517849 0.000318 
4645.050658 0.000730 
4643.583466 0.000409 
4642.116275 0.000199 
4640.649083 0.000433 
4639.181892 0.000257 
4637.714700 0.000601 
4636.247509 0.000206 
4634.780317 -0.000355 
4633.313126 -0.000114 
4631.845934 0.000013 
4630.378743 0.000160 
4628.911551 -0.000348 
4627.444360 -0.000956 
4625.977168 -0.001110 
4624.509977 -0.000704 
4623.042785 -0.000678 
4621.575594 -0.000769 
4620.108402 -0.000592 
4618.641211 -0.000768 
4617.174019 -0.000616 
4615.706828 0.000112 
4614.239636 0.000275 
4612.772445 0.000565 
4611.305253 0.000330 
4609.838062 0.000282 
4608.370870 0.000263 
4606.903679 0.000383 
4605.436487 0.000267 
4603.969296 0.000394 
4602.502104 -0.000276 
4601.034913 -0.000164 
4599.567721 -0.000588 
4598.100530 -0.000759 
4596.633338 -0.000643 
4595.166147 -0.000394 
4593.698955 -0.001016 
4592.231764 -0.000578 
4590.764572 -0.000411 
4589.297381 -0.000744 
4587.830189 -0.000920 
4586.362998 -0.000401 
4584.895806 -0.000710 
4583.428615 -0.000760 
4581.961423 -0.000532 
4580.494232 -0.000666 
4579.027040 -0.000487 
4577.559849 -0.000882 
4576.092657 -0.000280 
4574.625466 -0.000575 
4573.158274 -0.000487 
4571.691083 0.000009 
4570.223891 0.000027 
4568.756700 -0.000486 
4567.289508 -0.000647 
4565.822317 -0.000661 
4564.355125 -0.000762 
4562.887934 -0.001022 
4561.420742 -0.000534 
4559.953551 -0.001044 
4558.486359 -0.000769 
4557.019168 -0.000193 
4555.551976 -0.000400 
4554.084785 -0.000546 
4552.617593 -0.001059 
4551.150402 -0.000790 
4549.683210 -0.000535 
4548.216019 -0.000552 
4546.748827 -0.000648 
4545.281636 -0.000698 
4543.814444 -0.000814 
4542.347253 -0.000417 
4540.880061 -0.000977 
4539.412870 -0.000681 
4537.945678 -0.000783 
4536.478487 -0.000544 
4535.011295 -0.000325 
4533.544104 -0.000272 
4532.076912 -0.000464 
4530.609721 -0.000174 
4529.142529 -0.000364 
4527.675338 -0.000497 
4526.208146 -0.000220 
4524.740955 -0.000350 
4523.273763 -0.000759 
4521.806572 -0.000825 
4520.339380 -0.000617 
4518.872189 -0.001059 
4517.404997 -0.000976 
4515.937806 -0.000921 
4514.470614 -0.001034 
4513.003423 -0.000896 
4511.536231 -0.000896 
4510.069040 -0.000919 
4508.601848 -0.000862 
4507.134657 -0.001425 
4505.667465 -0.001273 
4504.200274 -0.000924 
4502.733082 -0.001156 
4501.265891 -0.000880 
4499.798699 -0.001216 
4498.331508 -0.001129 
4496.864316 -0.001324 
4495.397125 -0.001209 
4493.929933 -0.000949 
4492.462742 -0.000984 
4490.995550 -0.001091 
4489.528359 -0.001152 
4488.061167 -0.001248 
4486.593976 -0.001299 
4485.126784 -0.001140 
4483.659593 -0.001319 
4482.192402 -0.001292 
4480.725210 -0.001269 
4479.258019 -0.001169 
4477.790827 -0.001080 
4476.323636 -0.001250 
4474.856444 -0.001491 
4473.389253 -0.001526 
4471.922061 -0.001382 
4470.454870 -0.001310 
4468.987678 -0.001225 
4467.520487 -0.000933 
4466.053295 -0.001216 
4464.586104 -0.001312 
4463.118912 -0.001983 
4461.651721 -0.001053 
4460.184529 -0.001639 
4458.717338 -0.001963 
4457.250146 -0.001469 
4455.782955 -0.001391 
4454.315763 -0.001414 
4452.848572 -0.001195 
4451.381380 -0.001480 
4449.914189 -0.001260 
4448.446997 -0.001105 
4446.979806 -0.000963 
4445.512614 -0.001621 
4444.045423 -0.001504 
4442.578231 -0.001685 
4441.111040 -0.001256 
4439.643848 -0.000935 
4438.176657 -0.001352 
4436.709465 -0.001655 
4435.242274 -0.001789 
4433.775082 -0.001414 
4432.307891 -0.001633 
4430.840699 -0.001004 
4429.373508 -0.001292 
4427.906316 -0.001329 
4426.439125 -0.001440 
4424.971933 -0.001405 
4423.504742 -0.001333 
4422.037550 -0.001413 
4420.570359 -0.001472 
4419.103167 -0.001064 
4417.635976 -0.001083 
4416.168784 -0.001191 
4414.701593 -0.000976 
4413.234401 -0.001220 
4411.767210 -0.001331 
4410.300018 -0.000892 
4408.832827 -0.001238 
4407.365635 -0.001003 
4405.898444 -0.001600 
4404.431252 -0.001618 
4402.964061 -0.001022 
4401.496869 -0.001057 
4400.029678 -0.001308 
4398.562486 -0.001635 
4397.095295 -0.001266 
4395.628103 -0.001053 
4394.160912 -0.001169 
4392.693720 -0.001101 
4391.226529 -0.001247 
4389.759337 -0.001313 
4388.292146 -0.001583 
4386.824954 -0.000975 
4385.357763 -0.001405 
4383.890571 -0.001405 
4382.423380 -0.001308 
4380.956188 -0.001059 
4379.488997 -0.001172 
4378.021805 -0.001403 
4376.554614 -0.001260 
4375.087422 -0.001329 
4373.620231 -0.001278 
4372.153039 -0.001317 
4370.685848 -0.001872 
4369.218656 -0.001317 
4367.751465 -0.001210 
4366.284273 -0.001632 
4364.817082 -0.001175 
4363.349890 -0.001503 
4361.882699 -0.001275 
4360.415507 -0.001330 
4358.948316 -0.001262 
4357.481124 -0.001289 
4356.013933 -0.001037 
4354.546741 -0.001512 
4353.079550 -0.001236 
4351.612358 -0.001670 
4350.145167 -0.001009 
4348.677975 -0.001261 
4347.210784 -0.001531 
4345.743592 -0.001533 
4344.276401 -0.001241 
4342.809209 -0.000898 
4341.342018 -0.001528 
4339.874826 -0.001665 
4338.407635 -0.001420 
4336.940443 -0.001317 
4335.473252 -0.001022 
4334.006060 -0.001121 
4332.538869 -0.001041 
4331.071677 -0.001145 
4329.604486 -0.001043 
4328.137294 -0.000823 
4326.670103 -0.000848 
4325.202911 -0.000827 
4323.735720 -0.000902 
4322.268528 -0.000957 
4320.801337 -0.000744 
4319.334145 -0.001022 
4317.866954 -0.000704 
4316.399762 -0.001006 
4314.932571 -0.000860 
4313.465379 -0.000846 
4311.998188 -0.000524 
4310.530996 -0.000659 
4309.063805 0.000187 
4307.596613 0.000638 
4306.129422 0.001152 
4304.662230 0.002009 
4303.195039 0.002767 
4301.727847 0.003474 
4300.260656 0.003811 
4298.793464 0.003537 
4297.326273 0.002773 
4295.859081 0.001568 
4294.391890 0.000470 
4292.924698 -0.000222 
4291.457507 -0.000756 
4289.990315 -0.001602 
4288.523124 -0.001354 
4287.055932 -0.001215 
4285.588741 -0.001692 
4284.121549 -0.001471 
4282.654358 -0.001043 
4281.187166 -0.001064 
4279.719975 -0.001108 
4278.252783 -0.001154 
4276.785592 -0.000662 
4275.318400 -0.001164 
4273.851209 -0.001473 
4272.384017 -0.001895 
4270.916826 -0.002218 
4269.449634 -0.002969 
4267.982443 -0.002902 
4266.515251 -0.002471 
4265.048060 -0.002159 
4263.580868 -0.001817 
4262.113677 -0.002072 
4260.646485 -0.002074 
4259.179294 -0.001733 
4257.712102 -0.001652 
4256.244911 -0.001931 
4254.777719 -0.001809 
4253.310528 -0.001812 
4251.843336 -0.001848 
4250.376145 -0.001485 
4248.908953 -0.001348 
4247.441762 -0.001064 
4245.974570 -0.001358 
4244.507379 -0.001471 
4243.040187 -0.001305 
4241.572996 -0.001827 
4240.105804 -0.001803 
4238.638613 -0.002015 
4237.171421 -0.001789 
4235.704230 -0.001745 
4234.237038 -0.001827 
4232.769847 -0.001888 
4231.302655 -0.002000 
4229.835464 -0.001423 
4228.368272 -0.001822 
4226.901081 -0.001877 
4225.433889 -0.001527 
4223.966698 -0.001710 
4222.499507 -0.001698 
4221.032315 -0.001675 
4219.565124 -0.001616 
4218.097932 -0.001603 
4216.630741 -0.001886 
4215.163549 -0.001423 
4213.696358 -0.001163 
4212.229166 -0.000894 
4210.761975 -0.000468 
4209.294783 -0.000033 
4207.827592 0.000206 
4206.360400 0.000639 
4204.893209 0.001021 
4203.426017 0.001152 
4201.958826 0.001664 
4200.491634 0.001220 
4199.024443 0.000726 
4197.557251 0.000335 
4196.090060 -0.000414 
4194.622868 -0.000788 
4193.155677 -0.001106 
4191.688485 -0.001239 
4190.221294 -0.001303 
4188.754102 -0.001480 
4187.286911 -0.001379 
4185.819719 -0.001351 
4184.352528 -0.001711 
4182.885336 -0.001375 
4181.418145 -0.001517 
4179.950953 -0.001752 
4178.483762 -0.001358 
4177.016570 -0.001421 
4175.549379 -0.001665 
4174.082187 -0.001569 
4172.614996 -0.001541 
4171.147804 -0.001150 
4169.680613 -0.001533 
4168.213421 -0.001626 
4166.746230 -0.001382 
4165.279038 -0.001347 
4163.811847 -0.001280 
4162.344655 -0.001283 
4160.877464 -0.001582 
4159.410272 -0.001270 
4157.943081 -0.001371 
4156.475889 -0.001444 
4155.008698 -0.001679 
4153.541506 -0.001609 
4152.074315 -0.001343 
4150.607123 -0.001338 
4149.139932 -0.001294 
4147.672740 -0.001437 
4146.205549 -0.001333 
4144.738357 -0.001520 
4143.271166 -0.001412 
4141.803974 -0.001284 
4140.336783 -0.001362 
4138.869591 -0.001188 
4137.402400 -0.001312 
4135.935208 -0.001175 
4134.468017 -0.001489 
4133.000825 -0.001085 
4131.533634 -0.000940 
4130.066442 -0.001218 
4128.599251 -0.001266 
4127.132059 -0.001494 
4125.664868 -0.001055 
4124.197676 -0.000937 
4122.730485 -0.001150 
4121.263293 -0.001172 
4119.796102 -0.000983 
4118.328910 -0.001175 
4116.861719 -0.000792 
4115.394527 -0.001077 
4113.927336 -0.001218 
4112.460144 -0.000943 
4110.992953 -0.001106 
4109.525761 -0.001086 
4108.058570 -0.000962 
4106.591378 -0.000991 
4105.124187 -0.000856 
4103.656995 -0.000988 
4102.189804 -0.001184 
4100.722612 -0.001200 
4099.255421 -0.001053 
4097.788229 -0.000860 
4096.321038 -0.000939 
4094.853846 -0.000891 
4093.386655 -0.000773 
4091.919463 -0.000857 
4090.452272 -0.000947 
4088.985080 -0.000578 
4087.517889 -0.001031 
4086.050697 -0.000834 
4084.583506 -0.000741 
4083.116314 -0.000838 
4081.649123 -0.000562 
4080.181931 -0.000830 
4078.714740 -0.000492 
4077.247548 -0.000767 
4075.780357 -0.000739 
4074.313165 -0.000440 
4072.845974 -0.000719 
4071.378782 -0.000497 
4069.911591 -0.000285 
4068.444399 -0.000532 
4066.977208 -0.000227 
4065.510016 -0.000719 
4064.042825 -0.000682 
4062.575633 -0.000566 
4061.108442 -0.000533 
4059.641250 -0.000947 
4058.174059 -0.000666 
4056.706867 -0.000870 
4055.239676 -0.000868 
4053.772484 -0.001147 
4052.305293 -0.001043 
4050.838101 -0.000952 
4049.370910 -0.000699 
4047.903718 -0.000816 
4046.436527 -0.001020 
4044.969335 -0.000970 
4043.502144 -0.001101 
4042.034952 -0.001303 
4040.567761 -0.001022 
4039.100569 -0.001022 
4037.633378 -0.000680 
4036.166186 -0.001209 
4034.698995 -0.000930 
4033.231803 -0.000972 
4031.764612 -0.000971 
4030.297420 -0.001126 
4028.830229 -0.001050 
4027.363037 -0.000991 
4025.895846 -0.000813 
4024.428654 -0.001021 
4022.961463 -0.001239 
4021.494271 -0.001334 
4020.027080 -0.001114 
4018.559888 -0.001058 
4017.092697 -0.001114 
4015.625505 -0.001224 
4014.158314 -0.001022 
4012.691122 -0.001127 
4011.223931 -0.001325 
4009.756739 -0.001247 
4008.289548 -0.001416 
4006.822356 -0.001236 
4005.355165 -0.001239 
4003.887973 -0.000885 
4002.420782 -0.001105 
4000.953590 -0.001169 
3999.486399 -0.001324 
3998.019207 -0.001200 
3996.552016 -0.001454 
3995.084824 -0.001359 
3993.617633 -0.001243 
3992.150441 -0.001381 
3990.683250 -0.000995 
3989.216058 -0.001251 
3987.748867 -0.001190 
3986.281675 -0.001301 
3984.814484 -0.001404 
3983.347292 -0.001586 
3981.880101 -0.001558 
3980.412909 -0.001275 
3978.945718 -0.001220 
3977.478526 -0.000848 
3976.011335 -0.001311 
3974.544143 -0.001150 
3973.076952 -0.001150 
3971.609760 -0.001269 
3970.142569 -0.001057 
3968.675377 -0.001519 
3967.208186 -0.001218 
3965.740994 -0.001259 
3964.273803 -0.001256 
3962.806612 -0.001405 
3961.339420 -0.001366 
3959.872229 -0.001347 
3958.405037 -0.001345 
3956.937846 -0.001388 
3955.470654 -0.001721 
3954.003463 -0.001435 
3952.536271 -0.001508 
3951.069080 -0.001505 
3949.601888 -0.001297 
3948.134697 -0.001191 
3946.667505 -0.001510 
3945.200314 -0.001339 
3943.733122 -0.001595 
3942.265931 -0.001367 
3940.798739 -0.001321 
3939.331548 -0.001543 
3937.864356 -0.001545 
3936.397165 -0.001606 
3934.929973 -0.001335 
3933.462782 -0.001707 
3931.995590 -0.001214 
3930.528399 -0.001345 
3929.061207 -0.001596 
3927.594016 -0.001275 
3926.126824 -0.001554 
3924.659633 -0.001512 
3923.192441 -0.001468 
3921.725250 -0.001522 
3920.258058 -0.001223 
3918.790867 -0.001513 
3917.323675 -0.001150 
3915.856484 -0.001497 
3914.389292 -0.001661 
3912.922101 -0.001385 
3911.454909 -0.001459 
3909.987718 -0.001597 
3908.520526 -0.001625 
3907.053335 -0.001310 
3905.586143 -0.001427 
3904.118952 -0.000648 
3902.651760 -0.001436 
3901.184569 -0.001333 
3899.717377 -0.001302 
3898.250186 -0.001232 
3896.782994 -0.001597 
3895.315803 -0.001509 
3893.848611 -0.001523 
3892.381420 -0.001466 
3890.914228 -0.000939 
3889.447037 -0.001503 
3887.979845 -0.001533 
3886.512654 -0.001016 
3885.045462 -0.001087 
3883.578271 -0.001575 
3882.111079 -0.001363 
3880.643888 -0.001012 
3879.176696 -0.001501 
3877.709505 -0.001135 
3876.242313 -0.001219 
3874.775122 -0.000954 
3873.307930 -0.001044 
3871.840739 -0.001043 
3870.373547 -0.000397 
3868.906356 -0.000947 
3867.439164 -0.001270 
3865.971973 -0.001081 
3864.504781 -0.000602 
3863.037590 -0.001081 
3861.570398 -0.000938 
3860.103207 -0.001115 
3858.636015 -0.001278 
3857.168824 -0.000930 
3855.701632 -0.000712 
3854.234441 0.001017 
3852.767249 -0.000063 
3851.300058 -0.000662 
3849.832866 -0.000774 
3848.365675 -0.000632 
3846.898483 -0.000782 
3845.431292 -0.000659 
3843.964100 -0.000560 
3842.496909 -0.000797 
3841.029717 -0.000532 
3839.562526 -0.000639 
3838.095334 0.000027 
3836.628143 -0.000862 
3835.160951 -0.000652 
3833.693760 -0.000790 
3832.226568 -0.000860 
3830.759377 -0.000742 
3829.292185 -0.000512 
3827.824994 -0.000362 
3826.357802 -0.000557 
3824.890611 -0.000583 
3823.423419 -0.000333 
3821.956228 0.000045 
3820.489036 -0.000046 
3819.021845 -0.000471 
3817.554653 -0.000231 
3816.087462 0.000747 
3814.620270 -0.000644 
3813.153079 -0.000098 
3811.685887 0.000023 
3810.218696 -0.000262 
3808.751504 -0.000240 
3807.284313 0.000456 
3805.817121 -0.000063 
3804.349930 0.000091 
3802.882738 0.000401 
3801.415547 0.001091 
3799.948355 0.000128 
3798.481164 0.000360 
3797.013972 0.000295 
3795.546781 -0.000023 
3794.079589 0.000057 
3792.612398 0.000019 
3791.145206 0.000194 
3789.678015 0.000052 
3788.210823 0.000368 
3786.743632 0.000317 
3785.276440 0.000494 
3783.809249 0.000279 
3782.342057 0.000247 
3780.874866 0.000226 
3779.407674 0.000590 
3777.940483 0.000391 
3776.473291 0.000346 
3775.006100 0.000383 
3773.538908 0.000516 
3772.071717 0.000767 
3770.604525 0.000767 
3769.137334 0.000769 
3767.670142 0.000566 
3766.202951 0.000846 
3764.735759 0.000773 
3763.268568 0.000516 
3761.801376 0.000625 
3760.334185 0.000953 
3758.866993 0.000742 
3757.399802 0.000713 
3755.932610 0.000934 
3754.465419 0.000774 
3752.998227 0.001252 
3751.531036 0.001453 
3750.063844 0.001321 
3748.596653 0.000948 
3747.129461 0.000824 
3745.662270 0.001588 
3744.195078 0.002530 
3742.727887 0.000578 
3741.260695 0.001086 
3739.793504 0.000930 
3738.326312 0.001172 
3736.859121 0.001791 
3735.391929 0.001513 
3733.924738 0.001269 
3732.457546 0.001661 
3730.990355 0.001260 
3729.523163 0.001405 
3728.055972 0.001531 
3726.588780 0.001957 
3725.121589 0.001616 
3723.654397 0.001722 
3722.187206 0.002265 
3720.720014 0.002040 
3719.252823 0.002268 
3717.785631 0.002410 
3716.318440 0.002495 
3714.851248 0.002374 
3713.384057 0.002821 
3711.916865 0.003355 
3710.449674 0.002903 
3708.982482 0.003097 
3707.515291 0.003211 
3706.048099 0.003572 
3704.580908 0.003917 
3703.113717 0.004635 
3701.646525 0.005498 
3700.179334 0.005847 
3698.712142 0.006386 
3697.244951 0.006778 
3695.777759 0.006668 
3694.310568 0.006474 
3692.843376 0.006130 
3691.376185 0.006463 
3689.908993 0.005817 
3688.441802 0.006709 
3686.974610 0.006035 
3685.507419 0.006073 
3684.040227 0.006321 
3682.573036 0.006540 
3681.105844 0.006762 
3679.638653 0.007248 
3678.171461 0.007836 
3676.704270 0.008742 
3675.237078 0.009121 
3673.769887 0.008789 
3672.302695 0.009102 
3670.835504 0.010602 
3669.368312 0.010266 
3667.901121 0.010664 
3666.433929 0.011195 
3664.966738 0.011577 
3663.499546 0.012174 
3662.032355 0.012810 
3660.565163 0.013466 
3659.097972 0.013596 
3657.630780 0.014599 
3656.163589 0.015505 
3654.696397 0.015464 
3653.229206 0.015778 
3651.762014 0.016639 
3650.294823 0.017248 
3648.827631 0.018104 
3647.360440 0.018526 
3645.893248 0.018526 
3644.426057 0.018833 
3642.958865 0.019800 
3641.491674 0.020139 
3640.024482 0.021012 
3638.557291 0.021219 
3637.090099 0.022108 
3635.622908 0.022995 
3634.155716 0.024024 
3632.688525 0.024704 
3631.221333 0.025553 
3629.754142 0.026920 
3628.286950 0.027390 
3626.819759 0.027893 
3625.352567 0.028823 
3623.885376 0.029747 
3622.418184 0.030474 
3620.950993 0.031383 
3619.483801 0.032842 
3618.016610 0.033749 
3616.549418 0.034933 
3615.082227 0.035568 
3613.615035 0.036866 
3612.147844 0.038036 
3610.680652 0.038943 
3609.213461 0.040877 
3607.746269 0.041393 
3606.279078 0.042672 
3604.811886 0.043576 
3603.344695 0.045142 
3601.877503 0.046438 
3600.410312 0.047986 
3598.943120 0.049329 
3597.475929 0.051030 
3596.008737 0.052564 
3594.541546 0.053757 
3593.074354 0.055724 
3591.607163 0.057467 
3590.139971 0.059250 
3588.672780 0.060874 
3587.205588 0.062355 
3585.738397 0.063837 
3584.271205 0.065387 
3582.804014 0.067098 
3581.336822 0.068374 
3579.869631 0.070867 
3578.402439 0.072536 
3576.935248 0.074409 
3575.468056 0.076269 
3574.000865 0.078008 
3572.533673 0.080192 
3571.066482 0.082574 
3569.599290 0.084463 
3568.132099 0.087448 
3566.664907 0.089363 
3565.197716 0.091784 
3563.730524 0.093986 
3562.263333 0.096365 
3560.796141 0.098779 
3559.328950 0.101259 
3557.861758 0.103849 
3556.394567 0.106585 
3554.927375 0.109465 
3553.460184 0.112351 
3551.992992 0.115359 
3550.525801 0.117970 
3549.058609 0.121102 
3547.591418 0.124416 
3546.124226 0.127783 
3544.657035 0.130434 
3543.189843 0.134001 
3541.722652 0.137243 
3540.255460 0.140723 
3538.788269 0.144284 
3537.321077 0.147953 
3535.853886 0.151121 
3534.386694 0.155030 
3532.919503 0.159033 
3531.452311 0.162706 
3529.985120 0.166807 
3528.517928 0.170706 
3527.050737 0.174760 
3525.583545 0.178802 
3524.116354 0.183346 
3522.649162 0.187525 
3521.181971 0.191839 
3519.714779 0.196055 
3518.247588 0.200556 
3516.780396 0.204877 
3515.313205 0.209772 
3513.846013 0.214122 
3512.378822 0.218766 
3510.911630 0.223943 
3509.444439 0.228501 
3507.977247 0.233560 
3506.510056 0.238260 
3505.042864 0.243333 
3503.575673 0.248425 
3502.108481 0.253565 
3500.641290 0.258742 
3499.174098 0.264226 
3497.706907 0.269356 
3496.239715 0.274781 
3494.772524 0.280082 
3493.305332 0.285765 
3491.838141 0.291317 
3490.370949 0.296899 
3488.903758 0.302558 
3487.436566 0.308502 
3485.969375 0.314540 
3484.502183 0.320676 
3483.034992 0.326769 
3481.567800 0.332815 
3480.100609 0.338630 
3478.633417 0.344980 
3477.166226 0.351428 
3475.699034 0.357968 
3474.231843 0.364470 
3472.764651 0.370937 
3471.297460 0.377893 
3469.830268 0.384729 
3468.363077 0.390581 
3466.895885 0.397518 
3465.428694 0.404170 
3463.961502 0.411176 
3462.494311 0.418283 
3461.027119 0.425532 
3459.559928 0.432094 
3458.092736 0.439396 
3456.625545 0.446992 
3455.158353 0.454043 
3453.691162 0.460652 
3452.223970 0.468041 
3450.756779 0.474665 
3449.289587 0.482032 
3447.822396 0.489272 
3446.355205 0.496684 
3444.888013 0.503241 
3443.420822 0.510456 
3441.953630 0.517937 
3440.486439 0.525700 
3439.019247 0.531954 
3437.552056 0.538844 
3436.084864 0.546203 
3434.617673 0.551741 
3433.150481 0.559349 
3431.683290 0.566296 
3430.216098 0.573115 
3428.748907 0.579985 
3427.281715 0.586523 
3425.814524 0.593764 
3424.347332 0.600159 
3422.880141 0.607465 
3421.412949 0.613917 
3419.945758 0.620094 
3418.478566 0.626612 
3417.011375 0.633121 
3415.544183 0.639219 
3414.076992 0.644960 
3412.609800 0.650652 
3411.142609 0.657399 
3409.675417 0.663101 
3408.208226 0.668670 
3406.741034 0.674790 
3405.273843 0.680582 
3403.806651 0.686307 
3402.339460 0.692023 
3400.872268 0.696237 
3399.405077 0.701026 
3397.937885 0.707255 
3396.470694 0.712837 
3395.003502 0.718441 
3393.536311 0.724211 
3392.069119 0.727312 
3390.601928 0.731110 
3389.134736 0.737818 
3387.667545 0.742773 
3386.200353 0.747465 
3384.733162 0.752416 
3383.265970 0.756789 
3381.798779 0.760492 
3380.331587 0.765136 
3378.864396 0.769519 
3377.397204 0.774020 
3375.930013 0.777940 
3374.462821 0.781753 
3372.995630 0.785852 
3371.528438 0.790436 
3370.061247 0.793715 
3368.594055 0.795668 
3367.126864 0.799869 
3365.659672 0.804529 
3364.192481 0.808842 
3362.725289 0.812443 
3361.258098 0.815934 
3359.790906 0.819675 
3358.323715 0.822806 
3356.856523 0.827199 
3355.389332 0.831311 
3353.922140 0.834595 
3352.454949 0.838670 
3350.987757 0.839889 
3349.520566 0.843004 
3348.053374 0.847595 
3346.586183 0.852281 
3345.118991 0.855468 
3343.651800 0.858256 
3342.184608 0.861569 
3340.717417 0.865480 
3339.250225 0.868696 
3337.783034 0.871651 
3336.315842 0.875101 
3334.848651 0.878484 
3333.381459 0.882290 
3331.914268 0.886578 
3330.447076 0.890179 
3328.979885 0.894578 
3327.512693 0.897025 
3326.045502 0.900244 
3324.578310 0.903287 
3323.111119 0.907936 
3321.643927 0.911542 
3320.176736 0.914855 
3318.709544 0.918768 
3317.242353 0.922981 
3315.775161 0.926455 
3314.307970 0.929500 
3312.840778 0.933190 
3311.373587 0.937287 
3309.906395 0.941120 
3308.439204 0.943791 
3306.972012 0.945711 
3305.504821 0.946470 
3304.037629 0.948783 
3302.570438 0.957489 
3301.103246 0.960564 
3299.636055 0.963246 
3298.168863 0.966282 
3296.701672 0.969389 
3295.234480 0.972425 
3293.767289 0.975237 
3292.300097 0.976736 
3290.832906 0.978206 
3289.365714 0.982109 
3287.898523 0.985818 
3286.431331 0.986980 
3284.964140 0.988824 
3283.496948 0.990827 
3282.029757 0.992844 
3280.562565 0.994222 
3279.095374 0.995615 
3277.628182 0.997631 
3276.160991 0.998075 
3274.693799 0.998013 
3273.226608 1.000000 
3271.759416 0.998942 
3270.292225 0.996746 
3268.825033 0.998351 
3267.357842 0.999546 
3265.890650 0.998924 
3264.423459 0.999682 
3262.956267 0.999498 
3261.489076 0.998959 
3260.021884 0.997358 
3258.554693 0.996983 
3257.087501 0.995727 
3255.620310 0.992994 
3254.153118 0.993322 
3252.685927 0.992228 
3251.218735 0.989533 
3249.751544 0.988681 
3248.284352 0.987076 
3246.817161 0.983053 
3245.349969 0.981618 
3243.882778 0.978778 
3242.415586 0.976654 
3240.948395 0.973571 
3239.481203 0.969339 
3238.014012 0.966615 
3236.546820 0.962877 
3235.079629 0.958602 
3233.612437 0.951528 
3232.145246 0.947652 
3230.678054 0.944836 
3229.210863 0.940165 
3227.743671 0.935728 
3226.276480 0.930344 
3224.809288 0.925598 
3223.342097 0.920969 
3221.874905 0.916014 
3220.407714 0.910785 
3218.940522 0.904787 
3217.473331 0.899047 
3216.006139 0.893864 
3214.538948 0.889448 
3213.071756 0.883332 
3211.604565 0.877770 
3210.137373 0.871692 
3208.670182 0.865747 
3207.202990 0.859970 
3205.735799 0.853877 
3204.268607 0.847780 
3202.801416 0.842181 
3201.334224 0.836074 
3199.867033 0.829743 
3198.399841 0.823624 
3196.932650 0.816871 
3195.465458 0.810295 
3193.998267 0.804061 
3192.531075 0.797944 
3191.063884 0.791263 
3189.596692 0.784276 
3188.129501 0.778267 
3186.662310 0.770969 
3185.195118 0.764252 
3183.727927 0.757378 
3182.260735 0.750603 
3180.793544 0.743496 
3179.326352 0.735978 
3177.859161 0.729136 
3176.391969 0.722124 
3174.924778 0.714732 
3173.457586 0.707803 
3171.990395 0.701017 
3170.523203 0.693886 
3169.056012 0.686593 
3167.588820 0.679011 
3166.121629 0.672025 
3164.654437 0.664397 
3163.187246 0.656980 
3161.720054 0.649490 
3160.252863 0.642340 
3158.785671 0.634675 
3157.318480 0.627744 
3155.851288 0.620542 
3154.384097 0.612946 
3152.916905 0.604875 
3151.449714 0.596189 
3149.982522 0.589790 
3148.515331 0.582606 
3147.048139 0.575693 
3145.580948 0.567949 
3144.113756 0.560484 
3142.646565 0.552760 
3141.179373 0.545586 
3139.712182 0.537162 
3138.244990 0.530058 
3136.777799 0.522200 
3135.310607 0.514915 
3133.843416 0.507392 
3132.376224 0.500022 
3130.909033 0.492182 
3129.441841 0.484529 
3127.974650 0.476790 
3126.507458 0.469266 
3125.040267 0.461798 
3123.573075 0.454266 
3122.105884 0.446816 
3120.638692 0.439022 
3119.171501 0.431042 
3117.704309 0.424020 
3116.237118 0.415876 
3114.769926 0.408666 
3113.302735 0.401948 
3111.835543 0.394716 
3110.368352 0.387477 
3108.901160 0.379748 
3107.433969 0.372637 
3105.966777 0.365727 
3104.499586 0.358210 
3103.032394 0.351375 
3101.565203 0.343991 
3100.098011 0.337143 
3098.630820 0.330353 
3097.163628 0.323602 
3095.696437 0.316953 
3094.229245 0.310360 
3092.762054 0.303404 
3091.294862 0.296466 
3089.827671 0.289141 
3088.360479 0.282265 
3086.893288 0.275430 
3085.426096 0.268782 
3083.958905 0.261542 
3082.491713 0.255664 
3081.024522 0.249319 
3079.557330 0.242836 
3078.090139 0.236505 
3076.622947 0.230395 
3075.155756 0.224487 
3073.688564 0.218544 
3072.221373 0.212794 
3070.754181 0.206995 
3069.286990 0.201516 
3067.819798 0.195999 
3066.352607 0.190659 
3064.885415 0.185486 
3063.418224 0.180283 
3061.951032 0.175358 
3060.483841 0.170126 
3059.016649 0.165390 
3057.549458 0.160602 
3056.082266 0.156314 
3054.615075 0.152097 
3053.147883 0.148088 
3051.680692 0.143759 
3050.213500 0.139933 
3048.746309 0.136162 
3047.279117 0.132408 
3045.811926 0.129047 
3044.344734 0.125662 
3042.877543 0.122174 
3041.410351 0.118912 
3039.943160 0.115950 
3038.475968 0.112669 
3037.008777 0.109849 
3035.541585 0.106995 
3034.074394 0.104615 
3032.607202 0.101929 
3031.140011 0.099326 
3029.672819 0.096982 
3028.205628 0.094839 
3026.738436 0.092822 
3025.271245 0.091127 
3023.804053 0.089643 
3022.336862 0.089245 
3020.869670 0.089951 
3019.402479 0.093422 
3017.935287 0.100688 
3016.468096 0.113877 
3015.000904 0.132728 
3013.533713 0.156012 
3012.066521 0.180399 
3010.599330 0.197316 
3009.132138 0.200234 
3007.664947 0.183407 
3006.197755 0.154153 
3004.730564 0.122708 
3003.263372 0.098526 
3001.796181 0.082927 
3000.328989 0.073434 
2998.861798 0.067665 
2997.394606 0.063501 
2995.927415 0.060823 
2994.460223 0.058728 
2992.993032 0.057091 
2991.525840 0.056191 
2990.058649 0.055283 
2988.591457 0.054762 
2987.124266 0.054430 
2985.657074 0.054174 
2984.189883 0.055109 
2982.722691 0.056669 
2981.255500 0.060087 
2979.788308 0.065466 
2978.321117 0.072577 
2976.853925 0.078711 
2975.386734 0.082152 
2973.919542 0.081491 
2972.452351 0.075262 
2970.985159 0.066588 
2969.517968 0.059337 
2968.050776 0.055044 
2966.583585 0.053130 
2965.116393 0.052397 
2963.649202 0.052619 
2962.182010 0.052748 
2960.714819 0.052751 
2959.247627 0.051960 
2957.780436 0.049955 
2956.313244 0.046995 
2954.846053 0.044221 
2953.378861 0.041963 
2951.911670 0.040026 
2950.444478 0.038998 
2948.977287 0.038453 
2947.510095 0.038331 
2946.042904 0.039330 
2944.575712 0.040885 
2943.108521 0.042544 
2941.641329 0.043140 
2940.174138 0.042378 
2938.706946 0.041181 
2937.239755 0.040050 
2935.772563 0.038993 
2934.305372 0.038001 
2932.838180 0.036667 
2931.370989 0.035636 
2929.903797 0.034771 
2928.436606 0.033987 
2926.969415 0.033552 
2925.502223 0.033074 
2924.035032 0.032671 
2922.567840 0.032389 
2921.100649 0.032074 
2919.633457 0.032236 
2918.166266 0.032401 
2916.699074 0.032328 
2915.231883 0.031821 
2913.764691 0.031604 
2912.297500 0.031187 
2910.830308 0.030560 
2909.363117 0.030160 
2907.895925 0.030150 
2906.428734 0.029984 
2904.961542 0.029696 
2903.494351 0.029389 
2902.027159 0.029221 
2900.559968 0.028848 
2899.092776 0.028747 
2897.625585 0.028521 
2896.158393 0.028606 
2894.691202 0.028243 
2893.224010 0.028176 
2891.756819 0.028133 
2890.289627 0.028614 
2888.822436 0.029421 
2887.355244 0.031094 
2885.888053 0.033582 
2884.420861 0.036538 
2882.953670 0.038274 
2881.486478 0.037509 
2880.019287 0.035374 
2878.552095 0.033818 
2877.084904 0.032590 
2875.617712 0.032471 
2874.150521 0.032288 
2872.683329 0.031878 
2871.216138 0.031004 
2869.748946 0.029975 
2868.281755 0.029324 
2866.814563 0.028760 
2865.347372 0.028665 
2863.880180 0.028239 
2862.412989 0.028237 
2860.945797 0.028052 
2859.478606 0.027727 
2858.011414 0.027667 
2856.544223 0.027515 
2855.077031 0.027090 
2853.609840 0.026834 
2852.142648 0.026711 
2850.675457 0.026195 
2849.208265 0.025853 
2847.741074 0.025427 
2846.273882 0.024942 
2844.806691 0.024491 
2843.339499 0.024323 
2841.872308 0.024021 
2840.405116 0.023768 
2838.937925 0.023610 
2837.470733 0.023509 
2836.003542 0.023457 
2834.536350 0.023382 
2833.069159 0.023382 
2831.601967 0.023223 
2830.134776 0.022880 
2828.667584 0.022509 
2827.200393 0.022222 
2825.733201 0.021831 
2824.266010 0.021721 
2822.798818 0.021382 
2821.331627 0.021511 
2819.864435 0.021465 
2818.397244 0.022073 
2816.930052 0.022320 
2815.462861 0.022232 
2813.995669 0.021762 
2812.528478 0.020885 
2811.061286 0.019841 
2809.594095 0.018684 
2808.126903 0.018097 
2806.659712 0.017235 
2805.192520 0.016957 
2803.725329 0.016434 
2802.258137 0.016179 
2800.790946 0.015801 
2799.323754 0.015546 
2797.856563 0.015507 
2796.389371 0.015235 
2794.922180 0.014975 
2793.454988 0.014566 
2791.987797 0.014394 
2790.520605 0.014290 
2789.053414 0.014182 
2787.586222 0.014021 
2786.119031 0.013841 
2784.651839 0.013799 
2783.184648 0.013544 
2781.717456 0.013301 
2780.250265 0.012905 
2778.783073 0.013032 
2777.315882 0.012681 
2775.848690 0.012521 
2774.381499 0.012498 
2772.914307 0.012437 
2771.447116 0.012266 
2769.979924 0.012258 
2768.512733 0.012018 
2767.045541 0.011954 
2765.578350 0.011690 
2764.111158 0.011798 
2762.643967 0.011794 
2761.176775 0.011628 
2759.709584 0.011530 
2758.242392 0.011253 
2756.775201 0.011265 
2755.308009 0.011191 
2753.840818 0.010987 
2752.373626 0.010946 
2750.906435 0.010988 
2749.439243 0.010734 
2747.972052 0.010795 
2746.504860 0.010510 
2745.037669 0.010696 
2743.570477 0.010819 
2742.103286 0.010776 
2740.636094 0.010610 
2739.168903 0.010560 
2737.701711 0.010434 
2736.234520 0.010094 
2734.767328 0.010049 
2733.300137 0.009923 
2731.832945 0.009902 
2730.365754 0.009624 
2728.898562 0.009583 
2727.431371 0.009487 
2725.964179 0.009199 
2724.496988 0.009225 
2723.029796 0.009070 
2721.562605 0.008903 
2720.095413 0.008733 
2718.628222 0.008813 
2717.161030 0.008561 
2715.693839 0.008472 
2714.226647 0.008176 
2712.759456 0.008066 
2711.292264 0.007877 
2709.825073 0.007890 
2708.357881 0.007794 
2706.890690 0.007706 
2705.423498 0.007535 
2703.956307 0.007283 
2702.489115 0.007255 
2701.021924 0.007153 
2699.554732 0.006940 
2698.087541 0.006943 
2696.620349 0.006772 
2695.153158 0.006611 
2693.685966 0.006471 
2692.218775 0.006233 
2690.751583 0.006326 
2689.284392 0.006254 
2687.817200 0.006257 
2686.350009 0.006017 
2684.882817 0.006088 
2683.415626 0.005785 
2681.948434 0.005659 
2680.481243 0.005667 
2679.014051 0.005494 
2677.546860 0.005406 
2676.079668 0.005359 
2674.612477 0.005107 
2673.145285 0.004961 
2671.678094 0.004983 
2670.210903 0.005097 
2668.743711 0.004624 
2667.276520 0.004647 
2665.809328 0.004727 
2664.342137 0.004639 
2662.874945 0.004600 
2661.407754 0.004597 
2659.940562 0.004472 
2658.473371 0.004299 
2657.006179 0.004473 
2655.538988 0.004492 
2654.071796 0.004430 
2652.604605 0.004467 
2651.137413 0.004305 
2649.670222 0.004344 
2648.203030 0.004293 
2646.735839 0.004000 
2645.268647 0.004032 
2643.801456 0.003961 
2642.334264 0.004057 
2640.867073 0.003914 
2639.399881 0.003838 
2637.932690 0.004069 
2636.465498 0.003998 
2634.998307 0.003833 
2633.531115 0.003921 
2632.063924 0.004007 
2630.596732 0.003961 
2629.129541 0.003933 
2627.662349 0.004170 
2626.195158 0.004089 
2624.727966 0.004006 
2623.260775 0.004053 
2621.793583 0.003962 
2620.326392 0.004053 
2618.859200 0.004007 
2617.392009 0.004092 
2615.924817 0.004128 
2614.457626 0.003942 
2612.990434 0.003705 
2611.523243 0.003616 
2610.056051 0.003584 
2608.588860 0.003317 
2607.121668 0.003004 
2605.654477 0.003005 
2604.187285 0.002811 
2602.720094 0.002900 
2601.252902 0.002857 
2599.785711 0.002946 
2598.318519 0.003188 
2596.851328 0.003194 
2595.384136 0.003457 
2593.916945 0.003728 
2592.449753 0.003783 
2590.982562 0.004085 
2589.515370 0.004140 
2588.048179 0.004075 
2586.580987 0.004089 
2585.113796 0.004343 
2583.646604 0.004506 
2582.179413 0.004472 
2580.712221 0.004694 
2579.245030 0.004693 
2577.777838 0.004727 
2576.310647 0.004821 
2574.843455 0.004936 
2573.376264 0.004980 
2571.909072 0.005048 
2570.441881 0.005063 
2568.974689 0.005108 
2567.507498 0.005111 
2566.040306 0.005078 
2564.573115 0.005116 
2563.105923 0.005281 
2561.638732 0.005231 
2560.171540 0.005426 
2558.704349 0.005277 
2557.237157 0.005366 
2555.769966 0.005366 
2554.302774 0.005452 
2552.835583 0.005325 
2551.368391 0.005364 
2549.901200 0.005342 
2548.434008 0.005366 
2546.966817 0.005371 
2545.499625 0.005403 
2544.032434 0.005527 
2542.565242 0.005612 
2541.098051 0.005366 
2539.630859 0.005414 
2538.163668 0.005400 
2536.696476 0.005403 
2535.229285 0.005396 
2533.762093 0.005244 
2532.294902 0.005366 
2530.827710 0.005414 
2529.360519 0.005371 
2527.893327 0.005403 
2526.426136 0.005408 
2524.958944 0.005626 
2523.491753 0.005485 
2522.024561 0.005406 
2520.557370 0.005347 
2519.090178 0.005494 
2517.622987 0.005415 
2516.155795 0.005502 
2514.688604 0.005541 
2513.221412 0.005460 
2511.754221 0.005665 
2510.287029 0.005659 
2508.819838 0.005446 
2507.352646 0.005617 
2505.885455 0.005573 
2504.418263 0.005632 
2502.951072 0.005743 
2501.483880 0.005610 
2500.016689 0.005750 
2498.549497 0.005743 
2497.082306 0.005713 
2495.615114 0.005750 
2494.147923 0.005756 
2492.680731 0.006001 
2491.213540 0.005750 
2489.746348 0.005834 
2488.279157 0.005914 
2486.811965 0.005844 
2485.344774 0.006008 
2483.877582 0.006115 
2482.410391 0.006005 
2480.943199 0.006012 
2479.476008 0.006133 
2478.008816 0.006178 
2476.541625 0.006133 
2475.074433 0.006377 
2473.607242 0.006388 
2472.140050 0.006457 
2470.672859 0.006443 
2469.205667 0.006516 
2467.738476 0.006510 
2466.271284 0.006480 
2464.804093 0.006631 
2463.336901 0.006644 
2461.869710 0.006552 
2460.402518 0.006779 
2458.935327 0.006778 
2457.468135 0.006778 
2456.000944 0.006772 
2454.533752 0.006657 
2453.066561 0.006900 
2451.599369 0.006947 
2450.132178 0.007016 
2448.664986 0.007119 
2447.197795 0.007155 
2445.730603 0.007169 
2444.263412 0.007319 
2442.796220 0.007224 
2441.329029 0.007163 
2439.861837 0.007219 
2438.394646 0.007206 
2436.927454 0.007652 
2435.460263 0.007593 
2433.993071 0.007489 
2432.525880 0.007538 
2431.058688 0.007538 
2429.591497 0.007630 
2428.124305 0.007569 
2426.657114 0.007758 
2425.189922 0.007844 
2423.722731 0.007734 
2422.255539 0.007758 
2420.788348 0.007923 
2419.321156 0.007886 
2417.853965 0.007922 
2416.386773 0.008150 
2414.919582 0.008044 
2413.452390 0.008093 
2411.985199 0.008221 
2410.518008 0.008193 
2409.050816 0.008247 
2407.583625 0.008433 
2406.116433 0.008369 
2404.649242 0.008398 
2403.182050 0.008486 
2401.714859 0.008561 
2400.247667 0.008651 
2398.780476 0.008766 
2397.313284 0.008808 
2395.846093 0.008622 
2394.378901 0.008836 
2392.911710 0.008816 
2391.444518 0.008816 
2389.977327 0.008859 
2388.510135 0.008817 
2387.042944 0.009008 
2385.575752 0.008909 
2384.108561 0.009155 
2382.641369 0.009037 
2381.174178 0.009178 
2379.706986 0.009079 
2378.239795 0.009106 
2376.772603 0.009020 
2375.305412 0.008848 
2373.838220 0.008576 
2372.371029 0.008655 
2370.903837 0.008424 
2369.436646 0.007966 
2367.969454 0.008222 
2366.502263 0.007627 
2365.035071 0.008159 
2363.567880 0.007389 
2362.100688 0.008481 
2360.633497 0.008145 
2359.166305 0.008414 
2357.699114 0.009466 
2356.231922 0.010082 
2354.764731 0.012610 
2353.297539 0.016150 
2351.830348 0.021504 
2350.363156 0.030113 
2348.895965 0.042206 
2347.428773 0.059347 
2345.961582 0.084059 
2344.494390 0.117260 
2343.027199 0.159436 
2341.560007 0.200751 
2340.092816 0.221872 
2338.625624 0.194521 
2337.158433 0.133639 
2335.691241 0.080102 
2334.224050 0.048744 
2332.756858 0.030698 
2331.289667 0.020867 
2329.822475 0.015969 
2328.355284 0.013590 
2326.888092 0.013211 
2325.420901 0.013655 
2323.953709 0.013641 
2322.486518 0.013243 
2321.019326 0.012977 
2319.552135 0.012980 
2318.084943 0.012937 
2316.617752 0.012925 
2315.150560 0.012917 
2313.683369 0.013255 
2312.216177 0.013077 
2310.748986 0.013151 
2309.281794 0.013296 
2307.814603 0.013503 
2306.347411 0.013596 
2304.880220 0.013756 
2303.413028 0.013863 
2301.945837 0.014083 
2300.478645 0.014182 
2299.011454 0.014277 
2297.544262 0.014287 
2296.077071 0.014576 
2294.609879 0.014693 
2293.142688 0.014771 
2291.675496 0.014932 
2290.208305 0.015139 
2288.741113 0.015272 
2287.273922 0.015380 
2285.806730 0.015495 
2284.339539 0.015566 
2282.872347 0.015854 
2281.405156 0.016067 
2279.937964 0.016611 
2278.470773 0.017285 
2277.003581 0.018423 
2275.536390 0.019276 
2274.069198 0.019607 
2272.602007 0.018617 
2271.134815 0.017900 
2269.667624 0.017433 
2268.200432 0.017345 
2266.733241 0.017557 
2265.266049 0.017642 
2263.798858 0.017665 
2262.331666 0.018041 
2260.864475 0.018153 
2259.397283 0.018175 
2257.930092 0.018519 
2256.462900 0.018782 
2254.995709 0.018735 
2253.528517 0.018889 
2252.061326 0.018986 
2250.594134 0.019137 
2249.126943 0.019219 
2247.659751 0.019421 
2246.192560 0.019518 
2244.725368 0.019570 
2243.258177 0.019698 
2241.790985 0.019932 
2240.323794 0.020030 
2238.856602 0.020097 
2237.389411 0.020283 
2235.922219 0.020382 
2234.455028 0.020443 
2232.987836 0.020443 
2231.520645 0.020660 
2230.053453 0.020920 
2228.586262 0.020754 
2227.119070 0.020900 
2225.651879 0.021081 
2224.184687 0.021082 
2222.717496 0.021136 
2221.250304 0.021199 
2219.783113 0.021182 
2218.315921 0.021391 
2216.848730 0.021337 
2215.381538 0.021435 
2213.914347 0.021465 
2212.447155 0.021376 
2210.979964 0.021562 
2209.512772 0.021593 
2208.045581 0.021465 
2206.578389 0.021465 
2205.111198 0.021465 
2203.644006 0.021465 
2202.176815 0.021312 
2200.709623 0.021263 
2199.242432 0.021326 
2197.775240 0.021210 
2196.308049 0.021210 
2194.840857 0.021198 
2193.373666 0.021179 
2191.906474 0.021101 
2190.439283 0.020962 
2188.972091 0.021073 
2187.504900 0.020865 
2186.037708 0.020699 
2184.570517 0.020543 
2183.103325 0.020334 
2181.636134 0.020318 
2180.168942 0.020239 
2178.701751 0.020133 
2177.234559 0.020187 
2175.767368 0.020079 
2174.300176 0.019987 
2172.832985 0.019919 
2171.365793 0.019901 
2169.898602 0.019859 
2168.431410 0.019881 
2166.964219 0.019804 
2165.497027 0.019676 
2164.029836 0.019546 
2162.562644 0.019454 
2161.095453 0.019271 
2159.628261 0.018916 
2158.161070 0.018587 
2156.693878 0.018320 
2155.226687 0.017879 
2153.759495 0.017768 
2152.292304 0.017927 
2150.825113 0.018015 
2149.357921 0.018114 
2147.890730 0.018221 
2146.423538 0.018686 
2144.956347 0.019692 
2143.489155 0.022919 
2142.021964 0.032039 
2140.554772 0.057113 
2139.087581 0.101348 
2137.620389 0.151441 
2136.153198 0.164764 
2134.686006 0.112584 
2133.218815 0.052937 
2131.751623 0.034915 
2130.284432 0.028469 
2128.817240 0.024408 
2127.350049 0.021493 
2125.882857 0.018981 
2124.415666 0.017449 
2122.948474 0.016528 
2121.481283 0.015898 
2120.014091 0.015460 
2118.546900 0.015317 
2117.079708 0.014966 
2115.612517 0.014607 
2114.145325 0.014140 
2112.678134 0.013660 
2111.210942 0.013142 
2109.743751 0.012731 
2108.276559 0.012339 
2106.809368 0.011871 
2105.342176 0.011420 
2103.874985 0.010941 
2102.407793 0.010822 
2100.940602 0.010384 
2099.473410 0.010122 
2098.006219 0.009824 
2096.539027 0.009538 
2095.071836 0.009399 
2093.604644 0.009433 
2092.137453 0.009681 
2090.670261 0.009998 
2089.203070 0.009772 
2087.735878 0.008797 
2086.268687 0.008320 
2084.801495 0.008099 
2083.334304 0.007572 
2081.867112 0.007227 
2080.399921 0.006947 
2078.932729 0.006772 
2077.465538 0.006673 
2075.998346 0.006488 
2074.531155 0.006261 
2073.063963 0.006185 
2071.596772 0.005861 
2070.129580 0.005640 
2068.662389 0.005566 
2067.195197 0.005213 
2065.728006 0.005239 
2064.260814 0.005111 
2062.793623 0.004853 
2061.326431 0.004652 
2059.859240 0.004477 
2058.392048 0.004486 
2056.924857 0.004339 
2055.457665 0.004159 
2053.990474 0.004050 
2052.523282 0.003616 
2051.056091 0.003475 
2049.588899 0.003464 
2048.121708 0.003422 
2046.654516 0.003208 
2045.187325 0.003055 
2043.720133 0.002944 
2042.252942 0.002753 
2040.785750 0.002796 
2039.318559 0.002583 
2037.851367 0.002498 
2036.384176 0.002182 
2034.916984 0.002191 
2033.449793 0.002009 
2031.982601 0.001950 
2030.515410 0.001858 
2029.048218 0.001731 
2027.581027 0.001646 
2026.113835 0.001533 
2024.646644 0.001595 
2023.179452 0.001390 
2021.712261 0.001178 
2020.245069 0.001220 
2018.777878 0.001022 
2017.310686 0.001022 
2015.843495 0.000963 
2014.376303 0.000816 
2012.909112 0.000694 
2011.441920 0.000645 
2009.974729 0.000699 
2008.507537 0.000661 
2007.040346 0.000454 
2005.573154 0.000507 
2004.105963 0.000438 
2002.638771 0.000198 
2001.171580 0.000128 
1999.704388 0.000027 
1998.237197 0.000009 
1996.770005 -0.000074 
1995.302814 -0.000101 
1993.835622 -0.000128 
1992.368431 -0.000128 
1990.901239 -0.000319 
1989.434048 -0.000325 
1987.966856 -0.000367 
1986.499665 -0.000383 
1985.032473 -0.000525 
1983.565282 -0.000483 
1982.098090 -0.000383 
1980.630899 -0.000574 
1979.163707 -0.000583 
1977.696516 -0.000613 
1976.229324 -0.000604 
1974.762133 -0.000528 
1973.294941 -0.000544 
1971.827750 -0.000570 
1970.360558 -0.000857 
1968.893367 -0.000671 
1967.426175 -0.000650 
1965.958984 -0.000643 
1964.491792 -0.000498 
1963.024601 -0.000526 
1961.557409 -0.000367 
1960.090218 -0.000224 
1958.623026 -0.000197 
1957.155835 -0.000128 
1955.688643 -0.000128 
1954.221452 -0.000187 
1952.754260 -0.000264 
1951.287069 -0.000291 
1949.819877 -0.000314 
1948.352686 -0.000413 
1946.885494 -0.000736 
1945.418303 -0.000616 
1943.951111 -0.000814 
1942.483920 -0.000664 
1941.016728 -0.000767 
1939.549537 -0.000894 
1938.082345 -0.000997 
1936.615154 -0.000911 
1935.147962 -0.001039 
1933.680771 -0.001048 
1932.213579 -0.000953 
1930.746388 -0.001060 
1929.279196 -0.001048 
1927.812005 -0.000962 
1926.344813 -0.000894 
1924.877622 -0.000920 
1923.410430 -0.000834 
1921.943239 -0.000922 
1920.476047 -0.001039 
1919.008856 -0.000944 
1917.541664 -0.000673 
1916.074473 -0.000894 
1914.607281 -0.000988 
1913.140090 -0.000911 
1911.672898 -0.000866 
1910.205707 -0.000756 
1908.738515 -0.000827 
1907.271324 -0.000873 
1905.804132 -0.000792 
1904.336941 -0.000749 
1902.869749 -0.000641 
1901.402558 -0.000639 
1899.935366 -0.000512 
1898.468175 -0.000613 
1897.000983 -0.000547 
1895.533792 -0.000493 
1894.066601 -0.000281 
1892.599409 -0.000307 
1891.132218 -0.000381 
1889.665026 -0.000174 
1888.197835 -0.000451 
1886.730643 -0.000383 
1885.263452 -0.000280 
1883.796260 -0.000256 
1882.329069 -0.000244 
1880.861877 -0.000239 
1879.394686 -0.000256 
1877.927494 -0.000109 
1876.460303 0.000003 
1874.993111 -0.000023 
1873.525920 0.000110 
1872.058728 0.000000 
1870.591537 0.000161 
1869.124345 0.000379 
1867.657154 0.000241 
1866.189962 0.000195 
1864.722771 0.000128 
1863.255579 0.000024 
1861.788388 0.000121 
1860.321196 0.000256 
1858.854005 0.000256 
1857.386813 0.000445 
1855.919622 0.000529 
1854.452430 0.000551 
1852.985239 0.000572 
1851.518047 0.000511 
1850.050856 0.000511 
1848.583664 0.000556 
1847.116473 0.000500 
1845.649281 0.000401 
1844.182090 0.000875 
1842.714898 0.000349 
1841.247707 0.000383 
1839.780515 0.000511 
1838.313324 0.000511 
1836.846132 0.000419 
1835.378941 0.000511 
1833.911749 0.000530 
1832.444558 0.000639 
1830.977366 0.000687 
1829.510175 0.000866 
1828.042983 0.000663 
1826.575792 0.000700 
1825.108600 0.001112 
1823.641409 0.000827 
1822.174217 0.000910 
1820.707026 0.000989 
1819.239834 0.000981 
1817.772643 0.001150 
1816.305451 0.001150 
1814.838260 0.001150 
1813.371068 0.001211 
1811.903877 0.001425 
1810.436685 0.001593 
1808.969494 0.001533 
1807.502302 0.001641 
1806.035111 0.001894 
1804.567919 0.001934 
1803.100728 0.002166 
1801.633536 0.002415 
1800.166345 0.002424 
1798.699153 0.002438 
1797.231962 0.002650 
1795.764770 0.002874 
1794.297579 0.002954 
1792.830387 0.003585 
1791.363196 0.003303 
1789.896004 0.003469 
1788.428813 0.003578 
1786.961621 0.003768 
1785.494430 0.004105 
1784.027238 0.004356 
1782.560047 0.004535 
1781.092855 0.004767 
1779.625664 0.004983 
1778.158472 0.005325 
1776.691281 0.005678 
1775.224089 0.006211 
1773.756898 0.006553 
1772.289706 0.007561 
1770.822515 0.007390 
1769.355323 0.007793 
1767.888132 0.008688 
1766.420940 0.008898 
1764.953749 0.009360 
1763.486557 0.010038 
1762.019366 0.011310 
1760.552174 0.011659 
1759.084983 0.012406 
1757.617791 0.013375 
1756.150600 0.014678 
1754.683408 0.015426 
1753.216217 0.016555 
1751.749025 0.018249 
1750.281834 0.018878 
1748.814642 0.020049 
1747.347451 0.021245 
1745.880259 0.022483 
1744.413068 0.023823 
1742.945876 0.025384 
1741.478685 0.026783 
1740.011493 0.028656 
1738.544302 0.029701 
1737.077110 0.031652 
1735.609919 0.033663 
1734.142727 0.036552 
1732.675536 0.037960 
1731.208344 0.039806 
1729.741153 0.042037 
1728.273961 0.044306 
1726.806770 0.046744 
1725.339578 0.049263 
1723.872387 0.051815 
1722.405195 0.054042 
1720.938004 0.056291 
1719.470812 0.058397 
1718.003621 0.061044 
1716.536429 0.062093 
1715.069238 0.063596 
1713.602046 0.064284 
1712.134855 0.065039 
1710.667663 0.065646 
1709.200472 0.066318 
1707.733280 0.066822 
1706.266089 0.067549 
1704.798897 0.067930 
1703.331706 0.067965 
1701.864514 0.068499 
1700.397323 0.070293 
1698.930131 0.069349 
1697.462940 0.069566 
1695.995748 0.071593 
1694.528557 0.070369 
1693.061365 0.070458 
1691.594174 0.070884 
1690.126982 0.071190 
1688.659791 0.071370 
1687.192599 0.071658 
1685.725408 0.072164 
1684.258216 0.072699 
1682.791025 0.071995 
1681.323833 0.071870 
1679.856642 0.071764 
1678.389450 0.071326 
1676.922259 0.071013 
1675.455067 0.071460 
1673.987876 0.070379 
1672.520684 0.069930 
1671.053493 0.069477 
1669.586301 0.069444 
1668.119110 0.068276 
1666.651918 0.067557 
1665.184727 0.066672 
1663.717535 0.066161 
1662.250344 0.065429 
1660.783152 0.064089 
1659.315961 0.063175 
1657.848769 0.062220 
1656.381578 0.061186 
1654.914386 0.060883 
1653.447195 0.061269 
1651.980003 0.059552 
1650.512812 0.058197 
1649.045620 0.057815 
1647.578429 0.057565 
1646.111237 0.057556 
1644.644046 0.056720 
1643.176854 0.056582 
1641.709663 0.056188 
1640.242471 0.055886 
1638.775280 0.055583 
1637.308088 0.055712 
1635.840897 0.056211 
1634.373706 0.055186 
1632.906514 0.054723 
1631.439323 0.054513 
1629.972131 0.054092 
1628.504940 0.053533 
1627.037748 0.052872 
1625.570557 0.052305 
1624.103365 0.051753 
1622.636174 0.050838 
1621.168982 0.050079 
1619.701791 0.049514 
1618.234599 0.048850 
1616.767408 0.049362 
1615.300216 0.047499 
1613.833025 0.046988 
1612.365833 0.046347 
1610.898642 0.045993 
1609.431450 0.045680 
1607.964259 0.045225 
1606.497067 0.044742 
1605.029876 0.044208 
1603.562684 0.043758 
1602.095493 0.043430 
1600.628301 0.043045 
1599.161110 0.042484 
1597.693918 0.041941 
1596.226727 0.041397 
1594.759535 0.040720 
1593.292344 0.040243 
1591.825152 0.039912 
1590.357961 0.039353 
1588.890769 0.038843 
1587.423578 0.038308 
1585.956386 0.038039 
1584.489195 0.037691 
1583.022003 0.037133 
1581.554812 0.036951 
1580.087620 0.036599 
1578.620429 0.036390 
1577.153237 0.036399 
1575.686046 0.036578 
1574.218854 0.035483 
1572.751663 0.035193 
1571.284471 0.035202 
1569.817280 0.035426 
1568.350088 0.034684 
1566.882897 0.034441 
1565.415705 0.034140 
1563.948514 0.033570 
1562.481322 0.033447 
1561.014131 0.033643 
1559.546939 0.033387 
1558.079748 0.033777 
1556.612556 0.032365 
1555.145365 0.031873 
1553.678173 0.031760 
1552.210982 0.031151 
1550.743790 0.030829 
1549.276599 0.030569 
1547.809407 0.029944 
1546.342216 0.029567 
1544.875024 0.029651 
1543.407833 0.029280 
1541.940641 0.029570 
1540.473450 0.028942 
1539.006258 0.029349 
1537.539067 0.027780 
1536.071875 0.027446 
1534.604684 0.027390 
1533.137492 0.027741 
1531.670301 0.027027 
1530.203109 0.026783 
1528.735918 0.026889 
1527.268726 0.026559 
1525.801535 0.026416 
1524.334343 0.025989 
1522.867152 0.026016 
1521.399960 0.026351 
1519.932769 0.025403 
1518.465577 0.025020 
1516.998386 0.025320 
1515.531194 0.024713 
1514.064003 0.024574 
1512.596811 0.024604 
1511.129620 0.024321 
1509.662428 0.024374 
1508.195237 0.024650 
1506.728045 0.025135 
1505.260854 0.024722 
1503.793662 0.024276 
1502.326471 0.024497 
1500.859279 0.024727 
1499.392088 0.025008 
1497.924896 0.025333 
1496.457705 0.025673 
1494.990513 0.024967 
1493.523322 0.024659 
1492.056130 0.024464 
1490.588939 0.024787 
1489.121747 0.024455 
1487.654556 0.024481 
1486.187364 0.024148 
1484.720173 0.024304 
1483.252981 0.024532 
1481.785790 0.024685 
1480.318598 0.024787 
1478.851407 0.025110 
1477.384215 0.025491 
1475.917024 0.026023 
1474.449832 0.026709 
1472.982641 0.028024 
1471.515449 0.028714 
1470.048258 0.028917 
1468.581066 0.030464 
1467.113875 0.032916 
1465.646683 0.035665 
1464.179492 0.036815 
1462.712300 0.035242 
1461.245109 0.033398 
1459.777917 0.032166 
1458.310726 0.031494 
1456.843534 0.031296 
1455.376343 0.030145 
1453.909151 0.029797 
1452.441960 0.029624 
1450.974768 0.029131 
1449.507577 0.028909 
1448.040385 0.028951 
1446.573194 0.028494 
1445.106002 0.028605 
1443.638811 0.028586 
1442.171619 0.028809 
1440.704428 0.029343 
1439.237236 0.030358 
1437.770045 0.031389 
1436.302853 0.031763 
1434.835662 0.030237 
1433.368470 0.029439 
1431.901279 0.028799 
1430.434087 0.028634 
1428.966896 0.028266 
1427.499704 0.027998 
1426.032513 0.028109 
1424.565321 0.027999 
1423.098130 0.027657 
1421.630938 0.027598 
1420.163747 0.027939 
1418.696555 0.027681 
1417.229364 0.027106 
1415.762172 0.027012 
1414.294981 0.026719 
1412.827789 0.026448 
1411.360598 0.026139 
1409.893406 0.025738 
1408.426215 0.025379 
1406.959023 0.024979 
1405.491832 0.024557 
1404.024640 0.024150 
1402.557449 0.023414 
1401.090257 0.022859 
1399.623066 0.022643 
1398.155874 0.021873 
1396.688683 0.021258 
1395.221491 0.021337 
1393.754300 0.021032 
1392.287108 0.020829 
1390.819917 0.020777 
1389.352725 0.020851 
1387.885534 0.021178 
1386.418342 0.021391 
1384.951151 0.021848 
1383.483959 0.021848 
1382.016768 0.021848 
1380.549576 0.022029 
1379.082385 0.022343 
1377.615193 0.022293 
1376.148002 0.022360 
1374.680811 0.022679 
1373.213619 0.023212 
1371.746428 0.022926 
1370.279236 0.021912 
1368.812045 0.020590 
1367.344853 0.019744 
1365.877662 0.019058 
1364.410470 0.018397 
1362.943279 0.017849 
1361.476087 0.017198 
1360.008896 0.016256 
1358.541704 0.015611 
1357.074513 0.015365 
1355.607321 0.014637 
1354.140130 0.014161 
1352.672938 0.013595 
1351.205747 0.013400 
1349.738555 0.012921 
1348.271364 0.012215 
1346.804172 0.011438 
1345.336981 0.010620 
1343.869789 0.009882 
1342.402598 0.009558 
1340.935406 0.009397 
1339.468215 0.009227 
1338.001023 0.009199 
1336.533832 0.009086 
1335.066640 0.009192 
1333.599449 0.009013 
1332.132257 0.009043 
1330.665066 0.008830 
1329.197874 0.008688 
1327.730683 0.008688 
1326.263491 0.008688 
1324.796300 0.008489 
1323.329108 0.008397 
1321.861917 0.008187 
1320.394725 0.008003 
1318.927534 0.008021 
1317.460342 0.007922 
1315.993151 0.007922 
1314.525959 0.007951 
1313.058768 0.008212 
1311.591576 0.008830 
1310.124385 0.010574 
1308.657193 0.016607 
1307.190002 0.035851 
1305.722810 0.064899 
1304.255619 0.094575 
1302.788427 0.116952 
1301.321236 0.126712 
1299.854044 0.123853 
1298.386853 0.109392 
1296.919661 0.082974 
1295.452470 0.046397 
1293.985278 0.020347 
1292.518087 0.011821 
1291.050895 0.008960 
1289.583704 0.007195 
1288.116512 0.006107 
1286.649321 0.005762 
1285.182129 0.005167 
1283.714938 0.005065 
1282.247746 0.004747 
1280.780555 0.004569 
1279.313363 0.004426 
1277.846172 0.004344 
1276.378980 0.004160 
1274.911789 0.003862 
1273.444597 0.003846 
1271.977406 0.003762 
1270.510214 0.003804 
1269.043023 0.003819 
1267.575831 0.003813 
1266.108640 0.003595 
1264.641448 0.003671 
1263.174257 0.003578 
1261.707065 0.003390 
1260.239874 0.003367 
1258.772682 0.003441 
1257.305491 0.003374 
1255.838299 0.003119 
1254.371108 0.003480 
1252.903916 0.003213 
1251.436725 0.003204 
1249.969533 0.003345 
1248.502342 0.003390 
1247.035150 0.003279 
1245.567959 0.003253 
1244.100767 0.003502 
1242.633576 0.003231 
1241.166384 0.003176 
1239.699193 0.003463 
1238.232001 0.003204 
1236.764810 0.003097 
1235.297618 0.002794 
1233.830427 0.002097 
1232.363235 0.001844 
1230.896044 0.002124 
1229.428852 0.002458 
1227.961661 0.002628 
1226.494469 0.002994 
1225.027278 0.003183 
1223.560086 0.003257 
1222.092895 0.003322 
1220.625703 0.003300 
1219.158512 0.003450 
1217.691320 0.003388 
1216.224129 0.003425 
1214.756937 0.003408 
1213.289746 0.003291 
1211.822554 0.002926 
1210.355363 0.002664 
1208.888171 0.002720 
1207.420980 0.002429 
1205.953788 0.002044 
1204.486597 0.001917 
1203.019405 0.001703 
1201.552214 0.001331 
1200.085022 0.001342 
1198.617831 0.000924 
1197.150639 0.000682 
1195.683448 0.000815 
1194.216256 0.000745 
1192.749065 0.000592 
1191.281873 0.000512 
1189.814682 0.000395 
1188.347490 0.000289 
1186.880299 0.000273 
1185.413107 0.000479 
1183.945916 0.000041 
1182.478724 -0.000096 
1181.011533 0.000014 
1179.544341 0.000000 
1178.077150 -0.000040 
1176.609958 0.000102 
1175.142767 -0.000054 
1173.675575 -0.000289 
1172.208384 -0.000190 
1170.741192 -0.000112 
1169.274001 -0.000287 
1167.806809 -0.000500 
1166.339618 -0.000368 
1164.872426 -0.000192 
1163.405235 -0.000500 
1161.938043 -0.000383 
1160.470852 -0.000238 
1159.003660 -0.000253 
1157.536469 -0.000203 
1156.069277 0.000032 
1154.602086 -0.000066 
1153.134894 -0.000400 
1151.667703 -0.000069 
1150.200511 0.000138 
1148.733320 -0.000051 
1147.266128 0.000115 
1145.798937 0.000107 
1144.331745 -0.000181 
1142.864554 0.000077 
1141.397362 0.000322 
1139.930171 0.000253 
1138.462979 0.000197 
1136.995788 0.000336 
1135.528596 0.000383 
1134.061405 0.000520 
1132.594213 0.000749 
1131.127022 0.001128 
1129.659830 0.001379 
1128.192639 0.001306 
1126.725447 0.001570 
1125.258256 0.001453 
1123.791064 0.001160 
1122.323873 0.001301 
1120.856681 0.001020 
1119.389490 0.000871 
1117.922298 0.000947 
1116.455107 0.000765 
1114.987916 0.000639 
1113.520724 0.000488 
1112.053533 0.000511 
1110.586341 0.000511 
1109.119150 0.000233 
1107.651958 0.000050 
1106.184767 0.000184 
1104.717575 0.000225 
1103.250384 0.000033 
1101.783192 0.000245 
1100.316001 0.000360 
1098.848809 0.000448 
1097.381618 0.000856 
1095.914426 0.000893 
1094.447235 0.001122 
1092.980043 0.001169 
1091.512852 0.001477 
1090.045660 0.001283 
1088.578469 0.001398 
1087.111277 0.001278 
1085.644086 0.001306 
1084.176894 0.000903 
1082.709703 0.000894 
1081.242511 0.000814 
1079.775320 0.000538 
1078.308128 0.000503 
1076.840937 0.000456 
1075.373745 0.000174 
1073.906554 0.000180 
1072.439362 0.000190 
1070.972171 0.000382 
1069.504979 0.000167 
1068.037788 -0.000005 
1066.570596 -0.000262 
1065.103405 -0.000244 
1063.636213 -0.000346 
1062.169022 -0.000018 
1060.701830 -0.000112 
1059.234639 -0.000093 
1057.767447 0.000119 
1056.300256 0.000354 
1054.833064 0.000417 
1053.365873 0.000392 
1051.898681 0.001223 
1050.431490 0.001213 
1048.964298 0.001285 
1047.497107 0.001150 
1046.029915 0.001035 
1044.562724 0.000749 
1043.095532 0.000588 
1041.628341 0.000326 
1040.161149 -0.000069 
1038.693958 -0.000102 
1037.226766 0.000121 
1035.759575 0.000190 
1034.292383 0.000107 
1032.825192 0.000511 
1031.358000 0.000272 
1029.890809 0.000716 
1028.423617 0.001007 
1026.956426 0.001535 
1025.489234 0.002118 
1024.022043 0.002609 
1022.554851 0.002732 
1021.087660 0.003015 
1019.620468 0.002973 
1018.153277 0.003471 
1016.686085 0.003029 
1015.218894 0.002612 
1013.751702 0.002178 
1012.284511 0.001991 
1010.817319 0.001592 
1009.350128 0.001270 
1007.882936 0.000512 
1006.415745 -0.000180 
1004.948553 -0.000184 
1003.481362 -0.000175 
1002.014170 -0.000034 
1000.546979 -0.000128 
999.079787 0.000298 
997.612596 0.000125 
996.145404 0.000135 
994.678213 0.000333 
993.211021 0.000604 
991.743830 0.000650 
990.276638 0.000598 
988.809447 0.000928 
987.342255 0.001086 
985.875064 0.001542 
984.407872 0.002313 
982.940681 0.002917 
981.473489 0.003751 
980.006298 0.004773 
978.539106 0.005218 
977.071915 0.006311 
975.604723 0.007543 
974.137532 0.008305 
972.670340 0.009355 
971.203149 0.010132 
969.735957 0.011393 
968.268766 0.012699 
966.801574 0.013739 
965.334383 0.015166 
963.867191 0.016680 
962.400000 0.018141 
960.932808 0.019877 
959.465617 0.021601 
957.998425 0.023511 
956.531234 0.025050 
955.064042 0.026779 
953.596851 0.028107 
952.129659 0.029407 
950.662468 0.030284 
949.195276 0.031048 
947.728085 0.032131 
946.260893 0.033014 
944.793702 0.034294 
943.326510 0.035609 
941.859319 0.037168 
940.392127 0.038736 
938.924936 0.040388 
937.457744 0.041901 
935.990553 0.043311 
934.523361 0.044857 
933.056170 0.046418 
931.588978 0.047649 
930.121787 0.049214 
928.654595 0.051197 
927.187404 0.052830 
925.720212 0.054386 
924.253021 0.056387 
922.785829 0.058194 
921.318638 0.059975 
919.851446 0.061752 
918.384255 0.063410 
916.917063 0.064944 
915.449872 0.066638 
913.982680 0.068106 
912.515489 0.069810 
911.048297 0.071009 
909.581106 0.072339 
908.113914 0.073569 
906.646723 0.074972 
905.179531 0.076196 
903.712340 0.077878 
902.245148 0.079399 
900.777957 0.080730 
899.310765 0.082058 
897.843574 0.083730 
896.376382 0.085011 
894.909191 0.086516 
893.441999 0.088057 
891.974808 0.089391 
890.507616 0.091176 
889.040425 0.092041 
887.573233 0.093600 
886.106042 0.094606 
884.638850 0.095829 
883.171659 0.097316 
881.704467 0.098557 
880.237276 0.099697 
878.770084 0.101003 
877.302893 0.102291 
875.835701 0.103055 
874.368510 0.104001 
872.901318 0.105009 
871.434127 0.106210 
869.966935 0.107239 
868.499744 0.108280 
867.032552 0.109067 
865.565361 0.110109 
864.098169 0.111319 
862.630978 0.112162 
861.163786 0.113068 
859.696595 0.114081 
858.229404 0.115162 
856.762212 0.115854 
855.295021 0.116769 
853.827829 0.117457 
852.360638 0.118449 
850.893446 0.119114 
849.426255 0.119619 
847.959063 0.120485 
846.491872 0.121274 
845.024680 0.121396 
843.557489 0.121556 
842.090297 0.122257 
840.623106 0.122695 
839.155914 0.123108 
837.688723 0.123712 
836.221531 0.124713 
834.754340 0.125298 
833.287148 0.126381 
831.819957 0.127484 
830.352765 0.128229 
828.885574 0.128778 
827.418382 0.129493 
825.951191 0.130874 
824.483999 0.132302 
823.016808 0.134354 
821.549616 0.136786 
820.082425 0.137712 
818.615233 0.136267 
817.148042 0.134976 
815.680850 0.134366 
814.213659 0.134668 
812.746467 0.134951 
811.279276 0.135516 
809.812084 0.135646 
808.344893 0.135674 
806.877701 0.135692 
805.410510 0.135919 
803.943318 0.135949 
802.476127 0.135938 
801.008935 0.136398 
799.541744 0.136703 
798.074552 0.136338 
796.607361 0.136241 
795.140169 0.136230 
793.672978 0.136102 
792.205786 0.136045 
790.738595 0.136251 
789.271403 0.135706 
787.804212 0.135602 
786.337020 0.135808 
784.869829 0.135550 
783.402637 0.135553 
781.935446 0.135034 
780.468254 0.135056 
779.001063 0.134685 
777.533871 0.134782 
776.066680 0.134104 
774.599488 0.134234 
773.132297 0.134007 
771.665105 0.134766 
770.197914 0.133598 
768.730722 0.133669 
767.263531 0.133617 
765.796339 0.133207 
764.329148 0.132981 
762.861956 0.132329 
761.394765 0.131901 
759.927573 0.131083 
758.460382 0.130807 
756.993190 0.129867 
755.525999 0.129148 
754.058807 0.127650 
752.591616 0.127263 
751.124424 0.126225 
749.657233 0.124536 
748.190041 0.124927 
746.722850 0.121990 
745.255658 0.119849 
743.788467 0.118239 
742.321275 0.116937 
740.854084 0.115724 
739.386892 0.114200 
737.919701 0.112474 
736.452509 0.110649 
734.985318 0.109072 
733.518126 0.107760 
732.050935 0.106118 
730.583743 0.105360 
729.116552 0.104173 
727.649360 0.102216 
726.182169 0.100610 
724.714977 0.099661 
723.247786 0.099250 
721.780594 0.096531 
720.313403 0.095552 
718.846211 0.094147 
717.379020 0.093660 
715.911828 0.091646 
714.444637 0.088871 
712.977445 0.088038 
711.510254 0.087386 
710.043062 0.086928 
708.575871 0.083622 
707.108679 0.083143 
705.641488 0.081003 
704.174296 0.079203 
702.707105 0.076861 
701.239913 0.077353 
699.772722 0.073907 
698.305530 0.072264 
696.838339 0.071282 
695.371147 0.068280 
693.903956 0.067582 
692.436764 0.066030 
690.969573 0.064852 
689.502381 0.062542 
688.035190 0.061465 
686.567998 0.059277 
685.100807 0.058755 
683.633615 0.055233 
682.166424 0.054559 
680.699232 0.053586 
679.232041 0.051177 
677.764849 0.048593 
676.297658 0.046627 
674.830466 0.045459 
673.363275 0.044780 
671.896083 0.044496 
670.428892 0.041452 
668.961700 0.039946 
667.494509 0.038608 
666.027317 0.036983 
664.560126 0.041963 
663.092934 0.046447 
661.625743 0.044170 
660.158551 0.048720 
658.691360 0.050354 
657.224168 0.048484 
655.756977 0.047898 
654.289785 0.046705 
652.822594 0.045461 
651.355402 0.044246 
649.888211 0.041547 
648.421019 0.037280 
646.953828 0.035168 
645.486636 0.033322 
644.019445 0.030507 
642.552253 0.026665 
641.085062 0.026458 
639.617870 0.024074 
638.150679 0.019466 
636.683487 0.021155 
635.216296 0.020691 
633.749104 0.017547 
632.281913 0.017021 
630.814721 0.017699 
629.347530 0.014274 
627.880338 0.011497 
626.413147 0.011049 
624.945955 0.010646 
623.478764 0.007303 
622.011572 0.007888 
620.544381 0.004450 
619.077189 0.005674 
617.609998 0.006224 
616.142806 0.005453 
614.675615 0.004730 
613.208423 0.003864 
611.741232 0.004744 
610.274040 0.001612 
608.806849 0.002690 
607.339657 0.000792 
605.872466 -0.002577 
604.405274 0.001027 
602.938083 0.001462 
601.470891 0.001205 
600.003700 -0.001533 
