5000.111000 0.000211 
4998.643809 -0.000225 
4997.176617 -0.000042 
4995.709426 0.000843 
4994.242234 0.000210 
4992.775043 0.000829 
4991.307851 0.000839 
4989.840660 0.000056 
4988.373468 0.000883 
4986.906277 0.000155 
4985.439085 0.000798 
4983.971894 0.000227 
4982.504702 0.001376 
4981.037511 0.000393 
4979.570319 0.000832 
4978.103128 0.001278 
4976.635936 0.000536 
4975.168745 0.000067 
4973.701553 0.000213 
4972.234362 0.000696 
4970.767170 0.000604 
4969.299979 0.001202 
4967.832787 0.001189 
4966.365596 0.000329 
4964.898404 0.001574 
4963.431213 0.001466 
4961.964021 0.000959 
4960.496830 0.000699 
4959.029638 0.000244 
4957.562447 0.000656 
4956.095255 0.000365 
4954.628064 0.001052 
4953.160872 0.000714 
4951.693681 0.000484 
4950.226489 0.001011 
4948.759298 0.001504 
4947.292106 0.000627 
4945.824915 0.001382 
4944.357723 0.000673 
4942.890532 0.000008 
4941.423340 0.001108 
4939.956149 0.000421 
4938.488957 0.001197 
4937.021766 0.001155 
4935.554574 0.001320 
4934.087383 0.000683 
4932.620191 0.000330 
4931.153000 0.000813 
4929.685808 0.000623 
4928.218617 0.000549 
4926.751425 0.001077 
4925.284234 0.000132 
4923.817042 0.001391 
4922.349851 0.000813 
4920.882659 0.001305 
4919.415468 0.000790 
4917.948276 0.000827 
4916.481085 0.001147 
4915.013893 0.000929 
4913.546702 0.001199 
4912.079510 0.000859 
4910.612319 0.001166 
4909.145127 0.000934 
4907.677936 0.000824 
4906.210744 0.001174 
4904.743553 0.001325 
4903.276361 0.001297 
4901.809170 0.000851 
4900.341978 0.001025 
4898.874787 0.002102 
4897.407595 0.000860 
4895.940404 0.001469 
4894.473212 0.001540 
4893.006021 0.001516 
4891.538829 0.001586 
4890.071638 0.001676 
4888.604446 0.001136 
4887.137255 0.001590 
4885.670063 0.001483 
4884.202872 0.001538 
4882.735680 0.001435 
4881.268489 0.001777 
4879.801297 0.001180 
4878.334106 0.000902 
4876.866914 0.001437 
4875.399723 0.001109 
4873.932531 0.000840 
4872.465340 0.001633 
4870.998148 0.001096 
4869.530957 0.000414 
4868.063765 0.001713 
4866.596574 0.001329 
4865.129382 0.000997 
4863.662191 0.000751 
4862.194999 0.001273 
4860.727808 0.001485 
4859.260616 0.001155 
4857.793425 0.001538 
4856.326233 0.001222 
4854.859042 0.001204 
4853.391850 0.000716 
4851.924659 0.001175 
4850.457467 0.000515 
4848.990276 0.001004 
4847.523084 0.000981 
4846.055893 0.001052 
4844.588701 0.001010 
4843.121510 0.000832 
4841.654318 0.001034 
4840.187127 0.001251 
4838.719935 0.001044 
4837.252744 0.000798 
4835.785552 0.001608 
4834.318361 0.001511 
4832.851169 0.002082 
4831.383978 0.001127 
4829.916786 0.000959 
4828.449595 0.001351 
4826.982403 0.000806 
4825.515212 0.000791 
4824.048020 0.001387 
4822.580829 0.000907 
4821.113637 0.001274 
4819.646446 0.001157 
4818.179254 0.001192 
4816.712063 0.001201 
4815.244871 0.000619 
4813.777680 0.001384 
4812.310488 0.001098 
4810.843297 0.000932 
4809.376105 0.000845 
4807.908914 0.000956 
4806.441722 0.000663 
4804.974531 0.001475 
4803.507339 0.001205 
4802.040148 0.001203 
4800.572956 0.000812 
4799.105765 0.000936 
4797.638573 0.001041 
4796.171382 0.001066 
4794.704190 0.001228 
4793.236999 0.001494 
4791.769807 0.001663 
4790.302616 0.001282 
4788.835424 0.000952 
4787.368233 0.001405 
4785.901041 0.001297 
4784.433850 0.001474 
4782.966658 0.000529 
4781.499467 0.001018 
4780.032275 0.001211 
4778.565084 0.001421 
4777.097892 0.001228 
4775.630701 0.001550 
4774.163509 0.000605 
4772.696318 0.001356 
4771.229126 0.000891 
4769.761935 0.000829 
4768.294743 0.000643 
4766.827552 0.000603 
4765.360360 0.001312 
4763.893169 0.001207 
4762.425977 0.001128 
4760.958786 0.001070 
4759.491594 0.000844 
4758.024403 0.001158 
4756.557211 0.001351 
4755.090020 0.001315 
4753.622828 0.000812 
4752.155637 0.001396 
4750.688445 0.001070 
4749.221254 0.002265 
4747.754062 0.001728 
4746.286871 0.001185 
4744.819679 0.000958 
4743.352488 0.001745 
4741.885296 0.000940 
4740.418105 0.000982 
4738.950914 0.001677 
4737.483722 0.001629 
4736.016531 0.001244 
4734.549339 0.000962 
4733.082148 0.001398 
4731.614956 0.001129 
4730.147765 0.001220 
4728.680573 0.001502 
4727.213382 0.001385 
4725.746190 0.001610 
4724.278999 0.001502 
4722.811807 0.001794 
4721.344616 0.001238 
4719.877424 0.001616 
4718.410233 0.000949 
4716.943041 0.001308 
4715.475850 0.001130 
4714.008658 0.000689 
4712.541467 0.000442 
4711.074275 0.001010 
4709.607084 0.001228 
4708.139892 0.000786 
4706.672701 0.001272 
4705.205509 0.001667 
4703.738318 0.000930 
4702.271126 0.001233 
4700.803935 0.001028 
4699.336743 0.001823 
4697.869552 0.001838 
4696.402360 0.001121 
4694.935169 0.001228 
4693.467977 0.001566 
4692.000786 0.001865 
4690.533594 0.001343 
4689.066403 0.001784 
4687.599211 0.001878 
4686.132020 0.002357 
4684.664828 0.002650 
4683.197637 0.002570 
4681.730445 0.002573 
4680.263254 0.001484 
4678.796062 0.000791 
4677.328871 0.000584 
4675.861679 0.000887 
4674.394488 0.000805 
4672.927296 0.000553 
4671.460105 0.001803 
4669.992913 0.000578 
4668.525722 0.001261 
4667.058530 0.000649 
4665.591339 0.000911 
4664.124147 0.001216 
4662.656956 0.000749 
4661.189764 0.000817 
4659.722573 0.001001 
4658.255381 0.001414 
4656.788190 0.001304 
4655.320998 0.000702 
4653.853807 0.001525 
4652.386615 0.000727 
4650.919424 0.001402 
4649.452232 0.000946 
4647.985041 0.000980 
4646.517849 0.000976 
4645.050658 0.000405 
4643.583466 0.000877 
4642.116275 0.001082 
4640.649083 0.000842 
4639.181892 0.000738 
4637.714700 0.001092 
4636.247509 0.000677 
4634.780317 0.001365 
4633.313126 0.000839 
4631.845934 0.001006 
4630.378743 0.000945 
4628.911551 0.000926 
4627.444360 0.001140 
4625.977168 0.001171 
4624.509977 0.000980 
4623.042785 0.000777 
4621.575594 0.001195 
4620.108402 0.001563 
4618.641211 0.000810 
4617.174019 0.000756 
4615.706828 0.001177 
4614.239636 0.001068 
4612.772445 0.001526 
4611.305253 0.001644 
4609.838062 0.001348 
4608.370870 0.001169 
4606.903679 0.001406 
4605.436487 0.001426 
4603.969296 0.000971 
4602.502104 0.001389 
4601.034913 0.001516 
4599.567721 0.002053 
4598.100530 0.001563 
4596.633338 0.001617 
4595.166147 0.002084 
4593.698955 0.001516 
4592.231764 0.001789 
4590.764572 0.001989 
4589.297381 0.001637 
4587.830189 0.001737 
4586.362998 0.001693 
4584.895806 0.001869 
4583.428615 0.002013 
4581.961423 0.002223 
4580.494232 0.002108 
4579.027040 0.002256 
4577.559849 0.002661 
4576.092657 0.002400 
4574.625466 0.002433 
4573.158274 0.001858 
4571.691083 0.002428 
4570.223891 0.002024 
4568.756700 0.002482 
4567.289508 0.002268 
4565.822317 0.002151 
4564.355125 0.002591 
4562.887934 0.002614 
4561.420742 0.002994 
4559.953551 0.002959 
4558.486359 0.002920 
4557.019168 0.003027 
4555.551976 0.002334 
4554.084785 0.002517 
4552.617593 0.002679 
4551.150402 0.002964 
4549.683210 0.003080 
4548.216019 0.002894 
4546.748827 0.002410 
4545.281636 0.002689 
4543.814444 0.002704 
4542.347253 0.002704 
4540.880061 0.002743 
4539.412870 0.002823 
4537.945678 0.002746 
4536.478487 0.002838 
4535.011295 0.003142 
4533.544104 0.002859 
4532.076912 0.002894 
4530.609721 0.002686 
4529.142529 0.002703 
4527.675338 0.002765 
4526.208146 0.002649 
4524.740955 0.002239 
4523.273763 0.003108 
4521.806572 0.002303 
4520.339380 0.002324 
4518.872189 0.002507 
4517.404997 0.002215 
4515.937806 0.002229 
4514.470614 0.002273 
4513.003423 0.002158 
4511.536231 0.002291 
4510.069040 0.001824 
4508.601848 0.001870 
4507.134657 0.001700 
4505.667465 0.001734 
4504.200274 0.002202 
4502.733082 0.001866 
4501.265891 0.001867 
4499.798699 0.001785 
4498.331508 0.001851 
4496.864316 0.001313 
4495.397125 0.001589 
4493.929933 0.001774 
4492.462742 0.001342 
4490.995550 0.001341 
4489.528359 0.000999 
4488.061167 0.001364 
4486.593976 0.000841 
4485.126784 0.000752 
4483.659593 0.001228 
4482.192402 0.001064 
4480.725210 0.001422 
4479.258019 0.001064 
4477.790827 0.000695 
4476.323636 0.000689 
4474.856444 0.000865 
4473.389253 0.000508 
4471.922061 0.000361 
4470.454870 0.000953 
4468.987678 0.000831 
4467.520487 0.000523 
4466.053295 0.000439 
4464.586104 0.000573 
4463.118912 0.000568 
4461.651721 0.000400 
4460.184529 0.000632 
4458.717338 0.000265 
4457.250146 0.000180 
4455.782955 0.000001 
4454.315763 0.000308 
4452.848572 0.000200 
4451.381380 0.000480 
4449.914189 0.000156 
4448.446997 0.000290 
4446.979806 0.000740 
4445.512614 0.000358 
4444.045423 0.000682 
4442.578231 0.000625 
4441.111040 0.000554 
4439.643848 0.000783 
4438.176657 0.000942 
4436.709465 0.001050 
4435.242274 0.001108 
4433.775082 0.001266 
4432.307891 0.001002 
4430.840699 0.001516 
4429.373508 0.001461 
4427.906316 0.001362 
4426.439125 0.001583 
4424.971933 0.001370 
4423.504742 0.002145 
4422.037550 0.001882 
4420.570359 0.001625 
4419.103167 0.001781 
4417.635976 0.002257 
4416.168784 0.001466 
4414.701593 0.001768 
4413.234401 0.002429 
4411.767210 0.002347 
4410.300018 0.001974 
4408.832827 0.001607 
4407.365635 0.002142 
4405.898444 0.001474 
4404.431252 0.002116 
4402.964061 0.002182 
4401.496869 0.002141 
4400.029678 0.001956 
4398.562486 0.001747 
4397.095295 0.002045 
4395.628103 0.001581 
4394.160912 0.001697 
4392.693720 0.002173 
4391.226529 0.001810 
4389.759337 0.001440 
4388.292146 0.001307 
4386.824954 0.001938 
4385.357763 0.001365 
4383.890571 0.001191 
4382.423380 0.001046 
4380.956188 0.001122 
4379.488997 0.000960 
4378.021805 0.000973 
4376.554614 0.001032 
4375.087422 0.000973 
4373.620231 0.000655 
4372.153039 0.000275 
4370.685848 0.000562 
4369.218656 0.000543 
4367.751465 0.000275 
4366.284273 0.000527 
4364.817082 0.000468 
4363.349890 0.000175 
4361.882699 -0.000170 
4360.415507 0.000012 
4358.948316 -0.000007 
4357.481124 0.000172 
4356.013933 -0.000495 
4354.546741 -0.000196 
4353.079550 0.000000 
4351.612358 0.000323 
4350.145167 -0.000369 
4348.677975 -0.000120 
4347.210784 -0.000331 
4345.743592 -0.000091 
4344.276401 -0.000011 
4342.809209 -0.000509 
4341.342018 -0.000446 
4339.874826 -0.000266 
4338.407635 -0.000223 
4336.940443 0.000153 
4335.473252 -0.000287 
4334.006060 -0.000427 
4332.538869 -0.000299 
4331.071677 -0.000431 
4329.604486 -0.000519 
4328.137294 -0.000526 
4326.670103 -0.000444 
4325.202911 -0.000014 
4323.735720 -0.000370 
4322.268528 -0.000292 
4320.801337 -0.000644 
4319.334145 -0.000391 
4317.866954 -0.000227 
4316.399762 -0.000414 
4314.932571 -0.000632 
4313.465379 -0.000447 
4311.998188 -0.000450 
4310.530996 -0.000523 
4309.063805 -0.000299 
4307.596613 -0.000395 
4306.129422 -0.000215 
4304.662230 -0.000406 
4303.195039 -0.000283 
4301.727847 -0.000113 
4300.260656 0.000006 
4298.793464 -0.000078 
4297.326273 -0.000060 
4295.859081 0.000047 
4294.391890 -0.000051 
4292.924698 -0.000102 
4291.457507 -0.000114 
4289.990315 0.000022 
4288.523124 -0.000182 
4287.055932 0.000212 
4285.588741 0.000254 
4284.121549 0.000492 
4282.654358 0.000410 
4281.187166 0.000549 
4279.719975 0.000576 
4278.252783 0.000601 
4276.785592 0.000030 
4275.318400 -0.000595 
4273.851209 -0.000878 
4272.384017 -0.000754 
4270.916826 0.000055 
4269.449634 -0.000003 
4267.982443 -0.000021 
4266.515251 0.000280 
4265.048060 0.000193 
4263.580868 -0.000165 
4262.113677 -0.000153 
4260.646485 -0.000284 
4259.179294 -0.000053 
4257.712102 -0.000101 
4256.244911 -0.000199 
4254.777719 -0.000152 
4253.310528 0.000136 
4251.843336 0.000050 
4250.376145 0.000030 
4248.908953 -0.000012 
4247.441762 -0.000002 
4245.974570 -0.000121 
4244.507379 0.000085 
4243.040187 -0.000390 
4241.572996 -0.000173 
4240.105804 -0.000011 
4238.638613 -0.000358 
4237.171421 -0.000078 
4235.704230 -0.000115 
4234.237038 -0.000377 
4232.769847 -0.000395 
4231.302655 -0.000456 
4229.835464 -0.000007 
4228.368272 -0.000212 
4226.901081 0.000058 
4225.433889 -0.000401 
4223.966698 -0.000140 
4222.499507 -0.000217 
4221.032315 -0.000424 
4219.565124 -0.000059 
4218.097932 0.000122 
4216.630741 -0.000364 
4215.163549 0.000098 
4213.696358 0.000205 
4212.229166 0.000269 
4210.761975 0.000077 
4209.294783 -0.000246 
4207.827592 0.000172 
4206.360400 0.000000 
4204.893209 0.000220 
4203.426017 -0.000022 
4201.958826 -0.000005 
4200.491634 0.000084 
4199.024443 0.000098 
4197.557251 -0.000284 
4196.090060 -0.000220 
4194.622868 -0.000180 
4193.155677 0.000235 
4191.688485 -0.000189 
4190.221294 0.000008 
4188.754102 -0.000150 
4187.286911 -0.000355 
4185.819719 -0.000172 
4184.352528 0.000022 
4182.885336 -0.000255 
4181.418145 0.000037 
4179.950953 0.000022 
4178.483762 -0.000175 
4177.016570 -0.000054 
4175.549379 0.000116 
4174.082187 0.000123 
4172.614996 0.000094 
4171.147804 0.000253 
4169.680613 -0.000063 
4168.213421 -0.000024 
4166.746230 -0.000462 
4165.279038 0.000230 
4163.811847 0.000199 
4162.344655 0.000241 
4160.877464 0.000325 
4159.410272 0.000018 
4157.943081 0.000223 
4156.475889 0.000203 
4155.008698 0.000027 
4153.541506 -0.000140 
4152.074315 0.000104 
4150.607123 0.000067 
4149.139932 -0.000025 
4147.672740 0.000310 
4146.205549 0.000355 
4144.738357 0.000272 
4143.271166 0.000057 
4141.803974 -0.000078 
4140.336783 0.000076 
4138.869591 0.000292 
4137.402400 0.000141 
4135.935208 0.000114 
4134.468017 0.000198 
4133.000825 0.000383 
4131.533634 0.000620 
4130.066442 0.000413 
4128.599251 0.000114 
4127.132059 0.000495 
4125.664868 0.000216 
4124.197676 0.000636 
4122.730485 0.000668 
4121.263293 0.000561 
4119.796102 0.000169 
4118.328910 0.000432 
4116.861719 0.000490 
4115.394527 0.000590 
4113.927336 -0.000013 
4112.460144 0.000026 
4110.992953 0.000226 
4109.525761 0.000211 
4108.058570 0.000378 
4106.591378 0.000273 
4105.124187 0.000459 
4103.656995 0.000011 
4102.189804 -0.000004 
4100.722612 0.000436 
4099.255421 0.000271 
4097.788229 0.000268 
4096.321038 0.000126 
4094.853846 0.000013 
4093.386655 0.000115 
4091.919463 0.000319 
4090.452272 0.000412 
4088.985080 0.000252 
4087.517889 0.000385 
4086.050697 0.000330 
4084.583506 -0.000019 
4083.116314 0.000276 
4081.649123 0.000155 
4080.181931 0.000274 
4078.714740 -0.000172 
4077.247548 0.000248 
4075.780357 -0.000001 
4074.313165 0.000096 
4072.845974 0.000070 
4071.378782 0.000184 
4069.911591 0.000326 
4068.444399 0.000198 
4066.977208 0.000040 
4065.510016 -0.000139 
4064.042825 -0.000235 
4062.575633 0.000316 
4061.108442 0.000316 
4059.641250 -0.000092 
4058.174059 -0.000195 
4056.706867 -0.000001 
4055.239676 -0.000233 
4053.772484 -0.000114 
4052.305293 -0.000320 
4050.838101 0.000007 
4049.370910 -0.000078 
4047.903718 -0.000063 
4046.436527 -0.000273 
4044.969335 -0.000023 
4043.502144 -0.000382 
4042.034952 -0.000070 
4040.567761 0.000014 
4039.100569 -0.000159 
4037.633378 0.000412 
4036.166186 0.000337 
4034.698995 0.000363 
4033.231803 0.000615 
4031.764612 0.000785 
4030.297420 0.000823 
4028.830229 0.000870 
4027.363037 0.000942 
4025.895846 0.000911 
4024.428654 0.001424 
4022.961463 0.001485 
4021.494271 0.001450 
4020.027080 0.001810 
4018.559888 0.001900 
4017.092697 0.001900 
4015.625505 0.002009 
4014.158314 0.001823 
4012.691122 0.001708 
4011.223931 0.001763 
4009.756739 0.001907 
4008.289548 0.002276 
4006.822356 0.002194 
4005.355165 0.002325 
4003.887973 0.002154 
4002.420782 0.002287 
4000.953590 0.002291 
3999.486399 0.002883 
3998.019207 0.002687 
3996.552016 0.002532 
3995.084824 0.002776 
3993.617633 0.002868 
3992.150441 0.002917 
3990.683250 0.002915 
3989.216058 0.003157 
3987.748867 0.003221 
3986.281675 0.003189 
3984.814484 0.003057 
3983.347292 0.003130 
3981.880101 0.003038 
3980.412909 0.003076 
3978.945718 0.003248 
3977.478526 0.003072 
3976.011335 0.003035 
3974.544143 0.003140 
3973.076952 0.002673 
3971.609760 0.002668 
3970.142569 0.002829 
3968.675377 0.002945 
3967.208186 0.002772 
3965.740994 0.003202 
3964.273803 0.002847 
3962.806612 0.002850 
3961.339420 0.002726 
3959.872229 0.003115 
3958.405037 0.002504 
3956.937846 0.002661 
3955.470654 0.002762 
3954.003463 0.002692 
3952.536271 0.002566 
3951.069080 0.002823 
3949.601888 0.002740 
3948.134697 0.002664 
3946.667505 0.002635 
3945.200314 0.002756 
3943.733122 0.002646 
3942.265931 0.002678 
3940.798739 0.002660 
3939.331548 0.002383 
3937.864356 0.002534 
3936.397165 0.002437 
3934.929973 0.002160 
3933.462782 0.001915 
3931.995590 0.002477 
3930.528399 0.002478 
3929.061207 0.002272 
3927.594016 0.002058 
3926.126824 0.002014 
3924.659633 0.001799 
3923.192441 0.002245 
3921.725250 0.001687 
3920.258058 0.001965 
3918.790867 0.002142 
3917.323675 0.001784 
3915.856484 0.001908 
3914.389292 0.001586 
3912.922101 0.001670 
3911.454909 0.001608 
3909.987718 0.001404 
3908.520526 0.001604 
3907.053335 0.001433 
3905.586143 0.001160 
3904.118952 0.001051 
3902.651760 0.001341 
3901.184569 0.001630 
3899.717377 0.001241 
3898.250186 0.001322 
3896.782994 0.000973 
3895.315803 0.000824 
3893.848611 0.001104 
3892.381420 0.000998 
3890.914228 0.001093 
3889.447037 0.000856 
3887.979845 0.000758 
3886.512654 0.000875 
3885.045462 0.001935 
3883.578271 0.000490 
3882.111079 0.000637 
3880.643888 0.000507 
3879.176696 0.000748 
3877.709505 0.000414 
3876.242313 -0.000006 
3874.775122 0.000309 
3873.307930 0.000746 
3871.840739 0.000398 
3870.373547 0.000186 
3868.906356 0.000945 
3867.439164 0.000169 
3865.971973 0.000126 
3864.504781 0.000588 
3863.037590 0.000178 
3861.570398 0.000009 
3860.103207 0.000193 
3858.636015 0.000174 
3857.168824 0.000136 
3855.701632 -0.000121 
3854.234441 -0.000539 
3852.767249 0.001365 
3851.300058 0.001397 
3849.832866 -0.000086 
3848.365675 0.000134 
3846.898483 0.000172 
3845.431292 -0.000032 
3843.964100 -0.000219 
3842.496909 0.000426 
3841.029717 0.000013 
3839.562526 0.000345 
3838.095334 0.000034 
3836.628143 0.001146 
3835.160951 0.000233 
3833.693760 0.000498 
3832.226568 0.000154 
3830.759377 0.000486 
3829.292185 0.000184 
3827.824994 0.000244 
3826.357802 -0.000061 
3824.890611 0.000256 
3823.423419 0.000160 
3821.956228 0.000083 
3820.489036 0.000557 
3819.021845 0.000432 
3817.554653 0.000244 
3816.087462 -0.000135 
3814.620270 0.000705 
3813.153079 0.000192 
3811.685887 0.000041 
3810.218696 -0.000159 
3808.751504 -0.000087 
3807.284313 -0.000193 
3805.817121 0.000794 
3804.349930 0.000274 
3802.882738 0.000177 
3801.415547 -0.000151 
3799.948355 0.000846 
3798.481164 -0.000192 
3797.013972 -0.000172 
3795.546781 0.000238 
3794.079589 0.000317 
3792.612398 0.000000 
3791.145206 0.000055 
3789.678015 0.000359 
3788.210823 0.000091 
3786.743632 -0.000032 
3785.276440 0.000028 
3783.809249 0.000280 
3782.342057 -0.000009 
3780.874866 0.000083 
3779.407674 0.000076 
3777.940483 0.000032 
3776.473291 -0.000085 
3775.006100 -0.000149 
3773.538908 -0.000225 
3772.071717 0.000223 
3770.604525 0.000090 
3769.137334 0.000563 
3767.670142 0.000003 
3766.202951 0.000059 
3764.735759 0.000244 
3763.268568 0.000116 
3761.801376 0.000466 
3760.334185 0.000363 
3758.866993 0.001008 
3757.399802 0.000498 
3755.932610 0.000937 
3754.465419 0.001008 
3752.998227 0.001138 
3751.531036 0.002535 
3750.063844 0.001892 
3748.596653 0.003892 
3747.129461 0.003044 
3745.662270 0.003037 
3744.195078 0.005714 
3742.727887 0.005299 
3741.260695 0.005142 
3739.793504 0.005998 
3738.326312 0.006151 
3736.859121 0.005766 
3735.391929 0.006042 
3733.924738 0.005717 
3732.457546 0.004962 
3730.990355 0.005113 
3729.523163 0.003830 
3728.055972 0.003375 
3726.588780 0.003338 
3725.121589 0.003257 
3723.654397 0.002969 
3722.187206 0.003029 
3720.720014 0.003027 
3719.252823 0.003007 
3717.785631 0.003372 
3716.318440 0.003162 
3714.851248 0.003105 
3713.384057 0.002869 
3711.916865 0.003606 
3710.449674 0.003236 
3708.982482 0.003061 
3707.515291 0.002961 
3706.048099 0.002440 
3704.580908 0.002296 
3703.113717 0.002197 
3701.646525 0.002393 
3700.179334 0.002338 
3698.712142 0.002239 
3697.244951 0.002275 
3695.777759 0.001967 
3694.310568 0.001414 
3692.843376 0.001121 
3691.376185 0.000725 
3689.908993 0.000709 
3688.441802 -0.000152 
3686.974610 -0.000126 
3685.507419 -0.000898 
3684.040227 -0.001272 
3682.573036 -0.001562 
3681.105844 -0.001676 
3679.638653 -0.001786 
3678.171461 -0.001668 
3676.704270 -0.002157 
3675.237078 -0.000843 
3673.769887 -0.001550 
3672.302695 -0.002101 
3670.835504 -0.002311 
3669.368312 -0.001732 
3667.901121 -0.001759 
3666.433929 -0.001820 
3664.966738 -0.001700 
3663.499546 -0.001898 
3662.032355 -0.001805 
3660.565163 -0.001710 
3659.097972 -0.001420 
3657.630780 -0.001394 
3656.163589 -0.001194 
3654.696397 -0.000826 
3653.229206 -0.001095 
3651.762014 -0.000776 
3650.294823 -0.000114 
3648.827631 -0.000062 
3647.360440 -0.000119 
3645.893248 -0.000145 
3644.426057 -0.000316 
3642.958865 -0.000624 
3641.491674 -0.000384 
3640.024482 -0.000128 
3638.557291 -0.000083 
3637.090099 -0.000097 
3635.622908 0.000069 
3634.155716 0.000001 
3632.688525 0.000609 
3631.221333 0.000459 
3629.754142 0.000561 
3628.286950 0.002076 
3626.819759 0.001683 
3625.352567 0.001693 
3623.885376 0.002023 
3622.418184 0.002319 
3620.950993 0.002622 
3619.483801 0.003566 
3618.016610 0.003895 
3616.549418 0.004223 
3615.082227 0.004599 
3613.615035 0.005397 
3612.147844 0.006347 
3610.680652 0.006578 
3609.213461 0.007116 
3607.746269 0.008297 
3606.279078 0.009034 
3604.811886 0.009682 
3603.344695 0.010446 
3601.877503 0.011334 
3600.410312 0.012327 
3598.943120 0.013603 
3597.475929 0.014601 
3596.008737 0.015855 
3594.541546 0.017226 
3593.074354 0.018140 
3591.607163 0.019532 
3590.139971 0.021032 
3588.672780 0.022688 
3587.205588 0.024264 
3585.738397 0.026019 
3584.271205 0.027230 
3582.804014 0.029268 
3581.336822 0.030988 
3579.869631 0.032776 
3578.402439 0.034791 
3576.935248 0.037208 
3575.468056 0.039053 
3574.000865 0.041644 
3572.533673 0.043787 
3571.066482 0.046321 
3569.599290 0.048834 
3568.132099 0.051751 
3566.664907 0.054662 
3565.197716 0.057525 
3563.730524 0.060372 
3562.263333 0.063604 
3560.796141 0.066649 
3559.328950 0.070364 
3557.861758 0.073934 
3556.394567 0.077208 
3554.927375 0.080884 
3553.460184 0.084866 
3551.992992 0.088897 
3550.525801 0.093215 
3549.058609 0.097306 
3547.591418 0.102099 
3546.124226 0.106973 
3544.657035 0.110819 
3543.189843 0.115874 
3541.722652 0.120930 
3540.255460 0.125894 
3538.788269 0.131680 
3537.321077 0.137091 
3535.853886 0.142634 
3534.386694 0.148246 
3532.919503 0.154310 
3531.452311 0.160493 
3529.985120 0.166521 
3528.517928 0.172977 
3527.050737 0.179514 
3525.583545 0.186234 
3524.116354 0.192478 
3522.649162 0.198806 
3521.181971 0.205791 
3519.714779 0.212607 
3518.247588 0.219825 
3516.780396 0.226666 
3515.313205 0.234033 
3513.846013 0.240617 
3512.378822 0.247474 
3510.911630 0.254896 
3509.444439 0.262123 
3507.977247 0.268544 
3506.510056 0.276029 
3505.042864 0.282842 
3503.575673 0.289861 
3502.108481 0.296315 
3500.641290 0.303172 
3499.174098 0.310031 
3497.706907 0.317315 
3496.239715 0.323667 
3494.772524 0.330616 
3493.305332 0.337112 
3491.838141 0.343914 
3490.370949 0.350701 
3488.903758 0.356852 
3487.436566 0.363875 
3485.969375 0.369892 
3484.502183 0.376713 
3483.034992 0.383036 
3481.567800 0.389959 
3480.100609 0.396580 
3478.633417 0.402369 
3477.166226 0.408593 
3475.699034 0.416031 
3474.231843 0.422224 
3472.764651 0.429203 
3471.297460 0.435845 
3469.830268 0.442767 
3468.363077 0.447694 
3466.895885 0.455096 
3465.428694 0.461498 
3463.961502 0.469173 
3462.494311 0.475648 
3461.027119 0.482829 
3459.559928 0.488897 
3458.092736 0.496123 
3456.625545 0.503120 
3455.158353 0.509071 
3453.691162 0.516081 
3452.223970 0.523257 
3450.756779 0.530244 
3449.289587 0.535927 
3447.822396 0.542153 
3446.355205 0.548495 
3444.888013 0.555667 
3443.420822 0.562640 
3441.953630 0.568099 
3440.486439 0.574656 
3439.019247 0.581070 
3437.552056 0.587198 
3436.084864 0.593282 
3434.617673 0.597480 
3433.150481 0.604470 
3431.683290 0.610376 
3430.216098 0.616430 
3428.748907 0.622360 
3427.281715 0.628872 
3425.814524 0.634570 
3424.347332 0.639648 
3422.880141 0.644954 
3421.412949 0.650673 
3419.945758 0.655659 
3418.478566 0.660529 
3417.011375 0.665770 
3415.544183 0.670803 
3414.076992 0.675033 
3412.609800 0.680124 
3411.142609 0.685063 
3409.675417 0.690284 
3408.208226 0.694999 
3406.741034 0.699664 
3405.273843 0.705248 
3403.806651 0.709591 
3402.339460 0.714527 
3400.872268 0.716304 
3399.405077 0.720079 
3397.937885 0.725536 
3396.470694 0.732475 
3395.003502 0.735215 
3393.536311 0.740481 
3392.069119 0.743074 
3390.601928 0.745555 
3389.134736 0.752036 
3387.667545 0.756355 
3386.200353 0.760003 
3384.733162 0.763325 
3383.265970 0.768290 
3381.798779 0.772166 
3380.331587 0.776099 
3378.864396 0.779604 
3377.397204 0.782929 
3375.930013 0.786629 
3374.462821 0.791986 
3372.995630 0.794941 
3371.528438 0.798379 
3370.061247 0.800929 
3368.594055 0.801376 
3367.126864 0.807309 
3365.659672 0.811611 
3364.192481 0.814961 
3362.725289 0.818925 
3361.258098 0.821535 
3359.790906 0.825360 
3358.323715 0.829182 
3356.856523 0.831499 
3355.389332 0.835451 
3353.922140 0.838248 
3352.454949 0.842110 
3350.987757 0.843927 
3349.520566 0.845256 
3348.053374 0.849714 
3346.586183 0.852839 
3345.118991 0.856996 
3343.651800 0.860776 
3342.184608 0.861356 
3340.717417 0.865464 
3339.250225 0.867857 
3337.783034 0.869425 
3336.315842 0.874582 
3334.848651 0.877701 
3333.381459 0.880611 
3331.914268 0.883153 
3330.447076 0.887081 
3328.979885 0.890317 
3327.512693 0.892703 
3326.045502 0.894436 
3324.578310 0.896858 
3323.111119 0.902090 
3321.643927 0.904837 
3320.176736 0.907699 
3318.709544 0.909906 
3317.242353 0.913161 
3315.775161 0.916022 
3314.307970 0.919870 
3312.840778 0.923905 
3311.373587 0.926270 
3309.906395 0.929365 
3308.439204 0.931698 
3306.972012 0.932837 
3305.504821 0.932660 
3304.037629 0.934696 
3302.570438 0.943269 
3301.103246 0.946367 
3299.636055 0.950489 
3298.168863 0.954218 
3296.701672 0.955832 
3295.234480 0.957364 
3293.767289 0.961950 
3292.300097 0.963819 
3290.832906 0.965251 
3289.365714 0.969069 
3287.898523 0.970417 
3286.431331 0.972636 
3284.964140 0.975508 
3283.496948 0.976433 
3282.029757 0.980838 
3280.562565 0.981038 
3279.095374 0.982752 
3277.628182 0.983493 
3276.160991 0.985941 
3274.693799 0.987444 
3273.226608 0.990496 
3271.759416 0.988150 
3270.292225 0.985337 
3268.825033 0.990007 
3267.357842 0.991981 
3265.890650 0.993047 
3264.423459 0.993547 
3262.956267 0.994988 
3261.489076 0.994867 
3260.021884 0.996630 
3258.554693 0.998096 
3257.087501 0.998396 
3255.620310 0.997702 
3254.153118 0.997441 
3252.685927 0.998616 
3251.218735 0.999804 
3249.751544 0.998727 
3248.284352 0.999150 
3246.817161 0.998123 
3245.349969 0.999191 
3243.882778 1.000000 
3242.415586 0.999193 
3240.948395 0.999446 
3239.481203 0.999055 
3238.014012 0.999235 
3236.546820 0.999157 
3235.079629 0.999345 
3233.612437 0.993558 
3232.145246 0.993171 
3230.678054 0.995358 
3229.210863 0.995923 
3227.743671 0.995268 
3226.276480 0.994576 
3224.809288 0.995249 
3223.342097 0.993659 
3221.874905 0.991960 
3220.407714 0.991689 
3218.940522 0.990992 
3217.473331 0.988421 
3216.006139 0.987443 
3214.538948 0.986789 
3213.071756 0.984913 
3211.604565 0.985127 
3210.137373 0.980967 
3208.670182 0.978598 
3207.202990 0.979384 
3205.735799 0.977641 
3204.268607 0.974801 
3202.801416 0.973206 
3201.334224 0.971501 
3199.867033 0.970010 
3198.399841 0.968281 
3196.932650 0.965404 
3195.465458 0.963439 
3193.998267 0.961817 
3192.531075 0.959578 
3191.063884 0.956073 
3189.596692 0.955514 
3188.129501 0.952106 
3186.662310 0.949758 
3185.195118 0.946799 
3183.727927 0.945821 
3182.260735 0.942322 
3180.793544 0.939080 
3179.326352 0.936559 
3177.859161 0.934132 
3176.391969 0.930468 
3174.924778 0.928847 
3173.457586 0.926432 
3171.990395 0.922066 
3170.523203 0.920415 
3169.056012 0.917246 
3167.588820 0.912704 
3166.121629 0.909612 
3164.654437 0.907023 
3163.187246 0.902793 
3161.720054 0.900251 
3160.252863 0.897068 
3158.785671 0.893445 
3157.318480 0.890133 
3155.851288 0.886169 
3154.384097 0.883084 
3152.916905 0.877848 
3151.449714 0.871374 
3149.982522 0.870872 
3148.515331 0.867135 
3147.048139 0.864323 
3145.580948 0.859558 
3144.113756 0.856289 
3142.646565 0.852017 
3141.179373 0.847369 
3139.712182 0.841945 
3138.244990 0.838115 
3136.777799 0.834718 
3135.310607 0.830214 
3133.843416 0.825683 
3132.376224 0.822721 
3130.909033 0.818167 
3129.441841 0.813186 
3127.974650 0.810112 
3126.507458 0.804422 
3125.040267 0.799552 
3123.573075 0.794645 
3122.105884 0.790807 
3120.638692 0.783201 
3119.171501 0.777195 
3117.704309 0.774296 
3116.237118 0.766444 
3114.769926 0.762127 
3113.302735 0.760476 
3111.835543 0.755893 
3110.368352 0.750142 
3108.901160 0.743662 
3107.433969 0.738723 
3105.966777 0.734851 
3104.499586 0.729694 
3103.032394 0.724362 
3101.565203 0.718345 
3100.098011 0.712642 
3098.630820 0.706936 
3097.163628 0.703133 
3095.696437 0.696354 
3094.229245 0.691376 
3092.762054 0.685333 
3091.294862 0.680000 
3089.827671 0.672442 
3088.360479 0.667421 
3086.893288 0.661505 
3085.426096 0.656185 
3083.958905 0.648278 
3082.491713 0.644219 
3081.024522 0.637222 
3079.557330 0.631342 
3078.090139 0.622838 
3076.622947 0.618752 
3075.155756 0.613750 
3073.688564 0.607916 
3072.221373 0.601171 
3070.754181 0.595118 
3069.286990 0.589517 
3067.819798 0.582311 
3066.352607 0.576531 
3064.885415 0.570978 
3063.418224 0.565000 
3061.951032 0.558766 
3060.483841 0.552915 
3059.016649 0.546929 
3057.549458 0.540571 
3056.082266 0.534605 
3054.615075 0.528142 
3053.147883 0.522526 
3051.680692 0.516386 
3050.213500 0.509945 
3048.746309 0.504330 
3047.279117 0.498813 
3045.811926 0.492584 
3044.344734 0.486649 
3042.877543 0.480068 
3041.410351 0.474001 
3039.943160 0.468999 
3038.475968 0.464127 
3037.008777 0.458617 
3035.541585 0.452857 
3034.074394 0.446994 
3032.607202 0.441796 
3031.140011 0.436814 
3029.672819 0.431423 
3028.205628 0.426272 
3026.738436 0.421199 
3025.271245 0.416338 
3023.804053 0.411170 
3022.336862 0.406752 
3020.869670 0.402432 
3019.402479 0.398536 
3017.935287 0.394369 
3016.468096 0.390991 
3015.000904 0.387706 
3013.533713 0.383063 
3012.066521 0.381793 
3010.599330 0.377938 
3009.132138 0.376402 
3007.664947 0.374606 
3006.197755 0.372029 
3004.730564 0.369821 
3003.263372 0.367514 
3001.796181 0.366027 
3000.328989 0.364604 
2998.861798 0.363134 
2997.394606 0.361983 
2995.927415 0.360956 
2994.460223 0.359960 
2992.993032 0.357959 
2991.525840 0.355552 
2990.058649 0.353857 
2988.591457 0.351092 
2987.124266 0.348279 
2985.657074 0.345188 
2984.189883 0.341882 
2982.722691 0.338396 
2981.255500 0.335343 
2979.788308 0.332748 
2978.321117 0.330985 
2976.853925 0.329631 
2975.386734 0.327858 
2973.919542 0.326454 
2972.452351 0.325782 
2970.985159 0.325203 
2969.517968 0.324868 
2968.050776 0.324952 
2966.583585 0.324472 
2965.116393 0.323559 
2963.649202 0.322628 
2962.182010 0.321115 
2960.714819 0.319164 
2959.247627 0.316870 
2957.780436 0.313724 
2956.313244 0.310462 
2954.846053 0.306503 
2953.378861 0.302605 
2951.911670 0.298492 
2950.444478 0.294549 
2948.977287 0.291111 
2947.510095 0.288403 
2946.042904 0.285920 
2944.575712 0.285207 
2943.108521 0.285204 
2941.641329 0.286518 
2940.174138 0.287859 
2938.706946 0.290008 
2937.239755 0.290971 
2935.772563 0.290902 
2934.305372 0.290248 
2932.838180 0.288829 
2931.370989 0.286368 
2929.903797 0.283414 
2928.436606 0.279850 
2926.969415 0.276562 
2925.502223 0.272941 
2924.035032 0.269817 
2922.567840 0.266978 
2921.100649 0.264625 
2919.633457 0.262966 
2918.166266 0.261622 
2916.699074 0.260440 
2915.231883 0.259544 
2913.764691 0.258321 
2912.297500 0.257115 
2910.830308 0.256175 
2909.363117 0.255035 
2907.895925 0.253760 
2906.428734 0.251483 
2904.961542 0.249434 
2903.494351 0.246854 
2902.027159 0.244998 
2900.559968 0.242912 
2899.092776 0.240507 
2897.625585 0.238220 
2896.158393 0.236318 
2894.691202 0.234251 
2893.224010 0.232340 
2891.756819 0.231048 
2890.289627 0.229367 
2888.822436 0.227983 
2887.355244 0.226754 
2885.888053 0.225701 
2884.420861 0.224362 
2882.953670 0.223689 
2881.486478 0.223165 
2880.019287 0.222427 
2878.552095 0.222026 
2877.084904 0.221792 
2875.617712 0.222203 
2874.150521 0.221947 
2872.683329 0.222004 
2871.216138 0.222502 
2869.748946 0.223220 
2868.281755 0.223740 
2866.814563 0.224319 
2865.347372 0.224951 
2863.880180 0.225687 
2862.412989 0.226062 
2860.945797 0.226534 
2859.478606 0.226742 
2858.011414 0.227094 
2856.544223 0.227247 
2855.077031 0.227242 
2853.609840 0.226987 
2852.142648 0.226327 
2850.675457 0.225798 
2849.208265 0.225076 
2847.741074 0.224171 
2846.273882 0.223730 
2844.806691 0.223040 
2843.339499 0.223303 
2841.872308 0.224126 
2840.405116 0.226974 
2838.937925 0.231382 
2837.470733 0.238055 
2836.003542 0.245606 
2834.536350 0.253049 
2833.069159 0.259741 
2831.601967 0.264407 
2830.134776 0.266907 
2828.667584 0.267031 
2827.200393 0.264628 
2825.733201 0.260785 
2824.266010 0.255776 
2822.798818 0.250498 
2821.331627 0.244488 
2819.864435 0.238870 
2818.397244 0.233993 
2816.930052 0.228870 
2815.462861 0.224514 
2813.995669 0.220537 
2812.528478 0.216361 
2811.061286 0.212697 
2809.594095 0.208892 
2808.126903 0.205750 
2806.659712 0.202546 
2805.192520 0.199395 
2803.725329 0.196481 
2802.258137 0.193697 
2800.790946 0.190886 
2799.323754 0.188320 
2797.856563 0.185749 
2796.389371 0.183249 
2794.922180 0.180910 
2793.454988 0.178723 
2791.987797 0.176494 
2790.520605 0.174141 
2789.053414 0.172306 
2787.586222 0.170650 
2786.119031 0.168533 
2784.651839 0.166995 
2783.184648 0.165411 
2781.717456 0.163620 
2780.250265 0.162196 
2778.783073 0.160476 
2777.315882 0.159087 
2775.848690 0.157818 
2774.381499 0.156257 
2772.914307 0.154980 
2771.447116 0.153566 
2769.979924 0.152377 
2768.512733 0.151395 
2767.045541 0.150061 
2765.578350 0.149048 
2764.111158 0.147829 
2762.643967 0.146833 
2761.176775 0.145820 
2759.709584 0.145013 
2758.242392 0.143887 
2756.775201 0.142974 
2755.308009 0.142035 
2753.840818 0.141210 
2752.373626 0.140240 
2750.906435 0.139010 
2749.439243 0.138298 
2747.972052 0.137359 
2746.504860 0.136615 
2745.037669 0.135830 
2743.570477 0.135054 
2742.103286 0.134387 
2740.636094 0.133773 
2739.168903 0.132946 
2737.701711 0.132360 
2736.234520 0.131635 
2734.767328 0.131203 
2733.300137 0.130574 
2731.832945 0.129976 
2730.365754 0.129476 
2728.898562 0.128926 
2727.431371 0.128600 
2725.964179 0.127969 
2724.496988 0.127426 
2723.029796 0.126707 
2721.562605 0.126450 
2720.095413 0.125758 
2718.628222 0.125227 
2717.161030 0.124621 
2715.693839 0.124252 
2714.226647 0.123805 
2712.759456 0.123411 
2711.292264 0.122839 
2709.825073 0.122380 
2708.357881 0.121908 
2706.890690 0.121438 
2705.423498 0.121214 
2703.956307 0.120566 
2702.489115 0.120213 
2701.021924 0.119926 
2699.554732 0.119430 
2698.087541 0.119150 
2696.620349 0.118530 
2695.153158 0.118147 
2693.685966 0.117886 
2692.218775 0.117555 
2690.751583 0.117172 
2689.284392 0.116565 
2687.817200 0.116477 
2686.350009 0.115934 
2684.882817 0.115440 
2683.415626 0.115153 
2681.948434 0.114924 
2680.481243 0.114405 
2679.014051 0.114051 
2677.546860 0.113679 
2676.079668 0.113381 
2674.612477 0.113121 
2673.145285 0.112720 
2671.678094 0.112222 
2670.210903 0.111943 
2668.743711 0.111482 
2667.276520 0.111383 
2665.809328 0.111068 
2664.342137 0.110605 
2662.874945 0.110295 
2661.407754 0.110044 
2659.940562 0.109575 
2658.473371 0.109345 
2657.006179 0.109081 
2655.538988 0.108658 
2654.071796 0.108400 
2652.604605 0.108248 
2651.137413 0.108060 
2649.670222 0.107800 
2648.203030 0.107416 
2646.735839 0.107368 
2645.268647 0.107276 
2643.801456 0.106891 
2642.334264 0.106922 
2640.867073 0.106814 
2639.399881 0.106572 
2637.932690 0.106556 
2636.465498 0.106480 
2634.998307 0.106472 
2633.531115 0.106734 
2632.063924 0.106668 
2630.596732 0.106742 
2629.129541 0.106898 
2627.662349 0.106957 
2626.195158 0.107159 
2624.727966 0.106948 
2623.260775 0.107387 
2621.793583 0.107630 
2620.326392 0.107937 
2618.859200 0.108087 
2617.392009 0.108065 
2615.924817 0.108195 
2614.457626 0.108375 
2612.990434 0.108428 
2611.523243 0.108449 
2610.056051 0.108562 
2608.588860 0.108543 
2607.121668 0.108518 
2605.654477 0.108403 
2604.187285 0.108769 
2602.720094 0.108486 
2601.252902 0.108433 
2599.785711 0.108357 
2598.318519 0.108098 
2596.851328 0.107972 
2595.384136 0.107457 
2593.916945 0.107368 
2592.449753 0.106996 
2590.982562 0.106709 
2589.515370 0.106373 
2588.048179 0.106103 
2586.580987 0.105827 
2585.113796 0.105582 
2583.646604 0.105361 
2582.179413 0.105203 
2580.712221 0.105059 
2579.245030 0.104984 
2577.777838 0.104927 
2576.310647 0.104694 
2574.843455 0.104951 
2573.376264 0.104971 
2571.909072 0.104979 
2570.441881 0.104772 
2568.974689 0.104779 
2567.507498 0.104823 
2566.040306 0.104802 
2564.573115 0.104879 
2563.105923 0.104788 
2561.638732 0.104570 
2560.171540 0.104785 
2558.704349 0.104960 
2557.237157 0.104992 
2555.769966 0.105072 
2554.302774 0.105110 
2552.835583 0.105031 
2551.368391 0.105312 
2549.901200 0.105340 
2548.434008 0.105371 
2546.966817 0.105022 
2545.499625 0.105172 
2544.032434 0.105313 
2542.565242 0.105303 
2541.098051 0.105044 
2539.630859 0.104813 
2538.163668 0.104665 
2536.696476 0.104372 
2535.229285 0.104032 
2533.762093 0.103723 
2532.294902 0.103398 
2530.827710 0.102951 
2529.360519 0.102417 
2527.893327 0.102075 
2526.426136 0.101469 
2524.958944 0.101124 
2523.491753 0.100482 
2522.024561 0.099913 
2520.557370 0.099522 
2519.090178 0.098996 
2517.622987 0.098653 
2516.155795 0.098025 
2514.688604 0.097497 
2513.221412 0.097059 
2511.754221 0.096587 
2510.287029 0.096198 
2508.819838 0.095876 
2507.352646 0.095283 
2505.885455 0.094796 
2504.418263 0.094647 
2502.951072 0.094328 
2501.483880 0.093639 
2500.016689 0.093145 
2498.549497 0.092747 
2497.082306 0.092533 
2495.615114 0.092155 
2494.147923 0.091761 
2492.680731 0.091468 
2491.213540 0.091018 
2489.746348 0.090895 
2488.279157 0.090423 
2486.811965 0.090154 
2485.344774 0.089709 
2483.877582 0.089647 
2482.410391 0.089451 
2480.943199 0.089144 
2479.476008 0.088827 
2478.008816 0.088702 
2476.541625 0.088426 
2475.074433 0.088151 
2473.607242 0.088021 
2472.140050 0.087904 
2470.672859 0.087844 
2469.205667 0.087632 
2467.738476 0.087399 
2466.271284 0.087450 
2464.804093 0.087453 
2463.336901 0.087264 
2461.869710 0.087025 
2460.402518 0.087072 
2458.935327 0.086922 
2457.468135 0.086861 
2456.000944 0.087009 
2454.533752 0.087015 
2453.066561 0.086650 
2451.599369 0.086745 
2450.132178 0.086451 
2448.664986 0.086452 
2447.197795 0.086460 
2445.730603 0.086245 
2444.263412 0.086158 
2442.796220 0.086132 
2441.329029 0.085964 
2439.861837 0.085807 
2438.394646 0.085597 
2436.927454 0.085391 
2435.460263 0.085339 
2433.993071 0.085263 
2432.525880 0.085261 
2431.058688 0.084916 
2429.591497 0.084628 
2428.124305 0.084512 
2426.657114 0.084298 
2425.189922 0.084345 
2423.722731 0.084119 
2422.255539 0.083964 
2420.788348 0.083722 
2419.321156 0.083512 
2417.853965 0.083381 
2416.386773 0.083171 
2414.919582 0.082954 
2413.452390 0.082778 
2411.985199 0.082691 
2410.518008 0.082539 
2409.050816 0.082539 
2407.583625 0.082099 
2406.116433 0.081999 
2404.649242 0.081801 
2403.182050 0.081757 
2401.714859 0.081584 
2400.247667 0.081485 
2398.780476 0.081274 
2397.313284 0.080856 
2395.846093 0.080863 
2394.378901 0.080873 
2392.911710 0.080740 
2391.444518 0.080607 
2389.977327 0.080453 
2388.510135 0.080311 
2387.042944 0.079972 
2385.575752 0.080132 
2384.108561 0.079880 
2382.641369 0.079673 
2381.174178 0.079440 
2379.706986 0.079273 
2378.239795 0.079155 
2376.772603 0.079076 
2375.305412 0.079217 
2373.838220 0.078852 
2372.371029 0.078637 
2370.903837 0.078846 
2369.436646 0.077478 
2367.969454 0.078368 
2366.502263 0.076416 
2365.035071 0.078227 
2363.567880 0.076352 
2362.100688 0.078508 
2360.633497 0.075962 
2359.166305 0.077115 
2357.699114 0.077076 
2356.231922 0.075587 
2354.764731 0.077108 
2353.297539 0.077082 
2351.830348 0.077071 
2350.363156 0.078735 
2348.895965 0.080443 
2347.428773 0.083440 
2345.961582 0.090578 
2344.494390 0.102244 
2343.027199 0.119755 
2341.560007 0.135341 
2340.092816 0.139183 
2338.625624 0.123240 
2337.158433 0.102791 
2335.691241 0.089958 
2334.224050 0.085712 
2332.756858 0.084420 
2331.289667 0.084085 
2329.822475 0.082654 
2328.355284 0.080796 
2326.888092 0.079341 
2325.420901 0.079970 
2323.953709 0.080786 
2322.486518 0.080883 
2321.019326 0.079949 
2319.552135 0.079777 
2318.084943 0.080380 
2316.617752 0.080117 
2315.150560 0.079785 
2313.683369 0.079800 
2312.216177 0.079824 
2310.748986 0.079521 
2309.281794 0.079595 
2307.814603 0.079937 
2306.347411 0.079752 
2304.880220 0.079513 
2303.413028 0.079668 
2301.945837 0.079779 
2300.478645 0.079715 
2299.011454 0.079844 
2297.544262 0.079939 
2296.077071 0.079707 
2294.609879 0.079707 
2293.142688 0.079999 
2291.675496 0.080017 
2290.208305 0.080036 
2288.741113 0.079936 
2287.273922 0.080001 
2285.806730 0.080007 
2284.339539 0.080244 
2282.872347 0.080408 
2281.405156 0.080619 
2279.937964 0.080723 
2278.470773 0.080881 
2277.003581 0.081250 
2275.536390 0.081590 
2274.069198 0.081387 
2272.602007 0.081322 
2271.134815 0.081186 
2269.667624 0.081218 
2268.200432 0.081408 
2266.733241 0.081616 
2265.266049 0.081796 
2263.798858 0.081705 
2262.331666 0.081844 
2260.864475 0.082020 
2259.397283 0.082275 
2257.930092 0.082325 
2256.462900 0.082530 
2254.995709 0.082512 
2253.528517 0.082750 
2252.061326 0.082671 
2250.594134 0.082960 
2249.126943 0.083007 
2247.659751 0.083063 
2246.192560 0.083135 
2244.725368 0.083388 
2243.258177 0.083291 
2241.790985 0.083478 
2240.323794 0.083443 
2238.856602 0.083615 
2237.389411 0.083755 
2235.922219 0.084101 
2234.455028 0.084219 
2232.987836 0.084348 
2231.520645 0.084507 
2230.053453 0.084575 
2228.586262 0.084565 
2227.119070 0.084337 
2225.651879 0.083987 
2224.184687 0.083619 
2222.717496 0.083359 
2221.250304 0.083105 
2219.783113 0.082801 
2218.315921 0.082617 
2216.848730 0.082302 
2215.381538 0.082175 
2213.914347 0.081939 
2212.447155 0.082029 
2210.979964 0.081831 
2209.512772 0.081562 
2208.045581 0.081375 
2206.578389 0.081282 
2205.111198 0.081153 
2203.644006 0.081113 
2202.176815 0.080850 
2200.709623 0.080492 
2199.242432 0.080407 
2197.775240 0.080050 
2196.308049 0.080003 
2194.840857 0.079793 
2193.373666 0.079624 
2191.906474 0.079271 
2190.439283 0.079144 
2188.972091 0.078935 
2187.504900 0.078865 
2186.037708 0.078629 
2184.570517 0.078453 
2183.103325 0.078010 
2181.636134 0.077739 
2180.168942 0.077550 
2178.701751 0.077284 
2177.234559 0.076942 
2175.767368 0.076846 
2174.300176 0.076554 
2172.832985 0.076276 
2171.365793 0.075843 
2169.898602 0.075566 
2168.431410 0.075181 
2166.964219 0.074872 
2165.497027 0.074508 
2164.029836 0.073988 
2162.562644 0.073487 
2161.095453 0.073054 
2159.628261 0.072635 
2158.161070 0.072352 
2156.693878 0.071978 
2155.226687 0.071754 
2153.759495 0.071521 
2152.292304 0.071399 
2150.825113 0.071004 
2149.357921 0.070809 
2147.890730 0.070275 
2146.423538 0.069339 
2144.956347 0.068811 
2143.489155 0.069509 
2142.021964 0.074644 
2140.554772 0.078134 
2139.087581 0.073368 
2137.620389 0.067109 
2136.153198 0.071586 
2134.686006 0.072904 
2133.218815 0.070486 
2131.751623 0.067799 
2130.284432 0.065808 
2128.817240 0.064100 
2127.350049 0.062992 
2125.882857 0.061884 
2124.415666 0.061190 
2122.948474 0.060272 
2121.481283 0.059481 
2120.014091 0.058872 
2118.546900 0.058197 
2117.079708 0.057658 
2115.612517 0.056924 
2114.145325 0.056396 
2112.678134 0.055744 
2111.210942 0.054991 
2109.743751 0.054619 
2108.276559 0.054147 
2106.809368 0.053400 
2105.342176 0.052716 
2103.874985 0.052235 
2102.407793 0.051616 
2100.940602 0.051204 
2099.473410 0.050622 
2098.006219 0.049932 
2096.539027 0.049405 
2095.071836 0.048853 
2093.604644 0.048205 
2092.137453 0.047874 
2090.670261 0.047251 
2089.203070 0.046559 
2087.735878 0.045930 
2086.268687 0.045226 
2084.801495 0.044780 
2083.334304 0.044028 
2081.867112 0.043328 
2080.399921 0.042719 
2078.932729 0.042026 
2077.465538 0.041529 
2075.998346 0.041150 
2074.531155 0.040345 
2073.063963 0.039812 
2071.596772 0.039185 
2070.129580 0.038719 
2068.662389 0.038274 
2067.195197 0.037715 
2065.728006 0.037326 
2064.260814 0.036750 
2062.793623 0.036346 
2061.326431 0.035944 
2059.859240 0.035553 
2058.392048 0.035103 
2056.924857 0.034856 
2055.457665 0.034347 
2053.990474 0.034017 
2052.523282 0.033741 
2051.056091 0.033533 
2049.588899 0.033089 
2048.121708 0.032668 
2046.654516 0.032438 
2045.187325 0.032006 
2043.720133 0.031625 
2042.252942 0.031245 
2040.785750 0.030888 
2039.318559 0.030596 
2037.851367 0.030229 
2036.384176 0.029796 
2034.916984 0.029358 
2033.449793 0.029028 
2031.982601 0.028598 
2030.515410 0.028170 
2029.048218 0.027873 
2027.581027 0.027541 
2026.113835 0.027156 
2024.646644 0.026949 
2023.179452 0.026558 
2021.712261 0.026337 
2020.245069 0.025899 
2018.777878 0.025721 
2017.310686 0.025390 
2015.843495 0.025220 
2014.376303 0.024811 
2012.909112 0.024562 
2011.441920 0.024339 
2009.974729 0.024114 
2008.507537 0.023763 
2007.040346 0.023489 
2005.573154 0.023169 
2004.105963 0.022782 
2002.638771 0.022521 
2001.171580 0.022204 
1999.704388 0.021759 
1998.237197 0.021318 
1996.770005 0.021087 
1995.302814 0.020705 
1993.835622 0.020298 
1992.368431 0.019847 
1990.901239 0.019366 
1989.434048 0.019048 
1987.966856 0.018672 
1986.499665 0.018396 
1985.032473 0.017916 
1983.565282 0.017357 
1982.098090 0.017049 
1980.630899 0.016723 
1979.163707 0.016351 
1977.696516 0.016010 
1976.229324 0.015514 
1974.762133 0.015153 
1973.294941 0.014891 
1971.827750 0.014406 
1970.360558 0.014018 
1968.893367 0.013732 
1967.426175 0.013339 
1965.958984 0.012955 
1964.491792 0.012577 
1963.024601 0.012463 
1961.557409 0.011991 
1960.090218 0.011581 
1958.623026 0.011177 
1957.155835 0.011009 
1955.688643 0.010520 
1954.221452 0.010419 
1952.754260 0.009992 
1951.287069 0.009675 
1949.819877 0.009292 
1948.352686 0.008935 
1946.885494 0.008651 
1945.418303 0.008386 
1943.951111 0.007918 
1942.483920 0.007755 
1941.016728 0.007268 
1939.549537 0.006968 
1938.082345 0.006677 
1936.615154 0.006121 
1935.147962 0.005881 
1933.680771 0.005449 
1932.213579 0.005357 
1930.746388 0.005077 
1929.279196 0.004706 
1927.812005 0.004311 
1926.344813 0.003831 
1924.877622 0.003648 
1923.410430 0.003405 
1921.943239 0.003220 
1920.476047 0.002860 
1919.008856 0.002451 
1917.541664 0.002475 
1916.074473 0.001819 
1914.607281 0.001531 
1913.140090 0.001251 
1911.672898 0.000991 
1910.205707 0.000624 
1908.738515 0.000427 
1907.271324 0.000039 
1905.804132 -0.000028 
1904.336941 -0.000024 
1902.869749 -0.000084 
1901.402558 -0.000012 
1899.935366 -0.000009 
1898.468175 -0.000122 
1897.000983 -0.000211 
1895.533792 -0.000289 
1894.066601 -0.000192 
1892.599409 -0.000358 
1891.132218 -0.000271 
1889.665026 -0.000316 
1888.197835 -0.000260 
1886.730643 -0.000415 
1885.263452 -0.000413 
1883.796260 -0.000479 
1882.329069 -0.000507 
1880.861877 -0.000330 
1879.394686 -0.000330 
1877.927494 -0.000384 
1876.460303 -0.000233 
1874.993111 -0.000216 
1873.525920 0.000135 
1872.058728 0.000472 
1870.591537 0.000709 
1869.124345 0.000761 
1867.657154 0.000436 
1866.189962 -0.000004 
1864.722771 -0.000128 
1863.255579 -0.000239 
1861.788388 -0.000212 
1860.321196 -0.000301 
1858.854005 -0.000296 
1857.386813 -0.000279 
1855.919622 -0.000316 
1854.452430 -0.000316 
1852.985239 -0.000422 
1851.518047 -0.000413 
1850.050856 -0.000411 
1848.583664 -0.000358 
1847.116473 -0.000220 
1845.649281 -0.000216 
1844.182090 -0.000087 
1842.714898 -0.000316 
1841.247707 -0.000370 
1839.780515 -0.000269 
1838.313324 -0.000148 
1836.846132 -0.000160 
1835.378941 -0.000336 
1833.911749 -0.000211 
1832.444558 -0.000222 
1830.977366 -0.000261 
1829.510175 0.000273 
1828.042983 -0.000038 
1826.575792 -0.000069 
1825.108600 0.000153 
1823.641409 0.000039 
1822.174217 -0.000018 
1820.707026 0.000004 
1819.239834 0.000091 
1817.772643 0.000316 
1816.305451 0.000239 
1814.838260 0.000303 
1813.371068 0.000180 
1811.903877 0.000300 
1810.436685 0.000333 
1808.969494 0.000491 
1807.502302 0.000617 
1806.035111 0.000585 
1804.567919 0.000628 
1803.100728 0.000621 
1801.633536 0.000619 
1800.166345 0.000961 
1798.699153 0.001048 
1797.231962 0.000966 
1795.764770 0.001002 
1794.297579 0.000843 
1792.830387 0.001132 
1791.363196 0.001399 
1789.896004 0.001318 
1788.428813 0.001264 
1786.961621 0.001370 
1785.494430 0.001354 
1784.027238 0.001600 
1782.560047 0.001599 
1781.092855 0.001753 
1779.625664 0.002138 
1778.158472 0.002367 
1776.691281 0.002456 
1775.224089 0.002703 
1773.756898 0.002752 
1772.289706 0.003739 
1770.822515 0.003615 
1769.355323 0.003445 
1767.888132 0.004232 
1766.420940 0.004315 
1764.953749 0.004582 
1763.486557 0.004882 
1762.019366 0.005405 
1760.552174 0.005962 
1759.084983 0.006302 
1757.617791 0.006812 
1756.150600 0.007605 
1754.683408 0.007998 
1753.216217 0.008572 
1751.749025 0.009203 
1750.281834 0.010193 
1748.814642 0.010756 
1747.347451 0.011662 
1745.880259 0.012388 
1744.413068 0.013224 
1742.945876 0.014428 
1741.478685 0.015299 
1740.011493 0.016518 
1738.544302 0.017627 
1737.077110 0.018553 
1735.609919 0.019748 
1734.142727 0.021442 
1732.675536 0.023159 
1731.208344 0.023685 
1729.741153 0.025176 
1728.273961 0.026540 
1726.806770 0.028289 
1725.339578 0.030076 
1723.872387 0.031999 
1722.405195 0.034235 
1720.938004 0.036843 
1719.470812 0.039984 
1718.003621 0.044087 
1716.536429 0.049650 
1715.069238 0.055016 
1713.602046 0.062540 
1712.134855 0.071143 
1710.667663 0.081588 
1709.200472 0.092938 
1707.733280 0.104364 
1706.266089 0.115136 
1704.798897 0.124398 
1703.331706 0.132154 
1701.864514 0.137946 
1700.397323 0.143470 
1698.930131 0.147204 
1697.462940 0.149332 
1695.995748 0.152666 
1694.528557 0.154492 
1693.061365 0.155248 
1691.594174 0.155471 
1690.126982 0.154624 
1688.659791 0.152417 
1687.192599 0.149209 
1685.725408 0.145169 
1684.258216 0.143025 
1682.791025 0.138038 
1681.323833 0.134322 
1679.856642 0.131519 
1678.389450 0.129211 
1676.922259 0.127474 
1675.455067 0.126187 
1673.987876 0.125661 
1672.520684 0.124717 
1671.053493 0.124527 
1669.586301 0.123848 
1668.119110 0.123565 
1666.651918 0.122715 
1665.184727 0.122160 
1663.717535 0.121765 
1662.250344 0.121911 
1660.783152 0.120859 
1659.315961 0.120157 
1657.848769 0.119480 
1656.381578 0.118978 
1654.914386 0.118327 
1653.447195 0.118054 
1651.980003 0.118689 
1650.512812 0.116360 
1649.045620 0.115493 
1647.578429 0.114941 
1646.111237 0.114456 
1644.644046 0.113148 
1643.176854 0.111960 
1641.709663 0.111039 
1640.242471 0.109991 
1638.775280 0.108835 
1637.308088 0.107910 
1635.840897 0.106682 
1634.373706 0.105715 
1632.906514 0.104177 
1631.439323 0.102841 
1629.972131 0.101641 
1628.504940 0.100426 
1627.037748 0.099349 
1625.570557 0.097965 
1624.103365 0.096664 
1622.636174 0.095898 
1621.168982 0.094457 
1619.701791 0.093454 
1618.234599 0.092508 
1616.767408 0.092317 
1615.300216 0.091125 
1613.833025 0.090119 
1612.365833 0.089828 
1610.898642 0.089584 
1609.431450 0.089161 
1607.964259 0.088875 
1606.497067 0.088516 
1605.029876 0.088181 
1603.562684 0.087699 
1602.095493 0.087273 
1600.628301 0.087099 
1599.161110 0.086329 
1597.693918 0.085747 
1596.226727 0.085031 
1594.759535 0.084099 
1593.292344 0.083591 
1591.825152 0.082771 
1590.357961 0.082043 
1588.890769 0.081370 
1587.423578 0.080512 
1585.956386 0.079802 
1584.489195 0.079310 
1583.022003 0.078914 
1581.554812 0.078403 
1580.087620 0.077923 
1578.620429 0.077437 
1577.153237 0.076793 
1575.686046 0.077113 
1574.218854 0.075951 
1572.751663 0.075513 
1571.284471 0.075175 
1569.817280 0.074734 
1568.350088 0.074363 
1566.882897 0.073776 
1565.415705 0.073411 
1563.948514 0.073207 
1562.481322 0.072771 
1561.014131 0.072451 
1559.546939 0.073042 
1558.079748 0.072336 
1556.612556 0.071548 
1555.145365 0.070768 
1553.678173 0.071016 
1552.210982 0.070336 
1550.743790 0.069870 
1549.276599 0.069789 
1547.809407 0.069111 
1546.342216 0.068776 
1544.875024 0.068761 
1543.407833 0.068271 
1541.940641 0.068635 
1540.473450 0.067963 
1539.006258 0.067492 
1537.539067 0.066875 
1536.071875 0.066406 
1534.604684 0.066129 
1533.137492 0.066130 
1531.670301 0.065395 
1530.203109 0.064720 
1528.735918 0.064450 
1527.268726 0.064214 
1525.801535 0.063885 
1524.334343 0.063661 
1522.867152 0.063339 
1521.399960 0.062941 
1519.932769 0.062924 
1518.465577 0.062101 
1516.998386 0.062391 
1515.531194 0.061957 
1514.064003 0.061747 
1512.596811 0.061598 
1511.129620 0.061325 
1509.662428 0.061070 
1508.195237 0.060737 
1506.728045 0.061477 
1505.260854 0.060729 
1503.793662 0.059932 
1502.326471 0.059714 
1500.859279 0.059608 
1499.392088 0.059641 
1497.924896 0.059831 
1496.457705 0.060370 
1494.990513 0.060853 
1493.523322 0.061576 
1492.056130 0.062731 
1490.588939 0.064630 
1489.121747 0.067190 
1487.654556 0.070220 
1486.187364 0.074181 
1484.720173 0.078936 
1483.252981 0.084168 
1481.785790 0.089514 
1480.318598 0.094755 
1478.851407 0.098937 
1477.384215 0.101529 
1475.917024 0.102319 
1474.449832 0.099768 
1472.982641 0.096062 
1471.515449 0.091091 
1470.048258 0.087379 
1468.581066 0.087016 
1467.113875 0.089714 
1465.646683 0.093524 
1464.179492 0.097406 
1462.712300 0.099447 
1461.245109 0.100143 
1459.777917 0.098973 
1458.310726 0.096930 
1456.843534 0.095527 
1455.376343 0.094408 
1453.909151 0.096177 
1452.441960 0.099645 
1450.974768 0.103574 
1449.507577 0.106379 
1448.040385 0.107487 
1446.573194 0.106887 
1445.106002 0.105044 
1443.638811 0.102692 
1442.171619 0.100307 
1440.704428 0.098279 
1439.237236 0.097420 
1437.770045 0.097195 
1436.302853 0.098806 
1434.835662 0.099056 
1433.368470 0.100843 
1431.901279 0.102912 
1430.434087 0.105231 
1428.966896 0.108052 
1427.499704 0.110702 
1426.032513 0.113674 
1424.565321 0.116481 
1423.098130 0.118856 
1421.630938 0.119400 
1420.163747 0.118485 
1418.696555 0.116154 
1417.229364 0.111886 
1415.762172 0.107619 
1414.294981 0.103591 
1412.827789 0.100168 
1411.360598 0.096961 
1409.893406 0.094101 
1408.426215 0.091402 
1406.959023 0.088705 
1405.491832 0.086398 
1404.024640 0.084348 
1402.557449 0.082171 
1401.090257 0.080256 
1399.623066 0.078353 
1398.155874 0.076752 
1396.688683 0.074703 
1395.221491 0.073230 
1393.754300 0.071992 
1392.287108 0.070226 
1390.819917 0.068709 
1389.352725 0.067340 
1387.885534 0.066270 
1386.418342 0.065465 
1384.951151 0.064617 
1383.483959 0.064711 
1382.016768 0.065342 
1380.549576 0.066997 
1379.082385 0.070086 
1377.615193 0.074743 
1376.148002 0.080726 
1374.680811 0.087651 
1373.213619 0.094154 
1371.746428 0.098841 
1370.279236 0.100401 
1368.812045 0.098464 
1367.344853 0.093392 
1365.877662 0.087554 
1364.410470 0.082947 
1362.943279 0.080365 
1361.476087 0.079271 
1360.008896 0.080253 
1358.541704 0.081664 
1357.074513 0.082507 
1355.607321 0.081377 
1354.140130 0.078707 
1352.672938 0.074526 
1351.205747 0.070204 
1349.738555 0.066526 
1348.271364 0.063442 
1346.804172 0.061204 
1345.336981 0.059353 
1343.869789 0.058025 
1342.402598 0.056860 
1340.935406 0.055863 
1339.468215 0.055187 
1338.001023 0.054557 
1336.533832 0.054032 
1335.066640 0.053379 
1333.599449 0.052937 
1332.132257 0.052455 
1330.665066 0.052101 
1329.197874 0.051744 
1327.730683 0.051320 
1326.263491 0.050771 
1324.796300 0.050321 
1323.329108 0.049635 
1321.861917 0.049072 
1320.394725 0.048650 
1318.927534 0.048231 
1317.460342 0.047859 
1315.993151 0.047253 
1314.525959 0.046795 
1313.058768 0.046379 
1311.591576 0.046037 
1310.124385 0.045936 
1308.657193 0.045855 
1307.190002 0.045914 
1305.722810 0.045861 
1304.255619 0.045656 
1302.788427 0.045658 
1301.321236 0.045454 
1299.854044 0.045027 
1298.386853 0.044631 
1296.919661 0.044158 
1295.452470 0.043854 
1293.985278 0.043584 
1292.518087 0.043324 
1291.050895 0.043230 
1289.583704 0.042906 
1288.116512 0.042514 
1286.649321 0.042271 
1285.182129 0.041703 
1283.714938 0.041353 
1282.247746 0.041049 
1280.780555 0.040697 
1279.313363 0.040502 
1277.846172 0.040080 
1276.378980 0.039826 
1274.911789 0.039517 
1273.444597 0.039355 
1271.977406 0.038991 
1270.510214 0.038913 
1269.043023 0.038905 
1267.575831 0.038778 
1266.108640 0.038663 
1264.641448 0.038368 
1263.174257 0.038168 
1261.707065 0.037888 
1260.239874 0.037645 
1258.772682 0.037506 
1257.305491 0.037579 
1255.838299 0.038168 
1254.371108 0.039614 
1252.903916 0.041619 
1251.436725 0.044716 
1249.969533 0.048463 
1248.502342 0.051969 
1247.035150 0.054468 
1245.567959 0.055749 
1244.100767 0.056443 
1242.633576 0.056846 
1241.166384 0.057889 
1239.699193 0.059100 
1238.232001 0.058911 
1236.764810 0.057186 
1235.297618 0.053654 
1233.830427 0.049317 
1232.363235 0.045141 
1230.896044 0.042290 
1229.428852 0.040407 
1227.961661 0.039362 
1226.494469 0.038805 
1225.027278 0.038243 
1223.560086 0.037411 
1222.092895 0.036429 
1220.625703 0.035599 
1219.158512 0.034797 
1217.691320 0.034304 
1216.224129 0.034054 
1214.756937 0.033707 
1213.289746 0.033241 
1211.822554 0.032711 
1210.355363 0.032391 
1208.888171 0.031996 
1207.420980 0.031493 
1205.953788 0.031062 
1204.486597 0.030594 
1203.019405 0.030261 
1201.552214 0.029868 
1200.085022 0.029466 
1198.617831 0.029108 
1197.150639 0.028867 
1195.683448 0.028418 
1194.216256 0.028220 
1192.749065 0.027879 
1191.281873 0.027669 
1189.814682 0.027473 
1188.347490 0.027419 
1186.880299 0.027376 
1185.413107 0.027012 
1183.945916 0.026746 
1182.478724 0.026527 
1181.011533 0.026342 
1179.544341 0.026056 
1178.077150 0.025828 
1176.609958 0.025152 
1175.142767 0.024609 
1173.675575 0.024378 
1172.208384 0.024149 
1170.741192 0.024108 
1169.274001 0.024140 
1167.806809 0.024140 
1166.339618 0.024181 
1164.872426 0.024562 
1163.405235 0.024869 
1161.938043 0.025238 
1160.470852 0.025555 
1159.003660 0.025172 
1157.536469 0.024479 
1156.069277 0.023639 
1154.602086 0.023049 
1153.134894 0.022059 
1151.667703 0.021554 
1150.200511 0.020912 
1148.733320 0.020390 
1147.266128 0.020041 
1145.798937 0.019926 
1144.331745 0.020458 
1142.864554 0.021346 
1141.397362 0.022619 
1139.930171 0.024649 
1138.462979 0.027063 
1136.995788 0.030209 
1135.528596 0.034097 
1134.061405 0.038079 
1132.594213 0.042444 
1131.127022 0.046777 
1129.659830 0.050986 
1128.192639 0.054661 
1126.725447 0.057660 
1125.258256 0.059946 
1123.791064 0.061245 
1122.323873 0.061390 
1120.856681 0.060915 
1119.389490 0.059317 
1117.922298 0.057129 
1116.455107 0.054323 
1114.987916 0.051097 
1113.520724 0.047432 
1112.053533 0.043730 
1110.586341 0.040097 
1109.119150 0.036973 
1107.651958 0.034050 
1106.184767 0.031522 
1104.717575 0.029324 
1103.250384 0.027858 
1101.783192 0.026865 
1100.316001 0.026925 
1098.848809 0.028204 
1097.381618 0.029864 
1095.914426 0.031230 
1094.447235 0.031248 
1092.980043 0.029581 
1091.512852 0.026345 
1090.045660 0.023228 
1088.578469 0.020909 
1087.111277 0.019177 
1085.644086 0.017982 
1084.176894 0.017121 
1082.709703 0.015776 
1081.242511 0.014719 
1079.775320 0.014048 
1078.308128 0.013403 
1076.840937 0.013016 
1075.373745 0.012637 
1073.906554 0.011957 
1072.439362 0.010974 
1070.972171 0.009940 
1069.504979 0.008982 
1068.037788 0.007827 
1066.570596 0.007012 
1065.103405 0.006213 
1063.636213 0.005352 
1062.169022 0.004343 
1060.701830 0.003258 
1059.234639 0.002170 
1057.767447 0.001337 
1056.300256 0.000512 
1054.833064 0.000050 
1053.365873 -0.000105 
1051.898681 0.000063 
1050.431490 0.000697 
1048.964298 0.002718 
1047.497107 0.007226 
1046.029915 0.014281 
1044.562724 0.024165 
1043.095532 0.037296 
1041.628341 0.052959 
1040.161149 0.070686 
1038.693958 0.088843 
1037.226766 0.107214 
1035.759575 0.124451 
1034.292383 0.140208 
1032.825192 0.154099 
1031.358000 0.165323 
1029.890809 0.175143 
1028.423617 0.182753 
1026.956426 0.189213 
1025.489234 0.195890 
1024.022043 0.201788 
1022.554851 0.208139 
1021.087660 0.213515 
1019.620468 0.219697 
1018.153277 0.224894 
1016.686085 0.227350 
1015.218894 0.227986 
1013.751702 0.225965 
1012.284511 0.219468 
1010.817319 0.209109 
1009.350128 0.195001 
1007.882936 0.177267 
1006.415745 0.157488 
1004.948553 0.136682 
1003.481362 0.116500 
1002.014170 0.097146 
1000.546979 0.079861 
999.079787 0.065365 
997.612596 0.053493 
996.145404 0.043793 
994.678213 0.036698 
993.211021 0.031336 
991.743830 0.026917 
990.276638 0.023749 
988.809447 0.021155 
987.342255 0.019543 
985.875064 0.018710 
984.407872 0.018687 
982.940681 0.019023 
981.473489 0.019312 
980.006298 0.019348 
978.539106 0.018913 
977.071915 0.017848 
975.604723 0.016645 
974.137532 0.015511 
972.670340 0.014888 
971.203149 0.014567 
969.735957 0.014396 
968.268766 0.014833 
966.801574 0.015253 
965.334383 0.015934 
963.867191 0.016914 
962.400000 0.017836 
960.932808 0.018911 
959.465617 0.019873 
957.998425 0.021087 
956.531234 0.022368 
955.064042 0.023757 
953.596851 0.025414 
952.129659 0.027067 
950.662468 0.028465 
949.195276 0.030016 
947.728085 0.031832 
946.260893 0.033837 
944.793702 0.035533 
943.326510 0.037561 
941.859319 0.039412 
940.392127 0.041628 
938.924936 0.043729 
937.457744 0.045943 
935.990553 0.047957 
934.523361 0.050168 
933.056170 0.052535 
931.588978 0.055073 
930.121787 0.057273 
928.654595 0.059621 
927.187404 0.061863 
925.720212 0.063938 
924.253021 0.066580 
922.785829 0.069435 
921.318638 0.072256 
919.851446 0.074746 
918.384255 0.077102 
916.917063 0.079584 
915.449872 0.082172 
913.982680 0.084680 
912.515489 0.087790 
911.048297 0.090479 
909.581106 0.093305 
908.113914 0.095859 
906.646723 0.098097 
905.179531 0.100590 
903.712340 0.103509 
902.245148 0.106321 
900.777957 0.109176 
899.310765 0.111688 
897.843574 0.113734 
896.376382 0.116147 
894.909191 0.118170 
893.441999 0.120839 
891.974808 0.123689 
890.507616 0.126550 
889.040425 0.129011 
887.573233 0.131110 
886.106042 0.133268 
884.638850 0.135874 
883.171659 0.138591 
881.704467 0.141115 
880.237276 0.143812 
878.770084 0.146272 
877.302893 0.148430 
875.835701 0.150605 
874.368510 0.152953 
872.901318 0.155052 
871.434127 0.157373 
869.966935 0.159789 
868.499744 0.161465 
867.032552 0.163718 
865.565361 0.165827 
864.098169 0.167488 
862.630978 0.169680 
861.163786 0.172110 
859.696595 0.173978 
858.229404 0.175857 
856.762212 0.177723 
855.295021 0.179531 
853.827829 0.181617 
852.360638 0.183526 
850.893446 0.185517 
849.426255 0.186760 
847.959063 0.188795 
846.491872 0.190668 
845.024680 0.192735 
843.557489 0.194840 
842.090297 0.196818 
840.623106 0.198301 
839.155914 0.199876 
837.688723 0.201147 
836.221531 0.203202 
834.754340 0.204879 
833.287148 0.206324 
831.819957 0.207407 
830.352765 0.208885 
828.885574 0.209825 
827.418382 0.211000 
825.951191 0.212092 
824.483999 0.213819 
823.016808 0.214903 
821.549616 0.216110 
820.082425 0.216815 
818.615233 0.217099 
817.148042 0.217936 
815.680850 0.218666 
814.213659 0.219849 
812.746467 0.220857 
811.279276 0.221800 
809.812084 0.222213 
808.344893 0.222643 
806.877701 0.222634 
805.410510 0.223730 
803.943318 0.224376 
802.476127 0.225163 
801.008935 0.225174 
799.541744 0.225278 
798.074552 0.225640 
796.607361 0.225658 
795.140169 0.225636 
793.672978 0.226003 
792.205786 0.225999 
790.738595 0.226370 
789.271403 0.226221 
787.804212 0.226490 
786.337020 0.226007 
784.869829 0.225640 
783.402637 0.225977 
781.935446 0.225668 
780.468254 0.225319 
779.001063 0.225010 
777.533871 0.224543 
776.066680 0.224278 
774.599488 0.223989 
773.132297 0.223529 
771.665105 0.222857 
770.197914 0.222245 
768.730722 0.221785 
767.263531 0.221399 
765.796339 0.220626 
764.329148 0.220562 
762.861956 0.219853 
761.394765 0.219323 
759.927573 0.218088 
758.460382 0.217277 
756.993190 0.215832 
755.525999 0.215548 
754.058807 0.215273 
752.591616 0.213948 
751.124424 0.212927 
749.657233 0.212222 
748.190041 0.210975 
746.722850 0.209566 
745.255658 0.207891 
743.788467 0.207185 
742.321275 0.206346 
740.854084 0.205791 
739.386892 0.204182 
737.919701 0.202617 
736.452509 0.200434 
734.985318 0.199817 
733.518126 0.198430 
732.050935 0.197106 
730.583743 0.195939 
729.116552 0.194301 
727.649360 0.191866 
726.182169 0.191420 
724.714977 0.189490 
723.247786 0.188702 
721.780594 0.187273 
720.313403 0.184966 
718.846211 0.183793 
717.379020 0.180819 
715.911828 0.179976 
714.444637 0.178928 
712.977445 0.176644 
711.510254 0.175307 
710.043062 0.173659 
708.575871 0.171497 
707.108679 0.168779 
705.641488 0.167114 
704.174296 0.165091 
702.707105 0.164028 
701.239913 0.162180 
699.772722 0.159803 
698.305530 0.157242 
696.838339 0.154798 
695.371147 0.153166 
693.903956 0.150674 
692.436764 0.149783 
690.969573 0.146591 
689.502381 0.144955 
688.035190 0.141110 
686.567998 0.139946 
685.100807 0.136417 
683.633615 0.135159 
682.166424 0.132660 
680.699232 0.128913 
679.232041 0.127790 
677.764849 0.126293 
676.297658 0.123045 
674.830466 0.119594 
673.363275 0.116783 
671.896083 0.115228 
670.428892 0.109758 
668.961700 0.108788 
667.494509 0.106097 
666.027317 0.105297 
664.560126 0.104910 
663.092934 0.099409 
661.625743 0.097356 
660.158551 0.096687 
658.691360 0.094846 
657.224168 0.092051 
655.756977 0.090148 
654.289785 0.089985 
652.822594 0.087033 
651.355402 0.084570 
649.888211 0.083909 
648.421019 0.080246 
646.953828 0.078484 
645.486636 0.076326 
644.019445 0.073944 
642.552253 0.070075 
641.085062 0.069206 
639.617870 0.064437 
638.150679 0.063889 
636.683487 0.062932 
635.216296 0.061025 
633.749104 0.057801 
632.281913 0.053838 
630.814721 0.051704 
629.347530 0.051759 
627.880338 0.048249 
626.413147 0.046263 
624.945955 0.044010 
623.478764 0.042002 
622.011572 0.039511 
620.544381 0.037504 
619.077189 0.035585 
617.609998 0.031460 
616.142806 0.029421 
614.675615 0.027726 
613.208423 0.028464 
611.741232 0.023139 
610.274040 0.021021 
608.806849 0.020982 
607.339657 0.016156 
605.872466 0.015507 
604.405274 0.012310 
602.938083 0.009355 
601.470891 0.003462 
600.003700 0.000105 
