5000.111000 -0.000331 
4998.643809 -0.000273 
4997.176617 -0.000147 
4995.709426 0.000281 
4994.242234 -0.000233 
4992.775043 -0.000386 
4991.307851 -0.000202 
4989.840660 -0.000304 
4988.373468 0.000072 
4986.906277 -0.000187 
4985.439085 -0.000133 
4983.971894 -0.000161 
4982.504702 -0.000635 
4981.037511 -0.000563 
4979.570319 -0.000336 
4978.103128 -0.000182 
4976.635936 -0.000750 
4975.168745 -0.000340 
4973.701553 -0.000377 
4972.234362 -0.000403 
4970.767170 -0.000512 
4969.299979 -0.000527 
4967.832787 -0.000639 
4966.365596 -0.000583 
4964.898404 -0.000491 
4963.431213 -0.000563 
4961.964021 -0.000566 
4960.496830 -0.000619 
4959.029638 -0.000141 
4957.562447 -0.000081 
4956.095255 -0.000281 
4954.628064 -0.000323 
4953.160872 -0.000353 
4951.693681 0.000071 
4950.226489 -0.000121 
4948.759298 -0.000014 
4947.292106 -0.000172 
4945.824915 0.000055 
4944.357723 -0.000066 
4942.890532 0.000081 
4941.423340 0.000031 
4939.956149 0.000066 
4938.488957 0.000026 
4937.021766 0.000132 
4935.554574 -0.000264 
4934.087383 -0.000176 
4932.620191 0.000293 
4931.153000 0.000287 
4929.685808 0.000095 
4928.218617 0.000207 
4926.751425 0.000238 
4925.284234 0.000397 
4923.817042 0.000210 
4922.349851 0.000028 
4920.882659 -0.000011 
4919.415468 0.000144 
4917.948276 0.000342 
4916.481085 0.000075 
4915.013893 -0.000014 
4913.546702 -0.000196 
4912.079510 0.000207 
4910.612319 0.000167 
4909.145127 -0.000025 
4907.677936 -0.000285 
4906.210744 -0.000080 
4904.743553 -0.000023 
4903.276361 -0.000138 
4901.809170 0.000106 
4900.341978 -0.000133 
4898.874787 -0.000138 
4897.407595 -0.000340 
4895.940404 0.000005 
4894.473212 0.000273 
4893.006021 -0.000311 
4891.538829 -0.000080 
4890.071638 0.000175 
4888.604446 0.000081 
4887.137255 0.000152 
4885.670063 0.000379 
4884.202872 0.000051 
4882.735680 -0.000204 
4881.268489 -0.000144 
4879.801297 0.000048 
4878.334106 0.000025 
4876.866914 -0.000034 
4875.399723 0.000264 
4873.932531 0.000337 
4872.465340 0.000034 
4870.998148 -0.000064 
4869.530957 -0.000025 
4868.063765 0.000262 
4866.596574 0.000098 
4865.129382 0.000057 
4863.662191 0.000336 
4862.194999 0.000261 
4860.727808 0.000130 
4859.260616 -0.000162 
4857.793425 -0.000152 
4856.326233 0.000182 
4854.859042 0.000267 
4853.391850 0.000222 
4851.924659 0.000138 
4850.457467 0.000126 
4848.990276 0.000094 
4847.523084 0.000328 
4846.055893 0.000225 
4844.588701 0.000182 
4843.121510 0.000159 
4841.654318 0.000287 
4840.187127 0.000147 
4838.719935 0.000043 
4837.252744 0.000104 
4835.785552 0.000299 
4834.318361 0.000239 
4832.851169 0.000121 
4831.383978 0.000273 
4829.916786 0.000244 
4828.449595 0.000195 
4826.982403 0.000368 
4825.515212 0.000328 
4824.048020 0.000149 
4822.580829 0.000175 
4821.113637 0.000078 
4819.646446 0.000231 
4818.179254 0.000221 
4816.712063 0.000132 
4815.244871 0.000537 
4813.777680 0.000331 
4812.310488 -0.000029 
4810.843297 0.000040 
4809.376105 0.000167 
4807.908914 0.000242 
4806.441722 0.000164 
4804.974531 0.000069 
4803.507339 0.000259 
4802.040148 0.000090 
4800.572956 0.000267 
4799.105765 -0.000118 
4797.638573 0.000041 
4796.171382 0.000219 
4794.704190 0.000136 
4793.236999 0.000032 
4791.769807 -0.000057 
4790.302616 0.000115 
4788.835424 0.000333 
4787.368233 -0.000057 
4785.901041 -0.000231 
4784.433850 -0.000178 
4782.966658 -0.000199 
4781.499467 -0.000009 
4780.032275 -0.000092 
4778.565084 -0.000127 
4777.097892 -0.000293 
4775.630701 -0.000090 
4774.163509 0.000064 
4772.696318 0.000038 
4771.229126 -0.000100 
4769.761935 -0.000368 
4768.294743 -0.000300 
4766.827552 0.000005 
4765.360360 -0.000199 
4763.893169 -0.000216 
4762.425977 0.000078 
4760.958786 -0.000000 
4759.491594 -0.000290 
4758.024403 -0.000132 
4756.557211 -0.000224 
4755.090020 0.000023 
4753.622828 0.000031 
4752.155637 -0.000032 
4750.688445 0.000228 
4749.221254 -0.000101 
4747.754062 -0.000152 
4746.286871 -0.000379 
4744.819679 -0.000464 
4743.352488 -0.000089 
4741.885296 -0.000175 
4740.418105 -0.000320 
4738.950914 0.000159 
4737.483722 0.000464 
4736.016531 -0.000195 
4734.549339 0.000044 
4733.082148 0.000066 
4731.614956 -0.000162 
4730.147765 0.000090 
4728.680573 -0.000247 
4727.213382 0.000478 
4725.746190 -0.000264 
4724.278999 0.000092 
4722.811807 -0.000293 
4721.344616 -0.000104 
4719.877424 -0.000354 
4718.410233 0.000020 
4716.943041 -0.000161 
4715.475850 -0.000323 
4714.008658 -0.000104 
4712.541467 -0.000143 
4711.074275 -0.000080 
4709.607084 -0.000285 
4708.139892 -0.000305 
4706.672701 -0.000313 
4705.205509 -0.000241 
4703.738318 0.000034 
4702.271126 0.000003 
4700.803935 -0.000135 
4699.336743 -0.000265 
4697.869552 -0.000035 
4696.402360 -0.000103 
4694.935169 0.000089 
4693.467977 0.000222 
4692.000786 -0.000015 
4690.533594 0.000150 
4689.066403 -0.000028 
4687.599211 0.000509 
4686.132020 -0.000136 
4684.664828 0.000492 
4683.197637 0.000018 
4681.730445 -0.000104 
4680.263254 -0.000123 
4678.796062 -0.000803 
4677.328871 0.000052 
4675.861679 -0.000819 
4674.394488 0.000038 
4672.927296 -0.000884 
4671.460105 -0.000789 
4669.992913 0.000048 
4668.525722 -0.000930 
4667.058530 -0.000051 
4665.591339 -0.000866 
4664.124147 -0.000455 
4662.656956 -0.000397 
4661.189764 -0.000981 
4659.722573 0.000098 
4658.255381 -0.000601 
4656.788190 0.000051 
4655.320998 0.000046 
4653.853807 -0.000469 
4652.386615 0.000489 
4650.919424 -0.000118 
4649.452232 0.000336 
4647.985041 0.000483 
4646.517849 -0.000385 
4645.050658 0.000474 
4643.583466 0.000310 
4642.116275 0.000198 
4640.649083 0.000466 
4639.181892 0.000097 
4637.714700 0.000380 
4636.247509 0.000460 
4634.780317 -0.000141 
4633.313126 0.000327 
4631.845934 0.000094 
4630.378743 0.000146 
4628.911551 0.000679 
4627.444360 0.000409 
4625.977168 0.000261 
4624.509977 0.000342 
4623.042785 0.000032 
4621.575594 0.000371 
4620.108402 0.000222 
4618.641211 0.000216 
4617.174019 0.000290 
4615.706828 0.000239 
4614.239636 0.000305 
4612.772445 0.000409 
4611.305253 -0.000058 
4609.838062 -0.000150 
4608.370870 0.000009 
4606.903679 0.000167 
4605.436487 0.000057 
4603.969296 0.000129 
4602.502104 0.000037 
4601.034913 -0.000023 
4599.567721 -0.000035 
4598.100530 -0.000089 
4596.633338 -0.000002 
4595.166147 0.000006 
4593.698955 -0.000104 
4592.231764 -0.000196 
4590.764572 -0.000149 
4589.297381 -0.000144 
4587.830189 -0.000141 
4586.362998 -0.000302 
4584.895806 -0.000366 
4583.428615 -0.000064 
4581.961423 -0.000021 
4580.494232 -0.000221 
4579.027040 -0.000202 
4577.559849 -0.000258 
4576.092657 -0.000055 
4574.625466 -0.000052 
4573.158274 -0.000120 
4571.691083 -0.000369 
4570.223891 -0.000212 
4568.756700 0.000026 
4567.289508 0.000097 
4565.822317 0.000069 
4564.355125 0.000135 
4562.887934 -0.000037 
4561.420742 -0.000054 
4559.953551 -0.000048 
4558.486359 0.000032 
4557.019168 -0.000139 
4555.551976 0.000218 
4554.084785 0.000224 
4552.617593 0.000121 
4551.150402 0.000343 
4549.683210 0.000054 
4548.216019 0.000026 
4546.748827 0.000304 
4545.281636 0.000112 
4543.814444 -0.000048 
4542.347253 0.000087 
4540.880061 -0.000117 
4539.412870 0.000086 
4537.945678 0.000208 
4536.478487 0.000262 
4535.011295 0.000063 
4533.544104 0.000143 
4532.076912 0.000342 
4530.609721 0.000139 
4529.142529 0.000127 
4527.675338 0.000279 
4526.208146 0.000314 
4524.740955 0.000296 
4523.273763 0.000222 
4521.806572 0.000316 
4520.339380 0.000360 
4518.872189 0.000348 
4517.404997 0.000440 
4515.937806 0.000478 
4514.470614 0.000460 
4513.003423 0.000491 
4511.536231 0.000327 
4510.069040 0.000363 
4508.601848 0.000449 
4507.134657 0.000385 
4505.667465 0.000477 
4504.200274 0.000553 
4502.733082 0.000376 
4501.265891 0.000506 
4499.798699 0.000523 
4498.331508 0.000535 
4496.864316 0.000400 
4495.397125 0.000213 
4493.929933 0.000012 
4492.462742 0.000399 
4490.995550 0.000518 
4489.528359 0.000395 
4488.061167 0.000438 
4486.593976 0.000386 
4485.126784 0.000362 
4483.659593 0.000567 
4482.192402 0.000386 
4480.725210 0.000405 
4479.258019 0.000310 
4477.790827 0.000305 
4476.323636 0.000530 
4474.856444 0.000587 
4473.389253 0.000676 
4471.922061 0.000399 
4470.454870 0.000458 
4468.987678 0.000503 
4467.520487 0.000529 
4466.053295 0.000523 
4464.586104 0.000304 
4463.118912 0.000471 
4461.651721 0.000855 
4460.184529 0.000538 
4458.717338 0.000589 
4457.250146 0.000650 
4455.782955 0.000599 
4454.315763 0.000702 
4452.848572 0.000402 
4451.381380 0.000690 
4449.914189 0.000757 
4448.446997 0.000696 
4446.979806 0.000745 
4445.512614 0.000549 
4444.045423 0.000590 
4442.578231 0.000579 
4441.111040 0.000497 
4439.643848 0.000722 
4438.176657 0.000714 
4436.709465 0.000610 
4435.242274 0.000740 
4433.775082 0.000756 
4432.307891 0.000872 
4430.840699 0.000662 
4429.373508 0.000719 
4427.906316 0.000627 
4426.439125 0.000664 
4424.971933 0.000550 
4423.504742 0.000517 
4422.037550 0.000688 
4420.570359 0.000789 
4419.103167 0.000992 
4417.635976 0.000826 
4416.168784 0.000766 
4414.701593 0.000788 
4413.234401 0.000601 
4411.767210 0.000440 
4410.300018 0.000566 
4408.832827 0.000754 
4407.365635 0.000688 
4405.898444 0.000645 
4404.431252 0.000678 
4402.964061 0.000653 
4401.496869 0.000615 
4400.029678 0.000812 
4398.562486 0.000733 
4397.095295 0.000722 
4395.628103 0.000622 
4394.160912 0.000612 
4392.693720 0.000728 
4391.226529 0.000507 
4389.759337 0.000512 
4388.292146 0.000454 
4386.824954 0.000584 
4385.357763 0.000638 
4383.890571 0.000624 
4382.423380 0.000487 
4380.956188 0.000529 
4379.488997 0.000558 
4378.021805 0.000451 
4376.554614 0.000546 
4375.087422 0.000621 
4373.620231 0.000492 
4372.153039 0.000422 
4370.685848 0.000291 
4369.218656 0.000414 
4367.751465 0.000310 
4366.284273 0.000279 
4364.817082 0.000400 
4363.349890 0.000379 
4361.882699 0.000558 
4360.415507 0.000486 
4358.948316 0.000457 
4357.481124 0.000356 
4356.013933 0.000281 
4354.546741 0.000245 
4353.079550 0.000362 
4351.612358 0.000514 
4350.145167 0.000322 
4348.677975 0.000133 
4347.210784 0.000368 
4345.743592 0.000351 
4344.276401 0.000021 
4342.809209 0.000025 
4341.342018 0.000136 
4339.874826 0.000023 
4338.407635 -0.000058 
4336.940443 0.000029 
4335.473252 0.000152 
4334.006060 -0.000077 
4332.538869 0.000044 
4331.071677 0.000095 
4329.604486 0.000221 
4328.137294 0.000097 
4326.670103 0.000182 
4325.202911 0.000101 
4323.735720 0.000208 
4322.268528 0.000304 
4320.801337 0.000258 
4319.334145 0.000094 
4317.866954 0.000250 
4316.399762 0.000294 
4314.932571 0.000084 
4313.465379 0.000136 
4311.998188 0.000054 
4310.530996 0.000181 
4309.063805 0.000087 
4307.596613 0.000118 
4306.129422 0.000225 
4304.662230 0.000296 
4303.195039 0.000184 
4301.727847 0.000201 
4300.260656 0.000124 
4298.793464 0.000092 
4297.326273 0.000169 
4295.859081 0.000314 
4294.391890 0.000267 
4292.924698 0.000187 
4291.457507 0.000084 
4289.990315 -0.000005 
4288.523124 0.000044 
4287.055932 0.000055 
4285.588741 0.000120 
4284.121549 0.000222 
4282.654358 0.000219 
4281.187166 0.000123 
4279.719975 0.000230 
4278.252783 0.000235 
4276.785592 0.000173 
4275.318400 0.000155 
4273.851209 0.000014 
4272.384017 0.000107 
4270.916826 0.000017 
4269.449634 0.000046 
4267.982443 0.000193 
4266.515251 0.000236 
4265.048060 0.000138 
4263.580868 0.000256 
4262.113677 0.000317 
4260.646485 0.000414 
4259.179294 0.000067 
4257.712102 0.000017 
4256.244911 0.000176 
4254.777719 0.000196 
4253.310528 0.000224 
4251.843336 -0.000017 
4250.376145 0.000087 
4248.908953 0.000104 
4247.441762 -0.000025 
4245.974570 0.000002 
4244.507379 0.000152 
4243.040187 0.000064 
4241.572996 0.000132 
4240.105804 0.000038 
4238.638613 -0.000063 
4237.171421 0.000023 
4235.704230 0.000153 
4234.237038 0.000144 
4232.769847 0.000135 
4231.302655 0.000109 
4229.835464 0.000043 
4228.368272 0.000092 
4226.901081 0.000179 
4225.433889 0.000201 
4223.966698 0.000146 
4222.499507 0.000382 
4221.032315 0.000273 
4219.565124 0.000238 
4218.097932 0.000415 
4216.630741 0.000310 
4215.163549 0.000504 
4213.696358 0.000422 
4212.229166 0.000173 
4210.761975 0.000253 
4209.294783 0.000405 
4207.827592 0.000512 
4206.360400 0.000495 
4204.893209 0.000343 
4203.426017 0.000451 
4201.958826 0.000484 
4200.491634 0.000434 
4199.024443 0.000449 
4197.557251 0.000437 
4196.090060 0.000541 
4194.622868 0.000504 
4193.155677 0.000682 
4191.688485 0.000616 
4190.221294 0.000674 
4188.754102 0.000495 
4187.286911 0.000506 
4185.819719 0.000537 
4184.352528 0.000592 
4182.885336 0.000558 
4181.418145 0.000540 
4179.950953 0.000466 
4178.483762 0.000566 
4177.016570 0.000720 
4175.549379 0.000560 
4174.082187 0.000632 
4172.614996 0.000622 
4171.147804 0.000793 
4169.680613 0.000697 
4168.213421 0.000730 
4166.746230 0.000569 
4165.279038 0.000609 
4163.811847 0.000681 
4162.344655 0.000863 
4160.877464 0.000812 
4159.410272 0.000704 
4157.943081 0.000771 
4156.475889 0.000647 
4155.008698 0.000645 
4153.541506 0.000753 
4152.074315 0.000877 
4150.607123 0.000668 
4149.139932 0.000699 
4147.672740 0.000731 
4146.205549 0.000953 
4144.738357 0.001064 
4143.271166 0.000943 
4141.803974 0.000851 
4140.336783 0.000946 
4138.869591 0.000891 
4137.402400 0.001007 
4135.935208 0.001029 
4134.468017 0.000921 
4133.000825 0.000963 
4131.533634 0.000990 
4130.066442 0.000964 
4128.599251 0.001041 
4127.132059 0.000826 
4125.664868 0.000912 
4124.197676 0.001121 
4122.730485 0.000986 
4121.263293 0.000972 
4119.796102 0.001090 
4118.328910 0.001190 
4116.861719 0.001246 
4115.394527 0.001111 
4113.927336 0.000911 
4112.460144 0.000944 
4110.992953 0.001076 
4109.525761 0.001058 
4108.058570 0.001130 
4106.591378 0.001147 
4105.124187 0.001269 
4103.656995 0.001255 
4102.189804 0.001242 
4100.722612 0.001334 
4099.255421 0.001214 
4097.788229 0.001300 
4096.321038 0.001248 
4094.853846 0.001334 
4093.386655 0.001324 
4091.919463 0.001346 
4090.452272 0.001294 
4088.985080 0.001263 
4087.517889 0.001219 
4086.050697 0.001332 
4084.583506 0.001418 
4083.116314 0.001361 
4081.649123 0.001334 
4080.181931 0.001239 
4078.714740 0.001482 
4077.247548 0.001413 
4075.780357 0.001355 
4074.313165 0.001283 
4072.845974 0.001478 
4071.378782 0.001363 
4069.911591 0.001487 
4068.444399 0.001334 
4066.977208 0.001320 
4065.510016 0.001436 
4064.042825 0.001536 
4062.575633 0.001487 
4061.108442 0.001372 
4059.641250 0.001401 
4058.174059 0.001318 
4056.706867 0.001544 
4055.239676 0.001614 
4053.772484 0.001455 
4052.305293 0.001495 
4050.838101 0.001430 
4049.370910 0.001294 
4047.903718 0.001476 
4046.436527 0.001462 
4044.969335 0.001283 
4043.502144 0.001403 
4042.034952 0.001501 
4040.567761 0.001513 
4039.100569 0.001502 
4037.633378 0.001611 
4036.166186 0.001516 
4034.698995 0.001392 
4033.231803 0.001378 
4031.764612 0.001490 
4030.297420 0.001423 
4028.830229 0.001432 
4027.363037 0.001301 
4025.895846 0.001429 
4024.428654 0.001334 
4022.961463 0.001188 
4021.494271 0.001206 
4020.027080 0.001067 
4018.559888 0.001116 
4017.092697 0.001007 
4015.625505 0.000996 
4014.158314 0.000929 
4012.691122 0.000851 
4011.223931 0.000828 
4009.756739 0.000875 
4008.289548 0.000711 
4006.822356 0.000599 
4005.355165 0.000483 
4003.887973 0.000497 
4002.420782 0.000673 
4000.953590 0.000668 
3999.486399 0.000472 
3998.019207 0.000231 
3996.552016 0.000225 
3995.084824 0.000282 
3993.617633 0.000231 
3992.150441 0.000017 
3990.683250 -0.000009 
3989.216058 0.000009 
3987.748867 0.000139 
3986.281675 0.000098 
3984.814484 0.000003 
3983.347292 -0.000023 
3981.880101 -0.000040 
3980.412909 -0.000014 
3978.945718 -0.000025 
3977.478526 -0.000092 
3976.011335 -0.000166 
3974.544143 -0.000090 
3973.076952 -0.000029 
3971.609760 -0.000060 
3970.142569 -0.000040 
3968.675377 -0.000064 
3967.208186 0.000043 
3965.740994 -0.000129 
3964.273803 -0.000138 
3962.806612 -0.000041 
3961.339420 0.000087 
3959.872229 -0.000018 
3958.405037 0.000195 
3956.937846 0.000077 
3955.470654 0.000008 
3954.003463 0.000084 
3952.536271 0.000086 
3951.069080 -0.000025 
3949.601888 0.000035 
3948.134697 0.000041 
3946.667505 0.000101 
3945.200314 0.000159 
3943.733122 0.000101 
3942.265931 0.000331 
3940.798739 0.000064 
3939.331548 -0.000071 
3937.864356 -0.000031 
3936.397165 -0.000034 
3934.929973 -0.000101 
3933.462782 0.000139 
3931.995590 0.000270 
3930.528399 0.000201 
3929.061207 0.000097 
3927.594016 -0.000034 
3926.126824 0.000048 
3924.659633 0.000041 
3923.192441 -0.000029 
3921.725250 -0.000133 
3920.258058 0.000097 
3918.790867 0.000028 
3917.323675 0.000406 
3915.856484 0.000244 
3914.389292 -0.000021 
3912.922101 -0.000077 
3911.454909 -0.000112 
3909.987718 -0.000112 
3908.520526 -0.000121 
3907.053335 -0.000107 
3905.586143 -0.000061 
3904.118952 0.000104 
3902.651760 -0.000017 
3901.184569 0.000100 
3899.717377 -0.000028 
3898.250186 -0.000008 
3896.782994 -0.000228 
3895.315803 -0.000271 
3893.848611 -0.000285 
3892.381420 -0.000299 
3890.914228 0.000005 
3889.447037 -0.000333 
3887.979845 -0.000299 
3886.512654 -0.000048 
3885.045462 0.000115 
3883.578271 -0.000489 
3882.111079 -0.000406 
3880.643888 -0.000126 
3879.176696 -0.000233 
3877.709505 -0.000449 
3876.242313 -0.000587 
3874.775122 -0.000380 
3873.307930 -0.000227 
3871.840739 -0.000549 
3870.373547 -0.000124 
3868.906356 -0.000008 
3867.439164 -0.000730 
3865.971973 -0.000561 
3864.504781 -0.000317 
3863.037590 -0.000632 
3861.570398 -0.000472 
3860.103207 -0.000705 
3858.636015 -0.000665 
3857.168824 -0.000615 
3855.701632 -0.000538 
3854.234441 0.000901 
3852.767249 0.000477 
3851.300058 -0.000008 
3849.832866 -0.000584 
3848.365675 -0.000688 
3846.898483 -0.000624 
3845.431292 -0.000825 
3843.964100 -0.000422 
3842.496909 -0.000397 
3841.029717 -0.000360 
3839.562526 -0.000305 
3838.095334 0.000379 
3836.628143 -0.000037 
3835.160951 -0.000164 
3833.693760 -0.000219 
3832.226568 -0.000086 
3830.759377 -0.000005 
3829.292185 -0.000215 
3827.824994 -0.000054 
3826.357802 0.000113 
3824.890611 0.000094 
3823.423419 -0.000063 
3821.956228 0.000310 
3820.489036 0.000556 
3819.021845 0.000239 
3817.554653 0.000288 
3816.087462 0.000976 
3814.620270 0.000389 
3813.153079 0.000052 
3811.685887 0.000101 
3810.218696 0.000097 
3808.751504 0.000146 
3807.284313 0.000497 
3805.817121 0.000455 
3804.349930 0.000113 
3802.882738 0.000313 
3801.415547 0.001076 
3799.948355 0.000504 
3798.481164 0.000100 
3797.013972 0.000327 
3795.546781 0.000235 
3794.079589 0.000044 
3792.612398 0.000049 
3791.145206 -0.000113 
3789.678015 -0.000178 
3788.210823 -0.000235 
3786.743632 -0.000097 
3785.276440 -0.000098 
3783.809249 -0.000028 
3782.342057 -0.000029 
3780.874866 0.000048 
3779.407674 0.000290 
3777.940483 0.000121 
3776.473291 0.000032 
3775.006100 0.000041 
3773.538908 0.000080 
3772.071717 0.000173 
3770.604525 0.000288 
3769.137334 0.000328 
3767.670142 0.000021 
3766.202951 0.000487 
3764.735759 0.001052 
3763.268568 0.001358 
3761.801376 0.001797 
3760.334185 0.002333 
3758.866993 0.002572 
3757.399802 0.002634 
3755.932610 0.002732 
3754.465419 0.002546 
3752.998227 0.002873 
3751.531036 0.002796 
3750.063844 0.001836 
3748.596653 0.001318 
3747.129461 0.000158 
3745.662270 -0.000067 
3744.195078 -0.000083 
3742.727887 -0.002325 
3741.260695 -0.003021 
3739.793504 -0.002496 
3738.326312 -0.001354 
3736.859121 0.000014 
3735.391929 0.000084 
3733.924738 -0.000120 
3732.457546 0.000087 
3730.990355 0.000259 
3729.523163 0.000139 
3728.055972 0.000245 
3726.588780 0.000543 
3725.121589 0.000212 
3723.654397 -0.000090 
3722.187206 -0.000052 
3720.720014 -0.000123 
3719.252823 -0.000018 
3717.785631 0.000048 
3716.318440 -0.000035 
3714.851248 -0.000002 
3713.384057 0.000235 
3711.916865 0.000590 
3710.449674 0.000279 
3708.982482 0.000146 
3707.515291 -0.000035 
3706.048099 -0.000129 
3704.580908 0.000008 
3703.113717 0.000005 
3701.646525 0.000106 
3700.179334 -0.000069 
3698.712142 -0.000026 
3697.244951 0.000189 
3695.777759 0.000299 
3694.310568 0.000426 
3692.843376 0.000532 
3691.376185 0.001012 
3689.908993 0.001246 
3688.441802 0.002106 
3686.974610 0.001774 
3685.507419 0.001541 
3684.040227 0.001702 
3682.573036 0.001999 
3681.105844 0.002252 
3679.638653 0.002627 
3678.171461 0.002782 
3676.704270 0.003424 
3675.237078 0.004369 
3673.769887 0.004001 
3672.302695 0.004062 
3670.835504 0.005063 
3669.368312 0.005193 
3667.901121 0.005210 
3666.433929 0.005477 
3664.966738 0.005618 
3663.499546 0.006014 
3662.032355 0.006441 
3660.565163 0.006564 
3659.097972 0.007079 
3657.630780 0.007628 
3656.163589 0.008436 
3654.696397 0.008425 
3653.229206 0.008639 
3651.762014 0.009483 
3650.294823 0.010390 
3648.827631 0.010874 
3647.360440 0.011112 
3645.893248 0.011274 
3644.426057 0.011687 
3642.958865 0.012144 
3641.491674 0.012858 
3640.024482 0.013307 
3638.557291 0.013888 
3637.090099 0.014543 
3635.622908 0.015121 
3634.155716 0.015927 
3632.688525 0.016542 
3631.221333 0.017204 
3629.754142 0.018392 
3628.286950 0.019330 
3626.819759 0.019491 
3625.352567 0.020033 
3623.885376 0.020780 
3622.418184 0.021692 
3620.950993 0.022543 
3619.483801 0.023722 
3618.016610 0.024574 
3616.549418 0.025253 
3615.082227 0.026305 
3613.615035 0.027362 
3612.147844 0.028645 
3610.680652 0.029421 
3609.213461 0.030741 
3607.746269 0.031498 
3606.279078 0.032597 
3604.811886 0.033773 
3603.344695 0.034881 
3601.877503 0.036166 
3600.410312 0.037444 
3598.943120 0.038801 
3597.475929 0.040223 
3596.008737 0.041581 
3594.541546 0.042926 
3593.074354 0.044353 
3591.607163 0.045898 
3590.139971 0.047396 
3588.672780 0.049339 
3587.205588 0.050987 
3585.738397 0.052571 
3584.271205 0.054019 
3582.804014 0.055790 
3581.336822 0.057536 
3579.869631 0.059345 
3578.402439 0.061103 
3576.935248 0.063212 
3575.468056 0.065246 
3574.000865 0.067236 
3572.533673 0.069347 
3571.066482 0.071585 
3569.599290 0.073849 
3568.132099 0.076351 
3566.664907 0.078808 
3565.197716 0.080995 
3563.730524 0.083203 
3562.263333 0.085815 
3560.796141 0.088218 
3559.328950 0.090928 
3557.861758 0.093536 
3556.394567 0.096211 
3554.927375 0.099090 
3553.460184 0.101950 
3551.992992 0.105045 
3550.525801 0.108034 
3549.058609 0.111193 
3547.591418 0.114353 
3546.124226 0.117636 
3544.657035 0.121073 
3543.189843 0.124307 
3541.722652 0.127795 
3540.255460 0.131388 
3538.788269 0.135016 
3537.321077 0.138712 
3535.853886 0.142728 
3534.386694 0.146565 
3532.919503 0.150633 
3531.452311 0.154602 
3529.985120 0.158871 
3528.517928 0.163096 
3527.050737 0.167391 
3525.583545 0.171888 
3524.116354 0.176271 
3522.649162 0.180873 
3521.181971 0.185508 
3519.714779 0.190328 
3518.247588 0.195089 
3516.780396 0.199960 
3515.313205 0.204993 
3513.846013 0.209970 
3512.378822 0.215024 
3510.911630 0.220175 
3509.444439 0.225292 
3507.977247 0.230700 
3506.510056 0.236118 
3505.042864 0.241556 
3503.575673 0.247126 
3502.108481 0.252576 
3500.641290 0.258122 
3499.174098 0.263913 
3497.706907 0.269758 
3496.239715 0.275445 
3494.772524 0.281258 
3493.305332 0.287109 
3491.838141 0.293121 
3490.370949 0.299102 
3488.903758 0.305105 
3487.436566 0.311264 
3485.969375 0.317405 
3484.502183 0.323682 
3483.034992 0.329835 
3481.567800 0.336203 
3480.100609 0.342564 
3478.633417 0.349016 
3477.166226 0.355517 
3475.699034 0.362014 
3474.231843 0.368461 
3472.764651 0.375034 
3471.297460 0.381632 
3469.830268 0.388289 
3468.363077 0.394985 
3466.895885 0.401881 
3465.428694 0.408632 
3463.961502 0.415184 
3462.494311 0.422195 
3461.027119 0.429215 
3459.559928 0.436096 
3458.092736 0.442804 
3456.625545 0.449691 
3455.158353 0.456505 
3453.691162 0.463659 
3452.223970 0.470538 
3450.756779 0.477437 
3449.289587 0.484465 
3447.822396 0.491375 
3446.355205 0.498336 
3444.888013 0.505257 
3443.420822 0.512342 
3441.953630 0.519214 
3440.486439 0.526339 
3439.019247 0.533076 
3437.552056 0.540109 
3436.084864 0.547232 
3434.617673 0.554120 
3433.150481 0.561067 
3431.683290 0.568337 
3430.216098 0.575861 
3428.748907 0.583518 
3427.281715 0.591079 
3425.814524 0.598778 
3424.347332 0.606717 
3422.880141 0.614796 
3421.412949 0.623212 
3419.945758 0.631625 
3418.478566 0.640028 
3417.011375 0.648385 
3415.544183 0.656845 
3414.076992 0.665085 
3412.609800 0.672521 
3411.142609 0.680003 
3409.675417 0.687169 
3408.208226 0.693474 
3406.741034 0.699570 
3405.273843 0.705477 
3403.806651 0.710949 
3402.339460 0.716316 
3400.872268 0.720991 
3399.405077 0.725463 
3397.937885 0.730765 
3396.470694 0.736251 
3395.003502 0.740988 
3393.536311 0.745732 
3392.069119 0.750277 
3390.601928 0.754620 
3389.134736 0.759531 
3387.667545 0.764006 
3386.200353 0.768095 
3384.733162 0.771873 
3383.265970 0.775392 
3381.798779 0.778786 
3380.331587 0.781882 
3378.864396 0.784608 
3377.397204 0.787416 
3375.930013 0.789944 
3374.462821 0.792935 
3372.995630 0.795117 
3371.528438 0.797679 
3370.061247 0.800093 
3368.594055 0.802267 
3367.126864 0.805638 
3365.659672 0.808435 
3364.192481 0.811314 
3362.725289 0.814061 
3361.258098 0.817180 
3359.790906 0.820271 
3358.323715 0.823219 
3356.856523 0.826275 
3355.389332 0.829741 
3353.922140 0.833041 
3352.454949 0.836394 
3350.987757 0.839365 
3349.520566 0.842306 
3348.053374 0.846112 
3346.586183 0.849187 
3345.118991 0.852885 
3343.651800 0.856125 
3342.184608 0.859596 
3340.717417 0.863123 
3339.250225 0.866285 
3337.783034 0.869601 
3336.315842 0.873513 
3334.848651 0.876723 
3333.381459 0.880133 
3331.914268 0.883656 
3330.447076 0.887341 
3328.979885 0.890974 
3327.512693 0.894446 
3326.045502 0.898202 
3324.578310 0.901700 
3323.111119 0.905636 
3321.643927 0.909127 
3320.176736 0.912890 
3318.709544 0.916603 
3317.242353 0.920541 
3315.775161 0.924600 
3314.307970 0.928549 
3312.840778 0.931949 
3311.373587 0.935557 
3309.906395 0.939078 
3308.439204 0.941804 
3306.972012 0.944613 
3305.504821 0.947225 
3304.037629 0.949995 
3302.570438 0.953072 
3301.103246 0.955862 
3299.636055 0.958429 
3298.168863 0.960962 
3296.701672 0.963598 
3295.234480 0.966120 
3293.767289 0.968804 
3292.300097 0.971189 
3290.832906 0.973021 
3289.365714 0.975667 
3287.898523 0.978001 
3286.431331 0.980272 
3284.964140 0.982244 
3283.496948 0.984386 
3282.029757 0.986468 
3280.562565 0.987948 
3279.095374 0.989492 
3277.628182 0.990977 
3276.160991 0.992817 
3274.693799 0.993986 
3273.226608 0.995374 
3271.759416 0.996526 
3270.292225 0.996917 
3268.825033 0.998036 
3267.357842 0.998556 
3265.890650 0.999350 
3264.423459 0.999798 
3262.956267 0.999977 
3261.489076 1.000000 
3260.021884 0.999824 
3258.554693 0.999319 
3257.087501 0.998913 
3255.620310 0.998088 
3254.153118 0.997017 
3252.685927 0.996117 
3251.218735 0.994886 
3249.751544 0.993238 
3248.284352 0.991794 
3246.817161 0.989763 
3245.349969 0.987755 
3243.882778 0.985788 
3242.415586 0.983560 
3240.948395 0.980836 
3239.481203 0.978380 
3238.014012 0.975688 
3236.546820 0.972943 
3235.079629 0.969955 
3233.612437 0.966085 
3232.145246 0.962495 
3230.678054 0.959645 
3229.210863 0.956170 
3227.743671 0.952572 
3226.276480 0.948479 
3224.809288 0.944319 
3223.342097 0.940192 
3221.874905 0.936153 
3220.407714 0.931711 
3218.940522 0.927476 
3217.473331 0.922958 
3216.006139 0.918381 
3214.538948 0.913893 
3213.071756 0.909038 
3211.604565 0.904474 
3210.137373 0.899560 
3208.670182 0.894627 
3207.202990 0.889469 
3205.735799 0.884579 
3204.268607 0.879491 
3202.801416 0.874226 
3201.334224 0.868954 
3199.867033 0.863656 
3198.399841 0.858409 
3196.932650 0.853092 
3195.465458 0.847457 
3193.998267 0.842010 
3192.531075 0.836524 
3191.063884 0.830812 
3189.596692 0.825288 
3188.129501 0.819469 
3186.662310 0.813586 
3185.195118 0.807739 
3183.727927 0.801965 
3182.260735 0.796077 
3180.793544 0.790180 
3179.326352 0.783894 
3177.859161 0.777937 
3176.391969 0.771954 
3174.924778 0.765831 
3173.457586 0.759724 
3171.990395 0.753447 
3170.523203 0.747079 
3169.056012 0.740923 
3167.588820 0.734960 
3166.121629 0.728527 
3164.654437 0.722176 
3163.187246 0.715604 
3161.720054 0.709251 
3160.252863 0.702880 
3158.785671 0.696245 
3157.318480 0.689744 
3155.851288 0.683084 
3154.384097 0.676500 
3152.916905 0.670008 
3151.449714 0.663077 
3149.982522 0.656450 
3148.515331 0.649771 
3147.048139 0.643032 
3145.580948 0.636254 
3144.113756 0.629575 
3142.646565 0.622597 
3141.179373 0.615727 
3139.712182 0.608899 
3138.244990 0.602011 
3136.777799 0.595197 
3135.310607 0.588412 
3133.843416 0.581388 
3132.376224 0.574506 
3130.909033 0.567577 
3129.441841 0.560809 
3127.974650 0.553970 
3126.507458 0.546967 
3125.040267 0.540088 
3123.573075 0.533255 
3122.105884 0.526521 
3120.638692 0.519505 
3119.171501 0.512440 
3117.704309 0.505648 
3116.237118 0.498597 
3114.769926 0.491860 
3113.302735 0.485037 
3111.835543 0.478097 
3110.368352 0.471242 
3108.901160 0.464266 
3107.433969 0.457412 
3105.966777 0.450471 
3104.499586 0.443661 
3103.032394 0.436695 
3101.565203 0.429766 
3100.098011 0.423031 
3098.630820 0.416239 
3097.163628 0.409558 
3095.696437 0.402838 
3094.229245 0.396187 
3092.762054 0.389249 
3091.294862 0.382722 
3089.827671 0.375986 
3088.360479 0.369519 
3086.893288 0.362938 
3085.426096 0.356448 
3083.958905 0.350001 
3082.491713 0.343710 
3081.024522 0.337371 
3079.557330 0.330959 
3078.090139 0.324628 
3076.622947 0.318450 
3075.155756 0.312440 
3073.688564 0.306448 
3072.221373 0.300532 
3070.754181 0.294724 
3069.286990 0.288961 
3067.819798 0.283336 
3066.352607 0.277723 
3064.885415 0.272108 
3063.418224 0.266763 
3061.951032 0.261422 
3060.483841 0.256324 
3059.016649 0.251282 
3057.549458 0.246229 
3056.082266 0.241320 
3054.615075 0.236606 
3053.147883 0.232000 
3051.680692 0.227599 
3050.213500 0.223100 
3048.746309 0.218659 
3047.279117 0.214509 
3045.811926 0.210403 
3044.344734 0.206448 
3042.877543 0.202530 
3041.410351 0.198753 
3039.943160 0.195011 
3038.475968 0.191024 
3037.008777 0.187030 
3035.541585 0.183738 
3034.074394 0.180684 
3032.607202 0.177620 
3031.140011 0.174674 
3029.672819 0.171714 
3028.205628 0.168798 
3026.738436 0.165913 
3025.271245 0.163152 
3023.804053 0.160379 
3022.336862 0.157935 
3020.869670 0.155425 
3019.402479 0.152904 
3017.935287 0.150567 
3016.468096 0.148328 
3015.000904 0.146131 
3013.533713 0.144007 
3012.066521 0.141953 
3010.599330 0.139780 
3009.132138 0.137844 
3007.664947 0.136016 
3006.197755 0.134176 
3004.730564 0.132308 
3003.263372 0.130555 
3001.796181 0.128825 
3000.328989 0.127208 
2998.861798 0.125613 
2997.394606 0.124116 
2995.927415 0.122534 
2994.460223 0.120995 
2992.993032 0.119690 
2991.525840 0.118237 
2990.058649 0.116859 
2988.591457 0.115512 
2987.124266 0.114161 
2985.657074 0.112976 
2984.189883 0.111837 
2982.722691 0.110775 
2981.255500 0.109645 
2979.788308 0.108512 
2978.321117 0.107485 
2976.853925 0.106487 
2975.386734 0.105687 
2973.919542 0.104758 
2972.452351 0.103753 
2970.985159 0.102914 
2969.517968 0.102088 
2968.050776 0.101265 
2966.583585 0.100400 
2965.116393 0.099553 
2963.649202 0.098775 
2962.182010 0.098133 
2960.714819 0.097670 
2959.247627 0.097383 
2957.780436 0.097106 
2956.313244 0.096836 
2954.846053 0.096698 
2953.378861 0.096542 
2951.911670 0.096392 
2950.444478 0.096191 
2948.977287 0.095981 
2947.510095 0.095696 
2946.042904 0.095605 
2944.575712 0.095414 
2943.108521 0.095191 
2941.641329 0.094945 
2940.174138 0.094778 
2938.706946 0.094551 
2937.239755 0.094327 
2935.772563 0.094076 
2934.305372 0.093711 
2932.838180 0.093372 
2931.370989 0.093068 
2929.903797 0.092840 
2928.436606 0.092464 
2926.969415 0.092106 
2925.502223 0.091706 
2924.035032 0.091509 
2922.567840 0.091220 
2921.100649 0.090968 
2919.633457 0.090709 
2918.166266 0.090351 
2916.699074 0.089921 
2915.231883 0.089733 
2913.764691 0.089662 
2912.297500 0.089402 
2910.830308 0.089089 
2909.363117 0.088664 
2907.895925 0.088381 
2906.428734 0.088197 
2904.961542 0.087938 
2903.494351 0.087565 
2902.027159 0.087151 
2900.559968 0.086929 
2899.092776 0.086626 
2897.625585 0.086258 
2896.158393 0.085856 
2894.691202 0.085448 
2893.224010 0.085016 
2891.756819 0.084742 
2890.289627 0.084288 
2888.822436 0.083828 
2887.355244 0.083368 
2885.888053 0.082956 
2884.420861 0.082507 
2882.953670 0.082140 
2881.486478 0.081733 
2880.019287 0.081224 
2878.552095 0.080794 
2877.084904 0.080325 
2875.617712 0.079853 
2874.150521 0.079433 
2872.683329 0.078961 
2871.216138 0.078483 
2869.748946 0.078084 
2868.281755 0.077643 
2866.814563 0.077252 
2865.347372 0.076769 
2863.880180 0.076291 
2862.412989 0.075869 
2860.945797 0.075417 
2859.478606 0.074882 
2858.011414 0.074418 
2856.544223 0.073929 
2855.077031 0.073492 
2853.609840 0.073030 
2852.142648 0.072570 
2850.675457 0.072039 
2849.208265 0.071346 
2847.741074 0.070490 
2846.273882 0.069830 
2844.806691 0.069476 
2843.339499 0.069089 
2841.872308 0.068593 
2840.405116 0.067972 
2838.937925 0.067363 
2837.470733 0.066842 
2836.003542 0.066306 
2834.536350 0.065748 
2833.069159 0.065197 
2831.601967 0.064679 
2830.134776 0.064106 
2828.667584 0.063525 
2827.200393 0.062952 
2825.733201 0.062429 
2824.266010 0.061894 
2822.798818 0.061382 
2821.331627 0.060879 
2819.864435 0.060269 
2818.397244 0.059760 
2816.930052 0.059201 
2815.462861 0.058661 
2813.995669 0.058160 
2812.528478 0.057556 
2811.061286 0.057028 
2809.594095 0.056628 
2808.126903 0.056035 
2806.659712 0.055649 
2805.192520 0.055197 
2803.725329 0.054691 
2802.258137 0.054165 
2800.790946 0.053639 
2799.323754 0.053182 
2797.856563 0.052680 
2796.389371 0.052287 
2794.922180 0.051780 
2793.454988 0.051329 
2791.987797 0.050863 
2790.520605 0.050386 
2789.053414 0.049962 
2787.586222 0.049453 
2786.119031 0.048950 
2784.651839 0.048473 
2783.184648 0.048020 
2781.717456 0.047618 
2780.250265 0.047187 
2778.783073 0.046703 
2777.315882 0.046251 
2775.848690 0.045751 
2774.381499 0.045355 
2772.914307 0.044846 
2771.447116 0.044417 
2769.979924 0.043954 
2768.512733 0.043494 
2767.045541 0.043012 
2765.578350 0.042513 
2764.111158 0.042064 
2762.643967 0.041554 
2761.176775 0.041074 
2759.709584 0.040554 
2758.242392 0.040012 
2756.775201 0.039552 
2755.308009 0.039086 
2753.840818 0.038523 
2752.373626 0.038128 
2750.906435 0.037585 
2749.439243 0.037096 
2747.972052 0.036573 
2746.504860 0.036080 
2745.037669 0.035565 
2743.570477 0.035079 
2742.103286 0.034585 
2740.636094 0.034047 
2739.168903 0.033633 
2737.701711 0.033212 
2736.234520 0.032796 
2734.767328 0.032287 
2733.300137 0.031818 
2731.832945 0.031406 
2730.365754 0.031035 
2728.898562 0.030641 
2727.431371 0.030304 
2725.964179 0.029855 
2724.496988 0.029416 
2723.029796 0.029107 
2721.562605 0.028717 
2720.095413 0.028371 
2718.628222 0.027963 
2717.161030 0.027672 
2715.693839 0.027255 
2714.226647 0.026922 
2712.759456 0.026607 
2711.292264 0.026162 
2709.825073 0.025811 
2708.357881 0.025454 
2706.890690 0.025133 
2705.423498 0.024767 
2703.956307 0.024402 
2702.489115 0.024067 
2701.021924 0.023702 
2699.554732 0.023357 
2698.087541 0.023047 
2696.620349 0.022736 
2695.153158 0.022406 
2693.685966 0.022065 
2692.218775 0.021772 
2690.751583 0.021399 
2689.284392 0.021053 
2687.817200 0.020685 
2686.350009 0.020294 
2684.882817 0.019974 
2683.415626 0.019641 
2681.948434 0.019354 
2680.481243 0.019032 
2679.014051 0.018689 
2677.546860 0.018369 
2676.079668 0.017932 
2674.612477 0.017708 
2673.145285 0.017431 
2671.678094 0.017040 
2670.210903 0.016733 
2668.743711 0.016339 
2667.276520 0.015977 
2665.809328 0.015662 
2664.342137 0.015272 
2662.874945 0.014958 
2661.407754 0.014616 
2659.940562 0.014334 
2658.473371 0.014078 
2657.006179 0.013738 
2655.538988 0.013410 
2654.071796 0.013097 
2652.604605 0.012791 
2651.137413 0.012492 
2649.670222 0.012260 
2648.203030 0.012058 
2646.735839 0.011747 
2645.268647 0.011445 
2643.801456 0.011210 
2642.334264 0.010945 
2640.867073 0.010606 
2639.399881 0.010286 
2637.932690 0.010129 
2636.465498 0.009883 
2634.998307 0.009722 
2633.531115 0.009430 
2632.063924 0.009216 
2630.596732 0.008981 
2629.129541 0.008633 
2627.662349 0.008460 
2626.195158 0.008295 
2624.727966 0.008012 
2623.260775 0.007829 
2621.793583 0.007635 
2620.326392 0.007462 
2618.859200 0.007221 
2617.392009 0.006984 
2615.924817 0.006809 
2614.457626 0.006521 
2612.990434 0.006385 
2611.523243 0.006179 
2610.056051 0.006043 
2608.588860 0.005811 
2607.121668 0.005601 
2605.654477 0.005426 
2604.187285 0.005288 
2602.720094 0.005124 
2601.252902 0.004933 
2599.785711 0.004720 
2598.318519 0.004533 
2596.851328 0.004435 
2595.384136 0.004289 
2593.916945 0.004078 
2592.449753 0.003920 
2590.982562 0.003749 
2589.515370 0.003552 
2588.048179 0.003438 
2586.580987 0.003294 
2585.113796 0.003116 
2583.646604 0.002963 
2582.179413 0.002755 
2580.712221 0.002667 
2579.245030 0.002474 
2577.777838 0.002402 
2576.310647 0.002244 
2574.843455 0.002066 
2573.376264 0.001970 
2571.909072 0.001858 
2570.441881 0.001672 
2568.974689 0.001516 
2567.507498 0.001392 
2566.040306 0.001262 
2564.573115 0.001145 
2563.105923 0.001050 
2561.638732 0.000897 
2560.171540 0.000711 
2558.704349 0.000621 
2557.237157 0.000489 
2555.769966 0.000391 
2554.302774 0.000256 
2552.835583 0.000092 
2551.368391 0.000012 
2549.901200 0.000008 
2548.434008 0.000064 
2546.966817 -0.000049 
2545.499625 -0.000081 
2544.032434 -0.000112 
2542.565242 -0.000072 
2541.098051 -0.000123 
2539.630859 -0.000106 
2538.163668 -0.000063 
2536.696476 -0.000138 
2535.229285 -0.000129 
2533.762093 -0.000021 
2532.294902 -0.000097 
2530.827710 -0.000028 
2529.360519 -0.000025 
2527.893327 -0.000006 
2526.426136 0.000046 
2524.958944 -0.000006 
2523.491753 0.000028 
2522.024561 0.000008 
2520.557370 0.000014 
2519.090178 0.000043 
2517.622987 0.000060 
2516.155795 0.000044 
2514.688604 0.000017 
2513.221412 0.000014 
2511.754221 -0.000011 
2510.287029 -0.000041 
2508.819838 -0.000075 
2507.352646 -0.000092 
2505.885455 -0.000075 
2504.418263 -0.000052 
2502.951072 -0.000000 
2501.483880 0.000008 
2500.016689 -0.000018 
2498.549497 0.000087 
2497.082306 -0.000003 
2495.615114 -0.000072 
2494.147923 -0.000031 
2492.680731 -0.000009 
2491.213540 0.000020 
2489.746348 -0.000041 
2488.279157 -0.000038 
2486.811965 -0.000040 
2485.344774 -0.000008 
2483.877582 -0.000060 
2482.410391 -0.000084 
2480.943199 -0.000049 
2479.476008 -0.000066 
2478.008816 -0.000069 
2476.541625 -0.000046 
2475.074433 -0.000136 
2473.607242 -0.000129 
2472.140050 -0.000113 
2470.672859 -0.000162 
2469.205667 -0.000138 
2467.738476 -0.000127 
2466.271284 -0.000087 
2464.804093 -0.000100 
2463.336901 -0.000037 
2461.869710 -0.000121 
2460.402518 -0.000087 
2458.935327 -0.000087 
2457.468135 -0.000133 
2456.000944 -0.000158 
2454.533752 -0.000144 
2453.066561 -0.000104 
2451.599369 -0.000153 
2450.132178 -0.000166 
2448.664986 -0.000121 
2447.197795 -0.000162 
2445.730603 -0.000161 
2444.263412 -0.000207 
2442.796220 -0.000228 
2441.329029 -0.000230 
2439.861837 -0.000279 
2438.394646 -0.000248 
2436.927454 -0.000281 
2435.460263 -0.000256 
2433.993071 -0.000225 
2432.525880 -0.000264 
2431.058688 -0.000187 
2429.591497 -0.000161 
2428.124305 -0.000110 
2426.657114 -0.000189 
2425.189922 -0.000176 
2423.722731 -0.000172 
2422.255539 -0.000124 
2420.788348 -0.000184 
2419.321156 -0.000170 
2417.853965 -0.000123 
2416.386773 -0.000207 
2414.919582 -0.000182 
2413.452390 -0.000118 
2411.985199 -0.000159 
2410.518008 -0.000109 
2409.050816 -0.000143 
2407.583625 -0.000150 
2406.116433 -0.000132 
2404.649242 -0.000215 
2403.182050 -0.000170 
2401.714859 -0.000107 
2400.247667 -0.000167 
2398.780476 -0.000133 
2397.313284 -0.000227 
2395.846093 -0.000124 
2394.378901 -0.000123 
2392.911710 -0.000216 
2391.444518 -0.000109 
2389.977327 -0.000141 
2388.510135 -0.000166 
2387.042944 -0.000135 
2385.575752 -0.000120 
2384.108561 -0.000081 
2382.641369 -0.000126 
2381.174178 -0.000098 
2379.706986 -0.000123 
2378.239795 -0.000095 
2376.772603 -0.000123 
2375.305412 -0.000141 
2373.838220 -0.000051 
2372.371029 -0.000097 
2370.903837 -0.000083 
2369.436646 -0.000060 
2367.969454 -0.000055 
2366.502263 -0.000012 
2365.035071 -0.000058 
2363.567880 -0.000021 
2362.100688 -0.000003 
2360.633497 -0.000018 
2359.166305 0.000035 
2357.699114 -0.000018 
2356.231922 0.000031 
2354.764731 0.000043 
2353.297539 0.000005 
2351.830348 0.000067 
2350.363156 -0.000015 
2348.895965 0.000044 
2347.428773 -0.000012 
2345.961582 -0.000021 
2344.494390 0.000018 
2343.027199 -0.000069 
2341.560007 0.000046 
2340.092816 0.000048 
2338.625624 0.000041 
2337.158433 0.000028 
2335.691241 0.000063 
2334.224050 -0.000026 
2332.756858 0.000025 
2331.289667 -0.000038 
2329.822475 -0.000021 
2328.355284 0.000002 
2326.888092 -0.000089 
2325.420901 0.000046 
2323.953709 0.000051 
2322.486518 0.000037 
2321.019326 0.000023 
2319.552135 -0.000002 
2318.084943 -0.000002 
2316.617752 -0.000014 
2315.150560 -0.000011 
2313.683369 -0.000006 
2312.216177 0.000049 
2310.748986 0.000048 
2309.281794 0.000040 
2307.814603 -0.000012 
2306.347411 0.000012 
2304.880220 0.000040 
2303.413028 0.000057 
2301.945837 0.000040 
2300.478645 0.000031 
2299.011454 0.000048 
2297.544262 0.000018 
2296.077071 0.000071 
2294.609879 -0.000011 
2293.142688 0.000020 
2291.675496 -0.000009 
2290.208305 -0.000028 
2288.741113 0.000006 
2287.273922 -0.000078 
2285.806730 0.000051 
2284.339539 0.000046 
2282.872347 0.000037 
2281.405156 -0.000002 
2279.937964 -0.000041 
2278.470773 0.000054 
2277.003581 0.000044 
2275.536390 0.000034 
2274.069198 0.000023 
2272.602007 0.000023 
2271.134815 0.000020 
2269.667624 0.000018 
2268.200432 0.000021 
2266.733241 0.000021 
2265.266049 0.000023 
2263.798858 0.000023 
2262.331666 0.000025 
2260.864475 0.000025 
2259.397283 0.000025 
2257.930092 0.000026 
2256.462900 0.000023 
2254.995709 0.000023 
2253.528517 0.000020 
2252.061326 0.000015 
2250.594134 0.000014 
2249.126943 0.000227 
2247.659751 0.000120 
2246.192560 -0.000002 
2244.725368 -0.000046 
2243.258177 0.000078 
2241.790985 0.000425 
2240.323794 0.001007 
2238.856602 0.001596 
2237.389411 0.002433 
2235.922219 0.003161 
2234.455028 0.003630 
2232.987836 0.003857 
2231.520645 0.003920 
2230.053453 0.003795 
2228.586262 0.003703 
2227.119070 0.003659 
2225.651879 0.003549 
2224.184687 0.003162 
2222.717496 0.002758 
2221.250304 0.002221 
2219.783113 0.001723 
2218.315921 0.001387 
2216.848730 0.001102 
2215.381538 0.000967 
2213.914347 0.000886 
2212.447155 0.000794 
2210.979964 0.000681 
2209.512772 0.000578 
2208.045581 0.000510 
2206.578389 0.000132 
2205.111198 0.000015 
2203.644006 0.000012 
2202.176815 0.000008 
2200.709623 0.000006 
2199.242432 0.000000 
2197.775240 0.000006 
2196.308049 0.000020 
2194.840857 0.000035 
2193.373666 0.000054 
2191.906474 0.000072 
2190.439283 0.000095 
2188.972091 0.000121 
2187.504900 0.000152 
2186.037708 0.000185 
2184.570517 0.000224 
2183.103325 0.000261 
2181.636134 0.000304 
2180.168942 0.000351 
2178.701751 0.000400 
2177.234559 0.000446 
2175.767368 0.000491 
2174.300176 0.000533 
2172.832985 0.000569 
2171.365793 0.000599 
2169.898602 0.000618 
2168.431410 0.000635 
2166.964219 0.000635 
2165.497027 0.000627 
2164.029836 0.000612 
2162.562644 0.000583 
2161.095453 0.000550 
2159.628261 0.000510 
2158.161070 0.000471 
2156.693878 0.000426 
2155.226687 0.000386 
2153.759495 0.000354 
2152.292304 0.000328 
2150.825113 0.000294 
2149.357921 0.000256 
2147.890730 0.000219 
2146.423538 0.000196 
2144.956347 0.000175 
2143.489155 0.000167 
2142.021964 0.000161 
2140.554772 0.000196 
2139.087581 0.000228 
2137.620389 0.000159 
2136.153198 0.000110 
2134.686006 0.000084 
2133.218815 0.000067 
2131.751623 0.000046 
2130.284432 0.000035 
2128.817240 0.000026 
2127.350049 0.000017 
2125.882857 0.000014 
2124.415666 0.000008 
2122.948474 0.000005 
2121.481283 0.000002 
2120.014091 0.000000 
2118.546900 0.000000 
2117.079708 -0.000052 
2115.612517 -0.000123 
2114.145325 -0.000075 
2112.678134 -0.000110 
2111.210942 -0.000143 
2109.743751 -0.000146 
2108.276559 -0.000149 
2106.809368 -0.000173 
2105.342176 -0.000190 
2103.874985 -0.000159 
2102.407793 -0.000178 
2100.940602 -0.000155 
2099.473410 -0.000175 
2098.006219 -0.000202 
2096.539027 -0.000205 
2095.071836 -0.000193 
2093.604644 -0.000164 
2092.137453 -0.000139 
2090.670261 -0.000167 
2089.203070 -0.000084 
2087.735878 -0.000149 
2086.268687 -0.000141 
2084.801495 -0.000139 
2083.334304 -0.000146 
2081.867112 -0.000130 
2080.399921 -0.000166 
2078.932729 -0.000124 
2077.465538 -0.000162 
2075.998346 -0.000112 
2074.531155 -0.000090 
2073.063963 0.000008 
2071.596772 0.000058 
2070.129580 -0.000048 
2068.662389 -0.000049 
2067.195197 -0.000012 
2065.728006 -0.000018 
2064.260814 -0.000018 
2062.793623 -0.000066 
2061.326431 -0.000043 
2059.859240 -0.000032 
2058.392048 -0.000038 
2056.924857 0.000029 
2055.457665 -0.000023 
2053.990474 0.000014 
2052.523282 -0.000018 
2051.056091 -0.000035 
2049.588899 -0.000008 
2048.121708 -0.000025 
2046.654516 -0.000037 
2045.187325 -0.000048 
2043.720133 -0.000009 
2042.252942 -0.000021 
2040.785750 0.000026 
2039.318559 0.000000 
2037.851367 -0.000100 
2036.384176 -0.000216 
2034.916984 -0.000290 
2033.449793 -0.000345 
2031.982601 -0.000408 
2030.515410 -0.000481 
2029.048218 -0.000498 
2027.581027 -0.000455 
2026.113835 -0.000558 
2024.646644 -0.000500 
2023.179452 -0.000558 
2021.712261 -0.000510 
2020.245069 -0.000538 
2018.777878 -0.000495 
2017.310686 -0.000464 
2015.843495 -0.000454 
2014.376303 -0.000464 
2012.909112 -0.000480 
2011.441920 -0.000405 
2009.974729 -0.000319 
2008.507537 -0.000261 
2007.040346 -0.000265 
2005.573154 -0.000261 
2004.105963 -0.000169 
2002.638771 -0.000141 
2001.171580 -0.000084 
1999.704388 0.000038 
1998.237197 -0.000029 
1996.770005 -0.000075 
1995.302814 -0.000204 
1993.835622 -0.000304 
1992.368431 -0.000325 
1990.901239 -0.000423 
1989.434048 -0.000497 
1987.966856 -0.000592 
1986.499665 -0.000668 
1985.032473 -0.000736 
1983.565282 -0.000796 
1982.098090 -0.000842 
1980.630899 -0.000874 
1979.163707 -0.000955 
1977.696516 -0.001006 
1976.229324 -0.001073 
1974.762133 -0.001050 
1973.294941 -0.001153 
1971.827750 -0.001194 
1970.360558 -0.001229 
1968.893367 -0.001292 
1967.426175 -0.001265 
1965.958984 -0.001357 
1964.491792 -0.001341 
1963.024601 -0.001465 
1961.557409 -0.001423 
1960.090218 -0.001594 
1958.623026 -0.001573 
1957.155835 -0.001352 
1955.688643 -0.001519 
1954.221452 -0.001564 
1952.754260 -0.001623 
1951.287069 -0.001666 
1949.819877 -0.001689 
1948.352686 -0.001682 
1946.885494 -0.001711 
1945.418303 -0.001711 
1943.951111 -0.001764 
1942.483920 -0.001626 
1941.016728 -0.001810 
1939.549537 -0.001867 
1938.082345 -0.001881 
1936.615154 -0.001976 
1935.147962 -0.001979 
1933.680771 -0.002036 
1932.213579 -0.002053 
1930.746388 -0.002089 
1929.279196 -0.002091 
1927.812005 -0.002166 
1926.344813 -0.002235 
1924.877622 -0.002218 
1923.410430 -0.002189 
1921.943239 -0.002287 
1920.476047 -0.002394 
1919.008856 -0.002348 
1917.541664 -0.002264 
1916.074473 -0.002489 
1914.607281 -0.002549 
1913.140090 -0.002586 
1911.672898 -0.002683 
1910.205707 -0.002657 
1908.738515 -0.002701 
1907.271324 -0.002719 
1905.804132 -0.002776 
1904.336941 -0.002840 
1902.869749 -0.002842 
1901.402558 -0.002926 
1899.935366 -0.002948 
1898.468175 -0.002977 
1897.000983 -0.003061 
1895.533792 -0.003024 
1894.066601 -0.003124 
1892.599409 -0.003138 
1891.132218 -0.003164 
1889.665026 -0.003055 
1888.197835 -0.003080 
1886.730643 -0.003182 
1885.263452 -0.003103 
1883.796260 -0.003178 
1882.329069 -0.003112 
1880.861877 -0.003015 
1879.394686 -0.002949 
1877.927494 -0.002798 
1876.460303 -0.002683 
1874.993111 -0.002496 
1873.525920 -0.002214 
1872.058728 -0.001901 
1870.591537 -0.001637 
1869.124345 -0.001547 
1867.657154 -0.001945 
1866.189962 -0.002183 
1864.722771 -0.002266 
1863.255579 -0.002209 
1861.788388 -0.002206 
1860.321196 -0.002118 
1858.854005 -0.002140 
1857.386813 -0.002195 
1855.919622 -0.002209 
1854.452430 -0.002278 
1852.985239 -0.002272 
1851.518047 -0.002321 
1850.050856 -0.002335 
1848.583664 -0.002348 
1847.116473 -0.002442 
1845.649281 -0.002397 
1844.182090 -0.002031 
1842.714898 -0.002387 
1841.247707 -0.002517 
1839.780515 -0.002545 
1838.313324 -0.002462 
1836.846132 -0.002420 
1835.378941 -0.002410 
1833.911749 -0.002330 
1832.444558 -0.002313 
1830.977366 -0.002122 
1829.510175 -0.001913 
1828.042983 -0.002057 
1826.575792 -0.001990 
1825.108600 -0.001748 
1823.641409 -0.001803 
1822.174217 -0.001748 
1820.707026 -0.001659 
1819.239834 -0.001579 
1817.772643 -0.001438 
1816.305451 -0.001352 
1814.838260 -0.001275 
1813.371068 -0.001145 
1811.903877 -0.001030 
1810.436685 -0.000785 
1808.969494 -0.000779 
1807.502302 -0.000705 
1806.035111 -0.000535 
1804.567919 -0.000394 
1803.100728 -0.000208 
1801.633536 -0.000031 
1800.166345 0.000133 
1798.699153 0.000261 
1797.231962 0.000253 
1795.764770 0.000475 
1794.297579 0.000632 
1792.830387 0.001177 
1791.363196 0.001268 
1789.896004 0.001113 
1788.428813 0.001225 
1786.961621 0.001521 
1785.494430 0.001931 
1784.027238 0.002146 
1782.560047 0.002235 
1781.092855 0.002624 
1779.625664 0.002831 
1778.158472 0.003087 
1776.691281 0.003388 
1775.224089 0.003736 
1773.756898 0.004176 
1772.289706 0.004879 
1770.822515 0.004798 
1769.355323 0.004925 
1767.888132 0.005434 
1766.420940 0.005525 
1764.953749 0.006050 
1763.486557 0.006659 
1762.019366 0.007533 
1760.552174 0.007874 
1759.084983 0.008236 
1757.617791 0.008736 
1756.150600 0.009242 
1754.683408 0.009328 
1753.216217 0.009602 
1751.749025 0.010330 
1750.281834 0.010821 
1748.814642 0.011687 
1747.347451 0.012642 
1745.880259 0.013512 
1744.413068 0.014441 
1742.945876 0.015373 
1741.478685 0.016164 
1740.011493 0.017441 
1738.544302 0.018166 
1737.077110 0.019013 
1735.609919 0.020297 
1734.142727 0.022172 
1732.675536 0.022642 
1731.208344 0.023164 
1729.741153 0.024355 
1728.273961 0.025277 
1726.806770 0.026354 
1725.339578 0.027417 
1723.872387 0.028641 
1722.405195 0.029729 
1720.938004 0.030871 
1719.470812 0.032243 
1718.003621 0.034286 
1716.536429 0.035257 
1715.069238 0.036035 
1713.602046 0.037067 
1712.134855 0.038111 
1710.667663 0.039394 
1709.200472 0.040649 
1707.733280 0.041848 
1706.266089 0.043298 
1704.798897 0.044451 
1703.331706 0.045455 
1701.864514 0.046689 
1700.397323 0.049030 
1698.930131 0.049235 
1697.462940 0.049667 
1695.995748 0.052074 
1694.528557 0.052045 
1693.061365 0.052249 
1691.594174 0.053015 
1690.126982 0.053731 
1688.659791 0.054409 
1687.192599 0.054936 
1685.725408 0.055975 
1684.258216 0.057333 
1682.791025 0.056668 
1681.323833 0.056679 
1679.856642 0.057081 
1678.389450 0.057205 
1676.922259 0.057478 
1675.455067 0.058204 
1673.987876 0.057905 
1672.520684 0.057780 
1671.053493 0.057937 
1669.586301 0.058223 
1668.119110 0.057925 
1666.651918 0.057631 
1665.184727 0.057401 
1663.717535 0.057430 
1662.250344 0.057445 
1660.783152 0.056950 
1659.315961 0.056837 
1657.848769 0.056702 
1656.381578 0.056596 
1654.914386 0.056915 
1653.447195 0.058212 
1651.980003 0.057856 
1650.512812 0.056621 
1649.045620 0.056803 
1647.578429 0.057226 
1646.111237 0.057750 
1644.644046 0.057516 
1643.176854 0.057433 
1641.709663 0.057674 
1640.242471 0.057845 
1638.775280 0.057991 
1637.308088 0.058351 
1635.840897 0.059194 
1634.373706 0.059012 
1632.906514 0.058604 
1631.439323 0.058716 
1629.972131 0.058566 
1628.504940 0.058505 
1627.037748 0.058140 
1625.570557 0.057341 
1624.103365 0.056866 
1622.636174 0.055989 
1621.168982 0.054628 
1619.701791 0.053561 
1618.234599 0.052509 
1616.767408 0.052416 
1615.300216 0.050932 
1613.833025 0.049785 
1612.365833 0.049178 
1610.898642 0.048582 
1609.431450 0.048294 
1607.964259 0.047848 
1606.497067 0.047385 
1605.029876 0.046868 
1603.562684 0.046185 
1602.095493 0.045521 
1600.628301 0.044733 
1599.161110 0.044135 
1597.693918 0.043577 
1596.226727 0.043012 
1594.759535 0.042627 
1593.292344 0.042214 
1591.825152 0.041775 
1590.357961 0.041430 
1588.890769 0.040996 
1587.423578 0.040614 
1585.956386 0.040144 
1584.489195 0.039762 
1583.022003 0.039380 
1581.554812 0.038960 
1580.087620 0.038686 
1578.620429 0.038273 
1577.153237 0.038519 
1575.686046 0.038546 
1574.218854 0.037223 
1572.751663 0.036924 
1571.284471 0.036607 
1569.817280 0.036718 
1568.350088 0.036060 
1566.882897 0.035591 
1565.415705 0.035395 
1563.948514 0.035053 
1562.481322 0.034660 
1561.014131 0.035005 
1559.546939 0.035694 
1558.079748 0.035209 
1556.612556 0.033830 
1555.145365 0.033629 
1553.678173 0.033440 
1552.210982 0.032635 
1550.743790 0.032488 
1549.276599 0.032217 
1547.809407 0.031832 
1546.342216 0.031590 
1544.875024 0.031683 
1543.407833 0.031084 
1541.940641 0.031063 
1540.473450 0.030882 
1539.006258 0.030871 
1537.539067 0.029893 
1536.071875 0.029999 
1534.604684 0.030479 
1533.137492 0.030575 
1531.670301 0.030011 
1530.203109 0.029852 
1528.735918 0.029749 
1527.268726 0.029789 
1525.801535 0.030036 
1524.334343 0.029872 
1522.867152 0.030115 
1521.399960 0.030877 
1519.932769 0.030663 
1518.465577 0.030537 
1516.998386 0.031135 
1515.531194 0.031314 
1514.064003 0.031556 
1512.596811 0.032248 
1511.129620 0.032626 
1509.662428 0.033273 
1508.195237 0.034246 
1506.728045 0.035598 
1505.260854 0.035614 
1503.793662 0.035036 
1502.326471 0.035399 
1500.859279 0.035666 
1499.392088 0.035973 
1497.924896 0.035980 
1496.457705 0.036328 
1494.990513 0.035894 
1493.523322 0.035290 
1492.056130 0.034981 
1490.588939 0.034970 
1489.121747 0.034444 
1487.654556 0.034009 
1486.187364 0.033485 
1484.720173 0.032901 
1483.252981 0.032456 
1481.785790 0.032010 
1480.318598 0.031659 
1478.851407 0.031038 
1477.384215 0.030615 
1475.917024 0.030198 
1474.449832 0.029487 
1472.982641 0.029409 
1471.515449 0.028460 
1470.048258 0.027253 
1468.581066 0.026470 
1467.113875 0.025645 
1465.646683 0.025031 
1464.179492 0.024275 
1462.712300 0.023292 
1461.245109 0.022672 
1459.777917 0.022264 
1458.310726 0.022180 
1456.843534 0.022446 
1455.376343 0.021143 
1453.909151 0.020086 
1452.441960 0.019486 
1450.974768 0.019051 
1449.507577 0.018680 
1448.040385 0.018628 
1446.573194 0.018211 
1445.106002 0.018031 
1443.638811 0.017958 
1442.171619 0.017815 
1440.704428 0.017835 
1439.237236 0.017730 
1437.770045 0.017981 
1436.302853 0.018317 
1434.835662 0.017420 
1433.368470 0.017219 
1431.901279 0.016834 
1430.434087 0.016612 
1428.966896 0.015898 
1427.499704 0.014581 
1426.032513 0.012899 
1424.565321 0.010738 
1423.098130 0.008390 
1421.630938 0.006280 
1420.163747 0.006561 
1418.696555 0.006909 
1417.229364 0.004274 
1415.762172 0.002986 
1414.294981 0.002396 
1412.827789 0.002033 
1411.360598 0.001423 
1409.893406 0.001708 
1408.426215 0.001580 
1406.959023 0.000927 
1405.491832 0.000418 
1404.024640 0.000515 
1402.557449 0.000523 
1401.090257 0.000487 
1399.623066 0.000579 
1398.155874 0.000540 
1396.688683 0.000549 
1395.221491 0.000512 
1393.754300 0.000472 
1392.287108 0.000543 
1390.819917 0.000420 
1389.352725 0.000520 
1387.885534 0.000460 
1386.418342 0.000563 
1384.951151 0.000497 
1383.483959 0.000605 
1382.016768 0.000481 
1380.549576 0.000484 
1379.082385 0.000546 
1377.615193 0.000530 
1376.148002 0.000567 
1374.680811 0.000602 
1373.213619 0.000497 
1371.746428 0.000533 
1370.279236 0.000487 
1368.812045 0.000478 
1367.344853 0.000428 
1365.877662 0.000575 
1364.410470 0.000491 
1362.943279 0.000561 
1361.476087 0.000596 
1360.008896 0.000532 
1358.541704 0.000466 
1357.074513 0.000573 
1355.607321 0.000492 
1354.140130 0.000583 
1352.672938 0.000570 
1351.205747 0.000547 
1349.738555 0.000515 
1348.271364 0.000521 
1346.804172 0.000504 
1345.336981 0.000518 
1343.869789 0.000573 
1342.402598 0.000538 
1340.935406 0.000598 
1339.468215 0.000409 
1338.001023 0.000553 
1336.533832 0.000461 
1335.066640 0.000578 
1333.599449 0.000457 
1332.132257 0.000506 
1330.665066 0.000480 
1329.197874 0.000563 
1327.730683 0.000464 
1326.263491 0.000537 
1324.796300 0.000498 
1323.329108 0.000458 
1321.861917 0.000471 
1320.394725 0.000503 
1318.927534 0.000483 
1317.460342 0.000380 
1315.993151 0.000553 
1314.525959 0.000422 
1313.058768 0.000546 
1311.591576 0.000486 
1310.124385 0.000526 
1308.657193 0.000540 
1307.190002 0.000483 
1305.722810 0.000563 
1304.255619 0.000495 
1302.788427 0.000583 
1301.321236 0.000544 
1299.854044 0.000463 
1298.386853 0.000524 
1296.919661 0.000458 
1295.452470 0.000497 
1293.985278 0.000484 
1292.518087 0.000425 
1291.050895 0.000417 
1289.583704 0.000261 
1288.116512 0.000290 
1286.649321 0.000589 
1285.182129 0.000717 
1283.714938 0.000808 
1282.247746 0.000868 
1280.780555 0.000937 
1279.313363 0.001013 
1277.846172 0.000736 
1276.378980 0.000889 
1274.911789 0.000040 
1273.444597 0.000400 
1271.977406 -0.000498 
1270.510214 -0.000227 
1269.043023 0.000374 
1267.575831 -0.000228 
1266.108640 -0.000727 
1264.641448 -0.001334 
1263.174257 -0.001568 
1261.707065 -0.001881 
1260.239874 -0.002224 
1258.772682 -0.002189 
1257.305491 -0.001754 
1255.838299 -0.001107 
1254.371108 -0.000038 
1252.903916 0.000940 
1251.436725 0.001766 
1249.969533 0.002269 
1248.502342 0.002385 
1247.035150 0.002523 
1245.567959 0.002359 
1244.100767 0.002169 
1242.633576 0.001884 
1241.166384 0.002071 
1239.699193 0.002284 
1238.232001 0.001850 
1236.764810 0.001142 
1235.297618 0.000786 
1233.830427 0.000693 
1232.363235 -0.002062 
1230.896044 -0.003153 
1229.428852 -0.002963 
1227.961661 -0.004229 
1226.494469 -0.004409 
1225.027278 -0.004683 
1223.560086 -0.005261 
1222.092895 -0.005456 
1220.625703 -0.005357 
1219.158512 -0.005066 
1217.691320 -0.004715 
1216.224129 -0.004076 
1214.756937 -0.003069 
1213.289746 -0.002267 
1211.822554 -0.001349 
1210.355363 -0.000751 
1208.888171 -0.000461 
1207.420980 -0.000083 
1205.953788 -0.000012 
1204.486597 0.000126 
1203.019405 0.000138 
1201.552214 0.000221 
1200.085022 0.000369 
1198.617831 0.000143 
1197.150639 0.000316 
1195.683448 0.000248 
1194.216256 0.000193 
1192.749065 0.000281 
1191.281873 0.000271 
1189.814682 0.000277 
1188.347490 0.000199 
1186.880299 0.000385 
1185.413107 0.000405 
1183.945916 0.000261 
1182.478724 0.000452 
1181.011533 0.000512 
1179.544341 0.000651 
1178.077150 0.000808 
1176.609958 0.000964 
1175.142767 0.001262 
1173.675575 0.001314 
1172.208384 0.001741 
1170.741192 0.002034 
1169.274001 0.002250 
1167.806809 0.002771 
1166.339618 0.002909 
1164.872426 0.003283 
1163.405235 0.003664 
1161.938043 0.004177 
1160.470852 0.004609 
1159.003660 0.004907 
1157.536469 0.005575 
1156.069277 0.006017 
1154.602086 0.006541 
1153.134894 0.007205 
1151.667703 0.007789 
1150.200511 0.008469 
1148.733320 0.008974 
1147.266128 0.009769 
1145.798937 0.010364 
1144.331745 0.010926 
1142.864554 0.011791 
1141.397362 0.012321 
1139.930171 0.013013 
1138.462979 0.013710 
1136.995788 0.014225 
1135.528596 0.014915 
1134.061405 0.015472 
1132.594213 0.016456 
1131.127022 0.016793 
1129.659830 0.017187 
1128.192639 0.017858 
1126.725447 0.018176 
1125.258256 0.018497 
1123.791064 0.018537 
1122.323873 0.018841 
1120.856681 0.018962 
1119.389490 0.018806 
1117.922298 0.019020 
1116.455107 0.018763 
1114.987916 0.018404 
1113.520724 0.018179 
1112.053533 0.018028 
1110.586341 0.017634 
1109.119150 0.017061 
1107.651958 0.016695 
1106.184767 0.015982 
1104.717575 0.015159 
1103.250384 0.014756 
1101.783192 0.013842 
1100.316001 0.012971 
1098.848809 0.012205 
1097.381618 0.011544 
1095.914426 0.010580 
1094.447235 0.009686 
1092.980043 0.009389 
1091.512852 0.008321 
1090.045660 0.007476 
1088.578469 0.006909 
1087.111277 0.006018 
1085.644086 0.005206 
1084.176894 0.004416 
1082.709703 0.004078 
1081.242511 0.003311 
1079.775320 0.002538 
1078.308128 0.002325 
1076.840937 0.001689 
1075.373745 0.001205 
1073.906554 0.000852 
1072.439362 0.000566 
1070.972171 0.000193 
1069.504979 -0.000279 
1068.037788 -0.000241 
1066.570596 -0.000592 
1065.103405 -0.000927 
1063.636213 -0.000793 
1062.169022 -0.001035 
1060.701830 -0.001119 
1059.234639 -0.001300 
1057.767447 -0.001160 
1056.300256 -0.001346 
1054.833064 -0.001660 
1053.365873 -0.001662 
1051.898681 -0.002410 
1050.431490 -0.002745 
1048.964298 -0.002463 
1047.497107 -0.001990 
1046.029915 -0.001568 
1044.562724 -0.001554 
1043.095532 -0.001018 
1041.628341 -0.000871 
1040.161149 -0.000797 
1038.693958 -0.000547 
1037.226766 -0.000402 
1035.759575 -0.000138 
1034.292383 -0.000132 
1032.825192 -0.000017 
1031.358000 0.000126 
1029.890809 0.000132 
1028.423617 0.000400 
1026.956426 0.000544 
1025.489234 0.000681 
1024.022043 0.000753 
1022.554851 0.000918 
1021.087660 0.001496 
1019.620468 0.001585 
1018.153277 0.002174 
1016.686085 0.002971 
1015.218894 0.003480 
1013.751702 0.004238 
1012.284511 0.005003 
1010.817319 0.006070 
1009.350128 0.006863 
1007.882936 0.007740 
1006.415745 0.008570 
1004.948553 0.009181 
1003.481362 0.010002 
1002.014170 0.010755 
1000.546979 0.011580 
999.079787 0.012075 
997.612596 0.012642 
996.145404 0.013427 
994.678213 0.013988 
993.211021 0.014753 
991.743830 0.015502 
990.276638 0.016128 
988.809447 0.017035 
987.342255 0.017648 
985.875064 0.018557 
984.407872 0.019333 
982.940681 0.019991 
981.473489 0.021050 
980.006298 0.021767 
978.539106 0.022817 
977.071915 0.023725 
975.604723 0.024782 
974.137532 0.025823 
972.670340 0.026511 
971.203149 0.027952 
969.735957 0.028990 
968.268766 0.029993 
966.801574 0.031311 
965.334383 0.032585 
963.867191 0.033906 
962.400000 0.034775 
960.932808 0.036190 
959.465617 0.037654 
957.998425 0.038989 
956.531234 0.040521 
955.064042 0.041940 
953.596851 0.043372 
952.129659 0.044514 
950.662468 0.046059 
949.195276 0.047872 
947.728085 0.049079 
946.260893 0.050800 
944.793702 0.052588 
943.326510 0.053970 
941.859319 0.055309 
940.392127 0.056841 
938.924936 0.059225 
937.457744 0.060749 
935.990553 0.062323 
934.523361 0.064465 
933.056170 0.065879 
931.588978 0.067461 
930.121787 0.069414 
928.654595 0.071156 
927.187404 0.072773 
925.720212 0.074461 
924.253021 0.076525 
922.785829 0.078150 
921.318638 0.079712 
919.851446 0.081484 
918.384255 0.083215 
916.917063 0.084539 
915.449872 0.086062 
913.982680 0.088344 
912.515489 0.089865 
911.048297 0.091244 
909.581106 0.093344 
908.113914 0.094908 
906.646723 0.096123 
905.179531 0.097799 
903.712340 0.099862 
902.245148 0.101154 
900.777957 0.102485 
899.310765 0.104734 
897.843574 0.106211 
896.376382 0.107455 
894.909191 0.108684 
893.441999 0.110715 
891.974808 0.112456 
890.507616 0.113094 
889.040425 0.115269 
887.573233 0.116911 
886.106042 0.117530 
884.638850 0.119171 
883.171659 0.120941 
881.704467 0.122370 
880.237276 0.123202 
878.770084 0.124845 
877.302893 0.126674 
875.835701 0.127250 
874.368510 0.128362 
872.901318 0.130287 
871.434127 0.131395 
869.966935 0.131941 
868.499744 0.133453 
867.032552 0.135307 
865.565361 0.135683 
864.098169 0.136894 
862.630978 0.138586 
861.163786 0.139498 
859.696595 0.140441 
858.229404 0.141500 
856.762212 0.143370 
855.295021 0.144180 
853.827829 0.144796 
852.360638 0.146504 
850.893446 0.147400 
849.426255 0.148107 
847.959063 0.149004 
846.491872 0.150376 
845.024680 0.150899 
843.557489 0.151162 
842.090297 0.152200 
840.623106 0.152575 
839.155914 0.152111 
837.688723 0.148788 
836.221531 0.142097 
834.754340 0.139699 
833.287148 0.147282 
831.819957 0.154056 
830.352765 0.156849 
828.885574 0.157495 
827.418382 0.157999 
825.951191 0.158676 
824.483999 0.158885 
823.016808 0.158538 
821.549616 0.158634 
820.082425 0.159264 
818.615233 0.159208 
817.148042 0.159182 
815.680850 0.159743 
814.213659 0.160048 
812.746467 0.159593 
811.279276 0.159287 
809.812084 0.159768 
808.344893 0.159144 
806.877701 0.158750 
805.410510 0.158411 
803.943318 0.158319 
802.476127 0.158558 
801.008935 0.157841 
799.541744 0.158618 
798.074552 0.158246 
796.607361 0.158074 
795.140169 0.158871 
793.672978 0.159418 
792.205786 0.159884 
790.738595 0.159941 
789.271403 0.160691 
787.804212 0.161267 
786.337020 0.161310 
784.869829 0.161590 
783.402637 0.161946 
781.935446 0.162423 
780.468254 0.161825 
779.001063 0.161859 
777.533871 0.162086 
776.066680 0.161341 
774.599488 0.160807 
773.132297 0.160442 
771.665105 0.160678 
770.197914 0.159987 
768.730722 0.159299 
767.263531 0.159435 
765.796339 0.158538 
764.329148 0.157705 
762.861956 0.157108 
761.394765 0.156601 
759.927573 0.156127 
758.460382 0.154853 
756.993190 0.154300 
755.525999 0.154121 
754.058807 0.152858 
752.591616 0.151705 
751.124424 0.151168 
749.657233 0.150826 
748.190041 0.149409 
746.722850 0.148602 
745.255658 0.148325 
743.788467 0.147106 
742.321275 0.145887 
740.854084 0.144486 
739.386892 0.144169 
737.919701 0.143118 
736.452509 0.140971 
734.985318 0.140731 
733.518126 0.139880 
732.050935 0.138822 
730.583743 0.137358 
729.116552 0.136017 
727.649360 0.135862 
726.182169 0.133839 
724.714977 0.132502 
723.247786 0.131510 
721.780594 0.130675 
720.313403 0.129397 
718.846211 0.127244 
717.379020 0.126729 
715.911828 0.125334 
714.444637 0.123921 
712.977445 0.122255 
711.510254 0.121312 
710.043062 0.120374 
708.575871 0.117967 
707.108679 0.116644 
705.641488 0.115326 
704.174296 0.114172 
702.707105 0.112243 
701.239913 0.109935 
699.772722 0.109920 
698.305530 0.108177 
696.838339 0.106261 
695.371147 0.104562 
693.903956 0.103328 
692.436764 0.102704 
690.969573 0.099681 
689.502381 0.097839 
688.035190 0.097075 
686.567998 0.095421 
685.100807 0.093387 
683.633615 0.091010 
682.166424 0.090749 
680.699232 0.088942 
679.232041 0.087104 
677.764849 0.085468 
676.297658 0.083799 
674.830466 0.082462 
673.363275 0.079344 
671.896083 0.077900 
670.428892 0.076768 
668.961700 0.074686 
667.494509 0.071772 
666.027317 0.071054 
664.560126 0.070391 
663.092934 0.069111 
661.625743 0.067142 
660.158551 0.065108 
658.691360 0.063155 
657.224168 0.062807 
655.756977 0.060523 
654.289785 0.057937 
652.822594 0.055893 
651.355402 0.054956 
649.888211 0.052673 
648.421019 0.048274 
646.953828 0.045970 
645.486636 0.044066 
644.019445 0.041474 
642.552253 0.037499 
641.085062 0.033994 
639.617870 0.032169 
638.150679 0.029438 
636.683487 0.027135 
635.216296 0.023332 
633.749104 0.020060 
632.281913 0.018258 
630.814721 0.012573 
629.347530 0.008665 
627.880338 0.003871 
626.413147 0.000357 
624.945955 0.000592 
623.478764 -0.001858 
622.011572 -0.004330 
620.544381 -0.002752 
619.077189 -0.001128 
617.609998 -0.000602 
616.142806 -0.003164 
614.675615 -0.003627 
613.208423 -0.001248 
611.741232 -0.002351 
610.274040 -0.004036 
608.806849 -0.004821 
607.339657 -0.006357 
605.872466 -0.003696 
604.405274 -0.004125 
602.938083 -0.001275 
601.470891 -0.001610 
600.003700 -0.000213 
