4000.123242 0.000069 
3998.956130 -0.000088 
3997.789019 -0.000011 
3996.621907 0.000067 
3995.454795 0.000087 
3994.287683 0.000286 
3993.120572 0.000402 
3991.953460 0.000376 
3990.786348 0.000136 
3989.619236 -0.000005 
3988.452125 0.000123 
3987.285013 0.000198 
3986.117901 0.000201 
3984.950789 0.000054 
3983.783678 0.000031 
3982.616566 -0.000087 
3981.449454 0.000012 
3980.282342 -0.000095 
3979.115231 -0.000146 
3977.948119 -0.000008 
3976.781007 -0.000075 
3975.613896 -0.000294 
3974.446784 -0.000342 
3973.279672 -0.000377 
3972.112560 -0.000503 
3970.945449 -0.000604 
3969.778337 -0.000604 
3968.611225 -0.000689 
3967.444113 -0.000826 
3966.277002 -0.000741 
3965.109890 -0.000763 
3963.942778 -0.000813 
3962.775666 -0.000646 
3961.608555 -0.000537 
3960.441443 -0.000617 
3959.274331 -0.000667 
3958.107219 -0.000631 
3956.940108 -0.000452 
3955.772996 -0.000491 
3954.605884 -0.000564 
3953.438772 -0.000431 
3952.271661 -0.000344 
3951.104549 -0.000202 
3949.937437 -0.000057 
3948.770326 0.000057 
3947.603214 0.000166 
3946.436102 0.000046 
3945.268990 0.000091 
3944.101879 0.000056 
3942.934767 0.000114 
3941.767655 0.000028 
3940.600543 -0.000002 
3939.433432 0.000008 
3938.266320 0.000072 
3937.099208 0.000050 
3935.932096 0.000131 
3934.764985 0.000218 
3933.597873 0.000230 
3932.430761 0.000249 
3931.263649 0.000207 
3930.096538 0.000119 
3928.929426 0.000064 
3927.762314 -0.000005 
3926.595203 0.000059 
3925.428091 0.000098 
3924.260979 0.000187 
3923.093867 0.000247 
3921.926756 0.000199 
3920.759644 0.000131 
3919.592532 0.000164 
3918.425420 0.000175 
3917.258309 0.000171 
3916.091197 0.000120 
3914.924085 0.000122 
3913.756973 0.000060 
3912.589862 0.000177 
3911.422750 0.000258 
3910.255638 0.000140 
3909.088526 0.000210 
3907.921415 0.000122 
3906.754303 0.000239 
3905.587191 0.000070 
3904.420080 0.000010 
3903.252968 0.000049 
3902.085856 0.000010 
3900.918744 0.000081 
3899.751633 0.000147 
3898.584521 0.000135 
3897.417409 0.000085 
3896.250297 0.000038 
3895.083186 0.000087 
3893.916074 0.000063 
3892.748962 0.000099 
3891.581850 0.000083 
3890.414739 -0.000050 
3889.247627 -0.000032 
3888.080515 0.000031 
3886.913403 0.000069 
3885.746292 0.000053 
3884.579180 0.000205 
3883.412068 0.000247 
3882.244957 0.000171 
3881.077845 0.000233 
3879.910733 0.000228 
3878.743621 0.000252 
3877.576510 0.000437 
3876.409398 0.000564 
3875.242286 0.000669 
3874.075174 0.000740 
3872.908063 0.000827 
3871.740951 0.000888 
3870.573839 0.001076 
3869.406727 0.001141 
3868.239616 0.001057 
3867.072504 0.001196 
3865.905392 0.001425 
3864.738280 0.001648 
3863.571169 0.001663 
3862.404057 0.001781 
3861.236945 0.001943 
3860.069833 0.002090 
3858.902722 0.002213 
3857.735610 0.002141 
3856.568498 0.002244 
3855.401387 0.002143 
3854.234275 0.002070 
3853.067163 0.002071 
3851.900051 0.002078 
3850.732940 0.001895 
3849.565828 0.001663 
3848.398716 0.001665 
3847.231604 0.001777 
3846.064493 0.001619 
3844.897381 0.001430 
3843.730269 0.001353 
3842.563157 0.001296 
3841.396046 0.001153 
3840.228934 0.000931 
3839.061822 0.000834 
3837.894710 0.000767 
3836.727599 0.000680 
3835.560487 0.000557 
3834.393375 0.000650 
3833.226264 0.000664 
3832.059152 0.000567 
3830.892040 0.000488 
3829.724928 0.000544 
3828.557817 0.000481 
3827.390705 0.000364 
3826.223593 0.000268 
3825.056481 0.000260 
3823.889370 0.000190 
3822.722258 0.000373 
3821.555146 0.000419 
3820.388034 0.000420 
3819.220923 0.000253 
3818.053811 0.000184 
3816.886699 0.000083 
3815.719587 0.000151 
3814.552476 0.000242 
3813.385364 0.000121 
3812.218252 0.000001 
3811.051141 0.000089 
3809.884029 0.000158 
3808.716917 0.000112 
3807.549805 0.000166 
3806.382694 0.000082 
3805.215582 0.000028 
3804.048470 0.000012 
3802.881358 0.000114 
3801.714247 0.000040 
3800.547135 0.000107 
3799.380023 -0.000029 
3798.212911 0.000065 
3797.045800 0.000046 
3795.878688 -0.000056 
3794.711576 -0.000157 
3793.544464 -0.000121 
3792.377353 -0.000111 
3791.210241 -0.000123 
3790.043129 -0.000099 
3788.876017 -0.000129 
3787.708906 -0.000230 
3786.541794 -0.000218 
3785.374682 -0.000212 
3784.207571 -0.000131 
3783.040459 0.000006 
3781.873347 -0.000014 
3780.706235 -0.000163 
3779.539124 -0.000158 
3778.372012 -0.000202 
3777.204900 -0.000147 
3776.037788 -0.000196 
3774.870677 -0.000134 
3773.703565 -0.000128 
3772.536453 -0.000305 
3771.369341 -0.000199 
3770.202230 -0.000059 
3769.035118 0.000015 
3767.868006 -0.000016 
3766.700894 -0.000035 
3765.533783 -0.000111 
3764.366671 -0.000088 
3763.199559 -0.000112 
3762.032448 -0.000077 
3760.865336 -0.000101 
3759.698224 -0.000141 
3758.531112 -0.000010 
3757.364001 0.000157 
3756.196889 0.000102 
3755.029777 -0.000147 
3753.862665 -0.000174 
3752.695554 -0.000047 
3751.528442 -0.000028 
3750.361330 0.000098 
3749.194218 -0.000001 
3748.027107 -0.000030 
3746.859995 -0.000021 
3745.692883 0.000005 
3744.525771 0.000191 
3743.358660 0.000116 
3742.191548 0.000069 
3741.024436 0.000051 
3739.857325 0.000049 
3738.690213 -0.000003 
3737.523101 0.000058 
3736.355989 0.000021 
3735.188878 0.000036 
3734.021766 0.000107 
3732.854654 -0.000014 
3731.687542 0.000060 
3730.520431 0.000125 
3729.353319 0.000160 
3728.186207 0.000110 
3727.019095 0.000056 
3725.851984 -0.000042 
3724.684872 0.000145 
3723.517760 0.000123 
3722.350648 0.000029 
3721.183537 0.000105 
3720.016425 0.000016 
3718.849313 0.000148 
3717.682202 0.000123 
3716.515090 0.000084 
3715.347978 0.000144 
3714.180866 0.000059 
3713.013755 0.000004 
3711.846643 0.000016 
3710.679531 0.000055 
3709.512419 0.000210 
3708.345308 0.000030 
3707.178196 -0.000116 
3706.011084 0.000045 
3704.843972 0.000052 
3703.676861 -0.000039 
3702.509749 0.000074 
3701.342637 0.000080 
3700.175525 0.000014 
3699.008414 -0.000001 
3697.841302 -0.000089 
3696.674190 -0.000153 
3695.507078 -0.000008 
3694.339967 0.000065 
3693.172855 0.000020 
3692.005743 0.000008 
3690.838632 -0.000067 
3689.671520 -0.000077 
3688.504408 -0.000043 
3687.337296 -0.000105 
3686.170185 -0.000032 
3685.003073 -0.000030 
3683.835961 -0.000054 
3682.668849 0.000029 
3681.501738 0.000071 
3680.334626 0.000040 
3679.167514 -0.000073 
3678.000402 -0.000084 
3676.833291 -0.000077 
3675.666179 -0.000076 
3674.499067 -0.000054 
3673.331955 0.000029 
3672.164844 -0.000068 
3670.997732 -0.000086 
3669.830620 -0.000107 
3668.663509 -0.000147 
3667.496397 -0.000158 
3666.329285 -0.000181 
3665.162173 -0.000008 
3663.995062 0.000053 
3662.827950 -0.000007 
3661.660838 -0.000093 
3660.493726 -0.000235 
3659.326615 -0.000258 
3658.159503 -0.000194 
3656.992391 -0.000229 
3655.825279 -0.000231 
3654.658168 -0.000171 
3653.491056 -0.000206 
3652.323944 -0.000224 
3651.156832 -0.000207 
3649.989721 -0.000124 
3648.822609 -0.000140 
3647.655497 -0.000246 
3646.488386 -0.000117 
3645.321274 -0.000086 
3644.154162 -0.000079 
3642.987050 -0.000023 
3641.819939 -0.000232 
3640.652827 -0.000129 
3639.485715 0.000153 
3638.318603 0.000115 
3637.151492 0.000013 
3635.984380 0.000044 
3634.817268 0.000022 
3633.650156 0.000060 
3632.483045 0.000269 
3631.315933 0.000304 
3630.148821 0.000240 
3628.981709 0.000339 
3627.814598 0.000437 
3626.647486 0.000398 
3625.480374 0.000405 
3624.313262 0.000391 
3623.146151 0.000508 
3621.979039 0.000481 
3620.811927 0.000538 
3619.644816 0.000632 
3618.477704 0.000712 
3617.310592 0.000851 
3616.143480 0.000868 
3614.976369 0.001012 
3613.809257 0.001010 
3612.642145 0.001129 
3611.475033 0.001209 
3610.307922 0.001324 
3609.140810 0.001257 
3607.973698 0.001345 
3606.806586 0.001453 
3605.639475 0.001599 
3604.472363 0.001662 
3603.305251 0.001738 
3602.138139 0.001920 
3600.971028 0.001956 
3599.803916 0.002091 
3598.636804 0.002121 
3597.469693 0.002222 
3596.302581 0.002528 
3595.135469 0.002697 
3593.968357 0.002547 
3592.801246 0.002584 
3591.634134 0.002781 
3590.467022 0.003013 
3589.299910 0.003180 
3588.132799 0.003238 
3586.965687 0.003329 
3585.798575 0.003340 
3584.631463 0.003535 
3583.464352 0.003900 
3582.297240 0.003949 
3581.130128 0.004043 
3579.963016 0.004253 
3578.795905 0.004468 
3577.628793 0.004635 
3576.461681 0.004854 
3575.294570 0.004992 
3574.127458 0.005135 
3572.960346 0.005383 
3571.793234 0.005649 
3570.626123 0.005707 
3569.459011 0.006040 
3568.291899 0.006363 
3567.124787 0.006529 
3565.957676 0.006638 
3564.790564 0.006907 
3563.623452 0.007119 
3562.456340 0.007461 
3561.289229 0.007493 
3560.122117 0.007891 
3558.955005 0.008213 
3557.787893 0.008550 
3556.620782 0.008811 
3555.453670 0.009044 
3554.286558 0.009282 
3553.119447 0.009615 
3551.952335 0.009898 
3550.785223 0.010111 
3549.618111 0.010438 
3548.451000 0.010840 
3547.283888 0.011215 
3546.116776 0.011606 
3544.949664 0.011996 
3543.782553 0.012315 
3542.615441 0.012584 
3541.448329 0.013004 
3540.281217 0.013376 
3539.114106 0.013846 
3537.946994 0.014389 
3536.779882 0.014734 
3535.612770 0.015085 
3534.445659 0.015712 
3533.278547 0.016167 
3532.111435 0.016659 
3530.944323 0.017204 
3529.777212 0.017706 
3528.610100 0.018286 
3527.442988 0.018830 
3526.275877 0.019375 
3525.108765 0.019858 
3523.941653 0.020496 
3522.774541 0.021220 
3521.607430 0.021926 
3520.440318 0.022566 
3519.273206 0.023218 
3518.106094 0.023982 
3516.938983 0.024824 
3515.771871 0.025614 
3514.604759 0.026421 
3513.437647 0.027288 
3512.270536 0.028098 
3511.103424 0.029017 
3509.936312 0.029920 
3508.769200 0.030880 
3507.602089 0.031790 
3506.434977 0.032606 
3505.267865 0.033849 
3504.100754 0.035036 
3502.933642 0.036124 
3501.766530 0.037399 
3500.599418 0.038658 
3499.432307 0.039879 
3498.265195 0.041077 
3497.098083 0.042404 
3495.930971 0.043816 
3494.763860 0.045309 
3493.596748 0.046903 
3492.429636 0.048534 
3491.262524 0.049949 
3490.095413 0.051548 
3488.928301 0.053158 
3487.761189 0.054986 
3486.594077 0.056886 
3485.426966 0.058888 
3484.259854 0.060823 
3483.092742 0.062694 
3481.925631 0.064574 
3480.758519 0.066621 
3479.591407 0.068645 
3478.424295 0.070892 
3477.257184 0.072945 
3476.090072 0.075099 
3474.922960 0.077121 
3473.755848 0.079295 
3472.588737 0.081528 
3471.421625 0.083677 
3470.254513 0.085883 
3469.087401 0.088055 
3467.920290 0.090357 
3466.753178 0.092566 
3465.586066 0.094665 
3464.418954 0.096832 
3463.251843 0.098909 
3462.084731 0.100951 
3460.917619 0.103140 
3459.750508 0.105170 
3458.583396 0.107239 
3457.416284 0.109217 
3456.249172 0.111249 
3455.082061 0.113263 
3453.914949 0.115318 
3452.747837 0.117158 
3451.580725 0.119101 
3450.413614 0.121152 
3449.246502 0.123172 
3448.079390 0.125167 
3446.912278 0.127186 
3445.745167 0.129295 
3444.578055 0.131350 
3443.410943 0.133269 
3442.243831 0.135476 
3441.076720 0.137743 
3439.909608 0.140145 
3438.742496 0.142483 
3437.575384 0.144835 
3436.408273 0.147408 
3435.241161 0.149820 
3434.074049 0.152541 
3432.906938 0.155222 
3431.739826 0.157942 
3430.572714 0.160862 
3429.405602 0.163765 
3428.238491 0.166722 
3427.071379 0.169697 
3425.904267 0.172673 
3424.737155 0.175855 
3423.570044 0.178944 
3422.402932 0.182150 
3421.235820 0.185548 
3420.068708 0.189177 
3418.901597 0.192630 
3417.734485 0.196033 
3416.567373 0.199638 
3415.400261 0.203313 
3414.233150 0.207008 
3413.066038 0.210817 
3411.898926 0.214578 
3410.731815 0.218461 
3409.564703 0.222228 
3408.397591 0.226170 
3407.230479 0.230113 
3406.063368 0.234018 
3404.896256 0.238080 
3403.729144 0.241906 
3402.562032 0.245754 
3401.394921 0.249674 
3400.227809 0.253413 
3399.060697 0.257319 
3397.893585 0.261231 
3396.726474 0.265089 
3395.559362 0.268846 
3394.392250 0.272447 
3393.225138 0.275995 
3392.058027 0.279624 
3390.890915 0.283282 
3389.723803 0.286809 
3388.556692 0.290210 
3387.389580 0.293645 
3386.222468 0.296700 
3385.055356 0.299978 
3383.888245 0.303369 
3382.721133 0.306295 
3381.554021 0.309423 
3380.386909 0.312633 
3379.219798 0.315553 
3378.052686 0.318304 
3376.885574 0.321010 
3375.718462 0.323791 
3374.551351 0.326388 
3373.384239 0.329095 
3372.217127 0.331671 
3371.050015 0.334353 
3369.882904 0.336911 
3368.715792 0.339696 
3367.548680 0.342151 
3366.381568 0.344745 
3365.214457 0.347367 
3364.047345 0.350035 
3362.880233 0.352709 
3361.713122 0.355477 
3360.546010 0.358167 
3359.378898 0.360919 
3358.211786 0.363676 
3357.044675 0.366567 
3355.877563 0.369653 
3354.710451 0.372674 
3353.543339 0.375688 
3352.376228 0.379021 
3351.209116 0.382147 
3350.042004 0.385369 
3348.874892 0.388976 
3347.707781 0.392459 
3346.540669 0.396025 
3345.373557 0.399772 
3344.206445 0.403433 
3343.039334 0.407130 
3341.872222 0.411229 
3340.705110 0.415393 
3339.537999 0.419455 
3338.370887 0.423722 
3337.203775 0.427900 
3336.036663 0.432299 
3334.869552 0.436600 
3333.702440 0.440987 
3332.535328 0.445560 
3331.368216 0.450170 
3330.201105 0.454903 
3329.033993 0.459467 
3327.866881 0.464034 
3326.699769 0.468697 
3325.532658 0.473621 
3324.365546 0.478582 
3323.198434 0.483159 
3322.031322 0.487840 
3320.864211 0.492838 
3319.697099 0.497350 
3318.529987 0.502112 
3317.362876 0.506800 
3316.195764 0.511431 
3315.028652 0.516053 
3313.861540 0.520686 
3312.694429 0.525304 
3311.527317 0.529739 
3310.360205 0.534019 
3309.193093 0.538191 
3308.025982 0.542575 
3306.858870 0.546915 
3305.691758 0.550942 
3304.524646 0.554933 
3303.357535 0.558829 
3302.190423 0.562589 
3301.023311 0.566376 
3299.856199 0.570175 
3298.689088 0.574006 
3297.521976 0.577501 
3296.354864 0.580452 
3295.187753 0.583692 
3294.020641 0.587191 
3292.853529 0.590263 
3291.686417 0.593348 
3290.519306 0.596324 
3289.352194 0.599131 
3288.185082 0.601928 
3287.017970 0.604472 
3285.850859 0.606809 
3284.683747 0.609014 
3283.516635 0.611396 
3282.349523 0.613378 
3281.182412 0.615487 
3280.015300 0.617546 
3278.848188 0.619419 
3277.681076 0.621299 
3276.513965 0.622816 
3275.346853 0.624141 
3274.179741 0.625844 
3273.012629 0.627262 
3271.845518 0.628614 
3270.678406 0.629648 
3269.511294 0.630816 
3268.344183 0.631566 
3267.177071 0.632518 
3266.009959 0.633649 
3264.842847 0.634694 
3263.675736 0.634927 
3262.508624 0.635228 
3261.341512 0.635886 
3260.174400 0.636427 
3259.007289 0.636643 
3257.840177 0.637015 
3256.673065 0.636812 
3255.505953 0.636835 
3254.338842 0.637122 
3253.171730 0.637222 
3252.004618 0.637189 
3250.837506 0.636804 
3249.670395 0.636441 
3248.503283 0.635905 
3247.336171 0.635737 
3246.169060 0.635404 
3245.001948 0.634732 
3243.834836 0.634154 
3242.667724 0.633506 
3241.500613 0.632534 
3240.333501 0.631886 
3239.166389 0.630887 
3237.999277 0.629915 
3236.832166 0.629203 
3235.665054 0.627858 
3234.497942 0.626538 
3233.330830 0.625286 
3232.163719 0.623715 
3230.996607 0.622675 
3229.829495 0.621197 
3228.662383 0.619517 
3227.495272 0.617981 
3226.328160 0.616253 
3225.161048 0.614260 
3223.993937 0.612235 
3222.826825 0.610275 
3221.659713 0.608389 
3220.492601 0.606017 
3219.325490 0.603713 
3218.158378 0.601449 
3216.991266 0.599009 
3215.824154 0.596611 
3214.657043 0.593851 
3213.489931 0.591075 
3212.322819 0.588314 
3211.155707 0.585727 
3209.988596 0.582911 
3208.821484 0.579590 
3207.654372 0.576408 
3206.487260 0.573047 
3205.320149 0.569519 
3204.153037 0.566079 
3202.985925 0.562373 
3201.818813 0.558924 
3200.651702 0.555252 
3199.484590 0.550954 
3198.317478 0.546868 
3197.150367 0.542901 
3195.983255 0.538783 
3194.816143 0.534672 
3193.649031 0.530667 
3192.481920 0.526169 
3191.314808 0.521702 
3190.147696 0.516982 
3188.980584 0.512222 
3187.813473 0.507504 
3186.646361 0.502685 
3185.479249 0.497767 
3184.312137 0.492847 
3183.145026 0.487870 
3181.977914 0.482780 
3180.810802 0.477650 
3179.643690 0.472530 
3178.476579 0.467287 
3177.309467 0.462012 
3176.142355 0.456419 
3174.975244 0.450992 
3173.808132 0.445532 
3172.641020 0.440024 
3171.473908 0.434495 
3170.306797 0.428958 
3169.139685 0.423193 
3167.972573 0.417489 
3166.805461 0.411847 
3165.638350 0.405985 
3164.471238 0.400267 
3163.304126 0.394803 
3162.137014 0.389314 
3160.969903 0.383586 
3159.802791 0.377797 
3158.635679 0.372062 
3157.468567 0.366386 
3156.301456 0.360811 
3155.134344 0.355237 
3153.967232 0.349953 
3152.800121 0.344579 
3151.633009 0.339190 
3150.465897 0.333924 
3149.298785 0.328834 
3148.131674 0.323889 
3146.964562 0.318707 
3145.797450 0.313803 
3144.630338 0.309070 
3143.463227 0.304319 
3142.296115 0.299509 
3141.129003 0.294881 
3139.961891 0.290274 
3138.794780 0.285858 
3137.627668 0.281295 
3136.460556 0.276791 
3135.293444 0.272529 
3134.126333 0.268211 
3132.959221 0.263921 
3131.792109 0.259758 
3130.624998 0.255571 
3129.457886 0.251442 
3128.290774 0.247508 
3127.123662 0.243583 
3125.956551 0.239562 
3124.789439 0.235850 
3123.622327 0.232134 
3122.455215 0.228364 
3121.288104 0.224803 
3120.120992 0.221249 
3118.953880 0.217586 
3117.786768 0.214221 
3116.619657 0.210960 
3115.452545 0.207754 
3114.285433 0.204526 
3113.118321 0.201291 
3111.951210 0.198223 
3110.784098 0.195235 
3109.616986 0.192185 
3108.449874 0.189435 
3107.282763 0.186636 
3106.115651 0.183845 
3104.948539 0.181154 
3103.781428 0.178440 
3102.614316 0.175797 
3101.447204 0.173258 
3100.280092 0.170845 
3099.112981 0.168473 
3097.945869 0.166084 
3096.778757 0.163711 
3095.611645 0.161418 
3094.444534 0.159082 
3093.277422 0.156858 
3092.110310 0.154731 
3090.943198 0.152610 
3089.776087 0.150497 
3088.608975 0.148503 
3087.441863 0.146483 
3086.274751 0.144415 
3085.107640 0.142397 
3083.940528 0.140489 
3082.773416 0.138692 
3081.606305 0.136842 
3080.439193 0.134991 
3079.272081 0.133198 
3078.104969 0.131348 
3076.937858 0.129748 
3075.770746 0.127951 
3074.603634 0.126331 
3073.436522 0.124681 
3072.269411 0.122877 
3071.102299 0.121231 
3069.935187 0.119700 
3068.768075 0.118083 
3067.600964 0.116714 
3066.433852 0.115126 
3065.266740 0.113667 
3064.099628 0.112287 
3062.932517 0.110700 
3061.765405 0.109351 
3060.598293 0.107879 
3059.431182 0.106513 
3058.264070 0.105219 
3057.096958 0.103778 
3055.929846 0.102450 
3054.762735 0.101205 
3053.595623 0.099877 
3052.428511 0.098662 
3051.261399 0.097368 
3050.094288 0.096077 
3048.927176 0.094915 
3047.760064 0.093685 
3046.592952 0.092578 
3045.425841 0.091494 
3044.258729 0.090426 
3043.091617 0.089251 
3041.924505 0.088340 
3040.757394 0.087322 
3039.590282 0.086286 
3038.423170 0.085335 
3037.256058 0.084379 
3036.088947 0.083481 
3034.921835 0.082595 
3033.754723 0.081788 
3032.587612 0.080968 
3031.420500 0.080391 
3030.253388 0.079739 
3029.086276 0.079113 
3027.919165 0.078526 
3026.752053 0.078039 
3025.584941 0.077576 
3024.417829 0.077282 
3023.250718 0.077003 
3022.083606 0.076900 
3020.916494 0.076978 
3019.749382 0.077086 
3018.582271 0.077273 
3017.415159 0.077843 
3016.248047 0.078512 
3015.080935 0.079441 
3013.913824 0.080494 
3012.746712 0.081874 
3011.579600 0.083753 
3010.412489 0.086022 
3009.245377 0.088650 
3008.078265 0.091640 
3006.911153 0.095095 
3005.744042 0.099099 
3004.576930 0.103817 
3003.409818 0.108990 
3002.242706 0.114602 
3001.075595 0.120811 
2999.908483 0.127599 
2998.741371 0.134856 
2997.574259 0.142353 
2996.407148 0.149985 
2995.240036 0.157946 
2994.072924 0.165815 
2992.905812 0.173554 
2991.738701 0.180867 
2990.571589 0.187887 
2989.404477 0.194149 
2988.237366 0.199835 
2987.070254 0.204837 
2985.903142 0.208979 
2984.736030 0.212411 
2983.568919 0.215079 
2982.401807 0.216787 
2981.234695 0.217612 
2980.067583 0.217699 
2978.900472 0.217023 
2977.733360 0.216055 
2976.566248 0.215178 
2975.399136 0.214493 
2974.232025 0.214525 
2973.064913 0.215493 
2971.897801 0.217559 
2970.730689 0.220684 
2969.563578 0.224555 
2968.396466 0.228997 
2967.229354 0.233891 
2966.062243 0.238937 
2964.895131 0.243852 
2963.728019 0.248612 
2962.560907 0.253167 
2961.393796 0.257198 
2960.226684 0.260883 
2959.059572 0.264070 
2957.892460 0.266746 
2956.725349 0.268700 
2955.558237 0.270117 
2954.391125 0.271133 
2953.224013 0.271705 
2952.056902 0.271768 
2950.889790 0.271770 
2949.722678 0.271195 
2948.555566 0.270494 
2947.388455 0.269834 
2946.221343 0.269142 
2945.054231 0.268579 
2943.887119 0.268360 
2942.720008 0.268324 
2941.552896 0.268511 
2940.385784 0.268826 
2939.218673 0.268958 
2938.051561 0.269213 
2936.884449 0.269488 
2935.717337 0.269433 
2934.550226 0.269579 
2933.383114 0.269543 
2932.216002 0.269022 
2931.048890 0.268444 
2929.881779 0.267763 
2928.714667 0.266836 
2927.547555 0.265625 
2926.380443 0.264178 
2925.213332 0.262583 
2924.046220 0.260854 
2922.879108 0.258881 
2921.711996 0.256591 
2920.544885 0.254384 
2919.377773 0.252039 
2918.210661 0.249602 
2917.043550 0.247360 
2915.876438 0.244903 
2914.709326 0.242618 
2913.542214 0.240345 
2912.375103 0.238090 
2911.207991 0.235729 
2910.040879 0.233066 
2908.873767 0.230157 
2907.706656 0.227110 
2906.539544 0.223715 
2905.372432 0.220267 
2904.205320 0.216616 
2903.038209 0.212899 
2901.871097 0.209242 
2900.703985 0.205655 
2899.536873 0.202385 
2898.369762 0.199089 
2897.202650 0.195793 
2896.035538 0.192696 
2894.868427 0.189837 
2893.701315 0.186953 
2892.534203 0.184100 
2891.367091 0.181341 
2890.199980 0.178534 
2889.032868 0.175692 
2887.865756 0.172984 
2886.698644 0.170290 
2885.531533 0.167520 
2884.364421 0.164787 
2883.197309 0.162079 
2882.030197 0.159311 
2880.863086 0.156532 
2879.695974 0.153699 
2878.528862 0.151130 
2877.361750 0.148636 
2876.194639 0.146377 
2875.027527 0.144444 
2873.860415 0.142583 
2872.693303 0.141155 
2871.526192 0.139735 
2870.359080 0.138201 
2869.191968 0.136839 
2868.024857 0.135562 
2866.857745 0.134208 
2865.690633 0.132625 
2864.523521 0.130959 
2863.356410 0.129404 
2862.189298 0.127946 
2861.022186 0.126521 
2859.855074 0.125329 
2858.687963 0.124417 
2857.520851 0.123609 
2856.353739 0.123214 
2855.186627 0.123052 
2854.019516 0.123058 
2852.852404 0.123556 
2851.685292 0.124636 
2850.518180 0.126264 
2849.351069 0.128489 
2848.183957 0.131593 
2847.016845 0.135650 
2845.849734 0.140733 
2844.682622 0.147483 
2843.515510 0.156088 
2842.348398 0.166244 
2841.181287 0.177866 
2840.014175 0.190969 
2838.847063 0.205255 
2837.679951 0.220512 
2836.512840 0.236448 
2835.345728 0.252543 
2834.178616 0.268214 
2833.011504 0.283086 
2831.844393 0.296170 
2830.677281 0.306910 
2829.510169 0.314704 
2828.343057 0.318740 
2827.175946 0.318862 
2826.008834 0.314862 
2824.841722 0.307191 
2823.674611 0.296624 
2822.507499 0.284230 
2821.340387 0.271356 
2820.173275 0.258821 
2819.006164 0.247275 
2817.839052 0.236748 
2816.671940 0.226872 
2815.504828 0.217064 
2814.337717 0.207100 
2813.170605 0.196738 
2812.003493 0.185841 
2810.836381 0.175076 
2809.669270 0.164599 
2808.502158 0.154799 
2807.335046 0.146000 
2806.167934 0.138237 
2805.000823 0.131487 
2803.833711 0.125541 
2802.666599 0.120298 
2801.499488 0.115708 
2800.332376 0.111361 
2799.165264 0.107279 
2797.998152 0.103334 
2796.831041 0.099515 
2795.663929 0.095823 
2794.496817 0.092188 
2793.329705 0.088644 
2792.162594 0.085136 
2790.995482 0.081525 
2789.828370 0.078109 
2788.661258 0.074763 
2787.494147 0.071451 
2786.327035 0.068304 
2785.159923 0.065057 
2783.992811 0.061950 
2782.825700 0.059057 
2781.658588 0.056170 
2780.491476 0.053313 
2779.324364 0.050651 
2778.157253 0.047972 
2776.990141 0.045469 
2775.823029 0.043153 
2774.655918 0.040810 
2773.488806 0.038574 
2772.321694 0.036518 
2771.154582 0.034563 
2769.987471 0.032546 
2768.820359 0.030756 
2767.653247 0.029040 
2766.486135 0.027501 
2765.319024 0.026008 
2764.151912 0.024497 
2762.984800 0.023127 
2761.817688 0.021926 
2760.650577 0.020713 
2759.483465 0.019483 
2758.316353 0.018360 
2757.149241 0.017413 
2755.982130 0.016461 
2754.815018 0.015614 
2753.647906 0.014762 
2752.480795 0.013906 
2751.313683 0.013118 
2750.146571 0.012406 
2748.979459 0.011646 
2747.812348 0.011139 
2746.645236 0.010590 
2745.478124 0.010023 
2744.311012 0.009565 
2743.143901 0.009016 
2741.976789 0.008535 
2740.809677 0.008045 
2739.642565 0.007664 
2738.475454 0.007271 
2737.308342 0.007069 
2736.141230 0.006683 
2734.974118 0.006281 
2733.807007 0.006066 
2732.639895 0.005775 
2731.472783 0.005578 
2730.305672 0.005386 
2729.138560 0.005136 
2727.971448 0.004901 
2726.804336 0.004723 
2725.637225 0.004560 
2724.470113 0.004415 
2723.303001 0.004230 
2722.135889 0.004026 
2720.968778 0.003978 
2719.801666 0.003843 
2718.634554 0.003690 
2717.467442 0.003669 
2716.300331 0.003593 
2715.133219 0.003441 
2713.966107 0.003410 
2712.798995 0.003374 
2711.631884 0.003289 
2710.464772 0.003229 
2709.297660 0.003231 
2708.130548 0.003137 
2706.963437 0.003180 
2705.796325 0.003149 
2704.629213 0.003109 
2703.462102 0.003072 
2702.294990 0.003114 
2701.127878 0.002944 
2699.960766 0.002931 
2698.793655 0.002902 
2697.626543 0.002896 
2696.459431 0.002948 
2695.292319 0.002889 
2694.125208 0.002892 
2692.958096 0.002896 
2691.790984 0.002886 
2690.623872 0.002864 
2689.456761 0.002934 
2688.289649 0.003029 
2687.122537 0.003016 
2685.955425 0.002982 
2684.788314 0.003013 
2683.621202 0.003127 
2682.454090 0.003203 
2681.286979 0.003196 
2680.119867 0.003244 
2678.952755 0.003350 
2677.785643 0.003495 
2676.618532 0.003590 
2675.451420 0.003652 
2674.284308 0.003764 
2673.117196 0.003875 
2671.950085 0.004068 
2670.782973 0.004210 
2669.615861 0.004266 
2668.448749 0.004385 
2667.281638 0.004643 
2666.114526 0.004814 
2664.947414 0.005084 
2663.780302 0.005284 
2662.613191 0.005534 
2661.446079 0.005825 
2660.278967 0.006153 
2659.111856 0.006402 
2657.944744 0.006673 
2656.777632 0.007026 
2655.610520 0.007374 
2654.443409 0.007756 
2653.276297 0.008155 
2652.109185 0.008541 
2650.942073 0.008948 
2649.774962 0.009390 
2648.607850 0.009917 
2647.440738 0.010349 
2646.273626 0.010898 
2645.106515 0.011438 
2643.939403 0.011887 
2642.772291 0.012473 
2641.605179 0.012998 
2640.438068 0.013577 
2639.270956 0.014154 
2638.103844 0.014733 
2636.936733 0.015286 
2635.769621 0.015871 
2634.602509 0.016424 
2633.435397 0.017051 
2632.268286 0.017538 
2631.101174 0.018048 
2629.934062 0.018648 
2628.766950 0.019197 
2627.599839 0.019716 
2626.432727 0.020162 
2625.265615 0.020684 
2624.098503 0.021191 
2622.931392 0.021659 
2621.764280 0.022148 
2620.597168 0.022559 
2619.430056 0.022936 
2618.262945 0.023295 
2617.095833 0.023583 
2615.928721 0.023857 
2614.761609 0.024107 
2613.594498 0.024340 
2612.427386 0.024504 
2611.260274 0.024658 
2610.093163 0.024862 
2608.926051 0.025036 
2607.758939 0.025038 
2606.591827 0.025127 
2605.424716 0.025276 
2604.257604 0.025435 
2603.090492 0.025526 
2601.923380 0.025598 
2600.756269 0.025772 
2599.589157 0.025943 
2598.422045 0.026060 
2597.254933 0.026121 
2596.087822 0.026273 
2594.920710 0.026356 
2593.753598 0.026354 
2592.586486 0.026345 
2591.419375 0.026350 
2590.252263 0.026285 
2589.085151 0.026168 
2587.918040 0.025991 
2586.750928 0.025797 
2585.583816 0.025519 
2584.416704 0.025372 
2583.249593 0.025148 
2582.082481 0.024832 
2580.915369 0.024700 
2579.748257 0.024504 
2578.581146 0.024356 
2577.414034 0.024244 
2576.246922 0.024237 
2575.079810 0.024195 
2573.912699 0.024128 
2572.745587 0.024105 
2571.578475 0.024153 
2570.411363 0.024310 
2569.244252 0.024389 
2568.077140 0.024598 
2566.910028 0.024735 
2565.742917 0.024887 
2564.575805 0.025137 
2563.408693 0.025338 
2562.241581 0.025458 
2561.074470 0.025672 
2559.907358 0.025919 
2558.740246 0.026113 
2557.573134 0.026289 
2556.406023 0.026555 
2555.238911 0.026827 
2554.071799 0.027065 
2552.904687 0.027399 
2551.737576 0.027696 
2550.570464 0.027982 
2549.403352 0.028215 
2548.236240 0.028581 
2547.069129 0.028908 
2545.902017 0.029204 
2544.734905 0.029513 
2543.567794 0.029851 
2542.400682 0.030249 
2541.233570 0.030655 
2540.066458 0.030969 
2538.899347 0.031250 
2537.732235 0.031527 
2536.565123 0.031822 
2535.398011 0.032130 
2534.230900 0.032379 
2533.063788 0.032510 
2531.896676 0.032631 
2530.729564 0.032728 
2529.562453 0.032844 
2528.395341 0.032825 
2527.228229 0.032819 
2526.061117 0.032810 
2524.894006 0.032626 
2523.726894 0.032476 
2522.559782 0.032275 
2521.392670 0.032037 
2520.225559 0.031638 
2519.058447 0.031158 
2517.891335 0.030714 
2516.724224 0.030210 
2515.557112 0.029544 
2514.390000 0.028924 
2513.222888 0.028208 
2512.055777 0.027443 
2510.888665 0.026669 
2509.721553 0.025855 
2508.554441 0.024981 
2507.387330 0.024094 
2506.220218 0.023218 
2505.053106 0.022273 
2503.885994 0.021289 
2502.718883 0.020501 
2501.551771 0.019568 
2500.384659 0.018660 
2499.217547 0.017837 
2498.050436 0.016924 
2496.883324 0.016156 
2495.716212 0.015334 
2494.549101 0.014564 
2493.381989 0.013907 
2492.214877 0.013279 
2491.047765 0.012663 
2489.880654 0.012072 
2488.713542 0.011574 
2487.546430 0.011031 
2486.379318 0.010549 
2485.212207 0.010175 
2484.045095 0.009787 
2482.877983 0.009463 
2481.710871 0.009250 
2480.543760 0.008954 
2479.376648 0.008710 
2478.209536 0.008476 
2477.042424 0.008370 
2475.875313 0.008215 
2474.708201 0.008021 
2473.541089 0.007893 
2472.373978 0.007850 
2471.206866 0.007722 
2470.039754 0.007616 
2468.872642 0.007532 
2467.705531 0.007493 
2466.538419 0.007510 
2465.371307 0.007463 
2464.204195 0.007447 
2463.037084 0.007384 
2461.869972 0.007404 
2460.702860 0.007414 
2459.535748 0.007419 
2458.368637 0.007353 
2457.201525 0.007319 
2456.034413 0.007283 
2454.867301 0.007278 
2453.700190 0.007248 
2452.533078 0.007241 
2451.365966 0.007226 
2450.198854 0.007210 
2449.031743 0.007202 
2447.864631 0.007169 
2446.697519 0.007121 
2445.530408 0.007064 
2444.363296 0.007016 
2443.196184 0.006942 
2442.029072 0.006850 
2440.861961 0.006770 
2439.694849 0.006731 
2438.527737 0.006648 
2437.360625 0.006547 
2436.193514 0.006459 
2435.026402 0.006368 
2433.859290 0.006283 
2432.692178 0.006131 
2431.525067 0.005991 
2430.357955 0.005919 
2429.190843 0.005708 
2428.023731 0.005565 
2426.856620 0.005458 
2425.689508 0.005306 
2424.522396 0.005151 
2423.355285 0.005007 
2422.188173 0.004857 
2421.021061 0.004699 
2419.853949 0.004555 
2418.686838 0.004398 
2417.519726 0.004202 
2416.352614 0.004060 
2415.185502 0.003940 
2414.018391 0.003835 
2412.851279 0.003729 
2411.684167 0.003494 
2410.517055 0.003318 
2409.349944 0.003181 
2408.182832 0.003059 
2407.015720 0.002960 
2405.848608 0.002839 
2404.681497 0.002771 
2403.514385 0.002574 
2402.347273 0.002453 
2401.180162 0.002279 
2400.013050 0.002121 
2398.845938 0.002055 
2397.678826 0.001921 
2396.511715 0.001754 
2395.344603 0.001711 
2394.177491 0.001591 
2393.010379 0.001474 
2391.843268 0.001378 
2390.676156 0.001252 
2389.509044 0.001227 
2388.341932 0.001167 
2387.174821 0.001117 
2386.007709 0.001082 
2384.840597 0.001030 
2383.673485 0.000926 
2382.506374 0.000912 
2381.339262 0.000898 
2380.172150 0.000827 
2379.005039 0.000796 
2377.837927 0.000710 
2376.670815 0.000712 
2375.503703 0.000573 
2374.336592 0.000451 
2373.169480 0.000520 
2372.002368 0.000476 
2370.835256 0.000365 
2369.668145 0.000285 
2368.501033 0.000234 
2367.333921 0.000145 
2366.166809 0.000143 
2364.999698 0.000109 
2363.832586 0.000037 
2362.665474 -0.000020 
2361.498362 -0.000028 
2360.331251 -0.000049 
2359.164139 -0.000069 
2357.997027 -0.000071 
2356.829915 -0.000068 
2355.662804 -0.000008 
2354.495692 0.000041 
2353.328580 0.000043 
2352.161469 0.000015 
2350.994357 0.000062 
2349.827245 0.000103 
2348.660133 0.000069 
2347.493022 0.000018 
2346.325910 -0.000032 
2345.158798 -0.000028 
2343.991686 -0.000078 
2342.824575 -0.000128 
2341.657463 -0.000061 
2340.490351 -0.000055 
2339.323239 -0.000120 
2338.156128 -0.000068 
2336.989016 -0.000083 
2335.821904 -0.000050 
2334.654792 -0.000046 
2333.487681 -0.000008 
2332.320569 -0.000005 
2331.153457 0.000053 
2329.986346 0.000056 
2328.819234 0.000125 
2327.652122 0.000201 
2326.485010 0.000268 
2325.317899 0.000336 
2324.150787 0.000297 
2322.983675 0.000233 
2321.816563 0.000277 
2320.649452 0.000276 
2319.482340 0.000342 
2318.315228 0.000333 
2317.148116 0.000343 
2315.981005 0.000356 
2314.813893 0.000315 
2313.646781 0.000266 
2312.479669 0.000221 
2311.312558 0.000189 
2310.145446 0.000213 
2308.978334 0.000199 
2307.811223 0.000223 
2306.644111 0.000130 
2305.476999 0.000083 
2304.309887 0.000010 
2303.142776 0.000065 
2301.975664 -0.000014 
2300.808552 -0.000071 
2299.641440 -0.000051 
2298.474329 -0.000049 
2297.307217 -0.000015 
2296.140105 -0.000013 
2294.972993 0.000031 
2293.805882 0.000019 
2292.638770 -0.000007 
2291.471658 0.000069 
2290.304546 0.000118 
2289.137435 0.000093 
2287.970323 0.000212 
2286.803211 0.000323 
2285.636099 0.000308 
2284.468988 0.000466 
2283.301876 0.000566 
2282.134764 0.000692 
2280.967653 0.000819 
2279.800541 0.000926 
2278.633429 0.001100 
2277.466317 0.001280 
2276.299206 0.001467 
2275.132094 0.001612 
2273.964982 0.001676 
2272.797870 0.001850 
2271.630759 0.002011 
2270.463647 0.002135 
2269.296535 0.002263 
2268.129423 0.002401 
2266.962312 0.002574 
2265.795200 0.002765 
2264.628088 0.002879 
2263.460976 0.002985 
2262.293865 0.003163 
2261.126753 0.003334 
2259.959641 0.003538 
2258.792530 0.003724 
2257.625418 0.003800 
2256.458306 0.003937 
2255.291194 0.004071 
2254.124083 0.004188 
2252.956971 0.004342 
2251.789859 0.004495 
2250.622747 0.004660 
2249.455636 0.004772 
2248.288524 0.004903 
2247.121412 0.004984 
2245.954300 0.005144 
2244.787189 0.005226 
2243.620077 0.005252 
2242.452965 0.005357 
2241.285853 0.005458 
2240.118742 0.005563 
2238.951630 0.005618 
2237.784518 0.005621 
2236.617407 0.005588 
2235.450295 0.005620 
2234.283183 0.005593 
2233.116071 0.005563 
2231.948960 0.005503 
2230.781848 0.005459 
2229.614736 0.005385 
2228.447624 0.005284 
2227.280513 0.005163 
2226.113401 0.005080 
2224.946289 0.004933 
2223.779177 0.004769 
2222.612066 0.004595 
2221.444954 0.004360 
2220.277842 0.004141 
2219.110730 0.003867 
2217.943619 0.003669 
2216.776507 0.003451 
2215.609395 0.003180 
2214.442284 0.002947 
2213.275172 0.002661 
2212.108060 0.002366 
2210.940948 0.002068 
2209.773837 0.001797 
2208.606725 0.001554 
2207.439613 0.001365 
2206.272501 0.001165 
2205.105390 0.000928 
2203.938278 0.000725 
2202.771166 0.000583 
2201.604054 0.000456 
2200.436943 0.000287 
2199.269831 0.000227 
2198.102719 0.000166 
2196.935607 0.000072 
2195.768496 0.000027 
2194.601384 0.000024 
2193.434272 0.000003 
2192.267160 0.000014 
2191.100049 0.000053 
2189.932937 0.000049 
2188.765825 0.000083 
2187.598714 0.000140 
2186.431602 0.000183 
2185.264490 0.000193 
2184.097378 0.000267 
2182.930267 0.000261 
2181.763155 0.000307 
2180.596043 0.000413 
2179.428931 0.000387 
2178.261820 0.000399 
2177.094708 0.000416 
2175.927596 0.000367 
2174.760484 0.000360 
2173.593373 0.000366 
2172.426261 0.000384 
2171.259149 0.000378 
2170.092037 0.000384 
2168.924926 0.000379 
2167.757814 0.000385 
2166.590702 0.000295 
2165.423591 0.000280 
2164.256479 0.000353 
2163.089367 0.000366 
2161.922255 0.000345 
2160.755144 0.000332 
2159.588032 0.000371 
2158.420920 0.000393 
2157.253808 0.000356 
2156.086697 0.000296 
2154.919585 0.000322 
2153.752473 0.000325 
2152.585361 0.000360 
2151.418250 0.000362 
2150.251138 0.000313 
2149.084026 0.000262 
2147.916914 0.000287 
2146.749803 0.000311 
2145.582691 0.000360 
2144.415579 0.000338 
2143.248468 0.000347 
2142.081356 0.000292 
2140.914244 0.000370 
2139.747132 0.000459 
2138.580021 0.000448 
2137.412909 0.000412 
2136.245797 0.000442 
2135.078685 0.000436 
2133.911574 0.000453 
2132.744462 0.000393 
2131.577350 0.000422 
2130.410238 0.000314 
2129.243127 0.000264 
2128.076015 0.000228 
2126.908903 0.000263 
2125.741791 0.000211 
2124.574680 0.000208 
2123.407568 0.000189 
2122.240456 0.000110 
2121.073344 0.000128 
2119.906233 0.000112 
2118.739121 0.000110 
2117.572009 0.000056 
2116.404898 -0.000006 
2115.237786 -0.000043 
2114.070674 -0.000055 
2112.903562 -0.000116 
2111.736451 -0.000161 
2110.569339 -0.000125 
2109.402227 -0.000125 
2108.235115 -0.000093 
2107.068004 -0.000121 
2105.900892 0.000021 
2104.733780 0.000022 
2103.566668 0.000042 
2102.399557 0.000170 
2101.232445 0.000280 
2100.065333 0.000273 
2098.898221 0.000312 
2097.731110 0.000403 
2096.563998 0.000508 
2095.396886 0.000632 
2094.229775 0.000828 
2093.062663 0.000994 
2091.895551 0.001103 
2090.728439 0.001216 
2089.561328 0.001366 
2088.394216 0.001629 
2087.227104 0.001800 
2086.059992 0.001977 
2084.892881 0.002171 
2083.725769 0.002433 
2082.558657 0.002634 
2081.391545 0.002839 
2080.224434 0.003066 
2079.057322 0.003365 
2077.890210 0.003624 
2076.723098 0.003840 
2075.555987 0.004035 
2074.388875 0.004249 
2073.221763 0.004472 
2072.054652 0.004666 
2070.887540 0.004825 
2069.720428 0.005006 
2068.553316 0.005244 
2067.386205 0.005516 
2066.219093 0.005690 
2065.051981 0.005819 
2063.884869 0.006049 
2062.717758 0.006290 
2061.550646 0.006510 
2060.383534 0.006769 
2059.216422 0.006993 
2058.049311 0.007238 
2056.882199 0.007490 
2055.715087 0.007706 
2054.547975 0.007886 
2053.380864 0.008098 
2052.213752 0.008374 
2051.046640 0.008577 
2049.879529 0.008727 
2048.712417 0.008902 
2047.545305 0.009048 
2046.378193 0.009207 
2045.211082 0.009269 
2044.043970 0.009431 
2042.876858 0.009490 
2041.709746 0.009552 
2040.542635 0.009473 
2039.375523 0.009406 
2038.208411 0.009390 
2037.041299 0.009289 
2035.874188 0.009082 
2034.707076 0.008897 
2033.539964 0.008727 
2032.372852 0.008400 
2031.205741 0.008089 
2030.038629 0.007837 
2028.871517 0.007510 
2027.704405 0.007115 
2026.537294 0.006795 
2025.370182 0.006474 
2024.203070 0.006018 
2023.035959 0.005591 
2021.868847 0.005207 
2020.701735 0.004869 
2019.534623 0.004496 
2018.367512 0.004216 
2017.200400 0.003882 
2016.033288 0.003597 
2014.866176 0.003357 
2013.699065 0.003129 
2012.531953 0.002964 
2011.364841 0.002788 
2010.197729 0.002568 
2009.030618 0.002473 
2007.863506 0.002336 
2006.696394 0.002252 
2005.529282 0.002200 
2004.362171 0.002145 
2003.195059 0.002039 
2002.027947 0.001902 
2000.860836 0.001823 
1999.693724 0.001671 
1998.526612 0.001484 
1997.359500 0.001347 
1996.192389 0.001248 
1995.025277 0.001147 
1993.858165 0.001026 
1992.691053 0.000896 
1991.523942 0.000792 
1990.356830 0.000678 
1989.189718 0.000635 
1988.022606 0.000532 
1986.855495 0.000476 
1985.688383 0.000455 
1984.521271 0.000347 
1983.354159 0.000234 
1982.187048 0.000266 
1981.019936 0.000216 
1979.852824 0.000102 
1978.685713 -0.000005 
1977.518601 -0.000045 
1976.351489 -0.000055 
1975.184377 -0.000103 
1974.017266 -0.000086 
1972.850154 -0.000208 
1971.683042 -0.000292 
1970.515930 -0.000326 
1969.348819 -0.000344 
1968.181707 -0.000343 
1967.014595 -0.000335 
1965.847483 -0.000400 
1964.680372 -0.000414 
1963.513260 -0.000451 
1962.346148 -0.000454 
1961.179036 -0.000461 
1960.011925 -0.000437 
1958.844813 -0.000385 
1957.677701 -0.000395 
1956.510589 -0.000418 
1955.343478 -0.000415 
1954.176366 -0.000414 
1953.009254 -0.000394 
1951.842143 -0.000392 
1950.675031 -0.000402 
1949.507919 -0.000328 
1948.340807 -0.000336 
1947.173696 -0.000311 
1946.006584 -0.000308 
1944.839472 -0.000338 
1943.672360 -0.000353 
1942.505249 -0.000309 
1941.338137 -0.000300 
1940.171025 -0.000250 
1939.003913 -0.000255 
1937.836802 -0.000319 
1936.669690 -0.000295 
1935.502578 -0.000309 
1934.335466 -0.000261 
1933.168355 -0.000279 
1932.001243 -0.000244 
1930.834131 -0.000229 
1929.667020 -0.000233 
1928.499908 -0.000201 
1927.332796 -0.000206 
1926.165684 -0.000195 
1924.998573 -0.000206 
1923.831461 -0.000199 
1922.664349 -0.000164 
1921.497237 -0.000100 
1920.330126 -0.000146 
1919.163014 -0.000088 
1917.995902 -0.000113 
1916.828790 -0.000124 
1915.661679 -0.000090 
1914.494567 -0.000089 
1913.327455 -0.000137 
1912.160343 -0.000125 
1910.993232 -0.000062 
1909.826120 -0.000024 
1908.659008 -0.000023 
1907.491897 -0.000064 
1906.324785 -0.000025 
1905.157673 -0.000001 
1903.990561 -0.000022 
1902.823450 -0.000079 
1901.656338 -0.000038 
1900.489226 0.000001 
1899.322114 0.000012 
1898.155003 0.000069 
1896.987891 0.000042 
1895.820779 0.000002 
1894.653667 0.000004 
1893.486556 0.000003 
1892.319444 0.000017 
1891.152332 0.000015 
1889.985220 0.000053 
1888.818109 0.000076 
1887.650997 0.000025 
1886.483885 0.000008 
1885.316774 0.000030 
1884.149662 0.000068 
1882.982550 0.000095 
1881.815438 0.000081 
1880.648327 0.000029 
1879.481215 0.000041 
1878.314103 -0.000012 
1877.146991 0.000045 
1875.979880 0.000026 
1874.812768 0.000004 
1873.645656 0.000049 
1872.478544 0.000041 
1871.311433 0.000013 
1870.144321 0.000003 
1868.977209 0.000049 
1867.810097 0.000047 
1866.642986 -0.000015 
1865.475874 -0.000031 
1864.308762 0.000012 
1863.141650 -0.000015 
1861.974539 -0.000030 
1860.807427 -0.000011 
1859.640315 -0.000022 
1858.473204 0.000004 
1857.306092 -0.000005 
1856.138980 0.000004 
1854.971868 0.000014 
1853.804757 -0.000025 
1852.637645 0.000017 
1851.470533 -0.000010 
1850.303421 -0.000093 
1849.136310 -0.000037 
1847.969198 -0.000007 
1846.802086 0.000002 
1845.634974 0.000019 
1844.467863 0.000013 
1843.300751 -0.000051 
1842.133639 0.000041 
1840.966527 0.000064 
1839.799416 0.000046 
1838.632304 0.000051 
1837.465192 0.000060 
1836.298081 0.000098 
1835.130969 0.000078 
1833.963857 0.000054 
1832.796745 0.000060 
1831.629634 0.000068 
1830.462522 0.000093 
1829.295410 0.000057 
1828.128298 0.000019 
1826.961187 0.000026 
1825.794075 0.000033 
1824.626963 -0.000006 
1823.459851 -0.000065 
1822.292740 -0.000034 
1821.125628 -0.000031 
1819.958516 -0.000057 
1818.791404 -0.000023 
1817.624293 0.000002 
1816.457181 -0.000002 
1815.290069 -0.000057 
1814.122958 -0.000033 
1812.955846 -0.000056 
1811.788734 -0.000117 
1810.621622 -0.000123 
1809.454511 -0.000051 
1808.287399 -0.000039 
1807.120287 -0.000069 
1805.953175 -0.000127 
1804.786064 -0.000085 
1803.618952 -0.000098 
1802.451840 -0.000107 
1801.284728 -0.000130 
1800.117617 -0.000110 
1798.950505 -0.000110 
1797.783393 -0.000159 
1796.616281 -0.000175 
1795.449170 -0.000169 
1794.282058 -0.000084 
1793.114946 -0.000128 
1791.947835 -0.000154 
1790.780723 -0.000150 
1789.613611 -0.000047 
1788.446499 -0.000087 
1787.279388 -0.000128 
1786.112276 -0.000110 
1784.945164 -0.000054 
1783.778052 -0.000066 
1782.610941 -0.000093 
1781.443829 -0.000073 
1780.276717 -0.000055 
1779.109605 -0.000048 
1777.942494 -0.000035 
1776.775382 -0.000059 
1775.608270 -0.000115 
1774.441158 -0.000044 
1773.274047 -0.000009 
1772.106935 0.000065 
1770.939823 0.000019 
1769.772711 0.000024 
1768.605600 0.000072 
1767.438488 0.000048 
1766.271376 0.000019 
1765.104265 0.000035 
1763.937153 0.000020 
1762.770041 0.000017 
1761.602929 0.000025 
1760.435818 0.000017 
1759.268706 -0.000054 
1758.101594 -0.000014 
1756.934482 0.000071 
1755.767371 0.000034 
1754.600259 0.000077 
1753.433147 0.000031 
1752.266035 0.000059 
1751.098924 0.000084 
1749.931812 0.000027 
1748.764700 0.000033 
1747.597588 0.000041 
1746.430477 0.000058 
1745.263365 0.000056 
1744.096253 0.000053 
1742.929142 0.000002 
1741.762030 0.000022 
1740.594918 -0.000004 
1739.427806 0.000032 
1738.260695 0.000008 
1737.093583 -0.000004 
1735.926471 -0.000039 
1734.759359 -0.000012 
1733.592248 -0.000026 
1732.425136 -0.000035 
1731.258024 -0.000057 
1730.090912 -0.000046 
1728.923801 -0.000043 
1727.756689 -0.000050 
1726.589577 -0.000039 
1725.422465 -0.000032 
1724.255354 0.000041 
1723.088242 -0.000010 
1721.921130 -0.000080 
1720.754019 -0.000073 
1719.586907 -0.000019 
1718.419795 -0.000025 
1717.252683 -0.000019 
1716.085572 -0.000075 
1714.918460 -0.000030 
1713.751348 -0.000035 
1712.584236 -0.000041 
1711.417125 -0.000052 
1710.250013 -0.000010 
1709.082901 0.000004 
1707.915789 -0.000004 
1706.748678 0.000030 
1705.581566 0.000008 
1704.414454 -0.000000 
1703.247342 0.000016 
1702.080231 0.000024 
1700.913119 -0.000006 
1699.746007 -0.000008 
1698.578895 -0.000027 
1697.411784 0.000044 
1696.244672 0.000059 
1695.077560 0.000031 
1693.910449 0.000003 
1692.743337 -0.000020 
1691.576225 -0.000077 
1690.409113 -0.000047 
1689.242002 -0.000053 
1688.074890 0.000009 
1686.907778 0.000051 
1685.740666 -0.000003 
1684.573555 -0.000006 
1683.406443 -0.000006 
1682.239331 -0.000060 
1681.072219 -0.000057 
1679.905108 -0.000063 
1678.737996 -0.000060 
1677.570884 -0.000051 
1676.403772 -0.000137 
1675.236661 -0.000079 
1674.069549 -0.000136 
1672.902437 -0.000163 
1671.735326 -0.000203 
1670.568214 -0.000227 
1669.401102 -0.000203 
1668.233990 -0.000206 
1667.066879 -0.000293 
1665.899767 -0.000329 
1664.732655 -0.000322 
1663.565543 -0.000314 
1662.398432 -0.000320 
1661.231320 -0.000376 
1660.064208 -0.000384 
1658.897096 -0.000384 
1657.729985 -0.000414 
1656.562873 -0.000397 
1655.395761 -0.000344 
1654.228649 -0.000372 
1653.061538 -0.000306 
1651.894426 -0.000316 
1650.727314 -0.000352 
1649.560203 -0.000372 
1648.393091 -0.000362 
1647.225979 -0.000367 
1646.058867 -0.000292 
1644.891756 -0.000275 
1643.724644 -0.000288 
1642.557532 -0.000279 
1641.390420 -0.000272 
1640.223309 -0.000258 
1639.056197 -0.000244 
1637.889085 -0.000253 
1636.721973 -0.000239 
1635.554862 -0.000171 
1634.387750 -0.000155 
1633.220638 -0.000158 
1632.053526 -0.000114 
1630.886415 -0.000060 
1629.719303 -0.000094 
1628.552191 -0.000094 
1627.385080 -0.000032 
1626.217968 -0.000002 
1625.050856 0.000109 
1623.883744 0.000161 
1622.716633 0.000266 
1621.549521 0.000305 
1620.382409 0.000466 
1619.215297 0.000557 
1618.048186 0.000601 
1616.881074 0.000676 
1615.713962 0.000727 
1614.546850 0.000781 
1613.379739 0.000878 
1612.212627 0.000950 
1611.045515 0.001075 
1609.878403 0.001154 
1608.711292 0.001215 
1607.544180 0.001303 
1606.377068 0.001444 
1605.209956 0.001467 
1604.042845 0.001603 
1602.875733 0.001766 
1601.708621 0.001799 
1600.541510 0.001952 
1599.374398 0.002074 
1598.207286 0.002208 
1597.040174 0.002335 
1595.873063 0.002461 
1594.705951 0.002591 
1593.538839 0.002742 
1592.371727 0.002853 
1591.204616 0.002993 
1590.037504 0.003185 
1588.870392 0.003298 
1587.703280 0.003408 
1586.536169 0.003574 
1585.369057 0.003751 
1584.201945 0.003869 
1583.034833 0.004003 
1581.867722 0.004151 
1580.700610 0.004279 
1579.533498 0.004421 
1578.366387 0.004576 
1577.199275 0.004767 
1576.032163 0.004907 
1574.865051 0.005035 
1573.697940 0.005239 
1572.530828 0.005381 
1571.363716 0.005548 
1570.196604 0.005715 
1569.029493 0.005888 
1567.862381 0.006092 
1566.695269 0.006254 
1565.528157 0.006498 
1564.361046 0.006686 
1563.193934 0.006857 
1562.026822 0.007073 
1560.859710 0.007290 
1559.692599 0.007501 
1558.525487 0.007728 
1557.358375 0.007959 
1556.191264 0.008039 
1555.024152 0.008213 
1553.857040 0.008415 
1552.689928 0.008643 
1551.522817 0.008979 
1550.355705 0.009299 
1549.188593 0.009597 
1548.021481 0.009862 
1546.854370 0.010102 
1545.687258 0.010434 
1544.520146 0.010670 
1543.353034 0.010870 
1542.185923 0.011108 
1541.018811 0.011374 
1539.851699 0.011700 
1538.684587 0.012281 
1537.517476 0.012903 
1536.350364 0.013527 
1535.183252 0.014123 
1534.016140 0.014652 
1532.849029 0.015220 
1531.681917 0.015799 
1530.514805 0.016478 
1529.347694 0.017161 
1528.180582 0.017927 
1527.013470 0.018699 
1525.846358 0.019586 
1524.679247 0.020471 
1523.512135 0.021493 
1522.345023 0.022669 
1521.177911 0.023989 
1520.010800 0.025345 
1518.843688 0.026719 
1517.676576 0.028206 
1516.509464 0.029799 
1515.342353 0.031514 
1514.175241 0.033250 
1513.008129 0.035109 
1511.841017 0.037072 
1510.673906 0.039088 
1509.506794 0.041129 
1508.339682 0.043240 
1507.172571 0.045348 
1506.005459 0.047560 
1504.838347 0.049659 
1503.671235 0.051726 
1502.504124 0.053818 
1501.337012 0.055778 
1500.169900 0.057682 
1499.002788 0.059577 
1497.835677 0.061399 
1496.668565 0.063219 
1495.501453 0.065070 
1494.334341 0.066990 
1493.167230 0.069170 
1492.000118 0.071540 
1490.833006 0.074209 
1489.665894 0.077192 
1488.498783 0.080566 
1487.331671 0.084253 
1486.164559 0.088347 
1484.997448 0.092675 
1483.830336 0.097065 
1482.663224 0.101499 
1481.496112 0.105818 
1480.329001 0.109719 
1479.161889 0.113122 
1477.994777 0.115688 
1476.827665 0.117332 
1475.660554 0.117907 
1474.493442 0.117487 
1473.326330 0.116755 
1472.159218 0.116336 
1470.992107 0.116779 
1469.824995 0.118241 
1468.657883 0.120383 
1467.490771 0.122839 
1466.323660 0.125411 
1465.156548 0.127826 
1463.989436 0.129873 
1462.822325 0.131549 
1461.655213 0.132681 
1460.488101 0.133206 
1459.320989 0.133081 
1458.153878 0.132435 
1456.986766 0.131306 
1455.819654 0.129614 
1454.652542 0.127590 
1453.485431 0.125392 
1452.318319 0.123243 
1451.151207 0.121354 
1449.984095 0.119840 
1448.816984 0.118757 
1447.649872 0.117987 
1446.482760 0.117437 
1445.315648 0.116795 
1444.148537 0.115619 
1442.981425 0.113708 
1441.814313 0.110857 
1440.647201 0.107301 
1439.480090 0.103116 
1438.312978 0.098873 
1437.145866 0.094794 
1435.978755 0.091279 
1434.811643 0.088546 
1433.644531 0.086576 
1432.477419 0.085009 
1431.310308 0.083882 
1430.143196 0.082953 
1428.976084 0.082317 
1427.808972 0.081642 
1426.641861 0.081051 
1425.474749 0.080555 
1424.307637 0.079987 
1423.140525 0.079419 
1421.973414 0.078898 
1420.806302 0.078349 
1419.639190 0.077778 
1418.472078 0.077198 
1417.304967 0.076469 
1416.137855 0.075674 
1414.970743 0.074862 
1413.803632 0.074023 
1412.636520 0.072965 
1411.469408 0.071814 
1410.302296 0.070575 
1409.135185 0.069248 
1407.968073 0.067681 
1406.800961 0.065996 
1405.633849 0.064173 
1404.466738 0.062261 
1403.299626 0.060210 
1402.132514 0.057991 
1400.965402 0.055674 
1399.798291 0.053293 
1398.631179 0.050860 
1397.464067 0.048433 
1396.296955 0.045981 
1395.129844 0.043587 
1393.962732 0.041318 
1392.795620 0.039112 
1391.628509 0.037034 
1390.461397 0.035040 
1389.294285 0.033062 
1388.127173 0.031185 
1386.960062 0.029504 
1385.792950 0.027856 
1384.625838 0.026290 
1383.458726 0.024947 
1382.291615 0.023675 
1381.124503 0.022489 
1379.957391 0.021374 
1378.790279 0.020430 
1377.623168 0.019491 
1376.456056 0.018620 
1375.288944 0.017815 
1374.121832 0.017078 
1372.954721 0.016496 
1371.787609 0.015894 
1370.620497 0.015448 
1369.453385 0.014955 
1368.286274 0.014531 
1367.119162 0.014160 
1365.952050 0.013767 
1364.784939 0.013501 
1363.617827 0.013322 
1362.450715 0.013108 
1361.283603 0.013031 
1360.116492 0.012821 
1358.949380 0.012665 
1357.782268 0.012569 
1356.615156 0.012478 
1355.448045 0.012456 
1354.280933 0.012350 
1353.113821 0.012201 
1351.946709 0.012120 
1350.779598 0.012019 
1349.612486 0.011873 
1348.445374 0.011765 
1347.278262 0.011706 
1346.111151 0.011778 
1344.944039 0.011707 
1343.776927 0.011677 
1342.609816 0.011587 
1341.442704 0.011572 
1340.275592 0.011475 
1339.108480 0.011433 
1337.941369 0.011401 
1336.774257 0.011327 
1335.607145 0.011294 
1334.440033 0.011300 
1333.272922 0.011245 
1332.105810 0.011204 
1330.938698 0.011127 
1329.771586 0.011150 
1328.604475 0.011141 
1327.437363 0.011118 
1326.270251 0.011121 
1325.103139 0.011100 
1323.936028 0.011037 
1322.768916 0.011015 
1321.601804 0.010976 
1320.434693 0.010952 
1319.267581 0.010979 
1318.100469 0.010988 
1316.933357 0.011073 
1315.766246 0.011064 
1314.599134 0.011029 
1313.432022 0.011059 
1312.264910 0.011062 
1311.097799 0.011092 
1309.930687 0.011109 
1308.763575 0.011125 
1307.596463 0.011136 
1306.429352 0.011138 
1305.262240 0.011190 
1304.095128 0.011244 
1302.928016 0.011256 
1301.760905 0.011324 
1300.593793 0.011226 
1299.426681 0.011295 
1298.259570 0.011364 
1297.092458 0.011435 
1295.925346 0.011474 
1294.758234 0.011515 
1293.591123 0.011576 
1292.424011 0.011615 
1291.256899 0.011597 
1290.089787 0.011654 
1288.922676 0.011743 
1287.755564 0.011744 
1286.588452 0.011762 
1285.421340 0.011819 
1284.254229 0.011875 
1283.087117 0.011959 
1281.920005 0.012004 
1280.752893 0.012063 
1279.585782 0.012104 
1278.418670 0.012162 
1277.251558 0.012182 
1276.084446 0.012274 
1274.917335 0.012332 
1273.750223 0.012384 
1272.583111 0.012408 
1271.416000 0.012487 
1270.248888 0.012509 
1269.081776 0.012603 
1267.914664 0.012669 
1266.747553 0.012736 
1265.580441 0.012796 
1264.413329 0.012944 
1263.246217 0.013029 
1262.079106 0.013148 
1260.911994 0.013356 
1259.744882 0.013574 
1258.577770 0.013903 
1257.410659 0.014308 
1256.243547 0.014793 
1255.076435 0.015296 
1253.909323 0.015796 
1252.742212 0.016321 
1251.575100 0.016786 
1250.407988 0.017082 
1249.240877 0.017284 
1248.073765 0.017407 
1246.906653 0.017309 
1245.739541 0.016855 
1244.572430 0.016224 
1243.405318 0.015523 
1242.238206 0.014998 
1241.071094 0.014595 
1239.903983 0.014291 
1238.736871 0.014126 
1237.569759 0.014013 
1236.402647 0.014041 
1235.235536 0.014040 
1234.068424 0.014087 
1232.901312 0.014198 
1231.734200 0.014278 
1230.567089 0.014272 
1229.399977 0.014337 
1228.232865 0.014426 
1227.065754 0.014490 
1225.898642 0.014522 
1224.731530 0.014595 
1223.564418 0.014700 
1222.397307 0.014828 
1221.230195 0.014938 
1220.063083 0.014992 
1218.895971 0.015069 
1217.728860 0.015209 
1216.561748 0.015298 
1215.394636 0.015339 
1214.227524 0.015403 
1213.060413 0.015543 
1211.893301 0.015633 
1210.726189 0.015725 
1209.559077 0.015876 
1208.391966 0.015981 
1207.224854 0.016124 
1206.057742 0.016278 
1204.890630 0.016361 
1203.723519 0.016535 
1202.556407 0.016681 
1201.389295 0.016841 
1200.222184 0.016977 
1199.055072 0.017188 
1197.887960 0.017305 
1196.720848 0.017454 
1195.553737 0.017590 
1194.386625 0.017759 
1193.219513 0.017970 
1192.052401 0.018248 
1190.885290 0.018478 
1189.718178 0.018698 
1188.551066 0.018947 
1187.383954 0.019318 
1186.216843 0.019706 
1185.049731 0.020115 
1183.882619 0.020674 
1182.715507 0.021375 
1181.548396 0.022328 
1180.381284 0.023289 
1179.214172 0.024438 
1178.047061 0.025587 
1176.879949 0.026746 
1175.712837 0.027586 
1174.545725 0.028261 
1173.378614 0.028915 
1172.211502 0.029859 
1171.044390 0.031809 
1169.877278 0.035549 
1168.710167 0.041480 
1167.543055 0.049426 
1166.375943 0.058102 
1165.208831 0.066084 
1164.041720 0.071917 
1162.874608 0.074404 
1161.707496 0.073084 
1160.540384 0.068700 
1159.373273 0.062154 
1158.206161 0.054714 
1157.039049 0.047416 
1155.871938 0.041362 
1154.704826 0.036836 
1153.537714 0.033838 
1152.370602 0.032150 
1151.203491 0.031785 
1150.036379 0.032428 
1148.869267 0.033850 
1147.702155 0.036277 
1146.535044 0.039502 
1145.367932 0.043801 
1144.200820 0.049146 
1143.033708 0.055140 
1141.866597 0.061597 
1140.699485 0.068160 
1139.532373 0.074393 
1138.365261 0.079831 
1137.198150 0.084483 
1136.031038 0.088133 
1134.863926 0.090787 
1133.696815 0.092581 
1132.529703 0.093687 
1131.362591 0.094037 
1130.195479 0.093795 
1129.028368 0.093273 
1127.861256 0.092348 
1126.694144 0.091220 
1125.527032 0.090058 
1124.359921 0.088821 
1123.192809 0.087415 
1122.025697 0.085986 
1120.858585 0.084473 
1119.691474 0.083019 
1118.524362 0.081447 
1117.357250 0.079843 
1116.190138 0.078171 
1115.023027 0.076299 
1113.855915 0.074466 
1112.688803 0.072469 
1111.521691 0.070282 
1110.354580 0.067737 
1109.187468 0.064718 
1108.020356 0.061056 
1106.853245 0.057177 
1105.686133 0.053197 
1104.519021 0.049323 
1103.351909 0.045883 
1102.184798 0.043256 
1101.017686 0.041794 
1099.850574 0.041859 
1098.683462 0.043969 
1097.516351 0.048245 
1096.349239 0.054376 
1095.182127 0.061315 
1094.015015 0.067385 
1092.847904 0.070771 
1091.680792 0.071152 
1090.513680 0.068808 
1089.346568 0.065383 
1088.179457 0.062286 
1087.012345 0.060303 
1085.845233 0.059091 
1084.678122 0.057850 
1083.511010 0.055772 
1082.343898 0.053203 
1081.176786 0.050107 
1080.009675 0.047063 
1078.842563 0.044341 
1077.675451 0.042258 
1076.508339 0.040906 
1075.341228 0.040291 
1074.174116 0.040387 
1073.007004 0.040953 
1071.839892 0.041808 
1070.672781 0.042941 
1069.505669 0.044278 
1068.338557 0.045740 
1067.171445 0.047454 
1066.004334 0.049307 
1064.837222 0.051400 
1063.670110 0.053688 
1062.502999 0.056197 
1061.335887 0.059172 
1060.168775 0.062715 
1059.001663 0.067244 
1057.834552 0.073235 
1056.667440 0.082105 
1055.500328 0.095481 
1054.333216 0.113965 
1053.166105 0.137036 
1051.998993 0.163612 
1050.831881 0.194277 
1049.664769 0.229487 
1048.497658 0.268042 
1047.330546 0.308111 
1046.163434 0.347735 
1044.996322 0.386041 
1043.829211 0.422367 
1042.662099 0.456782 
1041.494987 0.489374 
1040.327875 0.520067 
1039.160764 0.548948 
1037.993652 0.575925 
1036.826540 0.600934 
1035.659429 0.623309 
1034.492317 0.643267 
1033.325205 0.659817 
1032.158093 0.673209 
1030.990982 0.682785 
1029.823870 0.688379 
1028.656758 0.688660 
1027.489646 0.684129 
1026.322535 0.673411 
1025.155423 0.656544 
1023.988311 0.633245 
1022.821199 0.602670 
1021.654088 0.565608 
1020.486976 0.522198 
1019.319864 0.473713 
1018.152752 0.421961 
1016.985641 0.369074 
1015.818529 0.318073 
1014.651417 0.271701 
1013.484306 0.231550 
1012.317194 0.198739 
1011.150082 0.172684 
1009.982970 0.151845 
1008.815859 0.134800 
1007.648747 0.120049 
1006.481635 0.106488 
1005.314523 0.093540 
1004.147412 0.081049 
1002.980300 0.069023 
1001.813188 0.057477 
1000.646076 0.046763 
999.478965 0.036984 
998.311853 0.028472 
997.144741 0.021263 
995.977629 0.015296 
994.810518 0.010573 
993.643406 0.006958 
992.476294 0.004445 
991.309183 0.002558 
990.142071 0.001362 
988.974959 0.000589 
987.807847 0.000197 
986.640736 -0.000002 
985.473624 -0.000024 
984.306512 0.000141 
983.139400 0.000285 
981.972289 0.000429 
980.805177 0.000626 
979.638065 0.000920 
978.470953 0.001193 
977.303842 0.001466 
976.136730 0.001776 
974.969618 0.002027 
973.802506 0.002356 
972.635395 0.002681 
971.468283 0.003017 
970.301171 0.003295 
969.134060 0.003592 
967.966948 0.003958 
966.799836 0.004303 
965.632724 0.004650 
964.465613 0.004993 
963.298501 0.005289 
962.131389 0.005637 
960.964277 0.005971 
959.797166 0.006297 
958.630054 0.006629 
957.462942 0.006921 
956.295830 0.007274 
955.128719 0.007591 
953.961607 0.007895 
952.794495 0.008267 
951.627383 0.008612 
950.460272 0.008891 
949.293160 0.009249 
948.126048 0.009613 
946.958936 0.009931 
945.791825 0.010270 
944.624713 0.010673 
943.457601 0.011025 
942.290490 0.011452 
941.123378 0.011828 
939.956266 0.012145 
938.789154 0.012490 
937.622043 0.012854 
936.454931 0.013220 
935.287819 0.013588 
934.120707 0.013982 
932.953596 0.014525 
931.786484 0.015054 
930.619372 0.015611 
929.452260 0.016222 
928.285149 0.017164 
927.118037 0.018618 
925.950925 0.020881 
924.783813 0.024496 
923.616702 0.029320 
922.449590 0.034750 
921.282478 0.039439 
920.115367 0.042208 
918.948255 0.042538 
917.781143 0.040785 
916.614031 0.038283 
915.446920 0.036208 
914.279808 0.035225 
913.112696 0.035393 
911.945584 0.035906 
910.778473 0.036115 
909.611361 0.035680 
908.444249 0.034455 
907.277137 0.032906 
906.110026 0.031562 
904.942914 0.030241 
903.775802 0.028707 
902.608690 0.027458 
901.441579 0.026570 
900.274467 0.025994 
899.107355 0.025700 
897.940244 0.025792 
896.773132 0.025991 
895.606020 0.026189 
894.438908 0.026591 
893.271797 0.027132 
892.104685 0.027537 
890.937573 0.027986 
889.770461 0.028419 
888.603350 0.028937 
887.436238 0.029310 
886.269126 0.029756 
885.102014 0.030262 
883.934903 0.030833 
882.767791 0.031337 
881.600679 0.031749 
880.433567 0.032283 
879.266456 0.032805 
878.099344 0.033250 
876.932232 0.033696 
875.765121 0.034267 
874.598009 0.034657 
873.430897 0.035128 
872.263785 0.035633 
871.096674 0.036033 
869.929562 0.036557 
868.762450 0.036976 
867.595338 0.037572 
866.428227 0.037982 
865.261115 0.038490 
864.094003 0.038881 
862.926891 0.039312 
861.759780 0.039770 
860.592668 0.040105 
859.425556 0.040530 
858.258444 0.040910 
857.091333 0.041428 
855.924221 0.041918 
854.757109 0.042377 
853.589997 0.042888 
852.422886 0.043309 
851.255774 0.043550 
850.088662 0.043983 
848.921551 0.044299 
847.754439 0.044804 
846.587327 0.045129 
845.420215 0.045540 
844.253104 0.045908 
843.085992 0.046214 
841.918880 0.046596 
840.751768 0.046975 
839.584657 0.047251 
838.417545 0.047595 
837.250433 0.047878 
836.083321 0.048214 
834.916210 0.048583 
833.749098 0.048902 
832.581986 0.049265 
831.414874 0.049539 
830.247763 0.049829 
829.080651 0.050284 
827.913539 0.050662 
826.746428 0.050931 
825.579316 0.051250 
824.412204 0.051635 
823.245092 0.051943 
822.077981 0.052179 
820.910869 0.052606 
819.743757 0.052852 
818.576645 0.053077 
817.409534 0.053489 
816.242422 0.053810 
815.075310 0.054155 
813.908198 0.054196 
812.741087 0.054455 
811.573975 0.054837 
810.406863 0.055161 
809.239751 0.055602 
808.072640 0.055962 
806.905528 0.056222 
805.738416 0.056606 
804.571305 0.056760 
803.404193 0.057120 
802.237081 0.057416 
801.069969 0.057664 
799.902858 0.057961 
798.735746 0.058297 
797.568634 0.058687 
796.401522 0.059050 
795.234411 0.059238 
794.067299 0.059492 
792.900187 0.059907 
791.733075 0.060134 
790.565964 0.060269 
789.398852 0.060588 
788.231740 0.060992 
787.064628 0.061245 
785.897517 0.061587 
784.730405 0.061867 
783.563293 0.062298 
782.396181 0.062478 
781.229070 0.062822 
780.061958 0.063100 
778.894846 0.063400 
777.727735 0.063732 
776.560623 0.064000 
775.393511 0.064353 
774.226399 0.064740 
773.059288 0.065027 
771.892176 0.065231 
770.725064 0.065601 
769.557952 0.065951 
768.390841 0.066358 
767.223729 0.066667 
766.056617 0.066936 
764.889505 0.067106 
763.722394 0.067353 
762.555282 0.067731 
761.388170 0.068020 
760.221058 0.068297 
759.053947 0.068573 
757.886835 0.068777 
756.719723 0.069075 
755.552612 0.069462 
754.385500 0.069683 
753.218388 0.069819 
752.051276 0.070047 
750.884165 0.070447 
749.717053 0.070700 
748.549941 0.070940 
747.382829 0.071126 
746.215718 0.071301 
745.048606 0.071524 
743.881494 0.071736 
742.714382 0.071923 
741.547271 0.072114 
740.380159 0.072329 
739.213047 0.072467 
738.045935 0.072639 
736.878824 0.072724 
735.711712 0.072877 
734.544600 0.073068 
733.377489 0.073257 
732.210377 0.073378 
731.043265 0.073324 
729.876153 0.073550 
728.709042 0.073696 
727.541930 0.073548 
726.374818 0.073694 
725.207706 0.073844 
724.040595 0.073824 
722.873483 0.073746 
721.706371 0.073848 
720.539259 0.073871 
719.372148 0.073996 
718.205036 0.074098 
717.037924 0.073984 
715.870812 0.073848 
714.703701 0.073779 
713.536589 0.073832 
712.369477 0.073509 
711.202366 0.073538 
710.035254 0.073565 
708.868142 0.073590 
707.701030 0.073361 
706.533919 0.072985 
705.366807 0.072959 
704.199695 0.072897 
703.032583 0.072557 
701.865472 0.072314 
700.698360 0.072110 
699.531248 0.071745 
698.364136 0.071547 
697.197025 0.071209 
696.029913 0.071086 
694.862801 0.070549 
693.695689 0.070115 
692.528578 0.069748 
691.361466 0.069393 
690.194354 0.068926 
689.027242 0.068363 
687.860131 0.067872 
686.693019 0.067173 
685.525907 0.066738 
684.358796 0.066124 
683.191684 0.065369 
682.024572 0.064822 
680.857460 0.064104 
679.690349 0.063241 
678.523237 0.062352 
677.356125 0.061459 
676.189013 0.060555 
675.021902 0.059656 
673.854790 0.058898 
672.687678 0.058076 
671.520566 0.057235 
670.353455 0.056244 
669.186343 0.054600 
668.019231 0.053506 
666.852119 0.052774 
665.685008 0.051687 
664.517896 0.050493 
663.350784 0.049576 
662.183673 0.048599 
661.016561 0.047533 
659.849449 0.046421 
658.682337 0.045376 
657.515226 0.044170 
656.348114 0.043072 
655.181002 0.041969 
654.013890 0.040703 
652.846779 0.039428 
651.679667 0.038486 
650.512555 0.037356 
649.345443 0.036100 
648.178332 0.035122 
647.011220 0.034161 
645.844108 0.033155 
644.676996 0.032095 
643.509885 0.030960 
642.342773 0.029823 
641.175661 0.028639 
640.008550 0.027580 
638.841438 0.026403 
637.674326 0.025416 
636.507214 0.024337 
635.340103 0.023322 
634.172991 0.022430 
633.005879 0.021522 
631.838767 0.020528 
630.671656 0.019743 
629.504544 0.019166 
628.337432 0.018357 
627.170320 0.017455 
626.003209 0.016865 
624.836097 0.016236 
623.668985 0.015338 
622.501873 0.014622 
621.334762 0.014063 
620.167650 0.013363 
619.000538 0.012845 
617.833426 0.012363 
616.666315 0.011682 
615.499203 0.010903 
614.332091 0.010417 
613.164980 0.009945 
611.997868 0.009354 
610.830756 0.008878 
609.663644 0.008527 
608.496533 0.008046 
607.329421 0.007430 
606.162309 0.006858 
604.995197 0.006539 
603.828086 0.006351 
602.660974 0.005726 
601.493862 0.005262 
600.326750 0.005249 
599.159639 0.004787 
597.992527 0.004213 
596.825415 0.003640 
595.658303 0.003503 
594.491192 0.003099 
593.324080 0.002563 
592.156968 0.002711 
590.989857 0.002459 
589.822745 0.001669 
588.655633 0.001568 
587.488521 0.001395 
586.321410 0.001197 
585.154298 0.000827 
583.987186 0.000641 
582.820074 0.000497 
581.652963 0.000011 
580.485851 0.000432 
579.318739 0.000123 
578.151627 -0.000173 
576.984516 -0.000440 
575.817404 -0.000491 
574.650292 0.000094 
573.483180 0.000224 
572.316069 -0.000161 
571.148957 -0.000484 
569.981845 -0.000341 
568.814734 -0.000706 
567.647622 -0.001312 
566.480510 -0.001242 
565.313398 -0.001658 
564.146287 -0.000943 
562.979175 0.000074 
561.812063 0.000027 
560.644951 -0.000143 
559.477840 0.000007 
558.310728 -0.000459 
557.143616 -0.000681 
555.976504 -0.001510 
554.809393 -0.002751 
553.642281 -0.002547 
552.475169 -0.001526 
551.308057 -0.000849 
550.140946 -0.000841 
548.973834 -0.001142 
547.806722 -0.000200 
546.639611 0.000525 
545.472499 0.000409 
544.305387 0.000154 
543.138275 0.000615 
541.971164 0.000771 
540.804052 0.000689 
539.636940 0.000210 
538.469828 -0.000356 
537.302717 -0.000053 
536.135605 0.000427 
534.968493 0.001661 
533.801381 0.001243 
532.634270 0.001688 
531.467158 0.001375 
530.300046 0.001319 
529.132934 0.001640 
527.965823 0.001131 
526.798711 0.000398 
525.631599 -0.000181 
524.464487 0.000017 
523.297376 0.000224 
522.130264 0.000841 
520.963152 0.000240 
519.796041 -0.000394 
518.628929 0.000422 
517.461817 0.001060 
516.294705 0.000066 
515.127594 -0.000142 
513.960482 0.000653 
512.793370 0.000552 
511.626258 -0.000018 
510.459147 -0.001011 
509.292035 -0.000891 
508.124923 -0.001098 
506.957811 -0.002441 
505.790700 -0.000986 
504.623588 0.000262 
503.456476 0.000157 
502.289364 0.000250 
501.122253 0.000311 
499.955141 0.000289 
