4000.123242 -0.000253 
3998.956130 -0.000286 
3997.789019 -0.000210 
3996.621907 -0.000207 
3995.454795 -0.000199 
3994.287683 -0.000190 
3993.120572 -0.000195 
3991.953460 -0.000219 
3990.786348 -0.000140 
3989.619236 -0.000142 
3988.452125 -0.000114 
3987.285013 -0.000059 
3986.117901 -0.000107 
3984.950789 -0.000062 
3983.783678 -0.000043 
3982.616566 -0.000094 
3981.449454 -0.000108 
3980.282342 -0.000034 
3979.115231 -0.000031 
3977.948119 0.000001 
3976.781007 -0.000037 
3975.613896 -0.000063 
3974.446784 -0.000090 
3973.279672 -0.000044 
3972.112560 0.000017 
3970.945449 -0.000025 
3969.778337 -0.000036 
3968.611225 0.000002 
3967.444113 -0.000032 
3966.277002 -0.000031 
3965.109890 0.000001 
3963.942778 0.000014 
3962.775666 -0.000017 
3961.608555 -0.000010 
3960.441443 0.000043 
3959.274331 0.000028 
3958.107219 -0.000007 
3956.940108 0.000039 
3955.772996 0.000095 
3954.605884 0.000010 
3953.438772 -0.000006 
3952.271661 0.000013 
3951.104549 0.000004 
3949.937437 0.000032 
3948.770326 0.000041 
3947.603214 0.000087 
3946.436102 0.000030 
3945.268990 0.000007 
3944.101879 0.000019 
3942.934767 0.000117 
3941.767655 0.000093 
3940.600543 0.000031 
3939.433432 0.000048 
3938.266320 0.000085 
3937.099208 0.000057 
3935.932096 0.000052 
3934.764985 0.000048 
3933.597873 0.000032 
3932.430761 0.000064 
3931.263649 0.000074 
3930.096538 0.000064 
3928.929426 0.000017 
3927.762314 0.000029 
3926.595203 0.000098 
3925.428091 0.000056 
3924.260979 -0.000013 
3923.093867 0.000006 
3921.926756 0.000002 
3920.759644 0.000044 
3919.592532 0.000029 
3918.425420 0.000006 
3917.258309 0.000001 
3916.091197 0.000076 
3914.924085 0.000099 
3913.756973 0.000048 
3912.589862 0.000073 
3911.422750 -0.000004 
3910.255638 0.000008 
3909.088526 -0.000030 
3907.921415 0.000022 
3906.754303 0.000031 
3905.587191 0.000010 
3904.420080 -0.000005 
3903.252968 0.000023 
3902.085856 0.000059 
3900.918744 0.000037 
3899.751633 0.000029 
3898.584521 0.000020 
3897.417409 0.000059 
3896.250297 0.000056 
3895.083186 0.000076 
3893.916074 0.000005 
3892.748962 0.000007 
3891.581850 0.000048 
3890.414739 0.000012 
3889.247627 0.000002 
3888.080515 -0.000001 
3886.913403 0.000015 
3885.746292 0.000044 
3884.579180 0.000041 
3883.412068 0.000036 
3882.244957 0.000043 
3881.077845 0.000045 
3879.910733 0.000033 
3878.743621 0.000013 
3877.576510 0.000022 
3876.409398 -0.000007 
3875.242286 0.000076 
3874.075174 0.000001 
3872.908063 0.000006 
3871.740951 0.000002 
3870.573839 0.000077 
3869.406727 0.000058 
3868.239616 0.000008 
3867.072504 -0.000051 
3865.905392 0.000033 
3864.738280 0.000043 
3863.571169 0.000070 
3862.404057 0.000054 
3861.236945 0.000054 
3860.069833 0.000073 
3858.902722 0.000064 
3857.735610 0.000085 
3856.568498 0.000031 
3855.401387 0.000004 
3854.234275 -0.000017 
3853.067163 0.000064 
3851.900051 0.000027 
3850.732940 0.000002 
3849.565828 -0.000002 
3848.398716 0.000013 
3847.231604 0.000025 
3846.064493 0.000010 
3844.897381 0.000052 
3843.730269 0.000051 
3842.563157 0.000061 
3841.396046 0.000010 
3840.228934 0.000017 
3839.061822 -0.000015 
3837.894710 -0.000017 
3836.727599 0.000000 
3835.560487 0.000013 
3834.393375 -0.000002 
3833.226264 0.000021 
3832.059152 -0.000048 
3830.892040 -0.000038 
3829.724928 -0.000010 
3828.557817 0.000000 
3827.390705 0.000017 
3826.223593 -0.000010 
3825.056481 0.000012 
3823.889370 0.000029 
3822.722258 0.000055 
3821.555146 0.000013 
3820.388034 -0.000026 
3819.220923 -0.000031 
3818.053811 -0.000023 
3816.886699 -0.000045 
3815.719587 -0.000013 
3814.552476 -0.000005 
3813.385364 -0.000013 
3812.218252 -0.000051 
3811.051141 -0.000048 
3809.884029 -0.000014 
3808.716917 -0.000044 
3807.549805 -0.000059 
3806.382694 -0.000036 
3805.215582 -0.000019 
3804.048470 0.000004 
3802.881358 0.000028 
3801.714247 -0.000028 
3800.547135 -0.000052 
3799.380023 -0.000035 
3798.212911 0.000008 
3797.045800 -0.000014 
3795.878688 0.000017 
3794.711576 0.000002 
3793.544464 -0.000010 
3792.377353 -0.000027 
3791.210241 0.000004 
3790.043129 -0.000048 
3788.876017 -0.000022 
3787.708906 0.000025 
3786.541794 0.000036 
3785.374682 -0.000007 
3784.207571 0.000003 
3783.040459 0.000023 
3781.873347 -0.000001 
3780.706235 -0.000033 
3779.539124 -0.000059 
3778.372012 0.000007 
3777.204900 -0.000071 
3776.037788 -0.000025 
3774.870677 -0.000047 
3773.703565 -0.000025 
3772.536453 -0.000026 
3771.369341 -0.000032 
3770.202230 0.000034 
3769.035118 0.000022 
3767.868006 -0.000020 
3766.700894 0.000008 
3765.533783 -0.000003 
3764.366671 -0.000011 
3763.199559 0.000029 
3762.032448 -0.000001 
3760.865336 0.000011 
3759.698224 0.000017 
3758.531112 0.000016 
3757.364001 0.000020 
3756.196889 0.000063 
3755.029777 0.000026 
3753.862665 0.000037 
3752.695554 0.000060 
3751.528442 0.000054 
3750.361330 0.000073 
3749.194218 0.000039 
3748.027107 0.000038 
3746.859995 0.000002 
3745.692883 0.000048 
3744.525771 0.000049 
3743.358660 0.000056 
3742.191548 0.000018 
3741.024436 0.000069 
3739.857325 0.000069 
3738.690213 0.000085 
3737.523101 0.000085 
3736.355989 0.000094 
3735.188878 0.000006 
3734.021766 0.000071 
3732.854654 0.000059 
3731.687542 0.000069 
3730.520431 0.000103 
3729.353319 0.000081 
3728.186207 0.000104 
3727.019095 0.000071 
3725.851984 0.000097 
3724.684872 0.000070 
3723.517760 0.000130 
3722.350648 0.000119 
3721.183537 0.000102 
3720.016425 0.000117 
3718.849313 0.000128 
3717.682202 0.000093 
3716.515090 0.000088 
3715.347978 0.000154 
3714.180866 0.000141 
3713.013755 0.000148 
3711.846643 0.000197 
3710.679531 0.000278 
3709.512419 0.000451 
3708.345308 0.000744 
3707.178196 0.000827 
3706.011084 0.000720 
3704.843972 0.000488 
3703.676861 0.000343 
3702.509749 0.000212 
3701.342637 0.000187 
3700.175525 0.000162 
3699.008414 0.000172 
3697.841302 0.000157 
3696.674190 0.000158 
3695.507078 0.000154 
3694.339967 0.000149 
3693.172855 0.000147 
3692.005743 0.000102 
3690.838632 0.000168 
3689.671520 0.000128 
3688.504408 0.000179 
3687.337296 0.000219 
3686.170185 0.000271 
3685.003073 0.000337 
3683.835961 0.000489 
3682.668849 0.000580 
3681.501738 0.000743 
3680.334626 0.001035 
3679.167514 0.001330 
3678.000402 0.001551 
3676.833291 0.001592 
3675.666179 0.001517 
3674.499067 0.001334 
3673.331955 0.001175 
3672.164844 0.001108 
3670.997732 0.000982 
3669.830620 0.000835 
3668.663509 0.000790 
3667.496397 0.000741 
3666.329285 0.000650 
3665.162173 0.000591 
3663.995062 0.000555 
3662.827950 0.000545 
3661.660838 0.000550 
3660.493726 0.000543 
3659.326615 0.000460 
3658.159503 0.000462 
3656.992391 0.000447 
3655.825279 0.000469 
3654.658168 0.000428 
3653.491056 0.000455 
3652.323944 0.000450 
3651.156832 0.000391 
3649.989721 0.000394 
3648.822609 0.000463 
3647.655497 0.000391 
3646.488386 0.000401 
3645.321274 0.000472 
3644.154162 0.000488 
3642.987050 0.000427 
3641.819939 0.000442 
3640.652827 0.000469 
3639.485715 0.000454 
3638.318603 0.000473 
3637.151492 0.000476 
3635.984380 0.000452 
3634.817268 0.000444 
3633.650156 0.000437 
3632.483045 0.000420 
3631.315933 0.000418 
3630.148821 0.000414 
3628.981709 0.000412 
3627.814598 0.000331 
3626.647486 0.000312 
3625.480374 0.000301 
3624.313262 0.000260 
3623.146151 0.000248 
3621.979039 0.000226 
3620.811927 0.000185 
3619.644816 0.000185 
3618.477704 0.000262 
3617.310592 0.000261 
3616.143480 0.000239 
3614.976369 0.000137 
3613.809257 0.000129 
3612.642145 0.000087 
3611.475033 0.000119 
3610.307922 0.000128 
3609.140810 0.000042 
3607.973698 0.000036 
3606.806586 0.000048 
3605.639475 0.000037 
3604.472363 -0.000003 
3603.305251 0.000013 
3602.138139 0.000042 
3600.971028 0.000096 
3599.803916 0.000059 
3598.636804 0.000055 
3597.469693 0.000032 
3596.302581 0.000083 
3595.135469 0.000109 
3593.968357 0.000175 
3592.801246 0.000191 
3591.634134 0.000172 
3590.467022 0.000164 
3589.299910 0.000147 
3588.132799 0.000145 
3586.965687 0.000169 
3585.798575 0.000164 
3584.631463 0.000175 
3583.464352 0.000163 
3582.297240 0.000156 
3581.130128 0.000231 
3579.963016 0.000162 
3578.795905 0.000162 
3577.628793 0.000153 
3576.461681 0.000158 
3575.294570 0.000148 
3574.127458 0.000164 
3572.960346 0.000152 
3571.793234 0.000158 
3570.626123 0.000119 
3569.459011 0.000098 
3568.291899 0.000089 
3567.124787 0.000036 
3565.957676 0.000062 
3564.790564 0.000017 
3563.623452 -0.000001 
3562.456340 -0.000046 
3561.289229 -0.000042 
3560.122117 -0.000090 
3558.955005 -0.000067 
3557.787893 -0.000131 
3556.620782 -0.000185 
3555.453670 -0.000211 
3554.286558 -0.000199 
3553.119447 -0.000235 
3551.952335 -0.000276 
3550.785223 -0.000318 
3549.618111 -0.000321 
3548.451000 -0.000313 
3547.283888 -0.000368 
3546.116776 -0.000368 
3544.949664 -0.000410 
3543.782553 -0.000423 
3542.615441 -0.000451 
3541.448329 -0.000438 
3540.281217 -0.000430 
3539.114106 -0.000392 
3537.946994 -0.000382 
3536.779882 -0.000381 
3535.612770 -0.000406 
3534.445659 -0.000328 
3533.278547 -0.000313 
3532.111435 -0.000326 
3530.944323 -0.000245 
3529.777212 -0.000253 
3528.610100 -0.000221 
3527.442988 -0.000168 
3526.275877 -0.000082 
3525.108765 0.000010 
3523.941653 0.000077 
3522.774541 0.000123 
3521.607430 0.000206 
3520.440318 0.000175 
3519.273206 0.000236 
3518.106094 0.000206 
3516.938983 0.000237 
3515.771871 0.000237 
3514.604759 0.000215 
3513.437647 0.000203 
3512.270536 0.000193 
3511.103424 0.000136 
3509.936312 0.000114 
3508.769200 0.000102 
3507.602089 0.000036 
3506.434977 0.000081 
3505.267865 0.000053 
3504.100754 0.000071 
3502.933642 -0.000010 
3501.766530 -0.000001 
3500.599418 -0.000007 
3499.432307 0.000005 
3498.265195 -0.000048 
3497.098083 -0.000040 
3495.930971 -0.000062 
3494.763860 -0.000005 
3493.596748 0.000027 
3492.429636 -0.000024 
3491.262524 -0.000013 
3490.095413 -0.000030 
3488.928301 0.000001 
3487.761189 -0.000018 
3486.594077 0.000039 
3485.426966 0.000055 
3484.259854 0.000041 
3483.092742 -0.000004 
3481.925631 0.000016 
3480.758519 -0.000027 
3479.591407 -0.000038 
3478.424295 -0.000005 
3477.257184 -0.000058 
3476.090072 -0.000054 
3474.922960 0.000028 
3473.755848 0.000059 
3472.588737 0.000012 
3471.421625 0.000071 
3470.254513 0.000032 
3469.087401 0.000056 
3467.920290 0.000087 
3466.753178 0.000096 
3465.586066 0.000090 
3464.418954 0.000145 
3463.251843 0.000119 
3462.084731 0.000113 
3460.917619 0.000059 
3459.750508 0.000079 
3458.583396 0.000061 
3457.416284 0.000059 
3456.249172 0.000130 
3455.082061 0.000164 
3453.914949 0.000207 
3452.747837 0.000191 
3451.580725 0.000201 
3450.413614 0.000153 
3449.246502 0.000132 
3448.079390 0.000106 
3446.912278 0.000105 
3445.745167 0.000082 
3444.578055 0.000159 
3443.410943 0.000219 
3442.243831 0.000292 
3441.076720 0.000329 
3439.909608 0.000355 
3438.742496 0.000326 
3437.575384 0.000268 
3436.408273 0.000246 
3435.241161 0.000249 
3434.074049 0.000304 
3432.906938 0.000318 
3431.739826 0.000346 
3430.572714 0.000296 
3429.405602 0.000317 
3428.238491 0.000303 
3427.071379 0.000289 
3425.904267 0.000268 
3424.737155 0.000276 
3423.570044 0.000274 
3422.402932 0.000263 
3421.235820 0.000180 
3420.068708 0.000156 
3418.901597 0.000198 
3417.734485 0.000114 
3416.567373 0.000103 
3415.400261 0.000092 
3414.233150 0.000075 
3413.066038 0.000019 
3411.898926 0.000033 
3410.731815 0.000028 
3409.564703 0.000042 
3408.397591 0.000027 
3407.230479 0.000028 
3406.063368 0.000020 
3404.896256 0.000040 
3403.729144 0.000006 
3402.562032 -0.000016 
3401.394921 -0.000004 
3400.227809 -0.000021 
3399.060697 0.000021 
3397.893585 -0.000042 
3396.726474 -0.000042 
3395.559362 -0.000058 
3394.392250 0.000040 
3393.225138 0.000021 
3392.058027 0.000004 
3390.890915 0.000010 
3389.723803 0.000025 
3388.556692 0.000021 
3387.389580 0.000033 
3386.222468 0.000015 
3385.055356 -0.000004 
3383.888245 -0.000001 
3382.721133 -0.000004 
3381.554021 -0.000017 
3380.386909 -0.000004 
3379.219798 0.000026 
3378.052686 -0.000005 
3376.885574 0.000007 
3375.718462 -0.000016 
3374.551351 0.000015 
3373.384239 -0.000009 
3372.217127 0.000015 
3371.050015 0.000012 
3369.882904 0.000022 
3368.715792 0.000046 
3367.548680 0.000051 
3366.381568 0.000040 
3365.214457 0.000041 
3364.047345 0.000041 
3362.880233 0.000006 
3361.713122 0.000002 
3360.546010 -0.000008 
3359.378898 0.000043 
3358.211786 -0.000015 
3357.044675 0.000034 
3355.877563 0.000028 
3354.710451 0.000033 
3353.543339 0.000024 
3352.376228 0.000012 
3351.209116 -0.000017 
3350.042004 0.000006 
3348.874892 0.000029 
3347.707781 0.000015 
3346.540669 -0.000011 
3345.373557 -0.000021 
3344.206445 -0.000022 
3343.039334 -0.000006 
3341.872222 0.000007 
3340.705110 -0.000017 
3339.537999 0.000055 
3338.370887 0.000014 
3337.203775 -0.000020 
3336.036663 -0.000018 
3334.869552 0.000042 
3333.702440 0.000003 
3332.535328 -0.000024 
3331.368216 -0.000005 
3330.201105 -0.000001 
3329.033993 -0.000003 
3327.866881 0.000017 
3326.699769 0.000008 
3325.532658 -0.000070 
3324.365546 0.000005 
3323.198434 0.000005 
3322.031322 0.000006 
3320.864211 -0.000013 
3319.697099 0.000027 
3318.529987 0.000027 
3317.362876 0.000011 
3316.195764 -0.000027 
3315.028652 -0.000029 
3313.861540 -0.000049 
3312.694429 0.000006 
3311.527317 0.000022 
3310.360205 -0.000003 
3309.193093 0.000015 
3308.025982 0.000007 
3306.858870 0.000005 
3305.691758 -0.000008 
3304.524646 0.000012 
3303.357535 0.000038 
3302.190423 0.000050 
3301.023311 0.000014 
3299.856199 0.000032 
3298.689088 0.000046 
3297.521976 0.000018 
3296.354864 -0.000013 
3295.187753 0.000040 
3294.020641 0.000071 
3292.853529 0.000048 
3291.686417 0.000029 
3290.519306 0.000015 
3289.352194 0.000008 
3288.185082 0.000001 
3287.017970 0.000049 
3285.850859 0.000063 
3284.683747 0.000089 
3283.516635 0.000070 
3282.349523 0.000088 
3281.182412 0.000038 
3280.015300 0.000051 
3278.848188 0.000053 
3277.681076 0.000065 
3276.513965 0.000041 
3275.346853 0.000031 
3274.179741 0.000055 
3273.012629 0.000039 
3271.845518 0.000017 
3270.678406 -0.000011 
3269.511294 0.000020 
3268.344183 0.000017 
3267.177071 0.000015 
3266.009959 -0.000029 
3264.842847 -0.000004 
3263.675736 -0.000017 
3262.508624 -0.000013 
3261.341512 -0.000014 
3260.174400 0.000001 
3259.007289 0.000001 
3257.840177 -0.000011 
3256.673065 0.000006 
3255.505953 -0.000006 
3254.338842 -0.000011 
3253.171730 -0.000022 
3252.004618 -0.000000 
3250.837506 -0.000032 
3249.670395 -0.000017 
3248.503283 -0.000033 
3247.336171 -0.000005 
3246.169060 0.000001 
3245.001948 -0.000009 
3243.834836 -0.000027 
3242.667724 -0.000019 
3241.500613 -0.000016 
3240.333501 -0.000033 
3239.166389 -0.000021 
3237.999277 -0.000013 
3236.832166 -0.000016 
3235.665054 -0.000022 
3234.497942 -0.000022 
3233.330830 -0.000052 
3232.163719 -0.000013 
3230.996607 -0.000029 
3229.829495 -0.000016 
3228.662383 -0.000023 
3227.495272 -0.000024 
3226.328160 -0.000050 
3225.161048 -0.000021 
3223.993937 -0.000029 
3222.826825 -0.000031 
3221.659713 -0.000033 
3220.492601 -0.000006 
3219.325490 0.000027 
3218.158378 0.000033 
3216.991266 -0.000001 
3215.824154 -0.000040 
3214.657043 -0.000016 
3213.489931 -0.000010 
3212.322819 -0.000010 
3211.155707 -0.000029 
3209.988596 0.000010 
3208.821484 -0.000005 
3207.654372 0.000011 
3206.487260 -0.000014 
3205.320149 0.000001 
3204.153037 0.000018 
3202.985925 -0.000025 
3201.818813 -0.000044 
3200.651702 -0.000039 
3199.484590 -0.000006 
3198.317478 0.000003 
3197.150367 0.000030 
3195.983255 0.000016 
3194.816143 -0.000018 
3193.649031 -0.000025 
3192.481920 -0.000004 
3191.314808 -0.000003 
3190.147696 -0.000009 
3188.980584 0.000002 
3187.813473 -0.000013 
3186.646361 -0.000026 
3185.479249 -0.000002 
3184.312137 -0.000020 
3183.145026 -0.000014 
3181.977914 0.000014 
3180.810802 -0.000006 
3179.643690 -0.000037 
3178.476579 -0.000026 
3177.309467 0.000004 
3176.142355 -0.000019 
3174.975244 0.000006 
3173.808132 0.000003 
3172.641020 0.000025 
3171.473908 0.000021 
3170.306797 -0.000007 
3169.139685 -0.000006 
3167.972573 0.000008 
3166.805461 0.000010 
3165.638350 0.000002 
3164.471238 0.000021 
3163.304126 -0.000002 
3162.137014 0.000033 
3160.969903 0.000022 
3159.802791 0.000018 
3158.635679 0.000016 
3157.468567 0.000058 
3156.301456 0.000034 
3155.134344 0.000055 
3153.967232 0.000039 
3152.800121 0.000044 
3151.633009 0.000032 
3150.465897 0.000024 
3149.298785 0.000006 
3148.131674 -0.000005 
3146.964562 0.000049 
3145.797450 0.000040 
3144.630338 0.000058 
3143.463227 0.000033 
3142.296115 0.000035 
3141.129003 0.000027 
3139.961891 0.000037 
3138.794780 0.000027 
3137.627668 0.000077 
3136.460556 0.000094 
3135.293444 0.000083 
3134.126333 0.000077 
3132.959221 0.000098 
3131.792109 0.000103 
3130.624998 0.000077 
3129.457886 0.000090 
3128.290774 0.000097 
3127.123662 0.000108 
3125.956551 0.000092 
3124.789439 0.000081 
3123.622327 0.000059 
3122.455215 0.000068 
3121.288104 0.000058 
3120.120992 0.000063 
3118.953880 0.000046 
3117.786768 0.000033 
3116.619657 0.000002 
3115.452545 0.000012 
3114.285433 -0.000002 
3113.118321 0.000003 
3111.951210 0.000043 
3110.784098 0.000014 
3109.616986 -0.000006 
3108.449874 0.000017 
3107.282763 -0.000009 
3106.115651 -0.000047 
3104.948539 0.000004 
3103.781428 -0.000015 
3102.614316 -0.000001 
3101.447204 -0.000013 
3100.280092 -0.000029 
3099.112981 -0.000039 
3097.945869 -0.000017 
3096.778757 -0.000022 
3095.611645 -0.000022 
3094.444534 -0.000025 
3093.277422 -0.000023 
3092.110310 -0.000041 
3090.943198 -0.000071 
3089.776087 -0.000031 
3088.608975 -0.000017 
3087.441863 -0.000022 
3086.274751 -0.000043 
3085.107640 -0.000005 
3083.940528 -0.000018 
3082.773416 -0.000028 
3081.606305 -0.000056 
3080.439193 -0.000054 
3079.272081 -0.000060 
3078.104969 -0.000021 
3076.937858 -0.000008 
3075.770746 -0.000027 
3074.603634 -0.000011 
3073.436522 -0.000002 
3072.269411 -0.000028 
3071.102299 -0.000041 
3069.935187 -0.000004 
3068.768075 0.000002 
3067.600964 -0.000005 
3066.433852 -0.000043 
3065.266740 -0.000005 
3064.099628 -0.000004 
3062.932517 -0.000027 
3061.765405 -0.000014 
3060.598293 -0.000034 
3059.431182 -0.000046 
3058.264070 -0.000051 
3057.096958 -0.000077 
3055.929846 -0.000058 
3054.762735 -0.000026 
3053.595623 -0.000016 
3052.428511 -0.000043 
3051.261399 -0.000052 
3050.094288 -0.000018 
3048.927176 -0.000025 
3047.760064 -0.000031 
3046.592952 -0.000050 
3045.425841 -0.000046 
3044.258729 -0.000047 
3043.091617 -0.000043 
3041.924505 -0.000020 
3040.757394 -0.000017 
3039.590282 -0.000032 
3038.423170 -0.000003 
3037.256058 0.000025 
3036.088947 -0.000000 
3034.921835 -0.000012 
3033.754723 -0.000037 
3032.587612 -0.000035 
3031.420500 0.000007 
3030.253388 0.000044 
3029.086276 0.000023 
3027.919165 0.000053 
3026.752053 0.000073 
3025.584941 0.000122 
3024.417829 0.000170 
3023.250718 0.000222 
3022.083606 0.000352 
3020.916494 0.000534 
3019.749382 0.000826 
3018.582271 0.001179 
3017.415159 0.001632 
3016.248047 0.002027 
3015.080935 0.002300 
3013.913824 0.002360 
3012.746712 0.002355 
3011.579600 0.002221 
3010.412489 0.002046 
3009.245377 0.001807 
3008.078265 0.001593 
3006.911153 0.001344 
3005.744042 0.001106 
3004.576930 0.000885 
3003.409818 0.000679 
3002.242706 0.000517 
3001.075595 0.000341 
2999.908483 0.000258 
2998.741371 0.000164 
2997.574259 0.000133 
2996.407148 0.000084 
2995.240036 0.000070 
2994.072924 0.000021 
2992.905812 0.000017 
2991.738701 0.000008 
2990.571589 0.000029 
2989.404477 0.000029 
2988.237366 0.000046 
2987.070254 0.000032 
2985.903142 0.000013 
2984.736030 0.000047 
2983.568919 0.000079 
2982.401807 0.000092 
2981.234695 0.000122 
2980.067583 0.000199 
2978.900472 0.000243 
2977.733360 0.000290 
2976.566248 0.000367 
2975.399136 0.000467 
2974.232025 0.000580 
2973.064913 0.000726 
2971.897801 0.000860 
2970.730689 0.000931 
2969.563578 0.000914 
2968.396466 0.000790 
2967.229354 0.000674 
2966.062243 0.000559 
2964.895131 0.000463 
2963.728019 0.000376 
2962.560907 0.000310 
2961.393796 0.000252 
2960.226684 0.000237 
2959.059572 0.000184 
2957.892460 0.000155 
2956.725349 0.000115 
2955.558237 0.000094 
2954.391125 0.000084 
2953.224013 0.000069 
2952.056902 0.000044 
2950.889790 0.000038 
2949.722678 0.000004 
2948.555566 0.000001 
2947.388455 0.000036 
2946.221343 0.000025 
2945.054231 0.000048 
2943.887119 0.000036 
2942.720008 0.000047 
2941.552896 0.000053 
2940.385784 0.000053 
2939.218673 0.000064 
2938.051561 0.000086 
2936.884449 0.000051 
2935.717337 0.000087 
2934.550226 0.000094 
2933.383114 0.000094 
2932.216002 0.000103 
2931.048890 0.000110 
2929.881779 0.000152 
2928.714667 0.000220 
2927.547555 0.000296 
2926.380443 0.000398 
2925.213332 0.000591 
2924.046220 0.000745 
2922.879108 0.000713 
2921.711996 0.000565 
2920.544885 0.000422 
2919.377773 0.000283 
2918.210661 0.000169 
2917.043550 0.000035 
2915.876438 -0.000075 
2914.709326 -0.000149 
2913.542214 -0.000156 
2912.375103 -0.000108 
2911.207991 -0.000079 
2910.040879 -0.000019 
2908.873767 0.000012 
2907.706656 0.000037 
2906.539544 0.000037 
2905.372432 0.000078 
2904.205320 0.000106 
2903.038209 0.000157 
2901.871097 0.000171 
2900.703985 0.000144 
2899.536873 0.000162 
2898.369762 0.000216 
2897.202650 0.000225 
2896.035538 0.000257 
2894.868427 0.000297 
2893.701315 0.000298 
2892.534203 0.000345 
2891.367091 0.000373 
2890.199980 0.000430 
2889.032868 0.000480 
2887.865756 0.000545 
2886.698644 0.000576 
2885.531533 0.000632 
2884.364421 0.000701 
2883.197309 0.000789 
2882.030197 0.000861 
2880.863086 0.000964 
2879.695974 0.001082 
2878.528862 0.001158 
2877.361750 0.001260 
2876.194639 0.001381 
2875.027527 0.001527 
2873.860415 0.001650 
2872.693303 0.001809 
2871.526192 0.001962 
2870.359080 0.002132 
2869.191968 0.002297 
2868.024857 0.002486 
2866.857745 0.002713 
2865.690633 0.002970 
2864.523521 0.003211 
2863.356410 0.003488 
2862.189298 0.003733 
2861.022186 0.003989 
2859.855074 0.004278 
2858.687963 0.004580 
2857.520851 0.004954 
2856.353739 0.005304 
2855.186627 0.005425 
2854.019516 0.005190 
2852.852404 0.004815 
2851.685292 0.004389 
2850.518180 0.004071 
2849.351069 0.003727 
2848.183957 0.003440 
2847.016845 0.003230 
2845.849734 0.003209 
2844.682622 0.003465 
2843.515510 0.004000 
2842.348398 0.004536 
2841.181287 0.004865 
2840.014175 0.004785 
2838.847063 0.004269 
2837.679951 0.003553 
2836.512840 0.002912 
2835.345728 0.002455 
2834.178616 0.002157 
2833.011504 0.001959 
2831.844393 0.001800 
2830.677281 0.001713 
2829.510169 0.001696 
2828.343057 0.001708 
2827.175946 0.001730 
2826.008834 0.001756 
2824.841722 0.001779 
2823.674611 0.001817 
2822.507499 0.001849 
2821.340387 0.001904 
2820.173275 0.002017 
2819.006164 0.002090 
2817.839052 0.001954 
2816.671940 0.001569 
2815.504828 0.001230 
2814.337717 0.000984 
2813.170605 0.000821 
2812.003493 0.000688 
2810.836381 0.000614 
2809.669270 0.000535 
2808.502158 0.000528 
2807.335046 0.000540 
2806.167934 0.000535 
2805.000823 0.000538 
2803.833711 0.000548 
2802.666599 0.000601 
2801.499488 0.000621 
2800.332376 0.000631 
2799.165264 0.000627 
2797.998152 0.000631 
2796.831041 0.000607 
2795.663929 0.000611 
2794.496817 0.000614 
2793.329705 0.000633 
2792.162594 0.000612 
2790.995482 0.000606 
2789.828370 0.000614 
2788.661258 0.000655 
2787.494147 0.000669 
2786.327035 0.000658 
2785.159923 0.000715 
2783.992811 0.000734 
2782.825700 0.000765 
2781.658588 0.000777 
2780.491476 0.000830 
2779.324364 0.000844 
2778.157253 0.000871 
2776.990141 0.000888 
2775.823029 0.000960 
2774.655918 0.001012 
2773.488806 0.001121 
2772.321694 0.001223 
2771.154582 0.001346 
2769.987471 0.001506 
2768.820359 0.001661 
2767.653247 0.001886 
2766.486135 0.002139 
2765.319024 0.002446 
2764.151912 0.002758 
2762.984800 0.003102 
2761.817688 0.003436 
2760.650577 0.003808 
2759.483465 0.004203 
2758.316353 0.004545 
2757.149241 0.004706 
2755.982130 0.004487 
2754.815018 0.003788 
2753.647906 0.002995 
2752.480795 0.002447 
2751.313683 0.002163 
2750.146571 0.002087 
2748.979459 0.002096 
2747.812348 0.002200 
2746.645236 0.002324 
2745.478124 0.002547 
2744.311012 0.002682 
2743.143901 0.002745 
2741.976789 0.002739 
2740.809677 0.002715 
2739.642565 0.002691 
2738.475454 0.002767 
2737.308342 0.002917 
2736.141230 0.003159 
2734.974118 0.003398 
2733.807007 0.003629 
2732.639895 0.003780 
2731.472783 0.003690 
2730.305672 0.003045 
2729.138560 0.001973 
2727.971448 0.001157 
2726.804336 0.000685 
2725.637225 0.000454 
2724.470113 0.000283 
2723.303001 0.000178 
2722.135889 0.000111 
2720.968778 0.000084 
2719.801666 0.000042 
2718.634554 0.000028 
2717.467442 0.000018 
2716.300331 0.000014 
2715.133219 0.000017 
2713.966107 0.000022 
2712.798995 -0.000012 
2711.631884 -0.000021 
2710.464772 0.000016 
2709.297660 0.000002 
2708.130548 0.000014 
2706.963437 0.000026 
2705.796325 0.000043 
2704.629213 0.000053 
2703.462102 0.000074 
2702.294990 0.000128 
2701.127878 0.000143 
2699.960766 0.000173 
2698.793655 0.000176 
2697.626543 0.000163 
2696.459431 0.000160 
2695.292319 0.000166 
2694.125208 0.000144 
2692.958096 0.000129 
2691.790984 0.000129 
2690.623872 0.000113 
2689.456761 0.000091 
2688.289649 0.000060 
2687.122537 0.000058 
2685.955425 0.000050 
2684.788314 0.000052 
2683.621202 0.000048 
2682.454090 0.000051 
2681.286979 0.000049 
2680.119867 0.000021 
2678.952755 0.000002 
2677.785643 0.000008 
2676.618532 -0.000013 
2675.451420 0.000011 
2674.284308 0.000026 
2673.117196 0.000037 
2671.950085 0.000036 
2670.782973 0.000030 
2669.615861 0.000001 
2668.448749 0.000011 
2667.281638 0.000035 
2666.114526 0.000033 
2664.947414 0.000018 
2663.780302 -0.000019 
2662.613191 -0.000016 
2661.446079 -0.000001 
2660.278967 0.000043 
2659.111856 0.000049 
2657.944744 0.000013 
2656.777632 0.000003 
2655.610520 0.000021 
2654.443409 0.000013 
2653.276297 0.000015 
2652.109185 0.000021 
2650.942073 0.000014 
2649.774962 0.000000 
2648.607850 -0.000002 
2647.440738 -0.000007 
2646.273626 -0.000006 
2645.106515 0.000015 
2643.939403 0.000007 
2642.772291 -0.000007 
2641.605179 -0.000012 
2640.438068 0.000011 
2639.270956 0.000026 
2638.103844 0.000006 
2636.936733 -0.000012 
2635.769621 -0.000006 
2634.602509 -0.000003 
2633.435397 0.000014 
2632.268286 0.000000 
2631.101174 -0.000013 
2629.934062 -0.000007 
2628.766950 -0.000002 
2627.599839 0.000003 
2626.432727 0.000028 
2625.265615 0.000005 
2624.098503 -0.000010 
2622.931392 0.000015 
2621.764280 -0.000000 
2620.597168 0.000010 
2619.430056 -0.000004 
2618.262945 -0.000004 
2617.095833 0.000010 
2615.928721 0.000026 
2614.761609 0.000010 
2613.594498 0.000030 
2612.427386 0.000034 
2611.260274 0.000047 
2610.093163 0.000066 
2608.926051 0.000070 
2607.758939 0.000060 
2606.591827 0.000065 
2605.424716 0.000052 
2604.257604 0.000056 
2603.090492 0.000070 
2601.923380 0.000060 
2600.756269 0.000071 
2599.589157 0.000051 
2598.422045 0.000060 
2597.254933 0.000035 
2596.087822 0.000037 
2594.920710 0.000033 
2593.753598 0.000046 
2592.586486 0.000032 
2591.419375 0.000033 
2590.252263 0.000043 
2589.085151 0.000027 
2587.918040 0.000019 
2586.750928 0.000021 
2585.583816 0.000048 
2584.416704 0.000044 
2583.249593 0.000030 
2582.082481 0.000026 
2580.915369 0.000058 
2579.748257 0.000025 
2578.581146 0.000020 
2577.414034 -0.000000 
2576.246922 0.000009 
2575.079810 -0.000002 
2573.912699 0.000001 
2572.745587 0.000027 
2571.578475 0.000017 
2570.411363 0.000012 
2569.244252 -0.000007 
2568.077140 -0.000011 
2566.910028 0.000006 
2565.742917 0.000015 
2564.575805 0.000009 
2563.408693 0.000011 
2562.241581 0.000011 
2561.074470 0.000009 
2559.907358 0.000014 
2558.740246 0.000040 
2557.573134 0.000046 
2556.406023 0.000033 
2555.238911 0.000025 
2554.071799 0.000024 
2552.904687 0.000067 
2551.737576 0.000054 
2550.570464 0.000064 
2549.403352 0.000061 
2548.236240 0.000088 
2547.069129 0.000098 
2545.902017 0.000098 
2544.734905 0.000060 
2543.567794 0.000061 
2542.400682 0.000066 
2541.233570 0.000061 
2540.066458 0.000070 
2538.899347 0.000084 
2537.732235 0.000072 
2536.565123 0.000062 
2535.398011 0.000034 
2534.230900 0.000029 
2533.063788 0.000039 
2531.896676 0.000025 
2530.729564 0.000049 
2529.562453 0.000005 
2528.395341 0.000023 
2527.228229 0.000005 
2526.061117 0.000016 
2524.894006 0.000015 
2523.726894 0.000005 
2522.559782 -0.000004 
2521.392670 -0.000002 
2520.225559 0.000009 
2519.058447 -0.000012 
2517.891335 -0.000002 
2516.724224 0.000015 
2515.557112 0.000003 
2514.390000 -0.000024 
2513.222888 0.000006 
2512.055777 -0.000003 
2510.888665 -0.000012 
2509.721553 -0.000016 
2508.554441 -0.000007 
2507.387330 -0.000013 
2506.220218 -0.000006 
2505.053106 -0.000008 
2503.885994 -0.000014 
2502.718883 -0.000026 
2501.551771 0.000007 
2500.384659 0.000026 
2499.217547 -0.000003 
2498.050436 0.000002 
2496.883324 -0.000014 
2495.716212 -0.000005 
2494.549101 -0.000005 
2493.381989 -0.000022 
2492.214877 -0.000016 
2491.047765 -0.000008 
2489.880654 -0.000015 
2488.713542 -0.000009 
2487.546430 -0.000023 
2486.379318 -0.000022 
2485.212207 -0.000013 
2484.045095 -0.000004 
2482.877983 0.000010 
2481.710871 0.000003 
2480.543760 0.000007 
2479.376648 -0.000017 
2478.209536 0.000004 
2477.042424 -0.000016 
2475.875313 0.000020 
2474.708201 0.000036 
2473.541089 0.000040 
2472.373978 0.000029 
2471.206866 0.000058 
2470.039754 0.000059 
2468.872642 0.000103 
2467.705531 0.000144 
2466.538419 0.000164 
2465.371307 0.000154 
2464.204195 0.000137 
2463.037084 0.000121 
2461.869972 0.000114 
2460.702860 0.000116 
2459.535748 0.000093 
2458.368637 0.000082 
2457.201525 0.000029 
2456.034413 0.000029 
2454.867301 0.000021 
2453.700190 0.000033 
2452.533078 0.000037 
2451.365966 0.000019 
2450.198854 0.000012 
2449.031743 0.000001 
2447.864631 -0.000007 
2446.697519 -0.000002 
2445.530408 0.000003 
2444.363296 -0.000025 
2443.196184 -0.000036 
2442.029072 -0.000035 
2440.861961 -0.000013 
2439.694849 -0.000025 
2438.527737 -0.000014 
2437.360625 -0.000016 
2436.193514 -0.000011 
2435.026402 -0.000035 
2433.859290 -0.000012 
2432.692178 -0.000023 
2431.525067 -0.000013 
2430.357955 -0.000002 
2429.190843 -0.000014 
2428.023731 -0.000011 
2426.856620 0.000004 
2425.689508 0.000000 
2424.522396 0.000005 
2423.355285 0.000004 
2422.188173 -0.000009 
2421.021061 -0.000008 
2419.853949 -0.000016 
2418.686838 -0.000007 
2417.519726 -0.000019 
2416.352614 -0.000017 
2415.185502 -0.000033 
2414.018391 -0.000034 
2412.851279 -0.000022 
2411.684167 -0.000012 
2410.517055 -0.000001 
2409.349944 -0.000008 
2408.182832 -0.000002 
2407.015720 -0.000018 
2405.848608 -0.000011 
2404.681497 -0.000047 
2403.514385 -0.000038 
2402.347273 -0.000035 
2401.180162 -0.000017 
2400.013050 -0.000026 
2398.845938 -0.000006 
2397.678826 -0.000009 
2396.511715 -0.000010 
2395.344603 -0.000021 
2394.177491 -0.000020 
2393.010379 -0.000024 
2391.843268 -0.000035 
2390.676156 0.000004 
2389.509044 0.000004 
2388.341932 -0.000012 
2387.174821 -0.000022 
2386.007709 -0.000004 
2384.840597 -0.000009 
2383.673485 0.000009 
2382.506374 -0.000027 
2381.339262 -0.000013 
2380.172150 -0.000017 
2379.005039 -0.000006 
2377.837927 -0.000025 
2376.670815 -0.000021 
2375.503703 -0.000015 
2374.336592 -0.000020 
2373.169480 -0.000016 
2372.002368 -0.000047 
2370.835256 -0.000027 
2369.668145 -0.000038 
2368.501033 -0.000050 
2367.333921 -0.000049 
2366.166809 -0.000051 
2364.999698 -0.000047 
2363.832586 -0.000026 
2362.665474 -0.000041 
2361.498362 -0.000031 
2360.331251 -0.000025 
2359.164139 -0.000022 
2357.997027 -0.000035 
2356.829915 -0.000029 
2355.662804 -0.000015 
2354.495692 -0.000010 
2353.328580 -0.000006 
2352.161469 -0.000005 
2350.994357 0.000037 
2349.827245 0.000061 
2348.660133 0.000114 
2347.493022 0.000346 
2346.325910 0.001019 
2345.158798 0.000853 
2343.991686 0.000460 
2342.824575 0.000323 
2341.657463 0.000183 
2340.490351 0.000083 
2339.323239 0.000079 
2338.156128 0.000074 
2336.989016 0.000046 
2335.821904 0.000088 
2334.654792 0.000079 
2333.487681 0.000088 
2332.320569 0.000088 
2331.153457 0.000133 
2329.986346 0.000119 
2328.819234 0.000128 
2327.652122 0.000143 
2326.485010 0.000158 
2325.317899 0.000142 
2324.150787 0.000182 
2322.983675 0.000202 
2321.816563 0.000227 
2320.649452 0.000228 
2319.482340 0.000233 
2318.315228 0.000268 
2317.148116 0.000258 
2315.981005 0.000267 
2314.813893 0.000253 
2313.646781 0.000277 
2312.479669 0.000281 
2311.312558 0.000306 
2310.145446 0.000317 
2308.978334 0.000341 
2307.811223 0.000349 
2306.644111 0.000376 
2305.476999 0.000360 
2304.309887 0.000383 
2303.142776 0.000415 
2301.975664 0.000439 
2300.808552 0.000458 
2299.641440 0.000445 
2298.474329 0.000478 
2297.307217 0.000479 
2296.140105 0.000516 
2294.972993 0.000506 
2293.805882 0.000547 
2292.638770 0.000556 
2291.471658 0.000593 
2290.304546 0.000591 
2289.137435 0.000619 
2287.970323 0.000628 
2286.803211 0.000649 
2285.636099 0.000661 
2284.468988 0.000712 
2283.301876 0.000739 
2282.134764 0.000746 
2280.967653 0.000791 
2279.800541 0.000801 
2278.633429 0.000849 
2277.466317 0.000856 
2276.299206 0.000921 
2275.132094 0.000954 
2273.964982 0.000992 
2272.797870 0.001016 
2271.630759 0.001053 
2270.463647 0.001092 
2269.296535 0.001142 
2268.129423 0.001168 
2266.962312 0.001222 
2265.795200 0.001280 
2264.628088 0.001323 
2263.460976 0.001376 
2262.293865 0.001447 
2261.126753 0.001512 
2259.959641 0.001529 
2258.792530 0.001592 
2257.625418 0.001623 
2256.458306 0.001714 
2255.291194 0.001772 
2254.124083 0.001811 
2252.956971 0.001867 
2251.789859 0.001952 
2250.622747 0.002024 
2249.455636 0.002133 
2248.288524 0.002250 
2247.121412 0.002324 
2245.954300 0.002420 
2244.787189 0.002533 
2243.620077 0.002655 
2242.452965 0.002757 
2241.285853 0.002894 
2240.118742 0.002977 
2238.951630 0.003112 
2237.784518 0.003265 
2236.617407 0.003436 
2235.450295 0.003618 
2234.283183 0.003857 
2233.116071 0.004095 
2231.948960 0.004389 
2230.781848 0.004723 
2229.614736 0.005086 
2228.447624 0.005519 
2227.280513 0.005985 
2226.113401 0.006528 
2224.946289 0.007026 
2223.779177 0.007548 
2222.612066 0.008055 
2221.444954 0.008511 
2220.277842 0.008893 
2219.110730 0.009295 
2217.943619 0.009594 
2216.776507 0.009896 
2215.609395 0.010212 
2214.442284 0.010506 
2213.275172 0.010782 
2212.108060 0.011073 
2210.940948 0.011351 
2209.773837 0.011608 
2208.606725 0.011866 
2207.439613 0.012016 
2206.272501 0.012132 
2205.105390 0.012175 
2203.938278 0.012217 
2202.771166 0.012167 
2201.604054 0.012137 
2200.436943 0.012085 
2199.269831 0.012107 
2198.102719 0.012144 
2196.935607 0.012204 
2195.768496 0.012231 
2194.601384 0.012210 
2193.434272 0.012092 
2192.267160 0.011881 
2191.100049 0.011656 
2189.932937 0.011383 
2188.765825 0.011143 
2187.598714 0.010899 
2186.431602 0.010737 
2185.264490 0.010548 
2184.097378 0.010377 
2182.930267 0.010201 
2181.763155 0.010069 
2180.596043 0.009891 
2179.428931 0.009732 
2178.261820 0.009519 
2177.094708 0.009339 
2175.927596 0.009146 
2174.760484 0.008918 
2173.593373 0.008731 
2172.426261 0.008551 
2171.259149 0.008396 
2170.092037 0.008225 
2168.924926 0.008060 
2167.757814 0.007901 
2166.590702 0.007773 
2165.423591 0.007683 
2164.256479 0.007672 
2163.089367 0.007652 
2161.922255 0.007711 
2160.755144 0.007817 
2159.588032 0.008003 
2158.420920 0.008241 
2157.253808 0.008579 
2156.086697 0.009062 
2154.919585 0.009709 
2153.752473 0.010543 
2152.585361 0.011657 
2151.418250 0.013227 
2150.251138 0.015316 
2149.084026 0.018711 
2147.916914 0.024201 
2146.749803 0.033423 
2145.582691 0.050942 
2144.415579 0.092806 
2143.248468 0.192238 
2142.081356 0.379993 
2140.914244 0.678438 
2139.747132 1.000000 
2138.580021 0.962176 
2137.412909 0.602383 
2136.245797 0.300172 
2135.078685 0.156448 
2133.911574 0.085394 
2132.744462 0.049118 
2131.577350 0.028712 
2130.410238 0.014477 
2129.243127 0.004668 
2128.076015 -0.001465 
2126.908903 -0.004374 
2125.741791 -0.006116 
2124.574680 -0.006051 
2123.407568 -0.005541 
2122.240456 -0.005019 
2121.073344 -0.004575 
2119.906233 -0.004187 
2118.739121 -0.003838 
2117.572009 -0.003538 
2116.404898 -0.003232 
2115.237786 -0.002932 
2114.070674 -0.002512 
2112.903562 -0.001803 
2111.736451 -0.001508 
2110.569339 -0.001892 
2109.402227 -0.001909 
2108.235115 -0.001812 
2107.068004 -0.001649 
2105.900892 -0.001543 
2104.733780 -0.001425 
2103.566668 -0.001327 
2102.399557 -0.001212 
2101.232445 -0.001110 
2100.065333 -0.001033 
2098.898221 -0.000927 
2097.731110 -0.000812 
2096.563998 -0.000495 
2095.396886 0.000360 
2094.229775 0.003387 
2093.062663 0.014040 
2091.895551 0.025004 
2090.728439 0.012433 
2089.561328 0.004693 
2088.394216 0.005143 
2087.227104 0.003078 
2086.059992 0.000515 
2084.892881 -0.000223 
2083.725769 -0.000502 
2082.558657 -0.000651 
2081.391545 -0.000745 
2080.224434 -0.000823 
2079.057322 -0.000823 
2077.890210 -0.000843 
2076.723098 -0.000815 
2075.555987 -0.000826 
2074.388875 -0.000778 
2073.221763 -0.000803 
2072.054652 -0.000764 
2070.887540 -0.000774 
2069.720428 -0.000761 
2068.553316 -0.000762 
2067.386205 -0.000747 
2066.219093 -0.000744 
2065.051981 -0.000733 
2063.884869 -0.000714 
2062.717758 -0.000733 
2061.550646 -0.000709 
2060.383534 -0.000710 
2059.216422 -0.000704 
2058.049311 -0.000714 
2056.882199 -0.000679 
2055.715087 -0.000692 
2054.547975 -0.000654 
2053.380864 -0.000663 
2052.213752 -0.000665 
2051.046640 -0.000650 
2049.879529 -0.000633 
2048.712417 -0.000599 
2047.545305 -0.000589 
2046.378193 -0.000605 
2045.211082 -0.000585 
2044.043970 -0.000539 
2042.876858 -0.000545 
2041.709746 -0.000505 
2040.542635 -0.000501 
2039.375523 -0.000461 
2038.208411 -0.000486 
2037.041299 -0.000449 
2035.874188 -0.000462 
2034.707076 -0.000424 
2033.539964 -0.000438 
2032.372852 -0.000404 
2031.205741 -0.000399 
2030.038629 -0.000405 
2028.871517 -0.000382 
2027.704405 -0.000376 
2026.537294 -0.000363 
2025.370182 -0.000349 
2024.203070 -0.000311 
2023.035959 -0.000333 
2021.868847 -0.000305 
2020.701735 -0.000296 
2019.534623 -0.000288 
2018.367512 -0.000267 
2017.200400 -0.000227 
2016.033288 -0.000218 
2014.866176 -0.000191 
2013.699065 -0.000165 
2012.531953 -0.000133 
2011.364841 -0.000108 
2010.197729 -0.000102 
2009.030618 -0.000081 
2007.863506 -0.000073 
2006.696394 -0.000016 
2005.529282 -0.000004 
2004.362171 0.000009 
2003.195059 0.000017 
2002.027947 0.000032 
2000.860836 0.000021 
1999.693724 0.000023 
1998.526612 0.000003 
1997.359500 0.000011 
1996.192389 -0.000009 
1995.025277 -0.000023 
1993.858165 -0.000019 
1992.691053 -0.000022 
1991.523942 -0.000029 
1990.356830 -0.000032 
1989.189718 -0.000038 
1988.022606 -0.000064 
1986.855495 -0.000036 
1985.688383 -0.000048 
1984.521271 -0.000033 
1983.354159 -0.000038 
1982.187048 -0.000025 
1981.019936 -0.000064 
1979.852824 -0.000041 
1978.685713 -0.000055 
1977.518601 -0.000040 
1976.351489 -0.000052 
1975.184377 -0.000058 
1974.017266 -0.000035 
1972.850154 -0.000023 
1971.683042 -0.000025 
1970.515930 -0.000054 
1969.348819 -0.000043 
1968.181707 -0.000051 
1967.014595 -0.000004 
1965.847483 -0.000019 
1964.680372 -0.000030 
1963.513260 -0.000029 
1962.346148 -0.000012 
1961.179036 -0.000035 
1960.011925 -0.000029 
1958.844813 0.000005 
1957.677701 0.000005 
1956.510589 0.000003 
1955.343478 -0.000007 
1954.176366 0.000009 
1953.009254 0.000010 
1951.842143 0.000022 
1950.675031 0.000003 
1949.507919 0.000029 
1948.340807 0.000006 
1947.173696 0.000007 
1946.006584 -0.000006 
1944.839472 0.000006 
1943.672360 -0.000003 
1942.505249 0.000010 
1941.338137 -0.000006 
1940.171025 0.000013 
1939.003913 0.000007 
1937.836802 0.000005 
1936.669690 0.000011 
1935.502578 0.000005 
1934.335466 0.000021 
1933.168355 0.000006 
1932.001243 0.000035 
1930.834131 0.000014 
1929.667020 0.000035 
1928.499908 0.000015 
1927.332796 0.000042 
1926.165684 0.000031 
1924.998573 0.000058 
1923.831461 0.000021 
1922.664349 0.000032 
1921.497237 0.000045 
1920.330126 0.000027 
1919.163014 0.000021 
1917.995902 0.000032 
1916.828790 0.000037 
1915.661679 0.000013 
1914.494567 0.000016 
1913.327455 0.000023 
1912.160343 0.000055 
1910.993232 0.000016 
1909.826120 0.000042 
1908.659008 0.000044 
1907.491897 0.000041 
1906.324785 0.000026 
1905.157673 0.000036 
1903.990561 0.000021 
1902.823450 0.000030 
1901.656338 0.000061 
1900.489226 0.000037 
1899.322114 0.000034 
1898.155003 0.000023 
1896.987891 0.000029 
1895.820779 0.000009 
1894.653667 0.000029 
1893.486556 0.000018 
1892.319444 0.000037 
1891.152332 -0.000000 
1889.985220 -0.000002 
1888.818109 -0.000006 
1887.650997 0.000017 
1886.483885 0.000005 
1885.316774 0.000002 
1884.149662 -0.000001 
1882.982550 0.000023 
1881.815438 0.000039 
1880.648327 0.000011 
1879.481215 0.000014 
1878.314103 0.000002 
1877.146991 0.000011 
1875.979880 -0.000041 
1874.812768 -0.000010 
1873.645656 -0.000059 
1872.478544 -0.000036 
1871.311433 -0.000043 
1870.144321 -0.000015 
1868.977209 -0.000026 
1867.810097 -0.000010 
1866.642986 -0.000009 
1865.475874 -0.000022 
1864.308762 -0.000023 
1863.141650 -0.000042 
1861.974539 -0.000047 
1860.807427 -0.000067 
1859.640315 -0.000040 
1858.473204 -0.000057 
1857.306092 -0.000048 
1856.138980 -0.000075 
1854.971868 -0.000055 
1853.804757 -0.000071 
1852.637645 -0.000071 
1851.470533 -0.000087 
1850.303421 -0.000069 
1849.136310 -0.000075 
1847.969198 -0.000089 
1846.802086 -0.000064 
1845.634974 -0.000042 
1844.467863 -0.000047 
1843.300751 -0.000064 
1842.133639 -0.000043 
1840.966527 -0.000052 
1839.799416 -0.000026 
1838.632304 -0.000027 
1837.465192 0.000005 
1836.298081 -0.000031 
1835.130969 -0.000005 
1833.963857 -0.000022 
1832.796745 0.000003 
1831.629634 0.000013 
1830.462522 0.000012 
1829.295410 0.000018 
1828.128298 0.000008 
1826.961187 0.000012 
1825.794075 -0.000002 
1824.626963 0.000014 
1823.459851 0.000002 
1822.292740 0.000013 
1821.125628 0.000001 
1819.958516 0.000037 
1818.791404 -0.000002 
1817.624293 0.000036 
1816.457181 0.000021 
1815.290069 0.000032 
1814.122958 0.000027 
1812.955846 0.000027 
1811.788734 0.000034 
1810.621622 0.000034 
1809.454511 0.000047 
1808.287399 0.000058 
1807.120287 0.000067 
1805.953175 0.000054 
1804.786064 0.000094 
1803.618952 0.000080 
1802.451840 0.000116 
1801.284728 0.000101 
1800.117617 0.000144 
1798.950505 0.000144 
1797.783393 0.000172 
1796.616281 0.000173 
1795.449170 0.000209 
1794.282058 0.000238 
1793.114946 0.000294 
1791.947835 0.000355 
1790.780723 0.000379 
1789.613611 0.000419 
1788.446499 0.000464 
1787.279388 0.000553 
1786.112276 0.000611 
1784.945164 0.000726 
1783.778052 0.000820 
1782.610941 0.000945 
1781.443829 0.001064 
1780.276717 0.001218 
1779.109605 0.001353 
1777.942494 0.001569 
1776.775382 0.001756 
1775.608270 0.001963 
1774.441158 0.002134 
1773.274047 0.002297 
1772.106935 0.002410 
1770.939823 0.002461 
1769.772711 0.002505 
1768.605600 0.002483 
1767.438488 0.002465 
1766.271376 0.002385 
1765.104265 0.002368 
1763.937153 0.002291 
1762.770041 0.002253 
1761.602929 0.002158 
1760.435818 0.002119 
1759.268706 0.002048 
1758.101594 0.002019 
1756.934482 0.001957 
1755.767371 0.001905 
1754.600259 0.001859 
1753.433147 0.001800 
1752.266035 0.001765 
1751.098924 0.001750 
1749.931812 0.001784 
1748.764700 0.001762 
1747.597588 0.001829 
1746.430477 0.001879 
1745.263365 0.002019 
1744.096253 0.002142 
1742.929142 0.002390 
1741.762030 0.002762 
1740.594918 0.003444 
1739.427806 0.004883 
1738.260695 0.009155 
1737.093583 0.017344 
1735.926471 0.023823 
1734.759359 0.029420 
1733.592248 0.039273 
1732.425136 0.046427 
1731.258024 0.045943 
1730.090912 0.043669 
1728.923801 0.041348 
1727.756689 0.038195 
1726.589577 0.034810 
1725.422465 0.031236 
1724.255354 0.027266 
1723.088242 0.023489 
1721.921130 0.019843 
1720.754019 0.016001 
1719.586907 0.012550 
1718.419795 0.009779 
1717.252683 0.007659 
1716.085572 0.006091 
1714.918460 0.004863 
1713.751348 0.003753 
1712.584236 0.002849 
1711.417125 0.002061 
1710.250013 0.001473 
1709.082901 0.000972 
1707.915789 0.000657 
1706.748678 0.000427 
1705.581566 0.000295 
1704.414454 0.000182 
1703.247342 0.000136 
1702.080231 0.000121 
1700.913119 0.000113 
1699.746007 0.000195 
1698.578895 0.000282 
1697.411784 0.000313 
1696.244672 0.000267 
1695.077560 0.000283 
1693.910449 0.000303 
1692.743337 0.000429 
1691.576225 0.000478 
1690.409113 0.000489 
1689.242002 0.000442 
1688.074890 0.000454 
1686.907778 0.000461 
1685.740666 0.000472 
1684.573555 0.000446 
1683.406443 0.000429 
1682.239331 0.000373 
1681.072219 0.000329 
1679.905108 0.000321 
1678.737996 0.000257 
1677.570884 0.000244 
1676.403772 0.000199 
1675.236661 0.000223 
1674.069549 0.000188 
1672.902437 0.000222 
1671.735326 0.000220 
1670.568214 0.000292 
1669.401102 0.000290 
1668.233990 0.000321 
1667.066879 0.000331 
1665.899767 0.000369 
1664.732655 0.000408 
1663.565543 0.000465 
1662.398432 0.000505 
1661.231320 0.000524 
1660.064208 0.000563 
1658.897096 0.000585 
1657.729985 0.000637 
1656.562873 0.000626 
1655.395761 0.000654 
1654.228649 0.000624 
1653.061538 0.000622 
1651.894426 0.000610 
1650.727314 0.000637 
1649.560203 0.000615 
1648.393091 0.000636 
1647.225979 0.000636 
1646.058867 0.000656 
1644.891756 0.000713 
1643.724644 0.000753 
1642.557532 0.000809 
1641.390420 0.000879 
1640.223309 0.000992 
1639.056197 0.001051 
1637.889085 0.001161 
1636.721973 0.001142 
1635.554862 0.001063 
1634.387750 0.000903 
1633.220638 0.000828 
1632.053526 0.000762 
1630.886415 0.000748 
1629.719303 0.000743 
1628.552191 0.000759 
1627.385080 0.000718 
1626.217968 0.000663 
1625.050856 0.000643 
1623.883744 0.000621 
1622.716633 0.000677 
1621.549521 0.000684 
1620.382409 0.000651 
1619.215297 0.000515 
1618.048186 0.000447 
1616.881074 0.000340 
1615.713962 0.000314 
1614.546850 0.000252 
1613.379739 0.000241 
1612.212627 0.000203 
1611.045515 0.000210 
1609.878403 0.000192 
1608.711292 0.000199 
1607.544180 0.000203 
1606.377068 0.000167 
1605.209956 0.000216 
1604.042845 0.000302 
1602.875733 0.000476 
1601.708621 0.000533 
1600.541510 0.000460 
1599.374398 0.000266 
1598.207286 0.000173 
1597.040174 0.000096 
1595.873063 0.000100 
1594.705951 0.000055 
1593.538839 0.000053 
1592.371727 0.000037 
1591.204616 0.000029 
1590.037504 0.000034 
1588.870392 0.000029 
1587.703280 0.000036 
1586.536169 0.000005 
1585.369057 0.000016 
1584.201945 -0.000020 
1583.034833 -0.000008 
1581.867722 -0.000040 
1580.700610 -0.000007 
1579.533498 -0.000048 
1578.366387 -0.000018 
1577.199275 -0.000041 
1576.032163 -0.000044 
1574.865051 -0.000057 
1573.697940 -0.000054 
1572.530828 -0.000072 
1571.363716 -0.000069 
1570.196604 -0.000061 
1569.029493 -0.000079 
1567.862381 -0.000061 
1566.695269 -0.000066 
1565.528157 -0.000041 
1564.361046 -0.000069 
1563.193934 -0.000026 
1562.026822 -0.000057 
1560.859710 -0.000025 
1559.692599 -0.000023 
1558.525487 0.000001 
1557.358375 0.000012 
1556.191264 0.000023 
1555.024152 0.000025 
1553.857040 0.000037 
1552.689928 0.000068 
1551.522817 0.000107 
1550.355705 0.000198 
1549.188593 0.000241 
1548.021481 0.000258 
1546.854370 0.000185 
1545.687258 0.000165 
1544.520146 0.000109 
1543.353034 0.000102 
1542.185923 -0.000001 
1541.018811 -0.000027 
1539.851699 -0.000087 
1538.684587 -0.000076 
1537.517476 -0.000055 
1536.350364 -0.000054 
1535.183252 -0.000039 
1534.016140 -0.000040 
1532.849029 -0.000048 
1531.681917 -0.000065 
1530.514805 -0.000034 
1529.347694 -0.000050 
1528.180582 -0.000044 
1527.013470 -0.000071 
1525.846358 -0.000040 
1524.679247 -0.000067 
1523.512135 -0.000035 
1522.345023 -0.000055 
1521.177911 -0.000001 
1520.010800 0.000031 
1518.843688 0.000052 
1517.676576 0.000054 
1516.509464 0.000078 
1515.342353 0.000095 
1514.175241 0.000076 
1513.008129 0.000081 
1511.841017 0.000059 
1510.673906 0.000084 
1509.506794 0.000073 
1508.339682 0.000104 
1507.172571 0.000081 
1506.005459 0.000096 
1504.838347 0.000080 
1503.671235 0.000122 
1502.504124 0.000102 
1501.337012 0.000090 
1500.169900 0.000097 
1499.002788 0.000108 
1497.835677 0.000106 
1496.668565 0.000084 
1495.501453 0.000109 
1494.334341 0.000096 
1493.167230 0.000121 
1492.000118 0.000087 
1490.833006 0.000098 
1489.665894 0.000059 
1488.498783 0.000093 
1487.331671 0.000077 
1486.164559 0.000105 
1484.997448 0.000083 
1483.830336 0.000101 
1482.663224 0.000093 
1481.496112 0.000084 
1480.329001 0.000086 
1479.161889 0.000080 
1477.994777 0.000076 
1476.827665 0.000063 
1475.660554 0.000072 
1474.493442 0.000037 
1473.326330 0.000051 
1472.159218 0.000016 
1470.992107 0.000031 
1469.824995 -0.000021 
1468.657883 -0.000000 
1467.490771 -0.000019 
1466.323660 0.000015 
1465.156548 0.000013 
1463.989436 0.000027 
1462.822325 0.000029 
1461.655213 0.000028 
1460.488101 0.000051 
1459.320989 0.000040 
1458.153878 0.000075 
1456.986766 0.000043 
1455.819654 0.000078 
1454.652542 0.000081 
1453.485431 0.000117 
1452.318319 0.000118 
1451.151207 0.000180 
1449.984095 0.000182 
1448.816984 0.000230 
1447.649872 0.000256 
1446.482760 0.000333 
1445.315648 0.000412 
1444.148537 0.000555 
1442.981425 0.000753 
1441.814313 0.001038 
1440.647201 0.001446 
1439.480090 0.001983 
1438.312978 0.002747 
1437.145866 0.003702 
1435.978755 0.004961 
1434.811643 0.006422 
1433.644531 0.008272 
1432.477419 0.010730 
1431.310308 0.013611 
1430.143196 0.014729 
1428.976084 0.013367 
1427.808972 0.011631 
1426.641861 0.009919 
1425.474749 0.007861 
1424.307637 0.005805 
1423.140525 0.004088 
1421.973414 0.002790 
1420.806302 0.001949 
1419.639190 0.001449 
1418.472078 0.001208 
1417.304967 0.001076 
1416.137855 0.001064 
1414.970743 0.001080 
1413.803632 0.001173 
1412.636520 0.001269 
1411.469408 0.001464 
1410.302296 0.001667 
1409.135185 0.001943 
1407.968073 0.002240 
1406.800961 0.002582 
1405.633849 0.002896 
1404.466738 0.002989 
1403.299626 0.002809 
1402.132514 0.002497 
1400.965402 0.002241 
1399.798291 0.001988 
1398.631179 0.001835 
1397.464067 0.001761 
1396.296955 0.001842 
1395.129844 0.001965 
1393.962732 0.002187 
1392.795620 0.002347 
1391.628509 0.002351 
1390.461397 0.002116 
1389.294285 0.001789 
1388.127173 0.001468 
1386.960062 0.001187 
1385.792950 0.000983 
1384.625838 0.000788 
1383.458726 0.000660 
1382.291615 0.000513 
1381.124503 0.000445 
1379.957391 0.000343 
1378.790279 0.000298 
1377.623168 0.000236 
1376.456056 0.000227 
1375.288944 0.000164 
1374.121832 0.000178 
1372.954721 0.000173 
1371.787609 0.000160 
1370.620497 0.000148 
1369.453385 0.000153 
1368.286274 0.000166 
1367.119162 0.000171 
1365.952050 0.000199 
1364.784939 0.000199 
1363.617827 0.000241 
1362.450715 0.000248 
1361.283603 0.000357 
1360.116492 0.000452 
1358.949380 0.000705 
1357.782268 0.001070 
1356.615156 0.001746 
1355.448045 0.002771 
1354.280933 0.004192 
1353.113821 0.006753 
1351.946709 0.010932 
1350.779598 0.016792 
1349.612486 0.020416 
1348.445374 0.016863 
1347.278262 0.014092 
1346.111151 0.010684 
1344.944039 0.006643 
1343.776927 0.003487 
1342.609816 0.001590 
1341.442704 0.000683 
1340.275592 0.000220 
1339.108480 0.000116 
1337.941369 0.000019 
1336.774257 0.000014 
1335.607145 0.000023 
1334.440033 0.000010 
1333.272922 -0.000029 
1332.105810 -0.000051 
1330.938698 -0.000049 
1329.771586 -0.000051 
1328.604475 -0.000017 
1327.437363 -0.000033 
1326.270251 0.000011 
1325.103139 -0.000003 
1323.936028 0.000045 
1322.768916 -0.000007 
1321.601804 0.000033 
1320.434693 0.000015 
1319.267581 0.000048 
1318.100469 0.000038 
1316.933357 0.000059 
1315.766246 0.000066 
1314.599134 0.000070 
1313.432022 0.000070 
1312.264910 0.000069 
1311.097799 0.000085 
1309.930687 0.000081 
1308.763575 0.000132 
1307.596463 0.000094 
1306.429352 0.000137 
1305.262240 0.000122 
1304.095128 0.000149 
1302.928016 0.000121 
1301.760905 0.000146 
1300.593793 0.000147 
1299.426681 0.000167 
1298.259570 0.000164 
1297.092458 0.000182 
1295.925346 0.000201 
1294.758234 0.000174 
1293.591123 0.000186 
1292.424011 0.000170 
1291.256899 0.000179 
1290.089787 0.000167 
1288.922676 0.000208 
1287.755564 0.000149 
1286.588452 0.000171 
1285.421340 0.000154 
1284.254229 0.000186 
1283.087117 0.000144 
1281.920005 0.000172 
1280.752893 0.000160 
1279.585782 0.000160 
1278.418670 0.000163 
1277.251558 0.000146 
1276.084446 0.000121 
1274.917335 0.000119 
1273.750223 0.000127 
1272.583111 0.000101 
1271.416000 0.000115 
1270.248888 0.000078 
1269.081776 0.000098 
1267.914664 0.000070 
1266.747553 0.000103 
1265.580441 0.000075 
1264.413329 0.000103 
1263.246217 0.000067 
1262.079106 0.000073 
1260.911994 0.000071 
1259.744882 0.000082 
1258.577770 0.000068 
1257.410659 0.000065 
1256.243547 0.000089 
1255.076435 0.000076 
1253.909323 0.000063 
1252.742212 0.000021 
1251.575100 0.000070 
1250.407988 0.000056 
1249.240877 0.000085 
1248.073765 0.000056 
1246.906653 0.000067 
1245.739541 0.000037 
1244.572430 0.000041 
1243.405318 0.000044 
1242.238206 0.000037 
1241.071094 0.000029 
1239.903983 0.000043 
1238.736871 0.000046 
1237.569759 0.000048 
1236.402647 0.000070 
1235.235536 0.000026 
1234.068424 0.000037 
1232.901312 0.000008 
1231.734200 0.000045 
1230.567089 0.000021 
1229.399977 0.000041 
1228.232865 0.000021 
1227.065754 0.000033 
1225.898642 0.000022 
1224.731530 0.000042 
1223.564418 0.000040 
1222.397307 0.000029 
1221.230195 -0.000006 
1220.063083 -0.000010 
1218.895971 0.000014 
1217.728860 -0.000021 
1216.561748 0.000024 
1215.394636 -0.000001 
1214.227524 0.000021 
1213.060413 -0.000017 
1211.893301 0.000027 
1210.726189 0.000008 
1209.559077 0.000021 
1208.391966 0.000002 
1207.224854 0.000014 
1206.057742 -0.000009 
1204.890630 -0.000029 
1203.723519 -0.000019 
1202.556407 -0.000037 
1201.389295 -0.000014 
1200.222184 0.000000 
1199.055072 0.000018 
1197.887960 -0.000024 
1196.720848 0.000016 
1195.553737 -0.000056 
1194.386625 -0.000006 
1193.219513 -0.000016 
1192.052401 -0.000051 
1190.885290 -0.000054 
1189.718178 -0.000018 
1188.551066 -0.000033 
1187.383954 -0.000010 
1186.216843 -0.000013 
1185.049731 -0.000037 
1183.882619 -0.000011 
1182.715507 -0.000049 
1181.548396 -0.000029 
1180.381284 -0.000038 
1179.214172 -0.000029 
1178.047061 -0.000056 
1176.879949 -0.000036 
1175.712837 -0.000065 
1174.545725 -0.000033 
1173.378614 -0.000040 
1172.211502 -0.000002 
1171.044390 -0.000027 
1169.877278 0.000001 
1168.710167 0.000000 
1167.543055 -0.000006 
1166.375943 -0.000013 
1165.208831 -0.000018 
1164.041720 -0.000010 
1162.874608 -0.000026 
1161.707496 -0.000012 
1160.540384 -0.000008 
1159.373273 0.000014 
1158.206161 -0.000034 
1157.039049 -0.000003 
1155.871938 -0.000007 
1154.704826 0.000015 
1153.537714 0.000014 
1152.370602 0.000030 
1151.203491 0.000010 
1150.036379 0.000031 
1148.869267 0.000053 
1147.702155 0.000066 
1146.535044 0.000060 
1145.367932 0.000057 
1144.200820 0.000115 
1143.033708 0.000115 
1141.866597 0.000168 
1140.699485 0.000122 
1139.532373 0.000189 
1138.365261 0.000214 
1137.198150 0.000257 
1136.031038 0.000304 
1134.863926 0.000383 
1133.696815 0.000465 
1132.529703 0.000642 
1131.362591 0.000875 
1130.195479 0.001258 
1129.028368 0.001895 
1127.861256 0.002862 
1126.694144 0.004442 
1125.527032 0.006643 
1124.359921 0.009486 
1123.192809 0.013013 
1122.025697 0.014830 
1120.858585 0.011840 
1119.691474 0.007565 
1118.524362 0.005207 
1117.357250 0.004008 
1116.190138 0.002966 
1115.023027 0.002132 
1113.855915 0.001618 
1112.688803 0.001491 
1111.521691 0.001226 
1110.354580 0.000977 
1109.187468 0.000857 
1108.020356 0.000620 
1106.853245 0.000452 
1105.686133 0.000209 
1104.519021 0.000088 
1103.351909 -0.000033 
1102.184798 -0.000075 
1101.017686 -0.000137 
1099.850574 -0.000116 
1098.683462 -0.000147 
1097.516351 -0.000117 
1096.349239 -0.000073 
1095.182127 -0.000080 
1094.015015 -0.000097 
1092.847904 -0.000095 
1091.680792 -0.000046 
1090.513680 -0.000044 
1089.346568 -0.000017 
1088.179457 -0.000027 
1087.012345 -0.000025 
1085.845233 -0.000069 
1084.678122 0.000001 
1083.511010 -0.000020 
1082.343898 0.000034 
1081.176786 -0.000018 
1080.009675 -0.000021 
1078.842563 -0.000013 
1077.675451 0.000017 
1076.508339 0.000034 
1075.341228 0.000022 
1074.174116 0.000013 
1073.007004 0.000015 
1071.839892 0.000052 
1070.672781 0.000017 
1069.505669 0.000064 
1068.338557 0.000014 
1067.171445 0.000039 
1066.004334 0.000015 
1064.837222 0.000045 
1063.670110 0.000029 
1062.502999 0.000049 
1061.335887 0.000012 
1060.168775 0.000055 
1059.001663 0.000045 
1057.834552 0.000033 
1056.667440 0.000044 
1055.500328 0.000057 
1054.333216 0.000089 
1053.166105 0.000057 
1051.998993 0.000072 
1050.831881 0.000047 
1049.664769 0.000056 
1048.497658 0.000025 
1047.330546 0.000080 
1046.163434 0.000051 
1044.996322 0.000090 
1043.829211 0.000083 
1042.662099 0.000118 
1041.494987 0.000128 
1040.327875 0.000120 
1039.160764 0.000147 
1037.993652 0.000163 
1036.826540 0.000156 
1035.659429 0.000178 
1034.492317 0.000189 
1033.325205 0.000158 
1032.158093 0.000173 
1030.990982 0.000108 
1029.823870 0.000114 
1028.656758 0.000038 
1027.489646 0.000060 
1026.322535 0.000046 
1025.155423 0.000048 
1023.988311 0.000023 
1022.821199 0.000044 
1021.654088 0.000054 
1020.486976 0.000034 
1019.319864 0.000016 
1018.152752 0.000017 
1016.985641 0.000024 
1015.818529 -0.000010 
1014.651417 0.000018 
1013.484306 -0.000008 
1012.317194 0.000020 
1011.150082 -0.000012 
1009.982970 0.000005 
1008.815859 -0.000017 
1007.648747 0.000009 
1006.481635 -0.000014 
1005.314523 0.000004 
1004.147412 0.000002 
1002.980300 -0.000006 
1001.813188 -0.000021 
1000.646076 -0.000014 
999.478965 0.000001 
998.311853 -0.000040 
997.144741 -0.000024 
995.977629 -0.000041 
994.810518 -0.000014 
993.643406 -0.000055 
992.476294 -0.000016 
991.309183 -0.000046 
990.142071 -0.000025 
988.974959 -0.000034 
987.807847 -0.000042 
986.640736 -0.000073 
985.473624 -0.000060 
984.306512 -0.000050 
983.139400 -0.000055 
981.972289 -0.000030 
980.805177 -0.000046 
979.638065 -0.000012 
978.470953 -0.000010 
977.303842 -0.000001 
976.136730 -0.000051 
974.969618 0.000005 
973.802506 -0.000033 
972.635395 -0.000012 
971.468283 -0.000028 
970.301171 0.000002 
969.134060 -0.000032 
967.966948 0.000008 
966.799836 0.000009 
965.632724 -0.000006 
964.465613 0.000013 
963.298501 0.000022 
962.131389 0.000049 
960.964277 0.000028 
959.797166 0.000033 
958.630054 0.000016 
957.462942 0.000069 
956.295830 0.000037 
955.128719 0.000104 
953.961607 0.000073 
952.794495 0.000074 
951.627383 0.000009 
950.460272 0.000020 
949.293160 0.000039 
948.126048 0.000045 
946.958936 0.000043 
945.791825 0.000033 
944.624713 0.000051 
943.457601 0.000020 
942.290490 0.000010 
941.123378 -0.000031 
939.956266 -0.000010 
938.789154 -0.000031 
937.622043 -0.000005 
936.454931 -0.000023 
935.287819 -0.000006 
934.120707 -0.000050 
932.953596 -0.000036 
931.786484 -0.000083 
930.619372 -0.000063 
929.452260 -0.000041 
928.285149 -0.000021 
927.118037 -0.000038 
925.950925 -0.000045 
924.783813 -0.000017 
923.616702 -0.000023 
922.449590 -0.000001 
921.282478 -0.000041 
920.115367 -0.000006 
918.948255 -0.000035 
917.781143 0.000004 
916.614031 -0.000017 
915.446920 0.000011 
914.279808 -0.000019 
913.112696 0.000001 
911.945584 0.000018 
910.778473 0.000017 
909.611361 -0.000010 
908.444249 0.000007 
907.277137 -0.000025 
906.110026 -0.000098 
904.942914 0.000011 
903.775802 0.000095 
902.608690 0.000200 
901.441579 0.000183 
900.274467 0.000227 
899.107355 0.000204 
897.940244 0.000268 
896.773132 0.000306 
895.606020 0.000394 
894.438908 0.000437 
893.271797 0.000516 
892.104685 0.000619 
890.937573 0.000705 
889.770461 0.000831 
888.603350 0.000951 
887.436238 0.001067 
886.269126 0.001086 
885.102014 0.001092 
883.934903 0.000972 
882.767791 0.000894 
881.600679 0.000723 
880.433567 0.000653 
879.266456 0.000570 
878.099344 0.000522 
876.932232 0.000411 
875.765121 0.000333 
874.598009 0.000256 
873.430897 0.000188 
872.263785 0.000098 
871.096674 0.000060 
869.929562 0.000040 
868.762450 0.000016 
867.595338 0.000029 
866.428227 -0.000015 
865.261115 0.000006 
864.094003 -0.000030 
862.926891 -0.000006 
861.759780 -0.000060 
860.592668 -0.000062 
859.425556 -0.000076 
858.258444 -0.000035 
857.091333 -0.000051 
855.924221 -0.000065 
854.757109 -0.000054 
853.589997 -0.000001 
852.422886 -0.000018 
851.255774 -0.000015 
850.088662 -0.000008 
848.921551 -0.000065 
847.754439 -0.000038 
846.587327 -0.000096 
845.420215 -0.000043 
844.253104 -0.000046 
843.085992 -0.000010 
841.918880 -0.000039 
840.751768 -0.000015 
839.584657 -0.000044 
838.417545 -0.000048 
837.250433 -0.000019 
836.083321 -0.000035 
834.916210 -0.000047 
833.749098 -0.000038 
832.581986 -0.000033 
831.414874 -0.000029 
830.247763 0.000012 
829.080651 -0.000008 
827.913539 -0.000007 
826.746428 -0.000036 
825.579316 -0.000002 
824.412204 -0.000048 
823.245092 -0.000074 
822.077981 -0.000073 
820.910869 -0.000040 
819.743757 -0.000032 
818.576645 0.000007 
817.409534 0.000007 
816.242422 -0.000017 
815.075310 -0.000025 
813.908198 -0.000011 
812.741087 0.000002 
811.573975 -0.000023 
810.406863 0.000000 
809.239751 -0.000047 
808.072640 -0.000027 
806.905528 -0.000039 
805.738416 -0.000022 
804.571305 -0.000040 
803.404193 0.000012 
802.237081 -0.000025 
801.069969 -0.000061 
799.902858 -0.000035 
798.735746 0.000021 
797.568634 0.000015 
796.401522 -0.000023 
795.234411 0.000009 
794.067299 -0.000034 
792.900187 0.000010 
791.733075 -0.000016 
790.565964 0.000053 
789.398852 0.000038 
788.231740 0.000080 
787.064628 0.000022 
785.897517 0.000075 
784.730405 0.000117 
783.563293 0.000213 
782.396181 0.000330 
781.229070 0.000418 
780.061958 0.000595 
778.894846 0.000690 
777.727735 0.000864 
776.560623 0.001090 
775.393511 0.001393 
774.226399 0.001830 
773.059288 0.002035 
771.892176 0.001512 
770.725064 0.001116 
769.557952 0.000789 
768.390841 0.000583 
767.223729 0.000353 
766.056617 0.000206 
764.889505 0.000063 
763.722394 -0.000003 
762.555282 -0.000077 
761.388170 -0.000039 
760.221058 -0.000020 
759.053947 -0.000028 
757.886835 -0.000024 
756.719723 -0.000033 
755.552612 -0.000032 
754.385500 -0.000066 
753.218388 -0.000013 
752.051276 -0.000027 
750.884165 0.000005 
749.717053 -0.000018 
748.549941 -0.000028 
747.382829 -0.000071 
746.215718 -0.000023 
745.048606 -0.000006 
743.881494 -0.000060 
742.714382 -0.000025 
741.547271 -0.000047 
740.380159 -0.000039 
739.213047 -0.000046 
738.045935 0.000009 
736.878824 -0.000051 
735.711712 -0.000001 
734.544600 -0.000023 
733.377489 0.000010 
732.210377 0.000004 
731.043265 0.000016 
729.876153 -0.000030 
728.709042 -0.000025 
727.541930 -0.000015 
726.374818 -0.000026 
725.207706 -0.000065 
724.040595 -0.000064 
722.873483 -0.000030 
721.706371 -0.000042 
720.539259 0.000006 
719.372148 0.000038 
718.205036 0.000074 
717.037924 0.000079 
715.870812 0.000076 
714.703701 0.000012 
713.536589 -0.000017 
712.369477 -0.000026 
711.202366 -0.000013 
710.035254 -0.000006 
708.868142 0.000009 
707.701030 -0.000015 
706.533919 -0.000016 
705.366807 0.000014 
704.199695 0.000044 
703.032583 0.000049 
701.865472 0.000014 
700.698360 0.000031 
699.531248 -0.000015 
698.364136 0.000098 
697.197025 0.000104 
696.029913 0.000087 
694.862801 0.000026 
693.695689 0.000038 
692.528578 0.000031 
691.361466 0.000041 
690.194354 0.000062 
689.027242 0.000037 
687.860131 0.000045 
686.693019 0.000118 
685.525907 0.000096 
684.358796 0.000076 
683.191684 0.000167 
682.024572 0.000102 
680.857460 0.000054 
679.690349 0.000068 
678.523237 0.000133 
677.356125 0.000086 
676.189013 0.000063 
675.021902 0.000059 
673.854790 0.000080 
672.687678 0.000076 
671.520566 0.000010 
670.353455 -0.000039 
669.186343 -0.000195 
668.019231 -0.000225 
666.852119 -0.000056 
665.685008 0.000092 
664.517896 0.000061 
663.350784 0.000148 
662.183673 0.000102 
661.016561 0.000142 
659.849449 0.000143 
658.682337 0.000128 
657.515226 0.000106 
656.348114 0.000101 
655.181002 -0.000006 
654.013890 -0.000064 
652.846779 0.000010 
651.679667 0.000059 
650.512555 0.000064 
649.345443 -0.000075 
648.178332 -0.000009 
647.011220 0.000062 
645.844108 0.000108 
644.676996 0.000146 
643.509885 0.000171 
642.342773 0.000014 
641.175661 -0.000059 
640.008550 -0.000147 
638.841438 -0.000023 
637.674326 -0.000060 
636.507214 0.000027 
635.340103 0.000037 
634.172991 0.000079 
633.005879 0.000074 
631.838767 0.000024 
630.671656 0.000024 
629.504544 -0.000018 
628.337432 0.000052 
627.170320 0.000055 
626.003209 0.000159 
624.836097 0.000260 
623.668985 0.000217 
622.501873 0.000225 
621.334762 0.000165 
620.167650 0.000138 
619.000538 0.000224 
617.833426 0.000223 
616.666315 0.000283 
615.499203 0.000335 
614.332091 0.000259 
613.164980 0.000272 
611.997868 0.000217 
610.830756 0.000296 
609.663644 0.000313 
608.496533 0.000233 
607.329421 0.000218 
606.162309 0.000296 
604.995197 0.000207 
603.828086 0.000295 
602.660974 0.000260 
601.493862 0.000257 
600.326750 0.000329 
599.159639 0.000271 
597.992527 0.000139 
596.825415 0.000168 
595.658303 0.000372 
594.491192 0.000199 
593.324080 0.000179 
592.156968 0.000017 
590.989857 0.000013 
589.822745 0.000018 
588.655633 0.000192 
587.488521 0.000141 
586.321410 0.000228 
585.154298 0.000158 
583.987186 0.000150 
582.820074 0.000193 
581.652963 0.000282 
580.485851 0.000317 
579.318739 0.000180 
578.151627 0.000465 
576.984516 0.000386 
575.817404 0.000280 
574.650292 0.000209 
573.483180 0.000123 
572.316069 0.000113 
571.148957 0.000495 
569.981845 0.000162 
568.814734 -0.000286 
567.647622 -0.000271 
566.480510 0.000011 
565.313398 0.000079 
564.146287 -0.000277 
562.979175 -0.000353 
561.812063 0.000138 
560.644951 0.000752 
559.477840 0.000329 
558.310728 0.000208 
557.143616 0.000309 
555.976504 -0.000373 
554.809393 -0.000899 
553.642281 -0.000664 
552.475169 0.000276 
551.308057 0.000730 
550.140946 -0.000540 
548.973834 -0.001163 
547.806722 -0.001215 
546.639611 -0.000442 
545.472499 0.000024 
544.305387 -0.000508 
543.138275 0.000013 
541.971164 -0.000523 
540.804052 -0.000968 
539.636940 -0.000342 
538.469828 -0.000011 
537.302717 0.000346 
536.135605 0.000234 
534.968493 -0.000579 
533.801381 -0.000545 
532.634270 -0.000475 
531.467158 -0.000368 
530.300046 -0.000191 
529.132934 -0.000094 
527.965823 0.000270 
526.798711 0.000482 
525.631599 0.000790 
524.464487 0.001015 
523.297376 0.001223 
522.130264 0.001500 
520.963152 0.002331 
519.796041 0.003625 
518.628929 0.006482 
517.461817 0.007715 
516.294705 0.007772 
515.127594 0.006186 
513.960482 0.004171 
512.793370 0.002595 
511.626258 0.001898 
510.459147 0.000236 
509.292035 -0.000294 
508.124923 -0.000048 
506.957811 -0.000001 
505.790700 -0.000449 
504.623588 -0.000523 
503.456476 0.000184 
502.289364 -0.000114 
501.122253 0.000522 
499.955141 0.000591 
