4000.123242 -0.001042 
3998.956130 -0.000813 
3997.789019 -0.001220 
3996.621907 -0.001132 
3995.454795 -0.000849 
3994.287683 -0.000965 
3993.120572 -0.000977 
3991.953460 -0.001135 
3990.786348 -0.000775 
3989.619236 -0.001047 
3988.452125 -0.001036 
3987.285013 -0.000732 
3986.117901 -0.000554 
3984.950789 -0.000621 
3983.783678 -0.000845 
3982.616566 -0.000536 
3981.449454 -0.000676 
3980.282342 -0.000823 
3979.115231 -0.000474 
3977.948119 -0.000656 
3976.781007 -0.000580 
3975.613896 -0.000532 
3974.446784 -0.000600 
3973.279672 -0.000375 
3972.112560 -0.000395 
3970.945449 -0.000429 
3969.778337 -0.000476 
3968.611225 -0.000484 
3967.444113 -0.000620 
3966.277002 -0.000463 
3965.109890 -0.000408 
3963.942778 -0.000133 
3962.775666 -0.000443 
3961.608555 -0.000892 
3960.441443 -0.000615 
3959.274331 -0.000112 
3958.107219 0.000029 
3956.940108 -0.000155 
3955.772996 -0.000440 
3954.605884 -0.000096 
3953.438772 -0.000291 
3952.271661 -0.000596 
3951.104549 -0.000669 
3949.937437 -0.000456 
3948.770326 -0.000287 
3947.603214 -0.000621 
3946.436102 -0.000373 
3945.268990 -0.000341 
3944.101879 -0.000394 
3942.934767 -0.000540 
3941.767655 -0.000019 
3940.600543 0.000024 
3939.433432 -0.000266 
3938.266320 -0.000261 
3937.099208 -0.000296 
3935.932096 -0.000240 
3934.764985 -0.000381 
3933.597873 -0.000248 
3932.430761 -0.000144 
3931.263649 -0.000138 
3930.096538 -0.000115 
3928.929426 0.000046 
3927.762314 -0.000565 
3926.595203 -0.000504 
3925.428091 -0.000514 
3924.260979 -0.000405 
3923.093867 -0.000231 
3921.926756 -0.000450 
3920.759644 -0.000368 
3919.592532 -0.000333 
3918.425420 -0.000458 
3917.258309 -0.000616 
3916.091197 -0.000352 
3914.924085 -0.000509 
3913.756973 -0.000568 
3912.589862 -0.000173 
3911.422750 0.000056 
3910.255638 -0.000290 
3909.088526 -0.000150 
3907.921415 -0.000357 
3906.754303 -0.000106 
3905.587191 0.000018 
3904.420080 -0.000120 
3903.252968 -0.000333 
3902.085856 -0.000146 
3900.918744 -0.000080 
3899.751633 0.000037 
3898.584521 -0.000042 
3897.417409 -0.000109 
3896.250297 -0.000053 
3895.083186 -0.000126 
3893.916074 -0.000341 
3892.748962 -0.000391 
3891.581850 -0.000272 
3890.414739 -0.000186 
3889.247627 0.000336 
3888.080515 0.000186 
3886.913403 -0.000034 
3885.746292 -0.000061 
3884.579180 0.000069 
3883.412068 0.000261 
3882.244957 -0.000000 
3881.077845 0.000019 
3879.910733 -0.000162 
3878.743621 0.000142 
3877.576510 0.000186 
3876.409398 -0.000002 
3875.242286 0.000144 
3874.075174 0.000083 
3872.908063 -0.000016 
3871.740951 0.000043 
3870.573839 0.000096 
3869.406727 0.000154 
3868.239616 0.000114 
3867.072504 -0.000248 
3865.905392 -0.000022 
3864.738280 0.000203 
3863.571169 0.000291 
3862.404057 0.000115 
3861.236945 -0.000099 
3860.069833 0.000467 
3858.902722 0.000573 
3857.735610 0.000150 
3856.568498 0.000317 
3855.401387 0.000112 
3854.234275 0.000255 
3853.067163 0.000213 
3851.900051 -0.000014 
3850.732940 0.000216 
3849.565828 0.000347 
3848.398716 0.000227 
3847.231604 0.000264 
3846.064493 -0.000173 
3844.897381 0.000091 
3843.730269 0.000208 
3842.563157 -0.000006 
3841.396046 0.000050 
3840.228934 -0.000037 
3839.061822 0.000227 
3837.894710 0.000096 
3836.727599 -0.000138 
3835.560487 -0.000184 
3834.393375 0.000051 
3833.226264 0.000264 
3832.059152 0.000192 
3830.892040 0.000192 
3829.724928 0.000098 
3828.557817 0.000189 
3827.390705 -0.000011 
3826.223593 -0.000051 
3825.056481 -0.000216 
3823.889370 -0.000035 
3822.722258 0.000234 
3821.555146 0.000509 
3820.388034 0.000330 
3819.220923 0.000306 
3818.053811 -0.000130 
3816.886699 -0.000117 
3815.719587 -0.000211 
3814.552476 0.000235 
3813.385364 0.000235 
3812.218252 0.000199 
3811.051141 0.000320 
3809.884029 0.000544 
3808.716917 0.000110 
3807.549805 -0.000082 
3806.382694 -0.000102 
3805.215582 0.000202 
3804.048470 0.000495 
3802.881358 0.000224 
3801.714247 0.000016 
3800.547135 0.000107 
3799.380023 0.000419 
3798.212911 0.000423 
3797.045800 0.000347 
3795.878688 0.000389 
3794.711576 0.000427 
3793.544464 0.000567 
3792.377353 0.000663 
3791.210241 0.000567 
3790.043129 0.000645 
3788.876017 0.000548 
3787.708906 0.000258 
3786.541794 0.000648 
3785.374682 0.000676 
3784.207571 0.000541 
3783.040459 0.000586 
3781.873347 0.000837 
3780.706235 0.000695 
3779.539124 0.000604 
3778.372012 0.000488 
3777.204900 0.000612 
3776.037788 0.000445 
3774.870677 0.000568 
3773.703565 0.000733 
3772.536453 0.000623 
3771.369341 0.000768 
3770.202230 0.000740 
3769.035118 0.000765 
3767.868006 0.000644 
3766.700894 0.000671 
3765.533783 0.000355 
3764.366671 0.000376 
3763.199559 0.000213 
3762.032448 0.000467 
3760.865336 0.000277 
3759.698224 0.000094 
3758.531112 0.000091 
3757.364001 0.000290 
3756.196889 -0.000099 
3755.029777 -0.000168 
3753.862665 -0.000042 
3752.695554 -0.000623 
3751.528442 -0.000639 
3750.361330 -0.000719 
3749.194218 -0.000921 
3748.027107 -0.000807 
3746.859995 -0.001005 
3745.692883 -0.001098 
3744.525771 -0.001446 
3743.358660 -0.001912 
3742.191548 -0.001862 
3741.024436 -0.002157 
3739.857325 -0.002104 
3738.690213 -0.002360 
3737.523101 -0.002515 
3736.355989 -0.002691 
3735.188878 -0.002767 
3734.021766 -0.003023 
3732.854654 -0.002962 
3731.687542 -0.002906 
3730.520431 -0.003426 
3729.353319 -0.003425 
3728.186207 -0.003676 
3727.019095 -0.003264 
3725.851984 -0.003192 
3724.684872 -0.002983 
3723.517760 -0.002525 
3722.350648 -0.001947 
3721.183537 -0.001590 
3720.016425 -0.001212 
3718.849313 -0.000965 
3717.682202 -0.001026 
3716.515090 -0.001249 
3715.347978 -0.001207 
3714.180866 -0.001494 
3713.013755 -0.001486 
3711.846643 -0.001306 
3710.679531 -0.001427 
3709.512419 -0.001233 
3708.345308 -0.001066 
3707.178196 -0.000687 
3706.011084 -0.000559 
3704.843972 0.000125 
3703.676861 0.001010 
3702.509749 0.001401 
3701.342637 0.002025 
3700.175525 0.002360 
3699.008414 0.002784 
3697.841302 0.003269 
3696.674190 0.003553 
3695.507078 0.003349 
3694.339967 0.003381 
3693.172855 0.003359 
3692.005743 0.003144 
3690.838632 0.002944 
3689.671520 0.002629 
3688.504408 0.002086 
3687.337296 0.001808 
3686.170185 0.001745 
3685.003073 0.001537 
3683.835961 0.001399 
3682.668849 0.001146 
3681.501738 0.000767 
3680.334626 0.000386 
3679.167514 0.000335 
3678.000402 -0.000045 
3676.833291 0.000016 
3675.666179 -0.000042 
3674.499067 -0.000011 
3673.331955 -0.000168 
3672.164844 -0.000343 
3670.997732 -0.000306 
3669.830620 -0.000349 
3668.663509 -0.000355 
3667.496397 -0.000365 
3666.329285 -0.000363 
3665.162173 -0.000333 
3663.995062 -0.000192 
3662.827950 -0.000173 
3661.660838 -0.000560 
3660.493726 -0.000821 
3659.326615 -0.000820 
3658.159503 -0.000520 
3656.992391 -0.000221 
3655.825279 -0.000620 
3654.658168 -0.000427 
3653.491056 -0.000346 
3652.323944 -0.000490 
3651.156832 -0.000645 
3649.989721 -0.000624 
3648.822609 -0.000671 
3647.655497 -0.000443 
3646.488386 0.000056 
3645.321274 -0.000008 
3644.154162 -0.000005 
3642.987050 -0.000018 
3641.819939 0.000072 
3640.652827 0.000219 
3639.485715 0.000849 
3638.318603 0.000602 
3637.151492 0.000669 
3635.984380 0.000637 
3634.817268 0.001012 
3633.650156 0.001151 
3632.483045 0.001412 
3631.315933 0.001614 
3630.148821 0.001748 
3628.981709 0.001876 
3627.814598 0.002384 
3626.647486 0.002613 
3625.480374 0.002917 
3624.313262 0.003191 
3623.146151 0.003722 
3621.979039 0.003961 
3620.811927 0.004275 
3619.644816 0.004752 
3618.477704 0.005275 
3617.310592 0.005724 
3616.143480 0.006029 
3614.976369 0.006579 
3613.809257 0.007089 
3612.642145 0.007368 
3611.475033 0.007968 
3610.307922 0.008689 
3609.140810 0.009131 
3607.973698 0.009571 
3606.806586 0.010288 
3605.639475 0.010967 
3604.472363 0.011548 
3603.305251 0.012296 
3602.138139 0.013312 
3600.971028 0.014145 
3599.803916 0.015101 
3598.636804 0.015722 
3597.469693 0.016667 
3596.302581 0.017421 
3595.135469 0.018300 
3593.968357 0.019308 
3592.801246 0.020522 
3591.634134 0.021394 
3590.467022 0.022352 
3589.299910 0.023360 
3588.132799 0.024537 
3586.965687 0.025391 
3585.798575 0.026449 
3584.631463 0.028183 
3583.464352 0.029649 
3582.297240 0.030427 
3581.130128 0.031482 
3579.963016 0.033099 
3578.795905 0.034753 
3577.628793 0.036087 
3576.461681 0.037128 
3575.294570 0.038477 
3574.127458 0.039989 
3572.960346 0.041700 
3571.793234 0.043410 
3570.626123 0.044853 
3569.459011 0.046073 
3568.291899 0.047478 
3567.124787 0.049310 
3565.957676 0.050639 
3564.790564 0.052661 
3563.623452 0.054521 
3562.456340 0.056577 
3561.289229 0.058399 
3560.122117 0.060123 
3558.955005 0.061665 
3557.787893 0.063428 
3556.620782 0.065296 
3555.453670 0.067326 
3554.286558 0.069302 
3553.119447 0.071460 
3551.952335 0.073528 
3550.785223 0.075575 
3549.618111 0.077976 
3548.451000 0.080062 
3547.283888 0.082592 
3546.116776 0.084889 
3544.949664 0.087270 
3543.782553 0.089764 
3542.615441 0.092222 
3541.448329 0.095017 
3540.281217 0.097781 
3539.114106 0.100008 
3537.946994 0.102869 
3536.779882 0.105546 
3535.612770 0.108447 
3534.445659 0.111511 
3533.278547 0.114598 
3532.111435 0.117500 
3530.944323 0.120499 
3529.777212 0.124066 
3528.610100 0.127508 
3527.442988 0.130758 
3526.275877 0.133679 
3525.108765 0.137406 
3523.941653 0.140792 
3522.774541 0.144723 
3521.607430 0.148224 
3520.440318 0.152103 
3519.273206 0.155648 
3518.106094 0.159582 
3516.938983 0.163371 
3515.771871 0.167340 
3514.604759 0.171376 
3513.437647 0.175104 
3512.270536 0.179340 
3511.103424 0.183727 
3509.936312 0.187990 
3508.769200 0.191879 
3507.602089 0.196312 
3506.434977 0.200542 
3505.267865 0.205188 
3504.100754 0.209537 
3502.933642 0.213715 
3501.766530 0.218038 
3500.599418 0.222998 
3499.432307 0.227599 
3498.265195 0.232358 
3497.098083 0.237260 
3495.930971 0.241663 
3494.763860 0.246296 
3493.596748 0.251130 
3492.429636 0.255949 
3491.262524 0.260667 
3490.095413 0.265769 
3488.928301 0.270705 
3487.761189 0.275998 
3486.594077 0.280931 
3485.426966 0.285747 
3484.259854 0.290639 
3483.092742 0.295750 
3481.925631 0.301248 
3480.758519 0.306550 
3479.591407 0.311666 
3478.424295 0.316815 
3477.257184 0.322276 
3476.090072 0.327988 
3474.922960 0.333380 
3473.755848 0.338662 
3472.588737 0.344051 
3471.421625 0.349437 
3470.254513 0.354834 
3469.087401 0.360394 
3467.920290 0.366031 
3466.753178 0.371896 
3465.586066 0.377834 
3464.418954 0.383367 
3463.251843 0.389278 
3462.084731 0.395064 
3460.917619 0.400689 
3459.750508 0.406392 
3458.583396 0.411970 
3457.416284 0.418058 
3456.249172 0.423958 
3455.082061 0.430056 
3453.914949 0.435503 
3452.747837 0.441598 
3451.580725 0.447331 
3450.413614 0.453535 
3449.246502 0.459469 
3448.079390 0.465477 
3446.912278 0.471110 
3445.745167 0.477201 
3444.578055 0.483130 
3443.410943 0.489083 
3442.243831 0.495011 
3441.076720 0.501247 
3439.909608 0.506679 
3438.742496 0.512499 
3437.575384 0.518735 
3436.408273 0.524195 
3435.241161 0.530386 
3434.074049 0.535634 
3432.906938 0.541926 
3431.739826 0.547862 
3430.572714 0.553348 
3429.405602 0.558714 
3428.238491 0.564278 
3427.071379 0.569804 
3425.904267 0.575298 
3424.737155 0.580575 
3423.570044 0.586340 
3422.402932 0.591541 
3421.235820 0.596961 
3420.068708 0.601881 
3418.901597 0.606951 
3417.734485 0.612588 
3416.567373 0.617494 
3415.400261 0.622182 
3414.233150 0.627672 
3413.066038 0.632390 
3411.898926 0.637486 
3410.731815 0.642729 
3409.564703 0.647819 
3408.397591 0.652286 
3407.230479 0.656354 
3406.063368 0.661055 
3404.896256 0.665336 
3403.729144 0.670060 
3402.562032 0.674857 
3401.394921 0.678904 
3400.227809 0.683049 
3399.060697 0.687516 
3397.893585 0.691634 
3396.726474 0.695914 
3395.559362 0.699996 
3394.392250 0.703357 
3393.225138 0.707428 
3392.058027 0.712334 
3390.890915 0.716030 
3389.723803 0.719644 
3388.556692 0.722852 
3387.389580 0.726893 
3386.222468 0.730774 
3385.055356 0.734058 
3383.888245 0.737835 
3382.721133 0.741675 
3381.554021 0.744764 
3380.386909 0.748309 
3379.219798 0.751834 
3378.052686 0.755752 
3376.885574 0.758401 
3375.718462 0.761123 
3374.551351 0.764668 
3373.384239 0.768072 
3372.217127 0.771118 
3371.050015 0.773786 
3369.882904 0.776932 
3368.715792 0.780340 
3367.548680 0.783774 
3366.381568 0.786562 
3365.214457 0.788963 
3364.047345 0.791891 
3362.880233 0.794951 
3361.713122 0.797855 
3360.546010 0.801307 
3359.378898 0.803552 
3358.211786 0.806483 
3357.044675 0.808685 
3355.877563 0.811310 
3354.710451 0.814879 
3353.543339 0.817969 
3352.376228 0.820604 
3351.209116 0.823143 
3350.042004 0.826032 
3348.874892 0.828846 
3347.707781 0.831150 
3346.540669 0.833684 
3345.373557 0.836456 
3344.206445 0.839013 
3343.039334 0.841690 
3341.872222 0.844442 
3340.705110 0.847838 
3339.537999 0.850551 
3338.370887 0.852967 
3337.203775 0.855967 
3336.036663 0.858644 
3334.869552 0.861196 
3333.702440 0.864288 
3332.535328 0.866424 
3331.368216 0.869245 
3330.201105 0.872980 
3329.033993 0.874997 
3327.866881 0.878017 
3326.699769 0.880095 
3325.532658 0.882725 
3324.365546 0.885428 
3323.198434 0.888579 
3322.031322 0.891227 
3320.864211 0.893867 
3319.697099 0.896347 
3318.529987 0.899799 
3317.362876 0.902370 
3316.195764 0.904880 
3315.028652 0.908089 
3313.861540 0.910146 
3312.694429 0.912507 
3311.527317 0.916283 
3310.360205 0.919483 
3309.193093 0.921334 
3308.025982 0.924296 
3306.858870 0.926891 
3305.691758 0.929987 
3304.524646 0.932592 
3303.357535 0.934883 
3302.190423 0.937019 
3301.023311 0.940316 
3299.856199 0.943210 
3298.689088 0.945090 
3297.521976 0.947648 
3296.354864 0.950570 
3295.187753 0.952261 
3294.020641 0.953886 
3292.853529 0.957056 
3291.686417 0.960099 
3290.519306 0.961286 
3289.352194 0.963428 
3288.185082 0.965826 
3287.017970 0.968292 
3285.850859 0.970580 
3284.683747 0.971369 
3283.516635 0.973117 
3282.349523 0.975629 
3281.182412 0.977868 
3280.015300 0.979848 
3278.848188 0.981527 
3277.681076 0.982781 
3276.513965 0.983892 
3275.346853 0.985953 
3274.179741 0.987510 
3273.012629 0.988345 
3271.845518 0.990207 
3270.678406 0.991729 
3269.511294 0.992357 
3268.344183 0.993321 
3267.177071 0.995189 
3266.009959 0.995576 
3264.842847 0.996057 
3263.675736 0.996904 
3262.508624 0.997334 
3261.341512 0.997679 
3260.174400 0.998825 
3259.007289 0.999158 
3257.840177 0.999622 
3256.673065 0.999856 
3255.505953 0.999781 
3254.338842 1.000000 
3253.171730 0.999705 
3252.004618 0.998711 
3250.837506 0.998388 
3249.670395 0.998194 
3248.503283 0.998240 
3247.336171 0.998111 
3246.169060 0.997632 
3245.001948 0.997048 
3243.834836 0.996665 
3242.667724 0.995288 
3241.500613 0.994944 
3240.333501 0.994115 
3239.166389 0.992434 
3237.999277 0.991196 
3236.832166 0.990042 
3235.665054 0.989497 
3234.497942 0.988610 
3233.330830 0.986880 
3232.163719 0.985069 
3230.996607 0.983359 
3229.829495 0.981361 
3228.662383 0.979408 
3227.495272 0.977965 
3226.328160 0.976732 
3225.161048 0.974172 
3223.993937 0.972374 
3222.826825 0.970626 
3221.659713 0.967757 
3220.492601 0.965967 
3219.325490 0.964212 
3218.158378 0.961628 
3216.991266 0.959448 
3215.824154 0.956516 
3214.657043 0.954449 
3213.489931 0.952390 
3212.322819 0.949779 
3211.155707 0.946824 
3209.988596 0.943857 
3208.821484 0.941327 
3207.654372 0.938743 
3206.487260 0.936316 
3205.320149 0.933452 
3204.153037 0.929914 
3202.985925 0.926712 
3201.818813 0.923303 
3200.651702 0.920298 
3199.484590 0.917373 
3198.317478 0.914818 
3197.150367 0.910974 
3195.983255 0.907724 
3194.816143 0.904395 
3193.649031 0.900878 
3192.481920 0.897833 
3191.314808 0.894376 
3190.147696 0.890982 
3188.980584 0.887237 
3187.813473 0.883559 
3186.646361 0.880321 
3185.479249 0.876822 
3184.312137 0.873315 
3183.145026 0.869320 
3181.977914 0.865510 
3180.810802 0.862181 
3179.643690 0.858427 
3178.476579 0.854294 
3177.309467 0.850543 
3176.142355 0.846914 
3174.975244 0.843068 
3173.808132 0.839198 
3172.641020 0.835044 
3171.473908 0.831116 
3170.306797 0.826856 
3169.139685 0.823651 
3167.972573 0.819259 
3166.805461 0.814648 
3165.638350 0.810665 
3164.471238 0.805897 
3163.304126 0.801347 
3162.137014 0.797942 
3160.969903 0.794019 
3159.802791 0.789231 
3158.635679 0.784695 
3157.468567 0.780137 
3156.301456 0.776315 
3155.134344 0.771968 
3153.967232 0.767225 
3152.800121 0.763073 
3151.633009 0.758310 
3150.465897 0.753400 
3149.298785 0.748858 
3148.131674 0.744380 
3146.964562 0.739658 
3145.797450 0.734966 
3144.630338 0.730263 
3143.463227 0.724966 
3142.296115 0.720164 
3141.129003 0.715243 
3139.961891 0.710444 
3138.794780 0.705046 
3137.627668 0.699330 
3136.460556 0.695033 
3135.293444 0.690321 
3134.126333 0.685230 
3132.959221 0.679606 
3131.792109 0.674714 
3130.624998 0.669061 
3129.457886 0.663006 
3128.290774 0.657963 
3127.123662 0.652640 
3125.956551 0.647337 
3124.789439 0.641456 
3123.622327 0.636242 
3122.455215 0.630446 
3121.288104 0.624807 
3120.120992 0.619231 
3118.953880 0.613647 
3117.786768 0.607878 
3116.619657 0.602067 
3115.452545 0.596282 
3114.285433 0.590424 
3113.118321 0.584395 
3111.951210 0.578275 
3110.784098 0.572096 
3109.616986 0.566111 
3108.449874 0.560656 
3107.282763 0.554585 
3106.115651 0.548372 
3104.948539 0.542342 
3103.781428 0.536327 
3102.614316 0.529488 
3101.447204 0.522920 
3100.280092 0.516980 
3099.112981 0.510535 
3097.945869 0.504059 
3096.778757 0.498074 
3095.611645 0.491822 
3094.444534 0.485352 
3093.277422 0.478855 
3092.110310 0.472611 
3090.943198 0.466234 
3089.776087 0.459648 
3088.608975 0.453284 
3087.441863 0.447133 
3086.274751 0.440615 
3085.107640 0.434289 
3083.940528 0.427949 
3082.773416 0.421500 
3081.606305 0.415482 
3080.439193 0.408848 
3079.272081 0.402551 
3078.104969 0.396400 
3076.937858 0.390208 
3075.770746 0.384021 
3074.603634 0.377818 
3073.436522 0.371763 
3072.269411 0.365737 
3071.102299 0.359802 
3069.935187 0.353809 
3068.768075 0.347839 
3067.600964 0.342256 
3066.433852 0.336658 
3065.266740 0.330852 
3064.099628 0.325434 
3062.932517 0.320326 
3061.765405 0.314887 
3060.598293 0.309218 
3059.431182 0.304240 
3058.264070 0.299295 
3057.096958 0.294187 
3055.929846 0.289216 
3054.762735 0.284304 
3053.595623 0.279461 
3052.428511 0.274348 
3051.261399 0.269881 
3050.094288 0.265614 
3048.927176 0.261277 
3047.760064 0.257056 
3046.592952 0.252903 
3045.425841 0.248714 
3044.258729 0.244636 
3043.091617 0.240582 
3041.924505 0.236858 
3040.757394 0.233164 
3039.590282 0.229442 
3038.423170 0.225630 
3037.256058 0.222230 
3036.088947 0.218762 
3034.921835 0.215068 
3033.754723 0.211834 
3032.587612 0.208587 
3031.420500 0.205246 
3030.253388 0.202142 
3029.086276 0.199141 
3027.919165 0.196341 
3026.752053 0.193365 
3025.584941 0.190196 
3024.417829 0.187399 
3023.250718 0.184646 
3022.083606 0.181783 
3020.916494 0.179066 
3019.749382 0.176461 
3018.582271 0.173815 
3017.415159 0.171085 
3016.248047 0.168552 
3015.080935 0.166296 
3013.913824 0.163839 
3012.746712 0.161509 
3011.579600 0.159314 
3010.412489 0.157022 
3009.245377 0.154622 
3008.078265 0.152520 
3006.911153 0.150552 
3005.744042 0.148815 
3004.576930 0.146804 
3003.409818 0.145072 
3002.242706 0.143595 
3001.075595 0.141613 
2999.908483 0.140097 
2998.741371 0.139116 
2997.574259 0.137878 
2996.407148 0.136756 
2995.240036 0.135742 
2994.072924 0.135184 
2992.905812 0.134723 
2991.738701 0.134737 
2990.571589 0.134692 
2989.404477 0.135126 
2988.237366 0.135816 
2987.070254 0.136695 
2985.903142 0.137532 
2984.736030 0.138629 
2983.568919 0.139487 
2982.401807 0.140253 
2981.234695 0.140635 
2980.067583 0.140654 
2978.900472 0.140291 
2977.733360 0.138791 
2976.566248 0.137268 
2975.399136 0.135062 
2974.232025 0.131969 
2973.064913 0.128264 
2971.897801 0.124513 
2970.730689 0.120510 
2969.563578 0.116663 
2968.396466 0.112675 
2967.229354 0.109069 
2966.062243 0.105811 
2964.895131 0.102918 
2963.728019 0.100358 
2962.560907 0.098024 
2961.393796 0.096082 
2960.226684 0.094190 
2959.059572 0.092880 
2957.892460 0.091719 
2956.725349 0.090426 
2955.558237 0.089342 
2954.391125 0.088428 
2953.224013 0.087757 
2952.056902 0.086908 
2950.889790 0.085877 
2949.722678 0.085315 
2948.555566 0.084840 
2947.388455 0.084228 
2946.221343 0.083773 
2945.054231 0.083104 
2943.887119 0.082412 
2942.720008 0.081851 
2941.552896 0.081484 
2940.385784 0.080811 
2939.218673 0.080136 
2938.051561 0.079503 
2936.884449 0.078953 
2935.717337 0.078154 
2934.550226 0.077533 
2933.383114 0.076730 
2932.216002 0.076164 
2931.048890 0.075656 
2929.881779 0.074941 
2928.714667 0.074145 
2927.547555 0.073416 
2926.380443 0.072600 
2925.213332 0.071790 
2924.046220 0.071197 
2922.879108 0.070461 
2921.711996 0.070232 
2920.544885 0.069582 
2919.377773 0.069233 
2918.210661 0.068695 
2917.043550 0.068104 
2915.876438 0.067878 
2914.709326 0.067843 
2913.542214 0.067568 
2912.375103 0.067337 
2911.207991 0.067368 
2910.040879 0.067233 
2908.873767 0.067129 
2907.706656 0.066943 
2906.539544 0.066594 
2905.372432 0.066349 
2904.205320 0.066031 
2903.038209 0.065517 
2901.871097 0.064950 
2900.703985 0.064396 
2899.536873 0.063773 
2898.369762 0.063146 
2897.202650 0.062332 
2896.035538 0.061479 
2894.868427 0.060635 
2893.701315 0.059849 
2892.534203 0.059014 
2891.367091 0.058045 
2890.199980 0.057366 
2889.032868 0.056835 
2887.865756 0.056274 
2886.698644 0.055711 
2885.531533 0.055285 
2884.364421 0.055078 
2883.197309 0.054923 
2882.030197 0.054854 
2880.863086 0.054837 
2879.695974 0.054840 
2878.528862 0.054841 
2877.361750 0.054552 
2876.194639 0.054039 
2875.027527 0.053861 
2873.860415 0.053450 
2872.693303 0.053087 
2871.526192 0.052925 
2870.359080 0.052430 
2869.191968 0.051804 
2868.024857 0.051492 
2866.857745 0.051021 
2865.690633 0.050615 
2864.523521 0.050262 
2863.356410 0.049603 
2862.189298 0.048972 
2861.022186 0.048304 
2859.855074 0.047810 
2858.687963 0.047334 
2857.520851 0.046643 
2856.353739 0.045813 
2855.186627 0.045070 
2854.019516 0.044504 
2852.852404 0.043610 
2851.685292 0.042927 
2850.518180 0.042139 
2849.351069 0.041482 
2848.183957 0.040808 
2847.016845 0.040163 
2845.849734 0.039465 
2844.682622 0.038788 
2843.515510 0.038274 
2842.348398 0.037856 
2841.181287 0.037432 
2840.014175 0.037046 
2838.847063 0.036495 
2837.679951 0.035688 
2836.512840 0.035138 
2835.345728 0.034592 
2834.178616 0.034231 
2833.011504 0.033586 
2831.844393 0.033099 
2830.677281 0.032499 
2829.510169 0.032076 
2828.343057 0.031519 
2827.175946 0.030953 
2826.008834 0.030453 
2824.841722 0.030000 
2823.674611 0.029502 
2822.507499 0.029140 
2821.340387 0.028684 
2820.173275 0.028418 
2819.006164 0.027965 
2817.839052 0.027584 
2816.671940 0.027222 
2815.504828 0.026907 
2814.337717 0.026524 
2813.170605 0.026013 
2812.003493 0.025824 
2810.836381 0.025261 
2809.669270 0.024787 
2808.502158 0.024276 
2807.335046 0.024113 
2806.167934 0.023745 
2805.000823 0.023103 
2803.833711 0.022598 
2802.666599 0.022161 
2801.499488 0.021841 
2800.332376 0.021449 
2799.165264 0.021069 
2797.998152 0.020690 
2796.831041 0.020440 
2795.663929 0.020290 
2794.496817 0.020003 
2793.329705 0.019800 
2792.162594 0.019563 
2790.995482 0.019263 
2789.828370 0.019199 
2788.661258 0.018953 
2787.494147 0.018716 
2786.327035 0.018734 
2785.159923 0.018727 
2783.992811 0.018509 
2782.825700 0.018287 
2781.658588 0.018098 
2780.491476 0.018008 
2779.324364 0.017927 
2778.157253 0.017757 
2776.990141 0.017853 
2775.823029 0.017597 
2774.655918 0.017352 
2773.488806 0.017376 
2772.321694 0.017624 
2771.154582 0.017405 
2769.987471 0.017171 
2768.820359 0.016905 
2767.653247 0.016835 
2766.486135 0.016888 
2765.319024 0.016719 
2764.151912 0.016731 
2762.984800 0.016324 
2761.817688 0.016252 
2760.650577 0.016071 
2759.483465 0.015873 
2758.316353 0.015655 
2757.149241 0.015463 
2755.982130 0.015112 
2754.815018 0.014819 
2753.647906 0.014472 
2752.480795 0.014251 
2751.313683 0.013870 
2750.146571 0.013674 
2748.979459 0.013309 
2747.812348 0.013076 
2746.645236 0.012888 
2745.478124 0.012632 
2744.311012 0.012305 
2743.143901 0.012001 
2741.976789 0.011860 
2740.809677 0.011468 
2739.642565 0.011342 
2738.475454 0.011201 
2737.308342 0.010980 
2736.141230 0.010602 
2734.974118 0.010431 
2733.807007 0.010123 
2732.639895 0.009856 
2731.472783 0.009624 
2730.305672 0.009438 
2729.138560 0.009259 
2727.971448 0.009009 
2726.804336 0.008809 
2725.637225 0.008506 
2724.470113 0.008221 
2723.303001 0.007955 
2722.135889 0.007693 
2720.968778 0.007595 
2719.801666 0.007477 
2718.634554 0.007304 
2717.467442 0.007229 
2716.300331 0.007014 
2715.133219 0.007056 
2713.966107 0.006984 
2712.798995 0.006920 
2711.631884 0.006713 
2710.464772 0.006401 
2709.297660 0.006502 
2708.130548 0.006222 
2706.963437 0.005921 
2705.796325 0.005698 
2704.629213 0.005692 
2703.462102 0.005442 
2702.294990 0.005317 
2701.127878 0.005088 
2699.960766 0.005088 
2698.793655 0.004960 
2697.626543 0.004699 
2696.459431 0.004491 
2695.292319 0.004339 
2694.125208 0.004055 
2692.958096 0.004017 
2691.790984 0.003844 
2690.623872 0.003516 
2689.456761 0.003508 
2688.289649 0.003373 
2687.122537 0.003232 
2685.955425 0.002959 
2684.788314 0.002947 
2683.621202 0.002906 
2682.454090 0.002880 
2681.286979 0.002595 
2680.119867 0.002554 
2678.952755 0.002445 
2677.785643 0.002394 
2676.618532 0.002277 
2675.451420 0.002155 
2674.284308 0.002192 
2673.117196 0.002072 
2671.950085 0.001902 
2670.782973 0.001655 
2669.615861 0.001622 
2668.448749 0.001598 
2667.281638 0.001760 
2666.114526 0.001684 
2664.947414 0.001651 
2663.780302 0.001414 
2662.613191 0.001273 
2661.446079 0.001161 
2660.278967 0.001065 
2659.111856 0.001069 
2657.944744 0.001082 
2656.777632 0.001148 
2655.610520 0.000943 
2654.443409 0.000828 
2653.276297 0.000682 
2652.109185 0.000597 
2650.942073 0.000466 
2649.774962 0.000435 
2648.607850 0.000306 
2647.440738 0.000269 
2646.273626 0.000367 
2645.106515 0.000255 
2643.939403 0.000234 
2642.772291 0.000330 
2641.605179 0.000141 
2640.438068 0.000019 
2639.270956 0.000005 
2638.103844 -0.000072 
2636.936733 -0.000064 
2635.769621 0.000051 
2634.602509 0.000069 
2633.435397 -0.000141 
2632.268286 -0.000118 
2631.101174 -0.000142 
2629.934062 -0.000131 
2628.766950 -0.000263 
2627.599839 -0.000240 
2626.432727 -0.000317 
2625.265615 -0.000367 
2624.098503 -0.000175 
2622.931392 -0.000306 
2621.764280 -0.000443 
2620.597168 -0.000410 
2619.430056 -0.000347 
2618.262945 -0.000312 
2617.095833 -0.000301 
2615.928721 -0.000296 
2614.761609 -0.000275 
2613.594498 -0.000224 
2612.427386 -0.000285 
2611.260274 -0.000299 
2610.093163 -0.000146 
2608.926051 -0.000091 
2607.758939 -0.000051 
2606.591827 0.000091 
2605.424716 0.000013 
2604.257604 0.000010 
2603.090492 -0.000157 
2601.923380 0.000040 
2600.756269 0.000043 
2599.589157 0.000171 
2598.422045 -0.000026 
2597.254933 0.000088 
2596.087822 0.000034 
2594.920710 0.000107 
2593.753598 0.000019 
2592.586486 0.000224 
2591.419375 0.000216 
2590.252263 0.000077 
2589.085151 0.000125 
2587.918040 0.000075 
2586.750928 0.000094 
2585.583816 -0.000074 
2584.416704 -0.000070 
2583.249593 -0.000002 
2582.082481 0.000059 
2580.915369 -0.000146 
2579.748257 -0.000075 
2578.581146 -0.000187 
2577.414034 -0.000082 
2576.246922 -0.000184 
2575.079810 -0.000170 
2573.912699 -0.000139 
2572.745587 -0.000014 
2571.578475 0.000083 
2570.411363 0.000112 
2569.244252 0.000126 
2568.077140 -0.000003 
2566.910028 0.000232 
2565.742917 0.000269 
2564.575805 0.000070 
2563.408693 0.000024 
2562.241581 0.000301 
2561.074470 0.000247 
2559.907358 0.000354 
2558.740246 0.000339 
2557.573134 0.000524 
2556.406023 0.000431 
2555.238911 0.000435 
2554.071799 0.000261 
2552.904687 0.000363 
2551.737576 0.000476 
2550.570464 0.000482 
2549.403352 0.000421 
2548.236240 0.000395 
2547.069129 0.000267 
2545.902017 0.000224 
2544.734905 0.000283 
2543.567794 0.000029 
2542.400682 0.000029 
2541.233570 -0.000058 
2540.066458 -0.000157 
2538.899347 -0.000091 
2537.732235 -0.000064 
2536.565123 -0.000240 
2535.398011 -0.000343 
2534.230900 -0.000319 
2533.063788 -0.000200 
2531.896676 -0.000096 
2530.729564 -0.000178 
2529.562453 -0.000291 
2528.395341 -0.000157 
2527.228229 -0.000183 
2526.061117 -0.000231 
2524.894006 -0.000263 
2523.726894 -0.000110 
2522.559782 0.000006 
2521.392670 -0.000091 
2520.225559 -0.000038 
2519.058447 -0.000118 
2517.891335 -0.000232 
2516.724224 -0.000053 
2515.557112 -0.000099 
2514.390000 -0.000112 
2513.222888 -0.000173 
2512.055777 -0.000054 
2510.888665 -0.000074 
2509.721553 -0.000077 
2508.554441 -0.000093 
2507.387330 0.000026 
2506.220218 0.000042 
2505.053106 0.000080 
2503.885994 -0.000083 
2502.718883 -0.000072 
2501.551771 0.000088 
2500.384659 -0.000018 
2499.217547 -0.000144 
2498.050436 -0.000094 
2496.883324 0.000016 
2495.716212 0.000117 
2494.549101 0.000155 
2493.381989 0.000030 
2492.214877 0.000034 
2491.047765 0.000010 
2489.880654 -0.000002 
2488.713542 0.000034 
2487.546430 0.000115 
2486.379318 0.000034 
2485.212207 -0.000074 
2484.045095 -0.000050 
2482.877983 0.000082 
2481.710871 0.000067 
2480.543760 0.000026 
2479.376648 0.000051 
2478.209536 -0.000006 
2477.042424 0.000026 
2475.875313 0.000035 
2474.708201 -0.000014 
2473.541089 -0.000006 
2472.373978 0.000096 
2471.206866 0.000042 
2470.039754 -0.000053 
2468.872642 -0.000000 
2467.705531 -0.000016 
2466.538419 -0.000051 
2465.371307 -0.000027 
2464.204195 -0.000035 
2463.037084 0.000042 
2461.869972 0.000085 
2460.702860 -0.000010 
2459.535748 0.000093 
2458.368637 0.000000 
2457.201525 0.000040 
2456.034413 0.000090 
2454.867301 0.000162 
2453.700190 0.000010 
2452.533078 0.000096 
2451.365966 -0.000050 
2450.198854 -0.000123 
2449.031743 -0.000160 
2447.864631 0.000000 
2446.697519 0.000168 
2445.530408 0.000056 
2444.363296 -0.000014 
2443.196184 -0.000042 
2442.029072 -0.000120 
2440.861961 -0.000082 
2439.694849 -0.000059 
2438.527737 -0.000175 
2437.360625 0.000019 
2436.193514 -0.000037 
2435.026402 -0.000013 
2433.859290 0.000054 
2432.692178 0.000048 
2431.525067 0.000018 
2430.357955 0.000168 
2429.190843 0.000102 
2428.023731 0.000139 
2426.856620 0.000208 
2425.689508 0.000320 
2424.522396 0.000476 
2423.355285 0.000456 
2422.188173 0.000291 
2421.021061 0.000253 
2419.853949 0.000426 
2418.686838 0.000525 
2417.519726 0.000492 
2416.352614 0.000399 
2415.185502 0.000474 
2414.018391 0.000399 
2412.851279 0.000450 
2411.684167 0.000187 
2410.517055 0.000035 
2409.349944 0.000203 
2408.182832 0.000301 
2407.015720 0.000255 
2405.848608 0.000219 
2404.681497 0.000203 
2403.514385 0.000117 
2402.347273 0.000195 
2401.180162 0.000102 
2400.013050 0.000102 
2398.845938 0.000016 
2397.678826 0.000016 
2396.511715 -0.000003 
2395.344603 -0.000059 
2394.177491 -0.000152 
2393.010379 -0.000147 
2391.843268 -0.000102 
2390.676156 -0.000165 
2389.509044 -0.000086 
2388.341932 -0.000159 
2387.174821 -0.000091 
2386.007709 -0.000106 
2384.840597 -0.000011 
2383.673485 0.000032 
2382.506374 0.000038 
2381.339262 -0.000053 
2380.172150 0.000006 
2379.005039 -0.000112 
2377.837927 0.000072 
2376.670815 0.000083 
2375.503703 0.000136 
2374.336592 0.000159 
2373.169480 0.000272 
2372.002368 0.000418 
2370.835256 0.000477 
2369.668145 0.000525 
2368.501033 0.000634 
2367.333921 0.000855 
2366.166809 0.000815 
2364.999698 0.000937 
2363.832586 0.000951 
2362.665474 0.000868 
2361.498362 0.000993 
2360.331251 0.001234 
2359.164139 0.001178 
2357.997027 0.001167 
2356.829915 0.001090 
2355.662804 0.001210 
2354.495692 0.001196 
2353.328580 0.001153 
2352.161469 0.001167 
2350.994357 0.001322 
2349.827245 0.001326 
2348.660133 0.001284 
2347.493022 0.001406 
2346.325910 0.001531 
2345.158798 0.001713 
2343.991686 0.001969 
2342.824575 0.002173 
2341.657463 0.002315 
2340.490351 0.002539 
2339.323239 0.002536 
2338.156128 0.002533 
2336.989016 0.002648 
2335.821904 0.002843 
2334.654792 0.002981 
2333.487681 0.002781 
2332.320569 0.002807 
2331.153457 0.003004 
2329.986346 0.003303 
2328.819234 0.003288 
2327.652122 0.003381 
2326.485010 0.003418 
2325.317899 0.003525 
2324.150787 0.003786 
2322.983675 0.003842 
2321.816563 0.003769 
2320.649452 0.004022 
2319.482340 0.004214 
2318.315228 0.004316 
2317.148116 0.004472 
2315.981005 0.004675 
2314.813893 0.004885 
2313.646781 0.004821 
2312.479669 0.005149 
2311.312558 0.005346 
2310.145446 0.005483 
2308.978334 0.005597 
2307.811223 0.005900 
2306.644111 0.005981 
2305.476999 0.006206 
2304.309887 0.006148 
2303.142776 0.006380 
2301.975664 0.006494 
2300.808552 0.006639 
2299.641440 0.006899 
2298.474329 0.007120 
2297.307217 0.007331 
2296.140105 0.007573 
2294.972993 0.007709 
2293.805882 0.007850 
2292.638770 0.008245 
2291.471658 0.008399 
2290.304546 0.008727 
2289.137435 0.008820 
2287.970323 0.009003 
2286.803211 0.009158 
2285.636099 0.009475 
2284.468988 0.009572 
2283.301876 0.009914 
2282.134764 0.010272 
2280.967653 0.010418 
2279.800541 0.010490 
2278.633429 0.010730 
2277.466317 0.011047 
2276.299206 0.011284 
2275.132094 0.011622 
2273.964982 0.011745 
2272.797870 0.012076 
2271.630759 0.012197 
2270.463647 0.012563 
2269.296535 0.012813 
2268.129423 0.013093 
2266.962312 0.013412 
2265.795200 0.013618 
2264.628088 0.013839 
2263.460976 0.014150 
2262.293865 0.014478 
2261.126753 0.014731 
2259.959641 0.015030 
2258.792530 0.015174 
2257.625418 0.015504 
2256.458306 0.015562 
2255.291194 0.015877 
2254.124083 0.016028 
2252.956971 0.016298 
2251.789859 0.016476 
2250.622747 0.016785 
2249.455636 0.016884 
2248.288524 0.017158 
2247.121412 0.017237 
2245.954300 0.017547 
2244.787189 0.017733 
2243.620077 0.017947 
2242.452965 0.018068 
2241.285853 0.018247 
2240.118742 0.018415 
2238.951630 0.018633 
2237.784518 0.018790 
2236.617407 0.018862 
2235.450295 0.019103 
2234.283183 0.019276 
2233.116071 0.019635 
2231.948960 0.019649 
2230.781848 0.019905 
2229.614736 0.020083 
2228.447624 0.020267 
2227.280513 0.020403 
2226.113401 0.020383 
2224.946289 0.020488 
2223.779177 0.020652 
2222.612066 0.020898 
2221.444954 0.020900 
2220.277842 0.021145 
2219.110730 0.021161 
2217.943619 0.021478 
2216.776507 0.021478 
2215.609395 0.021460 
2214.442284 0.021529 
2213.275172 0.021767 
2212.108060 0.021833 
2210.940948 0.021912 
2209.773837 0.021772 
2208.606725 0.021932 
2207.439613 0.022006 
2206.272501 0.022035 
2205.105390 0.022080 
2203.938278 0.022129 
2202.771166 0.022157 
2201.604054 0.022054 
2200.436943 0.022213 
2199.269831 0.022091 
2198.102719 0.022293 
2196.935607 0.022105 
2195.768496 0.022211 
2194.601384 0.022254 
2193.434272 0.022377 
2192.267160 0.022302 
2191.100049 0.022358 
2189.932937 0.022254 
2188.765825 0.022331 
2187.598714 0.022398 
2186.431602 0.022392 
2185.264490 0.022377 
2184.097378 0.022336 
2182.930267 0.022377 
2181.763155 0.022261 
2180.596043 0.022286 
2179.428931 0.022129 
2178.261820 0.022124 
2177.094708 0.021996 
2175.927596 0.021950 
2174.760484 0.021936 
2173.593373 0.021942 
2172.426261 0.021731 
2171.259149 0.021689 
2170.092037 0.021446 
2168.924926 0.021289 
2167.757814 0.021404 
2166.590702 0.021303 
2165.423591 0.021076 
2164.256479 0.020901 
2163.089367 0.020850 
2161.922255 0.020547 
2160.755144 0.020520 
2159.588032 0.020365 
2158.420920 0.020367 
2157.253808 0.020078 
2156.086697 0.020070 
2154.919585 0.019944 
2153.752473 0.019771 
2152.585361 0.019545 
2151.418250 0.019347 
2150.251138 0.019348 
2149.084026 0.019158 
2147.916914 0.018849 
2146.749803 0.018577 
2145.582691 0.018615 
2144.415579 0.018370 
2143.248468 0.018285 
2142.081356 0.018024 
2140.914244 0.017989 
2139.747132 0.017627 
2138.580021 0.017675 
2137.412909 0.017523 
2136.245797 0.017417 
2135.078685 0.017213 
2133.911574 0.016966 
2132.744462 0.016841 
2131.577350 0.016641 
2130.410238 0.016409 
2129.243127 0.016233 
2128.076015 0.016122 
2126.908903 0.015909 
2125.741791 0.015949 
2124.574680 0.015628 
2123.407568 0.015341 
2122.240456 0.015048 
2121.073344 0.015024 
2119.906233 0.014829 
2118.739121 0.014712 
2117.572009 0.014592 
2116.404898 0.014427 
2115.237786 0.014159 
2114.070674 0.013950 
2112.903562 0.013855 
2111.736451 0.013628 
2110.569339 0.013513 
2109.402227 0.013213 
2108.235115 0.013088 
2107.068004 0.012994 
2105.900892 0.012890 
2104.733780 0.012696 
2103.566668 0.012666 
2102.399557 0.012350 
2101.232445 0.012299 
2100.065333 0.012161 
2098.898221 0.011931 
2097.731110 0.011923 
2096.563998 0.011808 
2095.396886 0.011727 
2094.229775 0.011619 
2093.062663 0.011486 
2091.895551 0.011364 
2090.728439 0.011326 
2089.561328 0.011081 
2088.394216 0.011148 
2087.227104 0.010901 
2086.059992 0.010776 
2084.892881 0.010660 
2083.725769 0.010528 
2082.558657 0.010293 
2081.391545 0.010125 
2080.224434 0.009989 
2079.057322 0.009886 
2077.890210 0.009809 
2076.723098 0.009483 
2075.555987 0.009371 
2074.388875 0.009270 
2073.221763 0.009254 
2072.054652 0.008995 
2070.887540 0.008761 
2069.720428 0.008516 
2068.553316 0.008589 
2067.386205 0.008333 
2066.219093 0.008135 
2065.051981 0.007904 
2063.884869 0.007970 
2062.717758 0.007789 
2061.550646 0.007635 
2060.383534 0.007445 
2059.216422 0.007216 
2058.049311 0.007208 
2056.882199 0.007102 
2055.715087 0.007102 
2054.547975 0.006896 
2053.380864 0.006761 
2052.213752 0.006502 
2051.046640 0.006537 
2049.879529 0.006270 
2048.712417 0.006209 
2047.545305 0.005999 
2046.378193 0.006106 
2045.211082 0.005927 
2044.043970 0.005929 
2042.876858 0.005962 
2041.709746 0.005680 
2040.542635 0.005588 
2039.375523 0.005327 
2038.208411 0.005463 
2037.041299 0.005237 
2035.874188 0.005152 
2034.707076 0.004984 
2033.539964 0.005002 
2032.372852 0.004725 
2031.205741 0.004845 
2030.038629 0.004649 
2028.871517 0.004640 
2027.704405 0.004422 
2026.537294 0.004260 
2025.370182 0.004167 
2024.203070 0.004248 
2023.035959 0.004110 
2021.868847 0.003971 
2020.701735 0.003990 
2019.534623 0.003932 
2018.367512 0.003849 
2017.200400 0.003658 
2016.033288 0.003556 
2014.866176 0.003389 
2013.699065 0.003397 
2012.531953 0.003176 
2011.364841 0.003188 
2010.197729 0.003087 
2009.030618 0.003093 
2007.863506 0.002988 
2006.696394 0.002981 
2005.529282 0.002871 
2004.362171 0.002634 
2003.195059 0.002597 
2002.027947 0.002486 
2000.860836 0.002435 
1999.693724 0.002315 
1998.526612 0.002378 
1997.359500 0.002243 
1996.192389 0.002304 
1995.025277 0.002205 
1993.858165 0.002206 
1992.691053 0.001972 
1991.523942 0.001964 
1990.356830 0.001864 
1989.189718 0.001708 
1988.022606 0.001646 
1986.855495 0.001638 
1985.688383 0.001617 
1984.521271 0.001638 
1983.354159 0.001444 
1982.187048 0.001340 
1981.019936 0.001428 
1979.852824 0.001250 
1978.685713 0.001305 
1977.518601 0.001142 
1976.351489 0.001194 
1975.184377 0.001076 
1974.017266 0.001037 
1972.850154 0.000954 
1971.683042 0.000911 
1970.515930 0.000853 
1969.348819 0.000781 
1968.181707 0.000623 
1967.014595 0.000597 
1965.847483 0.000669 
1964.680372 0.000599 
1963.513260 0.000652 
1962.346148 0.000581 
1961.179036 0.000562 
1960.011925 0.000338 
1958.844813 0.000551 
1957.677701 0.000320 
1956.510589 0.000307 
1955.343478 0.000279 
1954.176366 0.000247 
1953.009254 0.000240 
1951.842143 0.000189 
1950.675031 0.000181 
1949.507919 0.000070 
1948.340807 0.000061 
1947.173696 0.000043 
1946.006584 0.000085 
1944.839472 -0.000106 
1943.672360 0.000024 
1942.505249 -0.000050 
1941.338137 -0.000013 
1940.171025 -0.000157 
1939.003913 -0.000067 
1937.836802 -0.000128 
1936.669690 -0.000098 
1935.502578 -0.000093 
1934.335466 0.000045 
1933.168355 -0.000046 
1932.001243 -0.000085 
1930.834131 -0.000128 
1929.667020 -0.000218 
1928.499908 0.000011 
1927.332796 -0.000010 
1926.165684 0.000086 
1924.998573 -0.000054 
1923.831461 0.000056 
1922.664349 -0.000026 
1921.497237 0.000056 
1920.330126 0.000003 
1919.163014 0.000255 
1917.995902 0.000221 
1916.828790 0.000291 
1915.661679 0.000258 
1914.494567 0.000197 
1913.327455 0.000296 
1912.160343 0.000295 
1910.993232 0.000178 
1909.826120 0.000192 
1908.659008 0.000360 
1907.491897 0.000202 
1906.324785 0.000131 
1905.157673 -0.000016 
1903.990561 0.000070 
1902.823450 0.000010 
1901.656338 0.000094 
1900.489226 0.000005 
1899.322114 0.000078 
1898.155003 -0.000056 
1896.987891 -0.000067 
1895.820779 -0.000170 
1894.653667 -0.000259 
1893.486556 -0.000144 
1892.319444 -0.000258 
1891.152332 -0.000154 
1889.985220 -0.000117 
1888.818109 0.000030 
1887.650997 -0.000086 
1886.483885 -0.000029 
1885.316774 -0.000216 
1884.149662 -0.000136 
1882.982550 -0.000167 
1881.815438 -0.000048 
1880.648327 -0.000118 
1879.481215 -0.000013 
1878.314103 -0.000094 
1877.146991 -0.000093 
1875.979880 -0.000011 
1874.812768 -0.000142 
1873.645656 -0.000024 
1872.478544 -0.000010 
1871.311433 0.000086 
1870.144321 -0.000139 
1868.977209 -0.000067 
1867.810097 -0.000130 
1866.642986 0.000131 
1865.475874 -0.000029 
1864.308762 -0.000016 
1863.141650 -0.000043 
1861.974539 -0.000006 
1860.807427 -0.000056 
1859.640315 -0.000035 
1858.473204 0.000062 
1857.306092 0.000043 
1856.138980 -0.000072 
1854.971868 -0.000194 
1853.804757 -0.000086 
1852.637645 -0.000146 
1851.470533 -0.000054 
1850.303421 -0.000122 
1849.136310 -0.000026 
1847.969198 -0.000155 
1846.802086 -0.000106 
1845.634974 -0.000062 
1844.467863 -0.000138 
1843.300751 -0.000250 
1842.133639 -0.000128 
1840.966527 -0.000118 
1839.799416 -0.000240 
1838.632304 -0.000218 
1837.465192 -0.000227 
1836.298081 -0.000186 
1835.130969 -0.000176 
1833.963857 -0.000037 
1832.796745 -0.000200 
1831.629634 -0.000088 
1830.462522 -0.000216 
1829.295410 -0.000142 
1828.128298 -0.000181 
1826.961187 -0.000110 
1825.794075 -0.000245 
1824.626963 -0.000192 
1823.459851 -0.000152 
1822.292740 -0.000069 
1821.125628 -0.000066 
1819.958516 -0.000030 
1818.791404 -0.000126 
1817.624293 -0.000056 
1816.457181 0.000184 
1815.290069 -0.000013 
1814.122958 0.000155 
1812.955846 0.000032 
1811.788734 0.000160 
1810.621622 0.000086 
1809.454511 0.000227 
1808.287399 0.000134 
1807.120287 0.000325 
1805.953175 0.000275 
1804.786064 0.000216 
1803.618952 0.000269 
1802.451840 0.000434 
1801.284728 0.000583 
1800.117617 0.000645 
1798.950505 0.000797 
1797.783393 0.000794 
1796.616281 0.000901 
1795.449170 0.001012 
1794.282058 0.001226 
1793.114946 0.001231 
1791.947835 0.001375 
1790.780723 0.001292 
1789.613611 0.001516 
1788.446499 0.001635 
1787.279388 0.001830 
1786.112276 0.001832 
1784.945164 0.002014 
1783.778052 0.002232 
1782.610941 0.002315 
1781.443829 0.002574 
1780.276717 0.002712 
1779.109605 0.002983 
1777.942494 0.003122 
1776.775382 0.003409 
1775.608270 0.003489 
1774.441158 0.003863 
1773.274047 0.003889 
1772.106935 0.004328 
1770.939823 0.004624 
1769.772711 0.004904 
1768.605600 0.005125 
1767.438488 0.005437 
1766.271376 0.005900 
1765.104265 0.006108 
1763.937153 0.006457 
1762.770041 0.006715 
1761.602929 0.007085 
1760.435818 0.007450 
1759.268706 0.008034 
1758.101594 0.008429 
1756.934482 0.008873 
1755.767371 0.009254 
1754.600259 0.009992 
1753.433147 0.010290 
1752.266035 0.010889 
1751.098924 0.011366 
1749.931812 0.012000 
1748.764700 0.012621 
1747.597588 0.013280 
1746.430477 0.013967 
1745.263365 0.014576 
1744.096253 0.015258 
1742.929142 0.015921 
1741.762030 0.016791 
1740.594918 0.017365 
1739.427806 0.018364 
1738.260695 0.019198 
1737.093583 0.020194 
1735.926471 0.021042 
1734.759359 0.021891 
1733.592248 0.022741 
1732.425136 0.023858 
1731.258024 0.024840 
1730.090912 0.025965 
1728.923801 0.027193 
1727.756689 0.028335 
1726.589577 0.029534 
1725.422465 0.030603 
1724.255354 0.031880 
1723.088242 0.032983 
1721.921130 0.034355 
1720.754019 0.035485 
1719.586907 0.036844 
1718.419795 0.037971 
1717.252683 0.039283 
1716.085572 0.040680 
1714.918460 0.041977 
1713.751348 0.043261 
1712.584236 0.044688 
1711.417125 0.045997 
1710.250013 0.047212 
1709.082901 0.048570 
1707.915789 0.049893 
1706.748678 0.051194 
1705.581566 0.052350 
1704.414454 0.053642 
1703.247342 0.054923 
1702.080231 0.056369 
1700.913119 0.057244 
1699.746007 0.058496 
1698.578895 0.059718 
1697.411784 0.061050 
1696.244672 0.061908 
1695.077560 0.063085 
1693.910449 0.064286 
1692.743337 0.065490 
1691.576225 0.066426 
1690.409113 0.067478 
1689.242002 0.068608 
1688.074890 0.069516 
1686.907778 0.070482 
1685.740666 0.071101 
1684.573555 0.071969 
1683.406443 0.072874 
1682.239331 0.073905 
1681.072219 0.074479 
1679.905108 0.075418 
1678.737996 0.076007 
1677.570884 0.076702 
1676.403772 0.077291 
1675.236661 0.077774 
1674.069549 0.078436 
1672.902437 0.078786 
1671.735326 0.079233 
1670.568214 0.079591 
1669.401102 0.079926 
1668.233990 0.080209 
1667.066879 0.080669 
1665.899767 0.080711 
1664.732655 0.081052 
1663.565543 0.081143 
1662.398432 0.081274 
1661.231320 0.081365 
1660.064208 0.081673 
1658.897096 0.081692 
1657.729985 0.081678 
1656.562873 0.081681 
1655.395761 0.081835 
1654.228649 0.081713 
1653.061538 0.081343 
1651.894426 0.081586 
1650.727314 0.081551 
1649.560203 0.081598 
1648.393091 0.081425 
1647.225979 0.081469 
1646.058867 0.081052 
1644.891756 0.081225 
1643.724644 0.080999 
1642.557532 0.080887 
1641.390420 0.080539 
1640.223309 0.080152 
1639.056197 0.079764 
1637.889085 0.079465 
1636.721973 0.079039 
1635.554862 0.078368 
1634.387750 0.078138 
1633.220638 0.077565 
1632.053526 0.077035 
1630.886415 0.076434 
1629.719303 0.075972 
1628.552191 0.075190 
1627.385080 0.074567 
1626.217968 0.073988 
1625.050856 0.073464 
1623.883744 0.072598 
1622.716633 0.072136 
1621.549521 0.071452 
1620.382409 0.070924 
1619.215297 0.070232 
1618.048186 0.069644 
1616.881074 0.069052 
1615.713962 0.068650 
1614.546850 0.068141 
1613.379739 0.067480 
1612.212627 0.067257 
1611.045515 0.066766 
1609.878403 0.066332 
1608.711292 0.065909 
1607.544180 0.065627 
1606.377068 0.065126 
1605.209956 0.064704 
1604.042845 0.064454 
1602.875733 0.064186 
1601.708621 0.063684 
1600.541510 0.063348 
1599.374398 0.063106 
1598.207286 0.062806 
1597.040174 0.062521 
1595.873063 0.062023 
1594.705951 0.061875 
1593.538839 0.061553 
1592.371727 0.061333 
1591.204616 0.060962 
1590.037504 0.060794 
1588.870392 0.060312 
1587.703280 0.060150 
1586.536169 0.059857 
1585.369057 0.059660 
1584.201945 0.059228 
1583.034833 0.059062 
1581.867722 0.058802 
1580.700610 0.058495 
1579.533498 0.058335 
1578.366387 0.057960 
1577.199275 0.057837 
1576.032163 0.057451 
1574.865051 0.057363 
1573.697940 0.056926 
1572.530828 0.056822 
1571.363716 0.056486 
1570.196604 0.056239 
1569.029493 0.055888 
1567.862381 0.055824 
1566.695269 0.055536 
1565.528157 0.055221 
1564.361046 0.054961 
1563.193934 0.054771 
1562.026822 0.054542 
1560.859710 0.054036 
1559.692599 0.053807 
1558.525487 0.053605 
1557.358375 0.053496 
1556.191264 0.053200 
1555.024152 0.052976 
1553.857040 0.052654 
1552.689928 0.052611 
1551.522817 0.052142 
1550.355705 0.052108 
1549.188593 0.051870 
1548.021481 0.051719 
1546.854370 0.051442 
1545.687258 0.051196 
1544.520146 0.050967 
1543.353034 0.050735 
1542.185923 0.050352 
1541.018811 0.050043 
1539.851699 0.049673 
1538.684587 0.049385 
1537.517476 0.049563 
1536.350364 0.049292 
1535.183252 0.049151 
1534.016140 0.048910 
1532.849029 0.048785 
1531.681917 0.048407 
1530.514805 0.048312 
1529.347694 0.048079 
1528.180582 0.047890 
1527.013470 0.047626 
1525.846358 0.047329 
1524.679247 0.047262 
1523.512135 0.046955 
1522.345023 0.046756 
1521.177911 0.046454 
1520.010800 0.046458 
1518.843688 0.046164 
1517.676576 0.046031 
1516.509464 0.045783 
1515.342353 0.045643 
1514.175241 0.045296 
1513.008129 0.045219 
1511.841017 0.044915 
1510.673906 0.044729 
1509.506794 0.044465 
1508.339682 0.044271 
1507.172571 0.043950 
1506.005459 0.043714 
1504.838347 0.043797 
1503.671235 0.043578 
1502.504124 0.043450 
1501.337012 0.043144 
1500.169900 0.043071 
1499.002788 0.042734 
1497.835677 0.042885 
1496.668565 0.042630 
1495.501453 0.042819 
1494.334341 0.042742 
1493.167230 0.042822 
1492.000118 0.043051 
1490.833006 0.043463 
1489.665894 0.043838 
1488.498783 0.044122 
1487.331671 0.044387 
1486.164559 0.044404 
1484.997448 0.044603 
1483.830336 0.044428 
1482.663224 0.044584 
1481.496112 0.044622 
1480.329001 0.044787 
1479.161889 0.044614 
1477.994777 0.044401 
1476.827665 0.043954 
1475.660554 0.043655 
1474.493442 0.043304 
1473.326330 0.043341 
1472.159218 0.043272 
1470.992107 0.043583 
1469.824995 0.043828 
1468.657883 0.044188 
1467.490771 0.044782 
1466.323660 0.045226 
1465.156548 0.046017 
1463.989436 0.046984 
1462.822325 0.048032 
1461.655213 0.048825 
1460.488101 0.049805 
1459.320989 0.050423 
1458.153878 0.050784 
1456.986766 0.050663 
1455.819654 0.050579 
1454.652542 0.050000 
1453.485431 0.049635 
1452.318319 0.049297 
1451.151207 0.048801 
1449.984095 0.048114 
1448.816984 0.047265 
1447.649872 0.046460 
1446.482760 0.045467 
1445.315648 0.044931 
1444.148537 0.044612 
1442.981425 0.044878 
1441.814313 0.045037 
1440.647201 0.045733 
1439.480090 0.046257 
1438.312978 0.046707 
1437.145866 0.046735 
1435.978755 0.046943 
1434.811643 0.047140 
1433.644531 0.046974 
1432.477419 0.046719 
1431.310308 0.046311 
1430.143196 0.046026 
1428.976084 0.045576 
1427.808972 0.045307 
1426.641861 0.044542 
1425.474749 0.043873 
1424.307637 0.043040 
1423.140525 0.042552 
1421.973414 0.041817 
1420.806302 0.041092 
1419.639190 0.040224 
1418.472078 0.039817 
1417.304967 0.039134 
1416.137855 0.038424 
1414.970743 0.037744 
1413.803632 0.037028 
1412.636520 0.036345 
1411.469408 0.035669 
1410.302296 0.035154 
1409.135185 0.034476 
1407.968073 0.034018 
1406.800961 0.033413 
1405.633849 0.033095 
1404.466738 0.032477 
1403.299626 0.032027 
1402.132514 0.031486 
1400.965402 0.031116 
1399.798291 0.030695 
1398.631179 0.030195 
1397.464067 0.029880 
1396.296955 0.029568 
1395.129844 0.029388 
1393.962732 0.029359 
1392.795620 0.029777 
1391.628509 0.030586 
1390.461397 0.032301 
1389.294285 0.034590 
1388.127173 0.037358 
1386.960062 0.039499 
1385.792950 0.040821 
1384.625838 0.040586 
1383.458726 0.039825 
1382.291615 0.038934 
1381.124503 0.038689 
1379.957391 0.038673 
1378.790279 0.038389 
1377.623168 0.037594 
1376.456056 0.036001 
1375.288944 0.034014 
1374.121832 0.031737 
1372.954721 0.030062 
1371.787609 0.028489 
1370.620497 0.027395 
1369.453385 0.026350 
1368.286274 0.025861 
1367.119162 0.025463 
1365.952050 0.025445 
1364.784939 0.025503 
1363.617827 0.025557 
1362.450715 0.025498 
1361.283603 0.025368 
1360.116492 0.025122 
1358.949380 0.024821 
1357.782268 0.024622 
1356.615156 0.024311 
1355.448045 0.024440 
1354.280933 0.024401 
1353.113821 0.024691 
1351.946709 0.024976 
1350.779598 0.025559 
1349.612486 0.025965 
1348.445374 0.026646 
1347.278262 0.027291 
1346.111151 0.027995 
1344.944039 0.028400 
1343.776927 0.028990 
1342.609816 0.029540 
1341.442704 0.029968 
1340.275592 0.030123 
1339.108480 0.030205 
1337.941369 0.030283 
1336.774257 0.030026 
1335.607145 0.029726 
1334.440033 0.029249 
1333.272922 0.028820 
1332.105810 0.028253 
1330.938698 0.027813 
1329.771586 0.027083 
1328.604475 0.026623 
1327.437363 0.026025 
1326.270251 0.025546 
1325.103139 0.024888 
1323.936028 0.024406 
1322.768916 0.023737 
1321.601804 0.023154 
1320.434693 0.022675 
1319.267581 0.022126 
1318.100469 0.021615 
1316.933357 0.020964 
1315.766246 0.020626 
1314.599134 0.020059 
1313.432022 0.019627 
1312.264910 0.019046 
1311.097799 0.018621 
1309.930687 0.018160 
1308.763575 0.017853 
1307.596463 0.017357 
1306.429352 0.017011 
1305.262240 0.016609 
1304.095128 0.016185 
1302.928016 0.015727 
1301.760905 0.015351 
1300.593793 0.015138 
1299.426681 0.014609 
1298.259570 0.014425 
1297.092458 0.014031 
1295.925346 0.013942 
1294.758234 0.013713 
1293.591123 0.013596 
1292.424011 0.013344 
1291.256899 0.013364 
1290.089787 0.013109 
1288.922676 0.013087 
1287.755564 0.013047 
1286.588452 0.013119 
1285.421340 0.013218 
1284.254229 0.013425 
1283.087117 0.013772 
1281.920005 0.013999 
1280.752893 0.014574 
1279.585782 0.014806 
1278.418670 0.015222 
1277.251558 0.015150 
1276.084446 0.015133 
1274.917335 0.014467 
1273.750223 0.013914 
1272.583111 0.013100 
1271.416000 0.012438 
1270.248888 0.011705 
1269.081776 0.011106 
1267.914664 0.010456 
1266.747553 0.009992 
1265.580441 0.009745 
1264.413329 0.009300 
1263.246217 0.009127 
1262.079106 0.008772 
1260.911994 0.008573 
1259.744882 0.008385 
1258.577770 0.008258 
1257.410659 0.007949 
1256.243547 0.007917 
1255.076435 0.007544 
1253.909323 0.007456 
1252.742212 0.007177 
1251.575100 0.007070 
1250.407988 0.006940 
1249.240877 0.006785 
1248.073765 0.006671 
1246.906653 0.006476 
1245.739541 0.006369 
1244.572430 0.006079 
1243.405318 0.006018 
1242.238206 0.005762 
1241.071094 0.005773 
1239.903983 0.005461 
1238.736871 0.005411 
1237.569759 0.005218 
1236.402647 0.005118 
1235.235536 0.004949 
1234.068424 0.004917 
1232.901312 0.004729 
1231.734200 0.004577 
1230.567089 0.004372 
1229.399977 0.004217 
1228.232865 0.004278 
1227.065754 0.003988 
1225.898642 0.004076 
1224.731530 0.003873 
1223.564418 0.003842 
1222.397307 0.003509 
1221.230195 0.003532 
1220.063083 0.003244 
1218.895971 0.003264 
1217.728860 0.003116 
1216.561748 0.003112 
1215.394636 0.002866 
1214.227524 0.002885 
1213.060413 0.002656 
1211.893301 0.002630 
1210.726189 0.002472 
1209.559077 0.002275 
1208.391966 0.002286 
1207.224854 0.002085 
1206.057742 0.002168 
1204.890630 0.001897 
1203.723519 0.001809 
1202.556407 0.001659 
1201.389295 0.001768 
1200.222184 0.001435 
1199.055072 0.001394 
1197.887960 0.001439 
1196.720848 0.001346 
1195.553737 0.001202 
1194.386625 0.001142 
1193.219513 0.001132 
1192.052401 0.000996 
1190.885290 0.000884 
1189.718178 0.000639 
1188.551066 0.000722 
1187.383954 0.000536 
1186.216843 0.000682 
1185.049731 0.000371 
1183.882619 0.000528 
1182.715507 0.000482 
1181.548396 0.000538 
1180.381284 0.000466 
1179.214172 0.000474 
1178.047061 0.000221 
1176.879949 0.000168 
1175.712837 0.000026 
1174.545725 0.000085 
1173.378614 -0.000002 
1172.211502 -0.000062 
1171.044390 0.000024 
1169.877278 0.000125 
1168.710167 0.000283 
1167.543055 0.000328 
1166.375943 0.000834 
1165.208831 0.001209 
1164.041720 0.001848 
1162.874608 0.001956 
1161.707496 0.002040 
1160.540384 0.001716 
1159.373273 0.001390 
1158.206161 0.001225 
1157.039049 0.000956 
1155.871938 0.000767 
1154.704826 0.000621 
1153.537714 0.000660 
1152.370602 0.000509 
1151.203491 0.000482 
1150.036379 0.000298 
1148.869267 0.000469 
1147.702155 0.000363 
1146.535044 0.000488 
1145.367932 0.000443 
1144.200820 0.000575 
1143.033708 0.000596 
1141.866597 0.000794 
1140.699485 0.001034 
1139.532373 0.001310 
1138.365261 0.001558 
1137.198150 0.001846 
1136.031038 0.002045 
1134.863926 0.002102 
1133.696815 0.002278 
1132.529703 0.002285 
1131.362591 0.002450 
1130.195479 0.002248 
1129.028368 0.002360 
1127.861256 0.002139 
1126.694144 0.001913 
1125.527032 0.001627 
1124.359921 0.001555 
1123.192809 0.001230 
1122.025697 0.000929 
1120.858585 0.000693 
1119.691474 0.000469 
1118.524362 0.000178 
1117.357250 0.000170 
1116.190138 0.000165 
1115.023027 0.000030 
1113.855915 0.000043 
1112.688803 -0.000235 
1111.521691 0.000024 
1110.354580 -0.000234 
1109.187468 -0.000058 
1108.020356 0.000061 
1106.853245 0.000231 
1105.686133 0.000351 
1104.519021 0.000815 
1103.351909 0.001106 
1102.184798 0.001937 
1101.017686 0.003221 
1099.850574 0.005048 
1098.683462 0.007899 
1097.516351 0.011450 
1096.349239 0.016410 
1095.182127 0.021585 
1094.015015 0.026948 
1092.847904 0.031284 
1091.680792 0.034584 
1090.513680 0.035724 
1089.346568 0.035174 
1088.179457 0.032944 
1087.012345 0.030005 
1085.845233 0.026314 
1084.678122 0.022522 
1083.511010 0.018876 
1082.343898 0.015869 
1081.176786 0.013215 
1080.009675 0.010730 
1078.842563 0.008710 
1077.675451 0.006972 
1076.508339 0.005690 
1075.341228 0.004364 
1074.174116 0.003503 
1073.007004 0.002571 
1071.839892 0.001924 
1070.672781 0.001194 
1069.505669 0.000962 
1068.338557 0.000493 
1067.171445 0.000381 
1066.004334 0.000279 
1064.837222 0.000139 
1063.670110 0.000051 
1062.502999 0.000208 
1061.335887 0.001089 
1060.168775 0.002267 
1059.001663 0.004249 
1057.834552 0.007187 
1056.667440 0.011891 
1055.500328 0.017634 
1054.333216 0.025131 
1053.166105 0.033716 
1051.998993 0.043271 
1050.831881 0.053480 
1049.664769 0.064334 
1048.497658 0.074550 
1047.330546 0.083524 
1046.163434 0.090161 
1044.996322 0.093712 
1043.829211 0.093826 
1042.662099 0.090464 
1041.494987 0.084223 
1040.327875 0.075286 
1039.160764 0.065029 
1037.993652 0.054004 
1036.826540 0.043577 
1035.659429 0.033828 
1034.492317 0.025788 
1033.325205 0.019388 
1032.158093 0.014637 
1030.990982 0.011081 
1029.823870 0.008429 
1028.656758 0.006603 
1027.489646 0.005322 
1026.322535 0.004380 
1025.155423 0.003453 
1023.988311 0.002922 
1022.821199 0.002198 
1021.654088 0.001755 
1020.486976 0.001286 
1019.319864 0.000885 
1018.152752 0.000346 
1016.985641 0.000282 
1015.818529 -0.000093 
1014.651417 -0.000030 
1013.484306 -0.000280 
1012.317194 -0.000264 
1011.150082 -0.000327 
1009.982970 -0.000427 
1008.815859 -0.000343 
1007.648747 -0.000243 
1006.481635 -0.000104 
1005.314523 0.000061 
1004.147412 0.000331 
1002.980300 0.000405 
1001.813188 0.000826 
1000.646076 0.000817 
999.478965 0.001337 
998.311853 0.001563 
997.144741 0.001990 
995.977629 0.002477 
994.810518 0.003024 
993.643406 0.003375 
992.476294 0.003890 
991.309183 0.004430 
990.142071 0.005162 
988.974959 0.005812 
987.807847 0.006454 
986.640736 0.007189 
985.473624 0.007935 
984.306512 0.008892 
983.139400 0.009737 
981.972289 0.010857 
980.805177 0.011675 
979.638065 0.012845 
978.470953 0.013826 
977.303842 0.015088 
976.136730 0.016194 
974.969618 0.017434 
973.802506 0.018689 
972.635395 0.020085 
971.468283 0.021426 
970.301171 0.022863 
969.134060 0.024337 
967.966948 0.025887 
966.799836 0.027773 
965.632724 0.029231 
964.465613 0.030928 
963.298501 0.032501 
962.131389 0.034464 
960.964277 0.036047 
959.797166 0.037995 
958.630054 0.039705 
957.462942 0.041707 
956.295830 0.043629 
955.128719 0.045775 
953.961607 0.047720 
952.794495 0.049691 
951.627383 0.051835 
950.460272 0.054041 
949.293160 0.056258 
948.126048 0.058223 
946.958936 0.060445 
945.791825 0.062395 
944.624713 0.064595 
943.457601 0.066766 
942.290490 0.069233 
941.123378 0.071341 
939.956266 0.073812 
938.789154 0.075901 
937.622043 0.078341 
936.454931 0.080512 
935.287819 0.082717 
934.120707 0.085118 
932.953596 0.087340 
931.786484 0.089812 
930.619372 0.092111 
929.452260 0.094415 
928.285149 0.096615 
927.118037 0.099085 
925.950925 0.101280 
924.783813 0.103813 
923.616702 0.105891 
922.449590 0.108166 
921.282478 0.110550 
920.115367 0.113038 
918.948255 0.115158 
917.781143 0.117406 
916.614031 0.119697 
915.446920 0.121860 
914.279808 0.124079 
913.112696 0.126410 
911.945584 0.128784 
910.778473 0.130803 
909.611361 0.133046 
908.444249 0.135204 
907.277137 0.137681 
906.110026 0.140022 
904.942914 0.142348 
903.775802 0.144394 
902.608690 0.146690 
901.441579 0.148560 
900.274467 0.150805 
899.107355 0.152928 
897.940244 0.155211 
896.773132 0.157465 
895.606020 0.159559 
894.438908 0.161959 
893.271797 0.164301 
892.104685 0.166809 
890.937573 0.169167 
889.770461 0.172030 
888.603350 0.174979 
887.436238 0.178474 
886.269126 0.181802 
885.102014 0.185299 
883.934903 0.188776 
882.767791 0.192971 
881.600679 0.196973 
880.433567 0.200909 
879.266456 0.204553 
878.099344 0.207769 
876.932232 0.209964 
875.765121 0.211064 
874.598009 0.211213 
873.430897 0.210212 
872.263785 0.209088 
871.096674 0.207723 
869.929562 0.207021 
868.762450 0.206419 
867.595338 0.206519 
866.428227 0.206863 
865.261115 0.207703 
864.094003 0.208358 
862.926891 0.209802 
861.759780 0.210957 
860.592668 0.212218 
859.425556 0.213409 
858.258444 0.214697 
857.091333 0.216162 
855.924221 0.217156 
854.757109 0.218642 
853.589997 0.219948 
852.422886 0.221466 
851.255774 0.222665 
850.088662 0.223733 
848.921551 0.224790 
847.754439 0.225960 
846.587327 0.227159 
845.420215 0.228560 
844.253104 0.229597 
843.085992 0.230813 
841.918880 0.231631 
840.751768 0.232851 
839.584657 0.234162 
838.417545 0.235095 
837.250433 0.236165 
836.083321 0.236903 
834.916210 0.238115 
833.749098 0.239316 
832.581986 0.239959 
831.414874 0.240601 
830.247763 0.241687 
829.080651 0.242353 
827.913539 0.243076 
826.746428 0.243694 
825.579316 0.244314 
824.412204 0.244919 
823.245092 0.245697 
822.077981 0.246536 
820.910869 0.247156 
819.743757 0.247414 
818.576645 0.247791 
817.409534 0.248285 
816.242422 0.248605 
815.075310 0.249007 
813.908198 0.249303 
812.741087 0.250079 
811.573975 0.250619 
810.406863 0.251342 
809.239751 0.252031 
808.072640 0.252923 
806.905528 0.253413 
805.738416 0.253995 
804.571305 0.254460 
803.404193 0.255158 
802.237081 0.255247 
801.069969 0.255524 
799.902858 0.256089 
798.735746 0.256272 
797.568634 0.256333 
796.401522 0.256101 
795.234411 0.255856 
794.067299 0.255752 
792.900187 0.256016 
791.733075 0.255620 
790.565964 0.255491 
789.398852 0.254887 
788.231740 0.254863 
787.064628 0.254737 
785.897517 0.254192 
784.730405 0.253733 
783.563293 0.253629 
782.396181 0.253276 
781.229070 0.252779 
780.061958 0.252097 
778.894846 0.251587 
777.727735 0.251459 
776.560623 0.250777 
775.393511 0.250097 
774.226399 0.249517 
773.059288 0.249284 
771.892176 0.248621 
770.725064 0.248024 
769.557952 0.247101 
768.390841 0.246219 
767.223729 0.245494 
766.056617 0.244687 
764.889505 0.244042 
763.722394 0.243257 
762.555282 0.242543 
761.388170 0.241570 
760.221058 0.240553 
759.053947 0.239368 
757.886835 0.238595 
756.719723 0.237795 
755.552612 0.236674 
754.385500 0.235291 
753.218388 0.234578 
752.051276 0.233270 
750.884165 0.232084 
749.717053 0.230798 
748.549941 0.229709 
747.382829 0.228661 
746.215718 0.227468 
745.048606 0.226091 
743.881494 0.224836 
742.714382 0.223629 
741.547271 0.221993 
740.380159 0.220768 
739.213047 0.219277 
738.045935 0.218145 
736.878824 0.216288 
735.711712 0.214857 
734.544600 0.213277 
733.377489 0.211853 
732.210377 0.210079 
731.043265 0.208390 
729.876153 0.207105 
728.709042 0.205587 
727.541930 0.203915 
726.374818 0.202431 
725.207706 0.200579 
724.040595 0.198912 
722.873483 0.197332 
721.706371 0.195934 
720.539259 0.194100 
719.372148 0.192210 
718.205036 0.190553 
717.037924 0.188810 
715.870812 0.187175 
714.703701 0.185339 
713.536589 0.183837 
712.369477 0.182170 
711.202366 0.180222 
710.035254 0.178261 
708.868142 0.176700 
707.701030 0.175055 
706.533919 0.173077 
705.366807 0.171480 
704.199695 0.169490 
703.032583 0.167728 
701.865472 0.165635 
700.698360 0.163941 
699.531248 0.162055 
698.364136 0.160212 
697.197025 0.158362 
696.029913 0.156756 
694.862801 0.154691 
693.695689 0.153046 
692.528578 0.151319 
691.361466 0.149156 
690.194354 0.147643 
689.027242 0.145683 
687.860131 0.143866 
686.693019 0.142159 
685.525907 0.140419 
684.358796 0.138198 
683.191684 0.136423 
682.024572 0.134450 
680.857460 0.132896 
679.690349 0.131133 
678.523237 0.129265 
677.356125 0.127283 
676.189013 0.125709 
675.021902 0.123735 
673.854790 0.121607 
672.687678 0.120136 
671.520566 0.118141 
670.353455 0.116280 
669.186343 0.114593 
668.019231 0.113051 
666.852119 0.111348 
665.685008 0.109915 
664.517896 0.108237 
663.350784 0.106541 
662.183673 0.104644 
661.016561 0.103086 
659.849449 0.101386 
658.682337 0.099707 
657.515226 0.098024 
656.348114 0.096301 
655.181002 0.094484 
654.013890 0.093125 
652.846779 0.091647 
651.679667 0.089795 
650.512555 0.088468 
649.345443 0.087257 
648.178332 0.085456 
647.011220 0.083789 
645.844108 0.082280 
644.676996 0.080760 
643.509885 0.079268 
642.342773 0.077545 
641.175661 0.075586 
640.008550 0.074617 
638.841438 0.073288 
637.674326 0.071908 
636.507214 0.070145 
635.340103 0.068940 
634.172991 0.067544 
633.005879 0.066096 
631.838767 0.064889 
630.671656 0.063831 
629.504544 0.062405 
628.337432 0.060855 
627.170320 0.059449 
626.003209 0.058226 
624.836097 0.056790 
623.668985 0.055504 
622.501873 0.054057 
621.334762 0.052539 
620.167650 0.051164 
619.000538 0.050235 
617.833426 0.049034 
616.666315 0.047627 
615.499203 0.046114 
614.332091 0.045157 
613.164980 0.043951 
611.997868 0.042728 
610.830756 0.041675 
609.663644 0.040570 
608.496533 0.039580 
607.329421 0.038130 
606.162309 0.037188 
604.995197 0.036146 
603.828086 0.034657 
602.660974 0.033958 
601.493862 0.033594 
600.326750 0.032017 
599.159639 0.030818 
597.992527 0.030010 
596.825415 0.028850 
595.658303 0.028216 
594.491192 0.027363 
593.324080 0.026615 
592.156968 0.025919 
590.989857 0.025198 
589.822745 0.023695 
588.655633 0.023114 
587.488521 0.022205 
586.321410 0.021444 
585.154298 0.020439 
583.987186 0.019007 
582.820074 0.018774 
581.652963 0.017734 
580.485851 0.017466 
579.318739 0.016588 
578.151627 0.016162 
576.984516 0.016271 
575.817404 0.015179 
574.650292 0.013210 
573.483180 0.012890 
572.316069 0.012334 
571.148957 0.011415 
569.981845 0.010863 
568.814734 0.009819 
567.647622 0.008618 
566.480510 0.008471 
565.313398 0.007044 
564.146287 0.006655 
562.979175 0.005424 
561.812063 0.004749 
560.644951 0.004540 
559.477840 0.005893 
558.310728 0.004619 
557.143616 0.004091 
555.976504 0.002677 
554.809393 0.000506 
553.642281 0.002576 
552.475169 0.002677 
551.308057 0.000114 
550.140946 0.001580 
548.973834 0.002134 
547.806722 -0.000584 
546.639611 0.000152 
545.472499 -0.000050 
544.305387 0.000126 
543.138275 -0.003409 
541.971164 -0.005959 
540.804052 -0.004252 
539.636940 -0.004669 
538.469828 -0.000240 
537.302717 -0.000876 
536.135605 -0.002850 
534.968493 -0.002445 
533.801381 -0.001479 
532.634270 -0.002440 
531.467158 -0.000780 
530.300046 0.000471 
529.132934 0.000719 
527.965823 -0.000034 
526.798711 0.000757 
525.631599 -0.000392 
524.464487 -0.001335 
523.297376 0.000002 
522.130264 0.000243 
520.963152 -0.000054 
519.796041 -0.002041 
518.628929 -0.000400 
517.461817 -0.000290 
516.294705 0.000242 
515.127594 0.000045 
513.960482 -0.001569 
512.793370 -0.001060 
511.626258 0.001028 
510.459147 0.000419 
509.292035 0.000283 
508.124923 0.000424 
506.957811 -0.000716 
505.790700 0.000597 
504.623588 0.004979 
503.456476 -0.001241 
502.289364 -0.001590 
501.122253 -0.000083 
499.955141 -0.002557 
