3999.700000 0.001061 
3998.383045 0.000000 
3997.066091 0.000778 
3995.749136 0.001061 
3994.432181 0.001061 
3993.115227 0.001061 
3991.798272 0.001061 
3990.481317 0.001061 
3989.164363 0.001061 
3987.847408 0.001061 
3986.530453 0.001061 
3985.213499 0.001061 
3983.896544 0.001061 
3982.579590 0.001061 
3981.262635 0.001061 
3979.945680 0.001061 
3978.628726 0.001061 
3977.311771 0.001061 
3975.994816 0.001061 
3974.677862 0.001061 
3973.360907 0.001061 
3972.043952 0.001061 
3970.726998 0.001061 
3969.410043 0.001061 
3968.093088 0.001061 
3966.776134 0.001061 
3965.459179 0.000541 
3964.142224 0.000910 
3962.825270 0.001061 
3961.508315 0.001061 
3960.191360 0.001061 
3958.874406 0.000346 
3957.557451 0.001061 
3956.240496 0.001061 
3954.923542 0.001061 
3953.606587 0.001061 
3952.289633 0.001061 
3950.972678 0.001061 
3949.655723 0.001061 
3948.338769 0.000783 
3947.021814 0.000615 
3945.704859 0.000005 
3944.387905 0.001061 
3943.070950 0.001061 
3941.753995 0.001007 
3940.437041 0.000490 
3939.120086 0.001061 
3937.803131 0.000851 
3936.486177 0.000546 
3935.169222 0.000080 
3933.852267 0.000263 
3932.535313 0.001061 
3931.218358 0.000020 
3929.901403 0.000000 
3928.584449 0.000000 
3927.267494 0.000000 
3925.950540 0.000000 
3924.633585 0.000000 
3923.316630 0.000000 
3921.999676 0.000000 
3920.682721 0.000000 
3919.365766 0.000000 
3918.048812 0.000000 
3916.731857 0.000000 
3915.414902 0.000000 
3914.097948 0.000000 
3912.780993 0.000000 
3911.464038 0.000000 
3910.147084 0.000000 
3908.830129 0.000000 
3907.513174 0.000000 
3906.196220 0.000000 
3904.879265 0.000719 
3903.562310 0.000000 
3902.245356 0.000000 
3900.928401 0.000000 
3899.611446 0.000000 
3898.294492 0.000000 
3896.977537 0.000000 
3895.660583 0.000000 
3894.343628 0.000000 
3893.026673 0.000000 
3891.709719 0.000000 
3890.392764 0.000000 
3889.075809 0.000000 
3887.758855 0.000000 
3886.441900 0.000000 
3885.124945 0.000000 
3883.807991 0.000205 
3882.491036 0.001061 
3881.174081 0.000088 
3879.857127 0.000000 
3878.540172 0.000000 
3877.223217 0.000000 
3875.906263 0.000000 
3874.589308 0.000000 
3873.272353 0.001061 
3871.955399 0.000590 
3870.638444 0.000807 
3869.321489 0.001061 
3868.004535 0.001061 
3866.687580 0.001061 
3865.370626 0.001061 
3864.053671 0.001061 
3862.736716 0.001061 
3861.419762 0.001061 
3860.102807 0.001061 
3858.785852 0.001061 
3857.468898 0.001061 
3856.151943 0.001061 
3854.834988 0.001061 
3853.518034 0.001061 
3852.201079 0.001061 
3850.884124 0.001061 
3849.567170 0.001061 
3848.250215 0.001061 
3846.933260 0.001061 
3845.616306 0.001061 
3844.299351 0.000954 
3842.982396 0.000493 
3841.665442 0.001061 
3840.348487 0.000795 
3839.031533 0.000602 
3837.714578 0.001061 
3836.397623 0.000322 
3835.080669 0.001061 
3833.763714 0.000039 
3832.446759 0.001061 
3831.129805 0.000244 
3829.812850 0.000958 
3828.495895 0.000534 
3827.178941 0.000190 
3825.861986 0.000254 
3824.545031 0.000407 
3823.228077 0.000000 
3821.911122 0.001061 
3820.594167 0.000312 
3819.277213 0.000027 
3817.960258 0.001061 
3816.643303 0.001061 
3815.326349 0.000876 
3814.009394 0.000000 
3812.692439 0.000000 
3811.375485 0.000000 
3810.058530 0.000639 
3808.741576 0.000044 
3807.424621 0.000663 
3806.107666 0.000000 
3804.790712 0.001061 
3803.473757 0.001061 
3802.156802 0.001061 
3800.839848 0.000000 
3799.522893 0.000563 
3798.205938 0.001061 
3796.888984 0.000000 
3795.572029 0.000000 
3794.255074 0.001061 
3792.938120 0.001061 
3791.621165 0.001061 
3790.304210 0.000000 
3788.987256 0.000485 
3787.670301 0.000180 
3786.353346 0.000173 
3785.036392 0.001061 
3783.719437 0.001061 
3782.402482 0.001061 
3781.085528 0.001061 
3779.768573 0.001061 
3778.451619 0.001061 
3777.134664 0.001061 
3775.817709 0.001061 
3774.500755 0.001061 
3773.183800 0.001061 
3771.866845 0.001061 
3770.549891 0.001061 
3769.232936 0.001061 
3767.915981 0.001061 
3766.599027 0.000354 
3765.282072 0.001061 
3763.965117 0.001061 
3762.648163 0.001061 
3761.331208 0.001061 
3760.014253 0.001061 
3758.697299 0.001061 
3757.380344 0.000827 
3756.063389 0.000632 
3754.746435 0.001061 
3753.429480 0.001061 
3752.112526 0.000332 
3750.795571 0.001061 
3749.478616 0.000615 
3748.161662 0.000871 
3746.844707 0.001061 
3745.527752 0.001061 
3744.210798 0.001061 
3742.893843 0.001061 
3741.576888 0.001061 
3740.259934 0.001061 
3738.942979 0.001061 
3737.626024 0.001061 
3736.309070 0.001061 
3734.992115 0.001061 
3733.675160 0.001061 
3732.358206 0.001061 
3731.041251 0.001061 
3729.724296 0.001061 
3728.407342 0.001061 
3727.090387 0.001061 
3725.773432 0.001061 
3724.456478 0.001061 
3723.139523 0.001061 
3721.822569 0.001061 
3720.505614 0.001061 
3719.188659 0.001061 
3717.871705 0.001061 
3716.554750 0.001061 
3715.237795 0.001061 
3713.920841 0.000295 
3712.603886 0.001061 
3711.286931 0.000015 
3709.969977 0.001061 
3708.653022 0.001061 
3707.336067 0.001061 
3706.019113 0.001061 
3704.702158 0.001061 
3703.385203 0.001061 
3702.068249 0.001061 
3700.751294 0.001061 
3699.434339 0.001061 
3698.117385 0.000337 
3696.800430 0.000000 
3695.483475 0.000000 
3694.166521 0.000000 
3692.849566 0.000000 
3691.532612 0.000000 
3690.215657 0.000000 
3688.898702 0.000000 
3687.581748 0.000000 
3686.264793 0.000000 
3684.947838 0.000000 
3683.630884 0.000000 
3682.313929 0.000000 
3680.996974 0.000000 
3679.680020 0.000000 
3678.363065 0.001061 
3677.046110 0.001061 
3675.729156 0.001061 
3674.412201 0.000305 
3673.095246 0.001061 
3671.778292 0.001061 
3670.461337 0.001061 
3669.144382 0.001061 
3667.827428 0.001061 
3666.510473 0.001061 
3665.193519 0.000205 
3663.876564 0.001061 
3662.559609 0.001061 
3661.242655 0.001061 
3659.925700 0.001061 
3658.608745 0.001756 
3657.291791 0.002109 
3655.974836 0.001061 
3654.657881 0.001846 
3653.340927 0.002119 
3652.023972 0.002119 
3650.707017 0.002119 
3649.390063 0.002119 
3648.073108 0.002119 
3646.756153 0.002119 
3645.439199 0.002119 
3644.122244 0.002841 
3642.805289 0.003183 
3641.488335 0.003183 
3640.171380 0.003183 
3638.854425 0.003183 
3637.537471 0.003183 
3636.220516 0.004104 
3634.903562 0.004246 
3633.586607 0.004246 
3632.269652 0.004246 
3630.952698 0.004614 
3629.635743 0.005309 
3628.318788 0.005309 
3627.001834 0.005309 
3625.684879 0.006155 
3624.367924 0.006375 
3623.050970 0.006375 
3621.734015 0.007297 
3620.417060 0.007441 
3619.100106 0.007441 
3617.783151 0.007441 
3616.466196 0.007797 
3615.149242 0.008506 
3613.832287 0.008506 
3612.515332 0.008962 
3611.198378 0.009574 
3609.881423 0.009574 
3608.564468 0.010148 
3607.247514 0.010645 
3605.930559 0.010645 
3604.613605 0.011343 
3603.296650 0.011716 
3601.979695 0.012096 
3600.662741 0.012786 
3599.345786 0.012786 
3598.028831 0.013291 
3596.711877 0.013859 
3595.394922 0.014932 
3594.077967 0.014932 
3592.761013 0.014932 
3591.444058 0.016008 
3590.127103 0.016693 
3588.810149 0.017083 
3587.493194 0.017520 
3586.176239 0.018159 
3584.859285 0.018310 
3583.542330 0.019239 
3582.225375 0.020166 
3580.908421 0.020524 
3579.591466 0.021397 
3578.274512 0.022397 
3576.957557 0.022770 
3575.640602 0.023561 
3574.323648 0.024643 
3573.006693 0.025070 
3571.689738 0.026585 
3570.372784 0.026953 
3569.055829 0.027901 
3567.738874 0.028838 
3566.421920 0.030079 
3565.104965 0.030728 
3563.788010 0.032164 
3562.471056 0.033352 
3561.154101 0.034137 
3559.837146 0.035610 
3558.520192 0.037100 
3557.203237 0.038610 
3555.886282 0.038971 
3554.569328 0.040515 
3553.252373 0.041966 
3551.935418 0.043529 
3550.618464 0.044980 
3549.301509 0.046548 
3547.984555 0.049118 
3546.667600 0.050657 
3545.350645 0.052159 
3544.033691 0.054252 
3542.716736 0.056318 
3541.399781 0.058125 
3540.082827 0.060495 
3538.765872 0.063119 
3537.448917 0.064973 
3536.131963 0.067372 
3534.815008 0.070016 
3533.498053 0.072696 
3532.181099 0.075084 
3530.864144 0.078310 
3529.547189 0.081319 
3528.230235 0.084531 
3526.913280 0.087806 
3525.596325 0.091911 
3524.279371 0.095059 
3522.962416 0.098483 
3521.645461 0.102578 
3520.328507 0.106794 
3519.011552 0.110608 
3517.694598 0.114432 
3516.377643 0.119110 
3515.060688 0.123978 
3513.743734 0.127850 
3512.426779 0.132479 
3511.109824 0.137525 
3509.792870 0.142302 
3508.475915 0.147463 
3507.158960 0.152284 
3505.842006 0.157495 
3504.525051 0.162363 
3503.208096 0.167536 
3501.891142 0.172581 
3500.574187 0.177849 
3499.257232 0.183873 
3497.940278 0.188175 
3496.623323 0.193184 
3495.306368 0.199866 
3493.989414 0.204943 
3492.672459 0.210304 
3491.355505 0.214240 
3490.038550 0.219534 
3488.721595 0.224929 
3487.404641 0.230252 
3486.087686 0.234403 
3484.770731 0.240005 
3483.453777 0.244968 
3482.136822 0.249496 
3480.819867 0.253635 
3479.502913 0.259076 
3478.185958 0.263734 
3476.869003 0.267375 
3475.552049 0.272557 
3474.235094 0.276171 
3472.918139 0.281456 
3471.601185 0.286026 
3470.284230 0.290428 
3468.967275 0.294179 
3467.650321 0.298076 
3466.333366 0.303139 
3465.016411 0.307189 
3463.699457 0.310925 
3462.382502 0.315125 
3461.065548 0.320154 
3459.748593 0.324175 
3458.431638 0.327801 
3457.114684 0.331516 
3455.797729 0.335942 
3454.480774 0.340068 
3453.163820 0.343924 
3451.846865 0.349555 
3450.529910 0.353445 
3449.212956 0.357571 
3447.896001 0.361558 
3446.579046 0.365633 
3445.262092 0.370999 
3443.945137 0.375262 
3442.628182 0.379498 
3441.311228 0.383795 
3439.994273 0.388284 
3438.677318 0.393593 
3437.360364 0.397739 
3436.043409 0.402548 
3434.726454 0.407760 
3433.409500 0.412057 
3432.092545 0.417876 
3430.775591 0.422022 
3429.458636 0.428089 
3428.141681 0.433464 
3426.824727 0.438403 
3425.507772 0.444343 
3424.190817 0.448814 
3422.873863 0.454720 
3421.556908 0.460059 
3420.239953 0.465287 
3418.922999 0.471606 
3417.606044 0.476793 
3416.289089 0.483826 
3414.972135 0.488823 
3413.655180 0.492720 
3412.338225 0.499229 
3411.021271 0.508245 
3409.704316 0.513830 
3408.387361 0.520446 
3407.070407 0.525765 
3405.753452 0.531642 
3404.436497 0.538081 
3403.119543 0.543863 
3401.802588 0.551128 
3400.485634 0.557893 
3399.168679 0.564041 
3397.851724 0.569918 
3396.534770 0.576444 
3395.217815 0.582934 
3393.900860 0.588499 
3392.583906 0.595218 
3391.266951 0.601880 
3389.949996 0.607504 
3388.633042 0.614354 
3387.316087 0.619349 
3385.999132 0.626663 
3384.682178 0.631979 
3383.365223 0.635181 
3382.048268 0.640076 
3380.731314 0.649304 
3379.414359 0.654957 
3378.097404 0.660505 
3376.780450 0.665721 
3375.463495 0.668326 
3374.146541 0.676635 
3372.829586 0.682324 
3371.512631 0.689823 
3370.195677 0.694028 
3368.878722 0.698815 
3367.561767 0.704631 
3366.244813 0.710070 
3364.927858 0.715952 
3363.610903 0.721453 
3362.293949 0.727355 
3360.976994 0.730845 
3359.660039 0.736678 
3358.343085 0.742453 
3357.026130 0.746080 
3355.709175 0.752038 
3354.392221 0.758159 
3353.075266 0.762956 
3351.758311 0.767809 
3350.441357 0.773662 
3349.124402 0.778532 
3347.807447 0.783531 
3346.490493 0.788975 
3345.173538 0.793493 
3343.856584 0.799410 
3342.539629 0.803551 
3341.222674 0.809526 
3339.905720 0.813703 
3338.588765 0.819946 
3337.271810 0.824351 
3335.954856 0.829745 
3334.637901 0.832998 
3333.320946 0.838120 
3332.003992 0.844063 
3330.687037 0.848611 
3329.370082 0.855247 
3328.053128 0.859207 
3326.736173 0.864090 
3325.419218 0.867548 
3324.102264 0.873133 
3322.785309 0.878298 
3321.468354 0.882190 
3320.151400 0.886746 
3318.834445 0.891316 
3317.517490 0.897035 
3316.200536 0.900458 
3314.883581 0.903809 
3313.566627 0.908109 
3312.249672 0.913135 
3310.932717 0.916696 
3309.615763 0.920015 
3308.298808 0.923570 
3306.981853 0.926941 
3305.664899 0.930443 
3304.347944 0.933910 
3303.030989 0.939161 
3301.714035 0.940927 
3300.397080 0.944321 
3299.080125 0.947989 
3297.763171 0.951408 
3296.446216 0.955101 
3295.129261 0.957310 
3293.812307 0.959634 
3292.495352 0.963151 
3291.178397 0.965185 
3289.861443 0.967662 
3288.544488 0.971408 
3287.227534 0.973118 
3285.910579 0.975776 
3284.593624 0.976859 
3283.276670 0.980588 
3281.959715 0.981112 
3280.642760 0.982605 
3279.325806 0.986136 
3278.008851 0.986475 
3276.691896 0.988111 
3275.374942 0.989233 
3274.057987 0.991864 
3272.741032 0.991864 
3271.424078 0.992069 
3270.107123 0.994569 
3268.790168 0.994569 
3267.473214 0.997281 
3266.156259 0.997281 
3264.839304 0.997281 
3263.522350 0.999244 
3262.205395 0.999078 
3260.888440 1.000000 
3259.571486 1.000000 
3258.254531 1.000000 
3256.937577 1.000000 
3255.620622 1.000000 
3254.303667 1.000000 
3252.986713 1.000000 
3251.669758 1.000000 
3250.352803 1.000000 
3249.035849 0.999203 
3247.718894 0.997281 
3246.401939 0.997281 
3245.084985 0.997281 
3243.768030 0.997281 
3242.451075 0.996876 
3241.134121 0.994569 
3239.817166 0.994569 
3238.500211 0.991864 
3237.183257 0.991864 
3235.866302 0.989343 
3234.549347 0.988221 
3233.232393 0.986475 
3231.915438 0.986248 
3230.598483 0.983790 
3229.281529 0.981651 
3227.964574 0.980751 
3226.647620 0.978439 
3225.330665 0.976125 
3224.013710 0.975225 
3222.696756 0.973118 
3221.379801 0.970413 
3220.062846 0.967823 
3218.745892 0.965907 
3217.428937 0.962553 
3216.111982 0.961422 
3214.795028 0.957820 
3213.478073 0.956956 
3212.161118 0.953294 
3210.844164 0.952094 
3209.527209 0.948787 
3208.210254 0.945207 
3206.893300 0.941717 
3205.576345 0.939161 
3204.259390 0.937259 
3202.942436 0.933869 
3201.625481 0.931477 
3200.308527 0.929460 
3198.991572 0.923848 
3197.674617 0.922519 
3196.357663 0.918954 
3195.040708 0.915549 
3193.723753 0.912067 
3192.406799 0.908770 
3191.089844 0.905236 
3189.772889 0.901963 
3188.455935 0.898451 
3187.138980 0.895201 
3185.822025 0.891745 
3184.505071 0.888477 
3183.188116 0.883731 
3181.871161 0.881627 
3180.554207 0.876108 
3179.237252 0.872745 
3177.920297 0.869328 
3176.603343 0.866165 
3175.286388 0.862819 
3173.969433 0.857244 
3172.652479 0.853996 
3171.335524 0.850757 
3170.018570 0.847128 
3168.701615 0.841966 
3167.384660 0.838881 
3166.067706 0.834801 
3164.750751 0.830018 
3163.433796 0.826904 
3162.116842 0.822785 
3160.799887 0.818305 
3159.482932 0.814962 
3158.165978 0.809777 
3156.849023 0.804856 
3155.532068 0.801314 
3154.215114 0.797032 
3152.898159 0.792918 
3151.581204 0.787745 
3150.264250 0.783092 
3148.947295 0.779444 
3147.630340 0.775298 
3146.313386 0.771235 
3144.996431 0.765946 
3143.679476 0.761944 
3142.362522 0.757842 
3141.045567 0.752274 
3139.728613 0.747699 
3138.411658 0.742685 
3137.094703 0.739061 
3135.777749 0.733189 
3134.460794 0.727502 
3133.143839 0.723775 
3131.826885 0.717908 
3130.509930 0.714445 
3129.192975 0.708753 
3127.876021 0.705038 
3126.559066 0.699671 
3125.242111 0.693986 
3123.925157 0.688626 
3122.608202 0.682895 
3121.291247 0.677591 
3119.974293 0.671913 
3118.657338 0.667448 
3117.340383 0.661327 
3116.023429 0.657361 
3114.706474 0.651455 
3113.389520 0.645326 
3112.072565 0.639646 
3110.755610 0.634557 
3109.438656 0.628989 
3108.121701 0.622158 
3106.804746 0.616856 
3105.487792 0.611506 
3104.170837 0.604580 
3102.853882 0.599654 
3101.536928 0.592523 
3100.219973 0.586587 
3098.903018 0.580605 
3097.586064 0.573967 
3096.269109 0.567658 
3094.952154 0.562168 
3093.635200 0.555586 
3092.318245 0.549279 
3091.001290 0.543985 
3089.684336 0.536547 
3088.367381 0.529135 
3087.050426 0.523960 
3085.733472 0.516796 
3084.416517 0.509809 
3083.099563 0.504592 
3081.782608 0.497539 
3080.465653 0.490843 
3079.148699 0.483734 
3077.831744 0.477144 
3076.514789 0.470104 
3075.197835 0.464241 
3073.880880 0.456783 
3072.563925 0.451723 
3071.246971 0.444977 
3069.930016 0.438625 
3068.613061 0.431835 
3067.296107 0.425563 
3065.979152 0.418856 
3064.662197 0.412659 
3063.345243 0.406109 
3062.028288 0.399822 
3060.711333 0.392464 
3059.394379 0.387170 
3058.077424 0.380844 
3056.760469 0.374866 
3055.443515 0.368470 
3054.126560 0.362007 
3052.809606 0.355998 
3051.492651 0.350401 
3050.175696 0.344385 
3048.858742 0.338376 
3047.541787 0.332555 
3046.224832 0.326487 
3044.907878 0.320378 
3043.590923 0.316157 
3042.273968 0.310233 
3040.957014 0.304509 
3039.640059 0.298778 
3038.323104 0.294079 
3037.006150 0.288836 
3035.689195 0.283690 
3034.372240 0.278907 
3033.055286 0.273401 
3031.738331 0.268775 
3030.421376 0.264570 
3029.104422 0.259107 
3027.787467 0.254464 
3026.470513 0.250913 
3025.153558 0.246531 
3023.836603 0.242275 
3022.519649 0.237183 
3021.202694 0.233698 
3019.885739 0.229989 
3018.568785 0.226436 
3017.251830 0.223641 
3015.934875 0.220658 
3014.617921 0.217466 
3013.300966 0.215754 
3011.984011 0.212620 
3010.667057 0.211477 
3009.350102 0.210399 
3008.033147 0.208894 
3006.716193 0.208894 
3005.399238 0.208894 
3004.082283 0.209206 
3002.765329 0.211004 
3001.448374 0.212837 
3000.131419 0.214545 
2998.814465 0.216352 
2997.497510 0.218098 
2996.180556 0.219871 
2994.863601 0.221658 
2993.546646 0.223180 
2992.229692 0.223926 
2990.912737 0.224487 
2989.595782 0.224090 
2988.278828 0.223180 
2986.961873 0.221773 
2985.644918 0.218751 
2984.327964 0.215957 
2983.011009 0.212516 
2981.694054 0.209531 
2980.377100 0.206772 
2979.060145 0.203439 
2977.743190 0.201749 
2976.426236 0.201180 
2975.109281 0.200273 
2973.792326 0.201180 
2972.475372 0.202497 
2971.158417 0.204880 
2969.841462 0.207294 
2968.524508 0.210411 
2967.207553 0.212752 
2965.890599 0.215232 
2964.573644 0.218259 
2963.256689 0.220051 
2961.939735 0.220568 
2960.622780 0.221873 
2959.305825 0.221873 
2957.988871 0.220424 
2956.671916 0.218707 
2955.354961 0.216886 
2954.038007 0.214945 
2952.721052 0.211394 
2951.404097 0.209028 
2950.087143 0.206011 
2948.770188 0.203414 
2947.453233 0.201249 
2946.136279 0.199437 
2944.819324 0.197754 
2943.502369 0.197347 
2942.185415 0.196759 
2940.868460 0.197132 
2939.551506 0.196071 
2938.234551 0.196071 
2936.917596 0.196071 
2935.600642 0.195691 
2934.283687 0.194013 
2932.966732 0.192213 
2931.649778 0.190099 
2930.332823 0.187514 
2929.015868 0.184309 
2927.698914 0.179627 
2926.381959 0.176330 
2925.065004 0.172789 
2923.748050 0.169511 
2922.431095 0.166002 
2921.114140 0.163970 
2919.797186 0.161380 
2918.480231 0.159717 
2917.163276 0.158049 
2915.846322 0.157281 
2914.529367 0.155842 
2913.212412 0.154228 
2911.895458 0.152506 
2910.578503 0.151155 
2909.261549 0.150423 
2907.944594 0.147606 
2906.627639 0.146760 
2905.310685 0.144229 
2903.993730 0.142622 
2902.676775 0.139705 
2901.359821 0.138115 
2900.042866 0.136405 
2898.725911 0.134125 
2897.408957 0.132986 
2896.092002 0.130313 
2894.775047 0.128643 
2893.458093 0.128194 
2892.141138 0.125380 
2890.824183 0.124614 
2889.507229 0.123314 
2888.190274 0.121746 
2886.873319 0.121046 
2885.556365 0.119671 
2884.239410 0.118010 
2882.922455 0.117491 
2881.605501 0.116308 
2880.288546 0.116308 
2878.971592 0.115127 
2877.654637 0.115127 
2876.337682 0.115127 
2875.020728 0.115127 
2873.703773 0.115127 
2872.386818 0.115127 
2871.069864 0.115127 
2869.752909 0.115127 
2868.435954 0.115127 
2867.119000 0.116308 
2865.802045 0.117093 
2864.485090 0.117508 
2863.168136 0.118673 
2861.851181 0.119563 
2860.534226 0.119949 
2859.217272 0.121619 
2857.900317 0.122234 
2856.583362 0.123424 
2855.266408 0.124129 
2853.949453 0.125748 
2852.632498 0.126999 
2851.315544 0.127816 
2849.998589 0.129396 
2848.681635 0.132289 
2847.364680 0.134754 
2846.047725 0.138169 
2844.730771 0.141922 
2843.413816 0.147036 
2842.096861 0.153484 
2840.779907 0.161100 
2839.462952 0.168084 
2838.145997 0.176396 
2836.829043 0.183853 
2835.512088 0.192591 
2834.195133 0.198139 
2832.878179 0.204268 
2831.561224 0.207782 
2830.244269 0.208240 
2828.927315 0.206480 
2827.610360 0.201653 
2826.293405 0.195530 
2824.976451 0.187067 
2823.659496 0.180010 
2822.342542 0.172228 
2821.025587 0.164402 
2819.708632 0.158832 
2818.391678 0.152094 
2817.074723 0.146989 
2815.757768 0.141224 
2814.440814 0.136935 
2813.123859 0.130794 
2811.806904 0.126621 
2810.489950 0.122197 
2809.172995 0.117815 
2807.856040 0.113674 
2806.539086 0.109079 
2805.222131 0.105216 
2803.905176 0.101529 
2802.588222 0.097071 
2801.271267 0.093408 
2799.954312 0.089601 
2798.637358 0.085409 
2797.320403 0.082241 
2796.003448 0.079149 
2794.686494 0.075920 
2793.369539 0.072928 
2792.052585 0.069550 
2790.735630 0.066136 
2789.418675 0.063580 
2788.101721 0.060593 
2786.784766 0.057515 
2785.467811 0.055518 
2784.150857 0.052903 
2782.833902 0.050618 
2781.516947 0.048584 
2780.199993 0.046107 
2778.883038 0.044563 
2777.566083 0.041985 
2776.249129 0.040480 
2774.932174 0.038978 
2773.615219 0.037510 
2772.298265 0.035979 
2770.981310 0.034537 
2769.664355 0.032986 
2768.347401 0.031469 
2767.030446 0.030004 
2765.713491 0.028521 
2764.396537 0.027901 
2763.079582 0.026667 
2761.762628 0.025729 
2760.445673 0.024802 
2759.128718 0.023561 
2757.811764 0.022924 
2756.494809 0.022473 
2755.177854 0.021049 
2753.860900 0.020317 
2752.543945 0.019239 
2751.226990 0.019239 
2749.910036 0.018386 
2748.593081 0.017937 
2747.276126 0.017083 
2745.959172 0.016079 
2744.642217 0.016008 
2743.325262 0.015320 
2742.008308 0.014932 
2740.691353 0.013859 
2739.374398 0.013859 
2738.057444 0.013706 
2736.740489 0.012786 
2735.423535 0.012786 
2734.106580 0.011716 
2732.789625 0.011716 
2731.472671 0.010723 
2730.155716 0.010645 
2728.838761 0.010645 
2727.521807 0.010645 
2726.204852 0.009574 
2724.887897 0.009574 
2723.570943 0.009435 
2722.253988 0.008506 
2720.937033 0.008506 
2719.620079 0.008294 
2718.303124 0.007441 
2716.986169 0.007441 
2715.669215 0.007441 
2714.352260 0.006750 
2713.035305 0.006375 
2711.718351 0.006375 
2710.401396 0.006375 
2709.084441 0.005309 
2707.767487 0.005309 
2706.450532 0.005309 
2705.133578 0.005309 
2703.816623 0.005309 
2702.499668 0.004246 
2701.182714 0.004973 
2699.865759 0.004246 
2698.548804 0.004246 
2697.231850 0.004246 
2695.914895 0.003412 
2694.597940 0.003183 
2693.280986 0.003183 
2691.964031 0.003183 
2690.647076 0.003183 
2689.330122 0.003183 
2688.013167 0.002134 
2686.696212 0.002119 
2685.379258 0.002119 
2684.062303 0.002119 
2682.745348 0.002119 
2681.428394 0.002119 
2680.111439 0.001919 
2678.794484 0.001656 
2677.477530 0.001144 
2676.160575 0.001061 
2674.843621 0.001061 
2673.526666 0.001061 
2672.209711 0.001061 
2670.892757 0.001061 
2669.575802 0.001061 
2668.258847 0.001061 
2666.941893 0.001061 
2665.624938 0.000207 
2664.307983 0.001061 
2662.991029 0.001061 
2661.674074 0.000715 
2660.357119 0.000000 
2659.040165 0.000000 
2657.723210 0.000000 
2656.406255 0.000000 
2655.089301 0.000000 
2653.772346 0.000000 
2652.455391 0.000000 
2651.138437 0.000871 
2649.821482 0.000000 
2648.504528 0.000000 
2647.187573 0.001061 
2645.870618 0.001061 
2644.553664 0.001061 
2643.236709 0.001061 
2641.919754 0.001061 
2640.602800 0.001061 
2639.285845 0.001061 
2637.968890 0.001941 
2636.651936 0.002119 
2635.334981 0.002787 
2634.018026 0.003183 
2632.701072 0.003183 
2631.384117 0.003183 
2630.067162 0.004246 
2628.750208 0.004246 
2627.433253 0.005060 
2626.116298 0.005309 
2624.799344 0.005843 
2623.482389 0.006375 
2622.165434 0.006626 
2620.848480 0.007441 
2619.531525 0.007441 
2618.214571 0.007850 
2616.897616 0.008506 
2615.580661 0.008506 
2614.263707 0.008972 
2612.946752 0.009574 
2611.629797 0.009574 
2610.312843 0.010155 
2608.995888 0.010645 
2607.678933 0.010645 
2606.361979 0.010645 
2605.045024 0.010645 
2603.728069 0.011043 
2602.411115 0.011716 
2601.094160 0.011716 
2599.777205 0.011716 
2598.460251 0.011716 
2597.143296 0.011716 
2595.826341 0.011716 
2594.509387 0.011716 
2593.192432 0.011716 
2591.875477 0.011716 
2590.558523 0.011672 
2589.241568 0.010645 
2587.924614 0.010645 
2586.607659 0.010645 
2585.290704 0.010645 
2583.973750 0.010645 
2582.656795 0.010384 
2581.339840 0.009574 
2580.022886 0.009574 
2578.705931 0.009889 
2577.388976 0.010645 
2576.072022 0.010645 
2574.755067 0.010645 
2573.438112 0.010645 
2572.121158 0.010645 
2570.804203 0.010645 
2569.487248 0.011611 
2568.170294 0.011716 
2566.853339 0.011716 
2565.536384 0.012747 
2564.219430 0.012786 
2562.902475 0.012786 
2561.585521 0.012786 
2560.268566 0.013250 
2558.951611 0.013859 
2557.634657 0.013859 
2556.317702 0.013859 
2555.000747 0.014825 
2553.683793 0.014932 
2552.366838 0.014932 
2551.049883 0.015954 
2549.732929 0.016008 
2548.415974 0.016744 
2547.099019 0.017083 
2545.782065 0.017583 
2544.465110 0.018159 
2543.148155 0.018159 
2541.831201 0.018159 
2540.514246 0.018159 
2539.197291 0.019239 
2537.880337 0.018568 
2536.563382 0.019200 
2535.246427 0.018159 
2533.929473 0.018159 
2532.612518 0.018159 
2531.295564 0.018159 
2529.978609 0.017276 
2528.661654 0.017083 
2527.344700 0.016486 
2526.027745 0.016008 
2524.710790 0.015696 
2523.393836 0.014932 
2522.076881 0.013859 
2520.759926 0.013454 
2519.442972 0.012786 
2518.126017 0.011716 
2516.809062 0.011189 
2515.492108 0.010645 
2514.175153 0.009574 
2512.858198 0.009574 
2511.541244 0.008550 
2510.224289 0.008179 
2508.907334 0.007441 
2507.590380 0.007428 
2506.273425 0.006375 
2504.956470 0.005582 
2503.639516 0.005309 
2502.322561 0.004746 
2501.005607 0.004246 
2499.688652 0.003997 
2498.371697 0.003183 
2497.054743 0.003183 
2495.737788 0.003183 
2494.420833 0.002461 
2493.103879 0.002119 
2491.786924 0.002119 
2490.469969 0.002119 
2489.153015 0.001061 
2487.836060 0.001061 
2486.519105 0.001061 
2485.202151 0.001061 
2483.885196 0.001061 
2482.568241 0.001027 
2481.251287 0.000371 
2479.934332 0.000276 
2478.617377 0.000000 
2477.300423 0.000000 
2475.983468 0.000000 
2474.666514 0.000000 
2473.349559 0.000000 
2472.032604 0.000000 
2470.715650 0.000000 
2469.398695 0.000000 
2468.081740 0.000000 
2466.764786 0.000000 
2465.447831 0.000000 
2464.130876 0.000080 
2462.813922 0.001061 
2461.496967 0.001061 
2460.180012 0.001061 
2458.863058 0.001061 
2457.546103 0.001061 
2456.229148 0.001061 
2454.912194 0.001061 
2453.595239 0.001061 
2452.278284 0.001061 
2450.961330 0.001061 
2449.644375 0.001227 
2448.327420 0.002119 
2447.010466 0.002119 
2445.693511 0.001280 
2444.376557 0.002119 
2443.059602 0.002119 
2441.742647 0.002119 
2440.425693 0.002119 
2439.108738 0.002119 
2437.791783 0.002119 
2436.474829 0.002119 
2435.157874 0.001061 
2433.840919 0.001061 
2432.523965 0.001061 
2431.207010 0.001061 
2429.890055 0.001061 
2428.573101 0.001061 
2427.256146 0.001061 
2425.939191 0.001061 
2424.622237 0.001061 
2423.305282 0.001061 
2421.988327 0.001061 
2420.671373 0.001061 
2419.354418 0.001061 
2418.037463 0.001061 
2416.720509 0.001061 
2415.403554 0.000358 
2414.086600 0.001046 
2412.769645 0.000390 
2411.452690 0.000268 
2410.135736 0.000000 
2408.818781 0.000000 
2407.501826 0.000846 
2406.184872 0.000000 
2404.867917 0.000000 
2403.550962 0.000000 
2402.234008 0.000000 
2400.917053 0.000000 
2399.600098 0.000000 
2398.283144 0.000441 
2396.966189 0.000283 
2395.649234 0.000000 
2394.332280 0.000000 
2393.015325 0.000924 
2391.698370 0.001061 
2390.381416 0.001061 
2389.064461 0.001061 
2387.747507 0.001061 
2386.430552 0.001061 
2385.113597 0.001061 
2383.796643 0.001061 
2382.479688 0.001061 
2381.162733 0.001061 
2379.845779 0.001061 
2378.528824 0.001983 
2377.211869 0.002119 
2375.894915 0.002119 
2374.577960 0.002119 
2373.261005 0.002119 
2371.944051 0.002817 
2370.627096 0.003183 
2369.310141 0.003183 
2367.993187 0.003183 
2366.676232 0.004246 
2365.359277 0.004246 
2364.042323 0.004246 
2362.725368 0.004538 
2361.408413 0.004680 
2360.091459 0.004256 
2358.774504 0.005309 
2357.457550 0.004551 
2356.140595 0.005238 
2354.823640 0.004246 
2353.506686 0.004246 
2352.189731 0.004246 
2350.872776 0.004246 
2349.555822 0.003248 
2348.238867 0.004246 
2346.921912 0.004246 
2345.604958 0.004246 
2344.288003 0.005309 
2342.971048 0.005309 
2341.654094 0.006219 
2340.337139 0.006297 
2339.020184 0.005594 
2337.703230 0.006375 
2336.386275 0.006375 
2335.069320 0.006375 
2333.752366 0.005894 
2332.435411 0.006024 
2331.118456 0.007402 
2329.801502 0.006158 
2328.484547 0.005916 
2327.167593 0.007299 
2325.850638 0.006906 
2324.533683 0.006516 
2323.216729 0.007224 
2321.899774 0.007014 
2320.582819 0.006463 
2319.265865 0.007441 
2317.948910 0.007441 
2316.631955 0.007441 
2315.315001 0.007441 
2313.998046 0.007441 
2312.681091 0.007441 
2311.364137 0.007441 
2310.047182 0.007441 
2308.730227 0.007728 
2307.413273 0.008506 
2306.096318 0.008506 
2304.779363 0.008506 
2303.462409 0.008506 
2302.145454 0.008506 
2300.828499 0.008506 
2299.511545 0.008506 
2298.194590 0.008506 
2296.877636 0.009065 
2295.560681 0.009574 
2294.243726 0.009574 
2292.926772 0.009574 
2291.609817 0.009574 
2290.292862 0.009574 
2288.975908 0.010350 
2287.658953 0.010645 
2286.341998 0.010645 
2285.025044 0.010645 
2283.708089 0.010645 
2282.391134 0.010645 
2281.074180 0.010645 
2279.757225 0.010933 
2278.440270 0.011716 
2277.123316 0.011716 
2275.806361 0.011716 
2274.489406 0.012477 
2273.172452 0.012786 
2271.855497 0.012786 
2270.538543 0.012786 
2269.221588 0.012786 
2267.904633 0.013425 
2266.587679 0.013859 
2265.270724 0.013859 
2263.953769 0.013859 
2262.636815 0.014932 
2261.319860 0.014932 
2260.002905 0.014932 
2258.685951 0.015054 
2257.368996 0.016008 
2256.052041 0.016008 
2254.735087 0.016008 
2253.418132 0.016008 
2252.101177 0.017081 
2250.784223 0.017083 
2249.467268 0.017083 
2248.150313 0.017083 
2246.833359 0.017083 
2245.516404 0.017927 
2244.199449 0.018159 
2242.882495 0.018159 
2241.565540 0.018159 
2240.248586 0.018159 
2238.931631 0.018159 
2237.614676 0.018159 
2236.297722 0.018159 
2234.980767 0.018159 
2233.663812 0.018159 
2232.346858 0.018159 
2231.029903 0.018159 
2229.712948 0.017083 
2228.395994 0.017083 
2227.079039 0.017083 
2225.762084 0.017083 
2224.445130 0.017083 
2223.128175 0.017083 
2221.811220 0.016666 
2220.494266 0.016008 
2219.177311 0.016008 
2217.860356 0.016008 
2216.543402 0.016008 
2215.226447 0.016008 
2213.909492 0.016008 
2212.592538 0.016008 
2211.275583 0.015740 
2209.958629 0.015622 
2208.641674 0.015944 
2207.324719 0.015335 
2206.007765 0.015181 
2204.690810 0.014932 
2203.373855 0.014932 
2202.056901 0.014932 
2200.739946 0.014932 
2199.422991 0.014932 
2198.106037 0.014932 
2196.789082 0.014932 
2195.472127 0.014932 
2194.155173 0.014932 
2192.838218 0.014501 
2191.521263 0.013859 
2190.204309 0.013859 
2188.887354 0.013859 
2187.570399 0.013859 
2186.253445 0.013859 
2184.936490 0.013859 
2183.619536 0.013859 
2182.302581 0.013859 
2180.985626 0.013128 
2179.668672 0.012786 
2178.351717 0.012786 
2177.034762 0.012786 
2175.717808 0.012591 
2174.400853 0.011716 
2173.083898 0.011716 
2171.766944 0.011716 
2170.449989 0.011716 
2169.133034 0.011716 
2167.816080 0.010645 
2166.499125 0.010645 
2165.182170 0.010518 
2163.865216 0.009574 
2162.548261 0.009574 
2161.231306 0.009574 
2159.914352 0.009574 
2158.597397 0.008611 
2157.280442 0.008506 
2155.963488 0.008506 
2154.646533 0.008506 
2153.329579 0.008506 
2152.012624 0.007692 
2150.695669 0.007441 
2149.378715 0.007441 
2148.061760 0.007441 
2146.744805 0.007441 
2145.427851 0.007441 
2144.110896 0.007441 
2142.793941 0.007441 
2141.476987 0.007441 
2140.160032 0.008550 
2138.843077 0.009957 
2137.526123 0.012247 
2136.209168 0.013859 
2134.892213 0.013859 
2133.575259 0.013859 
2132.258304 0.011199 
2130.941349 0.008977 
2129.624395 0.006433 
2128.307440 0.005309 
2126.990485 0.004590 
2125.673531 0.004246 
2124.356576 0.004246 
2123.039622 0.004246 
2121.722667 0.004058 
2120.405712 0.003183 
2119.088758 0.003183 
2117.771803 0.003183 
2116.454848 0.003183 
2115.137894 0.003183 
2113.820939 0.003183 
2112.503984 0.002444 
2111.187030 0.002119 
2109.870075 0.002119 
2108.553120 0.002119 
2107.236166 0.002119 
2105.919211 0.002119 
2104.602256 0.002119 
2103.285302 0.002119 
2101.968347 0.002119 
2100.651392 0.002119 
2099.334438 0.001731 
2098.017483 0.001061 
2096.700529 0.001061 
2095.383574 0.001061 
2094.066619 0.001061 
2092.749665 0.001061 
2091.432710 0.001061 
2090.115755 0.001061 
2088.798801 0.001061 
2087.481846 0.001061 
2086.164891 0.001061 
2084.847937 0.001061 
2083.530982 0.000273 
2082.214027 0.001061 
2080.897073 0.001061 
2079.580118 0.000190 
2078.263163 0.000161 
2076.946209 0.000473 
2075.629254 0.000000 
2074.312299 0.000000 
2072.995345 0.000712 
2071.678390 0.001061 
2070.361435 0.001061 
2069.044481 0.001061 
2067.727526 0.001061 
2066.410572 0.001061 
2065.093617 0.001061 
2063.776662 0.001061 
2062.459708 0.001061 
2061.142753 0.001061 
2059.825798 0.001383 
2058.508844 0.002119 
2057.191889 0.002119 
2055.874934 0.002119 
2054.557980 0.002909 
2053.241025 0.003183 
2051.924070 0.003183 
2050.607116 0.004119 
2049.290161 0.004246 
2047.973206 0.004246 
2046.656252 0.004246 
2045.339297 0.004246 
2044.022342 0.004246 
2042.705388 0.005309 
2041.388433 0.004873 
2040.071478 0.005107 
2038.754524 0.005309 
2037.437569 0.004763 
2036.120615 0.004246 
2034.803660 0.004246 
2033.486705 0.004246 
2032.169751 0.004214 
2030.852796 0.003183 
2029.535841 0.003183 
2028.218887 0.003183 
2026.901932 0.002712 
2025.584977 0.002119 
2024.268023 0.002119 
2022.951068 0.002119 
2021.634113 0.002119 
2020.317159 0.001061 
2019.000204 0.001061 
2017.683249 0.002102 
2016.366295 0.001061 
2015.049340 0.001061 
2013.732385 0.001061 
2012.415431 0.001061 
2011.098476 0.001061 
2009.781522 0.002119 
2008.464567 0.001553 
2007.147612 0.002063 
2005.830658 0.002119 
2004.513703 0.002119 
2003.196748 0.002119 
2001.879794 0.002119 
2000.562839 0.001339 
1999.245884 0.001061 
1997.928930 0.001061 
1996.611975 0.001061 
1995.295020 0.001061 
1993.978066 0.001061 
1992.661111 0.001061 
1991.344156 0.001061 
1990.027202 0.001061 
1988.710247 0.001061 
1987.393292 0.001061 
1986.076338 0.001061 
1984.759383 0.001061 
1983.442428 0.000522 
1982.125474 0.000927 
1980.808519 0.001061 
1979.491565 0.000415 
1978.174610 0.000000 
1976.857655 0.001061 
1975.540701 0.000283 
1974.223746 0.000000 
1972.906791 0.000000 
1971.589837 0.000858 
1970.272882 0.000149 
1968.955927 0.001061 
1967.638973 0.001061 
1966.322018 0.001061 
1965.005063 0.001061 
1963.688109 0.001061 
1962.371154 0.001061 
1961.054199 0.001061 
1959.737245 0.001970 
1958.420290 0.000510 
1957.103335 0.001061 
1955.786381 0.001061 
1954.469426 0.001061 
1953.152471 0.001061 
1951.835517 0.001061 
1950.518562 0.001061 
1949.201608 0.001061 
1947.884653 0.000690 
1946.567698 0.000778 
1945.250744 0.000902 
1943.933789 0.000000 
1942.616834 0.000924 
1941.299880 0.000849 
1939.982925 0.000000 
1938.665970 0.000000 
1937.349016 0.000766 
1936.032061 0.000000 
1934.715106 0.000000 
1933.398152 0.000000 
1932.081197 0.000000 
1930.764242 0.000000 
1929.447288 0.000000 
1928.130333 0.000000 
1926.813378 0.000000 
1925.496424 0.000000 
1924.179469 0.000000 
1922.862515 0.000000 
1921.545560 0.000000 
1920.228605 0.000000 
1918.911651 0.000000 
1917.594696 0.000000 
1916.277741 0.000000 
1914.960787 0.000000 
1913.643832 0.000000 
1912.326877 0.000000 
1911.009923 0.000000 
1909.692968 0.000000 
1908.376013 0.000000 
1907.059059 0.000000 
1905.742104 0.000000 
1904.425149 0.000000 
1903.108195 0.000000 
1901.791240 0.000000 
1900.474285 0.000000 
1899.157331 0.000000 
1897.840376 0.000000 
1896.523421 0.000680 
1895.206467 0.000007 
1893.889512 0.000366 
1892.572558 0.001061 
1891.255603 0.000051 
1889.938648 0.000571 
1888.621694 0.000000 
1887.304739 0.001061 
1885.987784 0.001061 
1884.670830 0.001061 
1883.353875 0.001061 
1882.036920 0.001061 
1880.719966 0.001061 
1879.403011 0.001061 
1878.086056 0.001061 
1876.769102 0.001061 
1875.452147 0.001061 
1874.135192 0.001061 
1872.818238 0.000000 
1871.501283 0.000000 
1870.184328 0.000000 
1868.867374 0.000354 
1867.550419 0.001061 
1866.233464 0.000000 
1864.916510 0.000000 
1863.599555 0.000000 
1862.282601 0.001061 
1860.965646 0.000549 
1859.648691 0.000000 
1858.331737 0.000000 
1857.014782 0.000000 
1855.697827 0.000000 
1854.380873 0.000000 
1853.063918 0.000749 
1851.746963 0.000056 
1850.430009 0.001061 
1849.113054 0.000227 
1847.796099 0.000939 
1846.479145 0.000554 
1845.162190 0.001061 
1843.845235 0.000790 
1842.528281 0.000673 
1841.211326 0.001061 
1839.894371 0.001061 
1838.577417 0.001061 
1837.260462 0.001061 
1835.943508 0.000576 
1834.626553 0.000819 
1833.309598 0.000858 
1831.992644 0.000000 
1830.675689 0.000971 
1829.358734 0.000000 
1828.041780 0.000000 
1826.724825 0.000000 
1825.407870 0.000000 
1824.090916 0.000000 
1822.773961 0.000000 
1821.457006 0.000000 
1820.140052 0.000000 
1818.823097 0.000000 
1817.506142 0.000000 
1816.189188 0.000000 
1814.872233 0.000793 
1813.555278 0.000000 
1812.238324 0.000066 
1810.921369 0.000658 
1809.604414 0.000819 
1808.287460 0.001061 
1806.970505 0.001061 
1805.653551 0.001061 
1804.336596 0.001061 
1803.019641 0.001061 
1801.702687 0.001061 
1800.385732 0.001061 
1799.068777 0.001061 
1797.751823 0.001061 
1796.434868 0.001061 
1795.117913 0.001061 
1793.800959 0.001061 
1792.484004 0.001061 
1791.167049 0.001061 
1789.850095 0.001061 
1788.533140 0.001061 
1787.216185 0.001061 
1785.899231 0.001061 
1784.582276 0.001061 
1783.265321 0.001102 
1781.948367 0.002119 
1780.631412 0.002119 
1779.314457 0.002119 
1777.997503 0.002119 
1776.680548 0.002119 
1775.363594 0.002119 
1774.046639 0.002119 
1772.729684 0.002119 
1771.412730 0.002844 
1770.095775 0.002119 
1768.778820 0.003053 
1767.461866 0.002585 
1766.144911 0.003183 
1764.827956 0.003183 
1763.511002 0.003183 
1762.194047 0.003183 
1760.877092 0.003446 
1759.560138 0.004246 
1758.243183 0.004246 
1756.926228 0.004246 
1755.609274 0.004980 
1754.292319 0.005309 
1752.975364 0.005309 
1751.658410 0.005309 
1750.341455 0.005497 
1749.024501 0.006375 
1747.707546 0.006375 
1746.390591 0.006704 
1745.073637 0.007441 
1743.756682 0.007441 
1742.439727 0.007823 
1741.122773 0.008506 
1739.805818 0.008506 
1738.488863 0.009053 
1737.171909 0.009574 
1735.854954 0.009838 
1734.537999 0.010645 
1733.221045 0.010645 
1731.904090 0.010962 
1730.587135 0.011716 
1729.270181 0.012786 
1727.953226 0.012786 
1726.636271 0.012786 
1725.319317 0.013859 
1724.002362 0.013859 
1722.685407 0.014830 
1721.368453 0.014932 
1720.051498 0.015588 
1718.734544 0.016008 
1717.417589 0.017083 
1716.100634 0.017083 
1714.783680 0.017103 
1713.466725 0.018159 
1712.149770 0.018159 
1710.832816 0.019239 
1709.515861 0.019239 
1708.198906 0.020210 
1706.881952 0.020317 
1705.564997 0.021002 
1704.248042 0.021397 
1702.931088 0.022478 
1701.614133 0.022478 
1700.297178 0.023561 
1698.980224 0.023561 
1697.663269 0.024446 
1696.346314 0.024829 
1695.029360 0.025729 
1693.712405 0.026692 
1692.395450 0.027145 
1691.078496 0.027901 
1689.761541 0.028989 
1688.444587 0.028989 
1687.127632 0.029804 
1685.810677 0.030177 
1684.493723 0.031169 
1683.176768 0.031169 
1681.859813 0.031169 
1680.542859 0.031169 
1679.225904 0.031169 
1677.908949 0.031169 
1676.591995 0.031169 
1675.275040 0.031169 
1673.958085 0.031169 
1672.641131 0.031169 
1671.324176 0.030079 
1670.007221 0.030079 
1668.690267 0.029196 
1667.373312 0.028989 
1666.056357 0.028333 
1664.739403 0.027901 
1663.422448 0.026814 
1662.105493 0.026060 
1660.788539 0.025714 
1659.471584 0.024643 
1658.154630 0.024643 
1656.837675 0.023385 
1655.520720 0.022478 
1654.203766 0.022478 
1652.886811 0.021397 
1651.569856 0.020717 
1650.252902 0.020317 
1648.935947 0.019239 
1647.618992 0.018503 
1646.302038 0.018159 
1644.985083 0.017712 
1643.668128 0.017083 
1642.351174 0.016922 
1641.034219 0.016008 
1639.717264 0.015059 
1638.400310 0.014932 
1637.083355 0.014932 
1635.766400 0.014896 
1634.449446 0.013859 
1633.132491 0.013064 
1631.815537 0.012786 
1630.498582 0.012786 
1629.181627 0.012786 
1627.864673 0.012625 
1626.547718 0.011716 
1625.230763 0.011716 
1623.913809 0.011716 
1622.596854 0.010999 
1621.279899 0.010645 
1619.962945 0.010645 
1618.645990 0.010645 
1617.329035 0.010645 
1616.012081 0.010645 
1614.695126 0.010645 
1613.378171 0.010645 
1612.061217 0.010645 
1610.744262 0.009628 
1609.427307 0.009574 
1608.110353 0.009574 
1606.793398 0.009574 
1605.476443 0.009574 
1604.159489 0.009574 
1602.842534 0.009574 
1601.525580 0.009574 
1600.208625 0.008636 
1598.891670 0.009353 
1597.574716 0.008506 
1596.257761 0.008506 
1594.940806 0.008506 
1593.623852 0.008506 
1592.306897 0.008506 
1590.989942 0.008506 
1589.672988 0.008506 
1588.356033 0.008506 
1587.039078 0.007960 
1585.722124 0.007441 
1584.405169 0.007441 
1583.088214 0.007441 
1581.771260 0.007441 
1580.454305 0.007441 
1579.137350 0.007441 
1577.820396 0.007441 
1576.503441 0.007441 
1575.186486 0.006572 
1573.869532 0.006528 
1572.552577 0.006858 
1571.235623 0.006375 
1569.918668 0.006375 
1568.601713 0.006375 
1567.284759 0.006375 
1565.967804 0.006375 
1564.650849 0.006375 
1563.333895 0.005309 
1562.016940 0.005309 
1560.699985 0.005309 
1559.383031 0.005309 
1558.066076 0.005309 
1556.749121 0.005309 
1555.432167 0.005309 
1554.115212 0.004619 
1552.798257 0.004246 
1551.481303 0.004246 
1550.164348 0.004246 
1548.847393 0.004246 
1547.530439 0.004246 
1546.213484 0.003317 
1544.896530 0.003183 
1543.579575 0.003183 
1542.262620 0.003183 
1540.945666 0.003183 
1539.628711 0.003183 
1538.311756 0.003183 
1536.994802 0.002119 
1535.677847 0.002119 
1534.360892 0.002119 
1533.043938 0.002119 
1531.726983 0.002119 
1530.410028 0.001061 
1529.093074 0.001061 
1527.776119 0.001061 
1526.459164 0.001061 
1525.142210 0.001061 
1523.825255 0.001061 
1522.508300 0.001061 
1521.191346 0.001061 
1519.874391 0.000000 
1518.557436 0.000000 
1517.240482 0.000912 
1515.923527 0.000000 
1514.606573 0.000000 
1513.289618 0.001061 
1511.972663 0.001061 
1510.655709 0.001061 
1509.338754 0.002119 
1508.021799 0.002566 
1506.704845 0.003183 
1505.387890 0.004246 
1504.070935 0.004809 
1502.753981 0.006311 
1501.437026 0.006655 
1500.120071 0.008128 
1498.803117 0.009572 
1497.486162 0.011391 
1496.169207 0.013572 
1494.852253 0.014988 
1493.535298 0.017008 
1492.218343 0.019846 
1490.901389 0.022907 
1489.584434 0.025887 
1488.267479 0.029860 
1486.950525 0.033169 
1485.633570 0.037734 
1484.316616 0.040995 
1482.999661 0.045668 
1481.682706 0.049250 
1480.365752 0.053511 
1479.048797 0.055947 
1477.731842 0.057512 
1476.414888 0.058566 
1475.097933 0.057003 
1473.780978 0.055532 
1472.464024 0.052837 
1471.147069 0.050647 
1469.830114 0.049955 
1468.513160 0.051416 
1467.196205 0.052969 
1465.879250 0.055713 
1464.562296 0.058220 
1463.245341 0.059751 
1461.928386 0.061036 
1460.611432 0.061036 
1459.294477 0.059907 
1457.977523 0.058795 
1456.660568 0.058795 
1455.343613 0.058859 
1454.026659 0.060846 
1452.709704 0.063936 
1451.392749 0.067065 
1450.075795 0.070643 
1448.758840 0.072135 
1447.441885 0.073157 
1446.124931 0.070867 
1444.807976 0.066687 
1443.491021 0.062127 
1442.174067 0.057478 
1440.857112 0.054218 
1439.540157 0.052099 
1438.223203 0.052099 
1436.906248 0.054542 
1435.589293 0.056013 
1434.272339 0.057586 
1432.955384 0.060219 
1431.638429 0.061778 
1430.321475 0.063258 
1429.004520 0.064407 
1427.687566 0.065209 
1426.370611 0.065533 
1425.053656 0.065533 
1423.736702 0.064577 
1422.419747 0.064204 
1421.102792 0.062661 
1419.785838 0.061132 
1418.468883 0.059339 
1417.151928 0.056952 
1415.834974 0.054252 
1414.518019 0.052362 
1413.201064 0.049262 
1411.884110 0.046421 
1410.567155 0.043851 
1409.250200 0.041197 
1407.933246 0.038425 
1406.616291 0.035359 
1405.299336 0.032477 
1403.982382 0.030477 
1402.665427 0.027609 
1401.348472 0.024587 
1400.031518 0.022675 
1398.714563 0.020549 
1397.397609 0.018037 
1396.080654 0.016525 
1394.763699 0.015108 
1393.446745 0.013589 
1392.129790 0.012177 
1390.812835 0.010660 
1389.495881 0.009574 
1388.178926 0.008838 
1386.861971 0.007441 
1385.545017 0.006955 
1384.228062 0.005553 
1382.911107 0.005309 
1381.594153 0.004770 
1380.277198 0.004246 
1378.960243 0.004246 
1377.643289 0.003587 
1376.326334 0.003183 
1375.009379 0.003183 
1373.692425 0.002429 
1372.375470 0.002119 
1371.058516 0.002119 
1369.741561 0.002119 
1368.424606 0.002119 
1367.107652 0.002119 
1365.790697 0.001156 
1364.473742 0.001853 
1363.156788 0.001061 
1361.839833 0.001061 
1360.522878 0.001061 
1359.205924 0.001061 
1357.888969 0.001061 
1356.572014 0.001061 
1355.255060 0.001061 
1353.938105 0.001061 
1352.621150 0.001061 
1351.304196 0.001061 
1349.987241 0.001061 
1348.670286 0.001061 
1347.353332 0.001012 
1346.036377 0.000000 
1344.719422 0.000000 
1343.402468 0.000000 
1342.085513 0.000000 
1340.768559 0.000883 
1339.451604 0.000263 
1338.134649 0.000461 
1336.817695 0.001039 
1335.500740 0.001061 
1334.183785 0.001061 
1332.866831 0.001061 
1331.549876 0.001061 
1330.232921 0.001061 
1328.915967 0.001061 
1327.599012 0.001061 
1326.282057 0.001061 
1324.965103 0.001061 
1323.648148 0.000410 
1322.331193 0.001027 
1321.014239 0.001061 
1319.697284 0.000315 
1318.380329 0.000024 
1317.063375 0.000597 
1315.746420 0.000000 
1314.429465 0.000880 
1313.112511 0.000000 
1311.795556 0.000000 
1310.478602 0.000000 
1309.161647 0.000678 
1307.844692 0.001061 
1306.527738 0.000000 
1305.210783 0.000000 
1303.893828 0.000112 
1302.576874 0.000612 
1301.259919 0.000873 
1299.942964 0.000185 
1298.626010 0.001061 
1297.309055 0.001061 
1295.992100 0.001061 
1294.675146 0.001061 
1293.358191 0.001061 
1292.041236 0.001061 
1290.724282 0.001061 
1289.407327 0.001061 
1288.090372 0.001061 
1286.773418 0.001061 
1285.456463 0.001061 
1284.139509 0.001061 
1282.822554 0.001061 
1281.505599 0.001061 
1280.188645 0.001061 
1278.871690 0.001061 
1277.554735 0.001061 
1276.237781 0.001061 
1274.920826 0.001061 
1273.603871 0.000534 
1272.286917 0.000000 
1270.969962 0.000817 
1269.653007 0.000644 
1268.336053 0.000039 
1267.019098 0.000729 
1265.702143 0.000741 
1264.385189 0.001061 
1263.068234 0.001061 
1261.751279 0.001061 
1260.434325 0.001061 
1259.117370 0.001061 
1257.800415 0.001061 
1256.483461 0.001061 
1255.166506 0.001061 
1253.849552 0.001061 
1252.532597 0.001061 
1251.215642 0.001061 
1249.898688 0.001061 
1248.581733 0.001061 
1247.264778 0.001061 
1245.947824 0.001061 
1244.630869 0.001061 
1243.313914 0.001061 
1241.996960 0.001061 
1240.680005 0.001061 
1239.363050 0.001061 
1238.046096 0.001061 
1236.729141 0.001061 
1235.412186 0.001061 
1234.095232 0.001061 
1232.778277 0.001061 
1231.461322 0.001061 
1230.144368 0.001061 
1228.827413 0.001061 
1227.510458 0.001061 
1226.193504 0.001061 
1224.876549 0.001061 
1223.559595 0.001061 
1222.242640 0.001061 
1220.925685 0.001061 
1219.608731 0.001061 
1218.291776 0.001061 
1216.974821 0.001061 
1215.657867 0.001061 
1214.340912 0.001061 
1213.023957 0.001061 
1211.707003 0.001061 
1210.390048 0.001061 
1209.073093 0.001061 
1207.756139 0.001061 
1206.439184 0.001061 
1205.122229 0.001061 
1203.805275 0.001061 
1202.488320 0.001061 
1201.171365 0.001061 
1199.854411 0.001061 
1198.537456 0.001061 
1197.220502 0.001061 
1195.903547 0.001061 
1194.586592 0.001061 
1193.269638 0.001061 
1191.952683 0.001061 
1190.635728 0.001061 
1189.318774 0.001061 
1188.001819 0.001061 
1186.684864 0.001061 
1185.367910 0.001061 
1184.050955 0.001061 
1182.734000 0.001061 
1181.417046 0.001061 
1180.100091 0.000590 
1178.783136 0.000866 
1177.466182 0.001061 
1176.149227 0.001061 
1174.832272 0.001061 
1173.515318 0.001817 
1172.198363 0.001697 
1170.881408 0.002119 
1169.564454 0.002119 
1168.247499 0.002119 
1166.930545 0.003183 
1165.613590 0.003183 
1164.296635 0.003183 
1162.979681 0.004246 
1161.662726 0.004246 
1160.345771 0.004246 
1159.028817 0.004534 
1157.711862 0.004614 
1156.394907 0.004246 
1155.077953 0.004246 
1153.760998 0.004246 
1152.444043 0.004246 
1151.127089 0.004246 
1149.810134 0.004246 
1148.493179 0.005309 
1147.176225 0.005929 
1145.859270 0.007377 
1144.542315 0.008811 
1143.225361 0.011018 
1141.908406 0.013842 
1140.591451 0.016252 
1139.274497 0.019724 
1137.957542 0.024024 
1136.640588 0.028482 
1135.323633 0.032947 
1134.006678 0.037344 
1132.689724 0.041949 
1131.372769 0.046309 
1130.055814 0.050643 
1128.738860 0.054308 
1127.421905 0.057851 
1126.104950 0.060358 
1124.787996 0.061924 
1123.471041 0.062158 
1122.154086 0.062158 
1120.837132 0.060222 
1119.520177 0.057052 
1118.203222 0.053447 
1116.886268 0.048721 
1115.569313 0.043985 
1114.252358 0.037869 
1112.935404 0.031979 
1111.618449 0.026521 
1110.301494 0.021188 
1108.984540 0.016808 
1107.667585 0.013220 
1106.350631 0.009694 
1105.033676 0.008223 
1103.716721 0.006060 
1102.399767 0.004246 
1101.082812 0.003870 
1099.765857 0.003183 
1098.448903 0.002119 
1097.131948 0.002119 
1095.814993 0.002119 
1094.498039 0.001061 
1093.181084 0.001061 
1091.864129 0.001061 
1090.547175 0.001061 
1089.230220 0.001061 
1087.913265 0.001061 
1086.596311 0.001061 
1085.279356 0.000298 
1083.962401 0.000000 
1082.645447 0.000483 
1081.328492 0.001061 
1080.011538 0.000237 
1078.694583 0.001178 
1077.377628 0.001278 
1076.060674 0.001383 
1074.743719 0.001480 
1073.426764 0.001663 
1072.109810 0.002744 
1070.792855 0.002848 
1069.475900 0.002948 
1068.158946 0.003568 
1066.841991 0.004214 
1065.525036 0.004517 
1064.208082 0.005470 
1062.891127 0.005585 
1061.574172 0.007085 
1060.257218 0.007909 
1058.940263 0.009140 
1057.623308 0.010696 
1056.306354 0.012272 
1054.989399 0.013928 
1053.672444 0.017054 
1052.355490 0.020905 
1051.038535 0.025609 
1049.721581 0.032320 
1048.404626 0.042417 
1047.087671 0.058310 
1045.770717 0.080485 
1044.453762 0.107672 
1043.136807 0.143200 
1041.819853 0.179332 
1040.502898 0.218022 
1039.185943 0.254093 
1037.868989 0.291521 
1036.552034 0.323424 
1035.235079 0.353913 
1033.918125 0.380939 
1032.601170 0.405404 
1031.284215 0.422983 
1029.967261 0.436908 
1028.650306 0.441949 
1027.333351 0.438888 
1026.016397 0.428021 
1024.699442 0.407453 
1023.382487 0.378283 
1022.065533 0.344317 
1020.748578 0.307460 
1019.431624 0.273284 
1018.114669 0.250504 
1016.797714 0.236186 
1015.480760 0.231764 
1014.163805 0.231369 
1012.846850 0.232174 
1011.529896 0.230482 
1010.212941 0.224631 
1008.895986 0.213818 
1007.579032 0.196581 
1006.262077 0.173903 
1004.945122 0.149309 
1003.628168 0.122153 
1002.311213 0.097322 
1000.994258 0.074791 
999.677304 0.056093 
998.360349 0.043202 
997.043394 0.032052 
995.726440 0.025380 
994.409485 0.020610 
993.092531 0.017742 
991.775576 0.015657 
990.458621 0.014347 
989.141667 0.013993 
987.824712 0.013479 
986.507757 0.012508 
985.190803 0.012611 
983.873848 0.012716 
982.556893 0.012016 
981.239939 0.012918 
979.922984 0.013023 
978.606029 0.013123 
977.289075 0.013998 
975.972120 0.014391 
974.655165 0.014976 
973.338211 0.015671 
972.021256 0.016847 
970.704301 0.016952 
969.387347 0.018034 
968.070392 0.019315 
966.753437 0.020110 
965.436483 0.021678 
964.119528 0.022185 
962.802574 0.023765 
961.485619 0.024258 
960.168664 0.025841 
958.851710 0.026521 
957.534755 0.027928 
956.217800 0.029516 
954.900846 0.031106 
953.583891 0.031611 
952.266936 0.033206 
950.949982 0.034798 
949.633027 0.036408 
948.316072 0.038008 
946.999118 0.039615 
945.682163 0.041210 
944.365208 0.041878 
943.048254 0.043329 
941.731299 0.044938 
940.414344 0.046563 
939.097390 0.048526 
937.780435 0.050906 
936.463480 0.052533 
935.146526 0.054157 
933.829571 0.055786 
932.512617 0.057420 
931.195662 0.059607 
929.878707 0.061807 
928.561753 0.063443 
927.244798 0.065090 
925.927843 0.066741 
924.610889 0.069513 
923.293934 0.071174 
921.976979 0.072901 
920.660025 0.075625 
919.343070 0.077288 
918.026115 0.078949 
916.709161 0.081217 
915.392206 0.083426 
914.075251 0.085407 
912.758297 0.087933 
911.441342 0.089611 
910.124387 0.091711 
908.807433 0.094142 
907.490478 0.095830 
906.173524 0.097527 
904.856569 0.100176 
903.539614 0.102100 
902.222660 0.103797 
900.905705 0.106563 
899.588750 0.108382 
898.271796 0.110855 
896.954841 0.112986 
895.637886 0.114713 
894.320932 0.117313 
893.003977 0.119359 
891.687022 0.121088 
890.370068 0.122822 
889.053113 0.124563 
887.736158 0.126975 
886.419204 0.129228 
885.102249 0.130986 
883.785294 0.132737 
882.468340 0.134535 
881.151385 0.136978 
879.834430 0.138925 
878.517476 0.140985 
877.200521 0.142751 
875.883567 0.144531 
874.566612 0.146302 
873.249657 0.148080 
871.932703 0.149850 
870.615748 0.151630 
869.298793 0.153415 
867.981839 0.155210 
866.664884 0.157005 
865.347929 0.158803 
864.030975 0.160595 
862.714020 0.161768 
861.397065 0.162973 
860.080111 0.164773 
858.763156 0.166582 
857.446201 0.168384 
856.129247 0.170204 
854.812292 0.171143 
853.495337 0.172591 
852.178383 0.173874 
850.861428 0.174993 
849.544473 0.176613 
848.227519 0.177400 
846.910564 0.179229 
845.593610 0.180734 
844.276655 0.181644 
842.959700 0.182219 
841.642746 0.184048 
840.325791 0.184977 
839.008836 0.186360 
837.691882 0.187058 
836.374927 0.187867 
835.057972 0.189253 
833.741018 0.189374 
832.424063 0.190652 
831.107108 0.191245 
829.790154 0.192274 
828.473199 0.192418 
827.156244 0.193776 
825.839290 0.193896 
824.522335 0.195291 
823.205380 0.196018 
821.888426 0.196808 
820.571471 0.196932 
819.254517 0.197786 
817.937562 0.198451 
816.620607 0.198573 
815.303653 0.199549 
813.986698 0.200095 
812.669743 0.200207 
811.352789 0.200329 
810.035834 0.200451 
808.718879 0.201210 
807.401925 0.201975 
806.084970 0.202097 
804.768015 0.202222 
803.451061 0.202344 
802.134106 0.202466 
800.817151 0.202590 
799.500197 0.201429 
798.183242 0.202085 
796.866287 0.202944 
795.549333 0.201783 
794.232378 0.201907 
792.915423 0.202029 
791.598469 0.202151 
790.281514 0.202275 
788.964560 0.201146 
787.647605 0.201239 
786.330650 0.200456 
785.013696 0.200202 
783.696741 0.200319 
782.379786 0.200434 
781.062832 0.200337 
779.745877 0.199400 
778.428922 0.199522 
777.111968 0.199303 
775.795013 0.198488 
774.478058 0.197334 
773.161104 0.196991 
771.844149 0.196303 
770.527194 0.196303 
769.210240 0.195266 
767.893285 0.194335 
766.576330 0.194230 
765.259376 0.193647 
763.942421 0.192028 
762.625466 0.192052 
761.308512 0.191347 
759.991557 0.189757 
758.674603 0.189879 
757.357648 0.189055 
756.040693 0.188709 
754.723739 0.187102 
753.406784 0.186555 
752.089829 0.185151 
750.772875 0.184273 
749.455920 0.183207 
748.138965 0.182870 
746.822011 0.181266 
745.505056 0.179722 
744.188101 0.179334 
742.871147 0.178707 
741.554192 0.177408 
740.237237 0.175820 
738.920283 0.174220 
737.603328 0.173879 
736.286373 0.173042 
734.969419 0.171962 
733.652464 0.170379 
732.335510 0.168801 
731.018555 0.167297 
729.701600 0.166889 
728.384646 0.165319 
727.067691 0.163936 
725.750736 0.163412 
724.433782 0.161846 
723.116827 0.160266 
721.799872 0.159461 
720.482918 0.158376 
719.165963 0.156810 
717.849008 0.155252 
716.532054 0.153791 
715.215099 0.153367 
713.898144 0.151816 
712.581190 0.150472 
711.264235 0.149935 
709.947280 0.148389 
708.630326 0.146824 
707.313371 0.145282 
705.996416 0.143741 
704.679462 0.143414 
703.362507 0.141878 
702.045553 0.140337 
700.728598 0.139361 
699.411643 0.138473 
698.094689 0.136944 
696.777734 0.135415 
695.460779 0.133886 
694.143825 0.132698 
692.826870 0.132030 
691.509915 0.130504 
690.192961 0.128982 
688.876006 0.128365 
687.559051 0.127145 
686.242097 0.125631 
684.925142 0.124117 
683.608187 0.122858 
682.291233 0.122280 
680.974278 0.120776 
679.657323 0.120398 
678.340369 0.118812 
677.023414 0.117410 
675.706459 0.116376 
674.389505 0.115286 
673.072550 0.114020 
671.755596 0.112872 
670.438641 0.111894 
669.121686 0.110984 
667.804732 0.110704 
666.487777 0.108877 
665.170822 0.107570 
663.853868 0.106328 
662.536913 0.105587 
661.219958 0.104239 
659.903004 0.103104 
658.586049 0.102412 
657.269094 0.101629 
655.952140 0.100741 
654.635185 0.099690 
653.318230 0.098829 
652.001276 0.097630 
650.684321 0.096949 
649.367366 0.095718 
648.050412 0.095205 
646.733457 0.094301 
645.416503 0.093925 
644.099548 0.093074 
642.782593 0.092123 
641.465639 0.091277 
640.148684 0.090284 
638.831729 0.089631 
637.514775 0.089289 
636.197820 0.088360 
634.880865 0.087760 
633.563911 0.086753 
632.246956 0.086468 
630.930001 0.085699 
629.613047 0.084814 
628.296092 0.084382 
626.979137 0.084019 
625.662183 0.083114 
624.345228 0.082502 
623.028273 0.082051 
621.711319 0.081222 
620.394364 0.080498 
619.077409 0.080115 
617.760455 0.079644 
616.443500 0.078759 
615.126546 0.078917 
613.809591 0.078305 
612.492636 0.077612 
611.175682 0.076815 
609.858727 0.076644 
608.541772 0.076471 
607.224818 0.075725 
605.907863 0.075615 
604.590908 0.074847 
603.273954 0.074406 
601.956999 0.073962 
600.640044 0.073308 
599.323090 0.073508 
598.006135 0.072808 
596.689180 0.071989 
595.372226 0.071755 
594.055271 0.071040 
592.738316 0.070996 
591.421362 0.070313 
590.104407 0.069955 
588.787452 0.069723 
587.470498 0.069572 
586.153543 0.068799 
584.836589 0.068633 
583.519634 0.067933 
582.202679 0.067528 
580.885725 0.067389 
579.568770 0.066782 
578.251815 0.065994 
576.934861 0.066348 
575.617906 0.065851 
574.300951 0.065609 
572.983997 0.064948 
571.667042 0.064139 
570.350087 0.064031 
569.033133 0.063451 
567.716178 0.063463 
566.399223 0.062868 
565.082269 0.063005 
563.765314 0.062063 
562.448359 0.062100 
561.131405 0.061714 
559.814450 0.061010 
558.497495 0.060571 
557.180541 0.060224 
555.863586 0.059661 
554.546632 0.060178 
553.229677 0.058942 
551.912722 0.058781 
550.595768 0.058661 
549.278813 0.058190 
547.961858 0.057322 
546.644904 0.057478 
545.327949 0.056937 
544.010994 0.055688 
542.694040 0.055857 
541.377085 0.055310 
540.060130 0.055701 
538.743176 0.054220 
537.426221 0.054218 
536.109266 0.053569 
534.792312 0.052781 
533.475357 0.052140 
532.158402 0.052057 
530.841448 0.051891 
529.524493 0.051308 
528.207539 0.050916 
526.890584 0.050355 
525.573629 0.049613 
524.256675 0.049296 
522.939720 0.048684 
521.622765 0.048048 
520.305811 0.047423 
518.988856 0.046945 
517.671901 0.046285 
516.354947 0.045563 
515.037992 0.044885 
513.721037 0.044258 
512.404083 0.043570 
511.087128 0.042836 
509.770173 0.042183 
508.453219 0.041371 
507.136264 0.040571 
505.819309 0.039756 
504.502355 0.038788 
503.185400 0.038271 
501.868445 0.037561 
500.551491 0.036710 
499.234536 0.036081 
497.917582 0.035544 
496.600627 0.034642 
495.283672 0.033842 
493.966718 0.033042 
492.649763 0.032450 
491.332808 0.031894 
490.015854 0.031174 
488.698899 0.030721 
487.381944 0.030165 
486.064990 0.029309 
484.748035 0.028926 
483.431080 0.028643 
482.114126 0.027992 
480.797171 0.027350 
479.480216 0.026858 
478.163262 0.026504 
476.846307 0.026050 
475.529352 0.025572 
474.212398 0.025373 
472.895443 0.024943 
471.578488 0.024468 
470.261534 0.024417 
468.944579 0.024000 
467.627625 0.023358 
466.310670 0.023295 
464.993715 0.023068 
463.676761 0.022717 
462.359806 0.022383 
461.042851 0.021958 
459.725897 0.021461 
458.408942 0.021058 
457.091987 0.020707 
455.775033 0.020736 
454.458078 0.020232 
453.141123 0.019768 
451.824169 0.019510 
450.507214 0.019120 
449.190259 0.018810 
447.873305 0.018610 
446.556350 0.018195 
445.239395 0.017930 
443.922441 0.017652 
442.605486 0.017100 
441.288532 0.016783 
439.971577 0.016576 
438.654622 0.016222 
437.337668 0.015998 
436.020713 0.015532 
434.703758 0.015223 
433.386804 0.014913 
432.069849 0.014259 
430.752894 0.014164 
429.435940 0.013903 
428.118985 0.012996 
426.802030 0.012850 
425.485076 0.013130 
424.168121 0.012616 
422.851166 0.012350 
421.534212 0.012125 
420.217257 0.011828 
418.900302 0.011521 
417.583348 0.011057 
416.266393 0.010943 
414.949438 0.010560 
413.632484 0.009589 
412.315529 0.009372 
410.998575 0.009148 
409.681620 0.008882 
408.364665 0.008714 
407.047711 0.008411 
405.730756 0.008275 
404.413801 0.007967 
403.096847 0.007833 
401.779892 0.007526 
400.462937 0.007355 
399.145983 0.007087 
397.829028 0.006870 
396.512073 0.007116 
395.195119 0.006780 
393.878164 0.006736 
392.561209 0.006431 
391.244255 0.006065 
389.927300 0.005890 
388.610345 0.005531 
387.293391 0.005319 
385.976436 0.005282 
384.659481 0.004860 
383.342527 0.004419 
382.025572 0.004263 
380.708618 0.004117 
379.391663 0.003846 
378.074708 0.003404 
376.757754 0.003343 
375.440799 0.003402 
374.123844 0.002707 
372.806890 0.002468 
371.489935 0.002463 
370.172980 0.001851 
368.856026 0.001673 
367.539071 0.001790 
366.222116 0.001407 
364.905162 0.001114 
363.588207 0.000754 
362.271252 0.000795 
360.954298 0.000617 
359.637343 0.000088 
358.320388 0.000315 
357.003434 0.000358 
355.686479 -0.000222 
354.369525 -0.000188 
353.052570 0.000178 
351.735615 -0.000251 
350.418661 -0.000249 
349.101706 -0.000095 
347.784751 0.000129 
346.467797 0.000444 
345.150842 0.000478 
343.833887 0.000941 
342.516933 0.001417 
341.199978 0.001263 
339.883023 0.001997 
338.566069 0.002646 
337.249114 0.002536 
335.932159 0.003165 
334.615205 0.003843 
333.298250 0.004046 
331.981295 0.004777 
330.664341 0.005287 
329.347386 0.005633 
328.030431 0.006355 
326.713477 0.006775 
325.396522 0.007380 
324.079568 0.007801 
322.762613 0.008275 
321.445658 0.008896 
320.128704 0.009204 
318.811749 0.009804 
317.494794 0.010506 
316.177840 0.010452 
314.860885 0.010786 
313.543930 0.011545 
312.226976 0.011694 
310.910021 0.011908 
309.593066 0.012457 
308.276112 0.012872 
306.959157 0.013113 
305.642202 0.012998 
304.325248 0.013591 
303.008293 0.013830 
301.691338 0.013964 
300.374384 0.014847 
299.057429 0.015708 
297.740474 0.015257 
296.423520 0.015674 
295.106565 0.016413 
293.789611 0.016352 
292.472656 0.016766 
291.155701 0.017815 
289.838747 0.017652 
288.521792 0.017751 
287.204837 0.017766 
285.887883 0.018329 
284.570928 0.018822 
283.253973 0.018359 
281.937019 0.018764 
280.620064 0.019676 
279.303109 0.019478 
277.986155 0.019956 
276.669200 0.020515 
275.352245 0.020368 
274.035291 0.021468 
272.718336 0.021951 
271.401381 0.022370 
270.084427 0.022987 
268.767472 0.022939 
267.450518 0.023204 
266.133563 0.023153 
264.816608 0.023358 
263.499654 0.023963 
262.182699 0.024236 
260.865744 0.024629 
259.548790 0.025848 
258.231835 0.026192 
256.914880 0.027045 
255.597926 0.028077 
254.280971 0.028555 
252.964016 0.028799 
251.647062 0.029743 
250.330107 0.030682 
249.013152 0.029994 
247.696198 0.031216 
246.379243 0.032823 
245.062288 0.033515 
243.745334 0.033803 
242.428379 0.034520 
241.111424 0.035508 
239.794470 0.035752 
238.477515 0.036396 
237.160561 0.036947 
235.843606 0.037469 
234.526651 0.038410 
233.209697 0.039137 
231.892742 0.040371 
230.575787 0.041341 
229.258833 0.041058 
227.941878 0.042100 
226.624923 0.043346 
225.307969 0.043675 
223.991014 0.045119 
222.674059 0.045733 
221.357105 0.046499 
220.040150 0.048187 
218.723195 0.048999 
217.406241 0.049845 
216.089286 0.050877 
214.772331 0.051438 
213.455377 0.052598 
212.138422 0.053630 
210.821467 0.054174 
209.504513 0.055281 
208.187558 0.055469 
206.870604 0.055505 
205.553649 0.056222 
204.236694 0.055727 
202.919740 0.055362 
201.602785 0.055576 
200.285830 0.055086 
198.968876 0.054098 
197.651921 0.053537 
196.334966 0.053667 
195.018012 0.053313 
193.701057 0.051579 
192.384102 0.051547 
191.067148 0.051484 
189.750193 0.049765 
188.433238 0.049555 
187.116284 0.049660 
185.799329 0.047521 
184.482374 0.047028 
183.165420 0.046680 
181.848465 0.046224 
180.531511 0.046316 
179.214556 0.044853 
177.897601 0.043951 
176.580647 0.043595 
175.263692 0.041402 
173.946737 0.041275 
172.629783 0.041934 
171.312828 0.039488 
169.995873 0.038698 
168.678919 0.038973 
167.361964 0.037927 
166.045009 0.037564 
164.728055 0.036761 
163.411100 0.035940 
162.094145 0.035732 
160.777191 0.034240 
159.460236 0.033606 
158.143281 0.032467 
156.826327 0.031223 
155.509372 0.031421 
154.192417 0.030462 
152.875463 0.029726 
151.558508 0.030052 
150.241554 0.029023 
148.924599 0.027760 
147.607644 0.027433 
146.290690 0.025843 
144.973735 0.024775 
143.656780 0.024704 
142.339826 0.024048 
141.022871 0.023463 
139.705916 0.022131 
138.388962 0.020810 
137.072007 0.021393 
135.755052 0.020639 
134.438098 0.019968 
133.121143 0.020944 
131.804188 0.019025 
130.487234 0.017439 
129.170279 0.017912 
127.853324 0.017405 
126.536370 0.015813 
125.219415 0.015818 
123.902460 0.015998 
122.585506 0.015288 
121.268551 0.013740 
119.951597 0.013991 
118.634642 0.014893 
117.317687 0.012696 
116.000733 0.012462 
114.683778 0.012025 
113.366823 0.010233 
112.049869 0.009026 
110.732914 0.006104 
109.415959 0.007187 
108.099005 0.008109 
106.782050 0.007060 
105.465095 0.007838 
104.148141 0.008636 
102.831186 0.006414 
101.514231 0.005950 
100.197277 0.005731 
98.880322 0.004985 
97.563367 0.004695 
96.246413 0.004499 
94.929458 0.004199 
93.612504 0.003926 
92.295549 0.003724 
90.978594 0.003529 
89.661640 0.003156 
88.344685 0.002958 
87.027730 0.002761 
85.710776 0.002558 
84.393821 0.002366 
83.076866 0.002161 
81.759912 0.002010 
80.442957 0.001944 
79.126002 0.001744 
77.809048 0.001544 
76.492093 0.001466 
75.175138 0.001329 
73.858184 0.001124 
72.541229 0.001063 
71.224274 0.000927 
69.907320 0.000876 
68.590365 0.000685 
67.273410 0.000663 
65.956456 0.000571 
64.639501 0.001456 
63.322547 -0.000600 
62.005592 -0.000183 
60.688637 0.000807 
59.371683 0.000015 
58.054728 -0.000515 
56.737773 -0.000441 
55.420819 -0.001156 
54.103864 -0.000259 
52.786909 -0.000595 
51.469955 -0.002934 
50.153000 -0.003068 
