3999.700000 0.000000 
3998.383045 0.000221 
3997.066091 0.000628 
3995.749136 0.000000 
3994.432181 0.000000 
3993.115227 0.000492 
3991.798272 0.000127 
3990.481317 0.000302 
3989.164363 0.000583 
3987.847408 0.000469 
3986.530453 0.000397 
3985.213499 0.000628 
3983.896544 0.000628 
3982.579590 0.000628 
3981.262635 0.000542 
3979.945680 0.000000 
3978.628726 0.000539 
3977.311771 0.000000 
3975.994816 0.000352 
3974.677862 0.000628 
3973.360907 0.000168 
3972.043952 0.000217 
3970.726998 0.000046 
3969.410043 0.000628 
3968.093088 0.000628 
3966.776134 0.000628 
3965.459179 0.000628 
3964.142224 0.000628 
3962.825270 0.000121 
3961.508315 0.000628 
3960.191360 0.000628 
3958.874406 0.000423 
3957.557451 0.000449 
3956.240496 0.000591 
3954.923542 0.000263 
3953.606587 0.000130 
3952.289633 0.000628 
3950.972678 0.000297 
3949.655723 0.000530 
3948.338769 0.000628 
3947.021814 0.000628 
3945.704859 0.000003 
3944.387905 0.000196 
3943.070950 0.000628 
3941.753995 0.000032 
3940.437041 0.000628 
3939.120086 0.000139 
3937.803131 0.000628 
3936.486177 0.000305 
3935.169222 0.000581 
3933.852267 0.000628 
3932.535313 0.000628 
3931.218358 0.000628 
3929.901403 0.000208 
3928.584449 0.000179 
3927.267494 0.000544 
3925.950540 0.000000 
3924.633585 0.000534 
3923.316630 0.000000 
3921.999676 0.000000 
3920.682721 0.000576 
3919.365766 0.000628 
3918.048812 0.000628 
3916.731857 0.000020 
3915.414902 0.000000 
3914.097948 0.000000 
3912.780993 0.000000 
3911.464038 0.000305 
3910.147084 0.000628 
3908.830129 0.000510 
3907.513174 0.000000 
3906.196220 0.000000 
3904.879265 0.000628 
3903.562310 0.000628 
3902.245356 0.000628 
3900.928401 0.000628 
3899.611446 0.000628 
3898.294492 0.000074 
3896.977537 0.000300 
3895.660583 0.000000 
3894.343628 0.000466 
3893.026673 0.000360 
3891.709719 0.000628 
3890.392764 0.000194 
3889.075809 0.000628 
3887.758855 0.000026 
3886.441900 0.000628 
3885.124945 0.000628 
3883.807991 0.000628 
3882.491036 0.000309 
3881.174081 0.000576 
3879.857127 0.000628 
3878.540172 0.000237 
3877.223217 0.000000 
3875.906263 0.000205 
3874.589308 0.000182 
3873.272353 0.000000 
3871.955399 0.000279 
3870.638444 0.000150 
3869.321489 0.000628 
3868.004535 0.000283 
3866.687580 0.000000 
3865.370626 0.000000 
3864.053671 0.000000 
3862.736716 0.000605 
3861.419762 0.000238 
3860.102807 0.000191 
3858.785852 0.000556 
3857.468898 0.000000 
3856.151943 0.000523 
3854.834988 0.001025 
3853.518034 0.000365 
3852.201079 0.000064 
3850.884124 0.000430 
3849.567170 0.000000 
3848.250215 0.000000 
3846.933260 0.000000 
3845.616306 0.000000 
3844.299351 0.000628 
3842.982396 0.000628 
3841.665442 0.000628 
3840.348487 0.000471 
3839.031533 0.000357 
3837.714578 0.000628 
3836.397623 0.000191 
3835.080669 0.000196 
3833.763714 0.000628 
3832.446759 0.000381 
3831.129805 0.000484 
3829.812850 0.000061 
3828.495895 0.000628 
3827.178941 0.000628 
3825.861986 0.000628 
3824.545031 0.000628 
3823.228077 0.000017 
3821.911122 0.000628 
3820.594167 0.000628 
3819.277213 0.000628 
3817.960258 0.000628 
3816.643303 0.000153 
3815.326349 0.000628 
3814.009394 0.000628 
3812.692439 0.000065 
3811.375485 0.000487 
3810.058530 0.000000 
3808.741576 0.000000 
3807.424621 0.000393 
3806.107666 0.000435 
3804.790712 0.000069 
3803.473757 0.000628 
3802.156802 0.000628 
3800.839848 0.000628 
3799.522893 0.000628 
3798.205938 0.000628 
3796.888984 0.000481 
3795.572029 0.000000 
3794.255074 0.000628 
3792.938120 0.000628 
3791.621165 0.000155 
3790.304210 0.000628 
3788.987256 0.000628 
3787.670301 0.000628 
3786.353346 0.000628 
3785.036392 0.000628 
3783.719437 0.000628 
3782.402482 0.000442 
3781.085528 0.000429 
3779.768573 0.000628 
3778.451619 0.000628 
3777.134664 0.000628 
3775.817709 0.000628 
3774.500755 0.000315 
3773.183800 0.000513 
3771.866845 0.000000 
3770.549891 0.000000 
3769.232936 0.000605 
3767.915981 0.000628 
3766.599027 0.000628 
3765.282072 0.000615 
3763.965117 0.000000 
3762.648163 0.000000 
3761.331208 0.000000 
3760.014253 0.000000 
3758.697299 0.000000 
3757.380344 0.000490 
3756.063389 0.000374 
3754.746435 0.000029 
3753.429480 0.000628 
3752.112526 0.000196 
3750.795571 0.000628 
3749.478616 0.000364 
3748.161662 0.000516 
3746.844707 0.000098 
3745.527752 0.000628 
3744.210798 0.000069 
3742.893843 0.000144 
3741.576888 0.000237 
3740.259934 0.000591 
3738.942979 0.000000 
3737.626024 0.000471 
3736.309070 0.000570 
3734.992115 0.000000 
3733.675160 0.000000 
3732.358206 0.000000 
3731.041251 0.000351 
3729.724296 0.000078 
3728.407342 0.000183 
3727.090387 0.000245 
3725.773432 0.000017 
3724.456478 0.000413 
3723.139523 0.000461 
3721.822569 0.000575 
3720.505614 0.000310 
3719.188659 0.000628 
3717.871705 0.000628 
3716.554750 0.000628 
3715.237795 0.000628 
3713.920841 0.000628 
3712.603886 0.000628 
3711.286931 0.000628 
3709.969977 0.000628 
3708.653022 0.000628 
3707.336067 0.000628 
3706.019113 0.000628 
3704.702158 0.000628 
3703.385203 0.000628 
3702.068249 0.000628 
3700.751294 0.000628 
3699.434339 0.001255 
3698.117385 0.001255 
3696.800430 0.001255 
3695.483475 0.001255 
3694.166521 0.001255 
3692.849566 0.001255 
3691.532612 0.001255 
3690.215657 0.001255 
3688.898702 0.001743 
3687.581748 0.001645 
3686.264793 0.001884 
3684.947838 0.001884 
3683.630884 0.001884 
3682.313929 0.001884 
3680.996974 0.002139 
3679.680020 0.002514 
3678.363065 0.002514 
3677.046110 0.002514 
3675.729156 0.002514 
3674.412201 0.002695 
3673.095246 0.003144 
3671.778292 0.003144 
3670.461337 0.003144 
3669.144382 0.003144 
3667.827428 0.003190 
3666.510473 0.003775 
3665.193519 0.003775 
3663.876564 0.003916 
3662.559609 0.004406 
3661.242655 0.004406 
3659.925700 0.004579 
3658.608745 0.005037 
3657.291791 0.005664 
3655.974836 0.005265 
3654.657881 0.005669 
3653.340927 0.005711 
3652.023972 0.006303 
3650.707017 0.006303 
3649.390063 0.006937 
3648.073108 0.006937 
3646.756153 0.007535 
3645.439199 0.007571 
3644.122244 0.008001 
3642.805289 0.008206 
3641.488335 0.008468 
3640.171380 0.008842 
3638.854425 0.009479 
3637.537471 0.009479 
3636.220516 0.010030 
3634.903562 0.010254 
3633.586607 0.010752 
3632.269652 0.011347 
3630.952698 0.011614 
3629.635743 0.012030 
3628.318788 0.012082 
3627.001834 0.012670 
3625.684879 0.013178 
3624.367924 0.013395 
3623.050970 0.013951 
3621.734015 0.014505 
3620.417060 0.015235 
3619.100106 0.015620 
3617.783151 0.015889 
3616.466196 0.016521 
3615.149242 0.016986 
3613.832287 0.017209 
3612.515332 0.018087 
3611.198378 0.018456 
3609.881423 0.019187 
3608.564468 0.019749 
3607.247514 0.020302 
3605.930559 0.020572 
3604.613605 0.021468 
3603.296650 0.022344 
3601.979695 0.022575 
3600.662741 0.023474 
3599.345786 0.024335 
3598.028831 0.024949 
3596.711877 0.025463 
3595.394922 0.026388 
3594.077967 0.026908 
3592.761013 0.028130 
3591.444058 0.028387 
3590.127103 0.029295 
3588.810149 0.030183 
3587.493194 0.031118 
3586.176239 0.031985 
3584.859285 0.032921 
3583.542330 0.033793 
3582.225375 0.034722 
3580.908421 0.035604 
3579.591466 0.036517 
3578.274512 0.037422 
3576.957557 0.038497 
3575.640602 0.039912 
3574.323648 0.040859 
3573.006693 0.041741 
3571.689738 0.042678 
3570.372784 0.044250 
3569.055829 0.045503 
3567.738874 0.046768 
3566.421920 0.047806 
3565.104965 0.049296 
3563.788010 0.050190 
3562.471056 0.051834 
3561.154101 0.053270 
3559.837146 0.054427 
3558.520192 0.056288 
3557.203237 0.057629 
3555.886282 0.059321 
3554.569328 0.061259 
3553.252373 0.062495 
3551.935418 0.064356 
3550.618464 0.066189 
3549.301509 0.068167 
3547.984555 0.070013 
3546.667600 0.071961 
3545.350645 0.073865 
3544.033691 0.075859 
3542.716736 0.077727 
3541.399781 0.080454 
3540.082827 0.082336 
3538.765872 0.085020 
3537.448917 0.087159 
3536.131963 0.089692 
3534.815008 0.092369 
3533.498053 0.094347 
3532.181099 0.096893 
3530.864144 0.099277 
3529.547189 0.102187 
3528.230235 0.105299 
3526.913280 0.108269 
3525.596325 0.111348 
3524.279371 0.114412 
3522.962416 0.117453 
3521.645461 0.120617 
3520.328507 0.123627 
3519.011552 0.126883 
3517.694598 0.130467 
3516.377643 0.133988 
3515.060688 0.137178 
3513.743734 0.140388 
3512.426779 0.144330 
3511.109824 0.147650 
3509.792870 0.150790 
3508.475915 0.154453 
3507.158960 0.158175 
3505.842006 0.161663 
3504.525051 0.165339 
3503.208096 0.168880 
3501.891142 0.172409 
3500.574187 0.175899 
3499.257232 0.179892 
3497.940278 0.183584 
3496.623323 0.186914 
3495.306368 0.190514 
3493.989414 0.194738 
3492.672459 0.198306 
3491.355505 0.201792 
3490.038550 0.205677 
3488.721595 0.209805 
3487.404641 0.213541 
3486.087686 0.217034 
3484.770731 0.220793 
3483.453777 0.225245 
3482.136822 0.228973 
3480.819867 0.232654 
3479.502913 0.237261 
3478.185958 0.241073 
3476.869003 0.244764 
3475.552049 0.249607 
3474.235094 0.253307 
3472.918139 0.258257 
3471.601185 0.262169 
3470.284230 0.266950 
3468.967275 0.270910 
3467.650321 0.275588 
3466.333366 0.279785 
3465.016411 0.284953 
3463.699457 0.289565 
3462.382502 0.294226 
3461.065548 0.299091 
3459.748593 0.304200 
3458.431638 0.308709 
3457.114684 0.313867 
3455.797729 0.318906 
3454.480774 0.324509 
3453.163820 0.329357 
3451.846865 0.335334 
3450.529910 0.339981 
3449.212956 0.346020 
3447.896001 0.350786 
3446.579046 0.356802 
3445.262092 0.361965 
3443.945137 0.367578 
3442.628182 0.372980 
3441.311228 0.378313 
3439.994273 0.384021 
3438.677318 0.389658 
3437.360364 0.394756 
3436.043409 0.400038 
3434.726454 0.405680 
3433.409500 0.410467 
3432.092545 0.416201 
3430.775591 0.421634 
3429.458636 0.426877 
3428.141681 0.432023 
3426.824727 0.438348 
3425.507772 0.443509 
3424.190817 0.448815 
3422.873863 0.452659 
3421.556908 0.458846 
3420.239953 0.463288 
3418.922999 0.468893 
3417.606044 0.474149 
3416.289089 0.479811 
3414.972135 0.483841 
3413.655180 0.486989 
3412.338225 0.492257 
3411.021271 0.499574 
3409.704316 0.504115 
3408.387361 0.509510 
3407.070407 0.513857 
3405.753452 0.518670 
3404.436497 0.522744 
3403.119543 0.527928 
3401.802588 0.533224 
3400.485634 0.537324 
3399.168679 0.542395 
3397.851724 0.547181 
3396.534770 0.551146 
3395.217815 0.555367 
3393.900860 0.560990 
3392.583906 0.564473 
3391.266951 0.569176 
3389.949996 0.573597 
3388.633042 0.577995 
3387.316087 0.582160 
3385.999132 0.585078 
3384.682178 0.589511 
3383.365223 0.592127 
3382.048268 0.594659 
3380.731314 0.601120 
3379.414359 0.605316 
3378.097404 0.608470 
3376.780450 0.612843 
3375.463495 0.614235 
3374.146541 0.619583 
3372.829586 0.623475 
3371.512631 0.627475 
3370.195677 0.631051 
3368.878722 0.633868 
3367.561767 0.638762 
3366.244813 0.642032 
3364.927858 0.646266 
3363.610903 0.649450 
3362.293949 0.652844 
3360.976994 0.656991 
3359.660039 0.660538 
3358.343085 0.663703 
3357.026130 0.667960 
3355.709175 0.671752 
3354.392221 0.675117 
3353.075266 0.679195 
3351.758311 0.683329 
3350.441357 0.686448 
3349.124402 0.691603 
3347.807447 0.695079 
3346.490493 0.699541 
3345.173538 0.703421 
3343.856584 0.706680 
3342.539629 0.712081 
3341.222674 0.715909 
3339.905720 0.720675 
3338.588765 0.724289 
3337.271810 0.729769 
3335.954856 0.732797 
3334.637901 0.736773 
3333.320946 0.742143 
3332.003992 0.747360 
3330.687037 0.751360 
3329.370082 0.757275 
3328.053128 0.762829 
3326.736173 0.767167 
3325.419218 0.772393 
3324.102264 0.777395 
3322.785309 0.782030 
3321.468354 0.788247 
3320.151400 0.792858 
3318.834445 0.800310 
3317.517490 0.804098 
3316.200536 0.810384 
3314.883581 0.816540 
3313.566627 0.820534 
3312.249672 0.826970 
3310.932717 0.833250 
3309.615763 0.837533 
3308.298808 0.844272 
3306.981853 0.848275 
3305.664899 0.854990 
3304.347944 0.861677 
3303.030989 0.868392 
3301.714035 0.873640 
3300.397080 0.879520 
3299.080125 0.884224 
3297.763171 0.891024 
3296.446216 0.895804 
3295.129261 0.903013 
3293.812307 0.907901 
3292.495352 0.914174 
3291.178397 0.919632 
3289.861443 0.924253 
3288.544488 0.929130 
3287.227534 0.934559 
3285.910579 0.938767 
3284.593624 0.945040 
3283.276670 0.949005 
3281.959715 0.953319 
3280.642760 0.959789 
3279.325806 0.963616 
3278.008851 0.965688 
3276.691896 0.971638 
3275.374942 0.972868 
3274.057987 0.976780 
3272.741032 0.980932 
3271.424078 0.981961 
3270.107123 0.986061 
3268.790168 0.987763 
3267.473214 0.990800 
3266.156259 0.992459 
3264.839304 0.993851 
3263.522350 0.996918 
3262.205395 0.996918 
3260.888440 1.000000 
3259.571486 1.000000 
3258.254531 1.000000 
3256.937577 1.000000 
3255.620622 1.000000 
3254.303667 1.000000 
3252.986713 1.000000 
3251.669758 0.998185 
3250.352803 0.996918 
3249.035849 0.996918 
3247.718894 0.994829 
3246.401939 0.993851 
3245.084985 0.990800 
3243.768030 0.990800 
3242.451075 0.987763 
3241.134121 0.986355 
3239.817166 0.982124 
3238.500211 0.981069 
3237.183257 0.976903 
3235.866302 0.975760 
3234.549347 0.971759 
3233.232393 0.969843 
3231.915438 0.966659 
3230.598483 0.962815 
3229.281529 0.958760 
3227.964574 0.957785 
3226.647620 0.953850 
3225.330665 0.949938 
3224.013710 0.946135 
3222.696756 0.942188 
3221.379801 0.938208 
3220.062846 0.934533 
3218.745892 0.930678 
3217.428937 0.926969 
3216.111982 0.923242 
3214.795028 0.917316 
3213.478073 0.913196 
3212.161118 0.909433 
3210.844164 0.905921 
3209.527209 0.902165 
3208.210254 0.896806 
3206.893300 0.892372 
3205.576345 0.887936 
3204.259390 0.882731 
3202.942436 0.879186 
3201.625481 0.873235 
3200.308527 0.869920 
3198.991572 0.863881 
3197.674617 0.859321 
3196.357663 0.854680 
3195.040708 0.848942 
3193.723753 0.843953 
3192.406799 0.840010 
3191.089844 0.834252 
3189.772889 0.829425 
3188.455935 0.823123 
3187.138980 0.818996 
3185.822025 0.812530 
3184.505071 0.806905 
3183.188116 0.802512 
3181.871161 0.796407 
3180.554207 0.790434 
3179.237252 0.784316 
3177.920297 0.778137 
3176.603343 0.772453 
3175.286388 0.766479 
3173.969433 0.760809 
3172.652479 0.755070 
3171.335524 0.747591 
3170.018570 0.741814 
3168.701615 0.736121 
3167.384660 0.728963 
3166.067706 0.723138 
3164.750751 0.716227 
3163.433796 0.710288 
3162.116842 0.703219 
3160.799887 0.696428 
3159.482932 0.689119 
3158.165978 0.682865 
3156.849023 0.675546 
3155.532068 0.669589 
3154.215114 0.662424 
3152.898159 0.654798 
3151.581204 0.647804 
3150.264250 0.640512 
3148.947295 0.633484 
3147.630340 0.626239 
3146.313386 0.619547 
3144.996431 0.610766 
3143.679476 0.604239 
3142.362522 0.597322 
3141.045567 0.589293 
3139.728613 0.581679 
3138.411658 0.574694 
3137.094703 0.566826 
3135.777749 0.559330 
3134.460794 0.552226 
3133.143839 0.544310 
3131.826885 0.537246 
3130.509930 0.529639 
3129.192975 0.521676 
3127.876021 0.513877 
3126.559066 0.507685 
3125.242111 0.499900 
3123.925157 0.492605 
3122.608202 0.484862 
3121.291247 0.476796 
3119.974293 0.470009 
3118.657338 0.461655 
3117.340383 0.454529 
3116.023429 0.447647 
3114.706474 0.439784 
3113.389520 0.432643 
3112.072565 0.425599 
3110.755610 0.418337 
3109.438656 0.411013 
3108.121701 0.404236 
3106.804746 0.396870 
3105.487792 0.389346 
3104.170837 0.382828 
3102.853882 0.375806 
3101.536928 0.368898 
3100.219973 0.362152 
3098.903018 0.354749 
3097.586064 0.348615 
3096.269109 0.341833 
3094.952154 0.334960 
3093.635200 0.328752 
3092.318245 0.322320 
3091.001290 0.316662 
3089.684336 0.309930 
3088.367381 0.303218 
3087.050426 0.297777 
3085.733472 0.291610 
3084.416517 0.285855 
3083.099563 0.280211 
3081.782608 0.274160 
3080.465653 0.269048 
3079.148699 0.263632 
3077.831744 0.258619 
3076.514789 0.253274 
3075.197835 0.247620 
3073.880880 0.243011 
3072.563925 0.238142 
3071.246971 0.233063 
3069.930016 0.228287 
3068.613061 0.223541 
3067.296107 0.219386 
3065.979152 0.214470 
3064.662197 0.210608 
3063.345243 0.206441 
3062.028288 0.201883 
3060.711333 0.197570 
3059.394379 0.194182 
3058.077424 0.189712 
3056.760469 0.186367 
3055.443515 0.181948 
3054.126560 0.178647 
3052.809606 0.175170 
3051.492651 0.171843 
3050.175696 0.168478 
3048.858742 0.165115 
3047.541787 0.161858 
3046.224832 0.158458 
3044.907878 0.155037 
3043.590923 0.151871 
3042.273968 0.148557 
3040.957014 0.146142 
3039.640059 0.142929 
3038.323104 0.140292 
3037.006150 0.137430 
3035.689195 0.134843 
3034.372240 0.132418 
3033.055286 0.129455 
3031.738331 0.126854 
3030.421376 0.124489 
3029.104422 0.122177 
3027.787467 0.119560 
3026.470513 0.117560 
3025.153558 0.115426 
3023.836603 0.112870 
3022.519649 0.110568 
3021.202694 0.108602 
3019.885739 0.106506 
3018.568785 0.104499 
3017.251830 0.102919 
3015.934875 0.101236 
3014.617921 0.099150 
3013.300966 0.097731 
3011.984011 0.095962 
3010.667057 0.094685 
3009.350102 0.093251 
3008.033147 0.092160 
3006.716193 0.090561 
3005.399238 0.089575 
3004.082283 0.088605 
3002.765329 0.087599 
3001.448374 0.086579 
3000.131419 0.085897 
2998.814465 0.085350 
2997.497510 0.084460 
2996.180556 0.084125 
2994.863601 0.083143 
2993.546646 0.082189 
2992.229692 0.081188 
2990.912737 0.079617 
2989.595782 0.078528 
2988.278828 0.077055 
2986.961873 0.075854 
2985.644918 0.074215 
2984.327964 0.072698 
2983.011009 0.071536 
2981.694054 0.069916 
2980.377100 0.068993 
2979.060145 0.068002 
2977.743190 0.067083 
2976.426236 0.066095 
2975.109281 0.065873 
2973.792326 0.065379 
2972.475372 0.064683 
2971.158417 0.064377 
2969.841462 0.063988 
2968.524508 0.063867 
2967.207553 0.062953 
2965.890599 0.062600 
2964.573644 0.061909 
2963.256689 0.061491 
2961.939735 0.060553 
2960.622780 0.059623 
2959.305825 0.059146 
2957.988871 0.058381 
2956.671916 0.057474 
2955.354961 0.056514 
2954.038007 0.055598 
2952.721052 0.054661 
2951.404097 0.053727 
2950.087143 0.052811 
2948.770188 0.051863 
2947.453233 0.050966 
2946.136279 0.050003 
2944.819324 0.049571 
2943.502369 0.049504 
2942.185415 0.048892 
2940.868460 0.048892 
2939.551506 0.048892 
2938.234551 0.048892 
2936.917596 0.048892 
2935.600642 0.048690 
2934.283687 0.047798 
2932.966732 0.046839 
2931.649778 0.045949 
2930.332823 0.045012 
2929.015868 0.044039 
2927.698914 0.042484 
2926.381959 0.041600 
2925.065004 0.039982 
2923.748050 0.039103 
2922.431095 0.038804 
2921.114140 0.037946 
2919.797186 0.037471 
2918.480231 0.037458 
2917.163276 0.036806 
2915.846322 0.036806 
2914.529367 0.036806 
2913.212412 0.036806 
2911.895458 0.036806 
2910.578503 0.036141 
2909.261549 0.035744 
2907.944594 0.035477 
2906.627639 0.034614 
2905.310685 0.034151 
2903.993730 0.033486 
2902.676775 0.032829 
2901.359821 0.032339 
2900.042866 0.032063 
2898.725911 0.031161 
2897.408957 0.030849 
2896.092002 0.030190 
2894.775047 0.029780 
2893.458093 0.029533 
2892.141138 0.028876 
2890.824183 0.028876 
2889.507229 0.028219 
2888.190274 0.027951 
2886.873319 0.027564 
2885.556365 0.027460 
2884.239410 0.026908 
2882.922455 0.026908 
2881.605501 0.026716 
2880.288546 0.026254 
2878.971592 0.026254 
2877.654637 0.026254 
2876.337682 0.026254 
2875.020728 0.026254 
2873.703773 0.026254 
2872.386818 0.026254 
2871.069864 0.026908 
2869.752909 0.026908 
2868.435954 0.026908 
2867.119000 0.027564 
2865.802045 0.027564 
2864.485090 0.027574 
2863.168136 0.028219 
2861.851181 0.028219 
2860.534226 0.028267 
2859.217272 0.028876 
2857.900317 0.028876 
2856.583362 0.028876 
2855.266408 0.028876 
2853.949453 0.028876 
2852.632498 0.028876 
2851.315544 0.028876 
2849.998589 0.028219 
2848.681635 0.027945 
2847.364680 0.027564 
2846.047725 0.026908 
2844.730771 0.026908 
2843.413816 0.027481 
2842.096861 0.027711 
2840.779907 0.028627 
2839.462952 0.030108 
2838.145997 0.032635 
2836.829043 0.034378 
2835.512088 0.036923 
2834.195133 0.038407 
2832.878179 0.039340 
2831.561224 0.040047 
2830.244269 0.039471 
2828.927315 0.038889 
2827.610360 0.037331 
2826.293405 0.036000 
2824.976451 0.034120 
2823.659496 0.032378 
2822.342542 0.030546 
2821.025587 0.029435 
2819.708632 0.027649 
2818.391678 0.026380 
2817.074723 0.024858 
2815.757768 0.023942 
2814.440814 0.023086 
2813.123859 0.021515 
2811.806904 0.020618 
2810.489950 0.019741 
2809.172995 0.018868 
2807.856040 0.017975 
2806.539086 0.017122 
2805.222131 0.016214 
2803.905176 0.015366 
2802.588222 0.014592 
2801.271267 0.014253 
2799.954312 0.013349 
2798.637358 0.012670 
2797.320403 0.012258 
2796.003448 0.011395 
2794.686494 0.011128 
2793.369539 0.010752 
2792.052585 0.010022 
2790.735630 0.009479 
2789.418675 0.009479 
2788.101721 0.008842 
2786.784766 0.008478 
2785.467811 0.008206 
2784.150857 0.008030 
2782.833902 0.007571 
2781.516947 0.006937 
2780.199993 0.006937 
2778.883038 0.006432 
2777.566083 0.006303 
2776.249129 0.005986 
2774.932174 0.005669 
2773.615219 0.005669 
2772.298265 0.005669 
2770.981310 0.005089 
2769.664355 0.005037 
2768.347401 0.005037 
2767.030446 0.004406 
2765.713491 0.004406 
2764.396537 0.004406 
2763.079582 0.004322 
2761.762628 0.003775 
2760.445673 0.003775 
2759.128718 0.003775 
2757.811764 0.003775 
2756.494809 0.003144 
2755.177854 0.003144 
2753.860900 0.003144 
2752.543945 0.003144 
2751.226990 0.002846 
2749.910036 0.003011 
2748.593081 0.002514 
2747.276126 0.002514 
2745.959172 0.002514 
2744.642217 0.002514 
2743.325262 0.002514 
2742.008308 0.002514 
2740.691353 0.001884 
2739.374398 0.001884 
2738.057444 0.001884 
2736.740489 0.001884 
2735.423535 0.001884 
2734.106580 0.001884 
2732.789625 0.001884 
2731.472671 0.001884 
2730.155716 0.001255 
2728.838761 0.001255 
2727.521807 0.001255 
2726.204852 0.001255 
2724.887897 0.001255 
2723.570943 0.001255 
2722.253988 0.001255 
2720.937033 0.001255 
2719.620079 0.001255 
2718.303124 0.001255 
2716.986169 0.001255 
2715.669215 0.001047 
2714.352260 0.000628 
2713.035305 0.000628 
2711.718351 0.000628 
2710.401396 0.000628 
2709.084441 0.000628 
2707.767487 0.000628 
2706.450532 0.000628 
2705.133578 0.000628 
2703.816623 0.000628 
2702.499668 0.000628 
2701.182714 0.000628 
2699.865759 0.000628 
2698.548804 0.000628 
2697.231850 0.000628 
2695.914895 0.000628 
2694.597940 0.000628 
2693.280986 0.000628 
2691.964031 0.000628 
2690.647076 0.000628 
2689.330122 0.000628 
2688.013167 0.000628 
2686.696212 0.000628 
2685.379258 0.000628 
2684.062303 0.000628 
2682.745348 0.000628 
2681.428394 0.000628 
2680.111439 0.000628 
2678.794484 0.000628 
2677.477530 0.000628 
2676.160575 0.000461 
2674.843621 0.000000 
2673.526666 0.000611 
2672.209711 0.000628 
2670.892757 0.000628 
2669.575802 0.000628 
2668.258847 0.000628 
2666.941893 0.000628 
2665.624938 0.000628 
2664.307983 0.000628 
2662.991029 0.000628 
2661.674074 0.000628 
2660.357119 0.000628 
2659.040165 0.000628 
2657.723210 0.000628 
2656.406255 0.000628 
2655.089301 0.000628 
2653.772346 0.000628 
2652.455391 0.000628 
2651.138437 0.000628 
2649.821482 0.000628 
2648.504528 0.000628 
2647.187573 0.000628 
2645.870618 0.000628 
2644.553664 0.000628 
2643.236709 0.000628 
2641.919754 0.000628 
2640.602800 0.000628 
2639.285845 0.000628 
2637.968890 0.000628 
2636.651936 0.000628 
2635.334981 0.000628 
2634.018026 0.000628 
2632.701072 0.000628 
2631.384117 0.000628 
2630.067162 0.000628 
2628.750208 0.000628 
2627.433253 0.000628 
2626.116298 0.001139 
2624.799344 0.000942 
2623.482389 0.001255 
2622.165434 0.001255 
2620.848480 0.001255 
2619.531525 0.001255 
2618.214571 0.001497 
2616.897616 0.001884 
2615.580661 0.001884 
2614.263707 0.001884 
2612.946752 0.001884 
2611.629797 0.001884 
2610.312843 0.001884 
2608.995888 0.001884 
2607.678933 0.001884 
2606.361979 0.001884 
2605.045024 0.001884 
2603.728069 0.001884 
2602.411115 0.001884 
2601.094160 0.002448 
2599.777205 0.001884 
2598.460251 0.001884 
2597.143296 0.001884 
2595.826341 0.001884 
2594.509387 0.001884 
2593.192432 0.001884 
2591.875477 0.001884 
2590.558523 0.001884 
2589.241568 0.001884 
2587.924614 0.001884 
2586.607659 0.001884 
2585.290704 0.001884 
2583.973750 0.001884 
2582.656795 0.001884 
2581.339840 0.001884 
2580.022886 0.001884 
2578.705931 0.001884 
2577.388976 0.001884 
2576.072022 0.001884 
2574.755067 0.001884 
2573.438112 0.001884 
2572.121158 0.001884 
2570.804203 0.001884 
2569.487248 0.001884 
2568.170294 0.001884 
2566.853339 0.002267 
2565.536384 0.002514 
2564.219430 0.001884 
2562.902475 0.002323 
2561.585521 0.002514 
2560.268566 0.002514 
2558.951611 0.002514 
2557.634657 0.002514 
2556.317702 0.002514 
2555.000747 0.002514 
2553.683793 0.002666 
2552.366838 0.002745 
2551.049883 0.003112 
2549.732929 0.003144 
2548.415974 0.003144 
2547.099019 0.003144 
2545.782065 0.003144 
2544.465110 0.003144 
2543.148155 0.003144 
2541.831201 0.002786 
2540.514246 0.002514 
2539.197291 0.002514 
2537.880337 0.002514 
2536.563382 0.002514 
2535.246427 0.002514 
2533.929473 0.002514 
2532.612518 0.002453 
2531.295564 0.001884 
2529.978609 0.001884 
2528.661654 0.001884 
2527.344700 0.001884 
2526.027745 0.001884 
2524.710790 0.001255 
2523.393836 0.001255 
2522.076881 0.001255 
2520.759926 0.001255 
2519.442972 0.001255 
2518.126017 0.001255 
2516.809062 0.000947 
2515.492108 0.000628 
2514.175153 0.000628 
2512.858198 0.000628 
2511.541244 0.000628 
2510.224289 0.000628 
2508.907334 0.000628 
2507.590380 0.000628 
2506.273425 0.000628 
2504.956470 0.000628 
2503.639516 0.000628 
2502.322561 0.000295 
2501.005607 0.000000 
2499.688652 0.000628 
2498.371697 0.000628 
2497.054743 0.000628 
2495.737788 0.000400 
2494.420833 0.000426 
2493.103879 0.000000 
2491.786924 0.000000 
2490.469969 0.000510 
2489.153015 0.000526 
2487.836060 0.000000 
2486.519105 0.000553 
2485.202151 0.000000 
2483.885196 0.000000 
2482.568241 0.000000 
2481.251287 0.000000 
2479.934332 0.000000 
2478.617377 0.000000 
2477.300423 0.000279 
2475.983468 0.000116 
2474.666514 0.000628 
2473.349559 0.000628 
2472.032604 0.000628 
2470.715650 0.000628 
2469.398695 0.000628 
2468.081740 0.000628 
2466.764786 0.000628 
2465.447831 0.001099 
2464.130876 0.001255 
2462.813922 0.001255 
2461.496967 0.001255 
2460.180012 0.001255 
2458.863058 0.001255 
2457.546103 0.001255 
2456.229148 0.001255 
2454.912194 0.001688 
2453.595239 0.001258 
2452.278284 0.001884 
2450.961330 0.001884 
2449.644375 0.001884 
2448.327420 0.001884 
2447.010466 0.001884 
2445.693511 0.001884 
2444.376557 0.001884 
2443.059602 0.002477 
2441.742647 0.002110 
2440.425693 0.002514 
2439.108738 0.002514 
2437.791783 0.002514 
2436.474829 0.002514 
2435.157874 0.002514 
2433.840919 0.002514 
2432.523965 0.002514 
2431.207010 0.002514 
2429.890055 0.002514 
2428.573101 0.002514 
2427.256146 0.002514 
2425.939191 0.002514 
2424.622237 0.003144 
2423.305282 0.003144 
2421.988327 0.003144 
2420.671373 0.003144 
2419.354418 0.003144 
2418.037463 0.003144 
2416.720509 0.003144 
2415.403554 0.003144 
2414.086600 0.003144 
2412.769645 0.003144 
2411.452690 0.003144 
2410.135736 0.003775 
2408.818781 0.003775 
2407.501826 0.003775 
2406.184872 0.003775 
2404.867917 0.003775 
2403.550962 0.003775 
2402.234008 0.003775 
2400.917053 0.003775 
2399.600098 0.003775 
2398.283144 0.004038 
2396.966189 0.004406 
2395.649234 0.003870 
2394.332280 0.004406 
2393.015325 0.004406 
2391.698370 0.004406 
2390.381416 0.004406 
2389.064461 0.004406 
2387.747507 0.004406 
2386.430552 0.004406 
2385.113597 0.004461 
2383.796643 0.005037 
2382.479688 0.005037 
2381.162733 0.005037 
2379.845779 0.005037 
2378.528824 0.005037 
2377.211869 0.005037 
2375.894915 0.005037 
2374.577960 0.005037 
2373.261005 0.005669 
2371.944051 0.005669 
2370.627096 0.005669 
2369.310141 0.005669 
2367.993187 0.005669 
2366.676232 0.005756 
2365.359277 0.006303 
2364.042323 0.006303 
2362.725368 0.006303 
2361.408413 0.006303 
2360.091459 0.006303 
2358.774504 0.006510 
2357.457550 0.006937 
2356.140595 0.006937 
2354.823640 0.006937 
2353.506686 0.006937 
2352.189731 0.006937 
2350.872776 0.007271 
2349.555822 0.007571 
2348.238867 0.007571 
2346.921912 0.007571 
2345.604958 0.007571 
2344.288003 0.007792 
2342.971048 0.008206 
2341.654094 0.008206 
2340.337139 0.008206 
2339.020184 0.008206 
2337.703230 0.008332 
2336.386275 0.008842 
2335.069320 0.008842 
2333.752366 0.008842 
2332.435411 0.008842 
2331.118456 0.008842 
2329.801502 0.009479 
2328.484547 0.009479 
2327.167593 0.009479 
2325.850638 0.009479 
2324.533683 0.010030 
2323.216729 0.010115 
2321.899774 0.010115 
2320.582819 0.010115 
2319.265865 0.010328 
2317.948910 0.010752 
2316.631955 0.010752 
2315.315001 0.010752 
2313.998046 0.010752 
2312.681091 0.011392 
2311.364137 0.011392 
2310.047182 0.011392 
2308.730227 0.011392 
2307.413273 0.011766 
2306.096318 0.012030 
2304.779363 0.012030 
2303.462409 0.012030 
2302.145454 0.012065 
2300.828499 0.012670 
2299.511545 0.012670 
2298.194590 0.012801 
2296.877636 0.013310 
2295.560681 0.013310 
2294.243726 0.013474 
2292.926772 0.013951 
2291.609817 0.013951 
2290.292862 0.013951 
2288.975908 0.013951 
2287.658953 0.014592 
2286.341998 0.014592 
2285.025044 0.014592 
2283.708089 0.015235 
2282.391134 0.015235 
2281.074180 0.015235 
2279.757225 0.015877 
2278.440270 0.015877 
2277.123316 0.015877 
2275.806361 0.015877 
2274.489406 0.016335 
2273.172452 0.016521 
2271.855497 0.016521 
2270.538543 0.017066 
2269.221588 0.017165 
2267.904633 0.017165 
2266.587679 0.017165 
2265.270724 0.017378 
2263.953769 0.017811 
2262.636815 0.017851 
2261.319860 0.018456 
2260.002905 0.018456 
2258.685951 0.018456 
2257.368996 0.018456 
2256.052041 0.019004 
2254.735087 0.019102 
2253.418132 0.019102 
2252.101177 0.019102 
2250.784223 0.019102 
2249.467268 0.019102 
2248.150313 0.019749 
2246.833359 0.019749 
2245.516404 0.019749 
2244.199449 0.019749 
2242.882495 0.019749 
2241.565540 0.019749 
2240.248586 0.019749 
2238.931631 0.019749 
2237.614676 0.019749 
2236.297722 0.019749 
2234.980767 0.019749 
2233.663812 0.019749 
2232.346858 0.020042 
2231.029903 0.019897 
2229.712948 0.019749 
2228.395994 0.019749 
2227.079039 0.019749 
2225.762084 0.019749 
2224.445130 0.019749 
2223.128175 0.019749 
2221.811220 0.019749 
2220.494266 0.019749 
2219.177311 0.019749 
2217.860356 0.019749 
2216.543402 0.019204 
2215.226447 0.019102 
2213.909492 0.019102 
2212.592538 0.019102 
2211.275583 0.019102 
2209.958629 0.019102 
2208.641674 0.018456 
2207.324719 0.018456 
2206.007765 0.018456 
2204.690810 0.018456 
2203.373855 0.018456 
2202.056901 0.017912 
2200.739946 0.017811 
2199.422991 0.017811 
2198.106037 0.017811 
2196.789082 0.017610 
2195.472127 0.017165 
2194.155173 0.017165 
2192.838218 0.017165 
2191.521263 0.017165 
2190.204309 0.016521 
2188.887354 0.016521 
2187.570399 0.016521 
2186.253445 0.016362 
2184.936490 0.015877 
2183.619536 0.015877 
2182.302581 0.015877 
2180.985626 0.015438 
2179.668672 0.015235 
2178.351717 0.015235 
2177.034762 0.015235 
2175.717808 0.014592 
2174.400853 0.014592 
2173.083898 0.014592 
2171.766944 0.013951 
2170.449989 0.013951 
2169.133034 0.013951 
2167.816080 0.013951 
2166.499125 0.013502 
2165.182170 0.013310 
2163.865216 0.013310 
2162.548261 0.012775 
2161.231306 0.012670 
2159.914352 0.012670 
2158.597397 0.012670 
2157.280442 0.012030 
2155.963488 0.012030 
2154.646533 0.011422 
2153.329579 0.011392 
2152.012624 0.011392 
2150.695669 0.011326 
2149.378715 0.010752 
2148.061760 0.010752 
2146.744805 0.010752 
2145.427851 0.010388 
2144.110896 0.010115 
2142.793941 0.010310 
2141.476987 0.010752 
2140.160032 0.011418 
2138.843077 0.012716 
2137.526123 0.014913 
2136.209168 0.015235 
2134.892213 0.015235 
2133.575259 0.014176 
2132.258304 0.011083 
2130.941349 0.009404 
2129.624395 0.008224 
2128.307440 0.008020 
2126.990485 0.007571 
2125.673531 0.006937 
2124.356576 0.006937 
2123.039622 0.006937 
2121.722667 0.006825 
2120.405712 0.006303 
2119.088758 0.006303 
2117.771803 0.006303 
2116.454848 0.005919 
2115.137894 0.005669 
2113.820939 0.005669 
2112.503984 0.005669 
2111.187030 0.005037 
2109.870075 0.005037 
2108.553120 0.005037 
2107.236166 0.005037 
2105.919211 0.004700 
2104.602256 0.004406 
2103.285302 0.004406 
2101.968347 0.004406 
2100.651392 0.004406 
2099.334438 0.004175 
2098.017483 0.003775 
2096.700529 0.003775 
2095.383574 0.003775 
2094.066619 0.003775 
2092.749665 0.003669 
2091.432710 0.003144 
2090.115755 0.003144 
2088.798801 0.003144 
2087.481846 0.003144 
2086.164891 0.003122 
2084.847937 0.002514 
2083.530982 0.002514 
2082.214027 0.002514 
2080.897073 0.002514 
2079.580118 0.002514 
2078.263163 0.002514 
2076.946209 0.002514 
2075.629254 0.001905 
2074.312299 0.001884 
2072.995345 0.001884 
2071.678390 0.001884 
2070.361435 0.001884 
2069.044481 0.001884 
2067.727526 0.001884 
2066.410572 0.001884 
2065.093617 0.001884 
2063.776662 0.001744 
2062.459708 0.001255 
2061.142753 0.001857 
2059.825798 0.001255 
2058.508844 0.001690 
2057.191889 0.001255 
2055.874934 0.001255 
2054.557980 0.001255 
2053.241025 0.001255 
2051.924070 0.001255 
2050.607116 0.001255 
2049.290161 0.001255 
2047.973206 0.001255 
2046.656252 0.001255 
2045.339297 0.001255 
2044.022342 0.001255 
2042.705388 0.001255 
2041.388433 0.001255 
2040.071478 0.000748 
2038.754524 0.001255 
2037.437569 0.000933 
2036.120615 0.000628 
2034.803660 0.000628 
2033.486705 0.000628 
2032.169751 0.000628 
2030.852796 0.000628 
2029.535841 0.000628 
2028.218887 0.000628 
2026.901932 0.000628 
2025.584977 0.000628 
2024.268023 0.000628 
2022.951068 0.000628 
2021.634113 0.000628 
2020.317159 0.000628 
2019.000204 0.000628 
2017.683249 0.000628 
2016.366295 0.000628 
2015.049340 0.000628 
2013.732385 0.000628 
2012.415431 0.000628 
2011.098476 0.000628 
2009.781522 0.000628 
2008.464567 0.000628 
2007.147612 0.000628 
2005.830658 0.000628 
2004.513703 0.000628 
2003.196748 0.000628 
2001.879794 0.000628 
2000.562839 0.000628 
1999.245884 0.000628 
1997.928930 0.000628 
1996.611975 0.000628 
1995.295020 0.000628 
1993.978066 0.000628 
1992.661111 0.000628 
1991.344156 0.000449 
1990.027202 0.000423 
1988.710247 0.000000 
1987.393292 0.000000 
1986.076338 0.000505 
1984.759383 0.000088 
1983.442428 0.000309 
1982.125474 0.000000 
1980.808519 0.000494 
1979.491565 0.000383 
1978.174610 0.000628 
1976.857655 0.000000 
1975.540701 0.000461 
1974.223746 0.000628 
1972.906791 0.000628 
1971.589837 0.000628 
1970.272882 0.000628 
1968.955927 0.000628 
1967.638973 0.000628 
1966.322018 0.000628 
1965.005063 0.000628 
1963.688109 0.000628 
1962.371154 0.000628 
1961.054199 0.000178 
1959.737245 0.000043 
1958.420290 0.000628 
1957.103335 0.000628 
1955.786381 0.000628 
1954.469426 0.000628 
1953.152471 0.000628 
1951.835517 0.000462 
1950.518562 0.000000 
1949.201608 0.000000 
1947.884653 0.000628 
1946.567698 0.000168 
1945.250744 0.000094 
1943.933789 0.000335 
1942.616834 0.000547 
1941.299880 0.000000 
1939.982925 0.000000 
1938.665970 0.000586 
1937.349016 0.000000 
1936.032061 0.000420 
1934.715106 0.000010 
1933.398152 0.000628 
1932.081197 0.000628 
1930.764242 0.000543 
1929.447288 0.000316 
1928.130333 0.000628 
1926.813378 0.000130 
1925.496424 0.000628 
1924.179469 0.000628 
1922.862515 0.000628 
1921.545560 0.000628 
1920.228605 0.000628 
1918.911651 0.000628 
1917.594696 0.000628 
1916.277741 0.000628 
1914.960787 0.000628 
1913.643832 0.000628 
1912.326877 0.000628 
1911.009923 0.000628 
1909.692968 0.000628 
1908.376013 0.000628 
1907.059059 0.000628 
1905.742104 0.000628 
1904.425149 0.000628 
1903.108195 0.000628 
1901.791240 0.000628 
1900.474285 0.000628 
1899.157331 0.000628 
1897.840376 0.000628 
1896.523421 0.000628 
1895.206467 0.000628 
1893.889512 0.000628 
1892.572558 0.000628 
1891.255603 0.000658 
1889.938648 0.001255 
1888.621694 0.000767 
1887.304739 0.001255 
1885.987784 0.001255 
1884.670830 0.001255 
1883.353875 0.001255 
1882.036920 0.001255 
1880.719966 0.001255 
1879.403011 0.001255 
1878.086056 0.001255 
1876.769102 0.001255 
1875.452147 0.001255 
1874.135192 0.001255 
1872.818238 0.001255 
1871.501283 0.001255 
1870.184328 0.001831 
1868.867374 0.001464 
1867.550419 0.001884 
1866.233464 0.001884 
1864.916510 0.001884 
1863.599555 0.001884 
1862.282601 0.001884 
1860.965646 0.001884 
1859.648691 0.001884 
1858.331737 0.001884 
1857.014782 0.002253 
1855.697827 0.002514 
1854.380873 0.002514 
1853.063918 0.002514 
1851.746963 0.002514 
1850.430009 0.002514 
1849.113054 0.002514 
1847.796099 0.002514 
1846.479145 0.002514 
1845.162190 0.003041 
1843.845235 0.003144 
1842.528281 0.003144 
1841.211326 0.003144 
1839.894371 0.003144 
1838.577417 0.003144 
1837.260462 0.003144 
1835.943508 0.003144 
1834.626553 0.003144 
1833.309598 0.003775 
1831.992644 0.003775 
1830.675689 0.003775 
1829.358734 0.003775 
1828.041780 0.003775 
1826.724825 0.003775 
1825.407870 0.004406 
1824.090916 0.004406 
1822.773961 0.004406 
1821.457006 0.004406 
1820.140052 0.004406 
1818.823097 0.004517 
1817.506142 0.005037 
1816.189188 0.005037 
1814.872233 0.005037 
1813.555278 0.005037 
1812.238324 0.005630 
1810.921369 0.005277 
1809.604414 0.005669 
1808.287460 0.005669 
1806.970505 0.005971 
1805.653551 0.005766 
1804.336596 0.006303 
1803.019641 0.006303 
1801.702687 0.006303 
1800.385732 0.006937 
1799.068777 0.006937 
1797.751823 0.006937 
1796.434868 0.006937 
1795.117913 0.007432 
1793.800959 0.007571 
1792.484004 0.007571 
1791.167049 0.008100 
1789.850095 0.008206 
1788.533140 0.008206 
1787.216185 0.008206 
1785.899231 0.008842 
1784.582276 0.008842 
1783.265321 0.008866 
1781.948367 0.009479 
1780.631412 0.009479 
1779.314457 0.009597 
1777.997503 0.010115 
1776.680548 0.010115 
1775.363594 0.010752 
1774.046639 0.010752 
1772.729684 0.011373 
1771.412730 0.011392 
1770.095775 0.011841 
1768.778820 0.012108 
1767.461866 0.012670 
1766.144911 0.012670 
1764.827956 0.012780 
1763.511002 0.013310 
1762.194047 0.013890 
1760.877092 0.013951 
1759.560138 0.014361 
1758.243183 0.014592 
1756.926228 0.015235 
1755.609274 0.015235 
1754.292319 0.015946 
1752.975364 0.016521 
1751.658410 0.017063 
1750.341455 0.017279 
1749.024501 0.017811 
1747.707546 0.018387 
1746.390591 0.018655 
1745.073637 0.019102 
1743.756682 0.019776 
1742.439727 0.020631 
1741.122773 0.021045 
1739.805818 0.021694 
1738.488863 0.022026 
1737.171909 0.022882 
1735.854954 0.023313 
1734.537999 0.024296 
1733.221045 0.024296 
1731.904090 0.025142 
1730.587135 0.026046 
1729.270181 0.026908 
1727.953226 0.027161 
1726.636271 0.028065 
1725.319317 0.028876 
1724.002362 0.029203 
1722.685407 0.030128 
1721.368453 0.030849 
1720.051498 0.031250 
1718.734544 0.032144 
1717.417589 0.032829 
1716.100634 0.033291 
1714.783680 0.034163 
1713.466725 0.034814 
1712.149770 0.035311 
1710.832816 0.036141 
1709.515861 0.036498 
1708.198906 0.037405 
1706.881952 0.037633 
1705.564997 0.038560 
1704.248042 0.038804 
1702.931088 0.039471 
1701.614133 0.039930 
1700.297178 0.040808 
1698.980224 0.040808 
1697.663269 0.041357 
1696.346314 0.042148 
1695.029360 0.042148 
1693.712405 0.042745 
1692.395450 0.043025 
1691.078496 0.043491 
1689.761541 0.044164 
1688.444587 0.044164 
1687.127632 0.044667 
1685.810677 0.044837 
1684.493723 0.044837 
1683.176768 0.044837 
1681.859813 0.045512 
1680.542859 0.045512 
1679.225904 0.045512 
1677.908949 0.046186 
1676.591995 0.046186 
1675.275040 0.046186 
1673.958085 0.046186 
1672.641131 0.046186 
1671.324176 0.046130 
1670.007221 0.045844 
1668.690267 0.046186 
1667.373312 0.045512 
1666.056357 0.045512 
1664.739403 0.045512 
1663.422448 0.045512 
1662.105493 0.045044 
1660.788539 0.044837 
1659.471584 0.044837 
1658.154630 0.044837 
1656.837675 0.044728 
1655.520720 0.044164 
1654.203766 0.044164 
1652.886811 0.044678 
1651.569856 0.044164 
1650.252902 0.043528 
1648.935947 0.043491 
1647.618992 0.043491 
1646.302038 0.043491 
1644.985083 0.043213 
1643.668128 0.042820 
1642.351174 0.042820 
1641.034219 0.042820 
1639.717264 0.042228 
1638.400310 0.042148 
1637.083355 0.042148 
1635.766400 0.042148 
1634.449446 0.041913 
1633.132491 0.041478 
1631.815537 0.041478 
1630.498582 0.041478 
1629.181627 0.041478 
1627.864673 0.041377 
1626.547718 0.041178 
1625.230763 0.040897 
1623.913809 0.040808 
1622.596854 0.040808 
1621.279899 0.040795 
1619.962945 0.040140 
1618.645990 0.040140 
1617.329035 0.040140 
1616.012081 0.040140 
1614.695126 0.040140 
1613.378171 0.039991 
1612.061217 0.039471 
1610.744262 0.039471 
1609.427307 0.039471 
1608.110353 0.039034 
1606.793398 0.038804 
1605.476443 0.038804 
1604.159489 0.038804 
1602.842534 0.038804 
1601.525580 0.038804 
1600.208625 0.038218 
1598.891670 0.038137 
1597.574716 0.038137 
1596.257761 0.038137 
1594.940806 0.038137 
1593.623852 0.037686 
1592.306897 0.037471 
1590.989942 0.037471 
1589.672988 0.037471 
1588.356033 0.037471 
1587.039078 0.037130 
1585.722124 0.036806 
1584.405169 0.036806 
1583.088214 0.036806 
1581.771260 0.036806 
1580.454305 0.036371 
1579.137350 0.036365 
1577.820396 0.036141 
1576.503441 0.036141 
1575.186486 0.035601 
1573.869532 0.035477 
1572.552577 0.035477 
1571.235623 0.035477 
1569.918668 0.035477 
1568.601713 0.035080 
1567.284759 0.034814 
1565.967804 0.034814 
1564.650849 0.034814 
1563.333895 0.034814 
1562.016940 0.034494 
1560.699985 0.034681 
1559.383031 0.034296 
1558.066076 0.034460 
1556.749121 0.034151 
1555.432167 0.034151 
1554.115212 0.033721 
1552.798257 0.033490 
1551.481303 0.033490 
1550.164348 0.033490 
1548.847393 0.033490 
1547.530439 0.033180 
1546.213484 0.032829 
1544.896530 0.032829 
1543.579575 0.032829 
1542.262620 0.032829 
1540.945666 0.032167 
1539.628711 0.032167 
1538.311756 0.032167 
1536.994802 0.032167 
1535.677847 0.031691 
1534.360892 0.031507 
1533.043938 0.031507 
1531.726983 0.031507 
1530.410028 0.031369 
1529.093074 0.030849 
1527.776119 0.030849 
1526.459164 0.030849 
1525.142210 0.030849 
1523.825255 0.030240 
1522.508300 0.030849 
1521.191346 0.030331 
1519.874391 0.030190 
1518.557436 0.030190 
1517.240482 0.030190 
1515.923527 0.029533 
1514.606573 0.029533 
1513.289618 0.029533 
1511.972663 0.029533 
1510.655709 0.029533 
1509.338754 0.029533 
1508.021799 0.029533 
1506.704845 0.029011 
1505.387890 0.029451 
1504.070935 0.028876 
1502.753981 0.028876 
1501.437026 0.028876 
1500.120071 0.028876 
1498.803117 0.028876 
1497.486162 0.028876 
1496.169207 0.028876 
1494.852253 0.028876 
1493.535298 0.028876 
1492.218343 0.028876 
1490.901389 0.029533 
1489.584434 0.029533 
1488.267479 0.030146 
1486.950525 0.030372 
1485.633570 0.031288 
1484.316616 0.032156 
1482.999661 0.033359 
1481.682706 0.034627 
1480.365752 0.035567 
1479.048797 0.036442 
1477.731842 0.036806 
1476.414888 0.037334 
1475.097933 0.036406 
1473.780978 0.035530 
1472.464024 0.033707 
1471.147069 0.032397 
1469.830114 0.031507 
1468.513160 0.031507 
1467.196205 0.032023 
1465.879250 0.032908 
1464.562296 0.033812 
1463.245341 0.034717 
1461.928386 0.034687 
1460.611432 0.033762 
1459.294477 0.032824 
1457.977523 0.032167 
1456.660568 0.031698 
1455.343613 0.032205 
1454.026659 0.032829 
1452.709704 0.033874 
1451.392749 0.034814 
1450.075795 0.034814 
1448.758840 0.034814 
1447.441885 0.033981 
1446.124931 0.032645 
1444.807976 0.030859 
1443.491021 0.029308 
1442.174067 0.028876 
1440.857112 0.028876 
1439.540157 0.028876 
1438.223203 0.029386 
1436.906248 0.029533 
1435.589293 0.029868 
1434.272339 0.030190 
1432.955384 0.030369 
1431.638429 0.030849 
1430.321475 0.030849 
1429.004520 0.030849 
1427.687566 0.030380 
1426.370611 0.030190 
1425.053656 0.029897 
1423.736702 0.029533 
1422.419747 0.028876 
1421.102792 0.028514 
1419.785838 0.028219 
1418.468883 0.027564 
1417.151928 0.027139 
1415.834974 0.026254 
1414.518019 0.026004 
1413.201064 0.025094 
1411.884110 0.024874 
1410.567155 0.024296 
1409.250200 0.023743 
1407.933246 0.023523 
1406.616291 0.022614 
1405.299336 0.022344 
1403.982382 0.021694 
1402.665427 0.021282 
1401.348472 0.021012 
1400.031518 0.020397 
1398.714563 0.020397 
1397.397609 0.019749 
1396.080654 0.019412 
1394.763699 0.019102 
1393.446745 0.018939 
1392.129790 0.018456 
1390.812835 0.017819 
1389.495881 0.017811 
1388.178926 0.017811 
1386.861971 0.017165 
1385.545017 0.017165 
1384.228062 0.016668 
1382.911107 0.016521 
1381.594153 0.016521 
1380.277198 0.016521 
1378.960243 0.015877 
1377.643289 0.015877 
1376.326334 0.015877 
1375.009379 0.015877 
1373.692425 0.015422 
1372.375470 0.015235 
1371.058516 0.015235 
1369.741561 0.015235 
1368.424606 0.015122 
1367.107652 0.014592 
1365.790697 0.014592 
1364.473742 0.014592 
1363.156788 0.014592 
1361.839833 0.013977 
1360.522878 0.013951 
1359.205924 0.013951 
1357.888969 0.013880 
1356.572014 0.013310 
1355.255060 0.013310 
1353.938105 0.013310 
1352.621150 0.012940 
1351.304196 0.012670 
1349.987241 0.012670 
1348.670286 0.012670 
1347.353332 0.012640 
1346.036377 0.012030 
1344.719422 0.011548 
1343.402468 0.011461 
1342.085513 0.011702 
1340.768559 0.011922 
1339.451604 0.011392 
1338.134649 0.011392 
1336.817695 0.011392 
1335.500740 0.011392 
1334.183785 0.011392 
1332.866831 0.010752 
1331.549876 0.010752 
1330.232921 0.010752 
1328.915967 0.010752 
1327.599012 0.010433 
1326.282057 0.010115 
1324.965103 0.010115 
1323.648148 0.010115 
1322.331193 0.009499 
1321.014239 0.009913 
1319.697284 0.009479 
1318.380329 0.009479 
1317.063375 0.009479 
1315.746420 0.008999 
1314.429465 0.008842 
1313.112511 0.008842 
1311.795556 0.008842 
1310.478602 0.008842 
1309.161647 0.008842 
1307.844692 0.008842 
1306.527738 0.008206 
1305.210783 0.008206 
1303.893828 0.008206 
1302.576874 0.007938 
1301.259919 0.008094 
1299.942964 0.007571 
1298.626010 0.007571 
1297.309055 0.007571 
1295.992100 0.007571 
1294.675146 0.007571 
1293.358191 0.007545 
1292.041236 0.006937 
1290.724282 0.006937 
1289.407327 0.006937 
1288.090372 0.006937 
1286.773418 0.006937 
1285.456463 0.006303 
1284.139509 0.006303 
1282.822554 0.006303 
1281.505599 0.006303 
1280.188645 0.006303 
1278.871690 0.005669 
1277.554735 0.005669 
1276.237781 0.005669 
1274.920826 0.005669 
1273.603871 0.005669 
1272.286917 0.005669 
1270.969962 0.005037 
1269.653007 0.005037 
1268.336053 0.005037 
1267.019098 0.005037 
1265.702143 0.005037 
1264.385189 0.005037 
1263.068234 0.004764 
1261.751279 0.004406 
1260.434325 0.004406 
1259.117370 0.004406 
1257.800415 0.004406 
1256.483461 0.004254 
1255.166506 0.003775 
1253.849552 0.003775 
1252.532597 0.003775 
1251.215642 0.003775 
1249.898688 0.003775 
1248.581733 0.003775 
1247.264778 0.003775 
1245.947824 0.003678 
1244.630869 0.003144 
1243.313914 0.003144 
1241.996960 0.003144 
1240.680005 0.003144 
1239.363050 0.003144 
1238.046096 0.003144 
1236.729141 0.003144 
1235.412186 0.002813 
1234.095232 0.000786 
1232.778277 0.002514 
1231.461322 0.002514 
1230.144368 0.002514 
1228.827413 0.002514 
1227.510458 0.002514 
1226.193504 0.002514 
1224.876549 0.001884 
1223.559595 0.001884 
1222.242640 0.001884 
1220.925685 0.001884 
1219.608731 0.001884 
1218.291776 0.001884 
1216.974821 0.001884 
1215.657867 0.001544 
1214.340912 0.001856 
1213.023957 0.001255 
1211.707003 0.001255 
1210.390048 0.001255 
1209.073093 0.001255 
1207.756139 0.001255 
1206.439184 0.001255 
1205.122229 0.001255 
1203.805275 0.001255 
1202.488320 0.001255 
1201.171365 0.001255 
1199.854411 0.001255 
1198.537456 0.001255 
1197.220502 0.001255 
1195.903547 0.001255 
1194.586592 0.000996 
1193.269638 0.000628 
1191.952683 0.000628 
1190.635728 0.000628 
1189.318774 0.000628 
1188.001819 0.000628 
1186.684864 0.000628 
1185.367910 0.000628 
1184.050955 0.000628 
1182.734000 0.000628 
1181.417046 0.000052 
1180.100091 0.000628 
1178.783136 0.000628 
1177.466182 0.000628 
1176.149227 0.000628 
1174.832272 0.000084 
1173.515318 0.000449 
1172.198363 0.000378 
1170.881408 0.000628 
1169.564454 0.000628 
1168.247499 0.000628 
1166.930545 0.000628 
1165.613590 0.000628 
1164.296635 0.000628 
1162.979681 0.000628 
1161.662726 0.000628 
1160.345771 0.000628 
1159.028817 0.000628 
1157.711862 0.000628 
1156.394907 0.000628 
1155.077953 0.000628 
1153.760998 0.000628 
1152.444043 0.000530 
1151.127089 0.000000 
1149.810134 0.000552 
1148.493179 0.000628 
1147.176225 0.000628 
1145.859270 0.000628 
1144.542315 0.000628 
1143.225361 0.001051 
1141.908406 0.001255 
1140.591451 0.001884 
1139.274497 0.002341 
1137.957542 0.002693 
1136.640588 0.004097 
1135.323633 0.004959 
1134.006678 0.005805 
1132.689724 0.006690 
1131.372769 0.007525 
1130.055814 0.008425 
1128.738860 0.009263 
1127.421905 0.009479 
1126.104950 0.009730 
1124.787996 0.010115 
1123.471041 0.009479 
1122.154086 0.009131 
1120.837132 0.008842 
1119.520177 0.008029 
1118.203222 0.007193 
1116.886268 0.006295 
1115.569313 0.005460 
1114.252358 0.005037 
1112.935404 0.004365 
1111.618449 0.003775 
1110.301494 0.003271 
1108.984540 0.002514 
1107.667585 0.002179 
1106.350631 0.001884 
1105.033676 0.001717 
1103.716721 0.001255 
1102.399767 0.001255 
1101.082812 0.001255 
1099.765857 0.001255 
1098.448903 0.001255 
1097.131948 0.000962 
1095.814993 0.000628 
1094.498039 0.000755 
1093.181084 0.001255 
1091.864129 0.001255 
1090.547175 0.001079 
1089.230220 0.001048 
1087.913265 0.000637 
1086.596311 0.000628 
1085.279356 0.000628 
1083.962401 0.000628 
1082.645447 0.000628 
1081.328492 0.000628 
1080.011538 0.000628 
1078.694583 0.000628 
1077.377628 0.000049 
1076.060674 0.000628 
1074.743719 0.000628 
1073.426764 0.000628 
1072.109810 0.000628 
1070.792855 0.000628 
1069.475900 0.000000 
1068.158946 0.000308 
1066.841991 0.000628 
1065.525036 0.000123 
1064.208082 0.000628 
1062.891127 0.000622 
1061.574172 0.000000 
1060.257218 0.000449 
1058.940263 0.000628 
1057.623308 0.000628 
1056.306354 0.000628 
1054.989399 0.000634 
1053.672444 0.001032 
1052.355490 0.001393 
1051.038535 0.001620 
1049.721581 0.002149 
1048.404626 0.003466 
1047.087671 0.004602 
1045.770717 0.006417 
1044.453762 0.009458 
1043.136807 0.012824 
1041.819853 0.016609 
1040.502898 0.021766 
1039.185943 0.026117 
1037.868989 0.030811 
1036.552034 0.034423 
1035.235079 0.037740 
1033.918125 0.039861 
1032.601170 0.040624 
1031.284215 0.040689 
1029.967261 0.039998 
1028.650306 0.039187 
1027.333351 0.038316 
1026.016397 0.037620 
1024.699442 0.038055 
1023.382487 0.039645 
1022.065533 0.042525 
1020.748578 0.046342 
1019.431624 0.050928 
1018.114669 0.054325 
1016.797714 0.056729 
1015.480760 0.057783 
1014.163805 0.056856 
1012.846850 0.053525 
1011.529896 0.049701 
1010.212941 0.043705 
1008.895986 0.037601 
1007.579032 0.031100 
1006.262077 0.025259 
1004.945122 0.020140 
1003.628168 0.016697 
1002.311213 0.013733 
1000.994258 0.011957 
999.677304 0.010565 
998.360349 0.010321 
997.043394 0.009750 
995.726440 0.009811 
994.409485 0.009879 
993.092531 0.010150 
991.775576 0.010641 
990.458621 0.010745 
989.141667 0.011406 
987.824712 0.011981 
986.507757 0.012274 
985.190803 0.012878 
983.873848 0.013512 
982.556893 0.014452 
981.239939 0.014992 
979.922984 0.015694 
978.606029 0.016632 
977.289075 0.017583 
975.972120 0.018526 
974.655165 0.019474 
973.338211 0.020423 
972.021256 0.021369 
970.704301 0.022323 
969.387347 0.023275 
968.070392 0.024235 
966.753437 0.025188 
965.436483 0.026147 
964.119528 0.027759 
962.802574 0.028722 
961.485619 0.030339 
960.168664 0.031310 
958.851710 0.032824 
957.534755 0.033906 
956.217800 0.035252 
954.900846 0.036508 
953.583891 0.038156 
952.266936 0.039569 
950.949982 0.040791 
949.633027 0.042694 
948.316072 0.044089 
946.999118 0.045750 
945.682163 0.047068 
944.365208 0.048404 
943.048254 0.050226 
941.731299 0.052153 
940.414344 0.053439 
939.097390 0.055125 
937.780435 0.056592 
936.463480 0.058546 
935.146526 0.060491 
933.829571 0.061913 
932.512617 0.063719 
931.195662 0.065334 
929.878707 0.066970 
928.561753 0.068943 
927.244798 0.070506 
925.927843 0.072216 
924.610889 0.074210 
923.293934 0.075719 
921.976979 0.077514 
920.660025 0.079526 
919.343070 0.081548 
918.026115 0.082849 
916.709161 0.084502 
915.392206 0.086197 
914.075251 0.088053 
912.758297 0.089566 
911.441342 0.091608 
910.124387 0.093675 
908.807433 0.095208 
907.490478 0.097012 
906.173524 0.098412 
904.856569 0.100498 
903.539614 0.102453 
902.222660 0.103942 
900.905705 0.105358 
899.588750 0.107191 
898.271796 0.108763 
896.954841 0.110866 
895.637886 0.112249 
894.320932 0.114372 
893.003977 0.115764 
891.687022 0.117539 
890.370068 0.119282 
889.053113 0.120674 
887.736158 0.122396 
886.419204 0.124220 
885.102249 0.125627 
883.785294 0.127290 
882.468340 0.128444 
881.151385 0.130620 
879.834430 0.131635 
878.517476 0.133357 
877.200521 0.134496 
875.883567 0.136310 
874.566612 0.137735 
873.249657 0.139487 
871.932703 0.140642 
870.615748 0.142572 
869.298793 0.143728 
867.981839 0.144886 
866.664884 0.146047 
865.347929 0.147832 
864.030975 0.149162 
862.714020 0.150334 
861.397065 0.152201 
860.080111 0.152672 
858.763156 0.154328 
857.446201 0.155046 
856.129247 0.156201 
854.812292 0.157384 
853.495337 0.158559 
852.178383 0.159746 
850.861428 0.160935 
849.544473 0.162119 
848.227519 0.163319 
846.910564 0.164504 
845.593610 0.164891 
844.276655 0.166084 
842.959700 0.167284 
841.642746 0.168484 
840.325791 0.169095 
839.008836 0.170074 
837.691882 0.170903 
836.374927 0.171661 
835.057972 0.172717 
833.741018 0.173257 
832.424063 0.174464 
831.107108 0.174623 
829.790154 0.175241 
828.473199 0.175634 
827.156244 0.176844 
825.839290 0.177446 
824.522335 0.177619 
823.205380 0.178444 
821.888426 0.179226 
820.571471 0.179616 
819.254517 0.180366 
817.937562 0.180447 
816.620607 0.180533 
815.303653 0.181172 
813.986698 0.181538 
812.669743 0.181951 
811.352789 0.182545 
810.035834 0.182626 
808.718879 0.182711 
807.401925 0.182796 
806.084970 0.182877 
804.768015 0.183459 
803.451061 0.183885 
802.134106 0.183407 
800.817151 0.183473 
799.500197 0.183301 
798.183242 0.183382 
796.866287 0.183469 
795.549333 0.183551 
794.232378 0.183202 
792.915423 0.182880 
791.598469 0.182754 
790.281514 0.182210 
788.964560 0.181473 
787.647605 0.182091 
786.330650 0.181621 
785.013696 0.181644 
783.696741 0.180952 
782.379786 0.180366 
781.062832 0.180139 
779.745877 0.179086 
778.428922 0.178782 
777.111968 0.178642 
775.795013 0.178116 
774.478058 0.177362 
773.161104 0.176318 
771.844149 0.175868 
770.527194 0.175046 
769.210240 0.174376 
767.893285 0.173782 
766.576330 0.172731 
765.259376 0.171690 
763.942421 0.171404 
762.625466 0.170425 
761.308512 0.169388 
759.991557 0.168343 
758.674603 0.167625 
757.357648 0.166484 
756.040693 0.166060 
754.723739 0.165023 
753.406784 0.163993 
752.089829 0.162796 
750.772875 0.161592 
749.455920 0.160145 
748.138965 0.159076 
746.822011 0.158053 
745.505056 0.157032 
744.188101 0.156016 
742.871147 0.154995 
741.554192 0.153186 
740.237237 0.151771 
738.920283 0.150363 
737.603328 0.149349 
736.286373 0.148347 
734.969419 0.146584 
733.652464 0.145289 
732.335510 0.143759 
731.018555 0.142763 
729.701600 0.141432 
728.384646 0.139986 
727.067691 0.138874 
725.750736 0.137224 
724.433782 0.136242 
723.116827 0.134476 
721.799872 0.133019 
720.482918 0.131742 
719.165963 0.129986 
717.849008 0.129014 
716.532054 0.127266 
715.215099 0.125962 
713.898144 0.124564 
712.581190 0.123465 
711.264235 0.121869 
709.947280 0.120227 
708.630326 0.118980 
707.313371 0.117471 
705.996416 0.116509 
704.679462 0.114531 
703.362507 0.113651 
702.045553 0.112150 
700.728598 0.110856 
699.411643 0.109506 
698.094689 0.108424 
696.777734 0.106877 
695.460779 0.105251 
694.143825 0.104259 
692.826870 0.102843 
691.509915 0.101649 
690.192961 0.100428 
688.876006 0.099049 
687.559051 0.098121 
686.242097 0.096843 
684.925142 0.095536 
683.608187 0.094466 
682.291233 0.092961 
680.974278 0.092049 
679.657323 0.090438 
678.340369 0.089074 
677.023414 0.088049 
675.706459 0.087165 
674.389505 0.086220 
673.072550 0.085055 
671.755596 0.084275 
670.438641 0.083553 
669.121686 0.082249 
667.804732 0.080879 
666.487777 0.080742 
665.170822 0.079890 
663.853868 0.079068 
662.536913 0.078180 
661.219958 0.077155 
659.903004 0.076203 
658.586049 0.075688 
657.269094 0.074951 
655.952140 0.074167 
654.635185 0.073291 
653.318230 0.072697 
652.001276 0.071727 
650.684321 0.070980 
649.367366 0.070439 
648.050412 0.069704 
646.733457 0.069080 
645.416503 0.068495 
644.099548 0.067822 
642.782593 0.067188 
641.465639 0.066621 
640.148684 0.066003 
638.831729 0.065538 
637.514775 0.064938 
636.197820 0.064274 
634.880865 0.063802 
633.563911 0.063484 
632.246956 0.062610 
630.930001 0.062118 
629.613047 0.061423 
628.296092 0.061005 
626.979137 0.060538 
625.662183 0.059998 
624.345228 0.059829 
623.028273 0.059253 
621.711319 0.058905 
620.394364 0.058199 
619.077409 0.057852 
617.760455 0.057429 
616.443500 0.056966 
615.126546 0.056730 
613.809591 0.056088 
612.492636 0.055831 
611.175682 0.055574 
609.858727 0.054976 
608.541772 0.054700 
607.224818 0.054442 
605.907863 0.053808 
604.590908 0.053864 
603.273954 0.053424 
601.956999 0.052933 
600.640044 0.052652 
599.323090 0.052265 
598.006135 0.052150 
596.689180 0.051757 
595.372226 0.051094 
594.055271 0.050940 
592.738316 0.050456 
591.421362 0.050020 
590.104407 0.050121 
588.787452 0.049669 
587.470498 0.049247 
586.153543 0.048800 
584.836589 0.048707 
583.519634 0.048821 
582.202679 0.048221 
580.885725 0.047831 
579.568770 0.047389 
578.251815 0.047354 
576.934861 0.047077 
575.617906 0.046691 
574.300951 0.046554 
572.983997 0.046105 
571.667042 0.045815 
570.350087 0.045441 
569.033133 0.045735 
567.716178 0.045148 
566.399223 0.045373 
565.082269 0.044860 
563.765314 0.044368 
562.448359 0.044186 
561.131405 0.044062 
559.814450 0.043672 
558.497495 0.043870 
557.180541 0.043230 
555.863586 0.043377 
554.546632 0.042953 
553.229677 0.042707 
551.912722 0.042380 
550.595768 0.042245 
549.278813 0.041861 
547.961858 0.042056 
546.644904 0.041679 
545.327949 0.041395 
544.010994 0.041110 
542.694040 0.040915 
541.377085 0.040368 
540.060130 0.040187 
538.743176 0.040276 
537.426221 0.040248 
536.109266 0.039835 
534.792312 0.039184 
533.475357 0.038852 
532.158402 0.038742 
530.841448 0.038520 
529.524493 0.037585 
528.207539 0.037357 
526.890584 0.036966 
525.573629 0.036501 
524.256675 0.036206 
522.939720 0.035812 
521.622765 0.035399 
520.305811 0.034970 
518.988856 0.034530 
517.671901 0.034102 
516.354947 0.033695 
515.037992 0.033234 
513.721037 0.032866 
512.404083 0.032416 
511.087128 0.031954 
509.770173 0.031613 
508.453219 0.031071 
507.136264 0.030645 
505.819309 0.030162 
504.502355 0.029671 
503.185400 0.029320 
501.868445 0.028846 
500.551491 0.028388 
499.234536 0.028021 
497.917582 0.027575 
496.600627 0.027106 
495.283672 0.026670 
493.966718 0.026228 
492.649763 0.025837 
491.332808 0.025451 
490.015854 0.024962 
488.698899 0.024641 
487.381944 0.024394 
486.064990 0.024105 
484.748035 0.023574 
483.431080 0.023289 
482.114126 0.022749 
480.797171 0.022459 
479.480216 0.022166 
478.163262 0.021873 
476.846307 0.021468 
475.529352 0.021128 
474.212398 0.021168 
472.895443 0.020853 
471.578488 0.020203 
470.261534 0.020160 
468.944579 0.020003 
467.627625 0.019611 
466.310670 0.019606 
464.993715 0.019415 
463.676761 0.019045 
462.359806 0.018791 
461.042851 0.018489 
459.725897 0.018139 
458.408942 0.017840 
457.091987 0.017581 
455.775033 0.017545 
454.458078 0.017271 
453.141123 0.016967 
451.824169 0.016700 
450.507214 0.016365 
449.190259 0.016127 
447.873305 0.015955 
446.556350 0.015546 
445.239395 0.015443 
443.922441 0.015224 
442.605486 0.014842 
441.288532 0.014554 
439.971577 0.014407 
438.654622 0.014137 
437.337668 0.013866 
436.020713 0.013536 
434.703758 0.013298 
433.386804 0.013063 
432.069849 0.012619 
430.752894 0.012549 
429.435940 0.012404 
428.118985 0.011721 
426.802030 0.011617 
425.485076 0.011678 
424.168121 0.011326 
422.851166 0.011048 
421.534212 0.010822 
420.217257 0.010663 
418.900302 0.010357 
417.583348 0.010022 
416.266393 0.009988 
414.949438 0.009832 
413.632484 0.009620 
412.315529 0.009386 
410.998575 0.009151 
409.681620 0.008936 
408.364665 0.008784 
407.047711 0.008550 
405.730756 0.008309 
404.413801 0.008074 
403.096847 0.007847 
401.779892 0.007708 
400.462937 0.007474 
399.145983 0.007240 
397.829028 0.006848 
396.512073 0.006736 
395.195119 0.006508 
393.878164 0.006445 
392.561209 0.006273 
391.244255 0.006004 
389.927300 0.005848 
388.610345 0.005584 
387.293391 0.005357 
385.976436 0.005230 
384.659481 0.005043 
383.342527 0.004875 
382.025572 0.004774 
380.708618 0.004455 
379.391663 0.004316 
378.074708 0.004007 
376.757754 0.003880 
375.440799 0.003795 
374.123844 0.003341 
372.806890 0.003291 
371.489935 0.003373 
370.172980 0.002956 
368.856026 0.002718 
367.539071 0.002729 
366.222116 0.002485 
364.905162 0.002193 
363.588207 0.002065 
362.271252 0.001971 
360.954298 0.001882 
359.637343 0.001593 
358.320388 0.001444 
357.003434 0.001451 
355.686479 0.000877 
354.369525 0.000931 
353.052570 0.001004 
351.735615 0.000544 
350.418661 0.000456 
349.101706 0.000430 
347.784751 0.000300 
346.467797 0.000225 
345.150842 -0.000013 
343.833887 0.000123 
342.516933 0.000139 
341.199978 -0.000209 
339.883023 -0.000020 
338.566069 0.000098 
337.249114 -0.000168 
335.932159 0.000004 
334.615205 0.000146 
333.298250 0.000266 
331.981295 0.000697 
330.664341 0.000891 
329.347386 0.001048 
328.030431 0.001333 
326.713477 0.001600 
325.396522 0.001970 
324.079568 0.002279 
322.762613 0.002595 
321.445658 0.003027 
320.128704 0.003316 
318.811749 0.003669 
317.494794 0.004170 
316.177840 0.004362 
314.860885 0.004618 
313.543930 0.005206 
312.226976 0.005437 
310.910021 0.005707 
309.593066 0.006072 
308.276112 0.006557 
306.959157 0.006843 
305.642202 0.006921 
304.325248 0.007365 
303.008293 0.007684 
301.691338 0.007915 
300.374384 0.008586 
299.057429 0.009236 
297.740474 0.009145 
296.423520 0.009609 
295.106565 0.010293 
293.789611 0.010361 
292.472656 0.010604 
291.155701 0.010952 
289.838747 0.011435 
288.521792 0.011905 
287.204837 0.011977 
285.887883 0.012663 
284.570928 0.013282 
283.253973 0.013159 
281.937019 0.013684 
280.620064 0.014443 
279.303109 0.014526 
277.986155 0.015144 
276.669200 0.015942 
275.352245 0.016224 
274.035291 0.016881 
272.718336 0.017294 
271.401381 0.017818 
270.084427 0.018413 
268.767472 0.018673 
267.450518 0.019266 
266.133563 0.019584 
264.816608 0.019762 
263.499654 0.020481 
262.182699 0.021125 
260.865744 0.021741 
259.548790 0.022761 
258.231835 0.023206 
256.914880 0.023853 
255.597926 0.024765 
254.280971 0.025523 
252.964016 0.026125 
251.647062 0.026751 
250.330107 0.027418 
249.013152 0.026268 
247.696198 0.027905 
246.379243 0.029780 
245.062288 0.030692 
243.745334 0.031009 
242.428379 0.031788 
241.111424 0.032694 
239.794470 0.033347 
238.477515 0.034277 
237.160561 0.035120 
235.843606 0.035881 
234.526651 0.036782 
233.209697 0.037380 
231.892742 0.038884 
230.575787 0.040011 
229.258833 0.040443 
227.941878 0.041522 
226.624923 0.042808 
225.307969 0.043587 
223.991014 0.044865 
222.674059 0.045959 
221.357105 0.046654 
220.040150 0.047512 
218.723195 0.047873 
217.406241 0.048242 
216.089286 0.048716 
214.772331 0.048804 
213.455377 0.048985 
212.138422 0.049044 
210.821467 0.048824 
209.504513 0.048917 
208.187558 0.048330 
206.870604 0.047642 
205.553649 0.047647 
204.236694 0.046787 
202.919740 0.045893 
201.602785 0.045584 
200.285830 0.044845 
198.968876 0.044021 
197.651921 0.043016 
196.334966 0.042560 
195.018012 0.041647 
193.701057 0.040424 
192.384102 0.040527 
191.067148 0.040492 
189.750193 0.038512 
188.433238 0.037949 
187.116284 0.037743 
185.799329 0.036277 
184.482374 0.035685 
183.165420 0.035066 
181.848465 0.034550 
180.531511 0.035616 
179.214556 0.034520 
177.897601 0.032674 
176.580647 0.032368 
175.263692 0.030800 
173.946737 0.030667 
172.629783 0.030624 
171.312828 0.029060 
169.995873 0.028510 
168.678919 0.028845 
167.361964 0.028075 
166.045009 0.027892 
164.728055 0.027390 
163.411100 0.027154 
162.094145 0.027037 
160.777191 0.026205 
159.460236 0.025977 
158.143281 0.025405 
156.826327 0.024705 
155.509372 0.024889 
154.192417 0.024318 
152.875463 0.023770 
151.558508 0.023857 
150.241554 0.023027 
148.924599 0.022211 
147.607644 0.022485 
146.290690 0.021697 
144.973735 0.020840 
143.656780 0.020648 
142.339826 0.019925 
141.022871 0.019058 
139.705916 0.017880 
138.388962 0.016319 
137.072007 0.016823 
135.755052 0.016256 
134.438098 0.015105 
133.121143 0.014326 
131.804188 0.013623 
130.487234 0.012869 
129.170279 0.013201 
127.853324 0.012364 
126.536370 0.011278 
125.219415 0.010894 
123.902460 0.010572 
122.585506 0.009538 
121.268551 0.008394 
119.951597 0.008601 
118.634642 0.008313 
117.317687 0.006648 
116.000733 0.006697 
114.683778 0.006592 
113.366823 0.005341 
112.049869 0.005509 
110.732914 0.005323 
109.415959 0.003411 
108.099005 0.003458 
106.782050 0.005510 
105.465095 0.005512 
104.148141 0.002848 
102.831186 0.001271 
101.514231 0.001918 
100.197277 0.002882 
98.880322 0.001529 
97.563367 0.001622 
96.246413 0.000436 
94.929458 -0.000053 
93.612504 0.001809 
92.295549 0.001424 
90.978594 0.000635 
89.661640 0.001463 
88.344685 0.000999 
87.027730 0.000539 
85.710776 0.001184 
84.393821 0.000812 
83.076866 0.000888 
81.759912 0.000783 
80.442957 0.000726 
79.126002 0.000650 
77.809048 0.000638 
76.492093 0.000592 
75.175138 0.000516 
73.858184 0.000495 
72.541229 0.000459 
71.224274 0.000380 
69.907320 0.000349 
68.590365 0.000323 
67.273410 0.000243 
65.956456 0.000061 
64.639501 0.000890 
63.322547 -0.000490 
62.005592 -0.000543 
60.688637 -0.000003 
59.371683 -0.000497 
58.054728 0.000930 
56.737773 0.000869 
55.420819 -0.000578 
54.103864 -0.000355 
52.786909 -0.000508 
51.469955 -0.000625 
50.153000 -0.001316 
