3999.206000 0.001829 
3998.039236 0.001831 
3996.872472 0.002350 
3995.705708 0.002294 
3994.538945 0.001845 
3993.372181 0.001848 
3992.205417 0.001854 
3991.038653 0.001857 
3989.871889 0.001862 
3988.705125 0.001868 
3987.538361 0.001871 
3986.371598 0.001876 
3985.204834 0.001879 
3984.038070 0.001885 
3982.871306 0.001890 
3981.704542 0.001893 
3980.537778 0.001899 
3979.371014 0.001904 
3978.204251 0.001910 
3977.037487 0.001913 
3975.870723 0.001918 
3974.703959 0.001924 
3973.537195 0.001927 
3972.370431 0.001935 
3971.203667 0.001938 
3970.036904 0.001944 
3968.870140 0.001946 
3967.703376 0.001952 
3966.536612 0.001958 
3965.369848 0.001963 
3964.203084 0.001969 
3963.036321 0.001972 
3961.869557 0.001977 
3960.702793 0.001986 
3959.536029 0.001988 
3958.369265 0.001994 
3957.202501 0.002000 
3956.035737 0.002005 
3954.868974 0.002011 
3953.702210 0.002016 
3952.535446 0.002022 
3951.368682 0.002025 
3950.201918 0.002033 
3949.035154 0.002039 
3947.868390 0.002044 
3946.701627 0.002047 
3945.534863 0.002053 
3944.368099 0.002061 
3943.201335 0.002067 
3942.034571 0.002073 
3940.867807 0.002078 
3939.701043 0.002084 
3938.534280 0.000984 
3937.367516 0.001955 
3936.200752 0.001282 
3935.033988 0.001456 
3933.867224 0.001803 
3932.700460 0.000956 
3931.533696 0.001927 
3930.366933 0.001369 
3929.200169 0.001425 
3928.033405 0.001893 
3926.866641 0.002151 
3925.699877 0.002157 
3924.533113 0.002162 
3923.366349 0.001397 
3922.199586 0.000959 
3921.032822 0.002117 
3919.866058 0.000970 
3918.699294 0.001551 
3917.532530 0.001369 
3916.365766 0.002075 
3915.199002 0.002089 
3914.032239 0.001001 
3912.865475 0.001007 
3911.698711 0.001012 
3910.531947 0.001021 
3909.365183 0.002246 
3908.198419 0.001815 
3907.031655 0.001040 
3905.864892 0.001049 
3904.698128 0.002260 
3903.531364 0.001304 
3902.364600 0.001789 
3901.197836 0.001829 
3900.031072 0.001293 
3898.864309 0.001136 
3897.697545 0.002014 
3896.530781 0.001102 
3895.364017 0.001111 
3894.197253 0.001119 
3893.030489 0.002342 
3891.863725 0.001988 
3890.696962 0.001139 
3889.530198 0.001144 
3888.363434 0.002283 
3887.196670 0.001327 
3886.029906 0.002387 
3884.863142 0.002395 
3883.696378 0.002403 
3882.529615 0.002409 
3881.362851 0.002415 
3880.196087 0.001944 
3879.029323 0.001946 
3877.862559 0.002437 
3876.695795 0.002446 
3875.529031 0.002451 
3874.362268 0.002460 
3873.195504 0.002468 
3872.028740 0.002476 
3870.861976 0.002485 
3869.695212 0.002490 
3868.528448 0.002499 
3867.361684 0.002507 
3866.194921 0.002516 
3865.028157 0.002524 
3863.861393 0.002530 
3862.694629 0.002538 
3861.527865 0.002546 
3860.361101 0.002555 
3859.194337 0.002561 
3858.027574 0.002569 
3856.860810 0.002577 
3855.694046 0.003565 
3854.527282 0.002597 
3853.360518 0.002603 
3852.193754 0.002611 
3851.026990 0.002619 
3849.860227 0.002631 
3848.693463 0.002636 
3847.526699 0.002645 
3846.359935 0.002073 
3845.193171 0.002280 
3844.026407 0.002670 
3842.859643 0.002678 
3841.692880 0.002687 
3840.526116 0.002053 
3839.359352 0.002381 
3838.192588 0.002712 
3837.025824 0.001500 
3835.859060 0.001509 
3834.692296 0.001520 
3833.525533 0.001528 
3832.358769 0.002748 
3831.192005 0.002516 
3830.025241 0.002056 
3828.858477 0.002022 
3827.691713 0.001571 
3826.524950 0.001582 
3825.358186 0.001590 
3824.191422 0.001599 
3823.024658 0.002426 
3821.857894 0.002833 
3820.691130 0.002835 
3819.524366 0.002861 
3818.357603 0.002861 
3817.190839 0.002861 
3816.024075 0.001750 
3814.857311 0.002889 
3813.690547 0.002471 
3812.523783 0.002373 
3811.357019 0.001983 
3810.190256 0.002889 
3809.023492 0.002945 
3807.856728 0.002945 
3806.689964 0.002213 
3805.523200 0.002746 
3804.356436 0.002942 
3803.189672 0.002056 
3802.022909 0.003001 
3800.856145 0.002204 
3799.689381 0.001795 
3798.522617 0.001893 
3797.355853 0.002684 
3796.189089 0.002432 
3795.022325 0.003057 
3793.855562 0.003057 
3792.688798 0.002002 
3791.522034 0.003085 
3790.355270 0.003085 
3789.188506 0.002179 
3788.021742 0.003068 
3786.854978 0.003113 
3785.688215 0.003124 
3784.521451 0.003141 
3783.354687 0.003141 
3782.187923 0.001952 
3781.021159 0.003169 
3779.854395 0.003169 
3778.687631 0.003186 
3777.520868 0.002165 
3776.354104 0.003200 
3775.187340 0.003225 
3774.020576 0.003225 
3772.853812 0.002398 
3771.687048 0.003127 
3770.520284 0.003256 
3769.353521 0.002891 
3768.186757 0.002064 
3767.019993 0.002962 
3765.853229 0.003307 
3764.686465 0.003309 
3763.519701 0.003321 
3762.352938 0.003337 
3761.186174 0.003337 
3760.019410 0.003365 
3758.852646 0.003365 
3757.685882 0.003377 
3756.519118 0.003393 
3755.352354 0.003393 
3754.185591 0.003475 
3753.018827 0.004319 
3751.852063 0.003421 
3750.685299 0.004254 
3749.518535 0.003590 
3748.351771 0.003452 
3747.185007 0.003478 
3746.018244 0.004111 
3744.851480 0.003839 
3743.684716 0.003506 
3742.517952 0.003508 
3741.351188 0.003534 
3740.184424 0.003534 
3739.017660 0.003556 
3737.850897 0.003562 
3736.684133 0.003797 
3735.517369 0.004313 
3734.350605 0.003590 
3733.183841 0.003612 
3732.017077 0.003618 
3730.850313 0.003623 
3729.683550 0.003646 
3728.516786 0.003646 
3727.350022 0.003671 
3726.183258 0.003674 
3725.016494 0.003682 
3723.849730 0.003702 
3722.682966 0.003702 
3721.516203 0.003727 
3720.349439 0.003730 
3719.182675 0.003738 
3718.015911 0.003758 
3716.849147 0.003758 
3715.682383 0.003786 
3714.515619 0.003792 
3713.348856 0.004280 
3712.182092 0.004302 
3711.015328 0.003837 
3709.848564 0.005031 
3708.681800 0.003848 
3707.515036 0.003870 
3706.348272 0.003870 
3705.181509 0.003895 
3704.014745 0.003898 
3702.847981 0.003907 
3701.681217 0.004524 
3700.514453 0.004305 
3699.347689 0.003952 
3698.180926 0.003957 
3697.014162 0.004372 
3695.847398 0.005202 
3694.680634 0.004322 
3693.513870 0.005157 
3692.347106 0.005244 
3691.180342 0.004798 
3690.013579 0.005455 
3688.846815 0.005525 
3687.680051 0.005301 
3686.513287 0.005301 
3685.346523 0.005312 
3684.179759 0.005329 
3683.012995 0.005329 
3681.846232 0.005357 
3680.679468 0.005365 
3679.512704 0.005948 
3678.345940 0.006610 
3677.179176 0.006619 
3676.012412 0.006619 
3674.845648 0.006619 
3673.678885 0.006605 
3672.512121 0.006591 
3671.345357 0.007746 
3670.178593 0.006767 
3669.011829 0.007367 
3667.845065 0.006574 
3666.678301 0.006563 
3665.511538 0.007777 
3664.344774 0.007791 
3663.178010 0.007768 
3662.011246 0.007768 
3660.844482 0.007768 
3659.677718 0.007768 
3658.510954 0.007768 
3657.344191 0.008315 
3656.177427 0.008974 
3655.010663 0.008974 
3653.843899 0.008972 
3652.677135 0.009308 
3651.510371 0.010180 
3650.343607 0.010180 
3649.176844 0.010155 
3648.010080 0.010152 
3646.843316 0.010152 
3645.676552 0.010152 
3644.509788 0.010152 
3643.343024 0.011322 
3642.176260 0.011358 
3641.009497 0.011358 
3639.842733 0.011358 
3638.675969 0.011358 
3637.509205 0.012564 
3636.342441 0.012564 
3635.175677 0.012564 
3634.008914 0.013363 
3632.842150 0.013773 
3631.675386 0.013851 
3630.508622 0.014662 
3629.341858 0.014370 
3628.175094 0.015004 
3627.008330 0.015004 
3625.841567 0.015001 
3624.674803 0.015377 
3623.508039 0.016210 
3622.341275 0.016210 
3621.174511 0.017388 
3620.007747 0.017438 
3618.840983 0.017416 
3617.674220 0.018137 
3616.507456 0.018650 
3615.340692 0.018650 
3614.173928 0.018914 
3613.007164 0.019884 
3611.840400 0.019884 
3610.673636 0.020899 
3609.506873 0.021090 
3608.340109 0.021412 
3607.173345 0.022324 
3606.006581 0.022324 
3604.839817 0.022324 
3603.673053 0.023558 
3602.506289 0.023558 
3601.339526 0.024200 
3600.172762 0.024792 
3599.005998 0.024792 
3597.839234 0.026026 
3596.672470 0.026469 
3595.505706 0.027260 
3594.338942 0.027260 
3593.172179 0.028480 
3592.005415 0.028494 
3590.838651 0.028996 
3589.671887 0.030491 
3588.505123 0.030962 
3587.338359 0.031009 
3586.171595 0.032218 
3585.004832 0.032196 
3583.838068 0.033037 
3582.671304 0.033458 
3581.504540 0.034692 
3580.337776 0.035065 
3579.171012 0.035940 
3578.004248 0.036829 
3576.837485 0.037188 
3575.670721 0.038447 
3574.503957 0.038856 
3573.337193 0.039684 
3572.170429 0.040648 
3571.003665 0.042146 
3569.836902 0.042412 
3568.670138 0.043442 
3567.503374 0.044202 
3566.336610 0.045730 
3565.169846 0.045994 
3564.003082 0.047519 
3562.836318 0.048490 
3561.669555 0.049311 
3560.502791 0.050840 
3559.336027 0.051104 
3558.169263 0.052629 
3557.002499 0.054158 
3555.835735 0.054800 
3554.668971 0.055947 
3553.502208 0.057503 
3552.335444 0.059037 
3551.168680 0.060583 
3550.001916 0.062131 
3548.835152 0.062456 
3547.668388 0.063934 
3546.501624 0.065485 
3545.334861 0.067028 
3544.168097 0.069619 
3543.001333 0.070152 
3541.834569 0.071705 
3540.667805 0.073242 
3539.501041 0.074804 
3538.334277 0.077480 
3537.167514 0.079244 
3536.000750 0.080803 
3534.833986 0.082379 
3533.667222 0.083953 
3532.500458 0.086693 
3531.333694 0.088395 
3530.166930 0.089991 
3529.000167 0.092260 
3527.833403 0.095437 
3526.666639 0.097381 
3525.499875 0.100496 
3524.333111 0.102729 
3523.166347 0.104238 
3521.999583 0.107449 
3520.832820 0.110643 
3519.666056 0.112550 
3518.499292 0.115217 
3517.332528 0.117666 
3516.165764 0.120902 
3514.999000 0.124096 
3513.832236 0.126065 
3512.665473 0.129332 
3511.498709 0.132605 
3510.331945 0.135886 
3509.165181 0.139176 
3507.998417 0.142067 
3506.831653 0.144426 
3505.664889 0.147733 
3504.498126 0.151050 
3503.331362 0.154402 
3502.164598 0.157739 
3500.997834 0.161099 
3499.831070 0.164456 
3498.664306 0.167816 
3497.497543 0.171201 
3496.330779 0.174572 
3495.164015 0.177982 
3493.997251 0.181384 
3492.830487 0.184808 
3491.663723 0.188232 
3490.496959 0.191659 
3489.330196 0.195106 
3488.163432 0.198564 
3486.996668 0.202028 
3485.829904 0.205514 
3484.663140 0.208988 
3483.496376 0.212483 
3482.329612 0.216002 
3481.162849 0.218069 
3479.996085 0.222057 
3478.829321 0.225768 
3477.662557 0.228651 
3476.495793 0.232212 
3475.329029 0.235777 
3474.162265 0.239339 
3472.995502 0.242037 
3471.828738 0.245026 
3470.661974 0.248622 
3469.495210 0.252253 
3468.328446 0.255882 
3467.161682 0.259511 
3465.994918 0.263143 
3464.828155 0.266803 
3463.661391 0.270059 
3462.494627 0.272631 
3461.327863 0.276308 
3460.161099 0.280001 
3458.994335 0.283700 
3457.827571 0.286942 
3456.660808 0.289623 
3455.494044 0.293356 
3454.327280 0.298575 
3453.160516 0.302420 
3451.993752 0.306187 
3450.826988 0.309970 
3449.660224 0.313770 
3448.493461 0.317598 
3447.326697 0.321401 
3446.159933 0.325249 
3444.993169 0.329099 
3443.826405 0.332956 
3442.659641 0.338352 
3441.492877 0.341131 
3440.326114 0.346227 
3439.159350 0.350128 
3437.992586 0.354054 
3436.825822 0.357991 
3435.659058 0.361960 
3434.492294 0.366764 
3433.325531 0.370351 
3432.158767 0.375435 
3430.992003 0.379555 
3429.825239 0.384157 
3428.658475 0.389287 
3427.491711 0.393345 
3426.324947 0.397414 
3425.158184 0.401815 
3423.991420 0.407280 
3422.824656 0.411403 
3421.657892 0.415543 
3420.491128 0.419730 
3419.324364 0.425566 
3418.157600 0.429739 
3416.990837 0.433929 
3415.824073 0.439647 
3414.657309 0.444112 
3413.490545 0.446835 
3412.323781 0.450846 
3411.157017 0.459904 
3409.990253 0.464722 
3408.823490 0.469260 
3407.656726 0.475169 
3406.489962 0.479513 
3405.323198 0.482520 
3404.156434 0.488221 
3402.989670 0.492986 
3401.822906 0.499638 
3400.656143 0.505202 
3399.489379 0.509645 
3398.322615 0.514177 
3397.155851 0.520481 
3395.989087 0.525008 
3394.822323 0.529554 
3393.655559 0.534097 
3392.488796 0.538677 
3391.322032 0.543775 
3390.155268 0.549755 
3388.988504 0.554390 
3387.821740 0.559035 
3386.654976 0.563687 
3385.488212 0.568379 
3384.321449 0.572050 
3383.154685 0.572959 
3381.987921 0.576664 
3380.821157 0.585316 
3379.654393 0.590100 
3378.487629 0.593729 
3377.320865 0.597698 
3376.154102 0.600524 
3374.987338 0.602199 
3373.820574 0.610197 
3372.653810 0.615049 
3371.487046 0.619929 
3370.320282 0.622823 
3369.153519 0.627745 
3367.986755 0.632675 
3366.819991 0.636243 
3365.653227 0.640536 
3364.486463 0.643473 
3363.319699 0.648467 
3362.152935 0.652416 
3360.986172 0.656435 
3359.819408 0.659540 
3358.652644 0.664159 
3357.485880 0.666705 
3356.319116 0.670438 
3355.152352 0.673918 
3353.985588 0.678568 
3352.818825 0.683282 
3351.652061 0.685871 
3350.485297 0.689775 
3349.318533 0.694977 
3348.151769 0.698017 
3346.985005 0.702743 
3345.818241 0.706347 
3344.651478 0.710155 
3343.484714 0.714698 
3342.317950 0.717809 
3341.151186 0.722486 
3339.984422 0.726259 
3338.817658 0.730045 
3337.650894 0.732723 
3336.484131 0.735696 
3335.317367 0.740337 
3334.150603 0.744269 
3332.983839 0.747982 
3331.817075 0.752896 
3330.650311 0.755709 
3329.483547 0.759318 
3328.316784 0.763455 
3327.150020 0.768065 
3325.983256 0.771279 
3324.816492 0.774560 
3323.649728 0.779129 
3322.482964 0.783434 
3321.316200 0.787035 
3320.149437 0.792018 
3318.982673 0.793317 
3317.815909 0.797835 
3316.649145 0.802311 
3315.482381 0.805875 
3314.315617 0.809000 
3313.148853 0.813958 
3311.982090 0.816824 
3310.815326 0.821482 
3309.648562 0.824977 
3308.481798 0.827891 
3307.315034 0.831702 
3306.148270 0.836111 
3304.981507 0.839050 
3303.814743 0.841983 
3302.647979 0.847365 
3301.481215 0.850318 
3300.314451 0.853269 
3299.147687 0.858322 
3297.980923 0.861671 
3296.814160 0.864683 
3295.647396 0.867670 
3294.480632 0.872373 
3293.313868 0.876187 
3292.147104 0.879207 
3290.980340 0.882236 
3289.813576 0.886586 
3288.646813 0.890841 
3287.480049 0.893917 
3286.313285 0.896980 
3285.146521 0.900067 
3283.979757 0.904608 
3282.812993 0.908795 
3281.646229 0.911908 
3280.479466 0.915032 
3279.312702 0.918151 
3278.145938 0.921272 
3276.979174 0.924419 
3275.812410 0.927571 
3274.645646 0.930729 
3273.478882 0.933884 
3272.312119 0.937056 
3271.145355 0.940247 
3269.978591 0.943433 
3268.811827 0.946625 
3267.645063 0.949828 
3266.478299 0.953050 
3265.311535 0.956275 
3264.144772 0.959500 
3262.978008 0.962748 
3261.811244 0.964495 
3260.644480 0.966551 
3259.477716 0.969807 
3258.310952 0.972600 
3257.144188 0.973657 
3255.977425 0.976930 
3254.810661 0.980220 
3253.643897 0.980792 
3252.477133 0.983453 
3251.310369 0.984665 
3250.143605 0.987972 
3248.976841 0.988922 
3247.810078 0.991671 
3246.643314 0.992439 
3245.476550 0.994433 
3244.309786 0.994447 
3243.143022 0.996949 
3241.976258 0.997196 
3240.809494 0.997196 
3239.642731 0.997196 
3238.475967 0.999276 
3237.309203 0.999972 
3236.142439 0.999972 
3234.975675 0.999972 
3233.808911 0.999989 
3232.642148 1.000000 
3231.475384 1.000000 
3230.308620 1.000000 
3229.141856 1.000000 
3227.975092 1.000000 
3226.808328 1.000000 
3225.641564 0.997252 
3224.474801 0.997252 
3223.308037 0.997266 
3222.141273 0.995398 
3220.974509 0.994531 
3219.807745 0.994245 
3218.640981 0.991783 
3217.474217 0.990358 
3216.307454 0.989062 
3215.140690 0.989062 
3213.973926 0.986320 
3212.807162 0.985346 
3211.640398 0.982054 
3210.473634 0.980901 
3209.306870 0.978203 
3208.140107 0.975489 
3206.973343 0.974370 
3205.806579 0.971097 
3204.639815 0.967863 
3203.473051 0.967302 
3202.306287 0.964055 
3201.139523 0.962055 
3199.972760 0.960269 
3198.805996 0.957046 
3197.639232 0.953824 
3196.472468 0.950610 
3195.305704 0.947418 
3194.138940 0.944230 
3192.972176 0.943489 
3191.805413 0.937855 
3190.638649 0.935609 
3189.471885 0.934153 
3188.305121 0.928996 
3187.138357 0.927784 
3185.971593 0.922596 
3184.804829 0.920551 
3183.638066 0.915871 
3182.471302 0.912772 
3181.304538 0.909687 
3180.137774 0.906571 
3178.971010 0.903494 
3177.804246 0.900423 
3176.637482 0.897361 
3175.470719 0.891755 
3174.303955 0.888709 
3173.137191 0.885677 
3171.970427 0.882643 
3170.803663 0.877342 
3169.636899 0.874109 
3168.470136 0.871097 
3167.303372 0.866775 
3166.136608 0.862661 
3164.969844 0.859674 
3163.803080 0.854253 
3162.636316 0.850372 
3161.469552 0.845910 
3160.302789 0.842982 
3159.136025 0.837648 
3157.969261 0.834198 
3156.802497 0.829414 
3155.635733 0.824985 
3154.468969 0.821236 
3153.302205 0.815994 
3152.135442 0.812486 
3150.968678 0.807914 
3149.801914 0.803441 
3148.635150 0.797793 
3147.468386 0.794461 
3146.301622 0.788855 
3145.134858 0.784466 
3143.968095 0.779990 
3142.801331 0.776605 
3141.634567 0.769254 
3140.467803 0.765665 
3139.301039 0.760165 
3138.134275 0.754705 
3136.967511 0.751505 
3135.800748 0.746084 
3134.633984 0.740668 
3133.467220 0.735292 
3132.300456 0.729930 
3131.133692 0.724601 
3129.966928 0.719281 
3128.800164 0.714003 
3127.633401 0.708744 
3126.466637 0.703508 
3125.299873 0.698286 
3124.133109 0.693076 
3122.966345 0.687907 
3121.799581 0.682755 
3120.632817 0.675646 
3119.466054 0.670410 
3118.299290 0.665331 
3117.132526 0.660277 
3115.965762 0.653644 
3114.798998 0.648145 
3113.632234 0.643164 
3112.465470 0.637376 
3111.298707 0.631194 
3110.131943 0.626275 
3108.965179 0.621384 
3107.798415 0.616025 
3106.631651 0.609647 
3105.464887 0.603500 
3104.298124 0.598020 
3103.131360 0.593081 
3101.964596 0.586496 
3100.797832 0.580784 
3099.631068 0.575082 
3098.464304 0.568618 
3097.297540 0.563533 
3096.130777 0.557206 
3094.964013 0.551549 
3093.797249 0.546069 
3092.630485 0.539642 
3091.463721 0.534697 
3090.296957 0.528603 
3089.130193 0.522974 
3087.963430 0.517733 
3086.796666 0.511381 
3085.629902 0.505082 
3084.463138 0.499860 
3083.296374 0.493244 
3082.129610 0.488204 
3080.962846 0.482009 
3079.796083 0.477177 
3078.629319 0.470676 
3077.462555 0.465440 
3076.295791 0.459537 
3075.129027 0.453347 
3073.962263 0.448523 
3072.795499 0.442180 
3071.628736 0.437143 
3070.461972 0.431304 
3069.295208 0.425313 
3068.128444 0.420529 
3066.961680 0.414320 
3065.794916 0.408147 
3064.628152 0.403680 
3063.461389 0.397577 
3062.294625 0.391480 
3061.127861 0.386465 
3059.961097 0.381064 
3058.794333 0.375138 
3057.627569 0.370715 
3056.460805 0.364759 
3055.294042 0.359941 
3054.127278 0.354564 
3052.960514 0.350287 
3051.793750 0.344429 
3050.626986 0.338610 
3049.460222 0.333965 
3048.293458 0.328631 
3047.126695 0.324464 
3045.959931 0.319289 
3044.793167 0.314583 
3043.626403 0.308907 
3042.459639 0.304759 
3041.292875 0.299450 
3040.126112 0.295695 
3038.959348 0.291017 
3037.792584 0.286712 
3036.625820 0.281473 
3035.459056 0.277780 
3034.292292 0.273419 
3033.125528 0.268909 
3031.958765 0.265269 
3030.792001 0.260126 
3029.625237 0.256497 
3028.458473 0.252119 
3027.291709 0.247766 
3026.124945 0.244171 
3024.958181 0.240606 
3023.791418 0.237042 
3022.624654 0.233480 
3021.457890 0.229918 
3020.291126 0.226382 
3019.124362 0.222857 
3017.957598 0.219337 
3016.790834 0.216701 
3015.624071 0.213781 
3014.457307 0.210312 
3013.290543 0.208251 
3012.123779 0.205393 
3010.957015 0.203663 
3009.790251 0.201932 
3008.623487 0.198772 
3007.456724 0.197050 
3006.289960 0.196034 
3005.123196 0.195039 
3003.956432 0.193334 
3002.789668 0.193036 
3001.622904 0.191772 
3000.456140 0.191023 
2999.289377 0.190369 
2998.122613 0.190369 
2996.955849 0.190369 
2995.789085 0.190381 
2994.622321 0.190397 
2993.455557 0.189264 
2992.288793 0.188967 
2991.122030 0.188692 
2989.955266 0.187565 
2988.788502 0.186679 
2987.621738 0.184982 
2986.454974 0.183260 
2985.288210 0.181560 
2984.121446 0.179864 
2982.954683 0.177213 
2981.787919 0.175068 
2980.621155 0.171860 
2979.454391 0.168909 
2978.287627 0.167232 
2977.120863 0.164534 
2975.954099 0.162493 
2974.787336 0.161034 
2973.620572 0.160532 
2972.453808 0.159649 
2971.287044 0.159660 
2970.120280 0.159660 
2968.953516 0.159660 
2967.786753 0.159660 
2966.619989 0.160527 
2965.453225 0.161062 
2964.286461 0.162515 
2963.119697 0.163844 
2961.952933 0.164492 
2960.786169 0.165241 
2959.619406 0.165266 
2958.452642 0.166643 
2957.285878 0.166652 
2956.119114 0.166671 
2954.952350 0.166671 
2953.785586 0.165376 
2952.618822 0.165109 
2951.452059 0.163424 
2950.285295 0.162521 
2949.118531 0.161472 
2947.951767 0.158446 
2946.785003 0.156746 
2945.618239 0.155083 
2944.451475 0.153420 
2943.284712 0.151757 
2942.117948 0.150122 
2940.951184 0.148459 
2939.784420 0.146799 
2938.617656 0.146050 
2937.450892 0.144875 
2936.284128 0.144589 
2935.117365 0.142954 
2933.950601 0.141305 
2932.783837 0.140618 
2931.617073 0.139392 
2930.450309 0.137737 
2929.283545 0.135656 
2928.116781 0.133104 
2926.950018 0.131478 
2925.783254 0.128558 
2924.616490 0.125529 
2923.449726 0.123401 
2922.282962 0.120952 
2921.116198 0.119348 
2919.949434 0.117724 
2918.782671 0.116123 
2917.615907 0.114508 
2916.449143 0.113750 
2915.282379 0.112637 
2914.115615 0.112359 
2912.948851 0.111114 
2911.782087 0.110489 
2910.615324 0.109796 
2909.448560 0.108618 
2908.281796 0.105817 
2907.115032 0.105006 
2905.948268 0.102502 
2904.781504 0.100923 
2903.614741 0.099327 
2902.447977 0.097535 
2901.281213 0.094848 
2900.114449 0.094007 
2898.947685 0.092997 
2897.780921 0.091410 
2896.614157 0.089842 
2895.447394 0.088802 
2894.280630 0.088000 
2893.113866 0.086429 
2891.947102 0.084920 
2890.780338 0.084598 
2889.613574 0.083036 
2888.446810 0.082340 
2887.280047 0.081204 
2886.113283 0.080935 
2884.946519 0.079760 
2883.779755 0.079104 
2882.612991 0.078470 
2881.446227 0.077272 
2880.279463 0.077031 
2879.112700 0.075918 
2877.945936 0.075918 
2876.779172 0.074928 
2875.612408 0.074628 
2874.445644 0.074415 
2873.278880 0.073876 
2872.112116 0.073873 
2870.945353 0.073366 
2869.778589 0.073394 
2868.611825 0.073394 
2867.445061 0.073394 
2866.278297 0.073394 
2865.111533 0.073419 
2863.944769 0.073517 
2862.778006 0.074712 
2861.611242 0.074712 
2860.444478 0.074731 
2859.277714 0.075918 
2858.110950 0.076190 
2856.944186 0.077320 
2855.777422 0.077334 
2854.610659 0.078318 
2853.443895 0.078638 
2852.277131 0.079956 
2851.110367 0.080447 
2849.943603 0.082026 
2848.776839 0.083596 
2847.610075 0.085187 
2846.443312 0.087043 
2845.276548 0.090221 
2844.109784 0.093393 
2842.943020 0.096559 
2841.776256 0.101063 
2840.609492 0.104995 
2839.442729 0.110775 
2838.275965 0.115613 
2837.109201 0.119281 
2835.942437 0.123855 
2834.775673 0.127114 
2833.608909 0.129674 
2832.442145 0.131318 
2831.275382 0.131671 
2830.108618 0.131489 
2828.941854 0.129859 
2827.775090 0.127456 
2826.608326 0.123143 
2825.441562 0.119623 
2824.274798 0.114788 
2823.108035 0.109967 
2821.941271 0.105990 
2820.774507 0.101705 
2819.607743 0.098239 
2818.440979 0.094158 
2817.274215 0.091985 
2816.107451 0.088830 
2814.940688 0.085675 
2813.773924 0.082640 
2812.607160 0.080688 
2811.440396 0.077567 
2810.273632 0.075379 
2809.106868 0.073845 
2807.940104 0.070996 
2806.773341 0.068991 
2805.606577 0.066629 
2804.439813 0.064105 
2803.273049 0.062257 
2802.106285 0.060729 
2800.939521 0.058687 
2799.772757 0.056387 
2798.605994 0.054859 
2797.439230 0.053297 
2796.272466 0.050543 
2795.105702 0.049017 
2793.938938 0.047508 
2792.772174 0.045991 
2791.605410 0.044468 
2790.438647 0.042968 
2789.271883 0.041453 
2788.105119 0.039942 
2786.938355 0.038441 
2785.771591 0.036921 
2784.604827 0.035841 
2783.438063 0.035168 
2782.271300 0.033676 
2781.104536 0.032156 
2779.937772 0.031918 
2778.771008 0.030404 
2777.604244 0.028912 
2776.437480 0.028410 
2775.270717 0.027204 
2774.103953 0.026929 
2772.937189 0.025434 
2771.770425 0.024736 
2770.603661 0.023684 
2769.436897 0.023423 
2768.270133 0.022276 
2767.103370 0.021701 
2765.936606 0.021062 
2764.769842 0.019948 
2763.603078 0.019856 
2762.436314 0.019460 
2761.269550 0.018636 
2760.102786 0.017736 
2758.936023 0.017416 
2757.769259 0.017222 
2756.602495 0.016210 
2755.435731 0.016210 
2754.268967 0.016210 
2753.102203 0.015007 
2751.935439 0.015004 
2750.768676 0.015004 
2749.601912 0.015021 
2748.435148 0.013997 
2747.268384 0.013798 
2746.101620 0.013826 
2744.934856 0.013251 
2743.768092 0.012612 
2742.601329 0.012620 
2741.434565 0.012620 
2740.267801 0.012629 
2739.101037 0.012012 
2737.934273 0.011414 
2736.767509 0.011440 
2735.600745 0.011442 
2734.433982 0.011016 
2733.267218 0.010220 
2732.100454 0.010208 
2730.933690 0.010180 
2729.766926 0.010175 
2728.600162 0.010152 
2727.433398 0.010152 
2726.266635 0.010130 
2725.099871 0.008890 
2723.933107 0.008885 
2722.766343 0.008862 
2721.599579 0.008843 
2720.432815 0.008834 
2719.266051 0.008806 
2718.099288 0.008798 
2716.932524 0.008175 
2715.765760 0.007553 
2714.598996 0.007544 
2713.432232 0.007516 
2712.265468 0.007508 
2711.098705 0.007488 
2709.931941 0.007466 
2708.765177 0.007460 
2707.598413 0.007432 
2706.431649 0.007432 
2705.264885 0.007415 
2704.098121 0.007404 
2702.931358 0.007376 
2701.764594 0.007095 
2700.597830 0.006131 
2699.431066 0.006114 
2698.264302 0.006114 
2697.097538 0.006086 
2695.930774 0.006077 
2694.764011 0.006058 
2693.597247 0.006038 
2692.430483 0.006030 
2691.263719 0.006027 
2690.096955 0.006002 
2688.930191 0.005988 
2687.763427 0.005974 
2686.596664 0.005946 
2685.429900 0.005940 
2684.263136 0.005917 
2683.096372 0.005917 
2681.929608 0.005895 
2680.762844 0.005889 
2679.596080 0.005598 
2678.429317 0.005138 
2677.262553 0.005054 
2676.095789 0.005615 
2674.929025 0.005805 
2673.762261 0.005797 
2672.595497 0.005777 
2671.428733 0.005758 
2670.261970 0.004650 
2669.095206 0.005601 
2667.928442 0.004507 
2666.761678 0.004487 
2665.594914 0.005368 
2664.428150 0.005668 
2663.261386 0.004431 
2662.094623 0.004863 
2660.927859 0.004936 
2659.761095 0.005343 
2658.594331 0.005609 
2657.427567 0.005337 
2656.260803 0.004347 
2655.094039 0.004347 
2653.927276 0.005320 
2652.760512 0.005525 
2651.593748 0.005519 
2650.426984 0.005497 
2649.260220 0.005477 
2648.093456 0.005469 
2646.926692 0.005441 
2645.759929 0.005441 
2644.593165 0.005427 
2643.426401 0.005413 
2642.259637 0.005387 
2641.092873 0.005385 
2639.926109 0.005376 
2638.759346 0.005357 
2637.592582 0.005334 
2636.425818 0.005329 
2635.259054 0.005301 
2634.092290 0.005289 
2632.925526 0.006016 
2631.758762 0.006484 
2630.591999 0.006478 
2629.425235 0.006450 
2628.258471 0.006439 
2627.091707 0.006422 
2625.924943 0.006422 
2624.758179 0.006478 
2623.591415 0.007600 
2622.424652 0.007586 
2621.257888 0.007572 
2620.091124 0.007572 
2618.924360 0.008775 
2617.757596 0.008750 
2616.590832 0.008736 
2615.424068 0.008722 
2614.257305 0.008722 
2613.090541 0.008694 
2611.923777 0.009148 
2610.757013 0.009883 
2609.590249 0.009872 
2608.423485 0.009872 
2607.256721 0.009844 
2606.089958 0.009833 
2604.923194 0.009816 
2603.756430 0.009816 
2602.589666 0.011019 
2601.422902 0.010994 
2600.256138 0.010994 
2599.089374 0.010974 
2597.922611 0.009861 
2596.755847 0.010938 
2595.589083 0.010929 
2594.422319 0.010909 
2593.255555 0.010004 
2592.088791 0.009676 
2590.922027 0.009647 
2589.755264 0.009636 
2588.588500 0.009619 
2587.421736 0.009597 
2586.254972 0.009591 
2585.088208 0.009586 
2583.921444 0.009563 
2582.754680 0.009547 
2581.587917 0.009535 
2580.421153 0.009535 
2579.254389 0.009507 
2578.087625 0.009493 
2576.920861 0.009479 
2575.754097 0.009454 
2574.587334 0.009451 
2573.420570 0.009443 
2572.253806 0.009423 
2571.087042 0.009403 
2569.920278 0.009395 
2568.753514 0.010601 
2567.586750 0.010593 
2566.419987 0.010573 
2565.253223 0.010573 
2564.086459 0.010545 
2562.919695 0.010539 
2561.752931 0.011005 
2560.586167 0.011005 
2559.419403 0.011498 
2558.252640 0.011695 
2557.085876 0.011695 
2555.919112 0.011684 
2554.752348 0.011667 
2553.585584 0.011641 
2552.418820 0.012870 
2551.252056 0.012845 
2550.085293 0.012831 
2548.918529 0.012817 
2547.751765 0.013944 
2546.585001 0.014022 
2545.418237 0.014014 
2544.251473 0.013994 
2543.084709 0.013972 
2541.917946 0.013966 
2540.751182 0.013961 
2539.584418 0.013938 
2538.417654 0.013922 
2537.250890 0.013910 
2536.084126 0.013910 
2534.917362 0.013882 
2533.750599 0.013871 
2532.583835 0.013854 
2531.417071 0.013854 
2530.250307 0.012592 
2529.083543 0.012592 
2527.916779 0.012578 
2526.750015 0.012564 
2525.583252 0.012539 
2524.416488 0.011302 
2523.249724 0.011294 
2522.082960 0.011274 
2520.916196 0.010365 
2519.749432 0.010015 
2518.582668 0.010012 
2517.415905 0.010001 
2516.249141 0.009274 
2515.082377 0.008750 
2513.915613 0.008722 
2512.748849 0.008716 
2511.582085 0.008181 
2510.415322 0.007460 
2509.248558 0.007460 
2508.081794 0.007379 
2506.915030 0.006198 
2505.748266 0.006184 
2504.581502 0.006170 
2503.414738 0.006170 
2502.247975 0.006142 
2501.081211 0.005769 
2499.914447 0.004908 
2498.747683 0.004888 
2497.580919 0.004880 
2496.414155 0.004852 
2495.247391 0.004841 
2494.080628 0.004824 
2492.913864 0.003873 
2491.747100 0.003590 
2490.580336 0.003562 
2489.413572 0.003562 
2488.246808 0.003545 
2487.080044 0.003534 
2485.913281 0.003506 
2484.746517 0.003506 
2483.579753 0.003494 
2482.412989 0.003478 
2481.246225 0.003452 
2480.079461 0.003450 
2478.912697 0.003441 
2477.745934 0.003421 
2476.579170 0.003402 
2475.412406 0.003393 
2474.245642 0.002162 
2473.078878 0.002561 
2471.912114 0.002690 
2470.745350 0.002123 
2469.578587 0.003295 
2468.411823 0.003309 
2467.245059 0.003298 
2466.078295 0.003281 
2464.911531 0.003281 
2463.744767 0.003253 
2462.578003 0.003248 
2461.411240 0.003225 
2460.244476 0.003225 
2459.077712 0.003200 
2457.910948 0.003194 
2456.744184 0.003169 
2455.577420 0.003169 
2454.410656 0.003149 
2453.243893 0.003141 
2452.077129 0.003113 
2450.910365 0.003113 
2449.743601 0.003099 
2448.576837 0.003085 
2447.410073 0.003057 
2446.243310 0.003057 
2445.076546 0.003057 
2443.909782 0.003057 
2442.743018 0.003057 
2441.576254 0.003057 
2440.409490 0.003057 
2439.242726 0.003057 
2438.075963 0.003057 
2436.909199 0.003057 
2435.742435 0.003057 
2434.575671 0.003057 
2433.408907 0.003057 
2432.242143 0.003057 
2431.075379 0.003057 
2429.908616 0.003057 
2428.741852 0.003057 
2427.575088 0.003071 
2426.408324 0.003085 
2425.241560 0.003085 
2424.074796 0.003085 
2422.908032 0.003085 
2421.741269 0.003085 
2420.574505 0.003085 
2419.407741 0.003085 
2418.240977 0.003085 
2417.074213 0.003085 
2415.907449 0.003085 
2414.740685 0.003085 
2413.573922 0.003085 
2412.407158 0.002793 
2411.240394 0.002423 
2410.073630 0.002288 
2408.906866 0.002953 
2407.740102 0.003113 
2406.573338 0.002757 
2405.406575 0.002499 
2404.239811 0.002244 
2403.073047 0.001890 
2401.906283 0.002050 
2400.739519 0.002701 
2399.572755 0.002563 
2398.405991 0.003113 
2397.239228 0.001938 
2396.072464 0.001901 
2394.905700 0.002373 
2393.738936 0.002389 
2392.572172 0.001907 
2391.405408 0.003113 
2390.238644 0.003119 
2389.071881 0.003141 
2387.905117 0.003141 
2386.738353 0.003141 
2385.571589 0.003141 
2384.404825 0.003141 
2383.238061 0.003141 
2382.071297 0.003141 
2380.904534 0.003141 
2379.737770 0.003141 
2378.571006 0.003141 
2377.404242 0.003141 
2376.237478 0.003141 
2375.070714 0.003141 
2373.903951 0.003343 
2372.737187 0.004375 
2371.570423 0.004375 
2370.403659 0.004375 
2369.236895 0.004375 
2368.070131 0.004375 
2366.903367 0.004375 
2365.736604 0.004375 
2364.569840 0.004375 
2363.403076 0.004403 
2362.236312 0.004403 
2361.069548 0.004403 
2359.902784 0.004403 
2358.736020 0.004403 
2357.569257 0.004524 
2356.402493 0.005236 
2355.235729 0.005028 
2354.068965 0.005629 
2352.902201 0.005637 
2351.735437 0.005637 
2350.568673 0.005637 
2349.401910 0.005637 
2348.235146 0.005637 
2347.068382 0.005637 
2345.901618 0.005878 
2344.734854 0.006871 
2343.568090 0.006871 
2342.401326 0.006871 
2341.234563 0.006871 
2340.067799 0.006871 
2338.901035 0.006871 
2337.734271 0.006871 
2336.567507 0.006871 
2335.400743 0.006871 
2334.233979 0.006871 
2333.067216 0.007494 
2331.900452 0.008105 
2330.733688 0.008105 
2329.566924 0.008105 
2328.400160 0.008105 
2327.233396 0.008105 
2326.066632 0.009047 
2324.899869 0.009339 
2323.733105 0.008329 
2322.566341 0.009339 
2321.399577 0.009339 
2320.232813 0.009339 
2319.066049 0.009339 
2317.899285 0.009625 
2316.732522 0.010573 
2315.565758 0.010573 
2314.398994 0.010573 
2313.232230 0.010576 
2312.065466 0.010601 
2310.898702 0.010601 
2309.731939 0.010601 
2308.565175 0.010601 
2307.398411 0.011835 
2306.231647 0.011835 
2305.064883 0.011835 
2303.898119 0.011835 
2302.731355 0.011835 
2301.564592 0.011835 
2300.397828 0.011835 
2299.231064 0.011835 
2298.064300 0.012817 
2296.897536 0.013069 
2295.730772 0.013069 
2294.564008 0.013069 
2293.397245 0.013069 
2292.230481 0.013069 
2291.063717 0.013069 
2289.896953 0.013394 
2288.730189 0.014303 
2287.563425 0.014303 
2286.396661 0.014303 
2285.229898 0.014331 
2284.063134 0.014331 
2282.896370 0.014331 
2281.729606 0.014331 
2280.562842 0.014331 
2279.396078 0.015565 
2278.229314 0.015565 
2277.062551 0.015565 
2275.895787 0.015565 
2274.729023 0.015565 
2273.562259 0.015812 
2272.395495 0.016799 
2271.228731 0.016799 
2270.061967 0.016799 
2268.895204 0.016799 
2267.728440 0.016799 
2266.561676 0.016799 
2265.394912 0.016819 
2264.228148 0.016827 
2263.061384 0.018061 
2261.894620 0.018061 
2260.727857 0.018061 
2259.561093 0.018061 
2258.394329 0.018061 
2257.227565 0.018061 
2256.060801 0.018490 
2254.894037 0.019295 
2253.727273 0.019295 
2252.560510 0.019295 
2251.393746 0.019295 
2250.226982 0.019295 
2249.060218 0.019312 
2247.893454 0.019323 
2246.726690 0.019323 
2245.559927 0.019323 
2244.393163 0.019323 
2243.226399 0.020131 
2242.059635 0.020557 
2240.892871 0.020467 
2239.726107 0.019674 
2238.559343 0.020557 
2237.392580 0.020557 
2236.225816 0.020557 
2235.059052 0.019323 
2233.892288 0.019732 
2232.725524 0.019890 
2231.558760 0.019345 
2230.391996 0.019351 
2229.225233 0.019351 
2228.058469 0.019351 
2226.891705 0.019351 
2225.724941 0.019351 
2224.558177 0.019351 
2223.391413 0.019351 
2222.224649 0.019351 
2221.057886 0.018563 
2219.891122 0.018117 
2218.724358 0.018117 
2217.557594 0.018117 
2216.390830 0.018117 
2215.224066 0.018117 
2214.057302 0.018117 
2212.890539 0.018145 
2211.723775 0.018145 
2210.557011 0.018145 
2209.390247 0.018145 
2208.223483 0.018145 
2207.056719 0.018145 
2205.889955 0.018145 
2204.723192 0.018145 
2203.556428 0.018145 
2202.389664 0.016917 
2201.222900 0.016911 
2200.056136 0.016911 
2198.889372 0.016911 
2197.722608 0.016934 
2196.555845 0.016939 
2195.389081 0.016939 
2194.222317 0.016939 
2193.055553 0.016939 
2191.888789 0.016939 
2190.722025 0.016939 
2189.555261 0.016566 
2188.388498 0.015705 
2187.221734 0.015705 
2186.054970 0.015705 
2184.888206 0.015705 
2183.721442 0.015705 
2182.554678 0.015705 
2181.387915 0.015705 
2180.221151 0.015733 
2179.054387 0.014499 
2177.887623 0.014499 
2176.720859 0.014499 
2175.554095 0.014499 
2174.387331 0.014499 
2173.220568 0.014499 
2172.053804 0.014499 
2170.887040 0.013686 
2169.720276 0.013265 
2168.553512 0.013293 
2167.386748 0.013293 
2166.219984 0.013293 
2165.053221 0.012421 
2163.886457 0.012059 
2162.719693 0.012059 
2161.552929 0.012059 
2160.386165 0.012059 
2159.219401 0.012059 
2158.052637 0.012059 
2156.885874 0.011849 
2155.719110 0.010853 
2154.552346 0.010853 
2153.385582 0.010853 
2152.218818 0.010853 
2151.052054 0.010853 
2149.885290 0.010853 
2148.718527 0.010060 
2147.551763 0.010671 
2146.384999 0.009622 
2145.218235 0.009647 
2144.051471 0.009647 
2142.884707 0.009647 
2141.717943 0.009647 
2140.551180 0.009510 
2139.384416 0.008809 
2138.217652 0.009647 
2137.050888 0.009647 
2135.884124 0.008475 
2134.717360 0.008413 
2133.550596 0.008425 
2132.383833 0.008442 
2131.217069 0.007468 
2130.050305 0.007208 
2128.883541 0.007208 
2127.716777 0.007208 
2126.550013 0.007208 
2125.383249 0.007208 
2124.216486 0.007208 
2123.049722 0.007216 
2121.882958 0.006661 
2120.716194 0.006002 
2119.549430 0.006002 
2118.382666 0.006002 
2117.215903 0.006002 
2116.049139 0.006002 
2114.882375 0.006002 
2113.715611 0.006002 
2112.548847 0.006002 
2111.382083 0.005575 
2110.215319 0.004796 
2109.048556 0.004796 
2107.881792 0.004796 
2106.715028 0.004796 
2105.548264 0.004796 
2104.381500 0.004796 
2103.214736 0.004796 
2102.047972 0.004796 
2100.881209 0.004824 
2099.714445 0.004824 
2098.547681 0.004008 
2097.380917 0.003590 
2096.214153 0.004824 
2095.047389 0.004465 
2093.880625 0.003590 
2092.713862 0.003590 
2091.547098 0.003590 
2090.380334 0.003593 
2089.213570 0.003618 
2088.046806 0.003618 
2086.880042 0.003618 
2085.713278 0.003618 
2084.546515 0.003618 
2083.379751 0.003618 
2082.212987 0.002889 
2081.046223 0.003382 
2079.879459 0.002401 
2078.712695 0.002403 
2077.545931 0.002934 
2076.379168 0.003618 
2075.212404 0.003618 
2074.045640 0.003539 
2072.878876 0.002409 
2071.712112 0.003012 
2070.545348 0.003646 
2069.378584 0.003646 
2068.211821 0.003646 
2067.045057 0.003646 
2065.878293 0.003646 
2064.711529 0.003646 
2063.544765 0.003646 
2062.378001 0.003646 
2061.211237 0.003646 
2060.044474 0.004364 
2058.877710 0.004880 
2057.710946 0.004880 
2056.544182 0.004880 
2055.377418 0.004880 
2054.210654 0.004880 
2053.043890 0.004880 
2051.877127 0.004880 
2050.710363 0.004880 
2049.543599 0.004880 
2048.376835 0.004880 
2047.210071 0.004880 
2046.043307 0.004880 
2044.876544 0.004880 
2043.709780 0.004880 
2042.543016 0.004880 
2041.376252 0.004880 
2040.209488 0.004908 
2039.042724 0.004908 
2037.875960 0.004908 
2036.709197 0.004908 
2035.542433 0.003691 
2034.375669 0.003674 
2033.208905 0.003674 
2032.042141 0.003674 
2030.875377 0.003674 
2029.708613 0.003674 
2028.541850 0.003680 
2027.375086 0.003702 
2026.208322 0.002883 
2025.041558 0.002474 
2023.874794 0.003702 
2022.708030 0.003702 
2021.541266 0.003702 
2020.374503 0.003702 
2019.207739 0.002575 
2018.040975 0.002645 
2016.874211 0.003284 
2015.707447 0.002485 
2014.540683 0.002488 
2013.373919 0.003668 
2012.207156 0.002488 
2011.040392 0.002964 
2009.873628 0.003702 
2008.706864 0.003702 
2007.540100 0.003702 
2006.373336 0.003702 
2005.206572 0.003702 
2004.039809 0.003702 
2002.873045 0.003702 
2001.706281 0.003730 
2000.539517 0.003388 
1999.372753 0.003102 
1998.205989 0.002875 
1997.039225 0.002504 
1995.872462 0.003584 
1994.705698 0.002507 
1993.538934 0.003166 
1992.372170 0.003730 
1991.205406 0.002563 
1990.038642 0.002513 
1988.871878 0.002513 
1987.705115 0.002516 
1986.538351 0.002516 
1985.371587 0.002516 
1984.204823 0.002518 
1983.038059 0.002518 
1981.871295 0.002521 
1980.704532 0.002521 
1979.537768 0.002524 
1978.371004 0.002849 
1977.204240 0.003175 
1976.037476 0.002530 
1974.870712 0.002530 
1973.703948 0.003632 
1972.537185 0.002917 
1971.370421 0.003119 
1970.203657 0.003430 
1969.036893 0.003758 
1967.870129 0.003758 
1966.703365 0.003318 
1965.536601 0.003234 
1964.369838 0.003758 
1963.203074 0.003758 
1962.036310 0.003758 
1960.869546 0.003758 
1959.702782 0.003758 
1958.536018 0.003758 
1957.369254 0.003730 
1956.202491 0.003430 
1955.035727 0.003074 
1953.868963 0.003730 
1952.702199 0.003730 
1951.535435 0.003730 
1950.368671 0.003730 
1949.201907 0.003730 
1948.035144 0.003730 
1946.868380 0.003730 
1945.701616 0.003702 
1944.534852 0.003702 
1943.368088 0.003702 
1942.201324 0.003702 
1941.034560 0.003702 
1939.867797 0.003702 
1938.701033 0.003702 
1937.534269 0.003702 
1936.367505 0.003702 
1935.200741 0.003702 
1934.033977 0.003674 
1932.867213 0.003674 
1931.700450 0.003674 
1930.533686 0.003674 
1929.366922 0.003584 
1928.200158 0.002454 
1927.033394 0.002454 
1925.866630 0.003309 
1924.699866 0.003674 
1923.533103 0.003671 
1922.366339 0.003646 
1921.199575 0.002992 
1920.032811 0.003343 
1918.866047 0.003646 
1917.699283 0.003438 
1916.532520 0.002889 
1915.365756 0.003646 
1914.198992 0.003646 
1913.032228 0.003646 
1911.865464 0.003640 
1910.698700 0.003618 
1909.531936 0.002844 
1908.365173 0.003436 
1907.198409 0.003548 
1906.031645 0.002726 
1904.864881 0.003618 
1903.698117 0.003618 
1902.531353 0.003618 
1901.364589 0.003618 
1900.197826 0.003609 
1899.031062 0.003590 
1897.864298 0.003590 
1896.697534 0.003590 
1895.530770 0.003590 
1894.364006 0.003590 
1893.197242 0.003590 
1892.030479 0.002628 
1890.863715 0.003581 
1889.696951 0.003584 
1888.530187 0.003562 
1887.363423 0.003562 
1886.196659 0.002549 
1885.029895 0.002398 
1883.863132 0.003562 
1882.696368 0.002995 
1881.529604 0.002336 
1880.362840 0.003416 
1879.196076 0.002331 
1878.029312 0.002328 
1876.862548 0.002942 
1875.695785 0.002659 
1874.529021 0.002317 
1873.362257 0.003363 
1872.195493 0.002311 
1871.028729 0.002995 
1869.861965 0.003534 
1868.695201 0.002325 
1867.528438 0.003276 
1866.361674 0.002294 
1865.194910 0.002291 
1864.028146 0.002288 
1862.861382 0.003506 
1861.694618 0.003214 
1860.527854 0.002830 
1859.361091 0.002695 
1858.194327 0.003318 
1857.027563 0.002359 
1855.860799 0.003478 
1854.694035 0.003478 
1853.527271 0.003478 
1852.360508 0.003478 
1851.193744 0.003478 
1850.026980 0.003065 
1848.860216 0.002903 
1847.693452 0.002538 
1846.526688 0.003407 
1845.359924 0.003450 
1844.193161 0.003450 
1843.026397 0.002723 
1841.859633 0.003208 
1840.692869 0.003450 
1839.526105 0.003175 
1838.359341 0.002737 
1837.192577 0.003421 
1836.025814 0.003421 
1834.859050 0.003346 
1833.692286 0.002202 
1832.525522 0.002788 
1831.358758 0.003421 
1830.191994 0.003421 
1829.025230 0.003262 
1827.858467 0.002572 
1826.691703 0.003393 
1825.524939 0.003393 
1824.358175 0.003393 
1823.191411 0.003197 
1822.024647 0.002165 
1820.857883 0.002159 
1819.691120 0.002157 
1818.524356 0.002154 
1817.357592 0.002403 
1816.190828 0.003365 
1815.024064 0.002597 
1813.857300 0.002140 
1812.690536 0.003365 
1811.523773 0.003357 
1810.357009 0.003337 
1809.190245 0.003337 
1808.023481 0.003337 
1806.856717 0.003337 
1805.689953 0.003337 
1804.523189 0.003337 
1803.356426 0.003318 
1802.189662 0.003309 
1801.022898 0.003309 
1799.856134 0.003309 
1798.689370 0.003309 
1797.522606 0.003309 
1796.355842 0.003309 
1795.189079 0.003309 
1794.022315 0.003298 
1792.855551 0.003281 
1791.688787 0.003281 
1790.522023 0.003281 
1789.355259 0.003281 
1788.188495 0.003281 
1787.021732 0.004078 
1785.854968 0.003413 
1784.688204 0.004487 
1783.521440 0.004487 
1782.354676 0.003870 
1781.187912 0.004109 
1780.021149 0.004459 
1778.854385 0.004459 
1777.687621 0.004459 
1776.520857 0.004459 
1775.354093 0.004459 
1774.187329 0.004459 
1773.020565 0.005446 
1771.853802 0.004911 
1770.687038 0.004928 
1769.520274 0.005427 
1768.353510 0.005637 
1767.186746 0.005637 
1766.019982 0.005637 
1764.853218 0.005637 
1763.686455 0.005637 
1762.519691 0.005637 
1761.352927 0.005629 
1760.186163 0.005609 
1759.019399 0.006467 
1757.852635 0.006843 
1756.685871 0.006815 
1755.519108 0.006815 
1754.352344 0.006815 
1753.185580 0.006815 
1752.018816 0.007965 
1750.852052 0.008021 
1749.685288 0.008021 
1748.518524 0.008021 
1747.351761 0.008021 
1746.184997 0.008021 
1745.018233 0.008276 
1743.851469 0.009227 
1742.684705 0.009227 
1741.517941 0.009227 
1740.351177 0.010433 
1739.184414 0.010433 
1738.017650 0.010433 
1736.850886 0.010433 
1735.684122 0.011532 
1734.517358 0.011762 
1733.350594 0.012491 
1732.183830 0.011639 
1731.017067 0.012539 
1729.850303 0.012873 
1728.683539 0.012845 
1727.516775 0.013285 
1726.350011 0.014079 
1725.183247 0.014079 
1724.016483 0.014079 
1722.849720 0.015285 
1721.682956 0.015285 
1720.516192 0.015285 
1719.349428 0.016303 
1718.182664 0.016518 
1717.015900 0.016513 
1715.849137 0.017051 
1714.682373 0.017724 
1713.515609 0.017724 
1712.348845 0.017724 
1711.182081 0.018086 
1710.015317 0.018944 
1708.848553 0.018930 
1707.681790 0.018930 
1706.515026 0.020164 
1705.348262 0.020164 
1704.181498 0.020164 
1703.014734 0.020142 
1701.847970 0.021334 
1700.681206 0.022604 
1699.514443 0.022604 
1698.347679 0.022604 
1697.180915 0.022604 
1696.014151 0.023813 
1694.847387 0.022599 
1693.680623 0.023132 
1692.513859 0.023821 
1691.347096 0.023810 
1690.180332 0.025044 
1689.013568 0.025044 
1687.846804 0.025044 
1686.680040 0.025044 
1685.513276 0.027285 
1684.346512 0.026278 
1683.179749 0.026278 
1682.012985 0.026264 
1680.846221 0.026250 
1679.679457 0.027431 
1678.512693 0.027484 
1677.345929 0.027019 
1676.179165 0.026974 
1675.012402 0.027484 
1673.845638 0.027484 
1672.678874 0.027456 
1671.512110 0.027456 
1670.345346 0.027456 
1669.178582 0.026390 
1668.011818 0.026194 
1666.845055 0.026194 
1665.678291 0.026194 
1664.511527 0.025333 
1663.344763 0.026059 
1662.177999 0.024932 
1661.011235 0.024932 
1659.844471 0.024273 
1658.677708 0.023670 
1657.510944 0.023670 
1656.344180 0.023670 
1655.177416 0.023670 
1654.010652 0.024374 
1652.843888 0.023917 
1651.677125 0.022419 
1650.510361 0.022408 
1649.343597 0.022397 
1648.176833 0.022380 
1647.010069 0.022380 
1645.843305 0.021146 
1644.676541 0.021146 
1643.509778 0.021132 
1642.343014 0.020293 
1641.176250 0.019884 
1640.009486 0.019884 
1638.842722 0.019875 
1637.675958 0.019856 
1636.509194 0.019856 
1635.342431 0.019856 
1634.175667 0.019856 
1633.008903 0.019418 
1631.842139 0.018594 
1630.675375 0.018594 
1629.508611 0.018594 
1628.341847 0.018594 
1627.175084 0.018583 
1626.008320 0.018566 
1624.841556 0.018566 
1623.674792 0.018535 
1622.508028 0.017332 
1621.341264 0.017332 
1620.174500 0.017312 
1619.007737 0.017304 
1617.840973 0.017393 
1616.674209 0.018190 
1615.507445 0.017290 
1614.340681 0.017276 
1613.173917 0.017276 
1612.007153 0.017124 
1610.840390 0.016042 
1609.673626 0.016028 
1608.506862 0.016014 
1607.340098 0.016014 
1606.173334 0.016014 
1605.006570 0.016014 
1603.839806 0.015997 
1602.673043 0.015986 
1601.506279 0.015986 
1600.339515 0.015986 
1599.172751 0.015456 
1598.005987 0.015520 
1596.839223 0.015958 
1595.672459 0.014724 
1594.505696 0.014724 
1593.338932 0.014724 
1592.172168 0.014704 
1591.005404 0.014696 
1589.838640 0.014564 
1588.671876 0.013462 
1587.505113 0.013462 
1586.338349 0.013442 
1585.171585 0.013434 
1584.004821 0.013434 
1582.838057 0.013434 
1581.671293 0.013434 
1580.504529 0.013411 
1579.337766 0.013406 
1578.171002 0.013156 
1577.004238 0.012682 
1575.837474 0.012637 
1574.670710 0.012149 
1573.503946 0.012143 
1572.337182 0.012143 
1571.170419 0.011574 
1570.003655 0.010909 
1568.836891 0.010884 
1567.670127 0.010881 
1566.503363 0.010881 
1565.336599 0.010881 
1564.169835 0.010881 
1563.003072 0.010856 
1561.836308 0.009619 
1560.669544 0.010051 
1559.502780 0.010853 
1558.336016 0.009903 
1557.169252 0.009591 
1556.002488 0.009591 
1554.835725 0.009101 
1553.668961 0.008357 
1552.502197 0.008357 
1551.335433 0.008357 
1550.168669 0.008329 
1549.001905 0.008329 
1547.835141 0.007519 
1546.668378 0.007095 
1545.501614 0.007095 
1544.334850 0.007087 
1543.168086 0.007067 
1542.001322 0.006198 
1540.834558 0.006964 
1539.667794 0.006913 
1538.501031 0.005833 
1537.334267 0.005819 
1536.167503 0.004897 
1535.000739 0.004627 
1533.833975 0.005648 
1532.667211 0.004639 
1531.500447 0.004655 
1530.333684 0.004678 
1529.166920 0.004684 
1528.000156 0.004445 
1526.833392 0.003506 
1525.666628 0.003506 
1524.499864 0.003531 
1523.333101 0.003458 
1522.166337 0.002667 
1520.999573 0.002984 
1519.832809 0.002367 
1518.666045 0.002381 
1517.499281 0.002398 
1516.332517 0.002412 
1515.165754 0.002426 
1513.998990 0.002440 
1512.832226 0.002454 
1511.665462 0.001254 
1510.498698 0.001265 
1509.331934 0.001983 
1508.165170 0.002513 
1506.998407 0.002527 
1505.831643 0.002288 
1504.664879 0.001848 
1503.498115 0.001806 
1502.331351 0.002387 
1501.164587 0.002656 
1499.997823 0.003842 
1498.831060 0.003842 
1497.664296 0.004675 
1496.497532 0.006170 
1495.330768 0.006338 
1494.164004 0.006714 
1492.997240 0.008206 
1491.830476 0.009698 
1490.663713 0.011218 
1489.496949 0.011479 
1488.330185 0.012982 
1487.163421 0.014494 
1485.996657 0.016939 
1484.829893 0.018740 
1483.663129 0.020476 
1482.496366 0.022988 
1481.329602 0.025255 
1480.162838 0.027260 
1478.996074 0.030019 
1477.829310 0.031548 
1476.662546 0.033073 
1475.495782 0.033786 
1474.329019 0.033794 
1473.162255 0.032462 
1471.995491 0.030967 
1470.828727 0.030092 
1469.661963 0.029217 
1468.495199 0.028858 
1467.328435 0.030283 
1466.161672 0.031809 
1464.994908 0.032658 
1463.828144 0.033629 
1462.661380 0.035154 
1461.494616 0.035196 
1460.327852 0.035208 
1459.161088 0.034487 
1457.994325 0.033991 
1456.827561 0.033971 
1455.660797 0.033043 
1454.494033 0.034568 
1453.327269 0.036094 
1452.160505 0.038702 
1450.993742 0.041753 
1449.826978 0.044816 
1448.660214 0.047890 
1447.493450 0.049211 
1446.326686 0.049219 
1445.159922 0.047556 
1443.993158 0.042985 
1442.826395 0.038438 
1441.659631 0.034829 
1440.492867 0.033012 
1439.326103 0.031924 
1438.159339 0.032981 
1436.992575 0.033716 
1435.825811 0.035241 
1434.659048 0.036770 
1433.492284 0.038295 
1432.325520 0.039824 
1431.158756 0.041366 
1429.991992 0.041843 
1428.825228 0.043108 
1427.658464 0.043461 
1426.491701 0.044395 
1425.324937 0.044415 
1424.158173 0.044423 
1422.991409 0.044325 
1421.824645 0.043189 
1420.657881 0.043203 
1419.491117 0.043217 
1418.324354 0.042062 
1417.157590 0.040539 
1415.990826 0.039487 
1414.824062 0.038789 
1413.657298 0.037294 
1412.490534 0.035774 
1411.323770 0.034282 
1410.157007 0.032790 
1408.990243 0.030519 
1407.823479 0.028541 
1406.656715 0.028267 
1405.489951 0.025863 
1404.323187 0.025325 
1403.156423 0.023014 
1401.989660 0.022184 
1400.822896 0.020849 
1399.656132 0.019382 
1398.489368 0.017904 
1397.322604 0.016426 
1396.155840 0.016070 
1394.989076 0.014701 
1393.822313 0.013218 
1392.655549 0.012424 
1391.488785 0.012446 
1390.322021 0.011252 
1389.155257 0.010012 
1387.988493 0.010023 
1386.821730 0.009300 
1385.654966 0.007830 
1384.488202 0.007603 
1383.321438 0.006400 
1382.154674 0.006422 
1380.987910 0.006439 
1379.821146 0.006450 
1378.654383 0.006453 
1377.487619 0.006136 
1376.320855 0.005258 
1375.154091 0.005272 
1373.987327 0.005298 
1372.820563 0.005301 
1371.653799 0.005309 
1370.487036 0.004667 
1369.320272 0.005017 
1368.153508 0.004176 
1366.986744 0.005157 
1365.819980 0.004151 
1364.653216 0.004167 
1363.486452 0.004179 
1362.319689 0.004179 
1361.152925 0.004207 
1359.986161 0.004218 
1358.819397 0.004235 
1357.652633 0.004235 
1356.485869 0.004263 
1355.319105 0.004263 
1354.152342 0.004277 
1352.985578 0.004291 
1351.818814 0.004291 
1350.652050 0.004319 
1349.485286 0.004319 
1348.318522 0.004333 
1347.151758 0.004347 
1345.984995 0.003211 
1344.818231 0.002962 
1343.651467 0.002387 
1342.484703 0.003186 
1341.317939 0.004139 
1340.151175 0.004431 
1338.984411 0.004190 
1337.817648 0.003730 
1336.650884 0.004459 
1335.484120 0.004459 
1334.317356 0.004487 
1333.150592 0.004487 
1331.983828 0.004501 
1330.817064 0.003710 
1329.650301 0.004392 
1328.483537 0.004543 
1327.316773 0.004543 
1326.150009 0.003932 
1324.983245 0.004221 
1323.816481 0.004597 
1322.649718 0.004437 
1321.482954 0.003820 
1320.316190 0.004627 
1319.149426 0.004627 
1317.982662 0.004655 
1316.815898 0.004434 
1315.649134 0.003935 
1314.482371 0.004684 
1313.315607 0.004684 
1312.148843 0.003478 
1310.982079 0.003789 
1309.815315 0.004723 
1308.648551 0.004740 
1307.481787 0.004740 
1306.315024 0.004768 
1305.148260 0.004768 
1303.981496 0.004782 
1302.814732 0.004796 
1301.647968 0.004796 
1300.481204 0.004824 
1299.314440 0.004824 
1298.147677 0.004838 
1296.980913 0.004852 
1295.814149 0.004852 
1294.647385 0.004880 
1293.480621 0.004880 
1292.313857 0.004897 
1291.147093 0.004908 
1289.980330 0.004908 
1288.813566 0.004936 
1287.646802 0.004936 
1286.480038 0.004953 
1285.313274 0.004964 
1284.146510 0.004964 
1282.979746 0.004964 
1281.812983 0.004964 
1280.646219 0.004964 
1279.479455 0.004964 
1278.312691 0.004964 
1277.145927 0.004964 
1275.979163 0.004316 
1274.812399 0.003730 
1273.645636 0.004869 
1272.478872 0.004936 
1271.312108 0.004936 
1270.145344 0.004936 
1268.978580 0.004936 
1267.811816 0.004936 
1266.645052 0.004936 
1265.478289 0.004925 
1264.311525 0.004908 
1263.144761 0.004908 
1261.977997 0.004908 
1260.811233 0.004908 
1259.644469 0.004908 
1258.477706 0.004908 
1257.310942 0.004908 
1256.144178 0.004905 
1254.977414 0.004880 
1253.810650 0.004880 
1252.643886 0.004880 
1251.477122 0.004880 
1250.310359 0.004880 
1249.143595 0.004880 
1247.976831 0.004880 
1246.810067 0.004857 
1245.643303 0.004852 
1244.476539 0.004852 
1243.309775 0.004852 
1242.143012 0.004852 
1240.976248 0.004852 
1239.809484 0.004852 
1238.642720 0.004852 
1237.475956 0.004841 
1236.309192 0.004824 
1235.142428 0.001666 
1233.975665 0.000236 
1232.808901 0.003963 
1231.642137 0.004824 
1230.475373 0.004824 
1229.308609 0.004798 
1228.141845 0.004796 
1226.975081 0.004796 
1225.808318 0.004796 
1224.641554 0.003865 
1223.474790 0.004751 
1222.308026 0.004796 
1221.141262 0.004322 
1219.974498 0.004277 
1218.807734 0.004768 
1217.640971 0.004754 
1216.474207 0.003831 
1215.307443 0.004235 
1214.140679 0.004325 
1212.973915 0.004768 
1211.807151 0.003607 
1210.640387 0.004740 
1209.473624 0.004148 
1208.306860 0.004358 
1207.140096 0.004740 
1205.973332 0.004737 
1204.806568 0.004712 
1203.639804 0.004712 
1202.473040 0.004712 
1201.306277 0.004712 
1200.139513 0.004712 
1198.972749 0.004712 
1197.805985 0.004695 
1196.639221 0.004684 
1195.472457 0.004684 
1194.305693 0.004684 
1193.138930 0.004684 
1191.972166 0.004684 
1190.805402 0.004661 
1189.638638 0.004655 
1188.471874 0.004655 
1187.305110 0.004655 
1186.138347 0.004655 
1184.971583 0.004655 
1183.804819 0.004627 
1182.638055 0.004627 
1181.471291 0.004627 
1180.304527 0.005502 
1179.137763 0.004706 
1177.971000 0.004801 
1176.804236 0.005833 
1175.637472 0.005833 
1174.470708 0.005833 
1173.303944 0.005805 
1172.137180 0.005805 
1170.970416 0.005805 
1169.803653 0.005805 
1168.636889 0.005805 
1167.470125 0.005805 
1166.303361 0.005777 
1165.136597 0.006333 
1163.969833 0.006992 
1162.803069 0.006983 
1161.636306 0.006983 
1160.469542 0.006983 
1159.302778 0.006983 
1158.136014 0.006983 
1156.969250 0.006958 
1155.802486 0.006955 
1154.635722 0.006955 
1153.468959 0.006955 
1152.302195 0.006955 
1151.135431 0.006927 
1149.968667 0.006927 
1148.801903 0.007404 
1147.635139 0.008144 
1146.468375 0.008133 
1145.301612 0.008153 
1144.134848 0.009639 
1142.968084 0.011109 
1141.801320 0.012584 
1140.634556 0.013013 
1139.467792 0.014404 
1138.301028 0.017026 
1137.134265 0.019118 
1135.967501 0.022102 
1134.800737 0.023973 
1133.633973 0.026699 
1132.467209 0.028600 
1131.300445 0.031621 
1130.133681 0.034619 
1128.966918 0.037656 
1127.800154 0.039215 
1126.633390 0.040733 
1125.466626 0.042241 
1124.299862 0.042769 
1123.133098 0.042769 
1121.966335 0.042497 
1120.799571 0.040948 
1119.632807 0.039440 
1118.466043 0.036862 
1117.299279 0.033839 
1116.132515 0.030819 
1114.965751 0.028379 
1113.798988 0.026015 
1112.632224 0.023019 
1111.465460 0.020128 
1110.298696 0.018633 
1109.131932 0.016502 
1107.965168 0.014415 
1106.798404 0.012923 
1105.631641 0.011428 
1104.464877 0.010377 
1103.298113 0.009678 
1102.131349 0.008186 
1100.964585 0.007909 
1099.797821 0.006675 
1098.631057 0.006675 
1097.464294 0.006675 
1096.297530 0.005657 
1095.130766 0.005441 
1093.964002 0.005435 
1092.797238 0.005413 
1091.630474 0.005413 
1090.463710 0.005413 
1089.296947 0.005309 
1088.130183 0.004179 
1086.963419 0.004179 
1085.796655 0.004159 
1084.629891 0.004151 
1083.463127 0.003988 
1082.296363 0.002917 
1081.129600 0.002917 
1079.962836 0.002917 
1078.796072 0.004086 
1077.629308 0.003898 
1076.462544 0.003360 
1075.295780 0.003371 
1074.129016 0.003865 
1072.962253 0.002886 
1071.795489 0.004089 
1070.628725 0.004067 
1069.461961 0.004067 
1068.295197 0.004067 
1067.128433 0.004064 
1065.961669 0.004038 
1064.794906 0.004038 
1063.628142 0.004038 
1062.461378 0.004038 
1061.294614 0.005244 
1060.127850 0.005236 
1058.961086 0.005216 
1057.794323 0.006136 
1056.627559 0.007603 
1055.460795 0.007855 
1054.294031 0.009325 
1053.127267 0.011524 
1051.960503 0.014477 
1050.793739 0.018706 
1049.626976 0.024946 
1048.460212 0.033528 
1047.293448 0.046549 
1046.126684 0.064074 
1044.959920 0.085762 
1043.793156 0.112898 
1042.626392 0.140626 
1041.459629 0.168991 
1040.292865 0.194181 
1039.126101 0.216516 
1037.959337 0.233741 
1036.792573 0.247536 
1035.625809 0.257293 
1034.459045 0.263525 
1033.292282 0.265076 
1032.125518 0.262700 
1030.958754 0.258188 
1029.791990 0.249247 
1028.625226 0.238478 
1027.458462 0.222817 
1026.291698 0.207595 
1025.124935 0.189410 
1023.958171 0.171798 
1022.791407 0.153639 
1021.624643 0.138708 
1020.457879 0.125198 
1019.291115 0.115615 
1018.124351 0.109869 
1016.957588 0.105278 
1015.790824 0.104067 
1014.624060 0.103379 
1013.457296 0.102729 
1012.290532 0.101484 
1011.123768 0.098211 
1009.957004 0.093423 
1008.790241 0.087938 
1007.623477 0.079634 
1006.456713 0.071506 
1005.289949 0.062215 
1004.123185 0.052952 
1002.956421 0.043773 
1001.789657 0.034638 
1000.622894 0.028093 
999.456130 0.020885 
998.289366 0.015439 
997.122602 0.011785 
995.955838 0.008809 
994.789074 0.007059 
993.622311 0.004787 
992.455547 0.004176 
991.288783 0.003542 
990.122019 0.003534 
988.955255 0.003534 
987.788491 0.003127 
986.621727 0.002950 
985.454964 0.003506 
984.288200 0.003506 
983.121436 0.004712 
981.954672 0.004700 
980.787908 0.004684 
979.621144 0.005645 
978.454380 0.005901 
977.287617 0.007123 
976.120853 0.007639 
974.954089 0.008329 
973.787325 0.009375 
972.620561 0.010769 
971.453797 0.011097 
970.287033 0.012003 
969.120270 0.012831 
967.953506 0.014314 
966.786742 0.014575 
965.619978 0.016067 
964.453214 0.016911 
963.286450 0.017797 
962.119686 0.019284 
960.952923 0.020776 
959.786159 0.022268 
958.619395 0.023053 
957.452631 0.024021 
956.285867 0.025513 
955.119103 0.027033 
953.952339 0.028527 
952.785576 0.030019 
951.618812 0.031537 
950.452048 0.033034 
949.285284 0.034554 
948.118520 0.036060 
946.951756 0.037566 
945.784992 0.039083 
944.618229 0.040609 
943.451465 0.042110 
942.284701 0.043638 
941.117937 0.045164 
939.951173 0.046689 
938.784409 0.048392 
937.617645 0.051005 
936.450882 0.052531 
935.284118 0.054060 
934.117354 0.055613 
932.950590 0.057139 
931.783826 0.058679 
930.617062 0.061006 
929.450298 0.063040 
928.283535 0.064593 
927.116771 0.066430 
925.950007 0.068977 
924.783243 0.070522 
923.616479 0.072073 
922.449715 0.074922 
921.282952 0.076484 
920.116188 0.078044 
918.949424 0.079603 
917.782660 0.082371 
916.615896 0.084048 
915.449132 0.085633 
914.282368 0.087910 
913.115605 0.090092 
911.948841 0.091659 
910.782077 0.093252 
909.615313 0.095342 
908.448549 0.097734 
907.281785 0.099327 
906.115021 0.100923 
904.948258 0.102810 
903.781494 0.105430 
902.614730 0.107042 
901.447966 0.108646 
900.281202 0.111504 
899.114438 0.112200 
897.947674 0.114788 
896.780911 0.116398 
895.614147 0.118019 
894.447383 0.119643 
893.280619 0.121247 
892.113855 0.122876 
890.947091 0.124503 
889.780327 0.126132 
888.613564 0.128895 
887.446800 0.129885 
886.280036 0.132364 
885.113272 0.134016 
883.946508 0.135648 
882.779744 0.137286 
881.612980 0.138935 
880.446217 0.140581 
879.279453 0.142219 
878.112689 0.143815 
876.945925 0.144510 
875.779161 0.147174 
874.612397 0.148838 
873.445633 0.149283 
872.278870 0.150759 
871.112106 0.152422 
869.945342 0.153378 
868.778578 0.154374 
867.611814 0.156034 
866.445050 0.157725 
865.278286 0.159388 
864.111523 0.160277 
862.944759 0.161337 
861.777995 0.163028 
860.611231 0.164691 
859.444467 0.165802 
858.277703 0.166660 
857.110940 0.167204 
855.944176 0.168620 
854.777412 0.170317 
853.610648 0.171369 
852.443884 0.172280 
851.277120 0.172757 
850.110356 0.174159 
848.943593 0.174563 
847.776829 0.176260 
846.610065 0.176944 
845.443301 0.176936 
844.276537 0.178518 
843.109773 0.179740 
841.943009 0.180509 
840.776246 0.181143 
839.609482 0.181143 
838.442718 0.181392 
837.275954 0.182545 
836.109190 0.182528 
834.942426 0.183669 
833.775662 0.183969 
832.608899 0.185027 
831.442135 0.184530 
830.275371 0.185321 
829.108607 0.185321 
827.941843 0.185411 
826.775079 0.186724 
825.608315 0.186031 
824.441552 0.186286 
823.274788 0.186698 
822.108024 0.186695 
820.941260 0.187147 
819.774496 0.187352 
818.607732 0.187736 
817.440968 0.186735 
816.274205 0.186667 
815.107441 0.186667 
813.940677 0.186651 
812.773913 0.186639 
811.607149 0.186639 
810.440385 0.186339 
809.273621 0.185209 
808.106858 0.185209 
806.940094 0.185209 
805.773330 0.183779 
804.606566 0.183770 
803.439802 0.183751 
802.273038 0.182800 
801.106274 0.182323 
799.939511 0.182183 
798.772747 0.180478 
797.605983 0.179488 
796.439219 0.179488 
795.272455 0.178147 
794.105691 0.177850 
792.938928 0.176644 
791.772164 0.175834 
790.605400 0.175225 
789.438636 0.173842 
788.271872 0.172393 
787.105108 0.171823 
785.938344 0.170126 
784.771581 0.169588 
783.604817 0.168138 
782.438053 0.166778 
781.271289 0.166119 
780.104525 0.165353 
778.937761 0.164128 
777.770997 0.162574 
776.604234 0.162145 
775.437470 0.160471 
774.270706 0.158774 
773.103942 0.157102 
771.937178 0.156606 
770.770414 0.154211 
769.603650 0.153434 
768.436887 0.152817 
767.270123 0.151457 
766.103359 0.150918 
764.936595 0.148655 
763.769831 0.146989 
762.603067 0.145890 
761.436303 0.144491 
760.269540 0.142827 
759.102776 0.141164 
757.936012 0.139501 
756.769248 0.139019 
755.602484 0.137552 
754.435720 0.136271 
753.268956 0.134947 
752.102193 0.133531 
750.935429 0.132299 
749.768665 0.130645 
748.601901 0.129447 
747.435137 0.128704 
746.268373 0.127077 
745.101609 0.125420 
743.934846 0.124015 
742.768082 0.123499 
741.601318 0.121853 
740.434554 0.120226 
739.267790 0.118597 
738.101026 0.116967 
736.934262 0.115910 
735.767499 0.115057 
734.600735 0.113428 
733.433971 0.111801 
732.267207 0.110525 
731.100443 0.109889 
729.933679 0.108259 
728.766916 0.107833 
727.600152 0.106352 
726.433388 0.104751 
725.266624 0.103135 
724.099860 0.101520 
722.933096 0.101158 
721.766332 0.099638 
720.599569 0.098020 
719.432805 0.096424 
718.266041 0.095858 
717.099277 0.094526 
715.932513 0.092933 
714.765749 0.091875 
713.598985 0.091059 
712.432222 0.089466 
711.265458 0.087921 
710.098694 0.087596 
708.931930 0.086000 
707.765166 0.085285 
706.598402 0.084129 
705.431638 0.082534 
704.264875 0.081330 
703.098111 0.080677 
701.931347 0.079095 
700.764583 0.078722 
699.597819 0.077230 
698.431055 0.076106 
697.264291 0.074653 
696.097528 0.073483 
694.930764 0.072221 
693.764000 0.071944 
692.597236 0.070362 
691.430472 0.068800 
690.263708 0.068290 
689.096944 0.066999 
687.930181 0.066971 
686.763417 0.066399 
685.596653 0.064840 
684.429889 0.063281 
683.263125 0.062981 
682.096361 0.061427 
680.929597 0.060507 
679.762834 0.059590 
678.596070 0.058028 
677.429306 0.056648 
676.262542 0.056623 
675.095778 0.055927 
673.929014 0.054388 
672.762250 0.054043 
671.595487 0.053824 
670.428723 0.052276 
669.261959 0.050731 
668.095195 0.049194 
666.928431 0.048910 
665.761667 0.048910 
664.594904 0.048358 
663.428140 0.047620 
662.261376 0.046552 
661.094612 0.046257 
659.927848 0.045068 
658.761084 0.044454 
657.594320 0.042912 
656.427557 0.043646 
655.260793 0.042354 
654.094029 0.041226 
652.927265 0.041212 
651.760501 0.040270 
650.593737 0.039936 
649.426973 0.039743 
648.260210 0.038663 
647.093446 0.037922 
645.926682 0.037384 
644.759918 0.037356 
643.593154 0.036094 
642.426390 0.035572 
641.259626 0.034832 
640.092863 0.034809 
638.926099 0.034751 
637.759335 0.033542 
636.592571 0.033528 
635.425807 0.032686 
634.259043 0.033365 
633.092279 0.032137 
631.925516 0.031360 
630.758752 0.032224 
629.591988 0.031315 
628.425224 0.030962 
627.258460 0.029700 
626.091696 0.029259 
624.924932 0.029128 
623.758169 0.028701 
622.591405 0.028410 
621.424641 0.028382 
620.257877 0.027880 
619.091113 0.027868 
617.924349 0.027344 
616.757585 0.027058 
615.590822 0.025829 
614.424058 0.025829 
613.257294 0.025829 
612.090530 0.025804 
610.923766 0.025706 
609.757002 0.024180 
608.590238 0.023889 
607.423475 0.024511 
606.256711 0.023356 
605.089947 0.023095 
603.923183 0.022419 
602.756419 0.023221 
601.589655 0.022271 
600.422891 0.021959 
599.256128 0.021954 
598.089364 0.021931 
596.922600 0.021199 
595.755836 0.019685 
594.589072 0.020655 
593.422308 0.019407 
592.255545 0.019407 
591.088781 0.018599 
589.922017 0.019194 
588.755253 0.019376 
587.588489 0.019351 
586.421725 0.018154 
585.254961 0.017705 
584.088198 0.018089 
582.921434 0.018061 
581.754670 0.017264 
580.587906 0.016218 
579.421142 0.016799 
578.254378 0.016774 
577.087614 0.015733 
575.920851 0.015854 
574.754087 0.014275 
573.587323 0.014275 
572.420559 0.014247 
571.253795 0.014496 
570.087031 0.014426 
568.920267 0.013759 
567.753504 0.013164 
566.586740 0.011723 
565.419976 0.011714 
564.253212 0.011695 
563.086448 0.011695 
561.919684 0.010579 
560.752920 0.010545 
559.586157 0.011263 
558.419393 0.009771 
557.252629 0.010935 
556.085865 0.009308 
554.919101 0.009143 
553.752337 0.008697 
552.585573 0.008573 
551.418810 0.008161 
550.252046 0.006669 
549.085282 0.006383 
547.918518 0.005385 
546.751754 0.006122 
545.584990 0.004566 
544.418226 0.006490 
543.251463 0.004700 
542.084699 0.005438 
540.917935 0.003281 
539.751171 0.004984 
538.584407 0.003870 
537.417643 0.001946 
536.250879 0.002190 
535.084116 0.001568 
533.917352 0.002678 
532.750588 0.002762 
531.583824 0.002751 
530.417060 0.002070 
529.250296 0.000578 
528.083533 0.002625 
526.916769 0.001472 
525.750005 0.001932 
524.583241 -0.000238 
523.416477 -0.001240 
522.249713 -0.001001 
521.082949 0.000185 
519.916186 0.000168 
518.749422 0.000942 
517.582658 0.000323 
516.415894 0.000050 
515.249130 -0.001102 
514.082366 -0.000530 
512.915602 0.000087 
511.748839 0.000070 
510.582075 0.000059 
509.415311 0.001624 
508.248547 0.003623 
507.081783 0.002457 
505.915019 -0.001038 
504.748255 0.001800 
503.581492 0.004411 
502.414728 0.004333 
501.247964 0.005805 
500.081200 0.007264 
