3700.000000 -0.005251 
3698.966320 -0.005251 
3697.932640 -0.005251 
3696.898970 -0.005251 
3695.865290 -0.005251 
3694.831610 -0.005251 
3693.797930 -0.005251 
3692.764250 -0.005251 
3691.730580 -0.005251 
3690.696900 -0.005251 
3689.663220 -0.005251 
3688.629540 -0.005251 
3687.595870 -0.005251 
3686.562190 -0.005251 
3685.528510 -0.005251 
3684.494830 -0.005251 
3683.461150 -0.005251 
3682.427480 -0.005251 
3681.393800 -0.005251 
3680.360120 -0.005251 
3679.326440 -0.005251 
3678.292760 -0.005251 
3677.259090 -0.005251 
3676.225410 -0.005251 
3675.191730 -0.005251 
3674.158050 -0.005251 
3673.124370 -0.005251 
3672.090700 -0.005251 
3671.057020 -0.005251 
3670.023340 -0.005251 
3668.989660 -0.005251 
3667.955990 -0.005251 
3666.922310 -0.005251 
3665.888630 -0.005251 
3664.854950 -0.005251 
3663.821270 -0.005251 
3662.787600 -0.005251 
3661.753920 -0.005251 
3660.720240 -0.005251 
3659.686560 -0.005251 
3658.652880 -0.005251 
3657.619210 -0.005251 
3656.585530 -0.005251 
3655.551850 -0.005251 
3654.518170 -0.005251 
3653.484490 -0.005251 
3652.450820 -0.005251 
3651.417140 -0.005251 
3650.383460 -0.005251 
3649.349780 -0.005251 
3648.316110 -0.005251 
3647.282430 -0.005251 
3646.248750 -0.005251 
3645.215070 -0.005251 
3644.181390 -0.005251 
3643.147720 -0.005251 
3642.114040 -0.005251 
3641.080360 -0.005251 
3640.046680 -0.005251 
3639.013000 -0.005251 
3637.979330 -0.005251 
3636.945650 -0.005251 
3635.911970 -0.005251 
3634.878290 -0.005251 
3633.844610 -0.005251 
3632.810940 -0.005251 
3631.777260 -0.005251 
3630.743580 -0.005251 
3629.709900 -0.005251 
3628.676230 -0.005251 
3627.642550 -0.005251 
3626.608870 -0.005251 
3625.575190 -0.005251 
3624.541510 -0.005251 
3623.507840 -0.005251 
3622.474160 -0.005251 
3621.440480 -0.005251 
3620.406800 -0.005251 
3619.373120 -0.005251 
3618.339450 -0.005251 
3617.305770 -0.005251 
3616.272090 -0.005251 
3615.238410 -0.005251 
3614.204730 -0.005251 
3613.171060 -0.005199 
3612.137380 -0.004936 
3611.103700 -0.004621 
3610.070020 -0.004306 
3609.036350 -0.004043 
3608.002670 -0.003728 
3606.968990 -0.003466 
3605.935310 -0.003151 
3604.901630 -0.002836 
3603.867960 -0.002573 
3602.834280 -0.002258 
3601.800600 -0.001995 
3600.766920 -0.001680 
3599.733240 -0.001418 
3598.699570 -0.001103 
3597.665890 -0.000788 
3596.632210 -0.000525 
3595.598530 -0.000210 
3594.564850 0.000053 
3593.531180 0.000368 
3592.497500 0.000683 
3591.463820 0.000945 
3590.430140 0.001260 
3589.396470 0.001523 
3588.362790 0.001838 
3587.329110 0.002153 
3586.295430 0.002416 
3585.261750 0.002731 
3584.228080 0.002993 
3583.194400 0.003308 
3582.160720 0.003571 
3581.127040 0.003886 
3580.093360 0.004201 
3579.059690 0.004464 
3578.026010 0.004779 
3576.992330 0.005041 
3575.958650 0.005356 
3574.924970 0.005671 
3573.891300 0.005934 
3572.857620 0.006249 
3571.823940 0.006512 
3570.790260 0.006827 
3569.756590 0.007142 
3568.722910 0.007404 
3567.689230 0.007719 
3566.655550 0.007982 
3565.621870 0.008297 
3564.588200 0.008612 
3563.554520 0.008875 
3562.520840 0.009190 
3561.487160 0.009452 
3560.453480 0.009767 
3559.419810 0.010030 
3558.386130 0.010345 
3557.352450 0.010660 
3556.318770 0.010923 
3555.285100 0.011238 
3554.251420 0.011500 
3553.217740 0.011815 
3552.184060 0.012130 
3551.150380 0.012393 
3550.116710 0.012708 
3549.083030 0.012971 
3548.049350 0.013286 
3547.015670 0.013601 
3545.981990 0.013863 
3544.948320 0.014178 
3543.914640 0.014441 
3542.880960 0.014756 
3541.847280 0.015019 
3540.813600 0.015334 
3539.779930 0.015649 
3538.746250 0.015911 
3537.712570 0.016226 
3536.678890 0.016489 
3535.645220 0.016804 
3534.611540 0.017119 
3533.577860 0.017382 
3532.544180 0.017697 
3531.510500 0.017959 
3530.476830 0.018274 
3529.443150 0.018590 
3528.409470 0.018852 
3527.375790 0.019167 
3526.342110 0.019430 
3525.308440 0.019745 
3524.274760 0.020060 
3523.241080 0.020322 
3522.207400 0.020638 
3521.173720 0.020900 
3520.140050 0.021215 
3519.106370 0.021478 
3518.072690 0.021793 
3517.039010 0.022108 
3516.005340 0.022370 
3514.971660 0.022686 
3513.937980 0.022948 
3512.904300 0.023263 
3511.870620 0.023578 
3510.836950 0.023841 
3509.803270 0.024156 
3508.769590 0.024418 
3507.735910 0.024733 
3506.702230 0.025049 
3505.668560 0.025311 
3504.634880 0.025626 
3503.601200 0.025889 
3502.567520 0.026204 
3501.533840 0.026466 
3500.500170 0.026781 
3499.466490 0.027097 
3498.432810 0.027359 
3497.399130 0.027674 
3496.365460 0.027937 
3495.331780 0.028252 
3494.298100 0.028567 
3493.264420 0.028829 
3492.230740 0.029145 
3491.197070 0.029407 
3490.163390 0.029722 
3489.129710 0.030037 
3488.096030 0.030300 
3487.062350 0.030720 
3486.028680 0.031193 
3484.995000 0.031665 
3483.961320 0.032138 
3482.927640 0.032610 
3481.893960 0.033083 
3480.860290 0.033608 
3479.826610 0.034081 
3478.792930 0.034553 
3477.759250 0.035026 
3476.725580 0.035499 
3475.691900 0.035971 
3474.658220 0.036444 
3473.624540 0.036969 
3472.590860 0.037442 
3471.557190 0.037914 
3470.523510 0.038387 
3469.489830 0.038859 
3468.456150 0.039332 
3467.422470 0.039857 
3466.388800 0.040330 
3465.355120 0.040802 
3464.321440 0.041275 
3463.287760 0.041748 
3462.254080 0.042220 
3461.220410 0.042693 
3460.186730 0.043218 
3459.153050 0.043691 
3458.119370 0.044163 
3457.085700 0.044636 
3456.052020 0.045108 
3455.018340 0.045581 
3453.984660 0.046106 
3452.950980 0.046579 
3451.917310 0.047051 
3450.883630 0.047524 
3449.849950 0.047997 
3448.816270 0.048469 
3447.782590 0.048942 
3446.748920 0.049467 
3445.715240 0.049940 
3444.681560 0.050412 
3443.647880 0.050885 
3442.614200 0.051357 
3441.580530 0.051830 
3440.546850 0.052355 
3439.513170 0.052828 
3438.479490 0.053300 
3437.445820 0.053773 
3436.412140 0.054246 
3435.378460 0.054718 
3434.344780 0.055243 
3433.311100 0.055716 
3432.277430 0.056189 
3431.243750 0.056661 
3430.210070 0.057134 
3429.176390 0.057606 
3428.142710 0.058079 
3427.109040 0.058604 
3426.075360 0.059077 
3425.041680 0.059549 
3424.008000 0.060022 
3422.974320 0.060495 
3421.940650 0.060967 
3420.906970 0.061492 
3419.873290 0.061965 
3418.839610 0.062438 
3417.805940 0.062910 
3416.772260 0.063383 
3415.738580 0.063855 
3414.704900 0.064328 
3413.671220 0.064853 
3412.637550 0.065326 
3411.603870 0.065798 
3410.570190 0.066691 
3409.536510 0.068634 
3408.502830 0.070630 
3407.469160 0.072625 
3406.435480 0.074568 
3405.401800 0.076564 
3404.368120 0.078559 
3403.334440 0.080555 
3402.300770 0.082498 
3401.267090 0.084493 
3400.233410 0.086488 
3399.199730 0.088431 
3398.166060 0.090427 
3397.132380 0.092422 
3396.098700 0.094418 
3395.065020 0.096361 
3394.031340 0.098356 
3392.997670 0.100352 
3391.963990 0.102295 
3390.930310 0.104290 
3389.896630 0.106286 
3388.862950 0.108281 
3387.829280 0.110224 
3386.795600 0.112220 
3385.761920 0.114215 
3384.728240 0.116158 
3383.694560 0.118154 
3382.660890 0.120149 
3381.627210 0.122145 
3380.593530 0.124088 
3379.559850 0.126083 
3378.526180 0.128079 
3377.492500 0.130022 
3376.458820 0.132017 
3375.425140 0.134012 
3374.391460 0.136008 
3373.357790 0.137951 
3372.324110 0.139946 
3371.290430 0.141942 
3370.256750 0.143885 
3369.223070 0.145880 
3368.189400 0.147876 
3367.155720 0.149871 
3366.122040 0.151814 
3365.088360 0.153810 
3364.054680 0.155805 
3363.021010 0.157748 
3361.987330 0.159744 
3360.953650 0.161739 
3359.919970 0.163735 
3358.886300 0.165678 
3357.852620 0.167883 
3356.818940 0.173555 
3355.785260 0.179278 
3354.751580 0.185002 
3353.717910 0.190674 
3352.684230 0.196398 
3351.650550 0.202122 
3350.616870 0.207793 
3349.583190 0.213517 
3348.549520 0.219188 
3347.515840 0.224912 
3346.482160 0.230636 
3345.448480 0.236307 
3344.414800 0.242031 
3343.381130 0.247703 
3342.347450 0.253426 
3341.313770 0.259150 
3340.280090 0.264822 
3339.246420 0.270546 
3338.212740 0.276269 
3337.179060 0.281941 
3336.145380 0.287665 
3335.111700 0.293336 
3334.078030 0.299060 
3333.044350 0.304784 
3332.010670 0.310455 
3330.976990 0.316179 
3329.943310 0.321851 
3328.909640 0.327574 
3327.875960 0.333298 
3326.842280 0.338970 
3325.808600 0.344694 
3324.774920 0.350417 
3323.741250 0.356089 
3322.707570 0.361918 
3321.673890 0.367747 
3320.640210 0.373576 
3319.606540 0.379405 
3318.572860 0.385286 
3317.539180 0.391115 
3316.505500 0.396944 
3315.471820 0.402773 
3314.438150 0.408654 
3313.404470 0.414483 
3312.370790 0.420312 
3311.337110 0.426141 
3310.303430 0.431970 
3309.269760 0.437851 
3308.236080 0.443680 
3307.202400 0.449509 
3306.168720 0.455338 
3305.135050 0.461167 
3304.101370 0.467048 
3303.067690 0.472877 
3302.034010 0.478706 
3301.000330 0.484535 
3299.966660 0.490416 
3298.932980 0.496245 
3297.899300 0.502074 
3296.865620 0.507903 
3295.831940 0.513732 
3294.798270 0.519614 
3293.764590 0.525442 
3292.730910 0.531271 
3291.697230 0.537100 
3290.663550 0.542982 
3289.629880 0.549231 
3288.596200 0.558525 
3287.562520 0.567820 
3286.528840 0.577115 
3285.495170 0.586410 
3284.461490 0.595704 
3283.427810 0.604999 
3282.394130 0.614294 
3281.360450 0.623589 
3280.326780 0.632883 
3279.293100 0.642178 
3278.259420 0.651473 
3277.225740 0.660768 
3276.192060 0.670062 
3275.158390 0.679357 
3274.124710 0.688652 
3273.091030 0.697947 
3272.057350 0.707242 
3271.023670 0.716536 
3269.990000 0.725831 
3268.956320 0.735126 
3267.922640 0.744421 
3266.888960 0.753715 
3265.855290 0.762590 
3264.821610 0.766581 
3263.787930 0.770572 
3262.754250 0.774615 
3261.720570 0.778606 
3260.686900 0.782597 
3259.653220 0.786588 
3258.619540 0.790579 
3257.585860 0.794623 
3256.552180 0.798614 
3255.518510 0.802605 
3254.484830 0.806596 
3253.451150 0.810587 
3252.417470 0.814630 
3251.383790 0.818621 
3250.350120 0.822612 
3249.316440 0.826603 
3248.282760 0.830594 
3247.249080 0.834637 
3246.215410 0.838628 
3245.181730 0.842619 
3244.148050 0.846610 
3243.114370 0.850601 
3242.080690 0.854645 
3241.047020 0.858636 
3240.013340 0.862627 
3238.979660 0.866618 
3237.945980 0.870609 
3236.912300 0.874652 
3235.878630 0.878643 
3234.844950 0.882634 
3233.811270 0.886625 
3232.777590 0.890616 
3231.743910 0.893767 
3230.710240 0.895762 
3229.676560 0.897758 
3228.642880 0.899753 
3227.609200 0.901749 
3226.575530 0.903692 
3225.541850 0.905687 
3224.508170 0.907683 
3223.474490 0.909678 
3222.440810 0.911674 
3221.407140 0.913669 
3220.373460 0.915665 
3219.339780 0.917608 
3218.306100 0.919603 
3217.272420 0.921598 
3216.238750 0.923594 
3215.205070 0.925589 
3214.171390 0.927585 
3213.137710 0.929580 
3212.104030 0.931523 
3211.070360 0.933519 
3210.036680 0.935514 
3209.003000 0.937510 
3207.969320 0.939505 
3206.935650 0.941501 
3205.901970 0.943496 
3204.868290 0.945492 
3203.834610 0.947435 
3202.800930 0.949430 
3201.767260 0.951426 
3200.733580 0.953421 
3199.699900 0.955417 
3198.666220 0.957412 
3197.632540 0.956414 
3196.598870 0.954576 
3195.565190 0.952791 
3194.531510 0.950953 
3193.497830 0.949168 
3192.464150 0.947330 
3191.430480 0.945544 
3190.396800 0.943706 
3189.363120 0.941868 
3188.329440 0.940083 
3187.295770 0.938245 
3186.262090 0.936460 
3185.228410 0.934622 
3184.194730 0.932836 
3183.161050 0.930998 
3182.127380 0.929213 
3181.093700 0.927375 
3180.060020 0.925589 
3179.026340 0.923752 
3177.992660 0.921914 
3176.958990 0.920128 
3175.925310 0.918290 
3174.891630 0.916505 
3173.857950 0.914667 
3172.824270 0.912881 
3171.790600 0.911043 
3170.756920 0.909258 
3169.723240 0.907420 
3168.689560 0.905582 
3167.655890 0.903797 
3166.622210 0.901959 
3165.588530 0.900173 
3164.554850 0.898388 
3163.521170 0.896970 
3162.487500 0.895500 
3161.453820 0.894082 
3160.420140 0.892611 
3159.386460 0.891194 
3158.352780 0.889723 
3157.319110 0.888305 
3156.285430 0.886888 
3155.251750 0.885417 
3154.218070 0.883999 
3153.184390 0.882529 
3152.150720 0.881111 
3151.117040 0.879641 
3150.083360 0.878223 
3149.049680 0.876753 
3148.016010 0.875335 
3146.982330 0.873864 
3145.948650 0.872447 
3144.914970 0.870976 
3143.881290 0.869558 
3142.847620 0.868088 
3141.813940 0.866670 
3140.780260 0.865252 
3139.746580 0.863782 
3138.712900 0.862364 
3137.679230 0.860894 
3136.645550 0.859476 
3135.611870 0.858006 
3134.578190 0.856588 
3133.544510 0.855117 
3132.510840 0.853700 
3131.477160 0.852229 
3130.443480 0.850811 
3129.409800 0.849341 
3128.376130 0.847923 
3127.342450 0.846453 
3126.308770 0.845087 
3125.275090 0.847556 
3124.241410 0.850076 
3123.207740 0.852597 
3122.174060 0.855065 
3121.140380 0.857585 
3120.106700 0.860054 
3119.073020 0.862574 
3118.039350 0.865095 
3117.005670 0.867563 
3115.971990 0.870083 
3114.938310 0.872604 
3113.904630 0.875072 
3112.870960 0.877593 
3111.837280 0.880061 
3110.803600 0.882582 
3109.769920 0.885102 
3108.736250 0.887570 
3107.702570 0.890091 
3106.668890 0.892611 
3105.635210 0.895080 
3104.601530 0.897600 
3103.567860 0.900068 
3102.534180 0.902589 
3101.500500 0.904794 
3100.466820 0.906422 
3099.433140 0.908050 
3098.399470 0.909678 
3097.365790 0.911253 
3096.332110 0.912881 
3095.298430 0.914509 
3094.264750 0.916137 
3093.231080 0.917765 
3092.197400 0.919340 
3091.163720 0.920968 
3090.130040 0.922596 
3089.096370 0.924224 
3088.062690 0.925800 
3087.029010 0.927427 
3085.995330 0.929055 
3084.961650 0.930683 
3083.927980 0.932311 
3082.894300 0.933886 
3081.860620 0.935514 
3080.826940 0.937142 
3079.793260 0.938770 
3078.759590 0.940398 
3077.725910 0.941973 
3076.692230 0.943601 
3075.658550 0.945229 
3074.624870 0.946857 
3073.591200 0.948485 
3072.557520 0.950060 
3071.523840 0.951688 
3070.490160 0.953316 
3069.456490 0.954944 
3068.422810 0.956572 
3067.389130 0.958147 
3066.355450 0.959775 
3065.321770 0.961403 
3064.288100 0.963031 
3063.254420 0.963871 
3062.220740 0.961718 
3061.187060 0.959565 
3060.153380 0.957412 
3059.119710 0.955259 
3058.086030 0.953106 
3057.052350 0.950901 
3056.018670 0.948748 
3054.984990 0.946595 
3053.951320 0.944442 
3052.917640 0.942289 
3051.883960 0.940135 
3050.850280 0.937982 
3049.816610 0.935777 
3048.782930 0.933624 
3047.749250 0.931471 
3046.715570 0.929318 
3045.681890 0.927165 
3044.648220 0.925012 
3043.614540 0.922806 
3042.580860 0.920653 
3041.547180 0.918500 
3040.513500 0.916347 
3039.479830 0.914194 
3038.446150 0.912041 
3037.412470 0.909836 
3036.378790 0.907683 
3035.345120 0.905530 
3034.311440 0.903377 
3033.277760 0.901224 
3032.244080 0.899071 
3031.210400 0.896865 
3030.176730 0.894712 
3029.143050 0.892559 
3028.109370 0.890406 
3027.075690 0.888253 
3026.042010 0.886100 
3025.008340 0.883947 
3023.974660 0.881741 
3022.940980 0.879588 
3021.907300 0.877435 
3020.873620 0.875282 
3019.839950 0.873129 
3018.806270 0.870976 
3017.772590 0.868771 
3016.738910 0.866618 
3015.705240 0.864465 
3014.671560 0.862312 
3013.637880 0.860159 
3012.604200 0.858006 
3011.570520 0.855800 
3010.536850 0.853647 
3009.503170 0.851494 
3008.469490 0.849341 
3007.435810 0.847188 
3006.402130 0.845035 
3005.368460 0.842829 
3004.334780 0.840676 
3003.301100 0.838523 
3002.267420 0.836370 
3001.233740 0.834217 
3000.200070 0.831487 
2999.166390 0.827863 
2998.132710 0.824240 
2997.099030 0.820616 
2996.065360 0.816993 
2995.031680 0.813317 
2993.998000 0.809694 
2992.964320 0.806070 
2991.930640 0.802447 
2990.896970 0.798824 
2989.863290 0.795200 
2988.829610 0.791577 
2987.795930 0.787954 
2986.762250 0.784330 
2985.728580 0.780707 
2984.694900 0.777031 
2983.661220 0.773408 
2982.627540 0.769784 
2981.593860 0.766161 
2980.560190 0.762537 
2979.526510 0.758914 
2978.492830 0.755291 
2977.459150 0.751667 
2976.425480 0.748044 
2975.391800 0.744421 
2974.358120 0.740797 
2973.324440 0.737121 
2972.290760 0.733498 
2971.257090 0.729874 
2970.223410 0.726251 
2969.189730 0.722628 
2968.156050 0.719004 
2967.122370 0.715381 
2966.088700 0.712545 
2965.055020 0.709972 
2964.021340 0.707399 
2962.987660 0.704878 
2961.953980 0.702305 
2960.920310 0.699732 
2959.886630 0.697159 
2958.852950 0.694638 
2957.819270 0.692065 
2956.785600 0.689492 
2955.751920 0.686919 
2954.718240 0.684398 
2953.684560 0.681825 
2952.650880 0.679252 
2951.617210 0.676679 
2950.583530 0.674158 
2949.549850 0.671585 
2948.516170 0.669012 
2947.482490 0.666439 
2946.448820 0.663919 
2945.415140 0.661345 
2944.381460 0.658772 
2943.347780 0.656199 
2942.314100 0.653679 
2941.280430 0.651105 
2940.246750 0.648532 
2939.213070 0.645959 
2938.179390 0.643439 
2937.145720 0.640865 
2936.112040 0.638292 
2935.078360 0.635719 
2934.044680 0.633199 
2933.011000 0.630835 
2931.977330 0.630625 
2930.943650 0.630415 
2929.909970 0.630205 
2928.876290 0.629995 
2927.842610 0.629785 
2926.808940 0.629575 
2925.775260 0.629365 
2924.741580 0.629155 
2923.707900 0.628893 
2922.674220 0.628682 
2921.640550 0.628472 
2920.606870 0.628262 
2919.573190 0.628052 
2918.539510 0.627842 
2917.505840 0.627632 
2916.472160 0.627422 
2915.438480 0.627212 
2914.404800 0.627002 
2913.371120 0.626792 
2912.337450 0.626582 
2911.303770 0.626372 
2910.270090 0.626162 
2909.236410 0.625952 
2908.202730 0.625742 
2907.169060 0.625532 
2906.135380 0.625322 
2905.101700 0.625059 
2904.068020 0.624849 
2903.034340 0.624639 
2902.000670 0.624429 
2900.966990 0.624219 
2899.933310 0.624009 
2898.899630 0.623799 
2897.865960 0.623589 
2896.832280 0.623379 
2895.798600 0.623169 
2894.764920 0.622959 
2893.731240 0.622749 
2892.697570 0.622538 
2891.663890 0.622328 
2890.630210 0.622118 
2889.596530 0.621908 
2888.562850 0.621698 
2887.529180 0.621488 
2886.495500 0.621278 
2885.461820 0.621016 
2884.428140 0.620806 
2883.394460 0.620595 
2882.360790 0.620385 
2881.327110 0.620175 
2880.293430 0.619965 
2879.259750 0.619755 
2878.226080 0.619545 
2877.192400 0.619335 
2876.158720 0.619125 
2875.125040 0.618915 
2874.091360 0.618705 
2873.057690 0.618495 
2872.024010 0.618285 
2870.990330 0.618075 
2869.956650 0.617865 
2868.922970 0.617655 
2867.889300 0.617445 
2866.855620 0.617235 
2865.821940 0.616972 
2864.788260 0.616762 
2863.754580 0.616552 
2862.720910 0.616342 
2861.687230 0.616132 
2860.653550 0.615922 
2859.619870 0.615712 
2858.586200 0.615502 
2857.552520 0.615292 
2856.518840 0.615082 
2855.485160 0.614872 
2854.451480 0.614662 
2853.417810 0.614452 
2852.384130 0.614241 
2851.350450 0.614031 
2850.316770 0.613821 
2849.283090 0.613611 
2848.249420 0.613401 
2847.215740 0.613139 
2846.182060 0.612561 
2845.148380 0.610723 
2844.114700 0.608833 
2843.081030 0.606995 
2842.047350 0.605157 
2841.013670 0.603319 
2839.979990 0.601428 
2838.946320 0.599590 
2837.912640 0.597752 
2836.878960 0.595862 
2835.845280 0.594024 
2834.811600 0.592186 
2833.777930 0.590296 
2832.744250 0.588458 
2831.710570 0.586620 
2830.676890 0.584729 
2829.643210 0.582891 
2828.609540 0.581053 
2827.575860 0.579163 
2826.542180 0.577325 
2825.508500 0.575487 
2824.474820 0.573597 
2823.441150 0.571759 
2822.407470 0.569921 
2821.373790 0.568083 
2820.340110 0.566192 
2819.306440 0.564354 
2818.272760 0.562516 
2817.239080 0.560626 
2816.205400 0.558788 
2815.171720 0.556950 
2814.138050 0.555060 
2813.104370 0.553222 
2812.070690 0.551384 
2811.037010 0.549493 
2810.003330 0.547655 
2808.969660 0.545817 
2807.935980 0.543927 
2806.902300 0.542089 
2805.868620 0.540251 
2804.834940 0.538361 
2803.801270 0.536523 
2802.767590 0.534685 
2801.733910 0.532847 
2800.700230 0.530956 
2799.666560 0.529118 
2798.632880 0.527280 
2797.599200 0.525390 
2796.565520 0.523552 
2795.531840 0.521714 
2794.498170 0.519824 
2793.464490 0.517986 
2792.430810 0.516148 
2791.397130 0.514257 
2790.363450 0.512419 
2789.329780 0.510581 
2788.296100 0.508691 
2787.262420 0.506853 
2786.228740 0.505015 
2785.195070 0.503125 
2784.161390 0.501287 
2783.127710 0.499081 
2782.094030 0.496403 
2781.060350 0.493725 
2780.026680 0.491047 
2778.993000 0.488421 
2777.959320 0.485743 
2776.925640 0.483065 
2775.891960 0.480386 
2774.858290 0.477708 
2773.824610 0.475030 
2772.790930 0.472352 
2771.757250 0.469674 
2770.723570 0.466996 
2769.689900 0.464318 
2768.656220 0.461639 
2767.622540 0.458961 
2766.588860 0.456336 
2765.555190 0.453658 
2764.521510 0.450979 
2763.487830 0.448301 
2762.454150 0.445623 
2761.420470 0.442945 
2760.386800 0.440267 
2759.353120 0.437589 
2758.319440 0.434910 
2757.285760 0.432232 
2756.252080 0.429554 
2755.218410 0.426876 
2754.184730 0.424250 
2753.151050 0.421572 
2752.117370 0.418894 
2751.083690 0.416216 
2750.050020 0.413538 
2749.016340 0.410860 
2747.982660 0.408181 
2746.948980 0.405503 
2745.915310 0.402825 
2744.881630 0.400147 
2743.847950 0.397469 
2742.814270 0.394791 
2741.780590 0.392113 
2740.746920 0.389487 
2739.713240 0.386809 
2738.679560 0.384131 
2737.645880 0.381453 
2736.612200 0.378774 
2735.578530 0.376096 
2734.544850 0.374101 
2733.511170 0.372368 
2732.477490 0.370687 
2731.443810 0.369007 
2730.410140 0.367274 
2729.376460 0.365594 
2728.342780 0.363861 
2727.309100 0.362180 
2726.275430 0.360447 
2725.241750 0.358767 
2724.208070 0.357087 
2723.174390 0.355354 
2722.140710 0.353673 
2721.107040 0.351940 
2720.073360 0.350260 
2719.039680 0.348527 
2718.006000 0.346847 
2716.972320 0.345166 
2715.938650 0.343433 
2714.904970 0.341753 
2713.871290 0.340020 
2712.837610 0.338340 
2711.803930 0.336607 
2710.770260 0.334926 
2709.736580 0.333246 
2708.702900 0.331513 
2707.669220 0.329832 
2706.635550 0.328100 
2705.601870 0.326419 
2704.568190 0.324686 
2703.534510 0.323006 
2702.500830 0.321325 
2701.467160 0.319593 
2700.433480 0.317912 
2699.399800 0.316179 
2698.366120 0.314499 
2697.332440 0.312766 
2696.298770 0.311085 
2695.265090 0.309405 
2694.231410 0.307672 
2693.197730 0.305992 
2692.164050 0.304259 
2691.130380 0.302578 
2690.096700 0.300845 
2689.063020 0.299165 
2688.029340 0.297485 
2686.995670 0.295752 
2685.961990 0.294071 
2684.928310 0.292338 
2683.894630 0.290658 
2682.860950 0.288925 
2681.827280 0.287245 
2680.793600 0.285564 
2679.759920 0.283831 
2678.726240 0.282151 
2677.692560 0.280418 
2676.658890 0.278738 
2675.625210 0.277005 
2674.591530 0.275324 
2673.557850 0.273644 
2672.524170 0.271911 
2671.490500 0.270231 
2670.456820 0.268498 
2669.423140 0.266817 
2668.389460 0.265084 
2667.355790 0.263404 
2666.322110 0.261723 
2665.288430 0.259991 
2664.254750 0.258310 
2663.221070 0.256577 
2662.187400 0.254897 
2661.153720 0.253164 
2660.120040 0.251483 
2659.086360 0.249803 
2658.052680 0.248070 
2657.019010 0.246390 
2655.985330 0.244657 
2654.951650 0.242976 
2653.917970 0.241244 
2652.884290 0.239563 
2651.850620 0.237883 
2650.816940 0.236150 
2649.783260 0.234469 
2648.749580 0.232736 
2647.715910 0.231581 
2646.682230 0.230531 
2645.648550 0.229481 
2644.614870 0.228430 
2643.581190 0.227380 
2642.547520 0.226330 
2641.513840 0.225332 
2640.480160 0.224282 
2639.446480 0.223232 
2638.412800 0.222181 
2637.379130 0.221131 
2636.345450 0.220081 
2635.311770 0.219031 
2634.278090 0.217980 
2633.244410 0.216930 
2632.210740 0.215880 
2631.177060 0.214830 
2630.143380 0.213779 
2629.109700 0.212729 
2628.076030 0.211679 
2627.042350 0.210629 
2626.008670 0.209578 
2624.974990 0.208528 
2623.941310 0.207478 
2622.907640 0.206428 
2621.873960 0.205377 
2620.840280 0.204327 
2619.806600 0.203277 
2618.772920 0.202227 
2617.739250 0.201176 
2616.705570 0.200126 
2615.671890 0.199076 
2614.638210 0.198026 
2613.604530 0.196975 
2612.570860 0.195925 
2611.537180 0.194875 
2610.503500 0.193825 
2609.469820 0.192774 
2608.436150 0.191724 
2607.402470 0.190674 
2606.368790 0.189676 
2605.335110 0.188626 
2604.301430 0.187575 
2603.267760 0.186525 
2602.234080 0.185475 
2601.200400 0.184425 
2600.166720 0.183374 
2599.133040 0.182324 
2598.099370 0.181274 
2597.065690 0.180224 
2596.032010 0.179173 
2594.998330 0.178123 
2593.964650 0.177073 
2592.930980 0.176023 
2591.897300 0.174972 
2590.863620 0.173922 
2589.829940 0.172872 
2588.796270 0.171822 
2587.762590 0.170771 
2586.728910 0.169721 
2585.695230 0.168671 
2584.661550 0.167621 
2583.627880 0.166570 
2582.594200 0.165520 
2581.560520 0.164470 
2580.526840 0.163420 
2579.493160 0.162369 
2578.459490 0.161319 
2577.425810 0.160269 
2576.392130 0.159219 
2575.358450 0.158168 
2574.324770 0.157118 
2573.291100 0.156068 
2572.257420 0.155018 
2571.223740 0.154020 
2570.190060 0.152970 
2569.156390 0.151919 
2568.122710 0.150869 
2567.089030 0.149819 
2566.055350 0.148769 
2565.021670 0.147718 
2563.988000 0.146668 
2562.954320 0.145618 
2561.920640 0.144568 
2560.886960 0.143517 
2559.853280 0.142467 
2558.819610 0.141417 
2557.785930 0.140367 
2556.752250 0.139316 
2555.718570 0.138266 
2554.684890 0.137216 
2553.651220 0.136166 
2552.617540 0.135115 
2551.583860 0.134065 
2550.550180 0.133015 
2549.516510 0.131965 
2548.482830 0.130914 
2547.449150 0.129864 
2546.415470 0.128814 
2545.381790 0.127763 
2544.348120 0.126713 
2543.314440 0.125663 
2542.280760 0.124613 
2541.247080 0.123562 
2540.213400 0.122512 
2539.179730 0.121462 
2538.146050 0.120412 
2537.112370 0.119571 
2536.078690 0.119046 
2535.045020 0.118521 
2534.011340 0.117996 
2532.977660 0.117523 
2531.943980 0.116998 
2530.910300 0.116473 
2529.876630 0.116001 
2528.842950 0.115476 
2527.809270 0.114950 
2526.775590 0.114478 
2525.741910 0.113953 
2524.708240 0.113428 
2523.674560 0.112955 
2522.640880 0.112430 
2521.607200 0.111905 
2520.573520 0.111432 
2519.539850 0.110907 
2518.506170 0.110382 
2517.472490 0.109909 
2516.438810 0.109384 
2515.405140 0.108859 
2514.371460 0.108386 
2513.337780 0.107861 
2512.304100 0.107336 
2511.270420 0.106863 
2510.236750 0.106338 
2509.203070 0.105813 
2508.169390 0.105288 
2507.135710 0.104815 
2506.102030 0.104290 
2505.068360 0.103765 
2504.034680 0.103293 
2503.001000 0.102767 
2501.967320 0.102242 
2500.933640 0.101770 
2499.899970 0.101245 
2498.866290 0.100719 
2497.832610 0.100247 
2496.798930 0.099722 
2495.765260 0.099197 
2494.731580 0.098724 
2493.697900 0.098199 
2492.664220 0.097674 
2491.630540 0.097201 
2490.596870 0.096676 
2489.563190 0.096151 
2488.529510 0.095678 
2487.495830 0.095153 
2486.462150 0.094628 
2485.428480 0.094103 
2484.394800 0.093630 
2483.361120 0.093105 
2482.327440 0.092580 
2481.293760 0.092107 
2480.260090 0.091582 
2479.226410 0.091057 
2478.192730 0.090584 
2477.159050 0.090059 
2476.125380 0.089534 
2475.091700 0.089062 
2474.058020 0.088536 
2473.024340 0.088011 
2471.990660 0.087539 
2470.956990 0.087014 
2469.923310 0.086488 
2468.889630 0.086016 
2467.855950 0.085491 
2466.822270 0.084966 
2465.788600 0.084493 
2464.754920 0.083968 
2463.721240 0.083443 
2462.687560 0.082918 
2461.653880 0.082445 
2460.620210 0.081920 
2459.586530 0.081395 
2458.552850 0.080922 
2457.519170 0.080397 
2456.485500 0.079872 
2455.451820 0.079399 
2454.418140 0.078874 
2453.384460 0.078349 
2452.350780 0.077876 
2451.317110 0.077351 
2450.283430 0.076826 
2449.249750 0.076354 
2448.216070 0.075828 
2447.182390 0.075303 
2446.148720 0.074831 
2445.115040 0.074306 
2444.081360 0.073780 
2443.047680 0.073308 
2442.014000 0.072783 
2440.980330 0.072258 
2439.946650 0.071785 
2438.912970 0.071260 
2437.879290 0.070735 
2436.845620 0.070210 
2435.811940 0.069737 
2434.778260 0.069212 
2433.744580 0.068687 
2432.710900 0.068214 
2431.677230 0.067689 
2430.643550 0.067164 
2429.609870 0.066691 
2428.576190 0.066166 
2427.542510 0.065641 
2426.508840 0.065168 
2425.475160 0.064643 
2424.441480 0.064118 
2423.407800 0.063645 
2422.374120 0.063120 
2421.340450 0.062595 
2420.306770 0.062123 
2419.273090 0.061597 
2418.239410 0.061072 
2417.205740 0.060600 
2416.172060 0.060285 
2415.138380 0.060022 
2414.104700 0.059759 
2413.071020 0.059549 
2412.037350 0.059287 
2411.003670 0.059024 
2409.969990 0.058814 
2408.936310 0.058552 
2407.902630 0.058289 
2406.868960 0.058027 
2405.835280 0.057817 
2404.801600 0.057554 
2403.767920 0.057291 
2402.734240 0.057081 
2401.700570 0.056819 
2400.666890 0.056556 
2399.633210 0.056346 
2398.599530 0.056084 
2397.565860 0.055821 
2396.532180 0.055558 
2395.498500 0.055348 
2394.464820 0.055086 
2393.431140 0.054823 
2392.397470 0.054613 
2391.363790 0.054351 
2390.330110 0.054088 
2389.296430 0.053878 
2388.262750 0.053616 
2387.229080 0.053353 
2386.195400 0.053143 
2385.161720 0.052880 
2384.128040 0.052618 
2383.094360 0.052355 
2382.060690 0.052145 
2381.027010 0.051883 
2379.993330 0.051620 
2378.959650 0.051410 
2377.925980 0.051147 
2376.892300 0.050885 
2375.858620 0.050675 
2374.824940 0.050412 
2373.791260 0.050150 
2372.757590 0.049887 
2371.723910 0.049677 
2370.690230 0.049414 
2369.656550 0.049152 
2368.622870 0.048942 
2367.589200 0.048679 
2366.555520 0.048417 
2365.521840 0.048207 
2364.488160 0.047944 
2363.454480 0.047682 
2362.420810 0.047419 
2361.387130 0.047209 
2360.353450 0.046946 
2359.319770 0.046684 
2358.286100 0.046474 
2357.252420 0.046211 
2356.218740 0.045949 
2355.185060 0.045739 
2354.151380 0.045476 
2353.117710 0.045213 
2352.084030 0.044951 
2351.050350 0.044741 
2350.016670 0.044478 
2348.982990 0.044216 
2347.949320 0.044006 
2346.915640 0.043743 
2345.881960 0.043481 
2344.848280 0.043270 
2343.814600 0.043008 
2342.780930 0.042745 
2341.747250 0.042483 
2340.713570 0.042273 
2339.679890 0.042010 
2338.646220 0.041748 
2337.612540 0.041538 
2336.578860 0.041275 
2335.545180 0.041012 
2334.511500 0.040802 
2333.477830 0.040540 
2332.444150 0.040277 
2331.410470 0.040015 
2330.376790 0.039805 
2329.343110 0.039542 
2328.309440 0.039280 
2327.275760 0.039069 
2326.242080 0.038807 
2325.208400 0.038544 
2324.174720 0.038334 
2323.141050 0.038072 
2322.107370 0.037809 
2321.073690 0.037547 
2320.040010 0.037337 
2319.006340 0.037074 
2317.972660 0.036811 
2316.938980 0.036601 
2315.905300 0.036339 
2314.871620 0.036076 
2313.837950 0.035866 
2312.804270 0.035604 
2311.770590 0.035341 
2310.736910 0.035079 
2309.703230 0.034868 
2308.669560 0.034606 
2307.635880 0.034343 
2306.602200 0.034133 
2305.568520 0.033871 
2304.534840 0.033608 
2303.501170 0.033398 
2302.467490 0.033136 
2301.433810 0.032873 
2300.400130 0.032610 
2299.366460 0.032400 
2298.332780 0.032138 
2297.299100 0.031875 
2296.265420 0.031665 
2295.231740 0.031403 
2294.198070 0.031140 
2293.164390 0.030930 
2292.130710 0.030667 
2291.097030 0.030405 
2290.063350 0.030142 
2289.029680 0.029932 
2287.996000 0.029670 
2286.962320 0.029407 
2285.928640 0.029197 
2284.894960 0.028935 
2283.861290 0.028672 
2282.827610 0.028462 
2281.793930 0.028199 
2280.760250 0.027937 
2279.726580 0.027674 
2278.692900 0.027464 
2277.659220 0.027202 
2276.625540 0.026939 
2275.591860 0.026729 
2274.558190 0.026466 
2273.524510 0.026204 
2272.490830 0.025994 
2271.457150 0.025731 
2270.423470 0.025469 
2269.389800 0.025206 
2268.356120 0.024996 
2267.322440 0.024786 
2266.288760 0.024733 
2265.255090 0.024681 
2264.221410 0.024628 
2263.187730 0.024576 
2262.154050 0.024523 
2261.120370 0.024471 
2260.086700 0.024418 
2259.053020 0.024366 
2258.019340 0.024366 
2256.985660 0.024313 
2255.951980 0.024261 
2254.918310 0.024208 
2253.884630 0.024156 
2252.850950 0.024103 
2251.817270 0.024051 
2250.783590 0.023998 
2249.749920 0.023946 
2248.716240 0.023946 
2247.682560 0.023893 
2246.648880 0.023841 
2245.615210 0.023788 
2244.581530 0.023736 
2243.547850 0.023683 
2242.514170 0.023631 
2241.480490 0.023578 
2240.446820 0.023526 
2239.413140 0.023526 
2238.379460 0.023473 
2237.345780 0.023421 
2236.312100 0.023368 
2235.278430 0.023316 
2234.244750 0.023263 
2233.211070 0.023211 
2232.177390 0.023158 
2231.143710 0.023158 
2230.110040 0.023106 
2229.076360 0.023053 
2228.042680 0.023001 
2227.009000 0.022948 
2225.975330 0.022896 
2224.941650 0.022843 
2223.907970 0.022791 
2222.874290 0.022738 
2221.840610 0.022738 
2220.806940 0.022686 
2219.773260 0.022633 
2218.739580 0.022580 
2217.705900 0.022528 
2216.672220 0.022475 
2215.638550 0.022423 
2214.604870 0.022370 
2213.571190 0.022318 
2212.537510 0.022318 
2211.503830 0.022265 
2210.470160 0.022213 
2209.436480 0.022160 
2208.402800 0.022108 
2207.369120 0.022055 
2206.335450 0.022003 
2205.301770 0.021950 
2204.268090 0.021898 
2203.234410 0.021898 
2202.200730 0.021845 
2201.167060 0.021793 
2200.133380 0.021740 
2199.099700 0.021688 
2198.066020 0.021635 
2197.032340 0.021583 
2195.998670 0.021530 
2194.964990 0.021478 
2193.931310 0.021478 
2192.897630 0.021425 
2191.863950 0.021373 
2190.830280 0.021320 
2189.796600 0.021268 
2188.762920 0.021215 
2187.729240 0.021163 
2186.695570 0.021110 
2185.661890 0.021058 
2184.628210 0.021058 
2183.594530 0.021005 
2182.560850 0.020953 
2181.527180 0.020900 
2180.493500 0.020848 
2179.459820 0.020795 
2178.426140 0.020743 
2177.392460 0.020690 
2176.358790 0.020638 
2175.325110 0.020638 
2174.291430 0.020585 
2173.257750 0.020532 
2172.224070 0.020480 
2171.190400 0.020427 
2170.156720 0.020375 
2169.123040 0.020322 
2168.089360 0.020270 
2167.055690 0.020217 
2166.022010 0.020217 
2164.988330 0.020165 
2163.954650 0.020112 
2162.920970 0.020060 
2161.887300 0.020007 
2160.853620 0.019955 
2159.819940 0.019902 
2158.786260 0.019850 
2157.752580 0.019850 
2156.718910 0.019797 
2155.685230 0.019745 
2154.651550 0.019692 
2153.617870 0.019640 
2152.584190 0.019587 
2151.550520 0.019535 
2150.516840 0.019482 
2149.483160 0.019430 
2148.449480 0.019430 
2147.415810 0.019377 
2146.382130 0.019325 
2145.348450 0.019272 
2144.314770 0.019220 
2143.281090 0.019167 
2142.247420 0.019115 
2141.213740 0.019062 
2140.180060 0.019010 
2139.146380 0.019010 
2138.112700 0.018957 
2137.079030 0.018905 
2136.045350 0.018852 
2135.011670 0.018800 
2133.977990 0.018747 
2132.944310 0.018695 
2131.910640 0.018642 
2130.876960 0.018590 
2129.843280 0.018590 
2128.809600 0.018537 
2127.775930 0.018484 
2126.742250 0.018432 
2125.708570 0.018379 
2124.674890 0.018327 
2123.641210 0.018274 
2122.607540 0.018222 
2121.573860 0.018169 
2120.540180 0.018169 
2119.506500 0.018117 
2118.472820 0.018064 
2117.439150 0.018012 
2116.405470 0.017959 
2115.371790 0.017907 
2114.338110 0.017854 
2113.304430 0.017802 
2112.270760 0.017749 
2111.237080 0.017749 
2110.203400 0.017697 
2109.169720 0.017644 
2108.136050 0.017592 
2107.102370 0.017539 
2106.068690 0.017487 
2105.035010 0.017434 
2104.001330 0.017382 
2102.967660 0.017329 
2101.933980 0.017329 
2100.900300 0.017277 
2099.866620 0.017224 
2098.832940 0.017172 
2097.799270 0.017119 
2096.765590 0.017067 
2095.731910 0.017014 
2094.698230 0.016962 
2093.664550 0.016909 
2092.630880 0.016909 
2091.597200 0.016857 
2090.563520 0.016804 
2089.529840 0.016752 
2088.496170 0.016699 
2087.462490 0.016647 
2086.428810 0.016594 
2085.395130 0.016542 
2084.361450 0.016489 
2083.327780 0.016489 
2082.294100 0.016436 
2081.260420 0.016384 
2080.226740 0.016331 
2079.193060 0.016279 
2078.159390 0.016226 
2077.125710 0.016174 
2076.092030 0.016121 
2075.058350 0.016121 
2074.024670 0.016069 
2072.991000 0.016016 
2071.957320 0.015964 
2070.923640 0.015911 
2069.889960 0.015859 
2068.856290 0.015806 
2067.822610 0.015754 
2066.788930 0.015701 
2065.755250 0.015701 
2064.721570 0.015649 
2063.687900 0.015596 
2062.654220 0.015544 
2061.620540 0.015491 
2060.586860 0.015439 
2059.553180 0.015386 
2058.519510 0.015334 
2057.485830 0.015281 
2056.452150 0.015281 
2055.418470 0.015229 
2054.384790 0.015176 
2053.351120 0.015124 
2052.317440 0.015071 
2051.283760 0.015019 
2050.250080 0.014966 
2049.216410 0.014914 
2048.182730 0.014861 
2047.149050 0.014861 
2046.115370 0.014809 
2045.081690 0.014756 
2044.048020 0.014704 
2043.014340 0.014651 
2041.980660 0.014599 
2040.946980 0.014546 
2039.913300 0.014494 
2038.879630 0.014441 
2037.845950 0.014441 
2036.812270 0.014388 
2035.778590 0.014336 
2034.744910 0.014283 
2033.711240 0.014231 
2032.677560 0.014178 
2031.643880 0.014126 
2030.610200 0.014073 
2029.576530 0.014021 
2028.542850 0.014021 
2027.509170 0.013968 
2026.475490 0.013916 
2025.441810 0.013863 
2024.408140 0.013811 
2023.374460 0.013758 
2022.340780 0.013706 
2021.307100 0.013653 
2020.273420 0.013601 
2019.239750 0.013601 
2018.206070 0.013548 
2017.172390 0.013496 
2016.138710 0.013443 
2015.105040 0.013391 
2014.071360 0.013338 
2013.037680 0.013286 
2012.004000 0.013233 
2010.970320 0.013181 
2009.936650 0.013181 
2008.902970 0.013128 
2007.869290 0.013076 
2006.835610 0.013023 
2005.801930 0.012971 
2004.768260 0.012918 
2003.734580 0.012866 
2002.700900 0.012813 
2001.667220 0.012813 
2000.633540 0.012761 
1999.599870 0.012708 
1998.566190 0.012656 
1997.532510 0.012603 
1996.498830 0.012813 
1995.465160 0.013023 
1994.431480 0.013286 
1993.397800 0.013496 
1992.364120 0.013758 
1991.330440 0.013968 
1990.296770 0.014178 
1989.263090 0.014441 
1988.229410 0.014651 
1987.195730 0.014861 
1986.162050 0.015124 
1985.128380 0.015334 
1984.094700 0.015596 
1983.061020 0.015806 
1982.027340 0.016016 
1980.993660 0.016279 
1979.959990 0.016489 
1978.926310 0.016699 
1977.892630 0.016962 
1976.858950 0.017172 
1975.825280 0.017434 
1974.791600 0.017644 
1973.757920 0.017854 
1972.724240 0.018117 
1971.690560 0.018327 
1970.656890 0.018590 
1969.623210 0.018800 
1968.589530 0.019010 
1967.555850 0.019272 
1966.522170 0.019482 
1965.488500 0.019692 
1964.454820 0.019955 
1963.421140 0.020165 
1962.387460 0.020427 
1961.353780 0.020638 
1960.320110 0.020848 
1959.286430 0.021110 
1958.252750 0.021320 
1957.219070 0.021530 
1956.185400 0.021793 
1955.151720 0.022003 
1954.118040 0.022265 
1953.084360 0.022475 
1952.050680 0.022686 
1951.017010 0.022948 
1949.983330 0.023158 
1948.949650 0.023368 
1947.915970 0.023631 
1946.882290 0.023841 
1945.848620 0.024103 
1944.814940 0.024313 
1943.781260 0.024523 
1942.747580 0.024786 
1941.713900 0.024996 
1940.680230 0.025206 
1939.646550 0.025469 
1938.612870 0.025679 
1937.579190 0.025941 
1936.545520 0.026151 
1935.511840 0.026361 
1934.478160 0.026624 
1933.444480 0.026834 
1932.410800 0.027044 
1931.377130 0.027307 
1930.343450 0.027517 
1929.309770 0.027779 
1928.276090 0.027989 
1927.242410 0.028199 
1926.208740 0.028462 
1925.175060 0.028672 
1924.141380 0.028935 
1923.107700 0.029145 
1922.074020 0.029355 
1921.040350 0.029617 
1920.006670 0.029827 
1918.972990 0.030037 
1917.939310 0.030300 
1916.905640 0.030510 
1915.871960 0.030772 
1914.838280 0.030983 
1913.804600 0.031193 
1912.770920 0.031455 
1911.737250 0.031665 
1910.703570 0.031875 
1909.669890 0.032138 
1908.636210 0.032348 
1907.602530 0.032610 
1906.568860 0.032820 
1905.535180 0.033031 
1904.501500 0.033293 
1903.467820 0.033503 
1902.434140 0.033713 
1901.400470 0.033976 
1900.366790 0.034186 
1899.333110 0.034448 
1898.299430 0.034658 
1897.265760 0.034868 
1896.232080 0.035131 
1895.198400 0.035341 
1894.164720 0.035551 
1893.131040 0.035814 
1892.097370 0.036024 
1891.063690 0.036286 
1890.030010 0.036496 
1888.996330 0.036706 
1887.962650 0.036969 
1886.928980 0.037179 
1885.895300 0.037389 
1884.861620 0.037652 
1883.827940 0.037862 
1882.794260 0.038124 
1881.760590 0.038334 
1880.726910 0.038544 
1879.693230 0.038807 
1878.659550 0.039017 
1877.625880 0.039280 
1876.592200 0.039490 
1875.558520 0.039700 
1874.524840 0.039962 
1873.491160 0.040172 
1872.457490 0.040382 
1871.423810 0.040645 
1870.390130 0.040855 
1869.356450 0.041117 
1868.322770 0.041328 
1867.289100 0.041538 
1866.255420 0.041800 
1865.221740 0.042010 
1864.188060 0.042220 
1863.154380 0.042483 
1862.120710 0.042693 
1861.087030 0.042798 
1860.053350 0.042955 
1859.019670 0.043113 
1857.986000 0.043218 
1856.952320 0.043376 
1855.918640 0.043533 
1854.884960 0.043691 
1853.851280 0.043796 
1852.817610 0.043953 
1851.783930 0.044111 
1850.750250 0.044268 
1849.716570 0.044373 
1848.682890 0.044531 
1847.649220 0.044688 
1846.615540 0.044793 
1845.581860 0.044951 
1844.548180 0.045108 
1843.514500 0.045266 
1842.480830 0.045371 
1841.447150 0.045529 
1840.413470 0.045686 
1839.379790 0.045844 
1838.346120 0.045949 
1837.312440 0.046106 
1836.278760 0.046264 
1835.245080 0.046369 
1834.211400 0.046526 
1833.177730 0.046684 
1832.144050 0.046841 
1831.110370 0.046946 
1830.076690 0.047104 
1829.043010 0.047261 
1828.009340 0.047419 
1826.975660 0.047524 
1825.941980 0.047682 
1824.908300 0.047839 
1823.874620 0.047944 
1822.840950 0.048102 
1821.807270 0.048259 
1820.773590 0.048417 
1819.739910 0.048522 
1818.706240 0.048679 
1817.672560 0.048837 
1816.638880 0.048942 
1815.605200 0.049099 
1814.571520 0.049257 
1813.537850 0.049414 
1812.504170 0.049520 
1811.470490 0.049677 
1810.436810 0.049835 
1809.403130 0.049992 
1808.369460 0.050097 
1807.335780 0.050255 
1806.302100 0.050412 
1805.268420 0.050517 
1804.234740 0.050675 
1803.201070 0.050832 
1802.167390 0.050990 
1801.133710 0.051095 
1800.100030 0.051252 
1799.066360 0.051410 
1798.032680 0.051568 
1796.999000 0.051673 
1795.965320 0.051830 
1794.931640 0.051988 
1793.897970 0.052093 
1792.864290 0.052250 
1791.830610 0.052408 
1790.796930 0.052565 
1789.763250 0.052670 
1788.729580 0.052828 
1787.695900 0.052985 
1786.662220 0.053143 
1785.628540 0.053248 
1784.594860 0.053405 
1783.561190 0.053563 
1782.527510 0.053668 
1781.493830 0.053826 
1780.460150 0.053983 
1779.426480 0.057396 
1778.392800 0.060915 
1777.359120 0.064381 
1776.325440 0.067846 
1775.291760 0.071312 
1774.258090 0.074831 
1773.224410 0.078296 
1772.190730 0.081762 
1771.157050 0.085228 
1770.123370 0.088747 
1769.089700 0.092212 
1768.056020 0.095678 
1767.022340 0.099144 
1765.988660 0.102662 
1764.954980 0.106128 
1763.921310 0.109594 
1762.887630 0.113112 
1761.853950 0.116578 
1760.820270 0.120044 
1759.786600 0.123510 
1758.752920 0.127028 
1757.719240 0.130494 
1756.685560 0.133960 
1755.651880 0.137426 
1754.618210 0.140944 
1753.584530 0.144410 
1752.550850 0.147876 
1751.517170 0.151342 
1750.483490 0.154860 
1749.449820 0.158326 
1748.416140 0.161792 
1747.382460 0.165258 
1746.348780 0.174342 
1745.315110 0.194087 
1744.281430 0.213884 
1743.247750 0.233629 
1742.214070 0.253426 
1741.180390 0.273171 
1740.146720 0.292969 
1739.113040 0.312713 
1738.079360 0.332511 
1737.045680 0.352308 
1736.012000 0.359397 
1734.978330 0.362023 
1733.944650 0.364648 
1732.910970 0.367327 
1731.877290 0.369952 
1730.843610 0.372578 
1729.809940 0.375256 
1728.776260 0.377882 
1727.742580 0.380507 
1726.708900 0.383133 
1725.675230 0.385811 
1724.641550 0.388437 
1723.607870 0.391062 
1722.574190 0.393740 
1721.540510 0.396366 
1720.506840 0.398992 
1719.473160 0.401670 
1718.439480 0.404296 
1717.405800 0.406921 
1716.372120 0.409547 
1715.338450 0.412225 
1714.304770 0.414851 
1713.271090 0.417476 
1712.237410 0.420154 
1711.203730 0.422780 
1710.170060 0.425406 
1709.136380 0.428084 
1708.102700 0.430709 
1707.069020 0.433335 
1706.035350 0.436013 
1705.001670 0.438639 
1703.967990 0.441265 
1702.934310 0.443890 
1701.900630 0.446568 
1700.866960 0.449194 
1699.833280 0.451820 
1698.799600 0.454498 
1697.765920 0.457123 
1696.732240 0.459749 
1695.698570 0.462427 
1694.664890 0.465053 
1693.631210 0.467678 
1692.597530 0.470357 
1691.563850 0.472982 
1690.530180 0.475608 
1689.496500 0.478233 
1688.462820 0.480912 
1687.429140 0.483537 
1686.395470 0.486163 
1685.361790 0.488841 
1684.328110 0.491467 
1683.294430 0.494092 
1682.260750 0.496770 
1681.227080 0.499396 
1680.193400 0.502022 
1679.159720 0.504700 
1678.126040 0.507326 
1677.092360 0.509951 
1676.058690 0.512577 
1675.025010 0.515255 
1673.991330 0.517881 
1672.957650 0.516620 
1671.923970 0.515097 
1670.890300 0.513522 
1669.856620 0.511999 
1668.822940 0.510424 
1667.789260 0.508901 
1666.755590 0.507326 
1665.721910 0.505803 
1664.688230 0.504227 
1663.654550 0.502704 
1662.620870 0.501129 
1661.587200 0.499606 
1660.553520 0.498031 
1659.519840 0.496508 
1658.486160 0.494933 
1657.452480 0.493410 
1656.418810 0.491834 
1655.385130 0.490311 
1654.351450 0.488736 
1653.317770 0.487213 
1652.284090 0.485638 
1651.250420 0.484115 
1650.216740 0.482540 
1649.183060 0.484167 
1648.149380 0.486163 
1647.115710 0.488158 
1646.082030 0.490206 
1645.048350 0.492202 
1644.014670 0.494197 
1642.980990 0.496245 
1641.947320 0.498241 
1640.913640 0.500236 
1639.879960 0.502284 
1638.846280 0.504280 
1637.812600 0.506275 
1636.778930 0.508323 
1635.745250 0.510319 
1634.711570 0.512314 
1633.677890 0.514362 
1632.644210 0.516358 
1631.610540 0.518353 
1630.576860 0.520401 
1629.543180 0.522397 
1628.509500 0.524392 
1627.475830 0.526440 
1626.442150 0.528436 
1625.408470 0.530431 
1624.374790 0.532479 
1623.341110 0.534475 
1622.307440 0.536470 
1621.273760 0.538518 
1620.240080 0.540514 
1619.206400 0.542509 
1618.172720 0.544557 
1617.139050 0.546553 
1616.105370 0.546658 
1615.071690 0.540671 
1614.038010 0.534632 
1613.004330 0.528646 
1611.970660 0.522607 
1610.936980 0.516620 
1609.903300 0.510581 
1608.869620 0.504595 
1607.835950 0.498556 
1606.802270 0.492517 
1605.768590 0.486530 
1604.734910 0.480492 
1603.701230 0.474505 
1602.667560 0.468466 
1601.633880 0.462480 
1600.600200 0.456441 
1599.566520 0.450454 
1598.532840 0.444415 
1597.499170 0.438429 
1596.465490 0.432390 
1595.431810 0.426403 
1594.398130 0.420364 
1593.364450 0.414378 
1592.330780 0.408339 
1591.297100 0.402300 
1590.263420 0.396314 
1589.229740 0.390275 
1588.196070 0.384288 
1587.162390 0.378249 
1586.128710 0.372263 
1585.095030 0.366224 
1584.061350 0.360237 
1583.027680 0.354198 
1581.994000 0.348002 
1580.960320 0.341648 
1579.926640 0.335346 
1578.892960 0.328992 
1577.859290 0.322638 
1576.825610 0.316337 
1575.791930 0.309983 
1574.758250 0.303629 
1573.724570 0.297327 
1572.690900 0.290973 
1571.657220 0.284619 
1570.623540 0.278317 
1569.589860 0.271963 
1568.556190 0.265609 
1567.522510 0.261934 
1566.488830 0.260831 
1565.455150 0.259675 
1564.421470 0.258573 
1563.387800 0.257470 
1562.354120 0.256367 
1561.320440 0.255264 
1560.286760 0.254109 
1559.253080 0.253006 
1558.219410 0.251904 
1557.185730 0.250801 
1556.152050 0.249646 
1555.118370 0.248543 
1554.084690 0.247440 
1553.051020 0.246337 
1552.017340 0.245234 
1550.983660 0.244079 
1549.949980 0.242976 
1548.916310 0.241874 
1547.882630 0.240771 
1546.848950 0.239616 
1545.815270 0.238513 
1544.781590 0.237410 
1543.747920 0.236307 
1542.714240 0.235205 
1541.680560 0.234049 
1540.646880 0.232946 
1539.613200 0.231844 
1538.579530 0.230741 
1537.545850 0.229586 
1536.512170 0.228483 
1535.478490 0.227380 
1534.444810 0.226277 
1533.411140 0.225175 
1532.377460 0.224019 
1531.343780 0.222917 
1530.310100 0.221814 
1529.276430 0.224282 
1528.242750 0.232684 
1527.209070 0.241033 
1526.175390 0.249435 
1525.141710 0.257785 
1524.108040 0.266187 
1523.074360 0.274537 
1522.040680 0.282939 
1521.007000 0.291288 
1519.973320 0.299690 
1518.939650 0.308040 
1517.905970 0.316442 
1516.872290 0.324791 
1515.838610 0.333193 
1514.804930 0.341543 
1513.771260 0.349945 
1512.737580 0.358294 
1511.703900 0.366696 
1510.670220 0.375046 
1509.636550 0.383448 
1508.602870 0.391798 
1507.569190 0.400200 
1506.535510 0.408549 
1505.501830 0.416951 
1504.468160 0.425301 
1503.434480 0.433703 
1502.400800 0.442052 
1501.367120 0.450454 
1500.333440 0.458804 
1499.299770 0.467206 
1498.266090 0.475555 
1497.232410 0.483957 
1496.198730 0.492307 
1495.165060 0.505120 
1494.131380 0.519561 
1493.097700 0.533949 
1492.064020 0.548390 
1491.030340 0.562831 
1489.996670 0.577220 
1488.962990 0.591661 
1487.929310 0.606102 
1486.895630 0.620490 
1485.861950 0.634931 
1484.828280 0.649372 
1483.794600 0.663761 
1482.760920 0.678202 
1481.727240 0.692643 
1480.693560 0.707031 
1479.659890 0.721472 
1478.626210 0.735913 
1477.592530 0.750302 
1476.558850 0.764690 
1475.525180 0.778921 
1474.491500 0.793100 
1473.457820 0.807278 
1472.424140 0.821509 
1471.390460 0.835688 
1470.356790 0.849866 
1469.323110 0.864097 
1468.289430 0.878275 
1467.255750 0.892454 
1466.222070 0.901696 
1465.188400 0.907157 
1464.154720 0.912619 
1463.121040 0.918080 
1462.087360 0.923541 
1461.053680 0.929003 
1460.020010 0.934464 
1458.986330 0.939925 
1457.952650 0.945387 
1456.918970 0.950848 
1455.885300 0.956309 
1454.851620 0.961823 
1453.817940 0.967285 
1452.784260 0.972746 
1451.750580 0.978207 
1450.716910 0.983669 
1449.683230 0.989130 
1448.649550 0.994591 
1447.615870 1.000000 
1446.582190 0.992911 
1445.548520 0.985822 
1444.514840 0.978732 
1443.481160 0.971643 
1442.447480 0.964606 
1441.413800 0.957517 
1440.380130 0.950428 
1439.346450 0.943339 
1438.312770 0.936250 
1437.279090 0.929160 
1436.245420 0.922124 
1435.211740 0.915034 
1434.178060 0.907945 
1433.144380 0.900856 
1432.110700 0.893767 
1431.077030 0.886678 
1430.043350 0.879641 
1429.009670 0.872552 
1427.975990 0.863782 
1426.942310 0.852807 
1425.908640 0.841884 
1424.874960 0.830909 
1423.841280 0.819986 
1422.807600 0.809011 
1421.773920 0.798089 
1420.740250 0.787113 
1419.706570 0.776191 
1418.672890 0.765216 
1417.639210 0.754293 
1416.605540 0.743370 
1415.571860 0.732395 
1414.538180 0.721472 
1413.504500 0.711915 
1412.470820 0.704878 
1411.437150 0.697842 
1410.403470 0.690805 
1409.369790 0.683768 
1408.336110 0.676732 
1407.302430 0.669695 
1406.268760 0.662658 
1405.235080 0.655621 
1404.201400 0.648585 
1403.167720 0.641548 
1402.134040 0.634511 
1401.100370 0.627475 
1400.066690 0.620438 
1399.033010 0.613401 
1397.999330 0.606365 
1396.965660 0.599328 
1395.931980 0.592291 
1394.898300 0.585254 
1393.864620 0.585990 
1392.830940 0.588720 
1391.797270 0.591451 
1390.763590 0.594182 
1389.729910 0.596912 
1388.696230 0.599643 
1387.662550 0.602374 
1386.628880 0.605104 
1385.595200 0.607835 
1384.561520 0.610618 
1383.527840 0.613349 
1382.494160 0.616079 
1381.460490 0.618810 
1380.426810 0.621541 
1379.393130 0.624271 
1378.359450 0.627002 
1377.325780 0.629733 
1376.292100 0.632463 
1375.258420 0.635247 
1374.224740 0.637977 
1373.191060 0.640708 
1372.157390 0.643439 
1371.123710 0.646169 
1370.090030 0.648900 
1369.056350 0.651631 
1368.022670 0.654361 
1366.989000 0.657092 
1365.955320 0.659875 
1364.921640 0.662606 
1363.887960 0.665336 
1362.854280 0.668067 
1361.820610 0.670798 
1360.786930 0.673528 
1359.753250 0.676259 
1358.719570 0.678990 
1357.685900 0.681773 
1356.652220 0.684503 
1355.618540 0.687234 
1354.584860 0.689965 
1353.551180 0.692695 
1352.517510 0.695426 
1351.483830 0.698157 
1350.450150 0.700887 
1349.416470 0.703618 
1348.382790 0.706401 
1347.349120 0.709132 
1346.315440 0.711863 
1345.281760 0.714593 
1344.248080 0.717324 
1343.214400 0.720055 
1342.180730 0.722785 
1341.147050 0.725516 
1340.113370 0.728247 
1339.079690 0.731030 
1338.046020 0.733760 
1337.012340 0.736491 
1335.978660 0.736491 
1334.944980 0.733340 
1333.911300 0.730242 
1332.877630 0.727091 
1331.843950 0.723941 
1330.810270 0.720790 
1329.776590 0.717639 
1328.742910 0.714541 
1327.709240 0.711390 
1326.675560 0.708239 
1325.641880 0.705088 
1324.608200 0.701990 
1323.574520 0.698839 
1322.540850 0.695689 
1321.507170 0.692538 
1320.473490 0.689387 
1319.439810 0.686289 
1318.406140 0.683138 
1317.372460 0.679987 
1316.338780 0.676837 
1315.305100 0.673686 
1314.271420 0.670588 
1313.237750 0.667437 
1312.204070 0.664286 
1311.170390 0.661135 
1310.136710 0.658037 
1309.103030 0.654886 
1308.069360 0.651736 
1307.035680 0.648585 
1306.002000 0.645434 
1304.968320 0.642336 
1303.934640 0.639185 
1302.900970 0.636034 
1301.867290 0.632883 
1300.833610 0.629733 
1299.799930 0.626634 
1298.766260 0.623484 
1297.732580 0.620333 
1296.698900 0.617182 
1295.665220 0.614084 
1294.631540 0.610933 
1293.597870 0.607782 
1292.564190 0.591503 
1291.530510 0.572966 
1290.496830 0.554429 
1289.463150 0.535892 
1288.429480 0.517355 
1287.395800 0.510266 
1286.362120 0.507431 
1285.328440 0.504542 
1284.294760 0.501707 
1283.261090 0.498818 
1282.227410 0.495983 
1281.193730 0.493095 
1280.160050 0.490206 
1279.126380 0.487371 
1278.092700 0.484482 
1277.059020 0.481647 
1276.025340 0.478759 
1274.991660 0.475870 
1273.957990 0.473035 
1272.924310 0.470147 
1271.890630 0.467311 
1270.856950 0.464423 
1269.823270 0.461587 
1268.789600 0.458699 
1267.755920 0.455811 
1266.722240 0.452975 
1265.688560 0.450087 
1264.654880 0.447251 
1263.621210 0.444363 
1262.587530 0.441475 
1261.553850 0.438639 
1260.520170 0.435751 
1259.486500 0.432915 
1258.452820 0.430027 
1257.419140 0.427139 
1256.385460 0.424303 
1255.351780 0.421415 
1254.318110 0.418579 
1253.284430 0.415691 
1252.250750 0.412855 
1251.217070 0.409967 
1250.183390 0.407079 
1249.149720 0.404243 
1248.116040 0.401355 
1247.082360 0.398519 
1246.048680 0.395631 
1245.015010 0.392690 
1243.981330 0.389434 
1242.947650 0.386126 
1241.913970 0.382818 
1240.880290 0.379510 
1239.846620 0.376201 
1238.812940 0.372893 
1237.779260 0.369637 
1236.745580 0.366329 
1235.711900 0.363021 
1234.678230 0.359712 
1233.644550 0.356404 
1232.610870 0.353148 
1231.577190 0.349840 
1230.543510 0.346532 
1229.509840 0.343223 
1228.476160 0.339915 
1227.442480 0.336607 
1226.408800 0.333351 
1225.375130 0.330043 
1224.341450 0.326734 
1223.307770 0.323426 
1222.274090 0.320118 
1221.240410 0.316862 
1220.206740 0.313554 
1219.173060 0.310245 
1218.139380 0.306937 
1217.105700 0.303629 
1216.072020 0.300320 
1215.038350 0.297065 
1214.004670 0.293756 
1212.970990 0.290448 
1211.937310 0.287140 
1210.903630 0.283831 
1209.869960 0.280523 
1208.836280 0.277267 
1207.802600 0.273959 
1206.768920 0.270651 
1205.735250 0.267342 
1204.701570 0.264034 
1203.667890 0.260778 
1202.634210 0.257470 
1201.600530 0.254162 
1200.566860 0.250853 
1199.533180 0.247545 
1198.499500 0.244237 
1197.465820 0.240981 
1196.432140 0.237200 
1195.398470 0.232789 
1194.364790 0.228325 
1193.331110 0.223914 
1192.297430 0.219451 
1191.263750 0.215040 
1190.230080 0.210576 
1189.196400 0.206165 
1188.162720 0.201701 
1187.129040 0.197290 
1186.095370 0.192827 
1185.061690 0.188416 
1184.028010 0.183952 
1182.994330 0.179541 
1181.960650 0.175130 
1180.926980 0.170666 
1179.893300 0.166255 
1178.859620 0.161792 
1177.825940 0.157381 
1176.792260 0.152917 
1175.758590 0.148506 
1174.724910 0.144042 
1173.691230 0.139631 
1172.657550 0.135168 
1171.623870 0.130757 
1170.590200 0.126293 
1169.556520 0.121882 
1168.522840 0.117418 
1167.489160 0.113533 
1166.455490 0.111537 
1165.421810 0.109489 
1164.388130 0.107494 
1163.354450 0.105446 
1162.320770 0.103450 
1161.287100 0.101402 
1160.253420 0.099354 
1159.219740 0.097359 
1158.186060 0.095311 
1157.152380 0.093315 
1156.118710 0.091267 
1155.085030 0.089272 
1154.051350 0.087224 
1153.017670 0.085176 
1151.983990 0.083180 
1150.950320 0.081132 
1149.916640 0.079137 
1148.882960 0.077089 
1147.849280 0.075093 
1146.815610 0.073045 
1145.781930 0.071050 
1144.748250 0.069002 
1143.714570 0.066954 
1142.680890 0.064958 
1141.647220 0.062910 
1140.613540 0.060915 
1139.579860 0.058867 
1138.546180 0.056871 
1137.512500 0.054823 
1136.478830 0.052775 
1135.445150 0.050780 
1134.411470 0.048732 
1133.377790 0.046736 
1132.344110 0.044688 
1131.310440 0.042693 
1130.276760 0.040645 
1129.243080 0.038649 
1128.209400 0.036601 
1127.175730 0.034553 
1126.142050 0.032558 
1125.108370 0.030510 
1124.074690 0.028514 
1123.041010 0.026466 
1122.007340 0.024471 
1120.973660 0.022423 
1119.939980 0.020375 
1118.906300 0.018379 
1117.872620 0.016331 
1116.838950 0.014336 
1115.805270 0.012288 
1114.771590 0.010292 
1113.737910 0.008244 
1112.704230 0.006249 
1111.670560 0.004201 
1110.636880 0.002153 
1109.603200 0.001155 
1108.569520 0.000945 
1107.535850 0.000735 
1106.502170 0.000525 
1105.468490 0.000315 
1104.434810 0.000158 
1103.401130 -0.000053 
1102.367460 -0.000263 
1101.333780 -0.000473 
1100.300100 -0.000683 
1099.266420 -0.000840 
1098.232740 -0.001050 
1097.199070 -0.001260 
1096.165390 -0.001470 
1095.131710 -0.001628 
1094.098030 -0.001838 
1093.064350 -0.002048 
1092.030680 -0.002258 
1090.997000 -0.002468 
1089.963320 -0.002626 
1088.929640 -0.002836 
1087.895970 -0.003046 
1086.862290 -0.003256 
1085.828610 -0.003466 
1084.794930 -0.003623 
1083.761250 -0.003833 
1082.727580 -0.004043 
1081.693900 -0.004254 
1080.660220 -0.004411 
1079.626540 -0.004621 
1078.592860 -0.004831 
1077.559190 -0.005041 
1076.525510 -0.005251 
1075.491830 -0.004989 
1074.458150 -0.004726 
1073.424470 -0.004464 
1072.390800 -0.004149 
1071.357120 -0.003886 
1070.323440 -0.003623 
1069.289760 -0.003308 
1068.256090 -0.003046 
1067.222410 -0.002783 
1066.188730 -0.002521 
1065.155050 -0.002206 
1064.121370 -0.001943 
1063.087700 -0.001680 
1062.054020 -0.001365 
1061.020340 -0.001103 
1059.986660 -0.000840 
1058.952980 -0.000525 
1057.919310 -0.000263 
1056.885630 0.000000 
1055.851950 0.000263 
1054.818270 0.000578 
1053.784590 0.000840 
1052.750920 0.001103 
1051.717240 0.001418 
1050.683560 0.001680 
1049.649880 0.001943 
1048.616210 0.002258 
1047.582530 0.002521 
1046.548850 0.002783 
1045.515170 0.003098 
1044.481490 0.003361 
1043.447820 0.003623 
1042.414140 0.003886 
1041.380460 0.004201 
1040.346780 0.004464 
1039.313100 0.004726 
1038.279430 0.005041 
1037.245750 0.005304 
1036.212070 0.005566 
1035.178390 0.005881 
1034.144710 0.006144 
1033.111040 0.006407 
1032.077360 0.006669 
1031.043680 0.006984 
1030.010000 0.007247 
1028.976330 0.007509 
1027.942650 0.007824 
1026.908970 0.008087 
1025.875290 0.008350 
1024.841610 0.008665 
1023.807940 0.008927 
1022.774260 0.009190 
1021.740580 0.009452 
1020.706900 0.009767 
1019.673220 0.010030 
1018.639550 0.010292 
1017.605870 0.010608 
1016.572190 0.010870 
1015.538510 0.011133 
1014.504830 0.011448 
1013.471160 0.011710 
1012.437480 0.011973 
1011.403800 0.012288 
1010.370120 0.012551 
1009.336450 0.012813 
1008.302770 0.013076 
1007.269090 0.013391 
1006.235410 0.013653 
1005.201730 0.013916 
1004.168060 0.014231 
1003.134380 0.014494 
1002.100700 0.014756 
1001.067020 0.015071 
1000.033340 0.015334 
998.999670 0.015596 
997.965990 0.015859 
996.932310 0.016174 
995.898630 0.016436 
994.864950 0.016699 
993.831280 0.017014 
992.797600 0.017277 
991.763920 0.017539 
990.730240 0.017854 
989.696570 0.018117 
988.662890 0.018537 
987.629210 0.019272 
986.595530 0.020007 
985.561850 0.020743 
984.528180 0.021425 
983.494500 0.022160 
982.460820 0.022896 
981.427140 0.023631 
980.393460 0.024313 
979.359790 0.025049 
978.326110 0.025784 
977.292430 0.026519 
976.258750 0.027202 
975.225080 0.027937 
974.191400 0.028672 
973.157720 0.029407 
972.124040 0.030090 
971.090360 0.030825 
970.056690 0.031560 
969.023010 0.032295 
967.989330 0.032978 
966.955650 0.033713 
965.921970 0.034448 
964.888300 0.035184 
963.854620 0.035866 
962.820940 0.036601 
961.787260 0.037337 
960.753580 0.038019 
959.719910 0.038754 
958.686230 0.039490 
957.652550 0.040225 
956.618870 0.040907 
955.585200 0.041643 
954.551520 0.042378 
953.517840 0.043113 
952.484160 0.043796 
951.450480 0.044531 
950.416810 0.045266 
949.383130 0.046001 
948.349450 0.046684 
947.315770 0.047419 
946.282090 0.048154 
945.248420 0.049309 
944.214740 0.050570 
943.181060 0.051883 
942.147380 0.053143 
941.113700 0.054456 
940.080030 0.055716 
939.046350 0.057029 
938.012670 0.058289 
936.978990 0.059549 
935.945320 0.060862 
934.911640 0.062123 
933.877960 0.063435 
932.844280 0.064696 
931.810600 0.066009 
930.776930 0.067269 
929.743250 0.068582 
928.709570 0.069842 
927.675890 0.071102 
926.642210 0.072415 
925.608540 0.073675 
924.574860 0.074988 
923.541180 0.076248 
922.507500 0.077561 
921.473820 0.078822 
920.440150 0.080082 
919.406470 0.081395 
918.372790 0.082655 
917.339110 0.083968 
916.305440 0.085228 
915.271760 0.086541 
914.238080 0.087801 
913.204400 0.089114 
912.170720 0.090374 
911.137050 0.091635 
910.103370 0.092948 
909.069690 0.094208 
908.036010 0.095521 
907.002330 0.096781 
905.968660 0.098094 
904.934980 0.099354 
903.901300 0.100667 
902.867620 0.101927 
901.833940 0.103188 
900.800270 0.104500 
899.766590 0.105761 
898.732910 0.107073 
897.699230 0.108334 
896.665560 0.109647 
895.631880 0.110907 
894.598200 0.112167 
893.564520 0.113480 
892.530840 0.112745 
891.497170 0.110592 
890.463490 0.108386 
889.429810 0.106181 
888.396130 0.104028 
887.362450 0.101822 
886.328780 0.099617 
885.295100 0.097464 
884.261420 0.095258 
883.227740 0.093053 
882.194060 0.090900 
881.160390 0.088694 
880.126710 0.086488 
879.093030 0.084335 
878.059350 0.082130 
877.025680 0.079977 
875.992000 0.077771 
874.958320 0.075566 
873.924640 0.073413 
872.890960 0.071207 
871.857290 0.069002 
870.823610 0.066849 
869.789930 0.064643 
868.756250 0.062438 
867.722570 0.060285 
866.688900 0.058079 
865.655220 0.055874 
864.621540 0.053721 
863.587860 0.051515 
862.554180 0.049309 
861.520510 0.047156 
860.486830 0.044951 
859.453150 0.042745 
858.419470 0.044058 
857.385800 0.045581 
856.352120 0.047104 
855.318440 0.048627 
854.284760 0.050150 
853.251080 0.051673 
852.217410 0.053195 
851.183730 0.054718 
850.150050 0.056241 
849.116370 0.057817 
848.082690 0.059339 
847.049020 0.060862 
846.015340 0.062385 
844.981660 0.063908 
843.947980 0.065431 
842.914300 0.066954 
841.880630 0.068477 
840.846950 0.069999 
839.813270 0.071522 
838.779590 0.073045 
837.745920 0.074621 
836.712240 0.076143 
835.678560 0.077666 
834.644880 0.079189 
833.611200 0.080712 
832.577530 0.082235 
831.543850 0.083758 
830.510170 0.085281 
829.476490 0.086804 
828.442810 0.088326 
827.409140 0.089902 
826.375460 0.091425 
825.341780 0.092948 
824.308100 0.094470 
823.274420 0.095993 
822.240750 0.097516 
821.207070 0.099039 
820.173390 0.100562 
819.139710 0.102085 
818.106040 0.103608 
817.072360 0.105183 
816.038680 0.106706 
815.005000 0.108229 
813.971320 0.109752 
812.937650 0.111274 
811.903970 0.112797 
810.870290 0.113533 
809.836610 0.111169 
808.802930 0.108806 
807.769260 0.106443 
806.735580 0.104080 
805.701900 0.101717 
804.668220 0.099354 
803.634540 0.096991 
802.600870 0.094628 
801.567190 0.092265 
800.533510 0.089902 
799.499830 0.087539 
798.466160 0.085176 
797.432480 0.082813 
796.398800 0.080450 
795.365120 0.078086 
794.331440 0.075723 
793.297770 0.073360 
792.264090 0.070997 
791.230410 0.068634 
790.196730 0.066271 
789.163050 0.063908 
788.129380 0.061545 
787.095700 0.059182 
786.062020 0.056819 
785.028340 0.054456 
783.994660 0.052093 
782.960990 0.049730 
781.927310 0.047366 
780.893630 0.045003 
779.859950 0.042640 
778.826280 0.040277 
777.792600 0.037914 
776.758920 0.035551 
775.725240 0.033188 
774.691560 0.030825 
773.657890 0.028462 
772.624210 0.026099 
771.590530 0.024733 
770.556850 0.024576 
769.523170 0.024471 
768.489500 0.024366 
767.455820 0.024261 
766.422140 0.024103 
765.388460 0.023998 
764.354780 0.023893 
763.321110 0.023736 
762.287430 0.023631 
761.253750 0.023526 
760.220070 0.023421 
759.186400 0.023263 
758.152720 0.023158 
757.119040 0.023053 
756.085360 0.022948 
755.051680 0.022791 
754.018010 0.022686 
752.984330 0.022580 
751.950650 0.022423 
750.916970 0.022318 
749.883290 0.022213 
748.849620 0.022108 
747.815940 0.021950 
746.782260 0.021845 
745.748580 0.021740 
744.714900 0.021583 
743.681230 0.021478 
742.647550 0.021373 
741.613870 0.021268 
740.580190 0.021110 
739.546520 0.021005 
738.512840 0.020900 
737.479160 0.020743 
736.445480 0.020638 
735.411800 0.020532 
734.378130 0.020427 
733.344450 0.020270 
732.310770 0.020165 
731.277090 0.020060 
730.243410 0.019955 
729.209740 0.019797 
728.176060 0.019692 
727.142380 0.019587 
726.108700 0.019430 
725.075030 0.019325 
724.041350 0.019220 
723.007670 0.019115 
721.973990 0.018957 
720.940310 0.018852 
719.906640 0.018747 
718.872960 0.018590 
717.839280 0.018484 
716.805600 0.018379 
715.771920 0.018274 
714.738250 0.018117 
713.704570 0.018012 
712.670890 0.017907 
711.637210 0.017802 
710.603530 0.017644 
709.569860 0.017539 
708.536180 0.017434 
707.502500 0.017277 
706.468820 0.017172 
705.435150 0.017067 
704.401470 0.016962 
703.367790 0.016804 
702.334110 0.016699 
701.300430 0.016594 
700.266760 0.016436 
699.233080 0.016331 
698.199400 0.016226 
697.165720 0.016121 
696.132040 0.015964 
695.098370 0.015859 
694.064690 0.015754 
693.031010 0.015596 
691.997330 0.015491 
690.963650 0.015386 
689.929980 0.015281 
688.896300 0.015124 
687.862620 0.015019 
686.828940 0.014914 
685.795270 0.014809 
684.761590 0.014651 
683.727910 0.014546 
682.694230 0.014441 
681.660550 0.014283 
680.626880 0.014178 
679.593200 0.014073 
678.559520 0.013968 
677.525840 0.013811 
676.492160 0.013706 
675.458490 0.013601 
674.424810 0.013443 
673.391130 0.013338 
672.357450 0.013233 
671.323770 0.013128 
670.290100 0.012971 
669.256420 0.012866 
668.222740 0.012761 
667.189060 0.012656 
666.155390 0.012498 
665.121710 0.012393 
664.088030 0.012288 
663.054350 0.012130 
662.020670 0.012025 
660.987000 0.011920 
659.953320 0.011815 
658.919640 0.011658 
657.885960 0.011553 
656.852280 0.011448 
655.818610 0.011290 
654.784930 0.011185 
653.751250 0.011080 
652.717570 0.010975 
651.683890 0.010818 
650.650220 0.010713 
649.616540 0.010608 
648.582860 0.010450 
647.549180 0.010345 
646.515510 0.010240 
645.481830 0.010135 
644.448150 0.009977 
643.414470 0.009872 
642.380790 0.009767 
641.347120 0.009662 
640.313440 0.009505 
639.279760 0.009400 
638.246080 0.009295 
637.212400 0.009137 
636.178730 0.009032 
635.145050 0.008927 
634.111370 0.008822 
633.077690 0.008665 
632.044010 0.008560 
631.010340 0.008455 
629.976660 0.008297 
628.942980 0.008192 
627.909300 0.008087 
626.875630 0.007982 
625.841950 0.007824 
624.808270 0.007719 
623.774590 0.007614 
622.740910 0.007509 
621.707240 0.007352 
620.673560 0.007247 
619.639880 0.007142 
618.606200 0.006984 
617.572520 0.006879 
616.538850 0.006774 
615.505170 0.006669 
614.471490 0.006512 
613.437810 0.006407 
612.404130 0.006302 
611.370460 0.006144 
610.336780 0.006039 
609.303100 0.005934 
608.269420 0.005829 
607.235750 0.005671 
606.202070 0.005566 
605.168390 0.005461 
604.134710 0.005304 
603.101030 0.005199 
602.067360 0.005094 
601.033680 0.004989 
600.000000 0.004831 
