4500.000000 0.000000 
4498.666222 -0.000008 
4497.332444 -0.000098 
4495.998666 -0.000048 
4494.664888 -0.000142 
4493.331110 -0.000142 
4491.997332 -0.000243 
4490.663555 -0.000222 
4489.329777 -0.000214 
4487.995999 -0.000256 
4486.662221 -0.000297 
4485.328443 -0.000375 
4483.994665 -0.000412 
4482.660887 -0.000358 
4481.327109 -0.000395 
4479.993331 -0.000365 
4478.659553 -0.000462 
4477.325775 -0.000474 
4475.991997 -0.000538 
4474.658219 -0.000592 
4473.324441 -0.000677 
4471.990664 -0.000719 
4470.656886 -0.000679 
4469.323108 -0.000732 
4467.989330 -0.000768 
4466.655552 -0.000776 
4465.321774 -0.000864 
4463.987996 -0.000821 
4462.654218 -0.000859 
4461.320440 -0.000900 
4459.986662 -0.000906 
4458.652884 -0.000881 
4457.319106 -0.001017 
4455.985328 -0.000976 
4454.651551 -0.001003 
4453.317773 -0.001024 
4451.983995 -0.001097 
4450.650217 -0.001061 
4449.316439 -0.001110 
4447.982661 -0.001105 
4446.648883 -0.001134 
4445.315105 -0.001117 
4443.981327 -0.001134 
4442.647549 -0.001217 
4441.313771 -0.001258 
4439.979993 -0.001241 
4438.646215 -0.001247 
4437.312437 -0.001211 
4435.978660 -0.001296 
4434.644882 -0.001233 
4433.311104 -0.001260 
4431.977326 -0.001227 
4430.643548 -0.001133 
4429.309770 -0.001190 
4427.975992 -0.001182 
4426.642214 -0.001141 
4425.308436 -0.001164 
4423.974658 -0.001089 
4422.640880 -0.001126 
4421.307102 -0.000988 
4419.973324 -0.000975 
4418.639547 -0.000936 
4417.305769 -0.000922 
4415.971991 -0.000816 
4414.638213 -0.000775 
4413.304435 -0.000671 
4411.970657 -0.000601 
4410.636879 -0.000486 
4409.303101 -0.000385 
4407.969323 -0.000299 
4406.635545 -0.000212 
4405.301767 0.000016 
4403.967989 0.000188 
4402.634211 0.000395 
4401.300433 0.000637 
4399.966656 0.000732 
4398.632878 0.000768 
4397.299100 0.000731 
4395.965322 0.000755 
4394.631544 0.000670 
4393.297766 0.000587 
4391.963988 0.000458 
4390.630210 0.000346 
4389.296432 0.000250 
4387.962654 0.000197 
4386.628876 0.000113 
4385.295098 -0.000064 
4383.961320 -0.000163 
4382.627543 -0.000280 
4381.293765 -0.000324 
4379.959987 -0.000412 
4378.626209 -0.000492 
4377.292431 -0.000431 
4375.958653 -0.000436 
4374.624875 -0.000395 
4373.291097 -0.000351 
4371.957319 -0.000212 
4370.623541 -0.000124 
4369.289763 -0.000023 
4367.955985 0.000033 
4366.622207 0.000140 
4365.288429 0.000216 
4363.954652 0.000273 
4362.620874 0.000304 
4361.287096 0.000415 
4359.953318 0.000417 
4358.619540 0.000524 
4357.285762 0.000506 
4355.951984 0.000467 
4354.618206 0.000477 
4353.284428 0.000341 
4351.950650 0.000265 
4350.616872 0.000223 
4349.283094 0.000116 
4347.949316 0.000081 
4346.615539 0.000047 
4345.281761 -0.000035 
4343.947983 0.000002 
4342.614205 -0.000048 
4341.280427 -0.000069 
4339.946649 -0.000058 
4338.612871 0.000002 
4337.279093 -0.000020 
4335.945315 0.000036 
4334.611537 0.000095 
4333.277759 0.000174 
4331.943981 0.000441 
4330.610203 0.000737 
4329.276425 0.001194 
4327.942648 0.001854 
4326.608870 0.002633 
4325.275092 0.003494 
4323.941314 0.004266 
4322.607536 0.004797 
4321.273758 0.004823 
4319.939980 0.004265 
4318.606202 0.003395 
4317.272424 0.002419 
4315.938646 0.001653 
4314.604868 0.001141 
4313.271090 0.000865 
4311.937312 0.000684 
4310.603535 0.000502 
4309.269757 0.000424 
4307.935979 0.000255 
4306.602201 0.000069 
4305.268423 -0.000004 
4303.934645 -0.000049 
4302.600867 -0.000126 
4301.267089 -0.000175 
4299.933311 -0.000158 
4298.599533 -0.000208 
4297.265755 -0.000255 
4295.931977 -0.000227 
4294.598199 -0.000239 
4293.264421 -0.000123 
4291.930644 -0.000161 
4290.596866 -0.000204 
4289.263088 -0.000185 
4287.929310 -0.000214 
4286.595532 -0.000139 
4285.261754 -0.000129 
4283.927976 -0.000175 
4282.594198 -0.000152 
4281.260420 -0.000097 
4279.926642 -0.000075 
4278.592864 -0.000056 
4277.259086 0.000012 
4275.925308 0.000011 
4274.591531 0.000109 
4273.257753 0.000042 
4271.923975 0.000005 
4270.590197 0.000053 
4269.256419 -0.000023 
4267.922641 -0.000061 
4266.588863 -0.000083 
4265.255085 -0.000103 
4263.921307 -0.000048 
4262.587529 -0.000175 
4261.253751 -0.000186 
4259.919973 -0.000224 
4258.586195 -0.000230 
4257.252417 -0.000200 
4255.918640 -0.000177 
4254.584862 -0.000098 
4253.251084 0.000040 
4251.917306 0.000175 
4250.583528 0.000196 
4249.249750 0.000270 
4247.915972 0.000336 
4246.582194 0.000285 
4245.248416 0.000159 
4243.914638 0.000084 
4242.580860 -0.000014 
4241.247082 -0.000048 
4239.913304 -0.000052 
4238.579527 -0.000060 
4237.245749 -0.000032 
4235.911971 -0.000006 
4234.578193 -0.000005 
4233.244415 0.000034 
4231.910637 0.000019 
4230.576859 0.000065 
4229.243081 0.000080 
4227.909303 0.000123 
4226.575525 0.000105 
4225.241747 0.000134 
4223.907969 0.000185 
4222.574191 0.000175 
4221.240413 0.000217 
4219.906636 0.000290 
4218.572858 0.000307 
4217.239080 0.000301 
4215.905302 0.000328 
4214.571524 0.000300 
4213.237746 0.000381 
4211.903968 0.000358 
4210.570190 0.000340 
4209.236412 0.000396 
4207.902634 0.000430 
4206.568856 0.000433 
4205.235078 0.000471 
4203.901300 0.000550 
4202.567523 0.000584 
4201.233745 0.000562 
4199.899967 0.000625 
4198.566189 0.000620 
4197.232411 0.000673 
4195.898633 0.000647 
4194.564855 0.000691 
4193.231077 0.000710 
4191.897299 0.000758 
4190.563521 0.000772 
4189.229743 0.000883 
4187.895965 0.000904 
4186.562187 0.000930 
4185.228409 0.000938 
4183.894632 0.001038 
4182.560854 0.001156 
4181.227076 0.001292 
4179.893298 0.001375 
4178.559520 0.001409 
4177.225742 0.001508 
4175.891964 0.001448 
4174.558186 0.001510 
4173.224408 0.001543 
4171.890630 0.001744 
4170.556852 0.002069 
4169.223074 0.002492 
4167.889296 0.002984 
4166.555519 0.003589 
4165.221741 0.004272 
4163.887963 0.004842 
4162.554185 0.005346 
4161.220407 0.005473 
4159.886629 0.005253 
4158.552851 0.004649 
4157.219073 0.003733 
4155.885295 0.002746 
4154.551517 0.001961 
4153.217739 0.001494 
4151.883961 0.001246 
4150.550183 0.001170 
4149.216405 0.001138 
4147.882628 0.001062 
4146.548850 0.001071 
4145.215072 0.001033 
4143.881294 0.000999 
4142.547516 0.000970 
4141.213738 0.000918 
4139.879960 0.000950 
4138.546182 0.000884 
4137.212404 0.000932 
4135.878626 0.001035 
4134.544848 0.001154 
4133.211070 0.001322 
4131.877292 0.001553 
4130.543515 0.001812 
4129.209737 0.002085 
4127.875959 0.002299 
4126.542181 0.002377 
4125.208403 0.002349 
4123.874625 0.002266 
4122.540847 0.002077 
4121.207069 0.001895 
4119.873291 0.001705 
4118.539513 0.001516 
4117.205735 0.001405 
4115.871957 0.001387 
4114.538179 0.001302 
4113.204401 0.001260 
4111.870624 0.001236 
4110.536846 0.001170 
4109.203068 0.001193 
4107.869290 0.001245 
4106.535512 0.001133 
4105.201734 0.001128 
4103.867956 0.001098 
4102.534178 0.001029 
4101.200400 0.001004 
4099.866622 0.000924 
4098.532844 0.000818 
4097.199066 0.000785 
4095.865288 0.000787 
4094.531511 0.000727 
4093.197733 0.000731 
4091.863955 0.000662 
4090.530177 0.000653 
4089.196399 0.000619 
4087.862621 0.000565 
4086.528843 0.000554 
4085.195065 0.000567 
4083.861287 0.000535 
4082.527509 0.000533 
4081.193731 0.000642 
4079.859953 0.000735 
4078.526175 0.000987 
4077.192397 0.001356 
4075.858620 0.001740 
4074.524842 0.001939 
4073.191064 0.001931 
4071.857286 0.001769 
4070.523508 0.001744 
4069.189730 0.002008 
4067.855952 0.002558 
4066.522174 0.003327 
4065.188396 0.004070 
4063.854618 0.004073 
4062.520840 0.003384 
4061.187062 0.002244 
4059.853284 0.001289 
4058.519507 0.000692 
4057.185729 0.000397 
4055.851951 0.000328 
4054.518173 0.000270 
4053.184395 0.000262 
4051.850617 0.000209 
4050.516839 0.000113 
4049.183061 0.000117 
4047.849283 0.000098 
4046.515505 0.000086 
4045.181727 0.000090 
4043.847949 0.000097 
4042.514171 0.000125 
4041.180393 0.000060 
4039.846616 0.000049 
4038.512838 0.000059 
4037.179060 0.000031 
4035.845282 0.000033 
4034.511504 0.000005 
4033.177726 0.000001 
4031.843948 0.000040 
4030.510170 0.000064 
4029.176392 0.000023 
4027.842614 0.000019 
4026.508836 -0.000016 
4025.175058 0.000000 
4023.841280 0.000020 
4022.507503 0.000005 
4021.173725 0.000006 
4019.839947 -0.000019 
4018.506169 0.000013 
4017.172391 0.000023 
4015.838613 -0.000007 
4014.504835 -0.000022 
4013.171057 -0.000008 
4011.837279 -0.000016 
4010.503501 -0.000013 
4009.169723 0.000009 
4007.835945 -0.000010 
4006.502167 0.000060 
4005.168389 -0.000023 
4003.834612 -0.000009 
4002.500834 -0.000006 
4001.167056 -0.000001 
3999.833278 -0.000029 
3998.499500 -0.000043 
3997.165722 -0.000048 
3995.831944 -0.000047 
3994.498166 -0.000043 
3993.164388 -0.000076 
3991.830610 -0.000064 
3990.496832 -0.000039 
3989.163054 -0.000067 
3987.829276 -0.000077 
3986.495498 -0.000048 
3985.161721 -0.000020 
3983.827943 -0.000023 
3982.494165 -0.000032 
3981.160387 0.000004 
3979.826609 0.000046 
3978.492831 0.000047 
3977.159053 0.000099 
3975.825275 0.000153 
3974.491497 0.000188 
3973.157719 0.000219 
3971.823941 0.000274 
3970.490163 0.000304 
3969.156385 0.000282 
3967.822608 0.000300 
3966.488830 0.000296 
3965.155052 0.000261 
3963.821274 0.000234 
3962.487496 0.000209 
3961.153718 0.000116 
3959.819940 0.000036 
3958.486162 0.000012 
3957.152384 0.000008 
3955.818606 0.000021 
3954.484828 0.000007 
3953.151050 -0.000001 
3951.817272 -0.000005 
3950.483494 -0.000005 
3949.149717 0.000003 
3947.815939 -0.000023 
3946.482161 -0.000022 
3945.148383 -0.000026 
3943.814605 -0.000016 
3942.480827 -0.000040 
3941.147049 -0.000058 
3939.813271 -0.000004 
3938.479493 0.000017 
3937.145715 -0.000027 
3935.811937 0.000020 
3934.478159 0.000044 
3933.144381 0.000067 
3931.810604 0.000062 
3930.476826 0.000001 
3929.143048 -0.000066 
3927.809270 -0.000039 
3926.475492 -0.000017 
3925.141714 -0.000047 
3923.807936 -0.000065 
3922.474158 -0.000030 
3921.140380 0.000104 
3919.806602 0.000137 
3918.472824 0.000237 
3917.139046 0.000189 
3915.805268 0.000094 
3914.471490 0.000039 
3913.137713 0.000014 
3911.803935 -0.000017 
3910.470157 -0.000025 
3909.136379 -0.000068 
3907.802601 0.000002 
3906.468823 0.000005 
3905.135045 0.000161 
3903.801267 0.000122 
3902.467489 0.000145 
3901.133711 0.000117 
3899.799933 0.000089 
3898.466155 0.000022 
3897.132377 -0.000045 
3895.798600 -0.000035 
3894.464822 -0.000016 
3893.131044 0.000103 
3891.797266 0.000143 
3890.463488 0.000031 
3889.129710 -0.000007 
3887.795932 0.000103 
3886.462154 0.000181 
3885.128376 0.000072 
3883.794598 0.000009 
3882.460820 0.000021 
3881.127042 0.000105 
3879.793264 0.000059 
3878.459486 -0.000009 
3877.125709 0.000024 
3875.791931 0.000149 
3874.458153 0.000171 
3873.124375 0.000195 
3871.790597 0.000395 
3870.456819 0.000530 
3869.123041 0.000291 
3867.789263 0.000170 
3866.455485 0.000300 
3865.121707 0.000134 
3863.787929 0.000079 
3862.454151 0.000052 
3861.120373 -0.000079 
3859.786596 -0.000083 
3858.452818 -0.000021 
3857.119040 -0.000073 
3855.785262 0.000495 
3854.451484 0.000393 
3853.117706 0.000387 
3851.783928 0.000046 
3850.450150 -0.000051 
3849.116372 -0.000154 
3847.782594 -0.000148 
3846.448816 -0.000178 
3845.115038 -0.000046 
3843.781260 -0.000078 
3842.447482 -0.000049 
3841.113705 -0.000058 
3839.779927 0.000111 
3838.446149 0.000255 
3837.112371 -0.000029 
3835.778593 0.000051 
3834.444815 -0.000027 
3833.111037 0.000023 
3831.777259 -0.000029 
3830.443481 -0.000140 
3829.109703 -0.000074 
3827.775925 -0.000022 
3826.442147 -0.000084 
3825.108369 -0.000042 
3823.774592 0.000012 
3822.440814 0.000207 
3821.107036 0.000082 
3819.773258 -0.000028 
3818.439480 -0.000034 
3817.105702 0.000333 
3815.771924 0.000059 
3814.438146 -0.000037 
3813.104368 -0.000045 
3811.770590 -0.000080 
3810.436812 -0.000038 
3809.103034 -0.000007 
3807.769256 0.000246 
3806.435478 0.000076 
3805.101701 0.000005 
3803.767923 0.000059 
3802.434145 0.000418 
3801.100367 0.000100 
3799.766589 -0.000021 
3798.432811 -0.000049 
3797.099033 0.000014 
3795.765255 -0.000097 
3794.431477 -0.000117 
3793.097699 -0.000173 
3791.763921 -0.000157 
3790.430143 -0.000140 
3789.096365 -0.000150 
3787.762588 -0.000139 
3786.428810 -0.000106 
3785.095032 -0.000102 
3783.761254 -0.000093 
3782.427476 -0.000023 
3781.093698 0.000093 
3779.759920 0.000107 
3778.426142 0.000155 
3777.092364 0.000202 
3775.758586 0.000297 
3774.424808 0.000379 
3773.091030 0.000499 
3771.757252 0.000651 
3770.423474 0.000748 
3769.089697 0.000608 
3767.755919 0.000479 
3766.422141 0.000328 
3765.088363 0.000083 
3763.754585 -0.000053 
3762.420807 -0.000130 
3761.087029 -0.000064 
3759.753251 -0.000118 
3758.419473 -0.000075 
3757.085695 -0.000130 
3755.751917 -0.000166 
3754.418139 -0.000101 
3753.084361 0.000305 
3751.750584 0.000039 
3750.416806 0.000357 
3749.083028 0.000069 
3747.749250 -0.000078 
3746.415472 0.000327 
3745.081694 0.000508 
3743.747916 0.000015 
3742.414138 -0.000035 
3741.080360 -0.000143 
3739.746582 -0.000090 
3738.412804 0.000050 
3737.079026 0.000110 
3735.745248 0.000110 
3734.411470 -0.000077 
3733.077693 0.000100 
3731.743915 -0.000065 
3730.410137 -0.000104 
3729.076359 -0.000096 
3727.742581 0.000014 
3726.408803 -0.000026 
3725.075025 -0.000062 
3723.741247 0.000001 
3722.407469 -0.000043 
3721.073691 -0.000061 
3719.739913 -0.000027 
3718.406135 0.000035 
3717.072357 0.000180 
3715.738580 0.000527 
3714.404802 0.000892 
3713.071024 0.001191 
3711.737246 0.000741 
3710.403468 0.000401 
3709.069690 0.000038 
3707.735912 -0.000143 
3706.402134 -0.000161 
3705.068356 -0.000142 
3703.734578 -0.000104 
3702.400800 0.000002 
3701.067022 -0.000081 
3699.733244 -0.000046 
3698.399466 0.000007 
3697.065689 0.000057 
3695.731911 0.000131 
3694.398133 0.000208 
3693.064355 0.000335 
3691.730577 0.000348 
3690.396799 0.000230 
3689.063021 0.000366 
3687.729243 0.000012 
3686.395465 -0.000083 
3685.061687 -0.000059 
3683.727909 -0.000064 
3682.394131 -0.000031 
3681.060353 -0.000009 
3679.726576 0.000008 
3678.392798 0.000020 
3677.059020 0.000411 
3675.725242 0.000341 
3674.391464 0.000154 
3673.057686 0.000082 
3671.723908 0.000422 
3670.390130 0.000254 
3669.056352 0.000151 
3667.722574 0.000096 
3666.388796 0.000050 
3665.055018 0.000036 
3663.721240 0.000040 
3662.387462 0.000058 
3661.053685 0.000031 
3659.719907 0.000040 
3658.386129 0.000094 
3657.052351 0.000297 
3655.718573 0.000168 
3654.384795 0.000100 
3653.051017 0.000148 
3651.717239 0.000299 
3650.383461 0.000540 
3649.049683 0.000368 
3647.715905 0.000305 
3646.382127 0.000224 
3645.048349 0.000150 
3643.714572 0.000118 
3642.380794 0.000125 
3641.047016 0.000153 
3639.713238 0.000126 
3638.379460 0.000094 
3637.045682 0.000066 
3635.711904 0.000104 
3634.378126 0.000071 
3633.044348 0.000032 
3631.710570 0.000027 
3630.376792 0.000338 
3629.043014 0.000279 
3627.709236 0.000107 
3626.375458 0.000035 
3625.041681 -0.000034 
3623.707903 0.000010 
3622.374125 0.000079 
3621.040347 0.000151 
3619.706569 0.000087 
3618.372791 -0.000014 
3617.039013 -0.000093 
3615.705235 -0.000058 
3614.371457 -0.000087 
3613.037679 -0.000036 
3611.703901 -0.000135 
3610.370123 0.000052 
3609.036345 -0.000060 
3607.702568 -0.000091 
3606.368790 -0.000153 
3605.035012 -0.000208 
3603.701234 -0.000191 
3602.367456 -0.000161 
3601.033678 -0.000182 
3599.699900 -0.000184 
3598.366122 -0.000165 
3597.032344 -0.000188 
3595.698566 -0.000167 
3594.364788 -0.000160 
3593.031010 -0.000220 
3591.697232 -0.000195 
3590.363454 -0.000069 
3589.029677 0.000008 
3587.695899 0.000059 
3586.362121 -0.000119 
3585.028343 -0.000148 
3583.694565 -0.000195 
3582.360787 -0.000198 
3581.027009 -0.000161 
3579.693231 -0.000172 
3578.359453 -0.000180 
3577.025675 -0.000148 
3575.691897 -0.000161 
3574.358119 -0.000109 
3573.024341 -0.000108 
3571.690564 -0.000118 
3570.356786 -0.000087 
3569.023008 0.000020 
3567.689230 0.000052 
3566.355452 -0.000015 
3565.021674 -0.000047 
3563.687896 -0.000039 
3562.354118 -0.000028 
3561.020340 -0.000017 
3559.686562 0.000028 
3558.352784 -0.000008 
3557.019006 -0.000017 
3555.685228 -0.000009 
3554.351450 -0.000024 
3553.017673 -0.000039 
3551.683895 -0.000061 
3550.350117 -0.000058 
3549.016339 -0.000040 
3547.682561 -0.000035 
3546.348783 -0.000041 
3545.015005 -0.000069 
3543.681227 -0.000085 
3542.347449 -0.000113 
3541.013671 -0.000127 
3539.679893 -0.000115 
3538.346115 -0.000112 
3537.012337 -0.000099 
3535.678560 -0.000161 
3534.344782 -0.000113 
3533.011004 -0.000136 
3531.677226 -0.000099 
3530.343448 -0.000112 
3529.009670 -0.000143 
3527.675892 -0.000148 
3526.342114 -0.000122 
3525.008336 -0.000156 
3523.674558 -0.000172 
3522.340780 -0.000130 
3521.007002 -0.000191 
3519.673224 -0.000168 
3518.339446 -0.000134 
3517.005669 -0.000169 
3515.671891 -0.000179 
3514.338113 -0.000133 
3513.004335 -0.000169 
3511.670557 -0.000119 
3510.336779 -0.000126 
3509.003001 -0.000143 
3507.669223 -0.000127 
3506.335445 -0.000088 
3505.001667 -0.000078 
3503.667889 -0.000086 
3502.334111 -0.000071 
3501.000333 -0.000100 
3499.666556 -0.000084 
3498.332778 -0.000064 
3496.999000 -0.000074 
3495.665222 -0.000030 
3494.331444 -0.000065 
3492.997666 -0.000056 
3491.663888 -0.000043 
3490.330110 -0.000043 
3488.996332 0.000012 
3487.662554 0.000005 
3486.328776 -0.000000 
3484.994998 -0.000017 
3483.661220 0.000019 
3482.327442 0.000021 
3480.993665 0.000033 
3479.659887 0.000038 
3478.326109 0.000016 
3476.992331 0.000025 
3475.658553 0.000076 
3474.324775 0.000074 
3472.990997 0.000084 
3471.657219 0.000069 
3470.323441 0.000085 
3468.989663 0.000095 
3467.655885 0.000081 
3466.322107 0.000116 
3464.988329 0.000108 
3463.654552 0.000108 
3462.320774 0.000081 
3460.986996 0.000091 
3459.653218 0.000089 
3458.319440 0.000111 
3456.985662 0.000124 
3455.651884 0.000127 
3454.318106 0.000143 
3452.984328 0.000132 
3451.650550 0.000112 
3450.316772 0.000110 
3448.982994 0.000121 
3447.649216 0.000126 
3446.315438 0.000153 
3444.981661 0.000146 
3443.647883 0.000161 
3442.314105 0.000176 
3440.980327 0.000170 
3439.646549 0.000130 
3438.312771 0.000098 
3436.978993 0.000081 
3435.645215 0.000085 
3434.311437 0.000090 
3432.977659 0.000089 
3431.643881 -0.000460 
3430.310103 0.000360 
3428.976325 -0.000240 
3427.642548 -0.000089 
3426.308770 0.000047 
3424.974992 -0.000044 
3423.641214 -0.000051 
3422.307436 -0.000011 
3420.973658 -0.000042 
3419.639880 0.000003 
3418.306102 -0.000015 
3416.972324 -0.000022 
3415.638546 -0.000136 
3414.304768 -0.000062 
3412.970990 -0.000112 
3411.637212 0.000024 
3410.303434 0.000073 
3408.969657 0.000073 
3407.635879 0.000042 
3406.302101 0.000061 
3404.968323 0.000047 
3403.634545 0.000058 
3402.300767 0.000059 
3400.966989 0.000042 
3399.633211 0.000095 
3398.299433 0.000107 
3396.965655 0.000123 
3395.631877 0.000146 
3394.298099 0.000147 
3392.964321 0.000131 
3391.630544 0.000138 
3390.296766 0.000177 
3388.962988 0.000158 
3387.629210 0.000177 
3386.295432 0.000148 
3384.961654 0.000185 
3383.627876 0.000204 
3382.294098 0.000254 
3380.960320 0.000308 
3379.626542 0.000366 
3378.292764 0.000349 
3376.958986 0.000253 
3375.625208 0.000142 
3374.291430 0.000046 
3372.957653 0.000064 
3371.623875 -0.000007 
3370.290097 -0.000015 
3368.956319 0.000023 
3367.622541 0.000005 
3366.288763 0.000014 
3364.954985 -0.000017 
3363.621207 -0.000022 
3362.287429 -0.000035 
3360.953651 -0.000037 
3359.619873 -0.000048 
3358.286095 -0.000032 
3356.952317 -0.000041 
3355.618540 -0.000069 
3354.284762 -0.000074 
3352.950984 -0.000097 
3351.617206 -0.000095 
3350.283428 -0.000122 
3348.949650 -0.000083 
3347.615872 -0.000079 
3346.282094 -0.000098 
3344.948316 -0.000094 
3343.614538 -0.000087 
3342.280760 -0.000063 
3340.946982 -0.000090 
3339.613204 -0.000083 
3338.279426 -0.000030 
3336.945649 -0.000052 
3335.611871 -0.000022 
3334.278093 0.000001 
3332.944315 -0.000052 
3331.610537 -0.000056 
3330.276759 -0.000043 
3328.942981 -0.000098 
3327.609203 -0.000109 
3326.275425 -0.000119 
3324.941647 -0.000090 
3323.607869 -0.000087 
3322.274091 -0.000104 
3320.940313 -0.000071 
3319.606536 -0.000091 
3318.272758 -0.000062 
3316.938980 -0.000057 
3315.605202 -0.000035 
3314.271424 -0.000027 
3312.937646 -0.000003 
3311.603868 -0.000009 
3310.270090 0.000000 
3308.936312 0.000007 
3307.602534 0.000039 
3306.268756 0.000001 
3304.934978 0.000059 
3303.601200 0.000046 
3302.267422 0.000035 
3300.933645 0.000022 
3299.599867 0.000029 
3298.266089 -0.000004 
3296.932311 -0.000026 
3295.598533 -0.000056 
3294.264755 0.000000 
3292.930977 -0.000027 
3291.597199 -0.000039 
3290.263421 -0.000019 
3288.929643 -0.000055 
3287.595865 -0.000039 
3286.262087 -0.000071 
3284.928309 -0.000066 
3283.594532 -0.000009 
3282.260754 -0.000040 
3280.926976 -0.000025 
3279.593198 -0.000009 
3278.259420 0.000005 
3276.925642 0.000025 
3275.591864 0.000089 
3274.258086 0.000116 
3272.924308 0.000159 
3271.590530 0.000210 
3270.256752 0.000312 
3268.922974 0.000350 
3267.589196 0.000488 
3266.255418 0.000602 
3264.921641 0.000679 
3263.587863 0.000766 
3262.254085 0.000862 
3260.920307 0.000951 
3259.586529 0.000988 
3258.252751 0.001006 
3256.918973 0.001019 
3255.585195 0.000971 
3254.251417 0.000934 
3252.917639 0.000811 
3251.583861 0.000684 
3250.250083 0.000555 
3248.916305 0.000391 
3247.582528 0.000244 
3246.248750 0.000164 
3244.914972 0.000096 
3243.581194 0.000034 
3242.247416 0.000006 
3240.913638 -0.000002 
3239.579860 -0.000013 
3238.246082 0.000006 
3236.912304 0.000000 
3235.578526 0.000009 
3234.244748 0.000017 
3232.910970 0.000040 
3231.577192 0.000045 
3230.243414 0.000052 
3228.909637 0.000055 
3227.575859 0.000089 
3226.242081 0.000148 
3224.908303 0.000149 
3223.574525 0.000205 
3222.240747 0.000216 
3220.906969 0.000233 
3219.573191 0.000252 
3218.239413 0.000248 
3216.905635 0.000295 
3215.571857 0.000316 
3214.238079 0.000325 
3212.904301 0.000354 
3211.570524 0.000387 
3210.236746 0.000386 
3208.902968 0.000391 
3207.569190 0.000405 
3206.235412 0.000387 
3204.901634 0.000411 
3203.567856 0.000397 
3202.234078 0.000401 
3200.900300 0.000379 
3199.566522 0.000365 
3198.232744 0.000373 
3196.898966 0.000387 
3195.565188 0.000385 
3194.231410 0.000412 
3192.897633 0.000391 
3191.563855 0.000410 
3190.230077 0.000414 
3188.896299 0.000424 
3187.562521 0.000416 
3186.228743 0.000427 
3184.894965 0.000432 
3183.561187 0.000432 
3182.227409 0.000432 
3180.893631 0.000419 
3179.559853 0.000394 
3178.226075 0.000358 
3176.892297 0.000351 
3175.558520 0.000332 
3174.224742 0.000358 
3172.890964 0.000316 
3171.557186 0.000311 
3170.223408 0.000300 
3168.889630 0.000280 
3167.555852 0.000295 
3166.222074 0.000268 
3164.888296 0.000261 
3163.554518 0.000243 
3162.220740 0.000238 
3160.886962 0.000236 
3159.553184 0.000212 
3158.219406 0.000161 
3156.885629 0.000186 
3155.551851 0.000167 
3154.218073 0.000148 
3152.884295 0.000131 
3151.550517 0.000122 
3150.216739 0.000095 
3148.882961 0.000084 
3147.549183 0.000096 
3146.215405 0.000094 
3144.881627 0.000092 
3143.547849 0.000072 
3142.214071 0.000057 
3140.880293 0.000021 
3139.546516 0.000017 
3138.212738 0.000029 
3136.878960 0.000018 
3135.545182 0.000004 
3134.211404 -0.000017 
3132.877626 -0.000046 
3131.543848 -0.000090 
3130.210070 -0.000052 
3128.876292 -0.000069 
3127.542514 -0.000110 
3126.208736 -0.000100 
3124.874958 -0.000098 
3123.541180 -0.000159 
3122.207402 -0.000148 
3120.873625 -0.000127 
3119.539847 -0.000074 
3118.206069 -0.000074 
3116.872291 -0.000029 
3115.538513 -0.000024 
3114.204735 -0.000056 
3112.870957 0.000029 
3111.537179 0.000099 
3110.203401 0.000121 
3108.869623 0.000162 
3107.535845 0.000191 
3106.202067 0.000173 
3104.868289 0.000182 
3103.534512 0.000255 
3102.200734 0.000297 
3100.866956 0.000315 
3099.533178 0.000358 
3098.199400 0.000372 
3096.865622 0.000289 
3095.531844 0.000278 
3094.198066 0.000376 
3092.864288 0.000425 
3091.530510 0.000431 
3090.196732 0.000445 
3088.862954 0.000488 
3087.529176 0.000373 
3086.195398 0.000398 
3084.861621 0.000503 
3083.527843 0.000589 
3082.194065 0.000613 
3080.860287 0.000664 
3079.526509 0.000663 
3078.192731 0.000621 
3076.858953 0.000686 
3075.525175 0.000781 
3074.191397 0.000849 
3072.857619 0.000900 
3071.523841 0.000956 
3070.190063 0.001017 
3068.856285 0.001000 
3067.522508 0.001019 
3066.188730 0.001132 
3064.854952 0.001233 
3063.521174 0.001289 
3062.187396 0.001317 
3060.853618 0.001386 
3059.519840 0.001340 
3058.186062 0.001330 
3056.852284 0.001459 
3055.518506 0.001529 
3054.184728 0.001559 
3052.850950 0.001638 
3051.517172 0.001653 
3050.183394 0.001739 
3048.849617 0.001758 
3047.515839 0.001846 
3046.182061 0.001878 
3044.848283 0.001957 
3043.514505 0.001984 
3042.180727 0.002075 
3040.846949 0.002112 
3039.513171 0.002167 
3038.179393 0.002239 
3036.845615 0.002288 
3035.511837 0.002328 
3034.178059 0.002366 
3032.844281 0.002458 
3031.510504 0.002517 
3030.176726 0.002560 
3028.842948 0.002655 
3027.509170 0.002768 
3026.175392 0.002879 
3024.841614 0.003031 
3023.507836 0.003172 
3022.174058 0.003338 
3020.840280 0.003563 
3019.506502 0.003506 
3018.172724 0.003494 
3016.838946 0.003719 
3015.505168 0.003902 
3014.171390 0.004099 
3012.837613 0.004241 
3011.503835 0.004366 
3010.170057 0.004472 
3008.836279 0.004610 
3007.502501 0.004795 
3006.168723 0.004953 
3004.834945 0.005155 
3003.501167 0.005412 
3002.167389 0.005643 
3000.833611 0.005937 
2999.499833 0.006286 
2998.166055 0.006708 
2996.832277 0.007231 
2995.498499 0.007812 
2994.164722 0.008547 
2992.830944 0.009476 
2991.497166 0.010624 
2990.163388 0.012189 
2988.829610 0.014517 
2987.495832 0.018078 
2986.162054 0.023725 
2984.828276 0.032832 
2983.494498 0.047113 
2982.160720 0.068347 
2980.826942 0.097932 
2979.493164 0.136981 
2978.159386 0.186298 
2976.825609 0.245867 
2975.491831 0.313834 
2974.158053 0.383556 
2972.824275 0.439153 
2971.490497 0.448504 
2970.156719 0.376647 
2968.822941 0.248439 
2967.489163 0.140407 
2966.155385 0.079053 
2964.821607 0.050079 
2963.487829 0.037884 
2962.154051 0.033726 
2960.820273 0.033429 
2959.486495 0.034545 
2958.152718 0.035676 
2956.818940 0.035697 
2955.485162 0.033863 
2954.151384 0.030249 
2952.817606 0.026246 
2951.483828 0.024248 
2950.150050 0.026107 
2948.816272 0.032754 
2947.482494 0.044480 
2946.148716 0.059698 
2944.814938 0.074980 
2943.481160 0.085694 
2942.147382 0.088546 
2940.813605 0.083607 
2939.479827 0.074174 
2938.146049 0.063784 
2936.812271 0.054636 
2935.478493 0.047416 
2934.144715 0.042100 
2932.810937 0.038252 
2931.477159 0.035513 
2930.143381 0.033467 
2928.809603 0.031871 
2927.475825 0.030609 
2926.142047 0.029637 
2924.808269 0.028825 
2923.474491 0.028113 
2922.140714 0.027535 
2920.806936 0.027052 
2919.473158 0.026671 
2918.139380 0.026346 
2916.805602 0.026108 
2915.471824 0.025923 
2914.138046 0.025841 
2912.804268 0.026035 
2911.470490 0.026276 
2910.136712 0.026321 
2908.802934 0.026137 
2907.469156 0.025568 
2906.135378 0.024497 
2904.801601 0.022956 
2903.467823 0.020931 
2902.134045 0.018638 
2900.800267 0.016268 
2899.466489 0.014061 
2898.132711 0.012168 
2896.798933 0.010579 
2895.465155 0.009384 
2894.131377 0.008554 
2892.797599 0.008076 
2891.463821 0.007980 
2890.130043 0.008545 
2888.796265 0.010450 
2887.462487 0.015515 
2886.128710 0.027242 
2884.794932 0.049905 
2883.461154 0.085044 
2882.127376 0.128485 
2880.793598 0.165108 
2879.459820 0.166822 
2878.126042 0.125354 
2876.792264 0.071420 
2875.458486 0.033936 
2874.124708 0.016194 
2872.790930 0.009079 
2871.457152 0.006030 
2870.123374 0.004530 
2868.789597 0.003756 
2867.455819 0.003350 
2866.122041 0.003129 
2864.788263 0.003050 
2863.454485 0.003040 
2862.120707 0.003103 
2860.786929 0.003175 
2859.453151 0.003288 
2858.119373 0.003336 
2856.785595 0.003442 
2855.451817 0.003515 
2854.118039 0.003627 
2852.784261 0.003654 
2851.450483 0.003753 
2850.116706 0.003812 
2848.782928 0.003754 
2847.449150 0.003471 
2846.115372 0.003357 
2844.781594 0.003614 
2843.447816 0.003862 
2842.114038 0.003990 
2840.780260 0.004074 
2839.446482 0.004018 
2838.112704 0.003976 
2836.778926 0.003829 
2835.445148 0.003674 
2834.111370 0.003496 
2832.777593 0.003313 
2831.443815 0.003129 
2830.110037 0.003038 
2828.776259 0.002944 
2827.442481 0.002891 
2826.108703 0.002859 
2824.774925 0.002895 
2823.441147 0.002911 
2822.107369 0.002945 
2820.773591 0.003003 
2819.439813 0.002976 
2818.106035 0.002818 
2816.772257 0.002482 
2815.438479 0.001914 
2814.104702 0.001336 
2812.770924 0.000775 
2811.437146 0.000378 
2810.103368 0.000137 
2808.769590 0.000031 
2807.435812 -0.000034 
2806.102034 -0.000069 
2804.768256 -0.000088 
2803.434478 -0.000143 
2802.100700 -0.000150 
2800.766922 -0.000160 
2799.433144 -0.000182 
2798.099366 -0.000156 
2796.765589 -0.000162 
2795.431811 -0.000152 
2794.098033 -0.000148 
2792.764255 -0.000129 
2791.430477 -0.000105 
2790.096699 -0.000087 
2788.762921 -0.000043 
2787.429143 -0.000010 
2786.095365 -0.000022 
2784.761587 -0.000022 
2783.427809 -0.000014 
2782.094031 -0.000015 
2780.760253 -0.000022 
2779.426475 -0.000038 
2778.092698 -0.000034 
2776.758920 -0.000027 
2775.425142 -0.000035 
2774.091364 -0.000022 
2772.757586 -0.000030 
2771.423808 -0.000038 
2770.090030 -0.000004 
2768.756252 0.000041 
2767.422474 0.000081 
2766.088696 0.000128 
2764.754918 0.000189 
2763.421140 0.000227 
2762.087362 0.000232 
2760.753585 0.000270 
2759.419807 0.000313 
2758.086029 0.000299 
2756.752251 0.000309 
2755.418473 0.000313 
2754.084695 0.000288 
2752.750917 0.000259 
2751.417139 0.000250 
2750.083361 0.000202 
2748.749583 0.000202 
2747.415805 0.000268 
2746.082027 0.000490 
2744.748249 0.000828 
2743.414471 0.001260 
2742.080694 0.001740 
2740.746916 0.002431 
2739.413138 0.003821 
2738.079360 0.007382 
2736.745582 0.011129 
2735.411804 0.010204 
2734.078026 0.005931 
2732.744248 0.002452 
2731.410470 0.001140 
2730.076692 0.000945 
2728.742914 0.000798 
2727.409136 0.000511 
2726.075358 0.000250 
2724.741581 0.000149 
2723.407803 0.000100 
2722.074025 0.000059 
2720.740247 0.000056 
2719.406469 0.000054 
2718.072691 0.000053 
2716.738913 0.000078 
2715.405135 0.000035 
2714.071357 0.000000 
2712.737579 0.000009 
2711.403801 0.000014 
2710.070023 0.000019 
2708.736245 0.000018 
2707.402467 0.000008 
2706.068690 0.000016 
2704.734912 0.000044 
2703.401134 0.000003 
2702.067356 0.000012 
2700.733578 0.000026 
2699.399800 0.000025 
2698.066022 0.000008 
2696.732244 0.000005 
2695.398466 0.000002 
2694.064688 0.000031 
2692.730910 0.000013 
2691.397132 0.000016 
2690.063354 0.000010 
2688.729577 -0.000014 
2687.395799 -0.000009 
2686.062021 -0.000009 
2684.728243 0.000001 
2683.394465 -0.000026 
2682.060687 0.000005 
2680.726909 -0.000019 
2679.393131 -0.000026 
2678.059353 -0.000014 
2676.725575 -0.000026 
2675.391797 -0.000013 
2674.058019 -0.000016 
2672.724241 -0.000017 
2671.390463 -0.000026 
2670.056686 -0.000011 
2668.722908 0.000030 
2667.389130 0.000083 
2666.055352 0.000145 
2664.721574 0.000251 
2663.387796 0.000335 
2662.054018 0.000465 
2660.720240 0.000552 
2659.386462 0.000686 
2658.052684 0.000783 
2656.718906 0.000872 
2655.385128 0.001004 
2654.051350 0.001139 
2652.717573 0.001279 
2651.383795 0.001417 
2650.050017 0.001599 
2648.716239 0.001761 
2647.382461 0.001915 
2646.048683 0.002006 
2644.714905 0.001982 
2643.381127 0.001899 
2642.047349 0.001683 
2640.713571 0.001380 
2639.379793 0.001072 
2638.046015 0.000779 
2636.712237 0.000496 
2635.378459 0.000321 
2634.044682 0.000160 
2632.710904 0.000062 
2631.377126 -0.000005 
2630.043348 -0.000061 
2628.709570 -0.000060 
2627.375792 -0.000070 
2626.042014 -0.000078 
2624.708236 -0.000065 
2623.374458 -0.000061 
2622.040680 -0.000069 
2620.706902 -0.000069 
2619.373124 -0.000055 
2618.039346 -0.000048 
2616.705569 -0.000050 
2615.371791 -0.000030 
2614.038013 -0.000035 
2612.704235 -0.000002 
2611.370457 -0.000031 
2610.036679 -0.000024 
2608.702901 -0.000039 
2607.369123 -0.000061 
2606.035345 -0.000068 
2604.701567 -0.000074 
2603.367789 -0.000091 
2602.034011 -0.000091 
2600.700233 -0.000069 
2599.366455 -0.000094 
2598.032678 -0.000094 
2596.698900 -0.000104 
2595.365122 -0.000108 
2594.031344 -0.000112 
2592.697566 -0.000113 
2591.363788 -0.000135 
2590.030010 -0.000122 
2588.696232 -0.000113 
2587.362454 -0.000113 
2586.028676 -0.000091 
2584.694898 -0.000124 
2583.361120 -0.000142 
2582.027342 -0.000135 
2580.693565 -0.000135 
2579.359787 -0.000144 
2578.026009 -0.000144 
2576.692231 -0.000156 
2575.358453 -0.000156 
2574.024675 -0.000157 
2572.690897 -0.000150 
2571.357119 -0.000147 
2570.023341 -0.000139 
2568.689563 -0.000152 
2567.355785 -0.000110 
2566.022007 -0.000100 
2564.688229 -0.000028 
2563.354451 0.000021 
2562.020674 0.000108 
2560.686896 0.000218 
2559.353118 0.000413 
2558.019340 0.000639 
2556.685562 0.000659 
2555.351784 0.000365 
2554.018006 0.000062 
2552.684228 -0.000076 
2551.350450 -0.000087 
2550.016672 -0.000069 
2548.682894 -0.000065 
2547.349116 -0.000061 
2546.015338 -0.000044 
2544.681561 -0.000032 
2543.347783 0.000009 
2542.014005 -0.000013 
2540.680227 -0.000041 
2539.346449 -0.000017 
2538.012671 -0.000039 
2536.678893 -0.000026 
2535.345115 -0.000035 
2534.011337 -0.000023 
2532.677559 -0.000015 
2531.343781 0.000001 
2530.010003 -0.000009 
2528.676225 -0.000019 
2527.342447 -0.000005 
2526.008670 -0.000013 
2524.674892 -0.000004 
2523.341114 0.000010 
2522.007336 0.000020 
2520.673558 0.000013 
2519.339780 0.000038 
2518.006002 0.000026 
2516.672224 0.000051 
2515.338446 0.000067 
2514.004668 0.000073 
2512.670890 0.000108 
2511.337112 0.000079 
2510.003334 0.000087 
2508.669557 0.000102 
2507.335779 0.000119 
2506.002001 0.000113 
2504.668223 0.000123 
2503.334445 0.000137 
2502.000667 0.000143 
2500.666889 0.000129 
2499.333111 0.000150 
2497.999333 0.000149 
2496.665555 0.000136 
2495.331777 0.000142 
2493.997999 0.000139 
2492.664221 0.000122 
2491.330443 0.000134 
2489.996666 0.000132 
2488.662888 0.000152 
2487.329110 0.000127 
2485.995332 0.000143 
2484.661554 0.000153 
2483.327776 0.000158 
2481.993998 0.000139 
2480.660220 0.000122 
2479.326442 0.000119 
2477.992664 0.000114 
2476.658886 0.000095 
2475.325108 0.000073 
2473.991330 0.000059 
2472.657553 0.000075 
2471.323775 0.000054 
2469.989997 0.000033 
2468.656219 0.000023 
2467.322441 -0.000004 
2465.988663 0.000000 
2464.654885 0.000012 
2463.321107 0.000045 
2461.987329 0.000069 
2460.653551 0.000080 
2459.319773 0.000072 
2457.985995 0.000112 
2456.652217 0.000120 
2455.318439 0.000128 
2453.984662 0.000146 
2452.650884 0.000152 
2451.317106 0.000156 
2449.983328 0.000161 
2448.649550 0.000152 
2447.315772 0.000149 
2445.981994 0.000166 
2444.648216 0.000167 
2443.314438 0.000147 
2441.980660 0.000134 
2440.646882 0.000148 
2439.313104 0.000131 
2437.979326 0.000132 
2436.645549 0.000128 
2435.311771 0.000113 
2433.977993 0.000106 
2432.644215 0.000092 
2431.310437 0.000109 
2429.976659 0.000100 
2428.642881 0.000099 
2427.309103 0.000083 
2425.975325 0.000095 
2424.641547 0.000073 
2423.307769 0.000080 
2421.973991 0.000052 
2420.640213 0.000042 
2419.306435 0.000032 
2417.972658 0.000012 
2416.638880 0.000023 
2415.305102 0.000002 
2413.971324 0.000006 
2412.637546 0.000008 
2411.303768 0.000003 
2409.969990 -0.000012 
2408.636212 -0.000026 
2407.302434 -0.000017 
2405.968656 -0.000047 
2404.634878 -0.000047 
2403.301100 -0.000074 
2401.967322 -0.000078 
2400.633545 -0.000090 
2399.299767 -0.000104 
2397.965989 -0.000127 
2396.632211 -0.000127 
2395.298433 -0.000150 
2393.964655 -0.000168 
2392.630877 -0.000177 
2391.297099 -0.000186 
2389.963321 -0.000182 
2388.629543 -0.000168 
2387.295765 -0.000189 
2385.961987 -0.000207 
2384.628209 -0.000188 
2383.294431 -0.000169 
2381.960654 -0.000179 
2380.626876 -0.000186 
2379.293098 -0.000180 
2377.959320 -0.000161 
2376.625542 -0.000136 
2375.291764 -0.000146 
2373.957986 -0.000111 
2372.624208 -0.000088 
2371.290430 -0.000054 
2369.956652 -0.000000 
2368.622874 0.000104 
2367.289096 0.000219 
2365.955318 0.000346 
2364.621541 0.000490 
2363.287763 0.000697 
2361.953985 0.001083 
2360.620207 0.001792 
2359.286429 0.002658 
2357.952651 0.003177 
2356.618873 0.002687 
2355.285095 0.001431 
2353.951317 0.000411 
2352.617539 -0.000062 
2351.283761 -0.000256 
2349.949983 -0.000328 
2348.616205 -0.000327 
2347.282427 -0.000287 
2345.948650 -0.000256 
2344.614872 -0.000194 
2343.281094 -0.000081 
2341.947316 0.000016 
2340.613538 0.000249 
2339.279760 0.001134 
2337.945982 0.004712 
2336.612204 0.012402 
2335.278426 0.010689 
2333.944648 0.002683 
2332.610870 0.000298 
2331.277092 0.000082 
2329.943314 -0.000045 
2328.609537 -0.000055 
2327.275759 0.000014 
2325.941981 -0.000004 
2324.608203 -0.000074 
2323.274425 -0.000014 
2321.940647 0.000003 
2320.606869 -0.000030 
2319.273091 0.000028 
2317.939313 0.000030 
2316.605535 -0.000039 
2315.271757 -0.000001 
2313.937979 -0.000001 
2312.604201 -0.000000 
2311.270423 0.000012 
2309.936646 0.000012 
2308.602868 0.000003 
2307.269090 0.000007 
2305.935312 -0.000019 
2304.601534 -0.000048 
2303.267756 -0.000019 
2301.933978 -0.000006 
2300.600200 0.000000 
2299.266422 0.000005 
2297.932644 0.000018 
2296.598866 0.000044 
2295.265088 0.000051 
2293.931310 0.000094 
2292.597533 0.000089 
2291.263755 0.000122 
2289.929977 0.000157 
2288.596199 0.000178 
2287.262421 0.000197 
2285.928643 0.000227 
2284.594865 0.000247 
2283.261087 0.000277 
2281.927309 0.000288 
2280.593531 0.000306 
2279.259753 0.000343 
2277.925975 0.000343 
2276.592197 0.000370 
2275.258419 0.000391 
2273.924642 0.000426 
2272.590864 0.000486 
2271.257086 0.000600 
2269.923308 0.000614 
2268.589530 0.000583 
2267.255752 0.000583 
2265.921974 0.000598 
2264.588196 0.000605 
2263.254418 0.000581 
2261.920640 0.000505 
2260.586862 0.000445 
2259.253084 0.000347 
2257.919306 0.000313 
2256.585529 0.000303 
2255.251751 0.000291 
2253.917973 0.000291 
2252.584195 0.000311 
2251.250417 0.000311 
2249.916639 0.000315 
2248.582861 0.000310 
2247.249083 0.000318 
2245.915305 0.000328 
2244.581527 0.000340 
2243.247749 0.000343 
2241.913971 0.000357 
2240.580193 0.000324 
2239.246415 0.000327 
2237.912638 0.000335 
2236.578860 0.000338 
2235.245082 0.000319 
2233.911304 0.000315 
2232.577526 0.000339 
2231.243748 0.000312 
2229.909970 0.000356 
2228.576192 0.000315 
2227.242414 0.000309 
2225.908636 0.000315 
2224.574858 0.000311 
2223.241080 0.000311 
2221.907302 0.000336 
2220.573525 0.000339 
2219.239747 0.000377 
2217.905969 0.000417 
2216.572191 0.000474 
2215.238413 0.000542 
2213.904635 0.000585 
2212.570857 0.000652 
2211.237079 0.000761 
2209.903301 0.000769 
2208.569523 0.000774 
2207.235745 0.000725 
2205.901967 0.000637 
2204.568189 0.000542 
2203.234411 0.000434 
2201.900634 0.000349 
2200.566856 0.000237 
2199.233078 0.000165 
2197.899300 0.000103 
2196.565522 0.000044 
2195.231744 0.000042 
2193.897966 -0.000007 
2192.564188 0.000004 
2191.230410 0.000004 
2189.896632 0.000001 
2188.562854 0.000042 
2187.229076 -0.000001 
2185.895298 0.000042 
2184.561521 0.000010 
2183.227743 -0.000014 
2181.893965 0.000014 
2180.560187 -0.000005 
2179.226409 0.000010 
2177.892631 0.000039 
2176.558853 0.000006 
2175.225075 0.000049 
2173.891297 0.000006 
2172.557519 0.000021 
2171.223741 0.000049 
2169.889963 0.000003 
2168.556185 0.000050 
2167.222407 0.000047 
2165.888630 -0.000015 
2164.554852 0.000039 
2163.221074 0.000012 
2161.887296 0.000001 
2160.553518 0.000049 
2159.219740 -0.000008 
2157.885962 0.000003 
2156.552184 0.000020 
2155.218406 -0.000004 
2153.884628 0.000001 
2152.550850 0.000003 
2151.217072 0.000000 
2149.883294 0.000029 
2148.549517 0.000046 
2147.215739 0.000027 
2145.881961 0.000034 
2144.548183 0.000025 
2143.214405 0.000066 
2141.880627 0.000047 
2140.546849 0.000051 
2139.213071 0.000034 
2137.879293 0.000048 
2136.545515 0.000038 
2135.211737 0.000066 
2133.877959 0.000067 
2132.544181 0.000028 
2131.210403 0.000054 
2129.876626 0.000077 
2128.542848 0.000038 
2127.209070 0.000069 
2125.875292 0.000094 
2124.541514 0.000044 
2123.207736 0.000063 
2121.873958 0.000093 
2120.540180 0.000063 
2119.206402 0.000079 
2117.872624 0.000107 
2116.538846 0.000075 
2115.205068 0.000102 
2113.871290 0.000123 
2112.537513 0.000113 
2111.203735 0.000126 
2109.869957 0.000148 
2108.536179 0.000126 
2107.202401 0.000115 
2105.868623 0.000104 
2104.534845 0.000064 
2103.201067 0.000039 
2101.867289 0.000035 
2100.533511 -0.000004 
2099.199733 0.000009 
2097.865955 -0.000002 
2096.532177 0.000001 
2095.198399 -0.000035 
2093.864622 0.000013 
2092.530844 -0.000003 
2091.197066 -0.000013 
2089.863288 0.000015 
2088.529510 -0.000004 
2087.195732 0.000000 
2085.861954 0.000022 
2084.528176 -0.000004 
2083.194398 -0.000022 
2081.860620 -0.000013 
2080.526842 -0.000013 
2079.193064 -0.000004 
2077.859286 -0.000005 
2076.525509 0.000018 
2075.191731 -0.000004 
2073.857953 -0.000017 
2072.524175 0.000016 
2071.190397 -0.000009 
2069.856619 0.000005 
2068.522841 0.000031 
2067.189063 -0.000004 
2065.855285 -0.000008 
2064.521507 0.000013 
2063.187729 0.000003 
2061.853951 0.000012 
2060.520173 0.000024 
2059.186395 0.000029 
2057.852618 0.000033 
2056.518840 0.000048 
2055.185062 0.000035 
2053.851284 0.000042 
2052.517506 0.000076 
2051.183728 0.000079 
2049.849950 0.000099 
2048.516172 0.000105 
2047.182394 0.000102 
2045.848616 0.000094 
2044.514838 0.000097 
2043.181060 0.000095 
2041.847282 0.000116 
2040.513505 0.000129 
2039.179727 0.000134 
2037.845949 0.000145 
2036.512171 0.000153 
2035.178393 0.000175 
2033.844615 0.000183 
2032.510837 0.000177 
2031.177059 0.000212 
2029.843281 0.000237 
2028.509503 0.000191 
2027.175725 0.000223 
2025.841947 0.000252 
2024.508169 0.000289 
2023.174391 0.000327 
2021.840614 0.000400 
2020.506836 0.000535 
2019.173058 0.000669 
2017.839280 0.000785 
2016.505502 0.000856 
2015.171724 0.000836 
2013.837946 0.000769 
2012.504168 0.000758 
2011.170390 0.000679 
2009.836612 0.000650 
2008.502834 0.000599 
2007.169056 0.000582 
2005.835278 0.000497 
2004.501501 0.000539 
2003.167723 0.000572 
2001.833945 0.000945 
2000.500167 0.001321 
1999.166389 0.001305 
1997.832611 0.000897 
1996.498833 0.000505 
1995.165055 0.000341 
1993.831277 0.000321 
1992.497499 0.000364 
1991.163721 0.000341 
1989.829943 0.000313 
1988.496165 0.000304 
1987.162387 0.000283 
1985.828610 0.000272 
1984.494832 0.000247 
1983.161054 0.000220 
1981.827276 0.000258 
1980.493498 0.000231 
1979.159720 0.000230 
1977.825942 0.000196 
1976.492164 0.000175 
1975.158386 0.000188 
1973.824608 0.000135 
1972.490830 0.000149 
1971.157052 0.000102 
1969.823274 0.000108 
1968.489496 0.000142 
1967.155719 0.000095 
1965.821941 0.000063 
1964.488163 0.000028 
1963.154385 0.000005 
1961.820607 -0.000008 
1960.486829 0.000008 
1959.153051 -0.000008 
1957.819273 -0.000065 
1956.485495 -0.000017 
1955.151717 -0.000003 
1953.817939 -0.000013 
1952.484161 -0.000001 
1951.150383 0.000012 
1949.816606 0.000016 
1948.482828 0.000006 
1947.149050 0.000025 
1945.815272 0.000023 
1944.481494 0.000003 
1943.147716 0.000109 
1941.813938 0.000062 
1940.480160 0.000002 
1939.146382 0.000022 
1937.812604 -0.000009 
1936.478826 0.000001 
1935.145048 0.000010 
1933.811270 0.000000 
1932.477492 -0.000015 
1931.143715 -0.000006 
1929.809937 -0.000022 
1928.476159 -0.000035 
1927.142381 -0.000030 
1925.808603 -0.000039 
1924.474825 -0.000026 
1923.141047 0.000000 
1921.807269 -0.000022 
1920.473491 -0.000053 
1919.139713 0.000009 
1917.805935 0.000038 
1916.472157 -0.000027 
1915.138379 -0.000061 
1913.804602 -0.000052 
1912.470824 -0.000055 
1911.137046 -0.000065 
1909.803268 -0.000035 
1908.469490 -0.000075 
1907.135712 -0.000082 
1905.801934 -0.000113 
1904.468156 -0.000100 
1903.134378 -0.000108 
1901.800600 -0.000126 
1900.466822 -0.000132 
1899.133044 -0.000119 
1897.799266 -0.000126 
1896.465488 -0.000139 
1895.131711 -0.000107 
1893.797933 -0.000143 
1892.464155 -0.000133 
1891.130377 -0.000133 
1889.796599 -0.000061 
1888.462821 -0.000110 
1887.129043 -0.000130 
1885.795265 -0.000126 
1884.461487 -0.000133 
1883.127709 -0.000117 
1881.793931 -0.000156 
1880.460153 -0.000141 
1879.126375 -0.000149 
1877.792598 -0.000161 
1876.458820 -0.000156 
1875.125042 -0.000162 
1873.791264 -0.000143 
1872.457486 -0.000173 
1871.123708 -0.000132 
1869.789930 0.000018 
1868.456152 -0.000019 
1867.122374 -0.000093 
1865.788596 -0.000104 
1864.454818 -0.000118 
1863.121040 -0.000098 
1861.787262 -0.000094 
1860.453484 -0.000070 
1859.119707 -0.000063 
1857.785929 -0.000052 
1856.452151 -0.000018 
1855.118373 -0.000015 
1853.784595 -0.000013 
1852.450817 -0.000031 
1851.117039 -0.000067 
1849.783261 -0.000074 
1848.449483 -0.000038 
1847.115705 -0.000064 
1845.781927 -0.000093 
1844.448149 0.000209 
1843.114371 -0.000045 
1841.780594 -0.000114 
1840.446816 -0.000114 
1839.113038 -0.000126 
1837.779260 -0.000113 
1836.445482 -0.000142 
1835.111704 -0.000144 
1833.777926 -0.000144 
1832.444148 -0.000156 
1831.110370 -0.000087 
1829.776592 -0.000037 
1828.442814 -0.000141 
1827.109036 -0.000152 
1825.775258 -0.000021 
1824.441480 -0.000113 
1823.107703 -0.000135 
1821.773925 -0.000139 
1820.440147 -0.000135 
1819.106369 -0.000111 
1817.772591 -0.000055 
1816.438813 -0.000043 
1815.105035 -0.000011 
1813.771257 0.000022 
1812.437479 0.000081 
1811.103701 0.000170 
1809.769923 0.000179 
1808.436145 0.000194 
1807.102367 0.000148 
1805.768590 0.000076 
1804.434812 -0.000014 
1803.101034 -0.000022 
1801.767256 -0.000049 
1800.433478 -0.000043 
1799.099700 -0.000067 
1797.765922 -0.000121 
1796.432144 -0.000067 
1795.098366 -0.000087 
1793.764588 -0.000001 
1792.430810 0.000108 
1791.097032 0.000038 
1789.763254 -0.000092 
1788.429476 -0.000113 
1787.095699 -0.000091 
1785.761921 -0.000008 
1784.428143 -0.000027 
1783.094365 -0.000054 
1781.760587 -0.000018 
1780.426809 0.000018 
1779.093031 0.000005 
1777.759253 0.000022 
1776.425475 0.000090 
1775.091697 0.000115 
1773.757919 0.000237 
1772.424141 0.000431 
1771.090363 0.000260 
1769.756586 0.000164 
1768.422808 0.000373 
1767.089030 0.000184 
1765.755252 0.000143 
1764.421474 0.000152 
1763.087696 0.000193 
1761.753918 0.000343 
1760.420140 0.000149 
1759.086362 0.000119 
1757.752584 0.000183 
1756.418806 0.000176 
1755.085028 0.000062 
1753.751250 0.000046 
1752.417472 0.000175 
1751.083695 0.000315 
1749.749917 0.000102 
1748.416139 0.000083 
1747.082361 0.000016 
1745.748583 -0.000050 
1744.414805 -0.000049 
1743.081027 -0.000041 
1741.747249 -0.000141 
1740.413471 0.000079 
1739.079693 -0.000077 
1737.745915 -0.000182 
1736.412137 -0.000213 
1735.078359 0.000251 
1733.744582 0.000416 
1732.410804 -0.000089 
1731.077026 -0.000160 
1729.743248 -0.000107 
1728.409470 -0.000200 
1727.075692 -0.000180 
1725.741914 -0.000165 
1724.408136 -0.000143 
1723.074358 -0.000110 
1721.740580 -0.000073 
1720.406802 0.000002 
1719.073024 0.000256 
1717.739246 0.000657 
1716.405468 0.000047 
1715.071691 0.000058 
1713.737913 -0.000081 
1712.404135 -0.000152 
1711.070357 -0.000138 
1709.736579 -0.000123 
1708.402801 -0.000152 
1707.069023 -0.000021 
1705.735245 -0.000035 
1704.401467 0.000024 
1703.067689 -0.000075 
1701.733911 0.000114 
1700.400133 0.000825 
1699.066355 0.000178 
1697.732578 0.000047 
1696.398800 0.000807 
1695.065022 0.000316 
1693.731244 0.000031 
1692.397466 0.000000 
1691.063688 0.000017 
1689.729910 0.000018 
1688.396132 0.000021 
1687.062354 -0.000015 
1685.728576 0.000344 
1684.394798 0.000561 
1683.061020 0.000175 
1681.727242 -0.000051 
1680.393464 -0.000013 
1679.059687 -0.000090 
1677.725909 -0.000119 
1676.392131 -0.000006 
1675.058353 0.000172 
1673.724575 -0.000093 
1672.390797 -0.000076 
1671.057019 -0.000087 
1669.723241 0.000171 
1668.389463 -0.000050 
1667.055685 -0.000180 
1665.721907 -0.000178 
1664.388129 -0.000203 
1663.054351 0.000012 
1661.720574 -0.000144 
1660.386796 -0.000204 
1659.053018 -0.000220 
1657.719240 -0.000198 
1656.385462 -0.000174 
1655.051684 0.000109 
1653.717906 0.000775 
1652.384128 0.000746 
1651.050350 0.000016 
1649.716572 -0.000040 
1648.382794 0.000105 
1647.049016 0.000169 
1645.715238 0.000263 
1644.381460 -0.000019 
1643.047683 -0.000056 
1641.713905 -0.000061 
1640.380127 -0.000017 
1639.046349 0.000001 
1637.712571 0.000138 
1636.378793 0.000416 
1635.045015 0.000253 
1633.711237 0.000198 
1632.377459 0.000049 
1631.043681 0.000030 
1629.709903 -0.000009 
1628.376125 -0.000006 
1627.042347 -0.000168 
1625.708570 -0.000252 
1624.374792 -0.000105 
1623.041014 -0.000127 
1621.707236 -0.000250 
1620.373458 -0.000266 
1619.039680 -0.000271 
1617.705902 -0.000033 
1616.372124 0.000154 
1615.038346 -0.000202 
1613.704568 -0.000234 
1612.370790 -0.000239 
1611.037012 -0.000178 
1609.703234 -0.000126 
1608.369456 -0.000126 
1607.035679 -0.000091 
1605.701901 -0.000083 
1604.368123 -0.000051 
1603.034345 0.000001 
1601.700567 0.000019 
1600.366789 0.000027 
1599.033011 0.000037 
1597.699233 0.000073 
1596.365455 0.000153 
1595.031677 0.000207 
1593.697899 0.000260 
1592.364121 0.000293 
1591.030343 0.000263 
1589.696566 0.000229 
1588.362788 0.000156 
1587.029010 0.000090 
1585.695232 0.000011 
1584.361454 -0.000008 
1583.027676 -0.000025 
1581.693898 -0.000061 
1580.360120 -0.000069 
1579.026342 -0.000082 
1577.692564 -0.000075 
1576.358786 0.000638 
1575.025008 0.000001 
1573.691230 -0.000129 
1572.357452 -0.000169 
1571.023675 -0.000130 
1569.689897 0.000092 
1568.356119 -0.000223 
1567.022341 -0.000274 
1565.688563 -0.000220 
1564.354785 -0.000182 
1563.021007 -0.000092 
1561.687229 0.000031 
1560.353451 0.000854 
1559.019673 0.000934 
1557.685895 0.000640 
1556.352117 0.000141 
1555.018339 0.000400 
1553.684562 0.000272 
1552.350784 0.000075 
1551.017006 0.000151 
1549.683228 0.000182 
1548.349450 0.000093 
1547.015672 0.000089 
1545.681894 0.000319 
1544.348116 0.000212 
1543.014338 0.000313 
1541.680560 0.000415 
1540.346782 0.000641 
1539.013004 0.000837 
1537.679226 0.000169 
1536.345448 0.000085 
1535.011671 0.000127 
1533.677893 0.000343 
1532.344115 0.000127 
1531.010337 0.000056 
1529.676559 -0.000003 
1528.342781 0.000073 
1527.009003 0.000073 
1525.675225 0.000282 
1524.341447 0.000020 
1523.007669 0.000170 
1521.673891 0.000566 
1520.340113 0.000264 
1519.006335 -0.000039 
1517.672558 0.000149 
1516.338780 0.000025 
1515.005002 -0.000022 
1513.671224 -0.000078 
1512.337446 0.000059 
1511.003668 -0.000074 
1509.669890 0.000000 
1508.336112 0.000125 
1507.002334 0.000625 
1505.668556 0.000637 
1504.334778 0.000136 
1503.001000 0.000159 
1501.667222 0.000260 
1500.333444 0.000270 
1498.999667 0.000584 
1497.665889 0.000496 
1496.332111 0.001049 
1494.998333 0.000779 
1493.664555 0.000891 
1492.330777 0.001057 
1490.996999 0.001384 
1489.663221 0.001553 
1488.329443 0.001620 
1486.995665 0.001838 
1485.661887 0.001892 
1484.328109 0.002128 
1482.994331 0.002338 
1481.660554 0.002606 
1480.326776 0.002861 
1478.992998 0.003260 
1477.659220 0.003934 
1476.325442 0.005555 
1474.991664 0.009069 
1473.657886 0.016687 
1472.324108 0.024842 
1470.990330 0.031609 
1469.656552 0.037233 
1468.322774 0.041873 
1466.988996 0.045495 
1465.655218 0.048433 
1464.321440 0.050373 
1462.987663 0.051472 
1461.653885 0.051823 
1460.320107 0.051391 
1458.986329 0.050158 
1457.652551 0.047832 
1456.318773 0.043754 
1454.984995 0.037792 
1453.651217 0.031245 
1452.317439 0.024854 
1450.983661 0.019108 
1449.649883 0.014402 
1448.316105 0.010752 
1446.982327 0.007609 
1445.648550 0.005184 
1444.314772 0.003125 
1442.980994 0.001601 
1441.647216 0.000917 
1440.313438 0.000649 
1438.979660 0.000466 
1437.645882 0.000558 
1436.312104 0.000605 
1434.978326 0.000246 
1433.644548 0.000157 
1432.310770 0.000140 
1430.976992 0.000113 
1429.643214 0.000112 
1428.309436 0.000056 
1426.975659 0.000031 
1425.641881 0.000002 
1424.308103 0.000087 
1422.974325 0.000024 
1421.640547 -0.000016 
1420.306769 0.000177 
1418.972991 0.000320 
1417.639213 0.000102 
1416.305435 -0.000030 
1414.971657 -0.000052 
1413.637879 -0.000024 
1412.304101 -0.000013 
1410.970323 -0.000074 
1409.636546 -0.000068 
1408.302768 -0.000080 
1406.968990 -0.000096 
1405.635212 -0.000027 
1404.301434 -0.000048 
1402.967656 -0.000116 
1401.633878 -0.000054 
1400.300100 -0.000085 
1398.966322 0.000023 
1397.632544 -0.000048 
1396.298766 0.000239 
1394.964988 0.000942 
1393.631210 0.001062 
1392.297432 0.001110 
1390.963655 0.001198 
1389.629877 0.001187 
1388.296099 0.001238 
1386.962321 0.001200 
1385.628543 0.001061 
1384.294765 0.000978 
1382.960987 0.000873 
1381.627209 0.000738 
1380.293431 0.000396 
1378.959653 0.000024 
1377.625875 -0.000038 
1376.292097 0.000246 
1374.958319 0.003481 
1373.624542 0.009618 
1372.290764 0.015880 
1370.956986 0.023347 
1369.623208 0.032745 
1368.289430 0.033412 
1366.955652 0.006509 
1365.621874 0.001592 
1364.288096 0.001253 
1362.954318 0.000153 
1361.620540 -0.000113 
1360.286762 -0.000079 
1358.952984 -0.000107 
1357.619206 -0.000211 
1356.285428 -0.000287 
1354.951651 -0.000268 
1353.617873 -0.000281 
1352.284095 -0.000250 
1350.950317 -0.000194 
1349.616539 -0.000200 
1348.282761 -0.000268 
1346.948983 -0.000293 
1345.615205 -0.000268 
1344.281427 -0.000319 
1342.947649 -0.000321 
1341.613871 -0.000232 
1340.280093 -0.000074 
1338.946315 -0.000105 
1337.612538 -0.000157 
1336.278760 -0.000085 
1334.944982 -0.000109 
1333.611204 -0.000121 
1332.277426 -0.000148 
1330.943648 -0.000075 
1329.609870 -0.000052 
1328.276092 -0.000094 
1326.942314 -0.000125 
1325.608536 -0.000035 
1324.274758 -0.000061 
1322.940980 -0.000121 
1321.607202 -0.000069 
1320.273424 -0.000080 
1318.939647 -0.000049 
1317.605869 -0.000078 
1316.272091 -0.000070 
1314.938313 -0.000062 
1313.604535 -0.000043 
1312.270757 -0.000040 
1310.936979 -0.000055 
1309.603201 -0.000043 
1308.269423 -0.000023 
1306.935645 -0.000166 
1305.601867 -0.000265 
1304.268089 -0.000159 
1302.934311 -0.000086 
1301.600534 -0.000065 
1300.266756 -0.000032 
1298.932978 -0.000014 
1297.599200 -0.000026 
1296.265422 0.000018 
1294.931644 0.000011 
1293.597866 0.000037 
1292.264088 0.000030 
1290.930310 0.000031 
1289.596532 0.000006 
1288.262754 -0.000017 
1286.928976 0.000005 
1285.595198 0.000014 
1284.261420 -0.000018 
1282.927643 -0.000038 
1281.593865 0.000017 
1280.260087 0.000012 
1278.926309 0.000018 
1277.592531 0.000007 
1276.258753 0.000003 
1274.924975 0.000003 
1273.591197 0.000010 
1272.257419 -0.000017 
1270.923641 -0.000022 
1269.589863 -0.000004 
1268.256085 -0.000018 
1266.922307 0.000026 
1265.588530 -0.000012 
1264.254752 -0.000004 
1262.920974 -0.000038 
1261.587196 -0.000048 
1260.253418 -0.000040 
1258.919640 -0.000032 
1257.585862 -0.000039 
1256.252084 -0.000033 
1254.918306 -0.000029 
1253.584528 -0.000091 
1252.250750 -0.000056 
1250.916972 -0.000039 
1249.583194 -0.000049 
1248.249416 -0.000074 
1246.915639 -0.000051 
1245.581861 -0.000052 
1244.248083 -0.000055 
1242.914305 -0.000069 
1241.580527 -0.000061 
1240.246749 -0.000043 
1238.912971 -0.000050 
1237.579193 -0.000057 
1236.245415 -0.000052 
1234.911637 -0.000037 
1233.577859 -0.000047 
1232.244081 -0.000026 
1230.910303 -0.000011 
1229.576526 0.000000 
1228.242748 0.000007 
1226.908970 0.000028 
1225.575192 0.000023 
1224.241414 0.000034 
1222.907636 0.000066 
1221.573858 0.000114 
1220.240080 0.000158 
1218.906302 0.000170 
1217.572524 0.000130 
1216.238746 0.000076 
1214.904968 0.000098 
1213.571190 0.000091 
1212.237412 0.000089 
1210.903635 0.000084 
1209.569857 0.000084 
1208.236079 0.000108 
1206.902301 0.000112 
1205.568523 0.000098 
1204.234745 0.000106 
1202.900967 0.000097 
1201.567189 0.000101 
1200.233411 0.000103 
1198.899633 0.000104 
1197.565855 0.000124 
1196.232077 0.000324 
1194.898299 0.000704 
1193.564522 0.001041 
1192.230744 0.001183 
1190.896966 0.001214 
1189.563188 0.001001 
1188.229410 0.000619 
1186.895632 0.000218 
1185.561854 0.000118 
1184.228076 0.000132 
1182.894298 0.000092 
1181.560520 0.000031 
1180.226742 0.000170 
1178.892964 0.000189 
1177.559186 0.000162 
1176.225408 0.000152 
1174.891631 0.000119 
1173.557853 0.000108 
1172.224075 0.000098 
1170.890297 0.000114 
1169.556519 0.000105 
1168.222741 0.000089 
1166.888963 0.000105 
1165.555185 0.000081 
1164.221407 0.000078 
1162.887629 0.000082 
1161.553851 0.000083 
1160.220073 0.000083 
1158.886295 0.000064 
1157.552518 0.000077 
1156.218740 0.000097 
1154.884962 0.000054 
1153.551184 0.000060 
1152.217406 0.000037 
1150.883628 0.000018 
1149.549850 0.000096 
1148.216072 0.000111 
1146.882294 0.000119 
1145.548516 0.000077 
1144.214738 0.000081 
1142.880960 0.000082 
1141.547182 0.000070 
1140.213404 0.000100 
1138.879627 0.000123 
1137.545849 0.000089 
1136.212071 0.000078 
1134.878293 0.000070 
1133.544515 0.000102 
1132.210737 0.000080 
1130.876959 0.000072 
1129.543181 0.000079 
1128.209403 0.000084 
1126.875625 0.000085 
1125.541847 0.000112 
1124.208069 0.000113 
1122.874291 0.000075 
1121.540514 0.000092 
1120.206736 0.000095 
1118.872958 0.000111 
1117.539180 0.000082 
1116.205402 0.000068 
1114.871624 0.000078 
1113.537846 0.000095 
1112.204068 0.000109 
1110.870290 0.000148 
1109.536512 0.000101 
1108.202734 0.000106 
1106.868956 0.000132 
1105.535178 0.000143 
1104.201400 0.000054 
1102.867623 0.000091 
1101.533845 0.000122 
1100.200067 0.000079 
1098.866289 0.000095 
1097.532511 0.000085 
1096.198733 0.000090 
1094.864955 0.000076 
1093.531177 0.000036 
1092.197399 0.000049 
1090.863621 -0.000002 
1089.529843 0.000021 
1088.196065 0.000005 
1086.862287 0.000029 
1085.528510 0.000040 
1084.194732 -0.000026 
1082.860954 0.000019 
1081.527176 0.000036 
1080.193398 -0.000022 
1078.859620 0.000026 
1077.525842 0.000050 
1076.192064 0.000045 
1074.858286 0.000029 
1073.524508 0.000061 
1072.190730 0.000088 
1070.856952 0.000060 
1069.523174 0.000040 
1068.189396 0.000088 
1066.855619 0.000066 
1065.521841 0.000047 
1064.188063 0.000046 
1062.854285 0.000070 
1061.520507 0.000085 
1060.186729 0.000050 
1058.852951 0.000035 
1057.519173 0.000071 
1056.185395 0.000129 
1054.851617 0.000081 
1053.517839 0.000069 
1052.184061 0.000110 
1050.850283 0.000126 
1049.516506 0.000193 
1048.182728 0.000171 
1046.848950 0.000160 
1045.515172 0.000126 
1044.181394 0.000134 
1042.847616 0.000130 
1041.513838 0.000108 
1040.180060 0.000086 
1038.846282 0.000119 
1037.512504 0.000105 
1036.178726 0.000070 
1034.844948 0.000074 
1033.511170 0.000076 
1032.177392 0.000087 
1030.843615 0.000091 
1029.509837 0.000074 
1028.176059 0.000087 
1026.842281 0.000124 
1025.508503 0.000183 
1024.174725 0.000186 
1022.840947 0.000142 
1021.507169 0.000109 
1020.173391 0.000066 
1018.839613 0.000067 
1017.505835 0.000094 
1016.172057 0.000056 
1014.838279 0.000041 
1013.504502 0.000046 
1012.170724 0.000051 
1010.836946 0.000052 
1009.503168 0.000060 
1008.169390 0.000053 
1006.835612 0.000075 
1005.501834 0.000031 
1004.168056 0.000064 
1002.834278 0.000042 
1001.500500 0.000070 
1000.166722 0.000086 
998.832944 0.000070 
997.499166 0.000112 
996.165388 0.000118 
994.831611 0.000246 
993.497833 0.000322 
992.164055 0.000320 
990.830277 0.000203 
989.496499 0.000116 
988.162721 0.000071 
986.828943 0.000093 
985.495165 0.000047 
984.161387 0.000047 
982.827609 0.000016 
981.493831 0.000060 
980.160053 0.000076 
978.826275 0.000047 
977.492497 0.000070 
976.158720 0.000031 
974.824942 0.000077 
973.491164 0.000034 
972.157386 0.000062 
970.823608 0.000041 
969.489830 0.000056 
968.156052 0.000036 
966.822274 0.000037 
965.488496 0.000006 
964.154718 0.000033 
962.820940 0.000042 
961.487162 0.000051 
960.153384 0.000030 
958.819607 0.000051 
957.485829 0.000039 
956.152051 0.000079 
954.818273 0.000002 
953.484495 0.000044 
952.150717 0.000045 
950.816939 0.000047 
949.483161 0.000033 
948.149383 0.000019 
946.815605 0.000033 
945.481827 0.000011 
944.148049 0.000021 
942.814271 0.000027 
941.480493 -0.000011 
940.146716 0.000023 
938.812938 0.000016 
937.479160 0.000001 
936.145382 0.000005 
934.811604 0.000033 
933.477826 0.000015 
932.144048 0.000001 
930.810270 -0.000009 
929.476492 -0.000019 
928.142714 -0.000023 
926.808936 -0.000009 
925.475158 -0.000027 
924.141380 -0.000044 
922.807603 -0.000039 
921.473825 -0.000027 
920.140047 -0.000020 
918.806269 -0.000017 
917.472491 -0.000020 
916.138713 -0.000015 
914.804935 0.000003 
913.471157 -0.000013 
912.137379 -0.000012 
910.803601 -0.000039 
909.469823 0.000002 
908.136045 -0.000014 
906.802267 -0.000030 
905.468489 -0.000033 
904.134712 -0.000092 
902.800934 -0.000004 
901.467156 -0.000022 
900.133378 0.000007 
898.799600 -0.000039 
897.465822 -0.000032 
896.132044 -0.000022 
894.798266 -0.000030 
893.464488 -0.000013 
892.130710 -0.000029 
890.796932 -0.000026 
889.463154 0.000003 
888.129376 0.000008 
886.795599 -0.000000 
885.461821 -0.000014 
884.128043 -0.000017 
882.794265 -0.000030 
881.460487 -0.000007 
880.126709 -0.000008 
878.792931 0.000027 
877.459153 0.000005 
876.125375 0.000033 
874.791597 0.000050 
873.457819 0.000000 
872.124041 0.000012 
870.790263 0.000037 
869.456485 0.000066 
868.122708 -0.000030 
866.788930 0.000022 
865.455152 -0.000003 
864.121374 -0.000008 
862.787596 0.000011 
861.453818 -0.000012 
860.120040 0.000043 
858.786262 -0.000026 
857.452484 0.000032 
856.118706 0.000024 
854.784928 0.000051 
853.451150 0.000001 
852.117372 0.000039 
850.783595 0.000025 
849.449817 0.000036 
848.116039 0.000042 
846.782261 0.000035 
845.448483 0.000057 
844.114705 0.000053 
842.780927 0.000059 
841.447149 0.000061 
840.113371 0.000069 
838.779593 0.000111 
837.445815 0.000098 
836.112037 0.000105 
834.778259 0.000132 
833.444481 0.000168 
832.110704 0.000227 
830.776926 0.000477 
829.443148 0.001538 
828.109370 0.004868 
826.775592 0.010099 
825.441814 0.015808 
824.108036 0.021831 
822.774258 0.028432 
821.440480 0.036302 
820.106702 0.045899 
818.772924 0.056111 
817.439146 0.064296 
816.105368 0.065704 
814.771591 0.049137 
813.437813 0.011421 
812.104035 0.000547 
810.770257 0.000186 
809.436479 0.000081 
808.102701 0.000035 
806.768923 0.000001 
805.435145 -0.000023 
804.101367 -0.000004 
802.767589 0.000017 
801.433811 -0.000046 
800.100033 -0.000035 
798.766255 -0.000056 
797.432477 -0.000070 
796.098700 -0.000095 
794.764922 -0.000071 
793.431144 -0.000055 
792.097366 -0.000143 
790.763588 -0.000076 
789.429810 -0.000136 
788.096032 -0.000153 
786.762254 -0.000011 
785.428476 -0.000032 
784.094698 -0.000067 
782.760920 -0.000036 
781.427142 -0.000039 
780.093364 -0.000081 
778.759587 -0.000089 
777.425809 -0.000073 
776.092031 -0.000133 
774.758253 -0.000080 
773.424475 -0.000098 
772.090697 -0.000088 
770.756919 -0.000077 
769.423141 -0.000224 
768.089363 -0.000024 
766.755585 -0.000055 
765.421807 -0.000035 
764.088029 -0.000049 
762.754251 -0.000001 
761.420473 0.000010 
760.086696 0.000031 
758.752918 -0.000019 
757.419140 0.000001 
756.085362 -0.000003 
754.751584 0.000003 
753.417806 -0.000017 
752.084028 -0.000033 
750.750250 0.000008 
749.416472 0.000002 
748.082694 0.000032 
746.748916 0.000009 
745.415138 -0.000005 
744.081360 -0.000005 
742.747583 -0.000016 
741.413805 -0.000000 
740.080027 0.000031 
738.746249 -0.000017 
737.412471 0.000011 
736.078693 0.000019 
734.744915 0.000032 
733.411137 -0.000017 
732.077359 0.000067 
730.743581 0.000073 
729.409803 0.000072 
728.076025 -0.000030 
726.742247 -0.000014 
725.408469 0.000011 
724.074692 -0.000008 
722.740914 -0.000052 
721.407136 -0.000005 
720.073358 0.000053 
718.739580 0.000017 
717.405802 -0.000048 
716.072024 -0.000020 
714.738246 0.000002 
713.404468 0.000006 
712.070690 -0.000003 
710.736912 -0.000027 
709.403134 -0.000048 
708.069356 -0.000033 
706.735579 0.000013 
705.401801 -0.000017 
704.068023 -0.000029 
702.734245 -0.000080 
701.400467 -0.000030 
700.066689 -0.000023 
698.732911 -0.000033 
697.399133 -0.000017 
696.065355 -0.000055 
694.731577 0.000039 
693.397799 -0.000004 
692.064021 0.000004 
690.730243 0.000000 
689.396465 -0.000009 
688.062688 0.000027 
686.728910 0.000008 
685.395132 0.000044 
684.061354 0.000039 
682.727576 0.000065 
681.393798 0.000000 
680.060020 -0.000009 
678.726242 0.000006 
677.392464 -0.000036 
676.058686 -0.000032 
674.724908 -0.000011 
673.391130 0.000001 
672.057352 -0.000043 
670.723575 -0.000061 
669.389797 -0.000029 
668.056019 0.000416 
666.722241 -0.000022 
665.388463 -0.000057 
664.054685 -0.000044 
662.720907 -0.000038 
661.387129 0.000023 
660.053351 0.000698 
658.719573 0.001632 
657.385795 0.001052 
656.052017 0.000004 
654.718239 -0.000088 
653.384461 -0.000027 
652.050684 -0.000088 
650.716906 -0.000066 
649.383128 -0.000062 
648.049350 -0.000071 
646.715572 -0.000054 
645.381794 0.000021 
644.048016 -0.000107 
642.714238 -0.000100 
641.380460 -0.000093 
640.046682 -0.000010 
638.712904 -0.000037 
637.379126 -0.000179 
636.045348 -0.000148 
634.711571 -0.000111 
633.377793 -0.000047 
632.044015 -0.000087 
630.710237 -0.000054 
629.376459 -0.000051 
628.042681 0.000012 
626.708903 -0.000058 
625.375125 -0.000010 
624.041347 0.000036 
622.707569 -0.000052 
621.373791 0.000033 
620.040013 -0.000060 
618.706235 -0.000079 
617.372457 0.000008 
616.038680 -0.000062 
614.704902 -0.000026 
613.371124 -0.000049 
612.037346 -0.000031 
610.703568 0.000000 
609.369790 0.000094 
608.036012 0.000019 
606.702234 -0.000078 
605.368456 -0.000023 
604.034678 -0.000179 
602.700900 -0.000215 
601.367122 -0.000075 
600.033344 0.000022 
598.699567 -0.000132 
597.365789 -0.000025 
596.032011 0.000003 
594.698233 -0.000017 
593.364455 0.000048 
592.030677 -0.000138 
590.696899 -0.000345 
589.363121 -0.000019 
588.029343 -0.000048 
586.695565 -0.000034 
585.361787 -0.000095 
584.028009 -0.000088 
582.694231 -0.000200 
581.360453 0.000011 
580.026676 -0.000123 
578.692898 0.000016 
577.359120 -0.000248 
576.025342 0.000023 
574.691564 -0.000059 
573.357786 -0.000119 
572.024008 -0.000201 
570.690230 0.000155 
569.356452 -0.000053 
568.022674 -0.000166 
566.688896 -0.000309 
565.355118 -0.000062 
564.021340 -0.000100 
562.687563 -0.000174 
561.353785 -0.000292 
560.020007 -0.000056 
558.686229 -0.000254 
557.352451 0.000224 
556.018673 -0.000024 
554.684895 -0.000110 
553.351117 -0.000256 
552.017339 -0.000172 
550.683561 0.000200 
549.349783 0.000001 
548.016005 -0.000101 
546.682227 -0.000380 
545.348449 0.000565 
544.014672 0.000186 
542.680894 0.000613 
541.347116 -0.000165 
540.013338 -0.000155 
538.679560 0.000016 
537.345782 -0.000005 
536.012004 -0.000787 
534.678226 -0.000083 
533.344448 -0.000605 
532.010670 0.000067 
530.676892 -0.000051 
529.343114 -0.000024 
528.009336 -0.000109 
526.675559 -0.000086 
525.341781 -0.000069 
524.008003 -0.000232 
522.674225 -0.000140 
521.340447 -0.000052 
520.006669 -0.000057 
518.672891 -0.000092 
517.339113 -0.000140 
516.005335 -0.000096 
514.671557 0.000116 
513.337779 -0.000094 
512.004001 -0.000109 
510.670223 -0.000241 
509.336445 -0.000155 
508.002668 -0.000061 
506.668890 -0.000139 
505.335112 0.000025 
504.001334 0.000026 
502.667556 0.000267 
501.333778 -0.000089 
500.000000 0.000000 
