3999.922000 -0.000384 
3998.788373 0.000215 
3997.654746 0.000084 
3996.521119 -0.000113 
3995.387492 0.000167 
3994.253865 0.000202 
3993.120238 0.000289 
3991.986611 0.000090 
3990.852984 0.000074 
3989.719357 0.000705 
3988.585730 0.000602 
3987.452103 0.000464 
3986.318476 0.000174 
3985.184849 -0.000239 
3984.051222 -0.000464 
3982.917595 -0.000207 
3981.783968 0.000191 
3980.650341 -0.000015 
3979.516714 -0.000153 
3978.383087 -0.000141 
3977.249460 -0.000181 
3976.115834 -0.000044 
3974.982207 -0.000239 
3973.848580 -0.000830 
3972.714953 -0.000629 
3971.581326 -0.000382 
3970.447699 -0.000440 
3969.314072 -0.000100 
3968.180445 0.000005 
3967.046818 -0.000781 
3965.913191 -0.001500 
3964.779564 -0.001707 
3963.645937 -0.001472 
3962.512310 -0.001044 
3961.378683 -0.000527 
3960.245056 -0.000304 
3959.111429 -0.000253 
3957.977802 -0.000094 
3956.844175 -0.000455 
3955.710548 -0.000591 
3954.576921 -0.000694 
3953.443294 -0.000805 
3952.309667 -0.000836 
3951.176040 -0.001516 
3950.042413 -0.001918 
3948.908786 -0.001567 
3947.775159 -0.000879 
3946.641532 -0.001009 
3945.507905 -0.001185 
3944.374278 -0.001262 
3943.240651 -0.000854 
3942.107024 -0.000147 
3940.973397 0.000189 
3939.839770 -0.000250 
3938.706143 -0.000802 
3937.572516 -0.000683 
3936.438889 -0.000737 
3935.305262 -0.001287 
3934.171635 -0.001303 
3933.038008 -0.001540 
3931.904381 -0.001955 
3930.770754 -0.001845 
3929.637128 -0.001427 
3928.503501 -0.001119 
3927.369874 -0.000773 
3926.236247 -0.000682 
3925.102620 -0.000148 
3923.968993 -0.000248 
3922.835366 -0.000638 
3921.701739 -0.000346 
3920.568112 -0.000991 
3919.434485 -0.001451 
3918.300858 -0.001121 
3917.167231 -0.000678 
3916.033604 -0.000427 
3914.899977 -0.000890 
3913.766350 -0.000911 
3912.632723 -0.000848 
3911.499096 -0.000522 
3910.365469 0.000028 
3909.231842 -0.000559 
3908.098215 -0.001657 
3906.964588 -0.002332 
3905.830961 -0.002759 
3904.697334 -0.002591 
3903.563707 -0.001729 
3902.430080 -0.001642 
3901.296453 -0.001033 
3900.162826 -0.000573 
3899.029199 0.000561 
3897.895572 0.000420 
3896.761945 -0.000121 
3895.628318 -0.000190 
3894.494691 -0.000992 
3893.361064 -0.001243 
3892.227437 -0.001217 
3891.093810 -0.000862 
3889.960183 -0.000914 
3888.826556 -0.002131 
3887.692929 -0.001811 
3886.559302 -0.000782 
3885.425675 0.000064 
3884.292048 -0.000685 
3883.158422 -0.001113 
3882.024795 -0.000575 
3880.891168 -0.000815 
3879.757541 -0.000840 
3878.623914 -0.000020 
3877.490287 0.000135 
3876.356660 -0.000298 
3875.223033 -0.000353 
3874.089406 -0.000815 
3872.955779 -0.002028 
3871.822152 -0.001988 
3870.688525 -0.000864 
3869.554898 -0.000345 
3868.421271 -0.001504 
3867.287644 -0.001422 
3866.154017 -0.000915 
3865.020390 -0.001395 
3863.886763 -0.000771 
3862.753136 -0.000321 
3861.619509 -0.000232 
3860.485882 -0.000761 
3859.352255 -0.001197 
3858.218628 -0.001994 
3857.085001 -0.005281 
3855.951374 -0.006202 
3854.817747 -0.004827 
3853.684120 -0.002669 
3852.550493 -0.000770 
3851.416866 -0.000046 
3850.283239 -0.000136 
3849.149612 -0.000303 
3848.015985 -0.000910 
3846.882358 -0.001038 
3845.748731 -0.001426 
3844.615104 -0.001562 
3843.481477 -0.001160 
3842.347850 -0.002171 
3841.214223 -0.002660 
3840.080596 -0.002499 
3838.946969 -0.002122 
3837.813342 -0.000907 
3836.679716 -0.000688 
3835.546089 -0.000647 
3834.412462 -0.000549 
3833.278835 -0.000123 
3832.145208 0.001096 
3831.011581 0.000834 
3829.877954 -0.000263 
3828.744327 -0.001133 
3827.610700 -0.000887 
3826.477073 -0.000196 
3825.343446 -0.001113 
3824.209819 -0.002342 
3823.076192 -0.002550 
3821.942565 -0.001931 
3820.808938 -0.000638 
3819.675311 -0.000787 
3818.541684 -0.001418 
3817.408057 -0.001053 
3816.274430 0.000157 
3815.140803 0.001267 
3814.007176 0.001055 
3812.873549 0.000746 
3811.739922 0.000537 
3810.606295 -0.000590 
3809.472668 -0.001173 
3808.339041 -0.001140 
3807.205414 -0.000621 
3806.071787 -0.000413 
3804.938160 -0.002019 
3803.804533 -0.002682 
3802.670906 -0.002060 
3801.537279 -0.001309 
3800.403652 -0.000062 
3799.270025 0.000026 
3798.136398 -0.000184 
3797.002771 -0.000181 
3795.869144 0.000384 
3794.735517 0.001304 
3793.601890 0.001147 
3792.468263 0.000565 
3791.334636 0.000201 
3790.201010 -0.000207 
3789.067383 -0.000681 
3787.933756 -0.001399 
3786.800129 -0.001672 
3785.666502 -0.001098 
3784.532875 -0.000741 
3783.399248 -0.000605 
3782.265621 -0.001231 
3781.131994 -0.001618 
3779.998367 -0.001059 
3778.864740 -0.000905 
3777.731113 -0.000402 
3776.597486 -0.000332 
3775.463859 -0.000054 
3774.330232 -0.000041 
3773.196605 -0.000848 
3772.062978 -0.001292 
3770.929351 -0.001630 
3769.795724 -0.001592 
3768.662097 -0.001228 
3767.528470 -0.001281 
3766.394843 -0.000954 
3765.261216 -0.000538 
3764.127589 -0.001200 
3762.993962 -0.001590 
3761.860335 -0.001978 
3760.726708 -0.002283 
3759.593081 -0.001544 
3758.459454 -0.001064 
3757.325827 -0.000474 
3756.192200 -0.000743 
3755.058573 -0.001780 
3753.924946 -0.002472 
3752.791319 -0.003218 
3751.657692 -0.002366 
3750.524065 -0.001558 
3749.390438 -0.000914 
3748.256811 -0.001211 
3747.123184 -0.003201 
3745.989557 -0.003228 
3744.855930 -0.001282 
3743.722304 0.000624 
3742.588677 0.000935 
3741.455050 0.000067 
3740.321423 -0.000670 
3739.187796 -0.001809 
3738.054169 -0.002843 
3736.920542 -0.002558 
3735.786915 -0.002447 
3734.653288 -0.001566 
3733.519661 -0.001316 
3732.386034 -0.000689 
3731.252407 0.000476 
3730.118780 0.000209 
3728.985153 -0.000661 
3727.851526 -0.000108 
3726.717899 -0.000413 
3725.584272 -0.000611 
3724.450645 -0.000237 
3723.317018 0.000324 
3722.183391 0.000739 
3721.049764 0.000304 
3719.916137 0.000055 
3718.782510 -0.000213 
3717.648883 -0.000205 
3716.515256 -0.000255 
3715.381629 -0.001459 
3714.248002 -0.001842 
3713.114375 -0.001638 
3711.980748 -0.001013 
3710.847121 -0.000319 
3709.713494 0.000163 
3708.579867 0.000527 
3707.446240 0.000373 
3706.312613 0.000045 
3705.178986 -0.000177 
3704.045359 -0.000733 
3702.911732 -0.001115 
3701.778105 -0.000724 
3700.644478 -0.000634 
3699.510851 0.000184 
3698.377224 0.000615 
3697.243597 0.000600 
3696.109971 0.000564 
3694.976344 -0.000241 
3693.842717 -0.000300 
3692.709090 -0.000840 
3691.575463 -0.001329 
3690.441836 -0.000362 
3689.308209 0.000277 
3688.174582 0.001721 
3687.040955 0.002263 
3685.907328 0.002121 
3684.773701 0.002372 
3683.640074 0.001652 
3682.506447 0.001139 
3681.372820 0.001105 
3680.239193 0.000252 
3679.105566 -0.001140 
3677.971939 -0.002414 
3676.838312 -0.001980 
3675.704685 -0.000166 
3674.571058 0.000536 
3673.437431 0.000576 
3672.303804 -0.000453 
3671.170177 0.000118 
3670.036550 0.001690 
3668.902923 0.002121 
3667.769296 0.002587 
3666.635669 0.002485 
3665.502042 0.002108 
3664.368415 0.001839 
3663.234788 0.001478 
3662.101161 0.002013 
3660.967534 0.001918 
3659.833907 0.000924 
3658.700280 0.000610 
3657.566653 0.000454 
3656.433026 0.000840 
3655.299399 0.001255 
3654.165772 0.001343 
3653.032145 0.000570 
3651.898518 -0.000364 
3650.764891 -0.001168 
3649.631265 -0.000224 
3648.497638 0.000710 
3647.364011 0.001405 
3646.230384 0.001642 
3645.096757 0.001629 
3643.963130 0.001637 
3642.829503 0.001484 
3641.695876 0.001500 
3640.562249 0.001128 
3639.428622 0.001025 
3638.294995 0.001395 
3637.161368 0.001242 
3636.027741 0.001342 
3634.894114 0.001433 
3633.760487 0.001140 
3632.626860 -0.000108 
3631.493233 -0.002123 
3630.359606 -0.002079 
3629.225979 -0.000002 
3628.092352 0.001598 
3626.958725 0.001944 
3625.825098 0.002120 
3624.691471 0.002131 
3623.557844 0.001808 
3622.424217 0.000967 
3621.290590 -0.000152 
3620.156963 -0.000118 
3619.023336 0.000719 
3617.889709 0.001078 
3616.756082 0.000578 
3615.622455 -0.000147 
3614.488828 -0.000164 
3613.355201 -0.000128 
3612.221574 0.000078 
3611.087947 -0.000375 
3609.954320 -0.000103 
3608.820693 0.000792 
3607.687066 0.001070 
3606.553439 0.001466 
3605.419812 0.001161 
3604.286185 0.000964 
3603.152559 0.001008 
3602.018932 0.001132 
3600.885305 0.001151 
3599.751678 0.000687 
3598.618051 0.000463 
3597.484424 0.000544 
3596.350797 0.000626 
3595.217170 0.000898 
3594.083543 0.000652 
3592.949916 0.000266 
3591.816289 0.000005 
3590.682662 -0.000224 
3589.549035 -0.000944 
3588.415408 -0.000342 
3587.281781 0.000545 
3586.148154 0.001002 
3585.014527 0.000870 
3583.880900 0.000796 
3582.747273 0.000808 
3581.613646 0.000836 
3580.480019 0.000746 
3579.346392 0.000691 
3578.212765 0.000264 
3577.079138 -0.000037 
3575.945511 0.000136 
3574.811884 0.000049 
3573.678257 0.000038 
3572.544630 0.000206 
3571.411003 -0.000388 
3570.277376 -0.001471 
3569.143749 -0.002086 
3568.010122 -0.000910 
3566.876495 0.000071 
3565.742868 0.000495 
3564.609241 0.000445 
3563.475614 0.000624 
3562.341987 0.000552 
3561.208360 0.000567 
3560.074733 0.000552 
3558.941106 0.000283 
3557.807479 0.000255 
3556.673853 0.000113 
3555.540226 -0.000332 
3554.406599 -0.000649 
3553.272972 -0.000497 
3552.139345 -0.000541 
3551.005718 -0.000619 
3549.872091 -0.000167 
3548.738464 -0.000074 
3547.604837 -0.000173 
3546.471210 -0.000043 
3545.337583 0.000513 
3544.203956 0.000965 
3543.070329 0.000332 
3541.936702 0.000109 
3540.803075 0.000294 
3539.669448 0.000346 
3538.535821 0.000571 
3537.402194 0.000338 
3536.268567 0.000014 
3535.134940 -0.000303 
3534.001313 -0.000814 
3532.867686 -0.000350 
3531.734059 -0.000098 
3530.600432 -0.000259 
3529.466805 -0.000304 
3528.333178 -0.000783 
3527.199551 -0.000282 
3526.065924 0.000122 
3524.932297 -0.000108 
3523.798670 -0.000319 
3522.665043 -0.000670 
3521.531416 -0.000635 
3520.397789 -0.000285 
3519.264162 -0.000020 
3518.130535 0.000171 
3516.996908 0.000051 
3515.863281 -0.000109 
3514.729654 -0.000223 
3513.596027 -0.000296 
3512.462400 -0.000169 
3511.328773 -0.000259 
3510.195147 -0.000183 
3509.061520 0.000174 
3507.927893 -0.000211 
3506.794266 -0.000293 
3505.660639 0.000364 
3504.527012 0.000747 
3503.393385 0.000628 
3502.259758 0.000546 
3501.126131 0.000687 
3499.992504 0.000830 
3498.858877 0.001019 
3497.725250 0.001045 
3496.591623 0.000531 
3495.457996 0.000613 
3494.324369 0.000555 
3493.190742 0.000704 
3492.057115 0.000772 
3490.923488 0.000350 
3489.789861 0.000725 
3488.656234 0.001058 
3487.522607 0.001065 
3486.388980 0.000672 
3485.255353 0.000434 
3484.121726 0.000702 
3482.988099 0.001164 
3481.854472 0.001656 
3480.720845 0.001835 
3479.587218 0.001368 
3478.453591 0.001405 
3477.319964 0.001566 
3476.186337 0.001368 
3475.052710 0.001681 
3473.919083 0.001989 
3472.785456 0.002763 
3471.651829 0.003651 
3470.518202 0.003290 
3469.384575 0.003022 
3468.250948 0.002300 
3467.117321 0.001761 
3465.983694 0.001813 
3464.850067 0.001658 
3463.716441 0.002402 
3462.582814 0.002668 
3461.449187 0.002403 
3460.315560 0.002557 
3459.181933 0.002560 
3458.048306 0.002858 
3456.914679 0.002783 
3455.781052 0.002767 
3454.647425 0.003243 
3453.513798 0.003268 
3452.380171 0.003511 
3451.246544 0.003763 
3450.112917 0.003555 
3448.979290 0.003985 
3447.845663 0.004077 
3446.712036 0.004448 
3445.578409 0.004931 
3444.444782 0.004562 
3443.311155 0.005004 
3442.177528 0.005553 
3441.043901 0.006159 
3439.910274 0.007174 
3438.776647 0.007364 
3437.643020 0.007737 
3436.509393 0.007619 
3435.375766 0.007390 
3434.242139 0.008171 
3433.108512 0.008226 
3431.974885 0.008492 
3430.841258 0.009102 
3429.707631 0.009162 
3428.574004 0.009231 
3427.440377 0.009156 
3426.306750 0.009413 
3425.173123 0.009929 
3424.039496 0.010220 
3422.905869 0.010921 
3421.772242 0.011333 
3420.638615 0.011682 
3419.504988 0.012189 
3418.371361 0.012546 
3417.237735 0.013379 
3416.104108 0.013848 
3414.970481 0.014777 
3413.836854 0.015235 
3412.703227 0.015288 
3411.569600 0.016415 
3410.435973 0.016908 
3409.302346 0.017202 
3408.168719 0.017941 
3407.035092 0.018119 
3405.901465 0.019193 
3404.767838 0.020576 
3403.634211 0.021687 
3402.500584 0.022449 
3401.366957 0.022152 
3400.233330 0.022247 
3399.099703 0.022569 
3397.966076 0.023041 
3396.832449 0.024351 
3395.698822 0.025279 
3394.565195 0.026594 
3393.431568 0.027669 
3392.297941 0.027290 
3391.164314 0.027772 
3390.030687 0.028402 
3388.897060 0.029157 
3387.763433 0.030638 
3386.629806 0.030880 
3385.496179 0.031754 
3384.362552 0.032856 
3383.228925 0.033677 
3382.095298 0.034832 
3380.961671 0.035307 
3379.828044 0.036296 
3378.694417 0.037319 
3377.560790 0.037803 
3376.427163 0.038899 
3375.293536 0.039735 
3374.159909 0.040877 
3373.026282 0.042066 
3371.892655 0.043002 
3370.759029 0.044437 
3369.625402 0.045241 
3368.491775 0.045896 
3367.358148 0.046561 
3366.224521 0.047396 
3365.090894 0.048717 
3363.957267 0.049397 
3362.823640 0.050217 
3361.690013 0.051164 
3360.556386 0.051515 
3359.422759 0.052727 
3358.289132 0.053941 
3357.155505 0.054694 
3356.021878 0.055624 
3354.888251 0.056489 
3353.754624 0.057956 
3352.620997 0.059046 
3351.487370 0.059698 
3350.353743 0.060750 
3349.220116 0.060990 
3348.086489 0.062080 
3346.952862 0.063408 
3345.819235 0.064334 
3344.685608 0.065334 
3343.551981 0.065921 
3342.418354 0.067148 
3341.284727 0.068482 
3340.151100 0.069041 
3339.017473 0.069849 
3337.883846 0.070573 
3336.750219 0.071463 
3335.616592 0.072795 
3334.482965 0.073513 
3333.349338 0.074469 
3332.215711 0.075454 
3331.082084 0.076400 
3329.948457 0.077495 
3328.814830 0.078063 
3327.681203 0.079393 
3326.547576 0.080480 
3325.413949 0.081437 
3324.280323 0.082668 
3323.146696 0.083457 
3322.013069 0.084456 
3320.879442 0.085391 
3319.745815 0.086390 
3318.612188 0.087534 
3317.478561 0.088148 
3316.344934 0.089055 
3315.211307 0.090182 
3314.077680 0.091172 
3312.944053 0.092694 
3311.810426 0.093467 
3310.676799 0.094362 
3309.543172 0.095652 
3308.409545 0.096897 
3307.275918 0.098168 
3306.142291 0.098657 
3305.008664 0.099606 
3303.875037 0.100715 
3302.741410 0.101409 
3301.607783 0.102430 
3300.474156 0.103345 
3299.340529 0.104463 
3298.206902 0.105812 
3297.073275 0.106428 
3295.939648 0.107649 
3294.806021 0.108872 
3293.672394 0.110213 
3292.538767 0.111249 
3291.405140 0.111866 
3290.271513 0.112921 
3289.137886 0.114254 
3288.004259 0.115364 
3286.870632 0.116472 
3285.737005 0.117447 
3284.603378 0.118664 
3283.469751 0.119931 
3282.336124 0.120546 
3281.202497 0.121822 
3280.068870 0.122891 
3278.935243 0.123828 
3277.801617 0.125316 
3276.667990 0.126527 
3275.534363 0.127760 
3274.400736 0.128776 
3273.267109 0.129879 
3272.133482 0.131239 
3270.999855 0.132344 
3269.866228 0.133678 
3268.732601 0.134886 
3267.598974 0.136125 
3266.465347 0.137304 
3265.331720 0.138270 
3264.198093 0.139402 
3263.064466 0.140437 
3261.930839 0.141591 
3260.797212 0.142759 
3259.663585 0.143430 
3258.529958 0.144471 
3257.396331 0.145893 
3256.262704 0.147256 
3255.129077 0.148583 
3253.995450 0.149623 
3252.861823 0.150835 
3251.728196 0.151984 
3250.594569 0.152958 
3249.460942 0.154078 
3248.327315 0.154965 
3247.193688 0.156198 
3246.060061 0.157623 
3244.926434 0.158629 
3243.792807 0.159690 
3242.659180 0.160661 
3241.525553 0.161914 
3240.391926 0.163202 
3239.258299 0.163968 
3238.124672 0.165120 
3236.991045 0.166012 
3235.857418 0.166951 
3234.723791 0.168483 
3233.590164 0.169910 
3232.456537 0.170948 
3231.322911 0.171835 
3230.189284 0.172991 
3229.055657 0.174124 
3227.922030 0.175137 
3226.788403 0.176579 
3225.654776 0.177909 
3224.521149 0.178730 
3223.387522 0.179714 
3222.253895 0.180593 
3221.120268 0.181745 
3219.986641 0.183132 
3218.853014 0.184077 
3217.719387 0.185145 
3216.585760 0.186017 
3215.452133 0.187159 
3214.318506 0.188405 
3213.184879 0.189161 
3212.051252 0.190012 
3210.917625 0.190927 
3209.783998 0.191757 
3208.650371 0.192630 
3207.516744 0.193477 
3206.383117 0.194415 
3205.249490 0.195218 
3204.115863 0.196089 
3202.982236 0.197305 
3201.848609 0.198341 
3200.714982 0.199145 
3199.581355 0.199882 
3198.447728 0.200543 
3197.314101 0.201250 
3196.180474 0.202121 
3195.046847 0.203034 
3193.913220 0.203982 
3192.779593 0.204780 
3191.645966 0.205276 
3190.512339 0.206080 
3189.378712 0.206707 
3188.245085 0.207192 
3187.111458 0.208118 
3185.977831 0.208861 
3184.844205 0.209651 
3183.710578 0.210788 
3182.576951 0.211587 
3181.443324 0.212363 
3180.309697 0.213232 
3179.176070 0.213969 
3178.042443 0.214762 
3176.908816 0.215843 
3175.775189 0.216789 
3174.641562 0.217149 
3173.507935 0.217652 
3172.374308 0.218683 
3171.240681 0.219663 
3170.107054 0.220339 
3168.973427 0.221046 
3167.839800 0.221641 
3166.706173 0.222675 
3165.572546 0.223448 
3164.438919 0.224043 
3163.305292 0.224865 
3162.171665 0.225304 
3161.038038 0.226198 
3159.904411 0.226634 
3158.770784 0.227036 
3157.637157 0.228021 
3156.503530 0.228270 
3155.369903 0.228643 
3154.236276 0.229822 
3153.102649 0.231154 
3151.969022 0.231717 
3150.835395 0.232085 
3149.701768 0.233290 
3148.568141 0.233969 
3147.434514 0.234520 
3146.300887 0.235187 
3145.167260 0.235893 
3144.033633 0.236873 
3142.900006 0.237311 
3141.766379 0.237826 
3140.632752 0.239318 
3139.499125 0.240486 
3138.365498 0.241467 
3137.231872 0.242165 
3136.098245 0.242326 
3134.964618 0.242589 
3133.830991 0.243032 
3132.697364 0.243650 
3131.563737 0.244239 
3130.430110 0.244792 
3129.296483 0.245706 
3128.162856 0.245971 
3127.029229 0.246434 
3125.895602 0.247646 
3124.761975 0.247905 
3123.628348 0.247828 
3122.494721 0.248450 
3121.361094 0.249662 
3120.227467 0.250672 
3119.093840 0.251256 
3117.960213 0.252606 
3116.826586 0.253792 
3115.692959 0.254663 
3114.559332 0.255505 
3113.425705 0.255842 
3112.292078 0.256381 
3111.158451 0.257356 
3110.024824 0.258897 
3108.891197 0.260562 
3107.757570 0.261884 
3106.623943 0.262793 
3105.490316 0.263848 
3104.356689 0.264632 
3103.223062 0.265473 
3102.089435 0.266437 
3100.955808 0.267628 
3099.822181 0.268999 
3098.688554 0.269984 
3097.554927 0.270908 
3096.421300 0.271246 
3095.287673 0.271525 
3094.154046 0.272129 
3093.020419 0.272299 
3091.886792 0.273064 
3090.753166 0.273544 
3089.619539 0.273829 
3088.485912 0.274337 
3087.352285 0.274033 
3086.218658 0.274348 
3085.085031 0.274765 
3083.951404 0.274874 
3082.817777 0.275238 
3081.684150 0.275704 
3080.550523 0.276665 
3079.416896 0.277720 
3078.283269 0.278072 
3077.149642 0.278435 
3076.016015 0.278312 
3074.882388 0.278579 
3073.748761 0.279105 
3072.615134 0.279300 
3071.481507 0.280248 
3070.347880 0.280201 
3069.214253 0.280524 
3068.080626 0.281823 
3066.946999 0.282501 
3065.813372 0.283031 
3064.679745 0.283415 
3063.546118 0.283758 
3062.412491 0.284465 
3061.278864 0.284727 
3060.145237 0.285540 
3059.011610 0.286399 
3057.877983 0.286966 
3056.744356 0.287982 
3055.610729 0.289073 
3054.477102 0.289612 
3053.343475 0.290173 
3052.209848 0.291487 
3051.076221 0.293327 
3049.942594 0.294540 
3048.808967 0.295439 
3047.675340 0.296303 
3046.541713 0.297253 
3045.408086 0.299290 
3044.274460 0.300759 
3043.140833 0.302498 
3042.007206 0.304836 
3040.873579 0.306449 
3039.739952 0.307759 
3038.606325 0.308495 
3037.472698 0.309337 
3036.339071 0.311015 
3035.205444 0.312595 
3034.071817 0.314432 
3032.938190 0.315369 
3031.804563 0.316771 
3030.670936 0.318530 
3029.537309 0.318637 
3028.403682 0.319166 
3027.270055 0.319479 
3026.136428 0.319480 
3025.002801 0.319647 
3023.869174 0.318605 
3022.735547 0.317451 
3021.601920 0.316112 
3020.468293 0.314033 
3019.334666 0.312879 
3018.201039 0.310816 
3017.067412 0.308476 
3015.933785 0.307229 
3014.800158 0.305065 
3013.666531 0.303174 
3012.532904 0.301935 
3011.399277 0.300929 
3010.265650 0.299839 
3009.132023 0.298137 
3007.998396 0.297300 
3006.864769 0.295921 
3005.731142 0.294663 
3004.597515 0.294845 
3003.463888 0.294444 
3002.330261 0.294441 
3001.196634 0.294157 
3000.063007 0.293669 
2998.929380 0.294321 
2997.795754 0.294336 
2996.662127 0.294102 
2995.528500 0.293666 
2994.394873 0.292753 
2993.261246 0.292858 
2992.127619 0.292276 
2990.993992 0.290948 
2989.860365 0.289298 
2988.726738 0.287441 
2987.593111 0.286318 
2986.459484 0.284165 
2985.325857 0.282181 
2984.192230 0.280714 
2983.058603 0.278620 
2981.924976 0.277228 
2980.791349 0.275666 
2979.657722 0.273690 
2978.524095 0.272063 
2977.390468 0.269369 
2976.256841 0.267425 
2975.123214 0.265958 
2973.989587 0.264525 
2972.855960 0.263415 
2971.722333 0.261518 
2970.588706 0.260027 
2969.455079 0.258998 
2968.321452 0.257506 
2967.187825 0.256614 
2966.054198 0.255262 
2964.920571 0.254466 
2963.786944 0.253867 
2962.653317 0.252547 
2961.519690 0.251846 
2960.386063 0.250414 
2959.252436 0.249707 
2958.118809 0.249197 
2956.985182 0.247919 
2955.851555 0.247731 
2954.717928 0.247732 
2953.584301 0.248129 
2952.450674 0.248961 
2951.317048 0.249348 
2950.183421 0.250471 
2949.049794 0.251876 
2947.916167 0.253145 
2946.782540 0.254525 
2945.648913 0.256147 
2944.515286 0.258214 
2943.381659 0.259502 
2942.248032 0.259947 
2941.114405 0.260595 
2939.980778 0.260067 
2938.847151 0.259230 
2937.713524 0.258260 
2936.579897 0.256823 
2935.446270 0.255711 
2934.312643 0.254315 
2933.179016 0.252769 
2932.045389 0.251378 
2930.911762 0.250063 
2929.778135 0.249080 
2928.644508 0.248071 
2927.510881 0.247124 
2926.377254 0.246132 
2925.243627 0.244718 
2924.110000 0.243716 
2922.976373 0.242532 
2921.842746 0.241246 
2920.709119 0.239943 
2919.575492 0.238081 
2918.441865 0.236377 
2917.308238 0.234892 
2916.174611 0.233304 
2915.040984 0.231874 
2913.907357 0.229923 
2912.773730 0.227746 
2911.640103 0.225652 
2910.506476 0.223070 
2909.372849 0.221134 
2908.239222 0.218758 
2907.105595 0.216174 
2905.971968 0.214031 
2904.838342 0.211343 
2903.704715 0.208677 
2902.571088 0.206139 
2901.437461 0.203528 
2900.303834 0.201275 
2899.170207 0.199203 
2898.036580 0.196944 
2896.902953 0.194525 
2895.769326 0.191909 
2894.635699 0.189795 
2893.502072 0.187350 
2892.368445 0.185120 
2891.234818 0.182967 
2890.101191 0.180718 
2888.967564 0.178857 
2887.833937 0.176906 
2886.700310 0.175083 
2885.566683 0.173027 
2884.433056 0.171019 
2883.299429 0.169575 
2882.165802 0.167792 
2881.032175 0.166170 
2879.898548 0.164749 
2878.764921 0.163177 
2877.631294 0.162045 
2876.497667 0.161097 
2875.364040 0.160349 
2874.230413 0.159422 
2873.096786 0.158062 
2871.963159 0.157247 
2870.829532 0.156507 
2869.695905 0.155647 
2868.562278 0.155023 
2867.428651 0.154551 
2866.295024 0.153963 
2865.161397 0.153301 
2864.027770 0.153012 
2862.894143 0.152725 
2861.760516 0.151764 
2860.626889 0.151182 
2859.493262 0.150570 
2858.359636 0.149590 
2857.226009 0.148948 
2856.092382 0.148219 
2854.958755 0.147483 
2853.825128 0.146310 
2852.691501 0.144835 
2851.557874 0.143901 
2850.424247 0.142804 
2849.290620 0.141426 
2848.156993 0.139860 
2847.023366 0.138210 
2845.889739 0.136359 
2844.756112 0.134529 
2843.622485 0.132977 
2842.488858 0.131022 
2841.355231 0.129101 
2840.221604 0.127420 
2839.087977 0.125576 
2837.954350 0.123581 
2836.820723 0.121915 
2835.687096 0.120288 
2834.553469 0.118873 
2833.419842 0.117550 
2832.286215 0.116381 
2831.152588 0.115534 
2830.018961 0.114731 
2828.885334 0.114087 
2827.751707 0.113705 
2826.618080 0.113401 
2825.484453 0.113181 
2824.350826 0.112961 
2823.217199 0.112884 
2822.083572 0.112588 
2820.949945 0.112599 
2819.816318 0.112939 
2818.682691 0.113395 
2817.549064 0.113709 
2816.415437 0.113780 
2815.281810 0.114097 
2814.148183 0.114311 
2813.014556 0.114512 
2811.880930 0.114788 
2810.747303 0.114528 
2809.613676 0.114086 
2808.480049 0.113695 
2807.346422 0.113350 
2806.212795 0.112884 
2805.079168 0.112173 
2803.945541 0.111439 
2802.811914 0.110640 
2801.678287 0.109799 
2800.544660 0.109190 
2799.411033 0.108094 
2798.277406 0.106828 
2797.143779 0.105690 
2796.010152 0.104109 
2794.876525 0.102648 
2793.742898 0.101235 
2792.609271 0.099806 
2791.475644 0.098193 
2790.342017 0.096475 
2789.208390 0.095147 
2788.074763 0.093462 
2786.941136 0.091802 
2785.807509 0.090566 
2784.673882 0.089149 
2783.540255 0.088137 
2782.406628 0.087176 
2781.273001 0.086178 
2780.139374 0.085326 
2779.005747 0.084728 
2777.872120 0.084420 
2776.738493 0.084151 
2775.604866 0.083841 
2774.471239 0.083906 
2773.337612 0.083951 
2772.203985 0.083942 
2771.070358 0.083922 
2769.936731 0.083873 
2768.803104 0.084056 
2767.669477 0.084399 
2766.535850 0.085026 
2765.402224 0.085426 
2764.268597 0.085858 
2763.134970 0.086724 
2762.001343 0.087171 
2760.867716 0.087734 
2759.734089 0.088332 
2758.600462 0.088655 
2757.466835 0.089261 
2756.333208 0.089714 
2755.199581 0.090204 
2754.065954 0.090500 
2752.932327 0.090330 
2751.798700 0.090773 
2750.665073 0.090806 
2749.531446 0.090810 
2748.397819 0.091174 
2747.264192 0.091009 
2746.130565 0.090897 
2744.996938 0.090545 
2743.863311 0.090335 
2742.729684 0.090454 
2741.596057 0.090104 
2740.462430 0.090003 
2739.328803 0.089983 
2738.195176 0.089720 
2737.061549 0.089621 
2735.927922 0.089354 
2734.794295 0.089251 
2733.660668 0.088833 
2732.527041 0.088321 
2731.393414 0.088433 
2730.259787 0.088070 
2729.126160 0.087872 
2727.992533 0.087980 
2726.858906 0.087856 
2725.725279 0.087822 
2724.591652 0.087874 
2723.458025 0.088382 
2722.324398 0.088829 
2721.190771 0.089254 
2720.057144 0.090185 
2718.923518 0.090984 
2717.789891 0.091780 
2716.656264 0.092898 
2715.522637 0.093733 
2714.389010 0.094822 
2713.255383 0.095590 
2712.121756 0.096026 
2710.988129 0.097061 
2709.854502 0.097502 
2708.720875 0.098393 
2707.587248 0.099007 
2706.453621 0.099297 
2705.319994 0.100005 
2704.186367 0.100448 
2703.052740 0.101288 
2701.919113 0.102272 
2700.785486 0.102995 
2699.651859 0.104262 
2698.518232 0.105149 
2697.384605 0.106232 
2696.250978 0.107296 
2695.117351 0.107783 
2693.983724 0.108376 
2692.850097 0.108504 
2691.716470 0.108388 
2690.582843 0.108367 
2689.449216 0.107871 
2688.315589 0.107347 
2687.181962 0.106279 
2686.048335 0.105040 
2684.914708 0.104126 
2683.781081 0.102672 
2682.647454 0.101649 
2681.513827 0.100434 
2680.380200 0.098890 
2679.246573 0.097943 
2678.112946 0.096691 
2676.979319 0.095788 
2675.845692 0.094849 
2674.712065 0.093397 
2673.578438 0.092514 
2672.444812 0.091365 
2671.311185 0.090194 
2670.177558 0.089408 
2669.043931 0.088426 
2667.910304 0.087793 
2666.776677 0.087041 
2665.643050 0.086438 
2664.509423 0.086092 
2663.375796 0.085511 
2662.242169 0.085714 
2661.108542 0.085970 
2659.974915 0.086222 
2658.841288 0.087397 
2657.707661 0.088118 
2656.574034 0.089402 
2655.440407 0.091106 
2654.306780 0.092850 
2653.173153 0.095473 
2652.039526 0.097705 
2650.905899 0.100301 
2649.772272 0.102995 
2648.638645 0.105202 
2647.505018 0.107861 
2646.371391 0.109875 
2645.237764 0.111412 
2644.104137 0.112843 
2642.970510 0.113271 
2641.836883 0.113190 
2640.703256 0.112288 
2639.569629 0.110928 
2638.436002 0.109233 
2637.302375 0.106852 
2636.168748 0.104702 
2635.035121 0.102252 
2633.901494 0.099806 
2632.767867 0.097643 
2631.634240 0.094806 
2630.500613 0.092573 
2629.366986 0.090536 
2628.233359 0.088326 
2627.099732 0.086743 
2625.966106 0.084976 
2624.832479 0.083391 
2623.698852 0.081982 
2622.565225 0.080558 
2621.431598 0.079771 
2620.297971 0.078466 
2619.164344 0.077394 
2618.030717 0.076689 
2616.897090 0.075738 
2615.763463 0.075609 
2614.629836 0.075194 
2613.496209 0.074835 
2612.362582 0.074693 
2611.228955 0.074302 
2610.095328 0.074480 
2608.961701 0.074489 
2607.828074 0.074513 
2606.694447 0.075027 
2605.560820 0.075060 
2604.427193 0.075633 
2603.293566 0.076214 
2602.159939 0.076521 
2601.026312 0.077156 
2599.892685 0.077478 
2598.759058 0.078319 
2597.625431 0.079089 
2596.491804 0.079577 
2595.358177 0.080409 
2594.224550 0.081107 
2593.090923 0.082144 
2591.957296 0.083320 
2590.823669 0.084264 
2589.690042 0.085481 
2588.556415 0.086547 
2587.422788 0.087655 
2586.289161 0.088953 
2585.155534 0.089636 
2584.021907 0.090616 
2582.888280 0.091383 
2581.754653 0.091870 
2580.621026 0.092409 
2579.487399 0.092324 
2578.353773 0.092264 
2577.220146 0.091878 
2576.086519 0.091351 
2574.952892 0.090994 
2573.819265 0.089944 
2572.685638 0.089072 
2571.552011 0.088046 
2570.418384 0.086853 
2569.284757 0.086107 
2568.151130 0.084584 
2567.017503 0.083166 
2565.883876 0.081967 
2564.750249 0.080588 
2563.616622 0.079218 
2562.482995 0.077633 
2561.349368 0.076321 
2560.215741 0.075234 
2559.082114 0.073766 
2557.948487 0.072601 
2556.814860 0.071257 
2555.681233 0.069964 
2554.547606 0.068870 
2553.413979 0.067282 
2552.280352 0.066208 
2551.146725 0.065134 
2550.013098 0.063990 
2548.879471 0.063066 
2547.745844 0.061751 
2546.612217 0.060777 
2545.478590 0.059676 
2544.344963 0.058419 
2543.211336 0.057504 
2542.077709 0.056325 
2540.944082 0.055328 
2539.810455 0.054385 
2538.676828 0.053175 
2537.543201 0.052298 
2536.409574 0.051296 
2535.275947 0.050293 
2534.142320 0.049367 
2533.008693 0.048111 
2531.875067 0.047164 
2530.741440 0.046372 
2529.607813 0.045689 
2528.474186 0.044940 
2527.340559 0.043967 
2526.206932 0.043169 
2525.073305 0.042306 
2523.939678 0.041406 
2522.806051 0.040463 
2521.672424 0.039400 
2520.538797 0.038706 
2519.405170 0.037942 
2518.271543 0.037018 
2517.137916 0.036444 
2516.004289 0.035593 
2514.870662 0.034723 
2513.737035 0.034032 
2512.603408 0.033233 
2511.469781 0.032611 
2510.336154 0.031965 
2509.202527 0.031444 
2508.068900 0.030833 
2506.935273 0.030025 
2505.801646 0.029545 
2504.668019 0.029038 
2503.534392 0.028560 
2502.400765 0.028054 
2501.267138 0.027369 
2500.133511 0.027032 
2498.999884 0.026586 
2497.866257 0.026234 
2496.732630 0.025969 
2495.599003 0.025507 
2494.465376 0.025138 
2493.331749 0.024811 
2492.198122 0.024660 
2491.064495 0.024381 
2489.930868 0.023907 
2488.797241 0.023681 
2487.663614 0.023376 
2486.529987 0.022838 
2485.396361 0.022369 
2484.262734 0.021977 
2483.129107 0.021722 
2481.995480 0.021421 
2480.861853 0.020961 
2479.728226 0.020868 
2478.594599 0.020636 
2477.460972 0.020195 
2476.327345 0.019640 
2475.193718 0.019176 
2474.060091 0.018872 
2472.926464 0.018478 
2471.792837 0.018117 
2470.659210 0.017729 
2469.525583 0.017248 
2468.391956 0.016881 
2467.258329 0.016574 
2466.124702 0.016221 
2464.991075 0.015671 
2463.857448 0.015215 
2462.723821 0.014977 
2461.590194 0.014736 
2460.456567 0.014259 
2459.322940 0.013803 
2458.189313 0.013381 
2457.055686 0.013018 
2455.922059 0.012765 
2454.788432 0.012270 
2453.654805 0.011928 
2452.521178 0.011706 
2451.387551 0.011360 
2450.253924 0.011042 
2449.120297 0.010792 
2447.986670 0.010460 
2446.853043 0.010235 
2445.719416 0.010174 
2444.585789 0.010041 
2443.452162 0.009856 
2442.318535 0.009700 
2441.184908 0.009531 
2440.051281 0.009412 
2438.917655 0.009316 
2437.784028 0.009164 
2436.650401 0.008999 
2435.516774 0.008961 
2434.383147 0.009044 
2433.249520 0.008934 
2432.115893 0.008817 
2430.982266 0.008671 
2429.848639 0.008476 
2428.715012 0.008466 
2427.581385 0.008553 
2426.447758 0.008518 
2425.314131 0.008054 
2424.180504 0.007662 
2423.046877 0.007536 
2421.913250 0.007199 
2420.779623 0.006931 
2419.645996 0.006741 
2418.512369 0.006350 
2417.378742 0.006199 
2416.245115 0.005945 
2415.111488 0.005724 
2413.977861 0.005583 
2412.844234 0.005198 
2411.710607 0.004882 
2410.576980 0.004591 
2409.443353 0.004435 
2408.309726 0.004357 
2407.176099 0.004218 
2406.042472 0.004094 
2404.908845 0.003868 
2403.775218 0.003838 
2402.641591 0.003826 
2401.507964 0.003461 
2400.374337 0.003381 
2399.240710 0.003192 
2398.107083 0.002919 
2396.973456 0.002807 
2395.839829 0.002670 
2394.706202 0.002719 
2393.572575 0.002724 
2392.438949 0.002476 
2391.305322 0.002431 
2390.171695 0.002325 
2389.038068 0.002226 
2387.904441 0.002209 
2386.770814 0.002104 
2385.637187 0.002136 
2384.503560 0.002033 
2383.369933 0.001936 
2382.236306 0.001974 
2381.102679 0.001744 
2379.969052 0.001746 
2378.835425 0.001754 
2377.701798 0.001578 
2376.568171 0.001462 
2375.434544 0.001302 
2374.300917 0.001289 
2373.167290 0.000999 
2372.033663 0.000735 
2370.900036 0.000583 
2369.766409 0.000177 
2368.632782 0.000241 
2367.499155 0.000094 
2366.365528 -0.000221 
2365.231901 -0.000063 
2364.098274 -0.000113 
2362.964647 -0.000011 
2361.831020 0.000063 
2360.697393 -0.000068 
2359.563766 0.000236 
2358.430139 0.000170 
2357.296512 0.000383 
2356.162885 0.000671 
2355.029258 0.000615 
2353.895631 0.001131 
2352.762004 0.001141 
2351.628377 0.001288 
2350.494750 0.001451 
2349.361123 0.000591 
2348.227496 0.000102 
2347.093869 -0.000065 
2345.960243 -0.000106 
2344.826616 0.000084 
2343.692989 0.000150 
2342.559362 0.000423 
2341.425735 0.000447 
2340.292108 0.000364 
2339.158481 0.000495 
2338.024854 0.000116 
2336.891227 -0.000056 
2335.757600 -0.000036 
2334.623973 -0.000087 
2333.490346 0.000074 
2332.356719 -0.000087 
2331.223092 -0.000162 
2330.089465 0.000054 
2328.955838 0.000122 
2327.822211 0.000043 
2326.688584 -0.000144 
2325.554957 -0.000022 
2324.421330 0.000133 
2323.287703 0.000047 
2322.154076 0.000182 
2321.020449 0.000174 
2319.886822 0.000129 
2318.753195 0.000248 
2317.619568 0.000389 
2316.485941 0.000507 
2315.352314 0.000522 
2314.218687 0.000514 
2313.085060 0.000591 
2311.951433 0.000394 
2310.817806 0.000652 
2309.684179 0.000862 
2308.550552 0.000763 
2307.416925 0.001100 
2306.283298 0.000889 
2305.149671 0.000751 
2304.016044 0.000709 
2302.882417 0.000660 
2301.748790 0.000932 
2300.615163 0.000721 
2299.481537 0.000604 
2298.347910 0.000736 
2297.214283 0.000404 
2296.080656 0.000451 
2294.947029 0.000183 
2293.813402 0.000032 
2292.679775 0.000133 
2291.546148 -0.000063 
2290.412521 0.000201 
2289.278894 0.000161 
2288.145267 -0.000017 
2287.011640 0.000165 
2285.878013 0.000098 
2284.744386 0.000252 
2283.610759 0.000375 
2282.477132 0.000258 
2281.343505 0.000581 
2280.209878 0.000767 
2279.076251 0.001192 
2277.942624 0.001410 
2276.808997 0.001325 
2275.675370 0.001660 
2274.541743 0.001567 
2273.408116 0.001742 
2272.274489 0.002019 
2271.140862 0.001957 
2270.007235 0.002338 
2268.873608 0.002364 
2267.739981 0.002532 
2266.606354 0.002910 
2265.472727 0.002777 
2264.339100 0.002903 
2263.205473 0.002898 
2262.071846 0.003006 
2260.938219 0.003330 
2259.804592 0.003008 
2258.670965 0.003019 
2257.537338 0.003021 
2256.403711 0.002806 
2255.270084 0.002793 
2254.136457 0.002410 
2253.002831 0.002298 
2251.869204 0.002012 
2250.735577 0.001449 
2249.601950 0.001337 
2248.468323 0.000905 
2247.334696 0.000853 
2246.201069 0.000851 
2245.067442 0.000420 
2243.933815 0.000447 
2242.800188 0.000061 
2241.666561 -0.000248 
2240.532934 -0.000382 
2239.399307 -0.000591 
2238.265680 -0.000382 
2237.132053 -0.000637 
2235.998426 -0.000752 
2234.864799 -0.000632 
2233.731172 -0.000667 
2232.597545 -0.000571 
2231.463918 -0.000686 
2230.330291 -0.000789 
2229.196664 -0.000558 
2228.063037 -0.000761 
2226.929410 -0.000638 
2225.795783 -0.000453 
2224.662156 -0.000568 
2223.528529 -0.000441 
2222.394902 -0.000764 
2221.261275 -0.000964 
2220.127648 -0.000915 
2218.994021 -0.001133 
2217.860394 -0.001092 
2216.726767 -0.001210 
2215.593140 -0.001338 
2214.459513 -0.001432 
2213.325886 -0.001680 
2212.192259 -0.001641 
2211.058632 -0.001690 
2209.925005 -0.001811 
2208.791378 -0.001836 
2207.657751 -0.002023 
2206.524125 -0.001845 
2205.390498 -0.001941 
2204.256871 -0.002180 
2203.123244 -0.001872 
2201.989617 -0.001920 
2200.855990 -0.001919 
2199.722363 -0.002037 
2198.588736 -0.002053 
2197.455109 -0.001730 
2196.321482 -0.001877 
2195.187855 -0.001774 
2194.054228 -0.001600 
2192.920601 -0.001769 
2191.786974 -0.001480 
2190.653347 -0.001478 
2189.519720 -0.001395 
2188.386093 -0.001197 
2187.252466 -0.001175 
2186.118839 -0.000861 
2184.985212 -0.000775 
2183.851585 -0.000628 
2182.717958 -0.000432 
2181.584331 -0.000750 
2180.450704 -0.000697 
2179.317077 -0.000642 
2178.183450 -0.000769 
2177.049823 -0.000622 
2175.916196 -0.000746 
2174.782569 -0.000629 
2173.648942 -0.000641 
2172.515315 -0.000874 
2171.381688 -0.000821 
2170.248061 -0.000862 
2169.114434 -0.000807 
2167.980807 -0.000899 
2166.847180 -0.000941 
2165.713553 -0.000808 
2164.579926 -0.000983 
2163.446299 -0.000846 
2162.312672 -0.000651 
2161.179045 -0.000728 
2160.045419 -0.000615 
2158.911792 -0.000492 
2157.778165 -0.000420 
2156.644538 -0.000263 
2155.510911 -0.000231 
2154.377284 -0.000142 
2153.243657 -0.000195 
2152.110030 -0.000187 
2150.976403 0.000104 
2149.842776 -0.000080 
2148.709149 -0.000132 
2147.575522 -0.000109 
2146.441895 -0.000239 
2145.308268 -0.000260 
2144.174641 -0.000402 
2143.041014 -0.000414 
2141.907387 -0.000368 
2140.773760 -0.000296 
2139.640133 -0.000131 
2138.506506 -0.000231 
2137.372879 -0.000187 
2136.239252 -0.000105 
2135.105625 -0.000207 
2133.971998 -0.000094 
2132.838371 -0.000159 
2131.704744 -0.000103 
2130.571117 0.000033 
2129.437490 -0.000149 
2128.303863 -0.000002 
2127.170236 0.000086 
2126.036609 0.000102 
2124.902982 0.000387 
2123.769355 0.000493 
2122.635728 0.000525 
2121.502101 0.000655 
2120.368474 0.000739 
2119.234847 0.000936 
2118.101220 0.000887 
2116.967593 0.000885 
2115.833966 0.001040 
2114.700339 0.001071 
2113.566713 0.001075 
2112.433086 0.001066 
2111.299459 0.001199 
2110.165832 0.001253 
2109.032205 0.001130 
2107.898578 0.001326 
2106.764951 0.001223 
2105.631324 0.001125 
2104.497697 0.001202 
2103.364070 0.001162 
2102.230443 0.001259 
2101.096816 0.001136 
2099.963189 0.000985 
2098.829562 0.001008 
2097.695935 0.001062 
2096.562308 0.001098 
2095.428681 0.001064 
2094.295054 0.001012 
2093.161427 0.001004 
2092.027800 0.000902 
2090.894173 0.000922 
2089.760546 0.000901 
2088.626919 0.000836 
2087.493292 0.000672 
2086.359665 0.000541 
2085.226038 0.000576 
2084.092411 0.000524 
2082.958784 0.000462 
2081.825157 0.000399 
2080.691530 0.000457 
2079.557903 0.000448 
2078.424276 0.000291 
2077.290649 0.000328 
2076.157022 0.000383 
2075.023395 0.000248 
2073.889768 0.000240 
2072.756141 0.000373 
2071.622514 0.000249 
2070.488887 0.000110 
2069.355260 0.000174 
2068.221633 0.000171 
2067.088007 -0.000067 
2065.954380 -0.000098 
2064.820753 0.000099 
2063.687126 0.000060 
2062.553499 -0.000040 
2061.419872 0.000093 
2060.286245 0.000170 
2059.152618 -0.000021 
2058.018991 -0.000012 
2056.885364 0.000065 
2055.751737 0.000049 
2054.618110 0.000085 
2053.484483 0.000026 
2052.350856 0.000092 
2051.217229 0.000134 
2050.083602 0.000056 
2048.949975 0.000150 
2047.816348 0.000167 
2046.682721 0.000191 
2045.549094 0.000282 
2044.415467 0.000357 
2043.281840 0.000245 
2042.148213 0.000247 
2041.014586 0.000396 
2039.880959 0.000440 
2038.747332 0.000429 
2037.613705 0.000537 
2036.480078 0.000490 
2035.346451 0.000324 
2034.212824 0.000293 
2033.079197 0.000276 
2031.945570 0.000249 
2030.811943 0.000352 
2029.678316 0.000213 
2028.544689 0.000104 
2027.411062 0.000230 
2026.277435 0.000294 
2025.143808 0.000280 
2024.010181 0.000101 
2022.876554 0.000251 
2021.742927 0.000202 
2020.609301 0.000030 
2019.475674 0.000093 
2018.342047 -0.000123 
2017.208420 0.000055 
2016.074793 0.000381 
2014.941166 0.000525 
2013.807539 0.000473 
2012.673912 0.000223 
2011.540285 0.000176 
2010.406658 0.000206 
2009.273031 0.000155 
2008.139404 0.000317 
2007.005777 0.000185 
2005.872150 0.000126 
2004.738523 0.000266 
2003.604896 0.000157 
2002.471269 0.000240 
2001.337642 0.000113 
2000.204015 0.000021 
1999.070388 0.000165 
1997.936761 0.000192 
1996.803134 0.000247 
1995.669507 0.000249 
1994.535880 -0.000038 
1993.402253 -0.000342 
1992.268626 -0.000016 
1991.134999 0.000344 
1990.001372 0.000212 
1988.867745 0.000103 
1987.734118 0.000180 
1986.600491 -0.000083 
1985.466864 -0.000053 
1984.333237 0.000056 
1983.199610 -0.000229 
1982.065983 -0.000213 
1980.932356 -0.000500 
1979.798729 -0.000622 
1978.665102 -0.000446 
1977.531475 -0.000547 
1976.397848 -0.000414 
1975.264221 -0.000482 
1974.130594 -0.000624 
1972.996968 -0.000565 
1971.863341 -0.000695 
1970.729714 -0.000531 
1969.596087 -0.000720 
1968.462460 -0.001004 
1967.328833 -0.000545 
1966.195206 -0.000229 
1965.061579 -0.000212 
1963.927952 -0.000276 
1962.794325 -0.000322 
1961.660698 -0.000046 
1960.527071 -0.000167 
1959.393444 -0.000250 
1958.259817 -0.000128 
1957.126190 -0.000214 
1955.992563 -0.000092 
1954.858936 -0.000250 
1953.725309 -0.000298 
1952.591682 -0.000148 
1951.458055 -0.000288 
1950.324428 -0.000082 
1949.190801 -0.000120 
1948.057174 -0.000030 
1946.923547 0.000249 
1945.789920 0.000169 
1944.656293 0.000025 
1943.522666 -0.000071 
1942.389039 0.000761 
1941.255412 0.001155 
1940.121785 0.000969 
1938.988158 0.000977 
1937.854531 0.000945 
1936.720904 0.000949 
1935.587277 0.001208 
1934.453650 0.001275 
1933.320023 0.001652 
1932.186396 0.002069 
1931.052769 0.002135 
1929.919142 0.002521 
1928.785515 0.002764 
1927.651888 0.003154 
1926.518262 0.003355 
1925.384635 0.002894 
1924.251008 0.003011 
1923.117381 0.003677 
1921.983754 0.004252 
1920.850127 0.004262 
1919.716500 0.003300 
1918.582873 0.004148 
1917.449246 0.005444 
1916.315619 0.005638 
1915.181992 0.005716 
1914.048365 0.005254 
1912.914738 0.005474 
1911.781111 0.005362 
1910.647484 0.005206 
1909.513857 0.005867 
1908.380230 0.005846 
1907.246603 0.005948 
1906.112976 0.005870 
1904.979349 0.005508 
1903.845722 0.005482 
1902.712095 0.005319 
1901.578468 0.005415 
1900.444841 0.005662 
1899.311214 0.005573 
1898.177587 0.005680 
1897.043960 0.005504 
1895.910333 0.005423 
1894.776706 0.005785 
1893.643079 0.005891 
1892.509452 0.005879 
1891.375825 0.005120 
1890.242198 0.005136 
1889.108571 0.006459 
1887.974944 0.006075 
1886.841317 0.005946 
1885.707690 0.005818 
1884.574063 0.005717 
1883.440436 0.005918 
1882.306809 0.005763 
1881.173182 0.006041 
1880.039556 0.006085 
1878.905929 0.005924 
1877.772302 0.006227 
1876.638675 0.006132 
1875.505048 0.006075 
1874.371421 0.006098 
1873.237794 0.005851 
1872.104167 0.005573 
1870.970540 0.004554 
1869.836913 0.004524 
1868.703286 0.005919 
1867.569659 0.006364 
1866.436032 0.006830 
1865.302405 0.006608 
1864.168778 0.006449 
1863.035151 0.006639 
1861.901524 0.006379 
1860.767897 0.006869 
1859.634270 0.007135 
1858.500643 0.007157 
1857.367016 0.007334 
1856.233389 0.006911 
1855.099762 0.007090 
1853.966135 0.007325 
1852.832508 0.007193 
1851.698881 0.007274 
1850.565254 0.006881 
1849.431627 0.006861 
1848.298000 0.007158 
1847.164373 0.006938 
1846.030746 0.005875 
1844.897119 0.005928 
1843.763492 0.008225 
1842.629865 0.008711 
1841.496238 0.008085 
1840.362611 0.007801 
1839.228984 0.007244 
1838.095357 0.007084 
1836.961730 0.007629 
1835.828103 0.007439 
1834.694476 0.007403 
1833.560850 0.007321 
1832.427223 0.006589 
1831.293596 0.005706 
1830.159969 0.006487 
1829.026342 0.008012 
1827.892715 0.007901 
1826.759088 0.006525 
1825.625461 0.007048 
1824.491834 0.008213 
1823.358207 0.008371 
1822.224580 0.008536 
1821.090953 0.008607 
1819.957326 0.008804 
1818.823699 0.008540 
1817.690072 0.008799 
1816.556445 0.009511 
1815.422818 0.009766 
1814.289191 0.010225 
1813.155564 0.010218 
1812.021937 0.010454 
1810.888310 0.011651 
1809.754683 0.012367 
1808.621056 0.013109 
1807.487429 0.013975 
1806.353802 0.014819 
1805.220175 0.015777 
1804.086548 0.016282 
1802.952921 0.017745 
1801.819294 0.019464 
1800.685667 0.021314 
1799.552040 0.024313 
1798.418413 0.026446 
1797.284786 0.028466 
1796.151159 0.031082 
1795.017532 0.032957 
1793.883905 0.034519 
1792.750278 0.038161 
1791.616651 0.042422 
1790.483024 0.045498 
1789.349397 0.047347 
1788.215770 0.049260 
1787.082144 0.050674 
1785.948517 0.052750 
1784.814890 0.056371 
1783.681263 0.059483 
1782.547636 0.062591 
1781.414009 0.066957 
1780.280382 0.073044 
1779.146755 0.079968 
1778.013128 0.086990 
1776.879501 0.095719 
1775.745874 0.106387 
1774.612247 0.116410 
1773.478620 0.129231 
1772.344993 0.147417 
1771.211366 0.166223 
1770.077739 0.182645 
1768.944112 0.201218 
1767.810485 0.223196 
1766.676858 0.244822 
1765.543231 0.266156 
1764.409604 0.286227 
1763.275977 0.304884 
1762.142350 0.323971 
1761.008723 0.337734 
1759.875096 0.344336 
1758.741469 0.344492 
1757.607842 0.336268 
1756.474215 0.320224 
1755.340588 0.299634 
1754.206961 0.275734 
1753.073334 0.251070 
1751.939707 0.220185 
1750.806080 0.193468 
1749.672453 0.173027 
1748.538826 0.157676 
1747.405199 0.149729 
1746.271572 0.150745 
1745.137945 0.160643 
1744.004318 0.181639 
1742.870691 0.213268 
1741.737064 0.250846 
1740.603438 0.302843 
1739.469811 0.364331 
1738.336184 0.425352 
1737.202557 0.480291 
1736.068930 0.526763 
1734.935303 0.574484 
1733.801676 0.618343 
1732.668049 0.650501 
1731.534422 0.669773 
1730.400795 0.677843 
1729.267168 0.678741 
1728.133541 0.674277 
1726.999914 0.666250 
1725.866287 0.659515 
1724.732660 0.656191 
1723.599033 0.657167 
1722.465406 0.665071 
1721.331779 0.678585 
1720.198152 0.696561 
1719.064525 0.715481 
1717.930898 0.731544 
1716.797271 0.749608 
1715.663644 0.768405 
1714.530017 0.780459 
1713.396390 0.792502 
1712.262763 0.802624 
1711.129136 0.806712 
1709.995509 0.804418 
1708.861882 0.799923 
1707.728255 0.792091 
1706.594628 0.778342 
1705.461001 0.762196 
1704.327374 0.744765 
1703.193747 0.732955 
1702.060120 0.726145 
1700.926493 0.691546 
1699.792866 0.652571 
1698.659239 0.634540 
1697.525612 0.618283 
1696.391985 0.582805 
1695.258358 0.545521 
1694.124732 0.518628 
1692.991105 0.491734 
1691.857478 0.465313 
1690.723851 0.438301 
1689.590224 0.412413 
1688.456597 0.388499 
1687.322970 0.369595 
1686.189343 0.354324 
1685.055716 0.334318 
1683.922089 0.315448 
1682.788462 0.302883 
1681.654835 0.292079 
1680.521208 0.280186 
1679.387581 0.269298 
1678.253954 0.260099 
1677.120327 0.251803 
1675.986700 0.242635 
1674.853073 0.234940 
1673.719446 0.228971 
1672.585819 0.222266 
1671.452192 0.215623 
1670.318565 0.208859 
1669.184938 0.203491 
1668.051311 0.199375 
1666.917684 0.194511 
1665.784057 0.189334 
1664.650430 0.183989 
1663.516803 0.178324 
1662.383176 0.174249 
1661.249549 0.170237 
1660.115922 0.166345 
1658.982295 0.162884 
1657.848668 0.159931 
1656.715041 0.157533 
1655.581414 0.154083 
1654.447787 0.149845 
1653.314160 0.150361 
1652.180533 0.154132 
1651.046906 0.153474 
1649.913279 0.150820 
1648.779652 0.148217 
1647.646026 0.146707 
1646.512399 0.146016 
1645.378772 0.145121 
1644.245145 0.142079 
1643.111518 0.138304 
1641.977891 0.134922 
1640.844264 0.131206 
1639.710637 0.126957 
1638.577010 0.121849 
1637.443383 0.116630 
1636.309756 0.110859 
1635.176129 0.108691 
1634.042502 0.105632 
1632.908875 0.100537 
1631.775248 0.095554 
1630.641621 0.091590 
1629.507994 0.087758 
1628.374367 0.083881 
1627.240740 0.080830 
1626.107113 0.076922 
1624.973486 0.072721 
1623.839859 0.069483 
1622.706232 0.067210 
1621.572605 0.064094 
1620.438978 0.060207 
1619.305351 0.056275 
1618.171724 0.051146 
1617.038097 0.048691 
1615.904470 0.048738 
1614.770843 0.045970 
1613.637216 0.042746 
1612.503589 0.039842 
1611.369962 0.036877 
1610.236335 0.033972 
1609.102708 0.031626 
1607.969081 0.029471 
1606.835454 0.027587 
1605.701827 0.025533 
1604.568200 0.023718 
1603.434573 0.022112 
1602.300946 0.020463 
1601.167320 0.019012 
1600.033693 0.017596 
1598.900066 0.016444 
1597.766439 0.015145 
1596.632812 0.014134 
1595.499185 0.013424 
1594.365558 0.012441 
1593.231931 0.011640 
1592.098304 0.010530 
1590.964677 0.009417 
1589.831050 0.008745 
1588.697423 0.007716 
1587.563796 0.006922 
1586.430169 0.006380 
1585.296542 0.005395 
1584.162915 0.004609 
1583.029288 0.003742 
1581.895661 0.003384 
1580.762034 0.003077 
1579.628407 0.002107 
1578.494780 0.000765 
1577.361153 -0.001695 
1576.227526 0.000322 
1575.093899 0.002469 
1573.960272 0.001201 
1572.826645 0.000001 
1571.693018 -0.001700 
1570.559391 -0.003147 
1569.425764 -0.000704 
1568.292137 -0.000043 
1567.158510 -0.001055 
1566.024883 -0.001937 
1564.891256 -0.001373 
1563.757629 -0.000570 
1562.624002 -0.001738 
1561.490375 -0.005486 
1560.356748 -0.006602 
1559.223121 -0.004049 
1558.089494 0.001403 
1556.955867 0.002522 
1555.822240 0.000018 
1554.688614 -0.000152 
1553.554987 0.001736 
1552.421360 0.001257 
1551.287733 -0.000705 
1550.154106 -0.000648 
1549.020479 0.000337 
1547.886852 -0.000724 
1546.753225 -0.002179 
1545.619598 -0.002171 
1544.485971 -0.001058 
1543.352344 -0.002419 
1542.218717 -0.002662 
1541.085090 -0.003017 
1539.951463 -0.002271 
1538.817836 0.001525 
1537.684209 0.002810 
1536.550582 0.001358 
1535.416955 -0.000423 
1534.283328 -0.000642 
1533.149701 0.001619 
1532.016074 0.002249 
1530.882447 0.001714 
1529.748820 0.000871 
1528.615193 0.000833 
1527.481566 0.001120 
1526.347939 0.001228 
1525.214312 0.002340 
1524.080685 0.001493 
1522.947058 -0.000839 
1521.813431 -0.001736 
1520.679804 0.002007 
1519.546177 0.002455 
1518.412550 -0.000250 
1517.278923 0.000022 
1516.145296 0.001275 
1515.011669 0.001208 
1513.878042 -0.000162 
1512.744415 -0.001174 
1511.610788 -0.000040 
1510.477161 -0.000727 
1509.343534 -0.001678 
1508.209908 -0.003692 
1507.076281 -0.003065 
1505.942654 0.001693 
1504.809027 0.002750 
1503.675400 0.001382 
1502.541773 0.000305 
1501.408146 0.000052 
1500.274519 -0.000660 
1499.140892 -0.000677 
1498.007265 -0.000250 
1496.873638 -0.000240 
1495.740011 0.002432 
1494.606384 0.003425 
1493.472757 0.003032 
1492.339130 0.002220 
1491.205503 0.002365 
1490.071876 0.004734 
1488.938249 0.006872 
1487.804622 0.007535 
1486.670995 0.009122 
1485.537368 0.010681 
1484.403741 0.011354 
1483.270114 0.012975 
1482.136487 0.014806 
1481.002860 0.016996 
1479.869233 0.019641 
1478.735606 0.021822 
1477.601979 0.024458 
1476.468352 0.029118 
1475.334725 0.033223 
1474.201098 0.035772 
1473.067471 0.040601 
1471.933844 0.047043 
1470.800217 0.051477 
1469.666590 0.053702 
1468.532963 0.056853 
1467.399336 0.059534 
1466.265709 0.061399 
1465.132082 0.065336 
1463.998455 0.069706 
1462.864828 0.072639 
1461.731202 0.075581 
1460.597575 0.078696 
1459.463948 0.082193 
1458.330321 0.085490 
1457.196694 0.092695 
1456.063067 0.100908 
1454.929440 0.105653 
1453.795813 0.109679 
1452.662186 0.114117 
1451.528559 0.119478 
1450.394932 0.124405 
1449.261305 0.128581 
1448.127678 0.134543 
1446.994051 0.140534 
1445.860424 0.145841 
1444.726797 0.150829 
1443.593170 0.155660 
1442.459543 0.161510 
1441.325916 0.166880 
1440.192289 0.171870 
1439.058662 0.175748 
1437.925035 0.177918 
1436.791408 0.182119 
1435.657781 0.185367 
1434.524154 0.185805 
1433.390527 0.185064 
1432.256900 0.182506 
1431.123273 0.178740 
1429.989646 0.173501 
1428.856019 0.168015 
1427.722392 0.162369 
1426.588765 0.157286 
1425.455138 0.154398 
1424.321511 0.154614 
1423.187884 0.157905 
1422.054257 0.163282 
1420.920630 0.168401 
1419.787003 0.176705 
1418.653376 0.187691 
1417.519749 0.197731 
1416.386122 0.207393 
1415.252495 0.216299 
1414.118869 0.224656 
1412.985242 0.231982 
1411.851615 0.237461 
1410.717988 0.241356 
1409.584361 0.242951 
1408.450734 0.242904 
1407.317107 0.241636 
1406.183480 0.238675 
1405.049853 0.234412 
1403.916226 0.230026 
1402.782599 0.225660 
1401.648972 0.221670 
1400.515345 0.217241 
1399.381718 0.212901 
1398.248091 0.209364 
1397.114464 0.206026 
1395.980837 0.201834 
1394.847210 0.195678 
1393.713583 0.189662 
1392.579956 0.182790 
1391.446329 0.174650 
1390.312702 0.165988 
1389.179075 0.156440 
1388.045448 0.145369 
1386.911821 0.134304 
1385.778194 0.122653 
1384.644567 0.110170 
1383.510940 0.097799 
1382.377313 0.086285 
1381.243686 0.075922 
1380.110059 0.067102 
1378.976432 0.061221 
1377.842805 0.058304 
1376.709178 0.057926 
1375.575551 0.060377 
1374.441924 0.065765 
1373.308297 0.072304 
1372.174670 0.079050 
1371.041043 0.086597 
1369.907416 0.094929 
1368.773789 0.104104 
1367.640163 0.114111 
1366.506536 0.123882 
1365.372909 0.131859 
1364.239282 0.137602 
1363.105655 0.140990 
1361.972028 0.140600 
1360.838401 0.136517 
1359.704774 0.129405 
1358.571147 0.119247 
1357.437520 0.107715 
1356.303893 0.095929 
1355.170266 0.084585 
1354.036639 0.073824 
1352.903012 0.064147 
1351.769385 0.055569 
1350.635758 0.047858 
1349.502131 0.041011 
1348.368504 0.035279 
1347.234877 0.030310 
1346.101250 0.025827 
1344.967623 0.022126 
1343.833996 0.019266 
1342.700369 0.016771 
1341.566742 0.014506 
1340.433115 0.013107 
1339.299488 0.012530 
1338.165861 0.012268 
1337.032234 0.012475 
1335.898607 0.013807 
1334.764980 0.016178 
1333.631353 0.019852 
1332.497726 0.026115 
1331.364099 0.034687 
1330.230472 0.045565 
1329.096845 0.058843 
1327.963218 0.074636 
1326.829591 0.091884 
1325.695964 0.109388 
1324.562337 0.126757 
1323.428710 0.143356 
1322.295083 0.157927 
1321.161457 0.170375 
1320.027830 0.180723 
1318.894203 0.188805 
1317.760576 0.194994 
1316.626949 0.200336 
1315.493322 0.205406 
1314.359695 0.211164 
1313.226068 0.218561 
1312.092441 0.228048 
1310.958814 0.238767 
1309.825187 0.249465 
1308.691560 0.259689 
1307.557933 0.268016 
1306.424306 0.272294 
1305.290679 0.272960 
1304.157052 0.270445 
1303.023425 0.265160 
1301.889798 0.258550 
1300.756171 0.252833 
1299.622544 0.249087 
1298.488917 0.247902 
1297.355290 0.250211 
1296.221663 0.255665 
1295.088036 0.263245 
1293.954409 0.272340 
1292.820782 0.282025 
1291.687155 0.291358 
1290.553528 0.299804 
1289.419901 0.307545 
1288.286274 0.314422 
1287.152647 0.319898 
1286.019020 0.324016 
1284.885393 0.327236 
1283.751766 0.329512 
1282.618139 0.330923 
1281.484512 0.331962 
1280.350885 0.332191 
1279.217258 0.332152 
1278.083631 0.332357 
1276.950004 0.332670 
1275.816377 0.332851 
1274.682751 0.332799 
1273.549124 0.333181 
1272.415497 0.333418 
1271.281870 0.333248 
1270.148243 0.333130 
1269.014616 0.332934 
1267.880989 0.332487 
1266.747362 0.331976 
1265.613735 0.331639 
1264.480108 0.331107 
1263.346481 0.330118 
1262.212854 0.329523 
1261.079227 0.329421 
1259.945600 0.329431 
1258.811973 0.330096 
1257.678346 0.331153 
1256.544719 0.332421 
1255.411092 0.333958 
1254.277465 0.335850 
1253.143838 0.338169 
1252.010211 0.340404 
1250.876584 0.342648 
1249.742957 0.344910 
1248.609330 0.346480 
1247.475703 0.347522 
1246.342076 0.348231 
1245.208449 0.348301 
1244.074822 0.347390 
1242.941195 0.345525 
1241.807568 0.343310 
1240.673941 0.339963 
1239.540314 0.335499 
1238.406687 0.330415 
1237.273060 0.324100 
1236.139433 0.316825 
1235.005806 0.309063 
1233.872179 0.300606 
1232.738552 0.291578 
1231.604925 0.281841 
1230.471298 0.272129 
1229.337671 0.262315 
1228.204045 0.252104 
1227.070418 0.242438 
1225.936791 0.232886 
1224.803164 0.223444 
1223.669537 0.214515 
1222.535910 0.205868 
1221.402283 0.197647 
1220.268656 0.189631 
1219.135029 0.182182 
1218.001402 0.175189 
1216.867775 0.168007 
1215.734148 0.161291 
1214.600521 0.154734 
1213.466894 0.148130 
1212.333267 0.141944 
1211.199640 0.135715 
1210.066013 0.129549 
1208.932386 0.123386 
1207.798759 0.117245 
1206.665132 0.111339 
1205.531505 0.105327 
1204.397878 0.099564 
1203.264251 0.094003 
1202.130624 0.088283 
1200.996997 0.082905 
1199.863370 0.077812 
1198.729743 0.072777 
1197.596116 0.067898 
1196.462489 0.063234 
1195.328862 0.059143 
1194.195235 0.054936 
1193.061608 0.050865 
1191.927981 0.047529 
1190.794354 0.044098 
1189.660727 0.040849 
1188.527100 0.037974 
1187.393473 0.035277 
1186.259846 0.032803 
1185.126219 0.030332 
1183.992592 0.028266 
1182.858965 0.026259 
1181.725339 0.024047 
1180.591712 0.022611 
1179.458085 0.021105 
1178.324458 0.019606 
1177.190831 0.018351 
1176.057204 0.016992 
1174.923577 0.015793 
1173.789950 0.014584 
1172.656323 0.013641 
1171.522696 0.012892 
1170.389069 0.011836 
1169.255442 0.010958 
1168.121815 0.010224 
1166.988188 0.009412 
1165.854561 0.008719 
1164.720934 0.008017 
1163.587307 0.007359 
1162.453680 0.006690 
1161.320053 0.006178 
1160.186426 0.005954 
1159.052799 0.005353 
1157.919172 0.004890 
1156.785545 0.004682 
1155.651918 0.004244 
1154.518291 0.003952 
1153.384664 0.003608 
1152.251037 0.003252 
1151.117410 0.002897 
1149.983783 0.002556 
1148.850156 0.002605 
1147.716529 0.002255 
1146.582902 0.001955 
1145.449275 0.001997 
1144.315648 0.001577 
1143.182021 0.001250 
1142.048394 0.001092 
1140.914767 0.000987 
1139.781140 0.000771 
1138.647513 0.000495 
1137.513886 0.000642 
1136.380259 0.000521 
1135.246633 0.000249 
1134.113006 0.000435 
1132.979379 0.000262 
1131.845752 -0.000005 
1130.712125 -0.000185 
1129.578498 -0.000126 
1128.444871 -0.000029 
1127.311244 -0.000305 
1126.177617 -0.000246 
1125.043990 -0.000061 
1123.910363 -0.000189 
1122.776736 -0.000164 
1121.643109 -0.000023 
1120.509482 -0.000072 
1119.375855 -0.000154 
1118.242228 -0.000104 
1117.108601 -0.000020 
1115.974974 -0.000172 
1114.841347 -0.000114 
1113.707720 0.000111 
1112.574093 -0.000155 
1111.440466 -0.000274 
1110.306839 -0.000214 
1109.173212 -0.000383 
1108.039585 -0.000377 
1106.905958 -0.000470 
1105.772331 -0.000480 
1104.638704 -0.000715 
1103.505077 -0.000947 
1102.371450 -0.000618 
1101.237823 -0.000785 
1100.104196 -0.001048 
1098.970569 -0.000866 
1097.836942 -0.000858 
1096.703315 -0.000894 
1095.569688 -0.000860 
1094.436061 -0.000692 
1093.302434 -0.000754 
1092.168807 -0.001142 
1091.035180 -0.000988 
1089.901553 -0.001001 
1088.767927 -0.001067 
1087.634300 -0.000841 
1086.500673 -0.000778 
1085.367046 -0.000784 
1084.233419 -0.000733 
1083.099792 -0.000565 
1081.966165 -0.000464 
1080.832538 -0.000627 
1079.698911 -0.000503 
1078.565284 -0.000384 
1077.431657 -0.000463 
1076.298030 -0.000189 
1075.164403 0.000137 
1074.030776 0.000298 
1072.897149 0.000623 
1071.763522 0.001218 
1070.629895 0.002117 
1069.496268 0.002967 
1068.362641 0.004705 
1067.229014 0.007441 
1066.095387 0.010790 
1064.961760 0.015751 
1063.828133 0.022242 
1062.694506 0.030058 
1061.560879 0.039200 
1060.427252 0.049143 
1059.293625 0.059401 
1058.159998 0.068890 
1057.026371 0.077499 
1055.892744 0.084917 
1054.759117 0.089723 
1053.625490 0.092457 
1052.491863 0.092914 
1051.358236 0.090618 
1050.224609 0.085649 
1049.090982 0.077989 
1047.957355 0.068572 
1046.823728 0.058107 
1045.690101 0.047586 
1044.556474 0.038786 
1043.422847 0.031797 
1042.289221 0.026911 
1041.155594 0.024467 
1040.021967 0.024195 
1038.888340 0.026101 
1037.754713 0.029406 
1036.621086 0.034067 
1035.487459 0.039952 
1034.353832 0.046965 
1033.220205 0.055203 
1032.086578 0.063845 
1030.952951 0.072716 
1029.819324 0.082232 
1028.685697 0.091991 
1027.552070 0.101677 
1026.418443 0.110855 
1025.284816 0.119783 
1024.151189 0.128140 
1023.017562 0.134613 
1021.883935 0.139826 
1020.750308 0.143366 
1019.616681 0.144956 
1018.483054 0.145037 
1017.349427 0.143806 
1016.215800 0.141749 
1015.082173 0.139226 
1013.948546 0.136593 
1012.814919 0.134080 
1011.681292 0.131407 
1010.547665 0.129108 
1009.414038 0.126817 
1008.280411 0.123409 
1007.146784 0.118448 
1006.013157 0.111912 
1004.879530 0.104050 
1003.745903 0.095052 
1002.612276 0.085137 
1001.478649 0.075391 
1000.345022 0.066048 
999.211395 0.057528 
998.077768 0.050560 
996.944141 0.044957 
995.810515 0.040701 
994.676888 0.038016 
993.543261 0.036401 
992.409634 0.035669 
991.276007 0.035815 
990.142380 0.036745 
989.008753 0.037982 
987.875126 0.039248 
986.741499 0.041132 
985.607872 0.043160 
984.474245 0.045121 
983.340618 0.047322 
982.206991 0.049776 
981.073364 0.052308 
979.939737 0.054711 
978.806110 0.057323 
977.672483 0.060077 
976.538856 0.062529 
975.405229 0.065254 
974.271602 0.068047 
973.137975 0.070374 
972.004348 0.072768 
970.870721 0.075482 
969.737094 0.077887 
968.603467 0.079988 
967.469840 0.081994 
966.336213 0.083681 
965.202586 0.084902 
964.068959 0.086154 
962.935332 0.087477 
961.801705 0.088407 
960.668078 0.088943 
959.534451 0.089558 
958.400824 0.090186 
957.267197 0.090317 
956.133570 0.090183 
954.999943 0.090102 
953.866316 0.089854 
952.732689 0.089564 
951.599062 0.089367 
950.465435 0.088810 
949.331809 0.088242 
948.198182 0.087805 
947.064555 0.087233 
945.930928 0.086596 
944.797301 0.085756 
943.663674 0.085133 
942.530047 0.084567 
941.396420 0.083915 
940.262793 0.083278 
939.129166 0.082545 
937.995539 0.081674 
936.861912 0.081059 
935.728285 0.080598 
934.594658 0.079984 
933.461031 0.079333 
932.327404 0.078913 
931.193777 0.078412 
930.060150 0.077884 
928.926523 0.077565 
927.792896 0.077538 
926.659269 0.077512 
925.525642 0.077411 
924.392015 0.077389 
923.258388 0.077627 
922.124761 0.077893 
920.991134 0.078297 
919.857507 0.078774 
918.723880 0.079564 
917.590253 0.080650 
916.456626 0.081873 
915.322999 0.083718 
914.189372 0.085670 
913.055745 0.087772 
911.922118 0.089980 
910.788491 0.092145 
909.654864 0.094021 
908.521237 0.095392 
907.387610 0.096549 
906.253983 0.097630 
905.120356 0.098713 
903.986729 0.100021 
902.853103 0.101133 
901.719476 0.102427 
900.585849 0.103595 
899.452222 0.104585 
898.318595 0.104973 
897.184968 0.104812 
896.051341 0.104385 
894.917714 0.103510 
893.784087 0.102233 
892.650460 0.101059 
891.516833 0.100384 
890.383206 0.099659 
889.249579 0.098893 
888.115952 0.098381 
886.982325 0.097891 
885.848698 0.097138 
884.715071 0.096127 
883.581444 0.095178 
882.447817 0.094202 
881.314190 0.093593 
880.180563 0.093629 
879.046936 0.094005 
877.913309 0.094709 
876.779682 0.095011 
875.646055 0.095170 
874.512428 0.094900 
873.378801 0.093831 
872.245174 0.092829 
871.111547 0.091228 
869.977920 0.089731 
868.844293 0.087961 
867.710666 0.085864 
866.577039 0.084141 
865.443412 0.082144 
864.309785 0.080485 
863.176158 0.079088 
862.042531 0.077074 
860.908904 0.075604 
859.775277 0.074376 
858.641650 0.072971 
857.508023 0.071725 
856.374396 0.070430 
855.240770 0.069326 
854.107143 0.068233 
852.973516 0.067229 
851.839889 0.066451 
850.706262 0.065348 
849.572635 0.064268 
848.439008 0.063446 
847.305381 0.062508 
846.171754 0.061607 
845.038127 0.061200 
843.904500 0.060590 
842.770873 0.059581 
841.637246 0.058617 
840.503619 0.057858 
839.369992 0.056799 
838.236365 0.055930 
837.102738 0.055319 
835.969111 0.054433 
834.835484 0.053615 
833.701857 0.052733 
832.568230 0.052029 
831.434603 0.051164 
830.300976 0.050020 
829.167349 0.049577 
828.033722 0.048864 
826.900095 0.047984 
825.766468 0.047756 
824.632841 0.046766 
823.499214 0.045721 
822.365587 0.045169 
821.231960 0.044652 
820.098333 0.043866 
818.964706 0.042476 
817.831079 0.042075 
816.697452 0.041452 
815.563825 0.040446 
814.430198 0.040095 
813.296571 0.039258 
812.162944 0.038541 
811.029317 0.037924 
809.895690 0.037009 
808.762064 0.036567 
807.628437 0.035547 
806.494810 0.034833 
805.361183 0.034461 
804.227556 0.033512 
803.093929 0.033464 
801.960302 0.032709 
800.826675 0.031849 
799.693048 0.031446 
798.559421 0.030620 
797.425794 0.029756 
796.292167 0.029035 
795.158540 0.028374 
794.024913 0.027851 
792.891286 0.026878 
791.757659 0.026449 
790.624032 0.025782 
789.490405 0.024370 
788.356778 0.023750 
787.223151 0.023347 
786.089524 0.023145 
784.955897 0.022207 
783.822270 0.021349 
782.688643 0.021161 
781.555016 0.019961 
780.421389 0.019658 
779.287762 0.019458 
778.154135 0.018525 
777.020508 0.018893 
775.886881 0.018116 
774.753254 0.017125 
773.619627 0.016815 
772.486000 0.016142 
771.352373 0.016065 
770.218746 0.014780 
769.085119 0.013764 
767.951492 0.014534 
766.817865 0.013436 
765.684238 0.012834 
764.550611 0.012854 
763.416984 0.012111 
762.283358 0.011683 
761.149731 0.011242 
760.016104 0.010913 
758.882477 0.010146 
757.748850 0.009008 
756.615223 0.009161 
755.481596 0.007951 
754.347969 0.007481 
753.214342 0.007806 
752.080715 0.007086 
750.947088 0.007242 
749.813461 0.006975 
748.679834 0.006204 
747.546207 0.005478 
746.412580 0.004943 
745.278953 0.004943 
744.145326 0.003907 
743.011699 0.004019 
741.878072 0.004664 
740.744445 0.003746 
739.610818 0.003476 
738.477191 0.003436 
737.343564 0.003365 
736.209937 0.003291 
735.076310 0.002455 
733.942683 0.002258 
732.809056 0.001519 
731.675429 0.000567 
730.541802 0.001896 
729.408175 0.001538 
728.274548 0.000465 
727.140921 0.000293 
726.007294 -0.000020 
724.873667 0.000642 
723.740040 0.000644 
722.606413 0.000572 
721.472786 -0.000317 
720.339159 -0.000804 
719.205532 0.000100 
718.071905 0.000216 
716.938278 0.000147 
715.804652 0.000703 
714.671025 0.000537 
713.537398 0.000504 
712.403771 0.000159 
711.270144 0.000541 
710.136517 0.000815 
709.002890 -0.000224 
707.869263 -0.000236 
706.735636 0.000056 
705.602009 0.000135 
704.468382 0.000349 
703.334755 -0.000099 
702.201128 0.000339 
701.067501 0.002112 
699.933874 0.001893 
698.800247 0.000942 
697.666620 0.000031 
696.532993 0.001943 
695.399366 0.003116 
694.265739 0.001290 
693.132112 0.000035 
691.998485 -0.000445 
690.864858 -0.000523 
689.731231 -0.000560 
688.597604 -0.000072 
687.463977 0.001447 
686.330350 0.000046 
685.196723 0.000270 
684.063096 0.002083 
682.929469 0.001412 
681.795842 0.001540 
680.662215 0.001280 
679.528588 0.000412 
678.394961 0.002658 
677.261334 0.001704 
676.127707 0.000009 
674.994080 0.000271 
673.860453 0.000287 
672.726826 0.002306 
671.593199 0.000413 
670.459572 0.000223 
669.325946 -0.000492 
668.192319 -0.001899 
667.058692 0.001956 
665.925065 0.001103 
664.791438 0.002047 
663.657811 0.004830 
662.524184 0.001519 
661.390557 0.001624 
660.256930 0.003500 
659.123303 0.002550 
657.989676 0.003222 
656.856049 0.004949 
655.722422 0.009412 
654.588795 0.013540 
653.455168 0.014935 
652.321541 0.018299 
651.187914 0.023530 
650.054287 0.031722 
648.920660 0.036646 
647.787033 0.038619 
646.653406 0.045710 
645.519779 0.049290 
644.386152 0.052259 
643.252525 0.053604 
642.118898 0.051548 
640.985271 0.057001 
639.851644 0.058837 
638.718017 0.060975 
637.584390 0.066471 
636.450763 0.071023 
635.317136 0.075596 
634.183509 0.070562 
633.049882 0.064571 
631.916255 0.070238 
630.782628 0.072813 
629.649001 0.072194 
628.515374 0.072902 
627.381747 0.079000 
626.248120 0.079119 
625.114493 0.070814 
623.980866 0.073131 
622.847240 0.076993 
621.713613 0.076654 
620.579986 0.078302 
619.446359 0.072874 
618.312732 0.060831 
617.179105 0.050608 
616.045478 0.055655 
614.911851 0.073154 
613.778224 0.068819 
612.644597 0.059734 
611.510970 0.053410 
610.377343 0.063289 
609.243716 0.069827 
608.110089 0.041565 
606.976462 0.005191 
605.842835 0.005983 
604.709208 -0.008107 
603.575581 0.008759 
602.441954 0.039822 
601.308327 0.001699 
600.174700 -0.034015 
