5000.000000 -0.000161 
4998.499500 -0.000115 
4996.999000 -0.000118 
4995.498499 -0.000014 
4993.997999 -0.000016 
4992.497499 -0.000016 
4990.996999 -0.000079 
4989.496499 -0.000049 
4987.995999 -0.000036 
4986.495498 -0.000052 
4984.994998 -0.000118 
4983.494498 -0.000180 
4981.993998 -0.000128 
4980.493498 -0.000036 
4978.992998 -0.000071 
4977.492497 -0.000041 
4975.991997 -0.000069 
4974.491497 -0.000049 
4972.990997 -0.000011 
4971.490497 -0.000060 
4969.989997 0.000000 
4968.489496 -0.000025 
4966.988996 -0.000076 
4965.488496 -0.000008 
4963.987996 -0.000039 
4962.487496 -0.000096 
4960.986996 -0.000132 
4959.486495 -0.000098 
4957.985995 -0.000008 
4956.485495 -0.000028 
4954.984995 -0.000084 
4953.484495 -0.000015 
4951.983995 0.000033 
4950.483494 0.000008 
4948.982994 0.000012 
4947.482494 0.000098 
4945.981994 0.000043 
4944.481494 0.000025 
4942.980994 -0.000009 
4941.480493 -0.000042 
4939.979993 -0.000098 
4938.479493 -0.000079 
4936.978993 -0.000110 
4935.478493 -0.000084 
4933.977993 -0.000119 
4932.477492 -0.000147 
4930.976992 -0.000085 
4929.476492 -0.000113 
4927.975992 -0.000148 
4926.475492 -0.000152 
4924.974992 -0.000066 
4923.474491 -0.000101 
4921.973991 -0.000102 
4920.473491 -0.000135 
4918.972991 -0.000036 
4917.472491 -0.000059 
4915.971991 -0.000025 
4914.471490 -0.000025 
4912.970990 -0.000013 
4911.470490 -0.000011 
4909.969990 -0.000007 
4908.469490 -0.000037 
4906.968990 0.000033 
4905.468489 0.000071 
4903.967989 0.000128 
4902.467489 0.000072 
4900.966989 0.000010 
4899.466489 0.000015 
4897.965989 0.000024 
4896.465488 0.000049 
4894.964988 0.000016 
4893.464488 -0.000020 
4891.963988 -0.000041 
4890.463488 -0.000030 
4888.962988 -0.000014 
4887.462487 -0.000011 
4885.961987 -0.000001 
4884.461487 0.000035 
4882.960987 0.000028 
4881.460487 0.000038 
4879.959987 0.000021 
4878.459486 -0.000028 
4876.958986 -0.000055 
4875.458486 -0.000066 
4873.957986 -0.000023 
4872.457486 -0.000006 
4870.956986 0.000021 
4869.456485 0.000052 
4867.955985 0.000058 
4866.455485 0.000051 
4864.954985 0.000042 
4863.454485 0.000057 
4861.953985 0.000032 
4860.453484 0.000031 
4858.952984 0.000013 
4857.452484 0.000084 
4855.951984 0.000075 
4854.451484 0.000049 
4852.950984 0.000059 
4851.450483 0.000062 
4849.949983 0.000050 
4848.449483 0.000003 
4846.948983 0.000040 
4845.448483 0.000049 
4843.947983 -0.000002 
4842.447482 0.000032 
4840.946982 -0.000016 
4839.446482 0.000013 
4837.945982 0.000068 
4836.445482 0.000050 
4834.944982 -0.000035 
4833.444481 0.000014 
4831.943981 -0.000029 
4830.443481 -0.000056 
4828.942981 -0.000085 
4827.442481 -0.000085 
4825.941981 -0.000072 
4824.441480 -0.000061 
4822.940980 -0.000057 
4821.440480 -0.000140 
4819.939980 -0.000101 
4818.439480 -0.000162 
4816.938980 -0.000168 
4815.438479 -0.000102 
4813.937979 -0.000023 
4812.437479 -0.000041 
4810.936979 -0.000050 
4809.436479 -0.000013 
4807.935979 -0.000016 
4806.435478 -0.000071 
4804.934978 -0.000040 
4803.434478 -0.000063 
4801.933978 -0.000121 
4800.433478 -0.000094 
4798.932978 -0.000059 
4797.432477 -0.000069 
4795.931977 -0.000089 
4794.431477 -0.000088 
4792.930977 -0.000125 
4791.430477 -0.000150 
4789.929977 -0.000140 
4788.429476 -0.000141 
4786.928976 -0.000117 
4785.428476 -0.000111 
4783.927976 -0.000141 
4782.427476 -0.000105 
4780.926976 -0.000137 
4779.426475 -0.000109 
4777.925975 -0.000061 
4776.425475 -0.000018 
4774.924975 -0.000024 
4773.424475 0.000007 
4771.923975 0.000021 
4770.423474 -0.000003 
4768.922974 0.000004 
4767.422474 0.000004 
4765.921974 0.000078 
4764.421474 0.000115 
4762.920974 0.000180 
4761.420473 0.000143 
4759.919973 0.000146 
4758.419473 0.000211 
4756.918973 0.000220 
4755.418473 0.000216 
4753.917973 0.000209 
4752.417472 0.000189 
4750.916972 0.000179 
4749.416472 0.000108 
4747.915972 0.000137 
4746.415472 0.000139 
4744.914972 0.000168 
4743.414471 0.000195 
4741.913971 0.000144 
4740.413471 0.000113 
4738.912971 0.000035 
4737.412471 -0.000003 
4735.911971 0.000011 
4734.411470 -0.000059 
4732.910970 -0.000041 
4731.410470 -0.000062 
4729.909970 0.000003 
4728.409470 0.000044 
4726.908970 0.000000 
4725.408469 -0.000015 
4723.907969 -0.000022 
4722.407469 -0.000072 
4720.906969 -0.000069 
4719.406469 -0.000032 
4717.905969 -0.000049 
4716.405468 -0.000026 
4714.904968 -0.000028 
4713.404468 -0.000036 
4711.903968 -0.000030 
4710.403468 -0.000038 
4708.902968 -0.000067 
4707.402467 -0.000037 
4705.901967 0.000013 
4704.401467 -0.000009 
4702.900967 0.000046 
4701.400467 0.000027 
4699.899967 0.000105 
4698.399466 0.000182 
4696.898966 0.000171 
4695.398466 0.000165 
4693.897966 0.000136 
4692.397466 0.000133 
4690.896966 0.000091 
4689.396465 0.000115 
4687.895965 0.000127 
4686.395465 0.000147 
4684.894965 0.000069 
4683.394465 0.000056 
4681.893965 0.000096 
4680.393464 0.000058 
4678.892964 0.000017 
4677.392464 0.000037 
4675.891964 0.000034 
4674.391464 -0.000013 
4672.890964 0.000008 
4671.390463 0.000035 
4669.889963 0.000026 
4668.389463 0.000076 
4666.888963 0.000047 
4665.388463 0.000023 
4663.887963 0.000026 
4662.387462 0.000010 
4660.886962 0.000003 
4659.386462 0.000032 
4657.885962 -0.000016 
4656.385462 0.000095 
4654.884962 0.000050 
4653.384461 0.000058 
4651.883961 0.000053 
4650.383461 0.000055 
4648.882961 0.000027 
4647.382461 -0.000001 
4645.881961 -0.000008 
4644.381460 -0.000007 
4642.880960 -0.000049 
4641.380460 -0.000077 
4639.879960 -0.000062 
4638.379460 -0.000105 
4636.878960 -0.000163 
4635.378459 -0.000200 
4633.877959 -0.000187 
4632.377459 -0.000146 
4630.876959 -0.000170 
4629.376459 -0.000228 
4627.875959 -0.000240 
4626.375458 -0.000215 
4624.874958 -0.000153 
4623.374458 -0.000238 
4621.873958 -0.000267 
4620.373458 -0.000286 
4618.872958 -0.000272 
4617.372457 -0.000266 
4615.871957 -0.000231 
4614.371457 -0.000221 
4612.870957 -0.000215 
4611.370457 -0.000167 
4609.869957 -0.000212 
4608.369456 -0.000233 
4606.868956 -0.000207 
4605.368456 -0.000181 
4603.867956 -0.000228 
4602.367456 -0.000231 
4600.866956 -0.000183 
4599.366455 -0.000131 
4597.865955 -0.000100 
4596.365455 -0.000098 
4594.864955 -0.000124 
4593.364455 -0.000128 
4591.863955 -0.000106 
4590.363454 -0.000098 
4588.862954 -0.000096 
4587.362454 -0.000082 
4585.861954 -0.000108 
4584.361454 -0.000118 
4582.860954 -0.000146 
4581.360453 -0.000151 
4579.859953 -0.000170 
4578.359453 -0.000214 
4576.858953 -0.000177 
4575.358453 -0.000146 
4573.857953 -0.000175 
4572.357452 -0.000170 
4570.856952 -0.000175 
4569.356452 -0.000226 
4567.855952 -0.000269 
4566.355452 -0.000274 
4564.854952 -0.000280 
4563.354451 -0.000277 
4561.853951 -0.000179 
4560.353451 -0.000176 
4558.852951 -0.000170 
4557.352451 -0.000150 
4555.851951 -0.000188 
4554.351450 -0.000191 
4552.850950 -0.000144 
4551.350450 -0.000152 
4549.849950 -0.000142 
4548.349450 -0.000118 
4546.848950 -0.000142 
4545.348449 -0.000170 
4543.847949 -0.000151 
4542.347449 -0.000107 
4540.846949 -0.000149 
4539.346449 -0.000129 
4537.845949 -0.000056 
4536.345448 -0.000088 
4534.844948 -0.000127 
4533.344448 -0.000076 
4531.843948 -0.000061 
4530.343448 -0.000100 
4528.842948 -0.000099 
4527.342447 -0.000065 
4525.841947 -0.000073 
4524.341447 -0.000112 
4522.840947 -0.000105 
4521.340447 -0.000064 
4519.839947 -0.000103 
4518.339446 -0.000084 
4516.838946 -0.000033 
4515.338446 -0.000016 
4513.837946 -0.000021 
4512.337446 -0.000008 
4510.836946 -0.000009 
4509.336445 0.000012 
4507.835945 0.000078 
4506.335445 0.000094 
4504.834945 0.000072 
4503.334445 0.000062 
4501.833945 0.000123 
4500.333444 0.000103 
4498.832944 0.000062 
4497.332444 0.000033 
4495.831944 -0.000000 
4494.331444 -0.000067 
4492.830944 -0.000072 
4491.330443 -0.000087 
4489.829943 -0.000061 
4488.329443 -0.000064 
4486.828943 -0.000057 
4485.328443 -0.000134 
4483.827943 -0.000185 
4482.327442 -0.000192 
4480.826942 -0.000180 
4479.326442 -0.000192 
4477.825942 -0.000167 
4476.325442 -0.000157 
4474.824942 -0.000181 
4473.324441 -0.000171 
4471.823941 -0.000166 
4470.323441 -0.000166 
4468.822941 -0.000183 
4467.322441 -0.000187 
4465.821941 -0.000177 
4464.321440 -0.000157 
4462.820940 -0.000142 
4461.320440 -0.000123 
4459.819940 -0.000110 
4458.319440 -0.000177 
4456.818940 -0.000156 
4455.318439 -0.000148 
4453.817939 -0.000127 
4452.317439 -0.000154 
4450.816939 -0.000143 
4449.316439 -0.000144 
4447.815939 -0.000145 
4446.315438 -0.000125 
4444.814938 -0.000134 
4443.314438 -0.000139 
4441.813938 -0.000182 
4440.313438 -0.000223 
4438.812938 -0.000199 
4437.312437 -0.000189 
4435.811937 -0.000202 
4434.311437 -0.000193 
4432.810937 -0.000204 
4431.310437 -0.000190 
4429.809937 -0.000191 
4428.309436 -0.000205 
4426.808936 -0.000226 
4425.308436 -0.000224 
4423.807936 -0.000228 
4422.307436 -0.000233 
4420.806936 -0.000202 
4419.306435 -0.000199 
4417.805935 -0.000168 
4416.305435 -0.000171 
4414.804935 -0.000168 
4413.304435 -0.000130 
4411.803935 -0.000134 
4410.303434 -0.000173 
4408.802934 -0.000176 
4407.302434 -0.000173 
4405.801934 -0.000153 
4404.301434 -0.000184 
4402.800934 -0.000205 
4401.300433 -0.000224 
4399.799933 -0.000195 
4398.299433 -0.000142 
4396.798933 -0.000166 
4395.298433 -0.000154 
4393.797933 -0.000196 
4392.297432 -0.000188 
4390.796932 -0.000187 
4389.296432 -0.000198 
4387.795932 -0.000197 
4386.295432 -0.000188 
4384.794932 -0.000156 
4383.294431 -0.000148 
4381.793931 -0.000166 
4380.293431 -0.000149 
4378.792931 -0.000120 
4377.292431 -0.000164 
4375.791931 -0.000154 
4374.291430 -0.000136 
4372.790930 -0.000181 
4371.290430 -0.000185 
4369.789930 -0.000150 
4368.289430 -0.000144 
4366.788930 -0.000137 
4365.288429 -0.000130 
4363.787929 -0.000195 
4362.287429 -0.000171 
4360.786929 -0.000154 
4359.286429 -0.000183 
4357.785929 -0.000161 
4356.285428 -0.000174 
4354.784928 -0.000207 
4353.284428 -0.000176 
4351.783928 -0.000176 
4350.283428 -0.000162 
4348.782928 -0.000173 
4347.282427 -0.000178 
4345.781927 -0.000171 
4344.281427 -0.000204 
4342.780927 -0.000222 
4341.280427 -0.000183 
4339.779927 -0.000151 
4338.279426 -0.000153 
4336.778926 -0.000221 
4335.278426 -0.000234 
4333.777926 -0.000243 
4332.277426 -0.000216 
4330.776926 -0.000205 
4329.276425 -0.000236 
4327.775925 -0.000253 
4326.275425 -0.000214 
4324.774925 -0.000216 
4323.274425 -0.000193 
4321.773925 -0.000221 
4320.273424 -0.000201 
4318.772924 -0.000192 
4317.272424 -0.000163 
4315.771924 -0.000143 
4314.271424 -0.000173 
4312.770924 -0.000176 
4311.270423 -0.000170 
4309.769923 -0.000190 
4308.269423 -0.000193 
4306.768923 -0.000173 
4305.268423 -0.000206 
4303.767923 -0.000192 
4302.267422 -0.000200 
4300.766922 -0.000216 
4299.266422 -0.000214 
4297.765922 -0.000207 
4296.265422 -0.000161 
4294.764922 -0.000138 
4293.264421 -0.000164 
4291.763921 -0.000167 
4290.263421 -0.000161 
4288.762921 -0.000178 
4287.262421 -0.000183 
4285.761921 -0.000183 
4284.261420 -0.000204 
4282.760920 -0.000183 
4281.260420 -0.000155 
4279.759920 -0.000134 
4278.259420 -0.000204 
4276.758920 -0.000208 
4275.258419 -0.000197 
4273.757919 -0.000211 
4272.257419 -0.000196 
4270.756919 -0.000172 
4269.256419 -0.000236 
4267.755919 -0.000217 
4266.255418 -0.000205 
4264.754918 -0.000212 
4263.254418 -0.000196 
4261.753918 -0.000182 
4260.253418 -0.000214 
4258.752918 -0.000197 
4257.252417 -0.000208 
4255.751917 -0.000209 
4254.251417 -0.000176 
4252.750917 -0.000200 
4251.250417 -0.000226 
4249.749917 -0.000237 
4248.249416 -0.000276 
4246.748916 -0.000257 
4245.248416 -0.000230 
4243.747916 -0.000243 
4242.247416 -0.000267 
4240.746916 -0.000267 
4239.246415 -0.000236 
4237.745915 -0.000219 
4236.245415 -0.000204 
4234.744915 -0.000221 
4233.244415 -0.000208 
4231.743915 -0.000205 
4230.243414 -0.000185 
4228.742914 -0.000190 
4227.242414 -0.000171 
4225.741914 -0.000132 
4224.241414 -0.000117 
4222.740914 -0.000163 
4221.240413 -0.000176 
4219.739913 -0.000144 
4218.239413 -0.000107 
4216.738913 -0.000147 
4215.238413 -0.000146 
4213.737913 -0.000133 
4212.237412 -0.000149 
4210.736912 -0.000110 
4209.236412 -0.000092 
4207.735912 -0.000104 
4206.235412 -0.000133 
4204.734912 -0.000136 
4203.234411 -0.000134 
4201.733911 -0.000100 
4200.233411 -0.000124 
4198.732911 -0.000159 
4197.232411 -0.000167 
4195.731911 -0.000160 
4194.231410 -0.000123 
4192.730910 -0.000091 
4191.230410 -0.000108 
4189.729910 -0.000146 
4188.229410 -0.000113 
4186.728910 -0.000119 
4185.228409 -0.000142 
4183.727909 -0.000151 
4182.227409 -0.000134 
4180.726909 -0.000076 
4179.226409 -0.000110 
4177.725909 -0.000138 
4176.225408 -0.000130 
4174.724908 -0.000129 
4173.224408 -0.000098 
4171.723908 -0.000065 
4170.223408 -0.000059 
4168.722908 -0.000093 
4167.222407 -0.000092 
4165.721907 -0.000103 
4164.221407 -0.000090 
4162.720907 -0.000074 
4161.220407 -0.000099 
4159.719907 -0.000079 
4158.219406 -0.000097 
4156.718906 -0.000059 
4155.218406 -0.000076 
4153.717906 -0.000099 
4152.217406 -0.000123 
4150.716906 -0.000095 
4149.216405 -0.000114 
4147.715905 -0.000132 
4146.215405 -0.000171 
4144.714905 -0.000162 
4143.214405 -0.000119 
4141.713905 -0.000139 
4140.213404 -0.000212 
4138.712904 -0.000200 
4137.212404 -0.000189 
4135.711904 -0.000217 
4134.211404 -0.000229 
4132.710904 -0.000199 
4131.210403 -0.000153 
4129.709903 -0.000195 
4128.209403 -0.000182 
4126.708903 -0.000204 
4125.208403 -0.000201 
4123.707903 -0.000195 
4122.207402 -0.000190 
4120.706902 -0.000212 
4119.206402 -0.000244 
4117.705902 -0.000251 
4116.205402 -0.000241 
4114.704902 -0.000231 
4113.204401 -0.000222 
4111.703901 -0.000206 
4110.203401 -0.000175 
4108.702901 -0.000161 
4107.202401 -0.000147 
4105.701901 -0.000109 
4104.201400 -0.000057 
4102.700900 0.000002 
4101.200400 0.000079 
4099.699900 0.000169 
4098.199400 0.000176 
4096.698900 0.000234 
4095.198399 0.000301 
4093.697899 0.000399 
4092.197399 0.000520 
4090.696899 0.000603 
4089.196399 0.000599 
4087.695899 0.000641 
4086.195398 0.000691 
4084.694898 0.000746 
4083.194398 0.000833 
4081.693898 0.000954 
4080.193398 0.001080 
4078.692898 0.001198 
4077.192397 0.001229 
4075.691897 0.001216 
4074.191397 0.001162 
4072.690897 0.000998 
4071.190397 0.000805 
4069.689897 0.000625 
4068.189396 0.000453 
4066.688896 0.000310 
4065.188396 0.000234 
4063.687896 0.000120 
4062.187396 0.000038 
4060.686896 -0.000006 
4059.186395 -0.000065 
4057.685895 -0.000098 
4056.185395 -0.000109 
4054.684895 -0.000117 
4053.184395 -0.000168 
4051.683895 -0.000178 
4050.183394 -0.000233 
4048.682894 -0.000207 
4047.182394 -0.000202 
4045.681894 -0.000224 
4044.181394 -0.000232 
4042.680894 -0.000219 
4041.180393 -0.000199 
4039.679893 -0.000237 
4038.179393 -0.000212 
4036.678893 -0.000188 
4035.178393 -0.000175 
4033.677893 -0.000134 
4032.177392 -0.000130 
4030.676892 -0.000101 
4029.176392 -0.000107 
4027.675892 -0.000124 
4026.175392 -0.000083 
4024.674892 -0.000072 
4023.174391 -0.000084 
4021.673891 -0.000096 
4020.173391 -0.000071 
4018.672891 -0.000098 
4017.172391 -0.000110 
4015.671891 -0.000102 
4014.171390 -0.000118 
4012.670890 -0.000153 
4011.170390 -0.000182 
4009.669890 -0.000171 
4008.169390 -0.000158 
4006.668890 -0.000195 
4005.168389 -0.000206 
4003.667889 -0.000178 
4002.167389 -0.000175 
4000.666889 -0.000204 
3999.166389 -0.000224 
3997.665889 -0.000233 
3996.165388 -0.000231 
3994.664888 -0.000195 
3993.164388 -0.000207 
3991.663888 -0.000208 
3990.163388 -0.000238 
3988.662888 -0.000257 
3987.162387 -0.000270 
3985.661887 -0.000276 
3984.161387 -0.000262 
3982.660887 -0.000272 
3981.160387 -0.000258 
3979.659887 -0.000222 
3978.159386 -0.000241 
3976.658886 -0.000214 
3975.158386 -0.000200 
3973.657886 -0.000180 
3972.157386 -0.000181 
3970.656886 -0.000120 
3969.156385 -0.000098 
3967.655885 -0.000083 
3966.155385 -0.000045 
3964.654885 -0.000021 
3963.154385 -0.000014 
3961.653885 -0.000002 
3960.153384 -0.000013 
3958.652884 -0.000007 
3957.152384 0.000010 
3955.651884 -0.000001 
3954.151384 0.000006 
3952.650884 0.000016 
3951.150383 0.000004 
3949.649883 0.000019 
3948.149383 0.000016 
3946.648883 -0.000025 
3945.148383 0.000020 
3943.647883 0.000031 
3942.147382 -0.000042 
3940.646882 -0.000047 
3939.146382 -0.000055 
3937.645882 -0.000076 
3936.145382 -0.000086 
3934.644882 -0.000066 
3933.144381 -0.000045 
3931.643881 -0.000061 
3930.143381 -0.000130 
3928.642881 -0.000165 
3927.142381 -0.000122 
3925.641881 -0.000088 
3924.141380 -0.000114 
3922.640880 -0.000130 
3921.140380 -0.000125 
3919.639880 -0.000103 
3918.139380 -0.000078 
3916.638880 -0.000112 
3915.138379 -0.000151 
3913.637879 -0.000130 
3912.137379 -0.000172 
3910.636879 -0.000185 
3909.136379 -0.000227 
3907.635879 -0.000171 
3906.135378 -0.000070 
3904.634878 -0.000019 
3903.134378 -0.000011 
3901.633878 -0.000049 
3900.133378 -0.000068 
3898.632878 -0.000157 
3897.132377 -0.000170 
3895.631877 -0.000124 
3894.131377 -0.000059 
3892.630877 0.000056 
3891.130377 -0.000030 
3889.629877 -0.000069 
3888.129376 0.000072 
3886.628876 0.000158 
3885.128376 0.000092 
3883.627876 0.000056 
3882.127376 0.000137 
3880.626876 0.000159 
3879.126375 0.000220 
3877.625875 0.000269 
3876.125375 0.000405 
3874.624875 0.000515 
3873.124375 0.000582 
3871.623875 0.000783 
3870.123374 0.000886 
3868.622874 0.000947 
3867.122374 0.001203 
3865.621874 0.001600 
3864.121374 0.002034 
3862.620874 0.001568 
3861.120373 0.000671 
3859.619873 0.000286 
3858.119373 0.000198 
3856.618873 0.000366 
3855.118373 0.000492 
3853.617873 0.000279 
3852.117372 -0.000033 
3850.616872 -0.000221 
3849.116372 -0.000291 
3847.615872 -0.000367 
3846.115372 -0.000359 
3844.614872 -0.000314 
3843.114371 -0.000291 
3841.613871 -0.000274 
3840.113371 -0.000206 
3838.612871 -0.000174 
3837.112371 -0.000246 
3835.611871 -0.000348 
3834.111370 -0.000405 
3832.610870 -0.000403 
3831.110370 -0.000426 
3829.609870 -0.000460 
3828.109370 -0.000466 
3826.608870 -0.000497 
3825.108369 -0.000475 
3823.607869 -0.000356 
3822.107369 -0.000297 
3820.606869 -0.000369 
3819.106369 -0.000353 
3817.605869 -0.000222 
3816.105368 -0.000308 
3814.604868 -0.000387 
3813.104368 -0.000432 
3811.603868 -0.000449 
3810.103368 -0.000421 
3808.602868 -0.000319 
3807.102367 -0.000353 
3805.601867 -0.000406 
3804.101367 -0.000336 
3802.600867 -0.000188 
3801.100367 -0.000302 
3799.599867 -0.000375 
3798.099366 -0.000370 
3796.598866 -0.000439 
3795.098366 -0.000474 
3793.597866 -0.000518 
3792.097366 -0.000482 
3790.596866 -0.000475 
3789.096365 -0.000478 
3787.595865 -0.000472 
3786.095365 -0.000459 
3784.594865 -0.000458 
3783.094365 -0.000462 
3781.593865 -0.000458 
3780.093364 -0.000451 
3778.592864 -0.000451 
3777.092364 -0.000474 
3775.591864 -0.000500 
3774.091364 -0.000501 
3772.590864 -0.000463 
3771.090363 -0.000401 
3769.589863 -0.000435 
3768.089363 -0.000424 
3766.588863 -0.000412 
3765.088363 -0.000437 
3763.587863 -0.000465 
3762.087362 -0.000451 
3760.586862 -0.000396 
3759.086362 -0.000396 
3757.585862 -0.000394 
3756.085362 -0.000384 
3754.584862 -0.000261 
3753.084361 -0.000146 
3751.583861 -0.000148 
3750.083361 -0.000127 
3748.582861 -0.000329 
3747.082361 -0.000221 
3745.581861 0.000072 
3744.081360 -0.000160 
3742.580860 -0.000325 
3741.080360 -0.000397 
3739.579860 -0.000350 
3738.079360 -0.000219 
3736.578860 -0.000171 
3735.078359 -0.000216 
3733.577859 -0.000214 
3732.077359 -0.000316 
3730.576859 -0.000402 
3729.076359 -0.000395 
3727.575859 -0.000307 
3726.075358 -0.000312 
3724.574858 -0.000357 
3723.074358 -0.000374 
3721.573858 -0.000378 
3720.073358 -0.000374 
3718.572858 -0.000400 
3717.072357 -0.000398 
3715.571857 -0.000372 
3714.071357 -0.000291 
3712.570857 -0.000239 
3711.070357 -0.000284 
3709.569857 -0.000351 
3708.069356 -0.000420 
3706.568856 -0.000437 
3705.068356 -0.000480 
3703.567856 -0.000430 
3702.067356 -0.000412 
3700.566856 -0.000437 
3699.066355 -0.000456 
3697.565855 -0.000470 
3696.065355 -0.000460 
3694.564855 -0.000446 
3693.064355 -0.000405 
3691.563855 -0.000386 
3690.063354 -0.000261 
3688.562854 -0.000298 
3687.062354 -0.000417 
3685.561854 -0.000472 
3684.061354 -0.000487 
3682.560854 -0.000487 
3681.060353 -0.000451 
3679.559853 -0.000424 
3678.059353 -0.000311 
3676.558853 -0.000171 
3675.058353 -0.000292 
3673.557853 -0.000360 
3672.057352 -0.000226 
3670.556852 -0.000288 
3669.056352 -0.000375 
3667.555852 -0.000443 
3666.055352 -0.000485 
3664.554852 -0.000526 
3663.054351 -0.000521 
3661.553851 -0.000475 
3660.053351 -0.000497 
3658.552851 -0.000439 
3657.052351 -0.000359 
3655.551851 -0.000413 
3654.051350 -0.000436 
3652.550850 -0.000359 
3651.050350 -0.000208 
3649.549850 -0.000199 
3648.049350 -0.000272 
3646.548850 -0.000387 
3645.048349 -0.000463 
3643.547849 -0.000492 
3642.047349 -0.000492 
3640.546849 -0.000500 
3639.046349 -0.000516 
3637.545849 -0.000548 
3636.045348 -0.000532 
3634.544848 -0.000514 
3633.044348 -0.000534 
3631.543848 -0.000376 
3630.043348 -0.000202 
3628.542848 -0.000330 
3627.042347 -0.000487 
3625.541847 -0.000541 
3624.041347 -0.000567 
3622.540847 -0.000560 
3621.040347 -0.000451 
3619.539847 -0.000461 
3618.039346 -0.000515 
3616.538846 -0.000526 
3615.038346 -0.000514 
3613.537846 -0.000505 
3612.037346 -0.000539 
3610.536846 -0.000459 
3609.036345 -0.000478 
3607.535845 -0.000534 
3606.035345 -0.000603 
3604.534845 -0.000615 
3603.034345 -0.000615 
3601.533845 -0.000615 
3600.033344 -0.000609 
3598.532844 -0.000642 
3597.032344 -0.000621 
3595.531844 -0.000604 
3594.031344 -0.000617 
3592.530844 -0.000661 
3591.030343 -0.000628 
3589.529843 -0.000524 
3588.029343 -0.000487 
3586.528843 -0.000586 
3585.028343 -0.000620 
3583.527843 -0.000661 
3582.027342 -0.000681 
3580.526842 -0.000681 
3579.026342 -0.000675 
3577.525842 -0.000674 
3576.025342 -0.000681 
3574.524842 -0.000687 
3573.024341 -0.000668 
3571.523841 -0.000693 
3570.023341 -0.000609 
3568.522841 -0.000531 
3567.022341 -0.000570 
3565.521841 -0.000628 
3564.021340 -0.000649 
3562.520840 -0.000693 
3561.020340 -0.000688 
3559.519840 -0.000681 
3558.019340 -0.000681 
3556.518840 -0.000662 
3555.018339 -0.000674 
3553.517839 -0.000656 
3552.017339 -0.000661 
3550.516839 -0.000674 
3549.016339 -0.000637 
3547.515839 -0.000623 
3546.015338 -0.000607 
3544.514838 -0.000628 
3543.014338 -0.000655 
3541.513838 -0.000693 
3540.013338 -0.000688 
3538.512838 -0.000662 
3537.012337 -0.000662 
3535.511837 -0.000668 
3534.011337 -0.000643 
3532.510837 -0.000621 
3531.010337 -0.000643 
3529.509837 -0.000626 
3528.009336 -0.000591 
3526.508836 -0.000563 
3525.008336 -0.000555 
3523.507836 -0.000563 
3522.007336 -0.000555 
3520.506836 -0.000552 
3519.006335 -0.000552 
3517.505835 -0.000552 
3516.005335 -0.000525 
3514.504835 -0.000509 
3513.004335 -0.000509 
3511.503835 -0.000500 
3510.003334 -0.000473 
3508.502834 -0.000470 
3507.002334 -0.000468 
3505.501834 -0.000437 
3504.001334 -0.000408 
3502.500834 -0.000408 
3501.000333 -0.000427 
3499.499833 -0.000432 
3497.999333 -0.000429 
3496.498833 -0.000410 
3494.998333 -0.000413 
3493.497833 -0.000394 
3491.997332 -0.000388 
3490.496832 -0.000378 
3488.996332 -0.000372 
3487.495832 -0.000388 
3485.995332 -0.000386 
3484.494832 -0.000378 
3482.994331 -0.000364 
3481.493831 -0.000339 
3479.993331 -0.000323 
3478.492831 -0.000325 
3476.992331 -0.000306 
3475.491831 -0.000292 
3473.991330 -0.000296 
3472.490830 -0.000301 
3470.990330 -0.000298 
3469.489830 -0.000274 
3467.989330 -0.000246 
3466.488830 -0.000246 
3464.988329 -0.000243 
3463.487829 -0.000229 
3461.987329 -0.000194 
3460.486829 -0.000228 
3458.986329 -0.000246 
3457.485829 -0.000205 
3455.985328 -0.000219 
3454.484828 -0.000188 
3452.984328 -0.000150 
3451.483828 -0.000120 
3449.983328 -0.000071 
3448.482828 -0.000008 
3446.982327 0.000058 
3445.481827 0.000122 
3443.981327 0.000212 
3442.480827 0.000302 
3440.980327 0.000373 
3439.479827 0.000439 
3437.979326 0.000512 
3436.478826 0.000500 
3434.978326 0.000459 
3433.477826 0.000413 
3431.977326 0.000403 
3430.476826 0.000482 
3428.976325 0.000601 
3427.475825 0.000662 
3425.975325 0.000674 
3424.474825 0.000655 
3422.974325 0.000599 
3421.473825 0.000566 
3419.973324 0.000481 
3418.472824 0.000409 
3416.972324 0.000298 
3415.471824 0.000148 
3413.971324 0.000037 
3412.470824 -0.000009 
3410.970323 -0.000028 
3409.469823 -0.000055 
3407.969323 -0.000063 
3406.468823 -0.000086 
3404.968323 -0.000124 
3403.467823 -0.000146 
3401.967322 -0.000151 
3400.466822 -0.000151 
3398.966322 -0.000155 
3397.465822 -0.000112 
3395.965322 -0.000110 
3394.464822 -0.000115 
3392.964321 -0.000110 
3391.463821 -0.000124 
3389.963321 -0.000170 
3388.462821 -0.000181 
3386.962321 -0.000203 
3385.461821 -0.000222 
3383.961320 -0.000239 
3382.460820 -0.000266 
3380.960320 -0.000282 
3379.459820 -0.000318 
3377.959320 -0.000357 
3376.458820 -0.000386 
3374.958319 -0.000428 
3373.457819 -0.000451 
3371.957319 -0.000446 
3370.456819 -0.000444 
3368.956319 -0.000473 
3367.455819 -0.000484 
3365.955318 -0.000504 
3364.454818 -0.000525 
3362.954318 -0.000522 
3361.453818 -0.000509 
3359.953318 -0.000502 
3358.452818 -0.000495 
3356.952317 -0.000491 
3355.451817 -0.000441 
3353.951317 -0.000382 
3352.450817 -0.000367 
3350.950317 -0.000371 
3349.449817 -0.000369 
3347.949316 -0.000347 
3346.448816 -0.000331 
3344.948316 -0.000311 
3343.447816 -0.000248 
3341.947316 -0.000107 
3340.446816 0.000018 
3338.946315 0.000150 
3337.445815 0.000284 
3335.945315 0.000397 
3334.444815 0.000456 
3332.944315 0.000487 
3331.443815 0.000465 
3329.943314 0.000425 
3328.442814 0.000278 
3326.942314 0.000086 
3325.441814 -0.000126 
3323.941314 -0.000314 
3322.440814 -0.000393 
3320.940313 -0.000418 
3319.439813 -0.000407 
3317.939313 -0.000376 
3316.438813 -0.000385 
3314.938313 -0.000427 
3313.437813 -0.000450 
3311.937312 -0.000478 
3310.436812 -0.000470 
3308.936312 -0.000416 
3307.435812 -0.000144 
3305.935312 -0.000079 
3304.434812 -0.000338 
3302.934311 -0.000524 
3301.433811 -0.000585 
3299.933311 -0.000589 
3298.432811 -0.000608 
3296.932311 -0.000603 
3295.431811 -0.000609 
3293.931310 -0.000610 
3292.430810 -0.000619 
3290.930310 -0.000637 
3289.429810 -0.000642 
3287.929310 -0.000622 
3286.428810 -0.000643 
3284.928309 -0.000622 
3283.427809 -0.000603 
3281.927309 -0.000582 
3280.426809 -0.000429 
3278.926309 -0.000225 
3277.425809 -0.000311 
3275.925308 -0.000380 
3274.424808 -0.000314 
3272.924308 -0.000209 
3271.423808 -0.000099 
3269.923308 0.000045 
3268.422808 0.000215 
3266.922307 0.000424 
3265.421807 0.000671 
3263.921307 0.000980 
3262.420807 0.001319 
3260.920307 0.001721 
3259.419807 0.002225 
3257.919306 0.002848 
3256.418806 0.003615 
3254.918306 0.004622 
3253.417806 0.005945 
3251.917306 0.007600 
3250.416806 0.009766 
3248.916305 0.012630 
3247.415805 0.016327 
3245.915305 0.020855 
3244.414805 0.025946 
3242.914305 0.031251 
3241.413805 0.037482 
3239.913304 0.046576 
3238.412804 0.061522 
3236.912304 0.087152 
3235.411804 0.123660 
3233.911304 0.170482 
3232.410804 0.237141 
3230.910303 0.338345 
3229.409803 0.491917 
3227.909303 0.716254 
3226.408803 1.000000 
3224.908303 0.798197 
3223.407803 0.354035 
3221.907302 0.209136 
3220.406802 0.141613 
3218.906302 0.092520 
3217.405802 0.069867 
3215.905302 0.057611 
3214.404802 0.049157 
3212.904301 0.042590 
3211.403801 0.037403 
3209.903301 0.033224 
3208.402801 0.029784 
3206.902301 0.026940 
3205.401801 0.024560 
3203.901300 0.022549 
3202.400800 0.020790 
3200.900300 0.019326 
3199.399800 0.017994 
3197.899300 0.016812 
3196.398800 0.015743 
3194.898299 0.014768 
3193.397799 0.013896 
3191.897299 0.013063 
3190.396799 0.012305 
3188.896299 0.011624 
3187.395799 0.010953 
3185.895298 0.010333 
3184.394798 0.009757 
3182.894298 0.009255 
3181.393798 0.008776 
3179.893298 0.008307 
3178.392798 0.007881 
3176.892297 0.007484 
3175.391797 0.007101 
3173.891297 0.006733 
3172.390797 0.006412 
3170.890297 0.006098 
3169.389797 0.005815 
3167.889296 0.005542 
3166.388796 0.005309 
3164.888296 0.005089 
3163.387796 0.004881 
3161.887296 0.004687 
3160.386796 0.004494 
3158.886295 0.004317 
3157.385795 0.004142 
3155.885295 0.003978 
3154.384795 0.003841 
3152.884295 0.003694 
3151.383795 0.003551 
3149.883294 0.003439 
3148.382794 0.003305 
3146.882294 0.003193 
3145.381794 0.003081 
3143.881294 0.002982 
3142.380794 0.002898 
3140.880293 0.002796 
3139.379793 0.002710 
3137.879293 0.002643 
3136.378793 0.002556 
3134.878293 0.002473 
3133.377793 0.002420 
3131.877292 0.002359 
3130.376792 0.002313 
3128.876292 0.002233 
3127.375792 0.002190 
3125.875292 0.002124 
3124.374792 0.002055 
3122.874291 0.001999 
3121.373791 0.001929 
3119.873291 0.001861 
3118.372791 0.001810 
3116.872291 0.001762 
3115.371791 0.001724 
3113.871290 0.001680 
3112.370790 0.001627 
3110.870290 0.001590 
3109.369790 0.001535 
3107.869290 0.001503 
3106.368790 0.001457 
3104.868289 0.001409 
3103.367789 0.001391 
3101.867289 0.001365 
3100.366789 0.001320 
3098.866289 0.001289 
3097.365789 0.001238 
3095.865288 0.001202 
3094.364788 0.001161 
3092.864288 0.001122 
3091.363788 0.001120 
3089.863288 0.001107 
3088.362788 0.001073 
3086.862287 0.001030 
3085.361787 0.001008 
3083.861287 0.001000 
3082.360787 0.000990 
3080.860287 0.000977 
3079.359787 0.000969 
3077.859286 0.000934 
3076.358786 0.000887 
3074.858286 0.000880 
3073.357786 0.000868 
3071.857286 0.000862 
3070.356786 0.000814 
3068.856285 0.000780 
3067.355785 0.000763 
3065.855285 0.000756 
3064.354785 0.000750 
3062.854285 0.000736 
3061.353785 0.000710 
3059.853284 0.000677 
3058.352784 0.000649 
3056.852284 0.000649 
3055.351784 0.000639 
3053.851284 0.000616 
3052.350784 0.000612 
3050.850283 0.000587 
3049.349783 0.000569 
3047.849283 0.000557 
3046.348783 0.000540 
3044.848283 0.000521 
3043.347783 0.000529 
3041.847282 0.000512 
3040.346782 0.000480 
3038.846282 0.000496 
3037.345782 0.000486 
3035.845282 0.000501 
3034.344782 0.000512 
3032.844281 0.000489 
3031.343781 0.000474 
3029.843281 0.000465 
3028.342781 0.000460 
3026.842281 0.000458 
3025.341781 0.000466 
3023.841280 0.000456 
3022.340780 0.000451 
3020.840280 0.000458 
3019.339780 0.000440 
3017.839280 0.000446 
3016.338780 0.000456 
3014.838279 0.000463 
3013.337779 0.000492 
3011.837279 0.000502 
3010.336779 0.000516 
3008.836279 0.000502 
3007.335779 0.000505 
3005.835278 0.000535 
3004.334778 0.000525 
3002.834278 0.000490 
3001.333778 0.000483 
2999.833278 0.000459 
2998.332778 0.000403 
2996.832277 0.000389 
2995.331777 0.000381 
2993.831277 0.000358 
2992.330777 0.000364 
2990.830277 0.000340 
2989.329777 0.000336 
2987.829276 0.000350 
2986.328776 0.000325 
2984.828276 0.000312 
2983.327776 0.000309 
2981.827276 0.000306 
2980.326776 0.000311 
2978.826275 0.000316 
2977.325775 0.000327 
2975.825275 0.000334 
2974.324775 0.000336 
2972.824275 0.000320 
2971.323775 0.000298 
2969.823274 0.000281 
2968.322774 0.000277 
2966.822274 0.000261 
2965.321774 0.000247 
2963.821274 0.000234 
2962.320774 0.000217 
2960.820273 0.000190 
2959.319773 0.000173 
2957.819273 0.000183 
2956.318773 0.000181 
2954.818273 0.000178 
2953.317773 0.000181 
2951.817272 0.000187 
2950.316772 0.000194 
2948.816272 0.000184 
2947.315772 0.000194 
2945.815272 0.000220 
2944.314772 0.000212 
2942.814271 0.000202 
2941.313771 0.000212 
2939.813271 0.000202 
2938.312771 0.000172 
2936.812271 0.000168 
2935.311771 0.000171 
2933.811270 0.000154 
2932.310770 0.000113 
2930.810270 0.000090 
2929.309770 0.000087 
2927.809270 0.000063 
2926.308770 0.000003 
2924.808269 -0.000033 
2923.307769 -0.000078 
2921.807269 -0.000117 
2920.306769 -0.000156 
2918.806269 -0.000170 
2917.305769 -0.000201 
2915.805268 -0.000224 
2914.304768 -0.000224 
2912.804268 -0.000180 
2911.303768 -0.000124 
2909.803268 -0.000121 
2908.302768 -0.000096 
2906.802267 -0.000118 
2905.301767 -0.000109 
2903.801267 -0.000096 
2902.300767 -0.000102 
2900.800267 -0.000110 
2899.299767 -0.000115 
2897.799266 -0.000118 
2896.298766 -0.000134 
2894.798266 -0.000127 
2893.297766 -0.000122 
2891.797266 -0.000127 
2890.296766 -0.000137 
2888.796265 -0.000149 
2887.295765 -0.000145 
2885.795265 -0.000151 
2884.294765 -0.000146 
2882.794265 -0.000138 
2881.293765 -0.000149 
2879.793264 -0.000127 
2878.292764 -0.000117 
2876.792264 -0.000123 
2875.291764 -0.000149 
2873.791264 -0.000156 
2872.290764 -0.000165 
2870.790263 -0.000175 
2869.289763 -0.000170 
2867.789263 -0.000171 
2866.288763 -0.000168 
2864.788263 -0.000168 
2863.287763 -0.000173 
2861.787262 -0.000196 
2860.286762 -0.000227 
2858.786262 -0.000230 
2857.285762 -0.000245 
2855.785262 -0.000279 
2854.284762 -0.000301 
2852.784261 -0.000341 
2851.283761 -0.000359 
2849.783261 -0.000403 
2848.282761 -0.000413 
2846.782261 -0.000372 
2845.281761 -0.000324 
2843.781260 -0.000279 
2842.280760 -0.000248 
2840.780260 -0.000236 
2839.279760 -0.000241 
2837.779260 -0.000223 
2836.278760 -0.000222 
2834.778259 -0.000216 
2833.277759 -0.000215 
2831.777259 -0.000217 
2830.276759 -0.000211 
2828.776259 -0.000219 
2827.275759 -0.000211 
2825.775258 -0.000212 
2824.274758 -0.000226 
2822.774258 -0.000215 
2821.273758 -0.000212 
2819.773258 -0.000208 
2818.272758 -0.000202 
2816.772257 -0.000221 
2815.271757 -0.000214 
2813.771257 -0.000208 
2812.270757 -0.000200 
2810.770257 -0.000199 
2809.269757 -0.000197 
2807.769256 -0.000195 
2806.268756 -0.000173 
2804.768256 -0.000168 
2803.267756 -0.000161 
2801.767256 -0.000163 
2800.266756 -0.000145 
2798.766255 -0.000140 
2797.265755 -0.000111 
2795.765255 -0.000095 
2794.264755 -0.000093 
2792.764255 -0.000054 
2791.263755 -0.000028 
2789.763254 -0.000018 
2788.262754 0.000037 
2786.762254 0.000074 
2785.261754 0.000085 
2783.761254 0.000079 
2782.260754 0.000055 
2780.760253 0.000018 
2779.259753 -0.000007 
2777.759253 -0.000016 
2776.258753 -0.000042 
2774.758253 -0.000059 
2773.257753 -0.000056 
2771.757252 -0.000063 
2770.256752 -0.000076 
2768.756252 -0.000088 
2767.255752 -0.000093 
2765.755252 -0.000090 
2764.254752 -0.000101 
2762.754251 -0.000112 
2761.253751 -0.000093 
2759.753251 -0.000081 
2758.252751 -0.000091 
2756.752251 -0.000093 
2755.251751 -0.000077 
2753.751250 -0.000082 
2752.250750 -0.000082 
2750.750250 -0.000089 
2749.249750 -0.000078 
2747.749250 -0.000070 
2746.248750 -0.000072 
2744.748249 -0.000043 
2743.247749 0.000014 
2741.747249 0.000069 
2740.246749 0.000149 
2738.746249 0.000209 
2737.245749 0.000209 
2735.745248 0.000197 
2734.244748 0.000176 
2732.744248 0.000145 
2731.243748 0.000105 
2729.743248 0.000082 
2728.242748 0.000068 
2726.742247 0.000047 
2725.241747 0.000055 
2723.741247 0.000047 
2722.240747 0.000044 
2720.740247 0.000052 
2719.239747 0.000040 
2717.739246 0.000029 
2716.238746 0.000035 
2714.738246 0.000023 
2713.237746 0.000008 
2711.737246 -0.000014 
2710.236746 -0.000048 
2708.736245 -0.000056 
2707.235745 -0.000061 
2705.735245 -0.000072 
2704.234745 -0.000079 
2702.734245 -0.000110 
2701.233745 -0.000129 
2699.733244 -0.000123 
2698.232744 -0.000125 
2696.732244 -0.000136 
2695.231744 -0.000132 
2693.731244 -0.000132 
2692.230744 -0.000137 
2690.730243 -0.000137 
2689.229743 -0.000145 
2687.729243 -0.000153 
2686.228743 -0.000149 
2684.728243 -0.000141 
2683.227743 -0.000144 
2681.727242 -0.000154 
2680.226742 -0.000166 
2678.726242 -0.000170 
2677.225742 -0.000167 
2675.725242 -0.000178 
2674.224742 -0.000186 
2672.724241 -0.000197 
2671.223741 -0.000215 
2669.723241 -0.000217 
2668.222741 -0.000223 
2666.722241 -0.000231 
2665.221741 -0.000238 
2663.721240 -0.000241 
2662.220740 -0.000258 
2660.720240 -0.000271 
2659.219740 -0.000270 
2657.719240 -0.000275 
2656.218740 -0.000292 
2654.718239 -0.000294 
2653.217739 -0.000296 
2651.717239 -0.000305 
2650.216739 -0.000306 
2648.716239 -0.000305 
2647.215739 -0.000318 
2645.715238 -0.000333 
2644.214738 -0.000338 
2642.714238 -0.000343 
2641.213738 -0.000337 
2639.713238 -0.000366 
2638.212738 -0.000372 
2636.712237 -0.000371 
2635.211737 -0.000378 
2633.711237 -0.000382 
2632.210737 -0.000395 
2630.710237 -0.000405 
2629.209737 -0.000407 
2627.709236 -0.000417 
2626.208736 -0.000421 
2624.708236 -0.000418 
2623.207736 -0.000414 
2621.707236 -0.000416 
2620.206736 -0.000432 
2618.706235 -0.000441 
2617.205735 -0.000442 
2615.705235 -0.000439 
2614.204735 -0.000425 
2612.704235 -0.000423 
2611.203735 -0.000422 
2609.703234 -0.000418 
2608.202734 -0.000410 
2606.702234 -0.000419 
2605.201734 -0.000438 
2603.701234 -0.000427 
2602.200734 -0.000423 
2600.700233 -0.000427 
2599.199733 -0.000420 
2597.699233 -0.000422 
2596.198733 -0.000437 
2594.698233 -0.000447 
2593.197733 -0.000447 
2591.697232 -0.000430 
2590.196732 -0.000422 
2588.696232 -0.000429 
2587.195732 -0.000437 
2585.695232 -0.000454 
2584.194732 -0.000451 
2582.694231 -0.000445 
2581.193731 -0.000458 
2579.693231 -0.000472 
2578.192731 -0.000465 
2576.692231 -0.000463 
2575.191731 -0.000475 
2573.691230 -0.000476 
2572.190730 -0.000473 
2570.690230 -0.000471 
2569.189730 -0.000459 
2567.689230 -0.000464 
2566.188730 -0.000470 
2564.688229 -0.000470 
2563.187729 -0.000476 
2561.687229 -0.000461 
2560.186729 -0.000466 
2558.686229 -0.000469 
2557.185729 -0.000453 
2555.685228 -0.000443 
2554.184728 -0.000447 
2552.684228 -0.000437 
2551.183728 -0.000449 
2549.683228 -0.000430 
2548.182728 -0.000420 
2546.682227 -0.000354 
2545.181727 -0.000124 
2543.681227 -0.000235 
2542.180727 -0.000369 
2540.680227 -0.000390 
2539.179727 -0.000390 
2537.679226 -0.000384 
2536.178726 -0.000392 
2534.678226 -0.000384 
2533.177726 -0.000384 
2531.677226 -0.000386 
2530.176726 -0.000381 
2528.676225 -0.000378 
2527.175725 -0.000369 
2525.675225 -0.000351 
2524.174725 -0.000357 
2522.674225 -0.000354 
2521.173725 -0.000351 
2519.673224 -0.000337 
2518.172724 -0.000335 
2516.672224 -0.000327 
2515.171724 -0.000321 
2513.671224 -0.000306 
2512.170724 -0.000312 
2510.670223 -0.000312 
2509.169723 -0.000296 
2507.669223 -0.000277 
2506.168723 -0.000278 
2504.668223 -0.000275 
2503.167723 -0.000263 
2501.667222 -0.000255 
2500.166722 -0.000251 
2498.666222 -0.000257 
2497.165722 -0.000257 
2495.665222 -0.000250 
2494.164722 -0.000241 
2492.664221 -0.000241 
2491.163721 -0.000246 
2489.663221 -0.000243 
2488.162721 -0.000255 
2486.662221 -0.000265 
2485.161721 -0.000275 
2483.661220 -0.000288 
2482.160720 -0.000292 
2480.660220 -0.000303 
2479.159720 -0.000313 
2477.659220 -0.000313 
2476.158720 -0.000314 
2474.658219 -0.000310 
2473.157719 -0.000308 
2471.657219 -0.000313 
2470.156719 -0.000301 
2468.656219 -0.000306 
2467.155719 -0.000314 
2465.655218 -0.000318 
2464.154718 -0.000300 
2462.654218 -0.000284 
2461.153718 -0.000299 
2459.653218 -0.000300 
2458.152718 -0.000284 
2456.652217 -0.000286 
2455.151717 -0.000292 
2453.651217 -0.000282 
2452.150717 -0.000269 
2450.650217 -0.000266 
2449.149717 -0.000257 
2447.649216 -0.000255 
2446.148716 -0.000262 
2444.648216 -0.000258 
2443.147716 -0.000250 
2441.647216 -0.000232 
2440.146716 -0.000224 
2438.646215 -0.000222 
2437.145715 -0.000205 
2435.645215 -0.000202 
2434.144715 -0.000195 
2432.644215 -0.000206 
2431.143715 -0.000214 
2429.643214 -0.000200 
2428.142714 -0.000202 
2426.642214 -0.000210 
2425.141714 -0.000218 
2423.641214 -0.000233 
2422.140714 -0.000240 
2420.640213 -0.000241 
2419.139713 -0.000240 
2417.639213 -0.000243 
2416.138713 -0.000250 
2414.638213 -0.000269 
2413.137713 -0.000267 
2411.637212 -0.000260 
2410.136712 -0.000251 
2408.636212 -0.000259 
2407.135712 -0.000269 
2405.635212 -0.000292 
2404.134712 -0.000294 
2402.634211 -0.000290 
2401.133711 -0.000287 
2399.633211 -0.000280 
2398.132711 -0.000279 
2396.632211 -0.000279 
2395.131711 -0.000284 
2393.631210 -0.000299 
2392.130710 -0.000304 
2390.630210 -0.000284 
2389.129710 -0.000279 
2387.629210 -0.000286 
2386.128710 -0.000277 
2384.628209 -0.000263 
2383.127709 -0.000267 
2381.627209 -0.000271 
2380.126709 -0.000263 
2378.626209 -0.000248 
2377.125709 -0.000219 
2375.625208 -0.000188 
2374.124708 -0.000161 
2372.624208 -0.000137 
2371.123708 -0.000099 
2369.623208 -0.000060 
2368.122708 -0.000040 
2366.622207 -0.000021 
2365.121707 -0.000001 
2363.621207 0.000006 
2362.120707 0.000010 
2360.620207 0.000010 
2359.119707 -0.000022 
2357.619206 -0.000054 
2356.118706 -0.000093 
2354.618206 -0.000133 
2353.117706 -0.000185 
2351.617206 -0.000219 
2350.116706 -0.000250 
2348.616205 -0.000238 
2347.115705 -0.000181 
2345.615205 -0.000100 
2344.114705 0.000003 
2342.614205 0.000071 
2341.113705 0.000076 
2339.613204 0.000016 
2338.112704 -0.000035 
2336.612204 -0.000062 
2335.111704 -0.000078 
2333.611204 -0.000087 
2332.110704 -0.000100 
2330.610203 -0.000119 
2329.109703 -0.000121 
2327.609203 -0.000117 
2326.108703 -0.000147 
2324.608203 -0.000172 
2323.107703 -0.000172 
2321.607202 -0.000180 
2320.106702 -0.000196 
2318.606202 -0.000212 
2317.105702 -0.000226 
2315.605202 -0.000229 
2314.104702 -0.000250 
2312.604201 -0.000265 
2311.103701 -0.000258 
2309.603201 -0.000259 
2308.102701 -0.000265 
2306.602201 -0.000268 
2305.101701 -0.000268 
2303.601200 -0.000274 
2302.100700 -0.000271 
2300.600200 -0.000263 
2299.099700 -0.000255 
2297.599200 -0.000255 
2296.098700 -0.000249 
2294.598199 -0.000247 
2293.097699 -0.000236 
2291.597199 -0.000226 
2290.096699 -0.000211 
2288.596199 -0.000201 
2287.095699 -0.000197 
2285.595198 -0.000194 
2284.094698 -0.000210 
2282.594198 -0.000209 
2281.093698 -0.000207 
2279.593198 -0.000215 
2278.092698 -0.000225 
2276.592197 -0.000219 
2275.091697 -0.000222 
2273.591197 -0.000227 
2272.090697 -0.000235 
2270.590197 -0.000243 
2269.089697 -0.000253 
2267.589196 -0.000258 
2266.088696 -0.000249 
2264.588196 -0.000242 
2263.087696 -0.000225 
2261.587196 -0.000214 
2260.086696 -0.000208 
2258.586195 -0.000201 
2257.085695 -0.000182 
2255.585195 -0.000183 
2254.084695 -0.000183 
2252.584195 -0.000178 
2251.083695 -0.000170 
2249.583194 -0.000162 
2248.082694 -0.000159 
2246.582194 -0.000166 
2245.081694 -0.000170 
2243.581194 -0.000159 
2242.080694 -0.000159 
2240.580193 -0.000166 
2239.079693 -0.000159 
2237.579193 -0.000159 
2236.078693 -0.000156 
2234.578193 -0.000151 
2233.077693 -0.000144 
2231.577192 -0.000155 
2230.076692 -0.000162 
2228.576192 -0.000156 
2227.075692 -0.000154 
2225.575192 -0.000142 
2224.074692 -0.000150 
2222.574191 -0.000151 
2221.073691 -0.000158 
2219.573191 -0.000161 
2218.072691 -0.000180 
2216.572191 -0.000181 
2215.071691 -0.000178 
2213.571190 -0.000175 
2212.070690 -0.000173 
2210.570190 -0.000178 
2209.069690 -0.000183 
2207.569190 -0.000188 
2206.068690 -0.000191 
2204.568189 -0.000192 
2203.067689 -0.000178 
2201.567189 -0.000178 
2200.066689 -0.000181 
2198.566189 -0.000183 
2197.065689 -0.000183 
2195.565188 -0.000186 
2194.064688 -0.000176 
2192.564188 -0.000159 
2191.063688 -0.000169 
2189.563188 -0.000183 
2188.062688 -0.000183 
2186.562187 -0.000196 
2185.061687 -0.000202 
2183.561187 -0.000205 
2182.060687 -0.000202 
2180.560187 -0.000205 
2179.059687 -0.000213 
2177.559186 -0.000232 
2176.058686 -0.000241 
2174.558186 -0.000249 
2173.057686 -0.000255 
2171.557186 -0.000258 
2170.056686 -0.000251 
2168.556185 -0.000262 
2167.055685 -0.000263 
2165.555185 -0.000267 
2164.054685 -0.000282 
2162.554185 -0.000287 
2161.053685 -0.000277 
2159.553184 -0.000262 
2158.052684 -0.000281 
2156.552184 -0.000297 
2155.051684 -0.000306 
2153.551184 -0.000325 
2152.050684 -0.000331 
2150.550183 -0.000336 
2149.049683 -0.000332 
2147.549183 -0.000323 
2146.048683 -0.000320 
2144.548183 -0.000338 
2143.047683 -0.000358 
2141.547182 -0.000348 
2140.046682 -0.000347 
2138.546182 -0.000342 
2137.045682 -0.000350 
2135.545182 -0.000334 
2134.044682 -0.000334 
2132.544181 -0.000334 
2131.043681 -0.000337 
2129.543181 -0.000339 
2128.042681 -0.000339 
2126.542181 -0.000347 
2125.041681 -0.000355 
2123.541180 -0.000364 
2122.040680 -0.000367 
2120.540180 -0.000367 
2119.039680 -0.000380 
2117.539180 -0.000391 
2116.038680 -0.000381 
2114.538179 -0.000386 
2113.037679 -0.000386 
2111.537179 -0.000381 
2110.036679 -0.000372 
2108.536179 -0.000393 
2107.035679 -0.000391 
2105.535178 -0.000396 
2104.034678 -0.000397 
2102.534178 -0.000389 
2101.033678 -0.000386 
2099.533178 -0.000380 
2098.032678 -0.000375 
2096.532177 -0.000367 
2095.031677 -0.000361 
2093.531177 -0.000347 
2092.030677 -0.000340 
2090.530177 -0.000331 
2089.029677 -0.000318 
2087.529176 -0.000291 
2086.028676 -0.000261 
2084.528176 -0.000246 
2083.027676 -0.000230 
2081.527176 -0.000203 
2080.026676 -0.000197 
2078.526175 -0.000165 
2077.025675 -0.000142 
2075.525175 -0.000124 
2074.024675 -0.000131 
2072.524175 -0.000129 
2071.023675 -0.000115 
2069.523174 -0.000074 
2068.022674 -0.000055 
2066.522174 -0.000052 
2065.021674 -0.000041 
2063.521174 -0.000043 
2062.020674 -0.000060 
2060.520173 -0.000061 
2059.019673 -0.000071 
2057.519173 -0.000095 
2056.018673 -0.000104 
2054.518173 -0.000125 
2053.017673 -0.000153 
2051.517172 -0.000167 
2050.016672 -0.000178 
2048.516172 -0.000181 
2047.015672 -0.000170 
2045.515172 -0.000180 
2044.014672 -0.000186 
2042.514171 -0.000181 
2041.013671 -0.000173 
2039.513171 -0.000156 
2038.012671 -0.000161 
2036.512171 -0.000180 
2035.011671 -0.000173 
2033.511170 -0.000156 
2032.010670 -0.000159 
2030.510170 -0.000161 
2029.009670 -0.000186 
2027.509170 -0.000189 
2026.008670 -0.000189 
2024.508169 -0.000200 
2023.007669 -0.000224 
2021.507169 -0.000235 
2020.006669 -0.000235 
2018.506169 -0.000222 
2017.005669 -0.000233 
2015.505168 -0.000243 
2014.004668 -0.000257 
2012.504168 -0.000255 
2011.003668 -0.000274 
2009.503168 -0.000284 
2008.002668 -0.000274 
2006.502167 -0.000268 
2005.001667 -0.000260 
2003.501167 -0.000255 
2002.000667 -0.000251 
2000.500167 -0.000255 
1998.999667 -0.000276 
1997.499166 -0.000260 
1995.998666 -0.000255 
1994.498166 -0.000255 
1992.997666 -0.000227 
1991.497166 -0.000224 
1989.996666 -0.000238 
1988.496165 -0.000243 
1986.995665 -0.000271 
1985.495165 -0.000274 
1983.994665 -0.000271 
1982.494165 -0.000268 
1980.993665 -0.000279 
1979.493164 -0.000279 
1977.992664 -0.000271 
1976.492164 -0.000268 
1974.991664 -0.000277 
1973.491164 -0.000276 
1971.990664 -0.000255 
1970.490163 -0.000268 
1968.989663 -0.000265 
1967.489163 -0.000241 
1965.988663 -0.000243 
1964.488163 -0.000218 
1962.987663 -0.000136 
1961.487162 -0.000088 
1959.986662 -0.000118 
1958.486162 -0.000126 
1956.985662 -0.000142 
1955.485162 -0.000161 
1953.984662 -0.000161 
1952.484161 -0.000161 
1950.983661 -0.000159 
1949.483161 -0.000197 
1947.982661 -0.000238 
1946.482161 -0.000255 
1944.981661 -0.000260 
1943.481160 -0.000219 
1941.980660 -0.000241 
1940.480160 -0.000282 
1938.979660 -0.000279 
1937.479160 -0.000276 
1935.978660 -0.000268 
1934.478159 -0.000274 
1932.977659 -0.000279 
1931.477159 -0.000290 
1929.976659 -0.000279 
1928.476159 -0.000287 
1926.975659 -0.000287 
1925.475158 -0.000284 
1923.974658 -0.000276 
1922.474158 -0.000277 
1920.973658 -0.000312 
1919.473158 -0.000272 
1917.972658 -0.000239 
1916.472157 -0.000320 
1914.971657 -0.000328 
1913.471157 -0.000326 
1911.970657 -0.000326 
1910.470157 -0.000331 
1908.969657 -0.000314 
1907.469156 -0.000328 
1905.968656 -0.000337 
1904.468156 -0.000326 
1902.967656 -0.000350 
1901.467156 -0.000339 
1899.966656 -0.000339 
1898.466155 -0.000337 
1896.965655 -0.000347 
1895.465155 -0.000337 
1893.964655 -0.000340 
1892.464155 -0.000350 
1890.963655 -0.000325 
1889.463154 -0.000310 
1887.962654 -0.000345 
1886.462154 -0.000359 
1884.961654 -0.000355 
1883.461154 -0.000350 
1881.960654 -0.000355 
1880.460153 -0.000350 
1878.959653 -0.000348 
1877.459153 -0.000364 
1875.958653 -0.000366 
1874.458153 -0.000352 
1872.957653 -0.000340 
1871.457152 -0.000329 
1869.956652 -0.000250 
1868.456152 -0.000262 
1866.955652 -0.000316 
1865.455152 -0.000342 
1863.954652 -0.000358 
1862.454151 -0.000350 
1860.953651 -0.000350 
1859.453151 -0.000338 
1857.952651 -0.000332 
1856.452151 -0.000333 
1854.951651 -0.000332 
1853.451150 -0.000345 
1851.950650 -0.000345 
1850.450150 -0.000342 
1848.949650 -0.000322 
1847.449150 -0.000312 
1845.948650 -0.000248 
1844.448149 -0.000115 
1842.947649 -0.000238 
1841.447149 -0.000296 
1839.946649 -0.000318 
1838.446149 -0.000314 
1836.945649 -0.000304 
1835.445148 -0.000328 
1833.944648 -0.000305 
1832.444148 -0.000280 
1830.943648 -0.000200 
1829.443148 -0.000200 
1827.942648 -0.000254 
1826.442147 -0.000202 
1824.941647 -0.000189 
1823.441147 -0.000250 
1821.940647 -0.000274 
1820.440147 -0.000270 
1818.939647 -0.000242 
1817.439146 -0.000225 
1815.938646 -0.000236 
1814.438146 -0.000243 
1812.937646 -0.000200 
1811.437146 -0.000156 
1809.936646 -0.000171 
1808.436145 -0.000178 
1806.935645 -0.000183 
1805.435145 -0.000185 
1803.934645 -0.000147 
1802.434145 -0.000087 
1800.933645 -0.000093 
1799.433144 -0.000117 
1797.932644 -0.000153 
1796.432144 -0.000128 
1794.931644 -0.000125 
1793.431144 -0.000001 
1791.930644 0.000007 
1790.430143 -0.000087 
1788.929643 -0.000155 
1787.429143 -0.000170 
1785.928643 -0.000101 
1784.428143 -0.000105 
1782.927643 -0.000155 
1781.427142 -0.000125 
1779.926642 -0.000147 
1778.426142 -0.000170 
1776.925642 -0.000151 
1775.425142 -0.000122 
1773.924642 -0.000005 
1772.424141 0.000106 
1770.923641 -0.000047 
1769.423141 -0.000029 
1767.922641 -0.000004 
1766.422141 -0.000118 
1764.921641 -0.000156 
1763.421140 -0.000089 
1761.920640 0.000013 
1760.420140 -0.000122 
1758.919640 -0.000132 
1757.419140 -0.000049 
1755.918640 -0.000113 
1754.418139 -0.000174 
1752.917639 -0.000059 
1751.417139 0.000112 
1749.916639 -0.000023 
1748.416139 -0.000076 
1746.915639 -0.000112 
1745.415138 -0.000135 
1743.914638 -0.000098 
1742.414138 -0.000126 
1740.913638 -0.000056 
1739.413138 -0.000049 
1737.912638 -0.000150 
1736.412137 -0.000087 
1734.911637 0.000282 
1733.411137 0.000214 
1731.910637 -0.000106 
1730.410137 -0.000118 
1728.909637 -0.000173 
1727.409136 -0.000202 
1725.908636 -0.000196 
1724.408136 -0.000170 
1722.907636 -0.000153 
1721.407136 -0.000141 
1719.906636 0.000033 
1718.406135 0.000527 
1716.905635 0.000796 
1715.405135 0.001203 
1713.904635 0.001789 
1712.404135 0.002388 
1710.903635 0.002888 
1709.403134 0.003076 
1707.902634 0.003044 
1706.402134 0.002868 
1704.901634 0.002539 
1703.401134 0.002121 
1701.900634 0.002009 
1700.400133 0.001958 
1698.899633 0.001255 
1697.399133 0.001027 
1695.898633 0.001003 
1694.398133 0.000398 
1692.897633 0.000087 
1691.397132 -0.000026 
1689.896632 -0.000080 
1688.396132 -0.000149 
1686.895632 -0.000165 
1685.395132 0.000217 
1683.894632 0.000136 
1682.394131 -0.000206 
1680.893631 -0.000272 
1679.393131 -0.000317 
1677.892631 -0.000362 
1676.392131 -0.000198 
1674.891631 -0.000190 
1673.391130 -0.000364 
1671.890630 -0.000313 
1670.390130 -0.000233 
1668.889630 -0.000234 
1667.389130 -0.000384 
1665.888630 -0.000425 
1664.388129 -0.000367 
1662.887629 -0.000299 
1661.387129 -0.000401 
1659.886629 -0.000438 
1658.386129 -0.000446 
1656.885629 -0.000435 
1655.385128 -0.000235 
1653.884628 0.000221 
1652.384128 0.000096 
1650.883628 -0.000372 
1649.383128 -0.000407 
1647.882628 -0.000282 
1646.382127 -0.000166 
1644.881627 -0.000381 
1643.381127 -0.000485 
1641.880627 -0.000486 
1640.380127 -0.000487 
1638.879627 -0.000468 
1637.379126 -0.000352 
1635.878626 -0.000146 
1634.378126 -0.000425 
1632.877626 -0.000538 
1631.377126 -0.000532 
1629.876626 -0.000534 
1628.376125 -0.000476 
1626.875625 -0.000499 
1625.375125 -0.000491 
1623.874625 -0.000378 
1622.374125 -0.000472 
1620.873625 -0.000539 
1619.373124 -0.000524 
1617.872624 -0.000318 
1616.372124 -0.000280 
1614.871624 -0.000514 
1613.371124 -0.000546 
1611.870624 -0.000550 
1610.370123 -0.000540 
1608.869623 -0.000526 
1607.369123 -0.000536 
1605.868623 -0.000547 
1604.368123 -0.000534 
1602.867623 -0.000535 
1601.367122 -0.000548 
1599.866622 -0.000579 
1598.366122 -0.000590 
1596.865622 -0.000563 
1595.365122 -0.000536 
1593.864622 -0.000507 
1592.364121 -0.000500 
1590.863621 -0.000523 
1589.363121 -0.000502 
1587.862621 -0.000456 
1586.362121 -0.000437 
1584.861621 -0.000465 
1583.361120 -0.000483 
1581.860620 -0.000505 
1580.360120 -0.000517 
1578.859620 -0.000504 
1577.359120 -0.000270 
1575.858620 -0.000188 
1574.358119 -0.000442 
1572.857619 -0.000479 
1571.357119 -0.000391 
1569.856619 -0.000235 
1568.356119 -0.000343 
1566.855619 -0.000361 
1565.355118 -0.000289 
1563.854618 -0.000291 
1562.354118 -0.000239 
1560.853618 0.000180 
1559.353118 0.000421 
1557.852618 0.000192 
1556.352117 -0.000133 
1554.851617 0.000034 
1553.351117 -0.000103 
1551.850617 -0.000146 
1550.350117 -0.000011 
1548.849617 -0.000061 
1547.349116 -0.000046 
1545.848616 0.000169 
1544.348116 0.000231 
1542.847616 0.000426 
1541.347116 0.000579 
1539.846616 0.000761 
1538.346115 0.000459 
1536.845615 0.000191 
1535.345115 0.000243 
1533.844615 0.000367 
1532.344115 0.000245 
1530.843615 0.000158 
1529.343114 0.000179 
1527.842614 0.000261 
1526.342114 0.000357 
1524.841614 0.000310 
1523.341114 0.000343 
1521.840614 0.000647 
1520.340113 0.000467 
1518.839613 0.000211 
1517.339113 0.000260 
1515.838613 0.000136 
1514.338113 0.000020 
1512.837613 0.000069 
1511.337112 0.000039 
1509.836612 0.000088 
1508.336112 0.000304 
1506.835612 0.000522 
1505.335112 0.000261 
1503.834612 -0.000029 
1502.334111 -0.000059 
1500.833611 -0.000045 
1499.333111 0.000057 
1497.832611 0.000096 
1496.332111 0.000214 
1494.831611 -0.000016 
1493.331110 -0.000059 
1491.830610 0.000038 
1490.330110 0.000151 
1488.829610 0.000068 
1487.329110 0.000025 
1485.828610 -0.000063 
1484.328109 -0.000112 
1482.827609 -0.000112 
1481.327109 -0.000095 
1479.826609 -0.000118 
1478.326109 -0.000103 
1476.825609 0.000010 
1475.325108 -0.000007 
1473.824608 0.000154 
1472.324108 0.000171 
1470.823608 -0.000030 
1469.323108 -0.000098 
1467.822608 -0.000079 
1466.322107 0.000047 
1464.821607 0.000211 
1463.321107 0.000187 
1461.820607 0.000280 
1460.320107 0.000480 
1458.819607 0.000822 
1457.319106 0.001307 
1455.818606 0.001161 
1454.318106 0.001032 
1452.817606 0.001155 
1451.317106 0.001310 
1449.816606 0.001514 
1448.316105 0.001874 
1446.815605 0.002149 
1445.315105 0.002568 
1443.814605 0.003136 
1442.314105 0.003720 
1440.813605 0.004235 
1439.313104 0.004690 
1437.812604 0.005386 
1436.312104 0.005938 
1434.811604 0.006235 
1433.311104 0.006827 
1431.810604 0.007578 
1430.310103 0.008511 
1428.809603 0.009492 
1427.309103 0.010796 
1425.808603 0.012436 
1424.308103 0.013922 
1422.807603 0.014756 
1421.307102 0.015232 
1419.806602 0.015721 
1418.306102 0.015637 
1416.805602 0.015462 
1415.305102 0.015422 
1413.804602 0.015681 
1412.304101 0.016230 
1410.803601 0.016760 
1409.303101 0.017059 
1407.802601 0.017367 
1406.302101 0.018064 
1404.801601 0.019447 
1403.301100 0.021592 
1401.800600 0.024510 
1400.300100 0.028002 
1398.799600 0.032394 
1397.299100 0.039018 
1395.798600 0.050280 
1394.298099 0.065788 
1392.797599 0.076088 
1391.297099 0.070788 
1389.796599 0.055432 
1388.296099 0.041807 
1386.795599 0.032777 
1385.295098 0.027228 
1383.794598 0.023739 
1382.294098 0.021359 
1380.793598 0.019574 
1379.293098 0.018151 
1377.792598 0.016963 
1376.292097 0.015971 
1374.791597 0.014853 
1373.291097 0.012100 
1371.790597 0.007956 
1370.290097 0.005277 
1368.789597 0.004182 
1367.289096 0.003488 
1365.788596 0.002788 
1364.288096 0.002187 
1362.787596 0.001683 
1361.287096 0.001296 
1359.786596 0.001090 
1358.286095 0.001061 
1356.785595 0.001063 
1355.285095 0.001000 
1353.784595 0.000778 
1352.284095 0.000487 
1350.783595 0.000223 
1349.283094 0.000015 
1347.782594 -0.000134 
1346.282094 -0.000231 
1344.781594 -0.000296 
1343.281094 -0.000321 
1341.780594 -0.000289 
1340.280093 -0.000238 
1338.779593 -0.000262 
1337.279093 -0.000304 
1335.778593 -0.000333 
1334.278093 -0.000346 
1332.777593 -0.000355 
1331.277092 -0.000354 
1329.776592 -0.000359 
1328.276092 -0.000368 
1326.775592 -0.000368 
1325.275092 -0.000371 
1323.774592 -0.000375 
1322.274091 -0.000378 
1320.773591 -0.000360 
1319.273091 -0.000341 
1317.772591 -0.000337 
1316.272091 -0.000347 
1314.771591 -0.000327 
1313.271090 -0.000307 
1311.770590 -0.000303 
1310.270090 -0.000278 
1308.769590 -0.000251 
1307.269090 -0.000215 
1305.768590 -0.000203 
1304.268089 -0.000194 
1302.767589 -0.000192 
1301.267089 -0.000188 
1299.766589 -0.000171 
1298.266089 -0.000166 
1296.765589 -0.000141 
1295.265088 -0.000106 
1293.764588 -0.000092 
1292.264088 -0.000077 
1290.763588 -0.000025 
1289.263088 0.000083 
1287.762588 0.000280 
1286.262087 0.000483 
1284.761587 0.000606 
1283.261087 0.000424 
1281.760587 0.000008 
1280.260087 -0.000210 
1278.759587 -0.000262 
1277.259086 -0.000283 
1275.758586 -0.000283 
1274.258086 -0.000278 
1272.757586 -0.000262 
1271.257086 -0.000251 
1269.756586 -0.000248 
1268.256085 -0.000246 
1266.755585 -0.000267 
1265.255085 -0.000292 
1263.754585 -0.000325 
1262.254085 -0.000368 
1260.753585 -0.000398 
1259.253084 -0.000412 
1257.752584 -0.000413 
1256.252084 -0.000394 
1254.751584 -0.000373 
1253.251084 -0.000338 
1251.750584 -0.000303 
1250.250083 -0.000289 
1248.749583 -0.000282 
1247.249083 -0.000265 
1245.748583 -0.000236 
1244.248083 -0.000202 
1242.747583 -0.000139 
1241.247082 -0.000032 
1239.746582 0.000106 
1238.246082 0.000282 
1236.745582 0.000433 
1235.245082 0.000512 
1233.744582 0.000534 
1232.244081 0.000524 
1230.743581 0.000424 
1229.243081 0.000253 
1227.742581 0.000065 
1226.242081 -0.000087 
1224.741581 -0.000189 
1223.241080 -0.000253 
1221.740580 -0.000282 
1220.240080 -0.000296 
1218.739580 -0.000296 
1217.239080 -0.000294 
1215.738580 -0.000291 
1214.238079 -0.000297 
1212.737579 -0.000301 
1211.237079 -0.000287 
1209.736579 -0.000284 
1208.236079 -0.000283 
1206.735579 -0.000285 
1205.235078 -0.000304 
1203.734578 -0.000301 
1202.234078 -0.000299 
1200.733578 -0.000301 
1199.233078 -0.000319 
1197.732578 -0.000320 
1196.232077 -0.000308 
1194.731577 -0.000319 
1193.231077 -0.000321 
1191.730577 -0.000333 
1190.230077 -0.000338 
1188.729577 -0.000352 
1187.229076 -0.000340 
1185.728576 -0.000355 
1184.228076 -0.000408 
1182.727576 -0.000545 
1181.227076 -0.000508 
1179.726576 -0.000303 
1178.226075 -0.000273 
1176.725575 -0.000307 
1175.225075 -0.000337 
1173.724575 -0.000360 
1172.224075 -0.000369 
1170.723575 -0.000371 
1169.223074 -0.000388 
1167.722574 -0.000396 
1166.222074 -0.000410 
1164.721574 -0.000391 
1163.221074 -0.000402 
1161.720574 -0.000403 
1160.220073 -0.000409 
1158.719573 -0.000418 
1157.219073 -0.000405 
1155.718573 -0.000406 
1154.218073 -0.000440 
1152.717573 -0.000460 
1151.217072 -0.000477 
1149.716572 -0.000421 
1148.216072 -0.000390 
1146.715572 -0.000383 
1145.215072 -0.000382 
1143.714572 -0.000391 
1142.214071 -0.000404 
1140.713571 -0.000396 
1139.213071 -0.000398 
1137.712571 -0.000409 
1136.212071 -0.000415 
1134.711571 -0.000429 
1133.211070 -0.000417 
1131.710570 -0.000413 
1130.210070 -0.000422 
1128.709570 -0.000447 
1127.209070 -0.000435 
1125.708570 -0.000442 
1124.208069 -0.000440 
1122.707569 -0.000437 
1121.207069 -0.000446 
1119.706569 -0.000456 
1118.206069 -0.000446 
1116.705569 -0.000449 
1115.205068 -0.000454 
1113.704568 -0.000463 
1112.204068 -0.000457 
1110.703568 -0.000465 
1109.203068 -0.000463 
1107.702568 -0.000460 
1106.202067 -0.000458 
1104.701567 -0.000465 
1103.201067 -0.000465 
1101.700567 -0.000449 
1100.200067 -0.000372 
1098.699567 -0.000281 
1097.199066 -0.000166 
1095.698566 -0.000095 
1094.198066 -0.000082 
1092.697566 -0.000124 
1091.197066 -0.000207 
1089.696566 -0.000281 
1088.196065 -0.000322 
1086.695565 -0.000338 
1085.195065 -0.000345 
1083.694565 -0.000365 
1082.194065 -0.000393 
1080.693565 -0.000391 
1079.193064 -0.000355 
1077.692564 -0.000330 
1076.192064 -0.000328 
1074.691564 -0.000318 
1073.191064 -0.000306 
1071.690564 -0.000301 
1070.190063 -0.000299 
1068.689563 -0.000299 
1067.189063 -0.000291 
1065.688563 -0.000286 
1064.188063 -0.000297 
1062.687563 -0.000306 
1061.187062 -0.000304 
1059.686562 -0.000300 
1058.186062 -0.000289 
1056.685562 -0.000297 
1055.185062 -0.000315 
1053.684562 -0.000336 
1052.184061 -0.000350 
1050.683561 -0.000343 
1049.183061 -0.000338 
1047.682561 -0.000321 
1046.182061 -0.000318 
1044.681561 -0.000314 
1043.181060 -0.000304 
1041.680560 -0.000313 
1040.180060 -0.000314 
1038.679560 -0.000323 
1037.179060 -0.000326 
1035.678560 -0.000320 
1034.178059 -0.000317 
1032.677559 -0.000331 
1031.177059 -0.000349 
1029.676559 -0.000350 
1028.176059 -0.000347 
1026.675559 -0.000364 
1025.175058 -0.000372 
1023.674558 -0.000367 
1022.174058 -0.000371 
1020.673558 -0.000375 
1019.173058 -0.000370 
1017.672558 -0.000364 
1016.172057 -0.000354 
1014.671557 -0.000351 
1013.171057 -0.000338 
1011.670557 -0.000326 
1010.170057 -0.000318 
1008.669557 -0.000309 
1007.169056 -0.000308 
1005.668556 -0.000302 
1004.168056 -0.000304 
1002.667556 -0.000314 
1001.167056 -0.000313 
999.666556 -0.000296 
998.166055 -0.000303 
996.665555 -0.000302 
995.165055 -0.000294 
993.664555 -0.000284 
992.164055 -0.000284 
990.663555 -0.000270 
989.163054 -0.000258 
987.662554 -0.000243 
986.162054 -0.000213 
984.661554 -0.000211 
983.161054 -0.000202 
981.660554 -0.000195 
980.160053 -0.000194 
978.659553 -0.000194 
977.159053 -0.000209 
975.658553 -0.000212 
974.158053 -0.000211 
972.657553 -0.000220 
971.157052 -0.000229 
969.656552 -0.000226 
968.156052 -0.000212 
966.655552 -0.000208 
965.155052 -0.000207 
963.654552 -0.000207 
962.154051 -0.000182 
960.653551 -0.000155 
959.153051 -0.000137 
957.652551 -0.000105 
956.152051 -0.000072 
954.651551 -0.000037 
953.151050 0.000011 
951.650550 0.000054 
950.150050 0.000095 
948.649550 0.000108 
947.149050 0.000146 
945.648550 0.000183 
944.148049 0.000215 
942.647549 0.000260 
941.147049 0.000292 
939.646549 0.000331 
938.146049 0.000381 
936.645549 0.000411 
935.145048 0.000449 
933.644548 0.000487 
932.144048 0.000519 
930.643548 0.000536 
929.143048 0.000557 
927.642548 0.000579 
926.142047 0.000595 
924.641547 0.000621 
923.141047 0.000647 
921.640547 0.000666 
920.140047 0.000691 
918.639547 0.000743 
917.139046 0.000790 
915.638546 0.000838 
914.138046 0.000926 
912.637546 0.001017 
911.137046 0.001119 
909.636546 0.001230 
908.136045 0.001336 
906.635545 0.001422 
905.135045 0.001516 
903.634545 0.001605 
902.134045 0.001667 
900.633545 0.001687 
899.133044 0.001683 
897.632544 0.001661 
896.132044 0.001595 
894.631544 0.001547 
893.131044 0.001536 
891.630544 0.001560 
890.130043 0.001591 
888.629543 0.001612 
887.129043 0.001598 
885.628543 0.001549 
884.128043 0.001475 
882.627543 0.001404 
881.127042 0.001387 
879.626542 0.001443 
878.126042 0.001475 
876.625542 0.001448 
875.125042 0.001368 
873.624542 0.001296 
872.124041 0.001249 
870.623541 0.001235 
869.123041 0.001235 
867.622541 0.001230 
866.122041 0.001210 
864.621541 0.001199 
863.121040 0.001185 
861.620540 0.001190 
860.120040 0.001209 
858.619540 0.001234 
857.119040 0.001264 
855.618540 0.001297 
854.118039 0.001292 
852.617539 0.001274 
851.117039 0.001255 
849.616539 0.001237 
848.116039 0.001229 
846.615539 0.001205 
845.115038 0.001169 
843.614538 0.001155 
842.114038 0.001131 
840.613538 0.001109 
839.113038 0.001093 
837.612538 0.001032 
836.112037 0.001015 
834.611537 0.000997 
833.111037 0.001006 
831.610537 0.001050 
830.110037 0.001040 
828.609537 0.001034 
827.109036 0.001040 
825.608536 0.001082 
824.108036 0.001124 
822.607536 0.001141 
821.107036 0.001176 
819.606536 0.001225 
818.106035 0.001281 
816.605535 0.001356 
815.105035 0.001448 
813.604535 0.001561 
812.104035 0.001688 
810.603535 0.001813 
809.103034 0.001953 
807.602534 0.002132 
806.102034 0.002308 
804.601534 0.002478 
803.101034 0.002665 
801.600534 0.002902 
800.100033 0.003135 
798.599533 0.003432 
797.099033 0.003798 
795.598533 0.004678 
794.098033 0.008274 
792.597533 0.010414 
791.097032 0.008542 
789.596532 0.009324 
788.096032 0.011496 
786.595532 0.013614 
785.095032 0.014930 
783.594532 0.016803 
782.094031 0.020539 
780.593531 0.025996 
779.093031 0.033191 
777.592531 0.043822 
776.092031 0.061394 
774.591531 0.091940 
773.091030 0.146034 
771.590530 0.219327 
770.090030 0.249319 
768.589530 0.231154 
767.089030 0.221056 
765.588530 0.225163 
764.088029 0.235886 
762.587529 0.254086 
761.087029 0.272358 
759.586529 0.256353 
758.086029 0.197785 
756.585529 0.141871 
755.085028 0.106150 
753.584528 0.084789 
752.084028 0.072012 
750.583528 0.064907 
749.083028 0.061527 
747.582528 0.060258 
746.082027 0.058440 
744.581527 0.050456 
743.081027 0.035654 
741.580527 0.023785 
740.080027 0.017074 
738.579527 0.013060 
737.079026 0.010430 
735.578526 0.008594 
734.078026 0.007252 
732.577526 0.006265 
731.077026 0.005489 
729.576526 0.004857 
728.076025 0.004407 
726.575525 0.003991 
725.075025 0.003634 
723.574525 0.003265 
722.074025 0.003050 
720.573525 0.002946 
719.073024 0.002607 
717.572524 0.002344 
716.072024 0.002133 
714.571524 0.001951 
713.071024 0.001746 
711.570524 0.001614 
710.070023 0.001445 
708.569523 0.001309 
707.069023 0.001233 
705.568523 0.001158 
704.068023 0.000996 
702.567523 0.000875 
701.067022 0.000850 
699.566522 0.000812 
698.066022 0.000666 
696.565522 0.000638 
695.065022 0.000521 
693.564522 0.000437 
692.064021 0.000401 
690.563521 0.000441 
689.063021 0.000275 
687.562521 0.000239 
686.062021 0.000120 
684.561521 0.000121 
683.061020 0.000091 
681.560520 0.000092 
680.060020 0.000021 
678.559520 -0.000008 
677.059020 0.000024 
675.558520 -0.000007 
674.058019 -0.000018 
672.557519 -0.000068 
671.057019 -0.000121 
669.556519 -0.000006 
668.056019 0.000196 
666.555519 0.000026 
665.055018 -0.000025 
663.554518 -0.000020 
662.054018 -0.000006 
660.553518 -0.000001 
659.053018 -0.000054 
657.552518 0.000008 
656.052017 0.000010 
654.551517 -0.000030 
653.051017 -0.000030 
651.550517 -0.000012 
650.050017 -0.000013 
648.549517 -0.000054 
647.049016 -0.000047 
645.548516 -0.000012 
644.048016 -0.000032 
642.547516 -0.000014 
641.047016 0.000010 
639.546516 0.000022 
638.046015 0.000001 
636.545515 0.000045 
635.045015 0.000082 
633.544515 0.000053 
632.044015 0.000078 
630.543515 0.000107 
629.043014 0.000075 
627.542514 0.000031 
626.042014 0.000059 
624.541514 0.000053 
623.041014 0.000013 
621.540514 0.000015 
620.040013 0.000045 
618.539513 0.000026 
617.039013 0.000049 
615.538513 0.000041 
614.038013 0.000028 
612.537513 0.000081 
611.037012 0.000099 
609.536512 0.000058 
608.036012 0.000049 
606.535512 0.000045 
605.035012 0.000003 
603.534512 0.000021 
602.034011 0.000064 
600.533511 0.000147 
599.033011 0.000119 
597.532511 0.000021 
596.032011 -0.000003 
594.531511 0.000058 
593.031010 0.000129 
591.530510 0.000013 
590.030010 0.000024 
588.529510 0.000011 
587.029010 0.000014 
585.528510 0.000010 
584.028009 0.000004 
582.527509 -0.000060 
581.027009 -0.000055 
579.526509 -0.000003 
578.026009 0.000083 
576.525509 0.000075 
575.025008 0.000042 
573.524508 0.000025 
572.024008 -0.000037 
570.523508 -0.000045 
569.023008 0.000008 
567.522508 -0.000051 
566.022007 -0.000042 
564.521507 -0.000014 
563.021007 -0.000033 
561.520507 -0.000038 
560.020007 -0.000073 
558.519507 -0.000103 
557.019006 -0.000137 
555.518506 -0.000036 
554.018006 -0.000092 
552.517506 -0.000140 
551.017006 -0.000058 
549.516506 -0.000033 
548.016005 0.000016 
546.515505 -0.000002 
545.015005 -0.000055 
543.514505 -0.000014 
542.014005 0.000054 
540.513505 0.000204 
539.013004 0.000325 
537.512504 0.000372 
536.012004 0.000316 
534.511504 0.000190 
533.011004 0.000058 
531.510504 -0.000045 
530.010003 -0.000063 
528.509503 -0.000112 
527.009003 -0.000064 
525.508503 -0.000071 
524.008003 -0.000164 
522.507503 -0.000207 
521.007002 -0.000162 
519.506502 -0.000014 
518.006002 0.000020 
516.505502 -0.000068 
515.005002 -0.000110 
513.504502 -0.000025 
512.004001 -0.000047 
510.503501 -0.000025 
509.003001 -0.000033 
507.502501 -0.000170 
506.002001 -0.000147 
504.501501 -0.000028 
503.001000 -0.000104 
501.500500 -0.000104 
500.000000 -0.000224 
