4000.123242 -0.000734 
3998.956130 -0.000450 
3997.789019 -0.000543 
3996.621907 -0.000478 
3995.454795 -0.000315 
3994.287683 -0.000308 
3993.120572 -0.000393 
3991.953460 -0.000376 
3990.786348 -0.000269 
3989.619236 -0.000224 
3988.452125 0.000155 
3987.285013 0.000033 
3986.117901 0.000117 
3984.950789 0.000084 
3983.783678 0.000196 
3982.616566 -0.000182 
3981.449454 0.000060 
3980.282342 0.000100 
3979.115231 0.000067 
3977.948119 -0.000013 
3976.781007 -0.000125 
3975.613896 -0.000178 
3974.446784 -0.000013 
3973.279672 0.000126 
3972.112560 0.000044 
3970.945449 0.000018 
3969.778337 0.000155 
3968.611225 0.000072 
3967.444113 0.000051 
3966.277002 0.000174 
3965.109890 0.000083 
3963.942778 -0.000057 
3962.775666 0.000046 
3961.608555 -0.000003 
3960.441443 -0.000062 
3959.274331 0.000034 
3958.107219 0.000210 
3956.940108 0.000145 
3955.772996 0.000070 
3954.605884 -0.000057 
3953.438772 -0.000005 
3952.271661 0.000020 
3951.104549 0.000274 
3949.937437 -0.000126 
3948.770326 -0.000084 
3947.603214 -0.000071 
3946.436102 0.000341 
3945.268990 0.000390 
3944.101879 0.000133 
3942.934767 0.000071 
3941.767655 0.000215 
3940.600543 0.000213 
3939.433432 0.000208 
3938.266320 0.000196 
3937.099208 0.000010 
3935.932096 0.000177 
3934.764985 0.000187 
3933.597873 0.000324 
3932.430761 0.000079 
3931.263649 0.000088 
3930.096538 0.000225 
3928.929426 0.000348 
3927.762314 0.000198 
3926.595203 0.000155 
3925.428091 0.000182 
3924.260979 0.000244 
3923.093867 0.000197 
3921.926756 0.000015 
3920.759644 -0.000161 
3919.592532 -0.000111 
3918.425420 0.000083 
3917.258309 -0.000215 
3916.091197 0.000009 
3914.924085 0.000172 
3913.756973 0.000074 
3912.589862 -0.000089 
3911.422750 -0.000079 
3910.255638 -0.000447 
3909.088526 -0.000065 
3907.921415 -0.000135 
3906.754303 -0.000118 
3905.587191 -0.000273 
3904.420080 -0.000347 
3903.252968 -0.000203 
3902.085856 -0.000211 
3900.918744 -0.000103 
3899.751633 -0.000287 
3898.584521 -0.000241 
3897.417409 -0.000133 
3896.250297 0.000010 
3895.083186 -0.000165 
3893.916074 -0.000249 
3892.748962 -0.000249 
3891.581850 -0.000222 
3890.414739 -0.000024 
3889.247627 0.000147 
3888.080515 -0.000043 
3886.913403 -0.000086 
3885.746292 -0.000290 
3884.579180 -0.000137 
3883.412068 0.000001 
3882.244957 0.000043 
3881.077845 -0.000019 
3879.910733 0.000022 
3878.743621 0.000174 
3877.576510 0.000003 
3876.409398 0.000095 
3875.242286 -0.000062 
3874.075174 0.000170 
3872.908063 0.000064 
3871.740951 0.000319 
3870.573839 0.000243 
3869.406727 0.000122 
3868.239616 0.000249 
3867.072504 0.000459 
3865.905392 0.000741 
3864.738280 0.000568 
3863.571169 0.000527 
3862.404057 0.000461 
3861.236945 0.000525 
3860.069833 0.000765 
3858.902722 0.000864 
3857.735610 0.000743 
3856.568498 0.000809 
3855.401387 0.000657 
3854.234275 0.000524 
3853.067163 0.000430 
3851.900051 0.000460 
3850.732940 0.000663 
3849.565828 0.000644 
3848.398716 0.000639 
3847.231604 0.000690 
3846.064493 0.000685 
3844.897381 0.000405 
3843.730269 0.000325 
3842.563157 0.000308 
3841.396046 0.000366 
3840.228934 0.000126 
3839.061822 -0.000141 
3837.894710 -0.000337 
3836.727599 -0.000041 
3835.560487 0.000006 
3834.393375 -0.000062 
3833.226264 0.000017 
3832.059152 -0.000014 
3830.892040 0.000046 
3829.724928 -0.000141 
3828.557817 0.000075 
3827.390705 -0.000168 
3826.223593 -0.000029 
3825.056481 -0.000062 
3823.889370 0.000137 
3822.722258 -0.000037 
3821.555146 -0.000066 
3820.388034 0.000010 
3819.220923 0.000133 
3818.053811 -0.000020 
3816.886699 -0.000225 
3815.719587 -0.000338 
3814.552476 0.000030 
3813.385364 0.000108 
3812.218252 0.000229 
3811.051141 0.000117 
3809.884029 -0.000001 
3808.716917 0.000194 
3807.549805 -0.000290 
3806.382694 -0.000318 
3805.215582 -0.000013 
3804.048470 0.000152 
3802.881358 -0.000044 
3801.714247 -0.000151 
3800.547135 -0.000048 
3799.380023 0.000033 
3798.212911 -0.000050 
3797.045800 0.000100 
3795.878688 0.000212 
3794.711576 0.000025 
3793.544464 0.000132 
3792.377353 0.000067 
3791.210241 0.000208 
3790.043129 0.000074 
3788.876017 0.000099 
3787.708906 -0.000008 
3786.541794 0.000233 
3785.374682 -0.000065 
3784.207571 -0.000064 
3783.040459 0.000100 
3781.873347 0.000173 
3780.706235 0.000018 
3779.539124 0.000041 
3778.372012 0.000152 
3777.204900 0.000114 
3776.037788 0.000160 
3774.870677 0.000081 
3773.703565 0.000196 
3772.536453 0.000109 
3771.369341 0.000152 
3770.202230 -0.000038 
3769.035118 -0.000041 
3767.868006 -0.000018 
3766.700894 0.000105 
3765.533783 0.000188 
3764.366671 0.000385 
3763.199559 0.000371 
3762.032448 0.000315 
3760.865336 0.000202 
3759.698224 0.000015 
3758.531112 0.000090 
3757.364001 0.000053 
3756.196889 -0.000023 
3755.029777 0.000126 
3753.862665 0.000395 
3752.695554 -0.000069 
3751.528442 -0.000225 
3750.361330 0.000093 
3749.194218 -0.000145 
3748.027107 -0.000056 
3746.859995 0.000247 
3745.692883 0.000011 
3744.525771 -0.000332 
3743.358660 0.000018 
3742.191548 0.000271 
3741.024436 0.000212 
3739.857325 0.000163 
3738.690213 0.000215 
3737.523101 0.000344 
3736.355989 0.000144 
3735.188878 0.000112 
3734.021766 0.000179 
3732.854654 0.000056 
3731.687542 0.000130 
3730.520431 0.000091 
3729.353319 0.000253 
3728.186207 0.000198 
3727.019095 0.000019 
3725.851984 0.000172 
3724.684872 0.000427 
3723.517760 0.000310 
3722.350648 0.000274 
3721.183537 0.000316 
3720.016425 0.000470 
3718.849313 0.000666 
3717.682202 0.000473 
3716.515090 0.000347 
3715.347978 0.000243 
3714.180866 0.000408 
3713.013755 0.000243 
3711.846643 0.000184 
3710.679531 0.000241 
3709.512419 0.000286 
3708.345308 0.000269 
3707.178196 0.000412 
3706.011084 0.000224 
3704.843972 0.000147 
3703.676861 0.000371 
3702.509749 0.000363 
3701.342637 0.000499 
3700.175525 0.000390 
3699.008414 0.000496 
3697.841302 0.000569 
3696.674190 0.000646 
3695.507078 0.000443 
3694.339967 0.000463 
3693.172855 0.000252 
3692.005743 0.000276 
3690.838632 0.000216 
3689.671520 0.000518 
3688.504408 0.000133 
3687.337296 0.000158 
3686.170185 0.000465 
3685.003073 0.000221 
3683.835961 0.000155 
3682.668849 0.000272 
3681.501738 0.000454 
3680.334626 0.000206 
3679.167514 0.000318 
3678.000402 0.000180 
3676.833291 0.000212 
3675.666179 -0.000093 
3674.499067 0.000273 
3673.331955 0.000408 
3672.164844 0.000469 
3670.997732 0.000175 
3669.830620 0.000241 
3668.663509 0.000278 
3667.496397 0.000295 
3666.329285 0.000344 
3665.162173 0.000277 
3663.995062 0.000445 
3662.827950 0.000137 
3661.660838 0.000206 
3660.493726 0.000239 
3659.326615 0.000394 
3658.159503 0.000061 
3656.992391 0.000165 
3655.825279 -0.000006 
3654.658168 0.000117 
3653.491056 0.000318 
3652.323944 0.000062 
3651.156832 0.000029 
3649.989721 0.000086 
3648.822609 0.000005 
3647.655497 -0.000076 
3646.488386 0.000003 
3645.321274 -0.000151 
3644.154162 0.000151 
3642.987050 -0.000053 
3641.819939 -0.000057 
3640.652827 0.000000 
3639.485715 0.000069 
3638.318603 -0.000008 
3637.151492 0.000219 
3635.984380 0.000304 
3634.817268 0.000085 
3633.650156 0.000005 
3632.483045 0.000043 
3631.315933 0.000239 
3630.148821 0.000081 
3628.981709 -0.000067 
3627.814598 -0.000135 
3626.647486 0.000109 
3625.480374 -0.000098 
3624.313262 0.000158 
3623.146151 0.000015 
3621.979039 0.000158 
3620.811927 -0.000027 
3619.644816 -0.000118 
3618.477704 -0.000221 
3617.310592 -0.000085 
3616.143480 0.000158 
3614.976369 0.000117 
3613.809257 -0.000042 
3612.642145 -0.000212 
3611.475033 -0.000197 
3610.307922 -0.000089 
3609.140810 0.000029 
3607.973698 -0.000025 
3606.806586 0.000050 
3605.639475 0.000056 
3604.472363 0.000155 
3603.305251 0.000141 
3602.138139 0.000304 
3600.971028 0.000412 
3599.803916 0.000302 
3598.636804 0.000017 
3597.469693 0.000014 
3596.302581 0.000315 
3595.135469 0.000443 
3593.968357 0.000283 
3592.801246 0.000391 
3591.634134 0.000638 
3590.467022 0.000335 
3589.299910 0.000353 
3588.132799 0.000422 
3586.965687 0.000530 
3585.798575 0.000499 
3584.631463 0.000769 
3583.464352 0.000924 
3582.297240 0.000783 
3581.130128 0.000813 
3579.963016 0.001028 
3578.795905 0.001285 
3577.628793 0.001314 
3576.461681 0.001261 
3575.294570 0.001369 
3574.127458 0.001350 
3572.960346 0.001522 
3571.793234 0.001619 
3570.626123 0.001484 
3569.459011 0.001962 
3568.291899 0.001923 
3567.124787 0.002069 
3565.957676 0.002042 
3564.790564 0.002362 
3563.623452 0.002567 
3562.456340 0.002791 
3561.289229 0.002691 
3560.122117 0.002689 
3558.955005 0.002826 
3557.787893 0.003179 
3556.620782 0.003304 
3555.453670 0.003434 
3554.286558 0.003683 
3553.119447 0.003511 
3551.952335 0.003807 
3550.785223 0.003999 
3549.618111 0.004361 
3548.451000 0.004594 
3547.283888 0.004742 
3546.116776 0.004878 
3544.949664 0.005139 
3543.782553 0.005204 
3542.615441 0.005528 
3541.448329 0.005805 
3540.281217 0.005669 
3539.114106 0.006126 
3537.946994 0.006335 
3536.779882 0.006712 
3535.612770 0.006978 
3534.445659 0.007237 
3533.278547 0.007439 
3532.111435 0.007879 
3530.944323 0.007915 
3529.777212 0.008319 
3528.610100 0.008825 
3527.442988 0.009217 
3526.275877 0.009395 
3525.108765 0.009881 
3523.941653 0.010153 
3522.774541 0.010387 
3521.607430 0.011030 
3520.440318 0.011621 
3519.273206 0.012011 
3518.106094 0.012386 
3516.938983 0.012881 
3515.771871 0.013564 
3514.604759 0.014113 
3513.437647 0.014397 
3512.270536 0.015269 
3511.103424 0.016068 
3509.936312 0.016776 
3508.769200 0.017273 
3507.602089 0.018208 
3506.434977 0.018992 
3505.267865 0.019628 
3504.100754 0.020338 
3502.933642 0.021332 
3501.766530 0.022339 
3500.599418 0.023223 
3499.432307 0.024243 
3498.265195 0.025243 
3497.098083 0.026605 
3495.930971 0.027707 
3494.763860 0.029172 
3493.596748 0.030199 
3492.429636 0.031547 
3491.262524 0.033035 
3490.095413 0.034513 
3488.928301 0.035903 
3487.761189 0.037423 
3486.594077 0.038934 
3485.426966 0.040752 
3484.259854 0.042667 
3483.092742 0.044271 
3481.925631 0.046065 
3480.758519 0.048010 
3479.591407 0.050143 
3478.424295 0.052015 
3477.257184 0.054324 
3476.090072 0.056283 
3474.922960 0.058565 
3473.755848 0.060571 
3472.588737 0.063070 
3471.421625 0.065369 
3470.254513 0.067656 
3469.087401 0.070090 
3467.920290 0.072375 
3466.753178 0.074960 
3465.586066 0.077494 
3464.418954 0.079958 
3463.251843 0.082498 
3462.084731 0.085134 
3460.917619 0.087633 
3459.750508 0.090317 
3458.583396 0.092469 
3457.416284 0.095694 
3456.249172 0.098262 
3455.082061 0.100859 
3453.914949 0.103737 
3452.747837 0.106506 
3451.580725 0.109315 
3450.413614 0.112107 
3449.246502 0.114902 
3448.079390 0.117477 
3446.912278 0.120617 
3445.745167 0.123684 
3444.578055 0.127033 
3443.410943 0.130025 
3442.243831 0.133100 
3441.076720 0.135930 
3439.909608 0.139077 
3438.742496 0.142642 
3437.575384 0.146546 
3436.408273 0.149964 
3435.241161 0.153576 
3434.074049 0.157371 
3432.906938 0.161261 
3431.739826 0.165355 
3430.572714 0.169448 
3429.405602 0.173783 
3428.238491 0.178129 
3427.071379 0.182584 
3425.904267 0.187076 
3424.737155 0.191851 
3423.570044 0.196664 
3422.402932 0.201905 
3421.235820 0.206790 
3420.068708 0.211889 
3418.901597 0.217261 
3417.734485 0.222649 
3416.567373 0.228161 
3415.400261 0.233751 
3414.233150 0.239490 
3413.066038 0.245212 
3411.898926 0.250851 
3410.731815 0.256698 
3409.564703 0.263043 
3408.397591 0.268637 
3407.230479 0.274518 
3406.063368 0.280527 
3404.896256 0.286683 
3403.729144 0.292684 
3402.562032 0.298914 
3401.394921 0.304641 
3400.227809 0.310628 
3399.060697 0.316239 
3397.893585 0.321993 
3396.726474 0.327851 
3395.559362 0.333211 
3394.392250 0.338968 
3393.225138 0.344509 
3392.058027 0.349977 
3390.890915 0.354904 
3389.723803 0.360321 
3388.556692 0.365132 
3387.389580 0.370042 
3386.222468 0.374372 
3385.055356 0.379383 
3383.888245 0.383914 
3382.721133 0.388176 
3381.554021 0.392322 
3380.386909 0.396360 
3379.219798 0.400342 
3378.052686 0.404183 
3376.885574 0.407927 
3375.718462 0.411731 
3374.551351 0.414940 
3373.384239 0.418336 
3372.217127 0.421793 
3371.050015 0.424863 
3369.882904 0.427998 
3368.715792 0.430941 
3367.548680 0.433913 
3366.381568 0.436706 
3365.214457 0.439683 
3364.047345 0.442543 
3362.880233 0.445216 
3361.713122 0.448018 
3360.546010 0.450790 
3359.378898 0.453780 
3358.211786 0.456526 
3357.044675 0.459432 
3355.877563 0.462623 
3354.710451 0.465468 
3353.543339 0.468401 
3352.376228 0.471543 
3351.209116 0.474723 
3350.042004 0.478170 
3348.874892 0.481764 
3347.707781 0.485168 
3346.540669 0.488510 
3345.373557 0.492121 
3344.206445 0.495835 
3343.039334 0.499954 
3341.872222 0.503868 
3340.705110 0.508110 
3339.537999 0.512829 
3338.370887 0.517365 
3337.203775 0.521519 
3336.036663 0.525988 
3334.869552 0.530889 
3333.702440 0.535924 
3332.535328 0.541071 
3331.368216 0.545938 
3330.201105 0.551078 
3329.033993 0.556300 
3327.866881 0.561482 
3326.699769 0.566898 
3325.532658 0.572422 
3324.365546 0.577443 
3323.198434 0.582871 
3322.031322 0.588392 
3320.864211 0.593380 
3319.697099 0.598737 
3318.529987 0.604201 
3317.362876 0.609785 
3316.195764 0.614863 
3315.028652 0.619817 
3313.861540 0.624880 
3312.694429 0.629804 
3311.527317 0.634877 
3310.360205 0.639684 
3309.193093 0.644453 
3308.025982 0.649127 
3306.858870 0.653712 
3305.691758 0.658176 
3304.524646 0.662210 
3303.357535 0.666043 
3302.190423 0.670715 
3301.023311 0.674360 
3299.856199 0.678190 
3298.689088 0.681875 
3297.521976 0.685548 
3296.354864 0.689395 
3295.187753 0.692701 
3294.020641 0.695954 
3292.853529 0.699139 
3291.686417 0.702111 
3290.519306 0.704735 
3289.352194 0.707519 
3288.185082 0.710426 
3287.017970 0.712747 
3285.850859 0.714871 
3284.683747 0.717322 
3283.516635 0.719379 
3282.349523 0.721037 
3281.182412 0.722786 
3280.015300 0.724767 
3278.848188 0.726267 
3277.681076 0.728020 
3276.513965 0.728944 
3275.346853 0.730252 
3274.179741 0.731183 
3273.012629 0.731714 
3271.845518 0.732502 
3270.678406 0.733652 
3269.511294 0.733930 
3268.344183 0.733863 
3267.177071 0.734359 
3266.009959 0.734643 
3264.842847 0.734163 
3263.675736 0.734267 
3262.508624 0.734418 
3261.341512 0.734061 
3260.174400 0.733616 
3259.007289 0.733534 
3257.840177 0.733169 
3256.673065 0.732332 
3255.505953 0.731849 
3254.338842 0.731283 
3253.171730 0.730591 
3252.004618 0.729620 
3250.837506 0.729143 
3249.670395 0.728311 
3248.503283 0.727054 
3247.336171 0.725821 
3246.169060 0.724349 
3245.001948 0.723238 
3243.834836 0.722238 
3242.667724 0.720975 
3241.500613 0.719330 
3240.333501 0.717772 
3239.166389 0.716309 
3237.999277 0.714738 
3236.832166 0.713200 
3235.665054 0.711501 
3234.497942 0.709813 
3233.330830 0.707995 
3232.163719 0.705761 
3230.996607 0.703792 
3229.829495 0.701650 
3228.662383 0.699635 
3227.495272 0.697487 
3226.328160 0.695184 
3225.161048 0.692953 
3223.993937 0.690334 
3222.826825 0.688338 
3221.659713 0.685846 
3220.492601 0.682658 
3219.325490 0.680148 
3218.158378 0.677750 
3216.991266 0.675080 
3215.824154 0.672069 
3214.657043 0.668859 
3213.489931 0.666002 
3212.322819 0.662998 
3211.155707 0.659627 
3209.988596 0.656425 
3208.821484 0.653196 
3207.654372 0.649775 
3206.487260 0.646005 
3205.320149 0.642497 
3204.153037 0.639045 
3202.985925 0.635452 
3201.818813 0.631840 
3200.651702 0.627714 
3199.484590 0.623363 
3198.317478 0.619373 
3197.150367 0.615226 
3195.983255 0.610912 
3194.816143 0.606787 
3193.649031 0.602570 
3192.481920 0.597797 
3191.314808 0.593485 
3190.147696 0.589261 
3188.980584 0.584335 
3187.813473 0.579374 
3186.646361 0.574395 
3185.479249 0.569871 
3184.312137 0.565004 
3183.145026 0.560142 
3181.977914 0.554884 
3180.810802 0.549470 
3179.643690 0.544577 
3178.476579 0.539611 
3177.309467 0.534269 
3176.142355 0.528694 
3174.975244 0.523367 
3173.808132 0.517997 
3172.641020 0.512565 
3171.473908 0.506844 
3170.306797 0.501268 
3169.139685 0.495695 
3167.972573 0.490147 
3166.805461 0.484597 
3165.638350 0.478690 
3164.471238 0.472734 
3163.304126 0.467291 
3162.137014 0.461516 
3160.969903 0.455735 
3159.802791 0.449844 
3158.635679 0.444339 
3157.468567 0.438809 
3156.301456 0.432875 
3155.134344 0.427280 
3153.967232 0.421609 
3152.800121 0.415860 
3151.633009 0.410101 
3150.465897 0.404539 
3149.298785 0.399128 
3148.131674 0.393597 
3146.964562 0.388102 
3145.797450 0.382910 
3144.630338 0.377526 
3143.463227 0.372358 
3142.296115 0.367116 
3141.129003 0.361762 
3139.961891 0.356858 
3138.794780 0.352107 
3137.627668 0.347210 
3136.460556 0.342267 
3135.293444 0.337340 
3134.126333 0.332727 
3132.959221 0.328136 
3131.792109 0.323667 
3130.624998 0.319297 
3129.457886 0.314721 
3128.290774 0.310408 
3127.123662 0.306286 
3125.956551 0.302237 
3124.789439 0.298257 
3123.622327 0.294244 
3122.455215 0.290276 
3121.288104 0.286511 
3120.120992 0.282842 
3118.953880 0.279349 
3117.786768 0.275711 
3116.619657 0.272111 
3115.452545 0.268687 
3114.285433 0.265343 
3113.118321 0.262053 
3111.951210 0.258674 
3110.784098 0.255394 
3109.616986 0.252103 
3108.449874 0.249161 
3107.282763 0.246084 
3106.115651 0.243161 
3104.948539 0.240323 
3103.781428 0.237458 
3102.614316 0.234531 
3101.447204 0.231715 
3100.280092 0.229008 
3099.112981 0.226151 
3097.945869 0.223471 
3096.778757 0.220834 
3095.611645 0.218336 
3094.444534 0.215764 
3093.277422 0.213243 
3092.110310 0.210689 
3090.943198 0.208222 
3089.776087 0.205594 
3088.608975 0.203294 
3087.441863 0.200974 
3086.274751 0.198788 
3085.107640 0.196343 
3083.940528 0.194014 
3082.773416 0.191601 
3081.606305 0.189284 
3080.439193 0.187137 
3079.272081 0.184837 
3078.104969 0.182551 
3076.937858 0.180568 
3075.770746 0.178562 
3074.603634 0.176296 
3073.436522 0.173977 
3072.269411 0.171884 
3071.102299 0.169973 
3069.935187 0.167959 
3068.768075 0.165692 
3067.600964 0.163618 
3066.433852 0.161670 
3065.266740 0.159809 
3064.099628 0.157740 
3062.932517 0.155698 
3061.765405 0.153516 
3060.598293 0.151789 
3059.431182 0.149827 
3058.264070 0.148007 
3057.096958 0.146016 
3055.929846 0.144210 
3054.762735 0.142144 
3053.595623 0.140271 
3052.428511 0.138454 
3051.261399 0.136605 
3050.094288 0.134807 
3048.927176 0.132945 
3047.760064 0.131096 
3046.592952 0.129343 
3045.425841 0.127460 
3044.258729 0.125672 
3043.091617 0.123929 
3041.924505 0.122000 
3040.757394 0.120431 
3039.590282 0.118655 
3038.423170 0.116948 
3037.256058 0.115267 
3036.088947 0.113541 
3034.921835 0.111931 
3033.754723 0.110265 
3032.587612 0.108798 
3031.420500 0.107257 
3030.253388 0.105786 
3029.086276 0.104091 
3027.919165 0.102516 
3026.752053 0.100989 
3025.584941 0.099569 
3024.417829 0.098052 
3023.250718 0.096868 
3022.083606 0.095469 
3020.916494 0.094089 
3019.749382 0.092673 
3018.582271 0.091621 
3017.415159 0.090490 
3016.248047 0.089415 
3015.080935 0.088223 
3013.913824 0.087307 
3012.746712 0.086497 
3011.579600 0.085825 
3010.412489 0.085471 
3009.245377 0.085082 
3008.078265 0.084872 
3006.911153 0.084955 
3005.744042 0.085333 
3004.576930 0.086166 
3003.409818 0.087373 
3002.242706 0.089156 
3001.075595 0.091697 
2999.908483 0.094952 
2998.741371 0.099345 
2997.574259 0.104937 
2996.407148 0.111869 
2995.240036 0.120514 
2994.072924 0.131082 
2992.905812 0.143665 
2991.738701 0.158864 
2990.571589 0.176487 
2989.404477 0.197183 
2988.237366 0.220821 
2987.070254 0.247860 
2985.903142 0.278405 
2984.736030 0.312671 
2983.568919 0.350467 
2982.401807 0.391614 
2981.234695 0.436153 
2980.067583 0.482934 
2978.900472 0.530922 
2977.733360 0.578704 
2976.566248 0.624710 
2975.399136 0.667001 
2974.232025 0.704416 
2973.064913 0.734754 
2971.897801 0.755796 
2970.730689 0.764106 
2969.563578 0.758453 
2968.396466 0.737425 
2967.229354 0.701218 
2966.062243 0.652055 
2964.895131 0.593082 
2963.728019 0.528689 
2962.560907 0.463433 
2961.393796 0.402175 
2960.226684 0.347314 
2959.059572 0.301457 
2957.892460 0.264397 
2956.725349 0.236215 
2955.558237 0.215603 
2954.391125 0.201584 
2953.224013 0.192752 
2952.056902 0.187631 
2950.889790 0.185869 
2949.722678 0.186496 
2948.555566 0.188866 
2947.388455 0.192511 
2946.221343 0.197286 
2945.054231 0.202838 
2943.887119 0.208860 
2942.720008 0.215423 
2941.552896 0.222186 
2940.385784 0.229394 
2939.218673 0.237220 
2938.051561 0.245556 
2936.884449 0.254347 
2935.717337 0.263218 
2934.550226 0.271841 
2933.383114 0.279647 
2932.216002 0.286115 
2931.048890 0.291014 
2929.881779 0.293835 
2928.714667 0.294692 
2927.547555 0.293903 
2926.380443 0.291874 
2925.213332 0.289160 
2924.046220 0.286379 
2922.879108 0.284051 
2921.711996 0.282219 
2920.544885 0.280828 
2919.377773 0.279847 
2918.210661 0.279598 
2917.043550 0.279350 
2915.876438 0.279682 
2914.709326 0.280556 
2913.542214 0.282259 
2912.375103 0.284481 
2911.207991 0.287227 
2910.040879 0.290425 
2908.873767 0.294343 
2907.706656 0.298646 
2906.539544 0.303505 
2905.372432 0.308984 
2904.205320 0.314548 
2903.038209 0.320312 
2901.871097 0.326140 
2900.703985 0.331567 
2899.536873 0.336698 
2898.369762 0.341387 
2897.202650 0.344952 
2896.035538 0.347597 
2894.868427 0.349536 
2893.701315 0.350370 
2892.534203 0.350104 
2891.367091 0.348929 
2890.199980 0.347568 
2889.032868 0.345511 
2887.865756 0.343178 
2886.698644 0.340977 
2885.531533 0.339109 
2884.364421 0.337630 
2883.197309 0.336974 
2882.030197 0.336691 
2880.863086 0.337223 
2879.695974 0.338200 
2878.528862 0.339762 
2877.361750 0.341569 
2876.194639 0.343429 
2875.027527 0.344739 
2873.860415 0.345522 
2872.693303 0.345152 
2871.526192 0.343678 
2870.359080 0.340672 
2869.191968 0.336595 
2868.024857 0.331557 
2866.857745 0.325123 
2865.690633 0.317730 
2864.523521 0.309680 
2863.356410 0.301392 
2862.189298 0.293003 
2861.022186 0.284688 
2859.855074 0.276575 
2858.687963 0.268856 
2857.520851 0.261598 
2856.353739 0.254806 
2855.186627 0.248452 
2854.019516 0.242682 
2852.852404 0.237452 
2851.685292 0.232704 
2850.518180 0.228215 
2849.351069 0.223823 
2848.183957 0.219468 
2847.016845 0.215097 
2845.849734 0.210813 
2844.682622 0.206776 
2843.515510 0.203203 
2842.348398 0.199754 
2841.181287 0.196600 
2840.014175 0.193423 
2838.847063 0.190330 
2837.679951 0.187291 
2836.512840 0.184420 
2835.345728 0.181435 
2834.178616 0.178323 
2833.011504 0.175008 
2831.844393 0.171426 
2830.677281 0.167795 
2829.510169 0.163666 
2828.343057 0.159449 
2827.175946 0.155179 
2826.008834 0.150849 
2824.841722 0.146520 
2823.674611 0.142330 
2822.507499 0.138265 
2821.340387 0.134399 
2820.173275 0.130739 
2819.006164 0.127250 
2817.839052 0.124079 
2816.671940 0.121182 
2815.504828 0.118451 
2814.337717 0.115766 
2813.170605 0.113379 
2812.003493 0.111065 
2810.836381 0.108928 
2809.669270 0.106781 
2808.502158 0.104749 
2807.335046 0.102580 
2806.167934 0.100388 
2805.000823 0.098146 
2803.833711 0.095973 
2802.666599 0.093573 
2801.499488 0.091411 
2800.332376 0.089123 
2799.165264 0.086735 
2797.998152 0.084589 
2796.831041 0.082501 
2795.663929 0.080576 
2794.496817 0.078665 
2793.329705 0.077074 
2792.162594 0.075672 
2790.995482 0.074513 
2789.828370 0.073340 
2788.661258 0.072366 
2787.494147 0.071616 
2786.327035 0.071194 
2785.159923 0.070729 
2783.992811 0.070363 
2782.825700 0.070133 
2781.658588 0.070238 
2780.491476 0.070287 
2779.324364 0.070254 
2778.157253 0.070527 
2776.990141 0.070834 
2775.823029 0.071259 
2774.655918 0.071466 
2773.488806 0.071958 
2772.321694 0.072500 
2771.154582 0.073048 
2769.987471 0.073583 
2768.820359 0.074182 
2767.653247 0.074800 
2766.486135 0.075556 
2765.319024 0.076254 
2764.151912 0.076970 
2762.984800 0.077775 
2761.817688 0.078560 
2760.650577 0.079314 
2759.483465 0.079965 
2758.316353 0.080735 
2757.149241 0.081567 
2755.982130 0.082299 
2754.815018 0.082978 
2753.647906 0.083460 
2752.480795 0.083955 
2751.313683 0.084340 
2750.146571 0.084355 
2748.979459 0.084385 
2747.812348 0.084290 
2746.645236 0.083881 
2745.478124 0.083355 
2744.311012 0.082511 
2743.143901 0.081833 
2741.976789 0.080867 
2740.809677 0.079832 
2739.642565 0.078702 
2738.475454 0.077386 
2737.308342 0.076020 
2736.141230 0.074600 
2734.974118 0.073248 
2733.807007 0.072026 
2732.639895 0.070662 
2731.472783 0.069341 
2730.305672 0.068158 
2729.138560 0.067034 
2727.971448 0.065907 
2726.804336 0.064796 
2725.637225 0.063735 
2724.470113 0.062594 
2723.303001 0.061548 
2722.135889 0.060234 
2720.968778 0.058878 
2719.801666 0.057240 
2718.634554 0.055412 
2717.467442 0.053621 
2716.300331 0.052057 
2715.133219 0.050426 
2713.966107 0.048888 
2712.798995 0.047591 
2711.631884 0.046607 
2710.464772 0.045745 
2709.297660 0.045161 
2708.130548 0.044680 
2706.963437 0.044458 
2705.796325 0.044354 
2704.629213 0.044187 
2703.462102 0.044082 
2702.294990 0.043925 
2701.127878 0.043371 
2699.960766 0.042662 
2698.793655 0.041896 
2697.626543 0.040760 
2696.459431 0.039566 
2695.292319 0.038099 
2694.125208 0.036812 
2692.958096 0.035493 
2691.790984 0.034080 
2690.623872 0.032768 
2689.456761 0.031414 
2688.289649 0.030119 
2687.122537 0.028727 
2685.955425 0.027527 
2684.788314 0.026253 
2683.621202 0.025079 
2682.454090 0.023962 
2681.286979 0.022904 
2680.119867 0.021860 
2678.952755 0.020877 
2677.785643 0.019952 
2676.618532 0.019104 
2675.451420 0.018351 
2674.284308 0.017624 
2673.117196 0.017005 
2671.950085 0.016448 
2670.782973 0.016115 
2669.615861 0.015784 
2668.448749 0.015490 
2667.281638 0.015147 
2666.114526 0.015045 
2664.947414 0.015061 
2663.780302 0.015123 
2662.613191 0.015199 
2661.446079 0.015396 
2660.278967 0.015594 
2659.111856 0.015704 
2657.944744 0.016028 
2656.777632 0.016225 
2655.610520 0.016400 
2654.443409 0.016636 
2653.276297 0.016842 
2652.109185 0.017076 
2650.942073 0.017265 
2649.774962 0.017239 
2648.607850 0.017250 
2647.440738 0.017363 
2646.273626 0.017356 
2645.106515 0.017241 
2643.939403 0.017251 
2642.772291 0.017126 
2641.605179 0.017085 
2640.438068 0.017103 
2639.270956 0.017110 
2638.103844 0.017258 
2636.936733 0.017423 
2635.769621 0.017531 
2634.602509 0.017615 
2633.435397 0.017738 
2632.268286 0.017958 
2631.101174 0.018304 
2629.934062 0.018360 
2628.766950 0.018424 
2627.599839 0.018333 
2626.432727 0.018226 
2625.265615 0.018024 
2624.098503 0.017686 
2622.931392 0.017318 
2621.764280 0.016846 
2620.597168 0.016293 
2619.430056 0.015779 
2618.262945 0.015401 
2617.095833 0.014911 
2615.928721 0.014565 
2614.761609 0.014296 
2613.594498 0.014085 
2612.427386 0.013813 
2611.260274 0.013650 
2610.093163 0.013528 
2608.926051 0.013657 
2607.758939 0.013653 
2606.591827 0.013805 
2605.424716 0.013920 
2604.257604 0.013973 
2603.090492 0.014059 
2601.923380 0.014104 
2600.756269 0.014099 
2599.589157 0.014165 
2598.422045 0.014213 
2597.254933 0.014117 
2596.087822 0.014101 
2594.920710 0.014148 
2593.753598 0.014278 
2592.586486 0.014119 
2591.419375 0.014061 
2590.252263 0.013984 
2589.085151 0.013892 
2587.918040 0.013779 
2586.750928 0.013594 
2585.583816 0.013443 
2584.416704 0.013316 
2583.249593 0.013165 
2582.082481 0.013130 
2580.915369 0.013142 
2579.748257 0.013050 
2578.581146 0.013104 
2577.414034 0.012975 
2576.246922 0.012883 
2575.079810 0.012860 
2573.912699 0.012996 
2572.745587 0.013056 
2571.578475 0.013235 
2570.411363 0.013373 
2569.244252 0.013421 
2568.077140 0.013667 
2566.910028 0.013913 
2565.742917 0.014232 
2564.575805 0.014516 
2563.408693 0.014978 
2562.241581 0.015291 
2561.074470 0.015690 
2559.907358 0.016065 
2558.740246 0.016569 
2557.573134 0.016933 
2556.406023 0.017495 
2555.238911 0.017976 
2554.071799 0.018515 
2552.904687 0.018934 
2551.737576 0.019314 
2550.570464 0.019770 
2549.403352 0.020080 
2548.236240 0.020351 
2547.069129 0.020555 
2545.902017 0.020621 
2544.734905 0.020658 
2543.567794 0.020618 
2542.400682 0.020474 
2541.233570 0.020230 
2540.066458 0.019858 
2538.899347 0.019555 
2537.732235 0.019189 
2536.565123 0.018784 
2535.398011 0.018281 
2534.230900 0.017808 
2533.063788 0.017363 
2531.896676 0.016850 
2530.729564 0.016494 
2529.562453 0.016162 
2528.395341 0.015917 
2527.228229 0.015570 
2526.061117 0.015357 
2524.894006 0.015170 
2523.726894 0.015108 
2522.559782 0.014907 
2521.392670 0.014857 
2520.225559 0.014859 
2519.058447 0.014904 
2517.891335 0.014882 
2516.724224 0.014984 
2515.557112 0.014969 
2514.390000 0.015051 
2513.222888 0.015147 
2512.055777 0.015256 
2510.888665 0.015391 
2509.721553 0.015458 
2508.554441 0.015519 
2507.387330 0.015395 
2506.220218 0.015235 
2505.053106 0.015126 
2503.885994 0.015075 
2502.718883 0.014954 
2501.551771 0.014836 
2500.384659 0.014563 
2499.217547 0.014218 
2498.050436 0.013784 
2496.883324 0.013362 
2495.716212 0.012986 
2494.549101 0.012650 
2493.381989 0.012274 
2492.214877 0.011864 
2491.047765 0.011449 
2489.880654 0.010999 
2488.713542 0.010580 
2487.546430 0.010134 
2486.379318 0.009716 
2485.212207 0.009242 
2484.045095 0.008891 
2482.877983 0.008501 
2481.710871 0.008044 
2480.543760 0.007676 
2479.376648 0.007344 
2478.209536 0.007032 
2477.042424 0.006689 
2475.875313 0.006383 
2474.708201 0.005952 
2473.541089 0.005647 
2472.373978 0.005229 
2471.206866 0.004896 
2470.039754 0.004448 
2468.872642 0.004143 
2467.705531 0.003816 
2466.538419 0.003479 
2465.371307 0.003123 
2464.204195 0.002940 
2463.037084 0.002620 
2461.869972 0.002256 
2460.702860 0.001867 
2459.535748 0.001627 
2458.368637 0.001484 
2457.201525 0.001198 
2456.034413 0.001023 
2454.867301 0.000820 
2453.700190 0.000705 
2452.533078 0.000394 
2451.365966 0.000272 
2450.198854 0.000032 
2449.031743 0.000028 
2447.864631 0.000032 
2446.697519 -0.000047 
2445.530408 -0.000107 
2444.363296 -0.000004 
2443.196184 0.000088 
2442.029072 0.000122 
2440.861961 0.000191 
2439.694849 0.000358 
2438.527737 0.000508 
2437.360625 0.000592 
2436.193514 0.000855 
2435.026402 0.001034 
2433.859290 0.001444 
2432.692178 0.001747 
2431.525067 0.002184 
2430.357955 0.002496 
2429.190843 0.002910 
2428.023731 0.003230 
2426.856620 0.003749 
2425.689508 0.004341 
2424.522396 0.004788 
2423.355285 0.005197 
2422.188173 0.005600 
2421.021061 0.006082 
2419.853949 0.006493 
2418.686838 0.006876 
2417.519726 0.007089 
2416.352614 0.007427 
2415.185502 0.007602 
2414.018391 0.007717 
2412.851279 0.007731 
2411.684167 0.007777 
2410.517055 0.007684 
2409.349944 0.007650 
2408.182832 0.007448 
2407.015720 0.007333 
2405.848608 0.007216 
2404.681497 0.006953 
2403.514385 0.006699 
2402.347273 0.006215 
2401.180162 0.005953 
2400.013050 0.005483 
2398.845938 0.005216 
2397.678826 0.004829 
2396.511715 0.004601 
2395.344603 0.004312 
2394.177491 0.003961 
2393.010379 0.003647 
2391.843268 0.003375 
2390.676156 0.003019 
2389.509044 0.002874 
2388.341932 0.002674 
2387.174821 0.002522 
2386.007709 0.002338 
2384.840597 0.002192 
2383.673485 0.002275 
2382.506374 0.002249 
2381.339262 0.002332 
2380.172150 0.002314 
2379.005039 0.002517 
2377.837927 0.002559 
2376.670815 0.002773 
2375.503703 0.002906 
2374.336592 0.003103 
2373.169480 0.003256 
2372.002368 0.003508 
2370.835256 0.003709 
2369.668145 0.003871 
2368.501033 0.004102 
2367.333921 0.004218 
2366.166809 0.004376 
2364.999698 0.004458 
2363.832586 0.004622 
2362.665474 0.004459 
2361.498362 0.004492 
2360.331251 0.004294 
2359.164139 0.004263 
2357.997027 0.004084 
2356.829915 0.004013 
2355.662804 0.003660 
2354.495692 0.003440 
2353.328580 0.003097 
2352.161469 0.002705 
2350.994357 0.002400 
2349.827245 0.001991 
2348.660133 0.001801 
2347.493022 0.001558 
2346.325910 0.001480 
2345.158798 0.001324 
2343.991686 0.001336 
2342.824575 0.001580 
2341.657463 0.002419 
2340.490351 0.003709 
2339.323239 0.004894 
2338.156128 0.005211 
2336.989016 0.004440 
2335.821904 0.002972 
2334.654792 0.001493 
2333.487681 0.000541 
2332.320569 0.000182 
2331.153457 0.000104 
2329.986346 -0.000029 
2328.819234 0.000066 
2327.652122 -0.000079 
2326.485010 0.000121 
2325.317899 0.000015 
2324.150787 0.000008 
2322.983675 0.000076 
2321.816563 -0.000015 
2320.649452 -0.000091 
2319.482340 -0.000086 
2318.315228 -0.000146 
2317.148116 -0.000188 
2315.981005 -0.000226 
2314.813893 -0.000215 
2313.646781 -0.000188 
2312.479669 -0.000258 
2311.312558 -0.000203 
2310.145446 -0.000316 
2308.978334 -0.000215 
2307.811223 -0.000315 
2306.644111 -0.000205 
2305.476999 -0.000286 
2304.309887 -0.000221 
2303.142776 -0.000235 
2301.975664 -0.000103 
2300.808552 -0.000102 
2299.641440 -0.000062 
2298.474329 -0.000094 
2297.307217 -0.000066 
2296.140105 -0.000010 
2294.972993 -0.000051 
2293.805882 -0.000028 
2292.638770 -0.000104 
2291.471658 -0.000038 
2290.304546 -0.000088 
2289.137435 0.000100 
2287.970323 -0.000057 
2286.803211 0.000003 
2285.636099 -0.000027 
2284.468988 0.000000 
2283.301876 0.000025 
2282.134764 0.000095 
2280.967653 0.000080 
2279.800541 0.000109 
2278.633429 0.000159 
2277.466317 0.000290 
2276.299206 0.000454 
2275.132094 0.000567 
2273.964982 0.000883 
2272.797870 0.000991 
2271.630759 0.001225 
2270.463647 0.001472 
2269.296535 0.001858 
2268.129423 0.002146 
2266.962312 0.002451 
2265.795200 0.002752 
2264.628088 0.003251 
2263.460976 0.003698 
2262.293865 0.004150 
2261.126753 0.004519 
2259.959641 0.004680 
2258.792530 0.004801 
2257.625418 0.004779 
2256.458306 0.004820 
2255.291194 0.004521 
2254.124083 0.004277 
2252.956971 0.003910 
2251.789859 0.003683 
2250.622747 0.003172 
2249.455636 0.002801 
2248.288524 0.002425 
2247.121412 0.002145 
2245.954300 0.001801 
2244.787189 0.001620 
2243.620077 0.001358 
2242.452965 0.001164 
2241.285853 0.001198 
2240.118742 0.001037 
2238.951630 0.001045 
2237.784518 0.000830 
2236.617407 0.000848 
2235.450295 0.000684 
2234.283183 0.000667 
2233.116071 0.000531 
2231.948960 0.000501 
2230.781848 0.000393 
2229.614736 0.000431 
2228.447624 0.000310 
2227.280513 0.000227 
2226.113401 0.000240 
2224.946289 0.000220 
2223.779177 0.000174 
2222.612066 0.000141 
2221.444954 0.000141 
2220.277842 0.000112 
2219.110730 0.000217 
2217.943619 0.000055 
2216.776507 0.000159 
2215.609395 0.000081 
2214.442284 0.000163 
2213.275172 0.000046 
2212.108060 0.000099 
2210.940948 0.000075 
2209.773837 0.000052 
2208.606725 0.000085 
2207.439613 0.000062 
2206.272501 0.000047 
2205.105390 0.000033 
2203.938278 0.000066 
2202.771166 -0.000046 
2201.604054 -0.000042 
2200.436943 -0.000145 
2199.269831 -0.000093 
2198.102719 -0.000224 
2196.935607 0.000008 
2195.768496 -0.000080 
2194.601384 -0.000003 
2193.434272 -0.000042 
2192.267160 0.000015 
2191.100049 0.000067 
2189.932937 0.000164 
2188.765825 0.000174 
2187.598714 0.000200 
2186.431602 0.000360 
2185.264490 0.000344 
2184.097378 0.000361 
2182.930267 0.000347 
2181.763155 0.000399 
2180.596043 0.000267 
2179.428931 0.000286 
2178.261820 0.000222 
2177.094708 0.000201 
2175.927596 0.000088 
2174.760484 0.000191 
2173.593373 0.000108 
2172.426261 0.000099 
2171.259149 0.000078 
2170.092037 0.000055 
2168.924926 0.000001 
2167.757814 -0.000088 
2166.590702 0.000066 
2165.423591 -0.000052 
2164.256479 0.000028 
2163.089367 -0.000069 
2161.922255 0.000005 
2160.755144 -0.000050 
2159.588032 0.000097 
2158.420920 -0.000011 
2157.253808 0.000089 
2156.086697 -0.000017 
2154.919585 0.000094 
2153.752473 0.000166 
2152.585361 0.000193 
2151.418250 0.000319 
2150.251138 0.000360 
2149.084026 0.000572 
2147.916914 0.000656 
2146.749803 0.000840 
2145.582691 0.000952 
2144.415579 0.001266 
2143.248468 0.001329 
2142.081356 0.001609 
2140.914244 0.001705 
2139.747132 0.001893 
2138.580021 0.002015 
2137.412909 0.002104 
2136.245797 0.002160 
2135.078685 0.002248 
2133.911574 0.002184 
2132.744462 0.002024 
2131.577350 0.002023 
2130.410238 0.001850 
2129.243127 0.001788 
2128.076015 0.001482 
2126.908903 0.001488 
2125.741791 0.001170 
2124.574680 0.001019 
2123.407568 0.000723 
2122.240456 0.000667 
2121.073344 0.000404 
2119.906233 0.000282 
2118.739121 0.000156 
2117.572009 0.000057 
2116.404898 0.000017 
2115.237786 -0.000080 
2114.070674 -0.000144 
2112.903562 -0.000197 
2111.736451 -0.000131 
2110.569339 -0.000262 
2109.402227 -0.000241 
2108.235115 -0.000254 
2107.068004 0.000036 
2105.900892 0.000119 
2104.733780 0.000286 
2103.566668 0.000375 
2102.399557 0.000745 
2101.232445 0.000845 
2100.065333 0.001100 
2098.898221 0.001239 
2097.731110 0.001422 
2096.563998 0.001578 
2095.396886 0.001656 
2094.229775 0.001910 
2093.062663 0.002036 
2091.895551 0.002223 
2090.728439 0.002101 
2089.561328 0.002356 
2088.394216 0.002301 
2087.227104 0.002309 
2086.059992 0.002193 
2084.892881 0.002207 
2083.725769 0.002087 
2082.558657 0.002087 
2081.391545 0.001928 
2080.224434 0.001818 
2079.057322 0.001749 
2077.890210 0.001496 
2076.723098 0.001358 
2075.555987 0.001175 
2074.388875 0.001102 
2073.221763 0.000802 
2072.054652 0.000789 
2070.887540 0.000534 
2069.720428 0.000484 
2068.553316 0.000299 
2067.386205 0.000417 
2066.219093 0.000250 
2065.051981 0.000297 
2063.884869 0.000203 
2062.717758 0.000159 
2061.550646 0.000053 
2060.383534 -0.000039 
2059.216422 0.000022 
2058.049311 -0.000022 
2056.882199 0.000029 
2055.715087 -0.000070 
2054.547975 0.000001 
2053.380864 -0.000107 
2052.213752 0.000015 
2051.046640 -0.000107 
2049.879529 -0.000024 
2048.712417 -0.000133 
2047.545305 -0.000116 
2046.378193 -0.000140 
2045.211082 -0.000130 
2044.043970 -0.000064 
2042.876858 -0.000108 
2041.709746 -0.000100 
2040.542635 -0.000142 
2039.375523 -0.000078 
2038.208411 -0.000172 
2037.041299 -0.000057 
2035.874188 -0.000139 
2034.707076 -0.000027 
2033.539964 -0.000071 
2032.372852 0.000023 
2031.205741 -0.000112 
2030.038629 -0.000070 
2028.871517 -0.000105 
2027.704405 -0.000119 
2026.537294 -0.000136 
2025.370182 -0.000044 
2024.203070 -0.000000 
2023.035959 -0.000147 
2021.868847 -0.000147 
2020.701735 -0.000189 
2019.534623 -0.000066 
2018.367512 -0.000083 
2017.200400 0.000019 
2016.033288 -0.000010 
2014.866176 0.000144 
2013.699065 -0.000039 
2012.531953 0.000042 
2011.364841 -0.000055 
2010.197729 0.000004 
2009.030618 -0.000028 
2007.863506 -0.000020 
2006.696394 -0.000039 
2005.529282 -0.000029 
2004.362171 -0.000009 
2003.195059 -0.000008 
2002.027947 0.000205 
2000.860836 0.000173 
1999.693724 0.000197 
1998.526612 0.000121 
1997.359500 0.000274 
1996.192389 0.000198 
1995.025277 0.000393 
1993.858165 0.000374 
1992.691053 0.000529 
1991.523942 0.000539 
1990.356830 0.000615 
1989.189718 0.000723 
1988.022606 0.000820 
1986.855495 0.000916 
1985.688383 0.000975 
1984.521271 0.001052 
1983.354159 0.001018 
1982.187048 0.001163 
1981.019936 0.001108 
1979.852824 0.001273 
1978.685713 0.001252 
1977.518601 0.001416 
1976.351489 0.001423 
1975.184377 0.001461 
1974.017266 0.001399 
1972.850154 0.001564 
1971.683042 0.001569 
1970.515930 0.001614 
1969.348819 0.001695 
1968.181707 0.001666 
1967.014595 0.001740 
1965.847483 0.001726 
1964.680372 0.001771 
1963.513260 0.001637 
1962.346148 0.001628 
1961.179036 0.001477 
1960.011925 0.001554 
1958.844813 0.001454 
1957.677701 0.001529 
1956.510589 0.001402 
1955.343478 0.001418 
1954.176366 0.001385 
1953.009254 0.001428 
1951.842143 0.001510 
1950.675031 0.001643 
1949.507919 0.001821 
1948.340807 0.001937 
1947.173696 0.002256 
1946.006584 0.002550 
1944.839472 0.002993 
1943.672360 0.003342 
1942.505249 0.003971 
1941.338137 0.004483 
1940.171025 0.005254 
1939.003913 0.005950 
1937.836802 0.006887 
1936.669690 0.007684 
1935.502578 0.008637 
1934.335466 0.009611 
1933.168355 0.010617 
1932.001243 0.011532 
1930.834131 0.012296 
1929.667020 0.012955 
1928.499908 0.013362 
1927.332796 0.013718 
1926.165684 0.013683 
1924.998573 0.013565 
1923.831461 0.013068 
1922.664349 0.012562 
1921.497237 0.011712 
1920.330126 0.010952 
1919.163014 0.010032 
1917.995902 0.009105 
1916.828790 0.008220 
1915.661679 0.007374 
1914.494567 0.006674 
1913.327455 0.005887 
1912.160343 0.005246 
1910.993232 0.004599 
1909.826120 0.004140 
1908.659008 0.003641 
1907.491897 0.003355 
1906.324785 0.002943 
1905.157673 0.002792 
1903.990561 0.002371 
1902.823450 0.002146 
1901.656338 0.001834 
1900.489226 0.001627 
1899.322114 0.001433 
1898.155003 0.001296 
1896.987891 0.001159 
1895.820779 0.001012 
1894.653667 0.000925 
1893.486556 0.000731 
1892.319444 0.000771 
1891.152332 0.000534 
1889.985220 0.000499 
1888.818109 0.000376 
1887.650997 0.000535 
1886.483885 0.000258 
1885.316774 0.000357 
1884.149662 0.000231 
1882.982550 0.000217 
1881.815438 0.000098 
1880.648327 0.000100 
1879.481215 0.000131 
1878.314103 0.000060 
1877.146991 0.000104 
1875.979880 0.000042 
1874.812768 0.000164 
1873.645656 0.000123 
1872.478544 0.000192 
1871.311433 0.000030 
1870.144321 0.000117 
1868.977209 -0.000122 
1867.810097 0.000006 
1866.642986 -0.000086 
1865.475874 0.000118 
1864.308762 0.000055 
1863.141650 0.000043 
1861.974539 0.000039 
1860.807427 0.000060 
1859.640315 0.000146 
1858.473204 0.000065 
1857.306092 0.000117 
1856.138980 0.000086 
1854.971868 0.000144 
1853.804757 0.000051 
1852.637645 0.000191 
1851.470533 0.000165 
1850.303421 0.000213 
1849.136310 0.000094 
1847.969198 0.000133 
1846.802086 0.000014 
1845.634974 0.000130 
1844.467863 -0.000053 
1843.300751 0.000004 
1842.133639 -0.000011 
1840.966527 -0.000013 
1839.799416 0.000132 
1838.632304 0.000060 
1837.465192 0.000003 
1836.298081 -0.000142 
1835.130969 0.000004 
1833.963857 -0.000039 
1832.796745 0.000017 
1831.629634 -0.000154 
1830.462522 -0.000108 
1829.295410 -0.000161 
1828.128298 -0.000070 
1826.961187 -0.000075 
1825.794075 -0.000095 
1824.626963 -0.000147 
1823.459851 -0.000154 
1822.292740 -0.000048 
1821.125628 -0.000075 
1819.958516 -0.000000 
1818.791404 -0.000090 
1817.624293 -0.000006 
1816.457181 -0.000051 
1815.290069 0.000015 
1814.122958 -0.000019 
1812.955846 0.000099 
1811.788734 0.000009 
1810.621622 0.000132 
1809.454511 0.000039 
1808.287399 0.000074 
1807.120287 0.000116 
1805.953175 0.000206 
1804.786064 0.000213 
1803.618952 0.000118 
1802.451840 0.000219 
1801.284728 0.000061 
1800.117617 0.000177 
1798.950505 0.000136 
1797.783393 0.000277 
1796.616281 0.000196 
1795.449170 0.000348 
1794.282058 0.000347 
1793.114946 0.000451 
1791.947835 0.000491 
1790.780723 0.000754 
1789.613611 0.000896 
1788.446499 0.001065 
1787.279388 0.001235 
1786.112276 0.001447 
1784.945164 0.001588 
1783.778052 0.001620 
1782.610941 0.001970 
1781.443829 0.002028 
1780.276717 0.002338 
1779.109605 0.002378 
1777.942494 0.002630 
1776.775382 0.002666 
1775.608270 0.002834 
1774.441158 0.002798 
1773.274047 0.002866 
1772.106935 0.002757 
1770.939823 0.002926 
1769.772711 0.002979 
1768.605600 0.002877 
1767.438488 0.002958 
1766.271376 0.002981 
1765.104265 0.003080 
1763.937153 0.002952 
1762.770041 0.002921 
1761.602929 0.002799 
1760.435818 0.003060 
1759.268706 0.003023 
1758.101594 0.003073 
1756.934482 0.002873 
1755.767371 0.002953 
1754.600259 0.002816 
1753.433147 0.002686 
1752.266035 0.002451 
1751.098924 0.002212 
1749.931812 0.002149 
1748.764700 0.001810 
1747.597588 0.001689 
1746.430477 0.001421 
1745.263365 0.001430 
1744.096253 0.001055 
1742.929142 0.000992 
1741.762030 0.000727 
1740.594918 0.000591 
1739.427806 0.000257 
1738.260695 0.000479 
1737.093583 0.000319 
1735.926471 0.000271 
1734.759359 -0.000111 
1733.592248 -0.000205 
1732.425136 0.000008 
1731.258024 0.000019 
1730.090912 0.000033 
1728.923801 -0.000022 
1727.756689 0.000060 
1726.589577 -0.000023 
1725.422465 0.000107 
1724.255354 0.000020 
1723.088242 0.000128 
1721.921130 0.000038 
1720.754019 0.000168 
1719.586907 0.000050 
1718.419795 -0.000060 
1717.252683 -0.000343 
1716.085572 0.000004 
1714.918460 0.000091 
1713.751348 0.000165 
1712.584236 0.000234 
1711.417125 0.000217 
1710.250013 0.000227 
1709.082901 0.000152 
1707.915789 0.000327 
1706.748678 0.000166 
1705.581566 0.000269 
1704.414454 0.000165 
1703.247342 0.000325 
1702.080231 0.000234 
1700.913119 0.000041 
1699.746007 -0.000207 
1698.578895 0.000187 
1697.411784 0.000243 
1696.244672 -0.000123 
1695.077560 -0.000029 
1693.910449 0.000248 
1692.743337 0.000327 
1691.576225 0.000266 
1690.409113 0.000335 
1689.242002 0.000211 
1688.074890 0.000335 
1686.907778 0.000186 
1685.740666 0.000191 
1684.573555 -0.000192 
1683.406443 0.000180 
1682.239331 0.000254 
1681.072219 0.000424 
1679.905108 0.000402 
1678.737996 0.000436 
1677.570884 0.000404 
1676.403772 0.000358 
1675.236661 0.000250 
1674.069549 0.000309 
1672.902437 0.000421 
1671.735326 0.000239 
1670.568214 0.000343 
1669.401102 0.000060 
1668.233990 0.000257 
1667.066879 0.000231 
1665.899767 0.000292 
1664.732655 0.000259 
1663.565543 0.000175 
1662.398432 -0.000048 
1661.231320 0.000089 
1660.064208 0.000100 
1658.897096 0.000074 
1657.729985 0.000056 
1656.562873 -0.000074 
1655.395761 -0.000047 
1654.228649 -0.000451 
1653.061538 -0.000746 
1651.894426 -0.000585 
1650.727314 -0.000079 
1649.560203 -0.000255 
1648.393091 -0.000248 
1647.225979 -0.000403 
1646.058867 -0.000468 
1644.891756 -0.000385 
1643.724644 -0.000221 
1642.557532 -0.000286 
1641.390420 -0.000253 
1640.223309 -0.000301 
1639.056197 -0.000394 
1637.889085 -0.000337 
1636.721973 -0.000592 
1635.554862 -0.000604 
1634.387750 -0.000498 
1633.220638 -0.000273 
1632.053526 -0.000399 
1630.886415 -0.000216 
1629.719303 -0.000320 
1628.552191 -0.000155 
1627.385080 -0.000248 
1626.217968 -0.000241 
1625.050856 -0.000253 
1623.883744 -0.000278 
1622.716633 -0.000335 
1621.549521 -0.000186 
1620.382409 -0.000015 
1619.215297 -0.000084 
1618.048186 -0.000037 
1616.881074 -0.000470 
1615.713962 -0.000155 
1614.546850 -0.000051 
1613.379739 0.000080 
1612.212627 -0.000042 
1611.045515 0.000003 
1609.878403 -0.000051 
1608.711292 0.000033 
1607.544180 0.000008 
1606.377068 0.000132 
1605.209956 0.000137 
1604.042845 0.000075 
1602.875733 0.000135 
1601.708621 0.000095 
1600.541510 0.000200 
1599.374398 0.000140 
1598.207286 0.000207 
1597.040174 0.000145 
1595.873063 0.000321 
1594.705951 0.000133 
1593.538839 0.000402 
1592.371727 0.000353 
1591.204616 0.000538 
1590.037504 0.000473 
1588.870392 0.000625 
1587.703280 0.000701 
1586.536169 0.000718 
1585.369057 0.000806 
1584.201945 0.000869 
1583.034833 0.001033 
1581.867722 0.001114 
1580.700610 0.001299 
1579.533498 0.001313 
1578.366387 0.001592 
1577.199275 0.001407 
1576.032163 0.001290 
1574.865051 0.001610 
1573.697940 0.001914 
1572.530828 0.001965 
1571.363716 0.002228 
1570.196604 0.002163 
1569.029493 0.002341 
1567.862381 0.002594 
1566.695269 0.002689 
1565.528157 0.002972 
1564.361046 0.002972 
1563.193934 0.003131 
1562.026822 0.003201 
1560.859710 0.003225 
1559.692599 0.003035 
1558.525487 0.003285 
1557.358375 0.003534 
1556.191264 0.004116 
1555.024152 0.003980 
1553.857040 0.004089 
1552.689928 0.004324 
1551.522817 0.004629 
1550.355705 0.004839 
1549.188593 0.005088 
1548.021481 0.005375 
1546.854370 0.005556 
1545.687258 0.005756 
1544.520146 0.005798 
1543.353034 0.006178 
1542.185923 0.005914 
1541.018811 0.006167 
1539.851699 0.006148 
1538.684587 0.006793 
1537.517476 0.007514 
1536.350364 0.008256 
1535.183252 0.008665 
1534.016140 0.009077 
1532.849029 0.009543 
1531.681917 0.010091 
1530.514805 0.010644 
1529.347694 0.011186 
1528.180582 0.011776 
1527.013470 0.012326 
1525.846358 0.012950 
1524.679247 0.013540 
1523.512135 0.014583 
1522.345023 0.015279 
1521.177911 0.016237 
1520.010800 0.017298 
1518.843688 0.018550 
1517.676576 0.019402 
1516.509464 0.020649 
1515.342353 0.021904 
1514.175241 0.023309 
1513.008129 0.024821 
1511.841017 0.026344 
1510.673906 0.028203 
1509.506794 0.030002 
1508.339682 0.032081 
1507.172571 0.034001 
1506.005459 0.036737 
1504.838347 0.039774 
1503.671235 0.043254 
1502.504124 0.046712 
1501.337012 0.050815 
1500.169900 0.055108 
1499.002788 0.060003 
1497.835677 0.065159 
1496.668565 0.070334 
1495.501453 0.075508 
1494.334341 0.080573 
1493.167230 0.085271 
1492.000118 0.089514 
1490.833006 0.093437 
1489.665894 0.096475 
1488.498783 0.098624 
1487.331671 0.099412 
1486.164559 0.099895 
1484.997448 0.099834 
1483.830336 0.100200 
1482.663224 0.101071 
1481.496112 0.102589 
1480.329001 0.103936 
1479.161889 0.105534 
1477.994777 0.106794 
1476.827665 0.107576 
1475.660554 0.107986 
1474.493442 0.108316 
1473.326330 0.108740 
1472.159218 0.109491 
1470.992107 0.111071 
1469.824995 0.113250 
1468.657883 0.116524 
1467.490771 0.120403 
1466.323660 0.125251 
1465.156548 0.129870 
1463.989436 0.134583 
1462.822325 0.138324 
1461.655213 0.141150 
1460.488101 0.142716 
1459.320989 0.143429 
1458.153878 0.143386 
1456.986766 0.142528 
1455.819654 0.141974 
1454.652542 0.141163 
1453.485431 0.140491 
1452.318319 0.139613 
1451.151207 0.139279 
1449.984095 0.139233 
1448.816984 0.139495 
1447.649872 0.139240 
1446.482760 0.139045 
1445.315648 0.138137 
1444.148537 0.136885 
1442.981425 0.135113 
1441.814313 0.133086 
1440.647201 0.130767 
1439.480090 0.128665 
1438.312978 0.126876 
1437.145866 0.125558 
1435.978755 0.125509 
1434.811643 0.126185 
1433.644531 0.127331 
1432.477419 0.128418 
1431.310308 0.129664 
1430.143196 0.130479 
1428.976084 0.131259 
1427.808972 0.131593 
1426.641861 0.131767 
1425.474749 0.131385 
1424.307637 0.130719 
1423.140525 0.129561 
1421.973414 0.127951 
1420.806302 0.125816 
1419.639190 0.122885 
1418.472078 0.119819 
1417.304967 0.116112 
1416.137855 0.111957 
1414.970743 0.107351 
1413.803632 0.102560 
1412.636520 0.097224 
1411.469408 0.091948 
1410.302296 0.086361 
1409.135185 0.081031 
1407.968073 0.075546 
1406.800961 0.070297 
1405.633849 0.065284 
1404.466738 0.060480 
1403.299626 0.056169 
1402.132514 0.052275 
1400.965402 0.048733 
1399.798291 0.045534 
1398.631179 0.043078 
1397.464067 0.041056 
1396.296955 0.039817 
1395.129844 0.039374 
1393.962732 0.040568 
1392.795620 0.043741 
1391.628509 0.050102 
1390.461397 0.060348 
1389.294285 0.076198 
1388.127173 0.096832 
1386.960062 0.121027 
1385.792950 0.145279 
1384.625838 0.166419 
1383.458726 0.181532 
1382.291615 0.189776 
1381.124503 0.191601 
1379.957391 0.188899 
1378.790279 0.183388 
1377.623168 0.176129 
1376.456056 0.168837 
1375.288944 0.161594 
1374.121832 0.154560 
1372.954721 0.146482 
1371.787609 0.136916 
1370.620497 0.124702 
1369.453385 0.110278 
1368.286274 0.094432 
1367.119162 0.079380 
1365.952050 0.067477 
1364.784939 0.060195 
1363.617827 0.057234 
1362.450715 0.057403 
1361.283603 0.060012 
1360.116492 0.063410 
1358.949380 0.067123 
1357.782268 0.070191 
1356.615156 0.072941 
1355.448045 0.074769 
1354.280933 0.076818 
1353.113821 0.079128 
1351.946709 0.082304 
1350.779598 0.085956 
1349.612486 0.090199 
1348.445374 0.094638 
1347.278262 0.099112 
1346.111151 0.103643 
1344.944039 0.107749 
1343.776927 0.111918 
1342.609816 0.115673 
1341.442704 0.119380 
1340.275592 0.122472 
1339.108480 0.125644 
1337.941369 0.128170 
1336.774257 0.130733 
1335.607145 0.132672 
1334.440033 0.134496 
1333.272922 0.135726 
1332.105810 0.136652 
1330.938698 0.137120 
1329.771586 0.137179 
1328.604475 0.136695 
1327.437363 0.135639 
1326.270251 0.134417 
1325.103139 0.132586 
1323.936028 0.130485 
1322.768916 0.127993 
1321.601804 0.125555 
1320.434693 0.122480 
1319.267581 0.119356 
1318.100469 0.115813 
1316.933357 0.112199 
1315.766246 0.108067 
1314.599134 0.103638 
1313.432022 0.098717 
1312.264910 0.093373 
1311.097799 0.087663 
1309.930687 0.081580 
1308.763575 0.075434 
1307.596463 0.069076 
1306.429352 0.063075 
1305.262240 0.057085 
1304.095128 0.051701 
1302.928016 0.046518 
1301.760905 0.041877 
1300.593793 0.037468 
1299.426681 0.033720 
1298.259570 0.030280 
1297.092458 0.027548 
1295.925346 0.025180 
1294.758234 0.023306 
1293.591123 0.021845 
1292.424011 0.021037 
1291.256899 0.020897 
1290.089787 0.021240 
1288.922676 0.022506 
1287.755564 0.024464 
1286.588452 0.027665 
1285.421340 0.031325 
1284.254229 0.035926 
1283.087117 0.040708 
1281.920005 0.045940 
1280.752893 0.050772 
1279.585782 0.055384 
1278.418670 0.059004 
1277.251558 0.061813 
1276.084446 0.063176 
1274.917335 0.062829 
1273.750223 0.060677 
1272.583111 0.056398 
1271.416000 0.050570 
1270.248888 0.043290 
1269.081776 0.035776 
1267.914664 0.028436 
1266.747553 0.022465 
1265.580441 0.017631 
1264.413329 0.014453 
1263.246217 0.011919 
1262.079106 0.010261 
1260.911994 0.008990 
1259.744882 0.008045 
1258.577770 0.007335 
1257.410659 0.006797 
1256.243547 0.006285 
1255.076435 0.005863 
1253.909323 0.005547 
1252.742212 0.005120 
1251.575100 0.004899 
1250.407988 0.004534 
1249.240877 0.004474 
1248.073765 0.004124 
1246.906653 0.004027 
1245.739541 0.003638 
1244.572430 0.003656 
1243.405318 0.003359 
1242.238206 0.003198 
1241.071094 0.003013 
1239.903983 0.002846 
1238.736871 0.002761 
1237.569759 0.002633 
1236.402647 0.002463 
1235.235536 0.002238 
1234.068424 0.002192 
1232.901312 0.002060 
1231.734200 0.002028 
1230.567089 0.001754 
1229.399977 0.001797 
1228.232865 0.001503 
1227.065754 0.001451 
1225.898642 0.001197 
1224.731530 0.001216 
1223.564418 0.001106 
1222.397307 0.001051 
1221.230195 0.000981 
1220.063083 0.000811 
1218.895971 0.000736 
1217.728860 0.000694 
1216.561748 0.000709 
1215.394636 0.000518 
1214.227524 0.000579 
1213.060413 0.000352 
1211.893301 0.000333 
1210.726189 0.000125 
1209.559077 0.000212 
1208.391966 -0.000000 
1207.224854 0.000128 
1206.057742 0.000051 
1204.890630 0.000053 
1203.723519 -0.000023 
1202.556407 -0.000119 
1201.389295 -0.000253 
1200.222184 -0.000192 
1199.055072 -0.000117 
1197.887960 -0.000248 
1196.720848 -0.000123 
1195.553737 -0.000197 
1194.386625 -0.000005 
1193.219513 -0.000141 
1192.052401 0.000003 
1190.885290 -0.000051 
1189.718178 0.000131 
1188.551066 0.000028 
1187.383954 0.000193 
1186.216843 0.000357 
1185.049731 0.000615 
1183.882619 0.000830 
1182.715507 0.000962 
1181.548396 0.001250 
1180.381284 0.001431 
1179.214172 0.001973 
1178.047061 0.002257 
1176.879949 0.002812 
1175.712837 0.003207 
1174.545725 0.003991 
1173.378614 0.004559 
1172.211502 0.005650 
1171.044390 0.006657 
1169.877278 0.008304 
1168.710167 0.010151 
1167.543055 0.012564 
1166.375943 0.015269 
1165.208831 0.018300 
1164.041720 0.020984 
1162.874608 0.023015 
1161.707496 0.024507 
1160.540384 0.025354 
1159.373273 0.025957 
1158.206161 0.026664 
1157.039049 0.028032 
1155.871938 0.029298 
1154.704826 0.030857 
1153.537714 0.031809 
1152.370602 0.032217 
1151.203491 0.031960 
1150.036379 0.031415 
1148.869267 0.030194 
1147.702155 0.028764 
1146.535044 0.027358 
1145.367932 0.026342 
1144.200820 0.025704 
1143.033708 0.025603 
1141.866597 0.026063 
1140.699485 0.026908 
1139.532373 0.028735 
1138.365261 0.030602 
1137.198150 0.033134 
1136.031038 0.035396 
1134.863926 0.037708 
1133.696815 0.039529 
1132.529703 0.041395 
1131.362591 0.042642 
1130.195479 0.043754 
1129.028368 0.044589 
1127.861256 0.045163 
1126.694144 0.045523 
1125.527032 0.045589 
1124.359921 0.045784 
1123.192809 0.045640 
1122.025697 0.045646 
1120.858585 0.045396 
1119.691474 0.045176 
1118.524362 0.044758 
1117.357250 0.044810 
1116.190138 0.044993 
1115.023027 0.045995 
1113.855915 0.047407 
1112.688803 0.049998 
1111.521691 0.053869 
1110.354580 0.059525 
1109.187468 0.067556 
1108.020356 0.079351 
1106.853245 0.096764 
1105.686133 0.121277 
1104.519021 0.153349 
1103.351909 0.190821 
1102.184798 0.231948 
1101.017686 0.274167 
1099.850574 0.316109 
1098.683462 0.355532 
1097.516351 0.391509 
1096.349239 0.422081 
1095.182127 0.446681 
1094.015015 0.465045 
1092.847904 0.477030 
1091.680792 0.482413 
1090.513680 0.481849 
1089.346568 0.475709 
1088.179457 0.464622 
1087.012345 0.449352 
1085.845233 0.430652 
1084.678122 0.408730 
1083.511010 0.383377 
1082.343898 0.355341 
1081.176786 0.324175 
1080.009675 0.290613 
1078.842563 0.254664 
1077.675451 0.217908 
1076.508339 0.181458 
1075.341228 0.147391 
1074.174116 0.117151 
1073.007004 0.092837 
1071.839892 0.074807 
1070.672781 0.062957 
1069.505669 0.056526 
1068.338557 0.054800 
1067.171445 0.058259 
1066.004334 0.066782 
1064.837222 0.084337 
1063.670110 0.116807 
1062.502999 0.177525 
1061.335887 0.278252 
1060.168775 0.413041 
1059.001663 0.554047 
1057.834552 0.679098 
1056.667440 0.781271 
1055.500328 0.863579 
1054.333216 0.926826 
1053.166105 0.970199 
1051.998993 0.995267 
1050.831881 1.000000 
1049.664769 0.986233 
1048.497658 0.953368 
1047.330546 0.902258 
1046.163434 0.835654 
1044.996322 0.754989 
1043.829211 0.664044 
1042.662099 0.568340 
1041.494987 0.475312 
1040.327875 0.391676 
1039.160764 0.320379 
1037.993652 0.260575 
1036.826540 0.211089 
1035.659429 0.169302 
1034.492317 0.134358 
1033.325205 0.105184 
1032.158093 0.081409 
1030.990982 0.062108 
1029.823870 0.046950 
1028.656758 0.034972 
1027.489646 0.025941 
1026.322535 0.018922 
1025.155423 0.013935 
1023.988311 0.010204 
1022.821199 0.007655 
1021.654088 0.005613 
1020.486976 0.004257 
1019.319864 0.003298 
1018.152752 0.002470 
1016.985641 0.001845 
1015.818529 0.001258 
1014.651417 0.000812 
1013.484306 0.000358 
1012.317194 0.000253 
1011.150082 0.000053 
1009.982970 0.000179 
1008.815859 -0.000066 
1007.648747 0.000046 
1006.481635 -0.000112 
1005.314523 -0.000055 
1004.147412 -0.000127 
1002.980300 0.000107 
1001.813188 0.000075 
1000.646076 0.000074 
999.478965 0.000099 
998.311853 0.000062 
997.144741 0.000113 
995.977629 0.000100 
994.810518 0.000259 
993.643406 0.000053 
992.476294 0.000174 
991.309183 0.000053 
990.142071 0.000123 
988.974959 -0.000010 
987.807847 0.000235 
986.640736 0.000163 
985.473624 0.000080 
984.306512 -0.000071 
983.139400 -0.000074 
981.972289 -0.000051 
980.805177 0.000017 
979.638065 0.000022 
978.470953 -0.000102 
977.303842 -0.000070 
976.136730 -0.000183 
974.969618 -0.000122 
973.802506 -0.000248 
972.635395 -0.000113 
971.468283 -0.000269 
970.301171 -0.000225 
969.134060 -0.000360 
967.966948 -0.000233 
966.799836 -0.000272 
965.632724 -0.000198 
964.465613 -0.000205 
963.298501 -0.000215 
962.131389 -0.000083 
960.964277 0.000011 
959.797166 0.000038 
958.630054 0.000064 
957.462942 0.000291 
956.295830 0.000277 
955.128719 0.000489 
953.961607 0.000512 
952.794495 0.000776 
951.627383 0.000938 
950.460272 0.001174 
949.293160 0.001294 
948.126048 0.001638 
946.958936 0.001671 
945.791825 0.001942 
944.624713 0.002308 
943.457601 0.002484 
942.290490 0.002862 
941.123378 0.003109 
939.956266 0.003534 
938.789154 0.003670 
937.622043 0.004080 
936.454931 0.004229 
935.287819 0.004791 
934.120707 0.005181 
932.953596 0.005761 
931.786484 0.006055 
930.619372 0.006605 
929.452260 0.007110 
928.285149 0.007588 
927.118037 0.008106 
925.950925 0.008605 
924.783813 0.009215 
923.616702 0.009741 
922.449590 0.010463 
921.282478 0.011078 
920.115367 0.011880 
918.948255 0.012564 
917.781143 0.013441 
916.614031 0.014158 
915.446920 0.015181 
914.279808 0.015912 
913.112696 0.017079 
911.945584 0.018112 
910.778473 0.019301 
909.611361 0.020360 
908.444249 0.021592 
907.277137 0.022974 
906.110026 0.024267 
904.942914 0.026586 
903.775802 0.029611 
902.608690 0.033128 
901.441579 0.036617 
900.274467 0.041732 
899.107355 0.048203 
897.940244 0.057414 
896.773132 0.069362 
895.606020 0.085416 
894.438908 0.105439 
893.271797 0.129840 
892.104685 0.155958 
890.937573 0.180650 
889.770461 0.200337 
888.603350 0.214540 
887.436238 0.223383 
886.269126 0.228333 
885.102014 0.232804 
883.934903 0.238388 
882.767791 0.245447 
881.600679 0.251389 
880.433567 0.254276 
879.266456 0.248748 
878.099344 0.230145 
876.932232 0.197022 
875.765121 0.155271 
874.598009 0.113756 
873.430897 0.079666 
872.263785 0.054222 
871.096674 0.036569 
869.929562 0.024826 
868.762450 0.016933 
867.595338 0.012396 
866.428227 0.009556 
865.261115 0.008501 
864.094003 0.008068 
862.926891 0.008500 
861.759780 0.009007 
860.592668 0.009763 
859.425556 0.010508 
858.258444 0.011517 
857.091333 0.012315 
855.924221 0.013366 
854.757109 0.014508 
853.589997 0.015289 
852.422886 0.016134 
851.255774 0.016819 
850.088662 0.017706 
848.921551 0.018567 
847.754439 0.019295 
846.587327 0.020038 
845.420215 0.021056 
844.253104 0.021522 
843.085992 0.022559 
841.918880 0.023282 
840.751768 0.023977 
839.584657 0.024768 
838.417545 0.025631 
837.250433 0.026152 
836.083321 0.027011 
834.916210 0.027618 
833.749098 0.028083 
832.581986 0.028889 
831.414874 0.029487 
830.247763 0.030392 
829.080651 0.030959 
827.913539 0.031761 
826.746428 0.032407 
825.579316 0.033214 
824.412204 0.033916 
823.245092 0.035103 
822.077981 0.036072 
820.910869 0.037328 
819.743757 0.039038 
818.576645 0.041149 
817.409534 0.043369 
816.242422 0.046056 
815.075310 0.049428 
813.908198 0.052922 
812.741087 0.056685 
811.573975 0.060575 
810.406863 0.064650 
809.239751 0.067824 
808.072640 0.071028 
806.905528 0.073963 
805.738416 0.075811 
804.571305 0.075691 
803.404193 0.074621 
802.237081 0.072194 
801.069969 0.068847 
799.902858 0.064246 
798.735746 0.059423 
797.568634 0.054955 
796.401522 0.051396 
795.234411 0.048883 
794.067299 0.047111 
792.900187 0.046678 
791.733075 0.046544 
790.565964 0.047171 
789.398852 0.047481 
788.231740 0.047877 
787.064628 0.048417 
785.897517 0.049377 
784.730405 0.049909 
783.563293 0.050659 
782.396181 0.050906 
781.229070 0.051853 
780.061958 0.052658 
778.894846 0.053017 
777.727735 0.053687 
776.560623 0.054244 
775.393511 0.054884 
774.226399 0.055460 
773.059288 0.056152 
771.892176 0.056755 
770.725064 0.057569 
769.557952 0.058097 
768.390841 0.058649 
767.223729 0.059197 
766.056617 0.059848 
764.889505 0.060337 
763.722394 0.061200 
762.555282 0.061672 
761.388170 0.062179 
760.221058 0.062963 
759.053947 0.063484 
757.886835 0.064296 
756.719723 0.064830 
755.552612 0.065413 
754.385500 0.065847 
753.218388 0.066452 
752.051276 0.067017 
750.884165 0.067804 
749.717053 0.068218 
748.549941 0.068792 
747.382829 0.069257 
746.215718 0.069946 
745.048606 0.070385 
743.881494 0.071114 
742.714382 0.071748 
741.547271 0.072053 
740.380159 0.072591 
739.213047 0.073119 
738.045935 0.073600 
736.878824 0.074105 
735.711712 0.074872 
734.544600 0.075121 
733.377489 0.075672 
732.210377 0.076075 
731.043265 0.076780 
729.876153 0.077072 
728.709042 0.077433 
727.541930 0.077667 
726.374818 0.078168 
725.207706 0.078641 
724.040595 0.079041 
722.873483 0.079342 
721.706371 0.079691 
720.539259 0.080018 
719.372148 0.080432 
718.205036 0.080901 
717.037924 0.081209 
715.870812 0.081670 
714.703701 0.081544 
713.536589 0.081924 
712.369477 0.082036 
711.202366 0.082275 
710.035254 0.082459 
708.868142 0.082764 
707.701030 0.082730 
706.533919 0.083044 
705.366807 0.083415 
704.199695 0.083403 
703.032583 0.083624 
701.865472 0.083623 
700.698360 0.083679 
699.531248 0.083819 
698.364136 0.084098 
697.197025 0.084218 
696.029913 0.084070 
694.862801 0.083948 
693.695689 0.084180 
692.528578 0.083886 
691.361466 0.083479 
690.194354 0.083289 
689.027242 0.083868 
687.860131 0.083784 
686.693019 0.083328 
685.525907 0.083086 
684.358796 0.082829 
683.191684 0.082750 
682.024572 0.082200 
680.857460 0.081736 
679.690349 0.081221 
678.523237 0.080709 
677.356125 0.080173 
676.189013 0.079773 
675.021902 0.078987 
673.854790 0.078151 
672.687678 0.077342 
671.520566 0.076785 
670.353455 0.075610 
669.186343 0.073901 
668.019231 0.073409 
666.852119 0.072617 
665.685008 0.071493 
664.517896 0.070448 
663.350784 0.069635 
662.183673 0.068476 
661.016561 0.067575 
659.849449 0.066322 
658.682337 0.065156 
657.515226 0.063593 
656.348114 0.062601 
655.181002 0.061191 
654.013890 0.059747 
652.846779 0.057999 
651.679667 0.056719 
650.512555 0.055530 
649.345443 0.053932 
648.178332 0.052526 
647.011220 0.051673 
645.844108 0.050318 
644.676996 0.049209 
643.509885 0.048015 
642.342773 0.046011 
641.175661 0.044410 
640.008550 0.042590 
638.841438 0.040680 
637.674326 0.039829 
636.507214 0.039047 
635.340103 0.036509 
634.172991 0.035719 
633.005879 0.035889 
631.838767 0.034392 
630.671656 0.033420 
629.504544 0.032075 
628.337432 0.030830 
627.170320 0.029536 
626.003209 0.028469 
624.836097 0.027659 
623.668985 0.026839 
622.501873 0.025600 
621.334762 0.024979 
620.167650 0.024049 
619.000538 0.022919 
617.833426 0.022337 
616.666315 0.021383 
615.499203 0.020238 
614.332091 0.019416 
613.164980 0.018400 
611.997868 0.017115 
610.830756 0.016793 
609.663644 0.015756 
608.496533 0.015400 
607.329421 0.014488 
606.162309 0.014212 
604.995197 0.013209 
603.828086 0.012439 
602.660974 0.012401 
601.493862 0.011387 
600.326750 0.010281 
599.159639 0.009916 
597.992527 0.009800 
596.825415 0.009334 
595.658303 0.008184 
594.491192 0.007610 
593.324080 0.007399 
592.156968 0.006627 
590.989857 0.005796 
589.822745 0.005699 
588.655633 0.005491 
587.488521 0.004929 
586.321410 0.004360 
585.154298 0.004021 
583.987186 0.004376 
582.820074 0.003482 
581.652963 0.003473 
580.485851 0.004008 
579.318739 0.004323 
578.151627 0.005087 
576.984516 0.003716 
575.817404 0.003625 
574.650292 0.003051 
573.483180 0.002507 
572.316069 0.002018 
571.148957 0.001394 
569.981845 0.000076 
568.814734 0.000506 
567.647622 0.001135 
566.480510 0.001451 
565.313398 0.000361 
564.146287 -0.000069 
562.979175 0.000900 
561.812063 0.000135 
560.644951 0.000421 
559.477840 0.001817 
558.310728 0.001623 
557.143616 0.000072 
555.976504 0.000038 
554.809393 -0.000391 
553.642281 0.000487 
552.475169 -0.000565 
551.308057 -0.003071 
550.140946 0.001135 
548.973834 -0.000266 
547.806722 0.000736 
546.639611 0.001155 
545.472499 -0.000037 
544.305387 -0.000774 
543.138275 0.000320 
541.971164 0.001142 
540.804052 0.000287 
539.636940 -0.000628 
538.469828 0.001440 
537.302717 0.002261 
536.135605 0.002733 
534.968493 0.004418 
533.801381 0.004411 
532.634270 0.001873 
531.467158 0.002189 
530.300046 0.003406 
529.132934 0.001970 
527.965823 -0.003031 
526.798711 0.000898 
525.631599 0.001563 
524.464487 0.001793 
523.297376 0.000230 
522.130264 -0.002914 
520.963152 -0.002949 
519.796041 -0.000971 
518.628929 0.002932 
517.461817 0.003745 
516.294705 -0.001829 
515.127594 -0.001164 
513.960482 0.000925 
512.793370 0.000152 
511.626258 -0.000540 
510.459147 -0.001385 
509.292035 0.002032 
508.124923 -0.000044 
506.957811 -0.001441 
505.790700 -0.002756 
504.623588 -0.001416 
503.456476 -0.001154 
502.289364 0.000025 
501.122253 -0.000259 
499.955141 -0.000691 
