3999.700000 0.000000 
3998.383045 0.000783 
3997.066091 0.000000 
3995.749136 0.001208 
3994.432181 0.001208 
3993.115227 0.001208 
3991.798272 0.001208 
3990.481317 0.001208 
3989.164363 0.001208 
3987.847408 0.001208 
3986.530453 0.001208 
3985.213499 0.001208 
3983.896544 0.001695 
3982.579590 0.001545 
3981.262635 0.001208 
3979.945680 0.001208 
3978.628726 0.001208 
3977.311771 0.001208 
3975.994816 0.001208 
3974.677862 0.001208 
3973.360907 0.001208 
3972.043952 0.001208 
3970.726998 0.001208 
3969.410043 0.001208 
3968.093088 0.001208 
3966.776134 0.001208 
3965.459179 0.001208 
3964.142224 0.001208 
3962.825270 0.001208 
3961.508315 0.001208 
3960.191360 0.001208 
3958.874406 0.001208 
3957.557451 0.001208 
3956.240496 0.001208 
3954.923542 0.001208 
3953.606587 0.001208 
3952.289633 0.001208 
3950.972678 0.001208 
3949.655723 0.001208 
3948.338769 0.001208 
3947.021814 0.001208 
3945.704859 0.001208 
3944.387905 0.001208 
3943.070950 0.001208 
3941.753995 0.001208 
3940.437041 0.001208 
3939.120086 0.001208 
3937.803131 0.001208 
3936.486177 0.001208 
3935.169222 0.001208 
3933.852267 0.001208 
3932.535313 0.001208 
3931.218358 0.001208 
3929.901403 0.000400 
3928.584449 0.001208 
3927.267494 0.001047 
3925.950540 0.000544 
3924.633585 0.000181 
3923.316630 0.000000 
3921.999676 0.000672 
3920.682721 0.000100 
3919.365766 0.000314 
3918.048812 0.001208 
3916.731857 0.000039 
3915.414902 0.000000 
3914.097948 0.000000 
3912.780993 0.001208 
3911.464038 0.000622 
3910.147084 0.000000 
3908.830129 0.000000 
3907.513174 0.000000 
3906.196220 0.000000 
3904.879265 0.000000 
3903.562310 0.000770 
3902.245356 0.000000 
3900.928401 0.000000 
3899.611446 0.000000 
3898.294492 0.000000 
3896.977537 0.000000 
3895.660583 0.000000 
3894.343628 0.000000 
3893.026673 0.000000 
3891.709719 0.000000 
3890.392764 0.000000 
3889.075809 0.000000 
3887.758855 0.000000 
3886.441900 0.000000 
3885.124945 0.000000 
3883.807991 0.000975 
3882.491036 0.000000 
3881.174081 0.000000 
3879.857127 0.001208 
3878.540172 0.001208 
3877.223217 0.001208 
3875.906263 0.000394 
3874.589308 0.001208 
3873.272353 0.001208 
3871.955399 0.001208 
3870.638444 0.001208 
3869.321489 0.001208 
3868.004535 0.001208 
3866.687580 0.001208 
3865.370626 0.001517 
3864.053671 0.001633 
3862.736716 0.001208 
3861.419762 0.002414 
3860.102807 0.002414 
3858.785852 0.002414 
3857.468898 0.002414 
3856.151943 0.002414 
3854.834988 0.001431 
3853.518034 0.001711 
3852.201079 0.002292 
3850.884124 0.002414 
3849.567170 0.002414 
3848.250215 0.002353 
3846.933260 0.001208 
3845.616306 0.001208 
3844.299351 0.001208 
3842.982396 0.001208 
3841.665442 0.001208 
3840.348487 0.001208 
3839.031533 0.000522 
3837.714578 0.001189 
3836.397623 0.000000 
3835.080669 0.000831 
3833.763714 0.001208 
3832.446759 0.001208 
3831.129805 0.001208 
3829.812850 0.001208 
3828.495895 0.001208 
3827.178941 0.001208 
3825.861986 0.001208 
3824.545031 0.001208 
3823.228077 0.001208 
3821.911122 0.000820 
3820.594167 0.000853 
3819.277213 0.000000 
3817.960258 0.000531 
3816.643303 0.000294 
3815.326349 0.001208 
3814.009394 0.001208 
3812.692439 0.001208 
3811.375485 0.001208 
3810.058530 0.001208 
3808.741576 0.001208 
3807.424621 0.000453 
3806.107666 0.001208 
3804.790712 0.001208 
3803.473757 0.001208 
3802.156802 0.000211 
3800.839848 0.001208 
3799.522893 0.001208 
3798.205938 0.001208 
3796.888984 0.001208 
3795.572029 0.001208 
3794.255074 0.001208 
3792.938120 0.001208 
3791.621165 0.001208 
3790.304210 0.001208 
3788.987256 0.001208 
3787.670301 0.001208 
3786.353346 0.001208 
3785.036392 0.001208 
3783.719437 0.001208 
3782.402482 0.001208 
3781.085528 0.001208 
3779.768573 0.001208 
3778.451619 0.001208 
3777.134664 0.001208 
3775.817709 0.001208 
3774.500755 0.001208 
3773.183800 0.001208 
3771.866845 0.001208 
3770.549891 0.001208 
3769.232936 0.001208 
3767.915981 0.001208 
3766.599027 0.001208 
3765.282072 0.001208 
3763.965117 0.001208 
3762.648163 0.001208 
3761.331208 0.001208 
3760.014253 0.001208 
3758.697299 0.001208 
3757.380344 0.001208 
3756.063389 0.001208 
3754.746435 0.001208 
3753.429480 0.001208 
3752.112526 0.001208 
3750.795571 0.001208 
3749.478616 0.001208 
3748.161662 0.001208 
3746.844707 0.001208 
3745.527752 0.001208 
3744.210798 0.001208 
3742.893843 0.001208 
3741.576888 0.001208 
3740.259934 0.001208 
3738.942979 0.001208 
3737.626024 0.001208 
3736.309070 0.001208 
3734.992115 0.001208 
3733.675160 0.001208 
3732.358206 0.001208 
3731.041251 0.001208 
3729.724296 0.001208 
3728.407342 0.001208 
3727.090387 0.001208 
3725.773432 0.001208 
3724.456478 0.001208 
3723.139523 0.001208 
3721.822569 0.001208 
3720.505614 0.001208 
3719.188659 0.001208 
3717.871705 0.001208 
3716.554750 0.001208 
3715.237795 0.001208 
3713.920841 0.001208 
3712.603886 0.001208 
3711.286931 0.001208 
3709.969977 0.001208 
3708.653022 0.001208 
3707.336067 0.001208 
3706.019113 0.001208 
3704.702158 0.001208 
3703.385203 0.001208 
3702.068249 0.001208 
3700.751294 0.001208 
3699.434339 0.001208 
3698.117385 0.001208 
3696.800430 0.001208 
3695.483475 0.000503 
3694.166521 0.000322 
3692.849566 0.001208 
3691.532612 0.000581 
3690.215657 0.000000 
3688.898702 0.000269 
3687.581748 0.001208 
3686.264793 0.001208 
3684.947838 0.000425 
3683.630884 0.001208 
3682.313929 0.001106 
3680.996974 0.000000 
3679.680020 0.000000 
3678.363065 0.000000 
3677.046110 0.000000 
3675.729156 0.001053 
3674.412201 0.000861 
3673.095246 0.000731 
3671.778292 0.000000 
3670.461337 0.000000 
3669.144382 0.000000 
3667.827428 0.001120 
3666.510473 0.000522 
3665.193519 0.000233 
3663.876564 0.001208 
3662.559609 0.001208 
3661.242655 0.001208 
3659.925700 0.001208 
3658.608745 0.001208 
3657.291791 0.000011 
3655.974836 0.000772 
3654.657881 0.000897 
3653.340927 0.001128 
3652.023972 0.000000 
3650.707017 0.000958 
3649.390063 0.001208 
3648.073108 0.001208 
3646.756153 0.001208 
3645.439199 0.001208 
3644.122244 0.001208 
3642.805289 0.001208 
3641.488335 0.001208 
3640.171380 0.001208 
3638.854425 0.001033 
3637.537471 0.000558 
3636.220516 0.001208 
3634.903562 0.000000 
3633.586607 0.000742 
3632.269652 0.001208 
3630.952698 0.000000 
3629.635743 0.000000 
3628.318788 0.001208 
3627.001834 0.001208 
3625.684879 0.000247 
3624.367924 0.001208 
3623.050970 0.001208 
3621.734015 0.001208 
3620.417060 0.000000 
3619.100106 0.000725 
3617.783151 0.000000 
3616.466196 0.000000 
3615.149242 0.000000 
3613.832287 0.001208 
3612.515332 0.001208 
3611.198378 0.001208 
3609.881423 0.000000 
3608.564468 0.000000 
3607.247514 0.000000 
3605.930559 0.000883 
3604.613605 0.000786 
3603.296650 0.000003 
3601.979695 0.001208 
3600.662741 0.001208 
3599.345786 0.000072 
3598.028831 0.001208 
3596.711877 0.000256 
3595.394922 0.001208 
3594.077967 0.001208 
3592.761013 0.001208 
3591.444058 0.001208 
3590.127103 0.001208 
3588.810149 0.001208 
3587.493194 0.000492 
3586.176239 0.001208 
3584.859285 0.001208 
3583.542330 0.001208 
3582.225375 0.001208 
3580.908421 0.001208 
3579.591466 0.001208 
3578.274512 0.001208 
3576.957557 0.001208 
3575.640602 0.001208 
3574.323648 0.001208 
3573.006693 0.001208 
3571.689738 0.001208 
3570.372784 0.001208 
3569.055829 0.001208 
3567.738874 0.001208 
3566.421920 0.001208 
3565.104965 0.001208 
3563.788010 0.002309 
3562.471056 0.001208 
3561.154101 0.001208 
3559.837146 0.002414 
3558.520192 0.002414 
3557.203237 0.002414 
3555.886282 0.002414 
3554.569328 0.002414 
3553.252373 0.002414 
3551.935418 0.002414 
3550.618464 0.002414 
3549.301509 0.002414 
3547.984555 0.002414 
3546.667600 0.002414 
3545.350645 0.003559 
3544.033691 0.002978 
3542.716736 0.003625 
3541.399781 0.003625 
3540.082827 0.003625 
3538.765872 0.003625 
3537.448917 0.003928 
3536.131963 0.004837 
3534.815008 0.003645 
3533.498053 0.003625 
3532.181099 0.003625 
3530.864144 0.003625 
3529.547189 0.004173 
3528.230235 0.004837 
3526.913280 0.005062 
3525.596325 0.006048 
3524.279371 0.006048 
3522.962416 0.006048 
3521.645461 0.006048 
3520.328507 0.007228 
3519.011552 0.007262 
3517.694598 0.007262 
3516.377643 0.007262 
3515.060688 0.007853 
3513.743734 0.008476 
3512.426779 0.008476 
3511.109824 0.009193 
3509.792870 0.009690 
3508.475915 0.009690 
3507.158960 0.010470 
3505.842006 0.010907 
3504.525051 0.010907 
3503.208096 0.010907 
3501.891142 0.012126 
3500.574187 0.012126 
3499.257232 0.013154 
3497.940278 0.013346 
3496.623323 0.013346 
3495.306368 0.014557 
3493.989414 0.014565 
3492.672459 0.015418 
3491.355505 0.015788 
3490.038550 0.016279 
3488.721595 0.017010 
3487.404641 0.017249 
3486.087686 0.018235 
3484.770731 0.019363 
3483.453777 0.019460 
3482.136822 0.020227 
3480.819867 0.020685 
3479.502913 0.021091 
3478.185958 0.021916 
3476.869003 0.023144 
3475.552049 0.023694 
3474.235094 0.024374 
3472.918139 0.024599 
3471.601185 0.025605 
3470.284230 0.026736 
3468.967275 0.027158 
3467.650321 0.028072 
3466.333366 0.028072 
3465.016411 0.029783 
3463.699457 0.030544 
3462.382502 0.030689 
3461.065548 0.031783 
3459.748593 0.032817 
3458.431638 0.033256 
3457.114684 0.034264 
3455.797729 0.035384 
3454.480774 0.035903 
3453.163820 0.037540 
3451.846865 0.039306 
3450.529910 0.040487 
3449.212956 0.041440 
3447.896001 0.042984 
3446.579046 0.043568 
3445.262092 0.045285 
3443.945137 0.045704 
3442.628182 0.047457 
3441.311228 0.047996 
3439.994273 0.049635 
3438.677318 0.051377 
3437.360364 0.051816 
3436.043409 0.053527 
3434.726454 0.055266 
3433.409500 0.055680 
3432.092545 0.057458 
3430.775591 0.059125 
3429.458636 0.060919 
3428.141681 0.061883 
3426.824727 0.063125 
3425.507772 0.064842 
3424.190817 0.066606 
3422.873863 0.068287 
3421.556908 0.070095 
3420.239953 0.070806 
3418.922999 0.072315 
3417.606044 0.074001 
3416.289089 0.076965 
3414.972135 0.078802 
3413.655180 0.076682 
3412.338225 0.079599 
3411.021271 0.085452 
3409.704316 0.087161 
3408.387361 0.089000 
3407.070407 0.090711 
3405.753452 0.092533 
3404.436497 0.094486 
3403.119543 0.098067 
3401.802588 0.100465 
3400.485634 0.103537 
3399.168679 0.105371 
3397.851724 0.108557 
3396.534770 0.110780 
3395.217815 0.113466 
3393.900860 0.115374 
3392.583906 0.118383 
3391.266951 0.121322 
3389.949996 0.124659 
3388.633042 0.126534 
3387.316087 0.129490 
3385.999132 0.132896 
3384.682178 0.134762 
3383.365223 0.135185 
3382.048268 0.137829 
3380.731314 0.144041 
3379.414359 0.147525 
3378.097404 0.149444 
3376.780450 0.153486 
3375.463495 0.152786 
3374.146541 0.160023 
3372.829586 0.165157 
3371.512631 0.168904 
3370.195677 0.172755 
3368.878722 0.176433 
3367.561767 0.181005 
3366.244813 0.185492 
3364.927858 0.189487 
3363.610903 0.193904 
3362.293949 0.199899 
3360.976994 0.204152 
3359.660039 0.210069 
3358.343085 0.214547 
3357.026130 0.220326 
3355.709175 0.225360 
3354.392221 0.232569 
3353.075266 0.238989 
3351.758311 0.246025 
3350.441357 0.251965 
3349.124402 0.258882 
3347.807447 0.267066 
3346.490493 0.273650 
3345.173538 0.282118 
3343.856584 0.290171 
3342.539629 0.298905 
3341.222674 0.307075 
3339.905720 0.315923 
3338.588765 0.324502 
3337.271810 0.334511 
3335.954856 0.343304 
3334.637901 0.352324 
3333.320946 0.362294 
3332.003992 0.373409 
3330.687037 0.383118 
3329.370082 0.394861 
3328.053128 0.404301 
3326.736173 0.416088 
3325.419218 0.427500 
3324.102264 0.438093 
3322.785309 0.448138 
3321.468354 0.460270 
3320.151400 0.471963 
3318.834445 0.482894 
3317.517490 0.494262 
3316.200536 0.505588 
3314.883581 0.516178 
3313.566627 0.528087 
3312.249672 0.538444 
3310.932717 0.551081 
3309.615763 0.561160 
3308.298808 0.572008 
3306.981853 0.582351 
3305.664899 0.593163 
3304.347944 0.603916 
3303.030989 0.612687 
3301.714035 0.622471 
3300.397080 0.632516 
3299.080125 0.641214 
3297.763171 0.649348 
3296.446216 0.660249 
3295.129261 0.668850 
3293.812307 0.675598 
3292.495352 0.683882 
3291.178397 0.691477 
3289.861443 0.699145 
3288.544488 0.706170 
3287.227534 0.713290 
3285.910579 0.719677 
3284.593624 0.727467 
3283.276670 0.733645 
3281.959715 0.737429 
3280.642760 0.743677 
3279.325806 0.749577 
3278.008851 0.755958 
3276.691896 0.760539 
3275.374942 0.763809 
3274.057987 0.769812 
3272.741032 0.774496 
3271.424078 0.777757 
3270.107123 0.783019 
3268.790168 0.786194 
3267.473214 0.789608 
3266.156259 0.794867 
3264.839304 0.798165 
3263.522350 0.801260 
3262.205395 0.804507 
3260.888440 0.807685 
3259.571486 0.810880 
3258.254531 0.814144 
3256.937577 0.814911 
3255.620622 0.818258 
3254.303667 0.821392 
3252.986713 0.824776 
3251.669758 0.826656 
3250.352803 0.828926 
3249.035849 0.832160 
3247.718894 0.833860 
3246.401939 0.836266 
3245.084985 0.837274 
3243.768030 0.838685 
3242.451075 0.841469 
3241.134121 0.844664 
3239.817166 0.845961 
3238.500211 0.848397 
3237.183257 0.848397 
3235.866302 0.850675 
3234.549347 0.853281 
3233.232393 0.853281 
3231.915438 0.855731 
3230.598483 0.856717 
3229.281529 0.858187 
3227.964574 0.858520 
3226.647620 0.860646 
3225.330665 0.860646 
3224.013710 0.861157 
3222.696756 0.863110 
3221.379801 0.863110 
3220.062846 0.863110 
3218.745892 0.863110 
3217.428937 0.863110 
3216.111982 0.863110 
3214.795028 0.863110 
3213.478073 0.863110 
3212.161118 0.861782 
3210.844164 0.860646 
3209.527209 0.860646 
3208.210254 0.859034 
3206.893300 0.855731 
3205.576345 0.854851 
3204.259390 0.853281 
3202.942436 0.850681 
3201.625481 0.847242 
3200.308527 0.844038 
3198.991572 0.840602 
3197.674617 0.837416 
3196.357663 0.831762 
3195.040708 0.828362 
3193.723753 0.823425 
3192.406799 0.819514 
3191.089844 0.812808 
3189.772889 0.808302 
3188.455935 0.802279 
3187.138980 0.796115 
3185.822025 0.789583 
3184.505071 0.781113 
3183.188116 0.773496 
3181.871161 0.766295 
3180.554207 0.759572 
3179.237252 0.750172 
3177.920297 0.740657 
3176.603343 0.731884 
3175.286388 0.722647 
3173.969433 0.713582 
3172.652479 0.702801 
3171.335524 0.692119 
3170.018570 0.682846 
3168.701615 0.671034 
3167.384660 0.659994 
3166.067706 0.648237 
3164.750751 0.638295 
3163.433796 0.625863 
3162.116842 0.614898 
3160.799887 0.603903 
3159.482932 0.593107 
3158.165978 0.580381 
3156.849023 0.570138 
3155.532068 0.558710 
3154.215114 0.547261 
3152.898159 0.534660 
3151.581204 0.524215 
3150.264250 0.512658 
3148.947295 0.502610 
3147.630340 0.490620 
3146.313386 0.479700 
3144.996431 0.467404 
3143.679476 0.458081 
3142.362522 0.446544 
3141.045567 0.437210 
3139.728613 0.426586 
3138.411658 0.416694 
3137.094703 0.406951 
3135.777749 0.396525 
3134.460794 0.387060 
3133.143839 0.377585 
3131.826885 0.367470 
3130.509930 0.358788 
3129.192975 0.349902 
3127.876021 0.342634 
3126.559066 0.333008 
3125.242111 0.325358 
3123.925157 0.317060 
3122.608202 0.308812 
3121.291247 0.301569 
3119.974293 0.294552 
3118.657338 0.287507 
3117.340383 0.280465 
3116.023429 0.274375 
3114.706474 0.267152 
3113.389520 0.260607 
3112.072565 0.254746 
3110.755610 0.249873 
3109.438656 0.243578 
3108.121701 0.237761 
3106.804746 0.232760 
3105.487792 0.227351 
3104.170837 0.222501 
3102.853882 0.218003 
3101.536928 0.212475 
3100.219973 0.207861 
3098.903018 0.203202 
3097.586064 0.199449 
3096.269109 0.195507 
3094.952154 0.191690 
3093.635200 0.187859 
3092.318245 0.183984 
3091.001290 0.180255 
3089.684336 0.176324 
3088.367381 0.172394 
3087.050426 0.170102 
3085.733472 0.166274 
3084.416517 0.163887 
3083.099563 0.160184 
3081.782608 0.157362 
3080.465653 0.154175 
3079.148699 0.152242 
3077.831744 0.149391 
3076.514789 0.147141 
3075.197835 0.144513 
3073.880880 0.142063 
3072.563925 0.139885 
3071.246971 0.137007 
3069.930016 0.135226 
3068.613061 0.132796 
3067.296107 0.130198 
3065.979152 0.128295 
3064.662197 0.126528 
3063.345243 0.124653 
3062.028288 0.122845 
3060.711333 0.120981 
3059.394379 0.119225 
3058.077424 0.117339 
3056.760469 0.115588 
3055.443515 0.115036 
3054.126560 0.113291 
3052.809606 0.111444 
3051.492651 0.109671 
3050.175696 0.108493 
3048.858742 0.107382 
3047.541787 0.105857 
3046.224832 0.105099 
3044.907878 0.103234 
3043.590923 0.101909 
3042.273968 0.100998 
3040.957014 0.100543 
3039.640059 0.098765 
3038.323104 0.097978 
3037.006150 0.096670 
3035.689195 0.096003 
3034.372240 0.095364 
3033.055286 0.094059 
3031.738331 0.093245 
3030.421376 0.092756 
3029.104422 0.092328 
3027.787467 0.091453 
3026.470513 0.091411 
3025.153558 0.090153 
3023.836603 0.090153 
3022.519649 0.090153 
3021.202694 0.090153 
3019.885739 0.088978 
3018.568785 0.088853 
3017.251830 0.089694 
3015.934875 0.090153 
3014.617921 0.090153 
3013.300966 0.091061 
3011.984011 0.091603 
3010.667057 0.093320 
3009.350102 0.095148 
3008.033147 0.096889 
3006.716193 0.099387 
3005.399238 0.102962 
3004.082283 0.106496 
3002.765329 0.111010 
3001.448374 0.118044 
3000.131419 0.125075 
2998.814465 0.133582 
2997.497510 0.141432 
2996.180556 0.152586 
2994.863601 0.162737 
2993.546646 0.173613 
2992.229692 0.185375 
2990.912737 0.196537 
2989.595782 0.206805 
2988.278828 0.215773 
2986.961873 0.222012 
2985.644918 0.225951 
2984.327964 0.227715 
2983.011009 0.227571 
2981.694054 0.224787 
2980.377100 0.220965 
2979.060145 0.215423 
2977.743190 0.210830 
2976.426236 0.206136 
2975.109281 0.202780 
2973.792326 0.201768 
2972.475372 0.203233 
2971.158417 0.206522 
2969.841462 0.212189 
2968.524508 0.220276 
2967.207553 0.229852 
2965.890599 0.241486 
2964.573644 0.253282 
2963.256689 0.264735 
2961.939735 0.276423 
2960.622780 0.286282 
2959.305825 0.294791 
2957.988871 0.301658 
2956.671916 0.305745 
2955.354961 0.308812 
2954.038007 0.309081 
2952.721052 0.308250 
2951.404097 0.306128 
2950.087143 0.304047 
2948.770188 0.301886 
2947.453233 0.299847 
2946.136279 0.297658 
2944.819324 0.296674 
2943.502369 0.295133 
2942.185415 0.294424 
2940.868460 0.293594 
2939.551506 0.291802 
2938.234551 0.289652 
2936.917596 0.288985 
2935.600642 0.285465 
2934.283687 0.283457 
2932.966732 0.281245 
2931.649778 0.277239 
2930.332823 0.274145 
2929.015868 0.270444 
2927.698914 0.266202 
2926.381959 0.262249 
2925.065004 0.258004 
2923.748050 0.254898 
2922.431095 0.251359 
2921.114140 0.247864 
2919.797186 0.244825 
2918.480231 0.240872 
2917.163276 0.238877 
2915.846322 0.236849 
2914.529367 0.233307 
2913.212412 0.231382 
2911.895458 0.229327 
2910.578503 0.227393 
2909.261549 0.225387 
2907.944594 0.223415 
2906.627639 0.221023 
2905.310685 0.218009 
2903.993730 0.214653 
2902.676775 0.211183 
2901.359821 0.208230 
2900.042866 0.204174 
2898.725911 0.201018 
2897.408957 0.197807 
2896.092002 0.194004 
2894.775047 0.190943 
2893.458093 0.187753 
2892.141138 0.183767 
2890.824183 0.181019 
2889.507229 0.177505 
2888.190274 0.173830 
2886.873319 0.171060 
2885.556365 0.167576 
2884.239410 0.164473 
2882.922455 0.161443 
2881.605501 0.157942 
2880.288546 0.155295 
2878.971592 0.152781 
2877.654637 0.149650 
2876.337682 0.147755 
2875.020728 0.145922 
2873.703773 0.144072 
2872.386818 0.142205 
2871.069864 0.140399 
2869.752909 0.138502 
2868.435954 0.137888 
2867.119000 0.136157 
2865.802045 0.135185 
2864.485090 0.133818 
2863.168136 0.132490 
2861.851181 0.132490 
2860.534226 0.131145 
2859.217272 0.131145 
2857.900317 0.130070 
2856.583362 0.129801 
2855.266408 0.129801 
2853.949453 0.131079 
2852.632498 0.131545 
2851.315544 0.133412 
2849.998589 0.135187 
2848.681635 0.137668 
2847.364680 0.142232 
2846.047725 0.148227 
2844.730771 0.156081 
2843.413816 0.166971 
2842.096861 0.180300 
2840.779907 0.197801 
2839.462952 0.216653 
2838.145997 0.239297 
2836.829043 0.261807 
2835.512088 0.285746 
2834.195133 0.304800 
2832.878179 0.321018 
2831.561224 0.331544 
2830.244269 0.334283 
2828.927315 0.331508 
2827.610360 0.320877 
2826.293405 0.304658 
2824.976451 0.285565 
2823.659496 0.266127 
2822.342542 0.247453 
2821.025587 0.231335 
2819.708632 0.217506 
2818.391678 0.204841 
2817.074723 0.195090 
2815.757768 0.185186 
2814.440814 0.178355 
2813.123859 0.170652 
2811.806904 0.163898 
2810.489950 0.158306 
2809.172995 0.153233 
2807.856040 0.148441 
2806.539086 0.144394 
2805.222131 0.139302 
2803.905176 0.135740 
2802.588222 0.131634 
2801.271267 0.127039 
2799.954312 0.123261 
2798.637358 0.119730 
2797.320403 0.116058 
2796.003448 0.112469 
2794.686494 0.108177 
2793.369539 0.103935 
2792.052585 0.100212 
2790.735630 0.096764 
2789.418675 0.093100 
2788.101721 0.089639 
2786.784766 0.086072 
2785.467811 0.081349 
2784.150857 0.078152 
2782.833902 0.075510 
2781.516947 0.071876 
2780.199993 0.068506 
2778.883038 0.064945 
2777.566083 0.061545 
2776.249129 0.058080 
2774.932174 0.055719 
2773.615219 0.052769 
2772.298265 0.050252 
2770.981310 0.046946 
2769.664355 0.044649 
2768.347401 0.042079 
2767.030446 0.040401 
2765.713491 0.038170 
2764.396537 0.035750 
2763.079582 0.034098 
2761.762628 0.032356 
2760.445673 0.030725 
2759.128718 0.028972 
2757.811764 0.027347 
2756.494809 0.025600 
2755.177854 0.023977 
2753.860900 0.023144 
2752.543945 0.021838 
2751.226990 0.020105 
2749.910036 0.019460 
2748.593081 0.017982 
2747.276126 0.017010 
2745.959172 0.015868 
2744.642217 0.015474 
2743.325262 0.014565 
2742.008308 0.013357 
2740.691353 0.012926 
2739.374398 0.012126 
2738.057444 0.011951 
2736.740489 0.010907 
2735.423535 0.010907 
2734.106580 0.009690 
2732.789625 0.009690 
2731.472671 0.008565 
2730.155716 0.008476 
2728.838761 0.008476 
2727.521807 0.007290 
2726.204852 0.007262 
2724.887897 0.006398 
2723.570943 0.006048 
2722.253988 0.006048 
2720.937033 0.006048 
2719.620079 0.005806 
2718.303124 0.004837 
2716.986169 0.004837 
2715.669215 0.004437 
2714.352260 0.003625 
2713.035305 0.003625 
2711.718351 0.003625 
2710.401396 0.003625 
2709.084441 0.003470 
2707.767487 0.002414 
2706.450532 0.002414 
2705.133578 0.002414 
2703.816623 0.002414 
2702.499668 0.002414 
2701.182714 0.002414 
2699.865759 0.002414 
2698.548804 0.002353 
2697.231850 0.001208 
2695.914895 0.001208 
2694.597940 0.001208 
2693.280986 0.001208 
2691.964031 0.001208 
2690.647076 0.001208 
2689.330122 0.001208 
2688.013167 0.001208 
2686.696212 0.001208 
2685.379258 0.001208 
2684.062303 0.001208 
2682.745348 0.001208 
2681.428394 0.001208 
2680.111439 0.000981 
2678.794484 0.000000 
2677.477530 0.001114 
2676.160575 0.000886 
2674.843621 0.000795 
2673.526666 0.000033 
2672.209711 0.001208 
2670.892757 0.001208 
2669.575802 0.001208 
2668.258847 0.001208 
2666.941893 0.001208 
2665.624938 0.001208 
2664.307983 0.001208 
2662.991029 0.001208 
2661.674074 0.001208 
2660.357119 0.001208 
2659.040165 0.002414 
2657.723210 0.002414 
2656.406255 0.002414 
2655.089301 0.002414 
2653.772346 0.002989 
2652.455391 0.003625 
2651.138437 0.003625 
2649.821482 0.004325 
2648.504528 0.004837 
2647.187573 0.005214 
2645.870618 0.006048 
2644.553664 0.006103 
2643.236709 0.007262 
2641.919754 0.007262 
2640.602800 0.008476 
2639.285845 0.008476 
2637.968890 0.009484 
2636.651936 0.009993 
2635.334981 0.010907 
2634.018026 0.010907 
2632.701072 0.012532 
2631.384117 0.013346 
2630.067162 0.013390 
2628.750208 0.014565 
2627.433253 0.015501 
2626.116298 0.016013 
2624.799344 0.017010 
2623.482389 0.018124 
2622.165434 0.018235 
2620.848480 0.018985 
2619.531525 0.019460 
2618.214571 0.020685 
2616.897616 0.020685 
2615.580661 0.021916 
2614.263707 0.021916 
2612.946752 0.021916 
2611.629797 0.022124 
2610.312843 0.023144 
2608.995888 0.023144 
2607.678933 0.023144 
2606.361979 0.023144 
2605.045024 0.023144 
2603.728069 0.023144 
2602.411115 0.024086 
2601.094160 0.024374 
2599.777205 0.024374 
2598.460251 0.024374 
2597.143296 0.024374 
2595.826341 0.024374 
2594.509387 0.024374 
2593.192432 0.024374 
2591.875477 0.024374 
2590.558523 0.023144 
2589.241568 0.023144 
2587.924614 0.023144 
2586.607659 0.023019 
2585.290704 0.021916 
2583.973750 0.021916 
2582.656795 0.021916 
2581.339840 0.021916 
2580.022886 0.021916 
2578.705931 0.021046 
2577.388976 0.021080 
2576.072022 0.021916 
2574.755067 0.021916 
2573.438112 0.021916 
2572.121158 0.021916 
2570.804203 0.021916 
2569.487248 0.023024 
2568.170294 0.023144 
2566.853339 0.023144 
2565.536384 0.024330 
2564.219430 0.024374 
2562.902475 0.024374 
2561.585521 0.024516 
2560.268566 0.025605 
2558.951611 0.025605 
2557.634657 0.025605 
2556.317702 0.025605 
2555.000747 0.026714 
2553.683793 0.026839 
2552.366838 0.026839 
2551.049883 0.026839 
2549.732929 0.028072 
2548.415974 0.028072 
2547.099019 0.028197 
2545.782065 0.029308 
2544.465110 0.029308 
2543.148155 0.029517 
2541.831201 0.030544 
2540.514246 0.030544 
2539.197291 0.030920 
2537.880337 0.031783 
2536.563382 0.031783 
2535.246427 0.031783 
2533.929473 0.031783 
2532.612518 0.033022 
2531.295564 0.033022 
2529.978609 0.033022 
2528.661654 0.033022 
2527.344700 0.033022 
2526.027745 0.031822 
2524.710790 0.032664 
2523.393836 0.031783 
2522.076881 0.031783 
2520.759926 0.031314 
2519.442972 0.030544 
2518.126017 0.030442 
2516.809062 0.029308 
2515.492108 0.029308 
2514.175153 0.028072 
2512.858198 0.027330 
2511.541244 0.026839 
2510.224289 0.025227 
2508.907334 0.024374 
2507.590380 0.023130 
2506.273425 0.021916 
2504.956470 0.021002 
2503.639516 0.019460 
2502.322561 0.018810 
2501.005607 0.017140 
2499.688652 0.016724 
2498.371697 0.015021 
2497.054743 0.014565 
2495.737788 0.013346 
2494.420833 0.012518 
2493.103879 0.012009 
2491.786924 0.010907 
2490.469969 0.009920 
2489.153015 0.009690 
2487.836060 0.009006 
2486.519105 0.008476 
2485.202151 0.008115 
2483.885196 0.008009 
2482.568241 0.007262 
2481.251287 0.007262 
2479.934332 0.007262 
2478.617377 0.007162 
2477.300423 0.006048 
2475.983468 0.006048 
2474.666514 0.006048 
2473.349559 0.006048 
2472.032604 0.006048 
2470.715650 0.006048 
2469.398695 0.006048 
2468.081740 0.006048 
2466.764786 0.006048 
2465.447831 0.006048 
2464.130876 0.006048 
2462.813922 0.006048 
2461.496967 0.006048 
2460.180012 0.006048 
2458.863058 0.006048 
2457.546103 0.006048 
2456.229148 0.006048 
2454.912194 0.006048 
2453.595239 0.006042 
2452.278284 0.005348 
2450.961330 0.006048 
2449.644375 0.004837 
2448.327420 0.004837 
2447.010466 0.004837 
2445.693511 0.004837 
2444.376557 0.004837 
2443.059602 0.004837 
2441.742647 0.004837 
2440.425693 0.004837 
2439.108738 0.004837 
2437.791783 0.004837 
2436.474829 0.004837 
2435.157874 0.004837 
2433.840919 0.004837 
2432.523965 0.004837 
2431.207010 0.003625 
2429.890055 0.003625 
2428.573101 0.003625 
2427.256146 0.003625 
2425.939191 0.003625 
2424.622237 0.003625 
2423.305282 0.003625 
2421.988327 0.002642 
2420.671373 0.002586 
2419.354418 0.002964 
2418.037463 0.002414 
2416.720509 0.002414 
2415.403554 0.002414 
2414.086600 0.002414 
2412.769645 0.001972 
2411.452690 0.002109 
2410.135736 0.002328 
2408.818781 0.001208 
2407.501826 0.001208 
2406.184872 0.001208 
2404.867917 0.001208 
2403.550962 0.001208 
2402.234008 0.001208 
2400.917053 0.001208 
2399.600098 0.001208 
2398.283144 0.001208 
2396.966189 0.001208 
2395.649234 0.001208 
2394.332280 0.001208 
2393.015325 0.001208 
2391.698370 0.001208 
2390.381416 0.001208 
2389.064461 0.001208 
2387.747507 0.001208 
2386.430552 0.001208 
2385.113597 0.001208 
2383.796643 0.001208 
2382.479688 0.001208 
2381.162733 0.001042 
2379.845779 0.000611 
2378.528824 0.001208 
2377.211869 0.001208 
2375.894915 0.001208 
2374.577960 0.001208 
2373.261005 0.001208 
2371.944051 0.001208 
2370.627096 0.001208 
2369.310141 0.001208 
2367.993187 0.001208 
2366.676232 0.001208 
2365.359277 0.001208 
2364.042323 0.001208 
2362.725368 0.001208 
2361.408413 0.000494 
2360.091459 0.001208 
2358.774504 0.000814 
2357.457550 0.000000 
2356.140595 0.000081 
2354.823640 0.001208 
2353.506686 0.001208 
2352.189731 0.000000 
2350.872776 0.000636 
2349.555822 0.001208 
2348.238867 0.000000 
2346.921912 0.000775 
2345.604958 0.000006 
2344.288003 0.000419 
2342.971048 0.001208 
2341.654094 0.001208 
2340.337139 0.001208 
2339.020184 0.001208 
2337.703230 0.000970 
2336.386275 0.000000 
2335.069320 0.001125 
2333.752366 0.000875 
2332.435411 0.000000 
2331.118456 0.001186 
2329.801502 0.001208 
2328.484547 0.000344 
2327.167593 0.000161 
2325.850638 0.000606 
2324.533683 0.001047 
2323.216729 0.001208 
2321.899774 0.001208 
2320.582819 0.001208 
2319.265865 0.001208 
2317.948910 0.001208 
2316.631955 0.001208 
2315.315001 0.001208 
2313.998046 0.001208 
2312.681091 0.001208 
2311.364137 0.001208 
2310.047182 0.001208 
2308.730227 0.001208 
2307.413273 0.001208 
2306.096318 0.001208 
2304.779363 0.001208 
2303.462409 0.001208 
2302.145454 0.001208 
2300.828499 0.001208 
2299.511545 0.001208 
2298.194590 0.001208 
2296.877636 0.001208 
2295.560681 0.001208 
2294.243726 0.001208 
2292.926772 0.001208 
2291.609817 0.001208 
2290.292862 0.001208 
2288.975908 0.001208 
2287.658953 0.001208 
2286.341998 0.001208 
2285.025044 0.001208 
2283.708089 0.001208 
2282.391134 0.001208 
2281.074180 0.001208 
2279.757225 0.001533 
2278.440270 0.002414 
2277.123316 0.002414 
2275.806361 0.002414 
2274.489406 0.002414 
2273.172452 0.002414 
2271.855497 0.002414 
2270.538543 0.002414 
2269.221588 0.003625 
2267.904633 0.003625 
2266.587679 0.003625 
2265.270724 0.003625 
2263.953769 0.003625 
2262.636815 0.003703 
2261.319860 0.004837 
2260.002905 0.004837 
2258.685951 0.004837 
2257.368996 0.004837 
2256.052041 0.004837 
2254.735087 0.006048 
2253.418132 0.006048 
2252.101177 0.006048 
2250.784223 0.006048 
2249.467268 0.006048 
2248.150313 0.007262 
2246.833359 0.007262 
2245.516404 0.007262 
2244.199449 0.007262 
2242.882495 0.007262 
2241.565540 0.007262 
2240.248586 0.007262 
2238.931631 0.007262 
2237.614676 0.007262 
2236.297722 0.007262 
2234.980767 0.007262 
2233.663812 0.007262 
2232.346858 0.007262 
2231.029903 0.007262 
2229.712948 0.007262 
2228.395994 0.007262 
2227.079039 0.007262 
2225.762084 0.006048 
2224.445130 0.006048 
2223.128175 0.006048 
2221.811220 0.004837 
2220.494266 0.004837 
2219.177311 0.004689 
2217.860356 0.003625 
2216.543402 0.003625 
2215.226447 0.002414 
2213.909492 0.002414 
2212.592538 0.002414 
2211.275583 0.002114 
2209.958629 0.001208 
2208.641674 0.001208 
2207.324719 0.001208 
2206.007765 0.001208 
2204.690810 0.001208 
2203.373855 0.001208 
2202.056901 0.001208 
2200.739946 0.000995 
2199.422991 0.000697 
2198.106037 0.001208 
2196.789082 0.000375 
2195.472127 0.001208 
2194.155173 0.000000 
2192.838218 0.000486 
2191.521263 0.001208 
2190.204309 0.001208 
2188.887354 0.000589 
2187.570399 0.001003 
2186.253445 0.001208 
2184.936490 0.001208 
2183.619536 0.001208 
2182.302581 0.001208 
2180.985626 0.001208 
2179.668672 0.001208 
2178.351717 0.001208 
2177.034762 0.001208 
2175.717808 0.001208 
2174.400853 0.001208 
2173.083898 0.001208 
2171.766944 0.001208 
2170.449989 0.001208 
2169.133034 0.001208 
2167.816080 0.000828 
2166.499125 0.000000 
2165.182170 0.000000 
2163.865216 0.000525 
2162.548261 0.001208 
2161.231306 0.001208 
2159.914352 0.001208 
2158.597397 0.000117 
2157.280442 0.000914 
2155.963488 0.000000 
2154.646533 0.001153 
2153.329579 0.001208 
2152.012624 0.001208 
2150.695669 0.001208 
2149.378715 0.001208 
2148.061760 0.001208 
2146.744805 0.001208 
2145.427851 0.001208 
2144.110896 0.001208 
2142.793941 0.001208 
2141.476987 0.001208 
2140.160032 0.001208 
2138.843077 0.001208 
2137.526123 0.001208 
2136.209168 0.001208 
2134.892213 0.001208 
2133.575259 0.001208 
2132.258304 0.001208 
2130.941349 0.001208 
2129.624395 0.001208 
2128.307440 0.001208 
2126.990485 0.001208 
2125.673531 0.001208 
2124.356576 0.001208 
2123.039622 0.001208 
2121.722667 0.000214 
2120.405712 0.001208 
2119.088758 0.001208 
2117.771803 0.000000 
2116.454848 0.000731 
2115.137894 0.001208 
2113.820939 0.001208 
2112.503984 0.000367 
2111.187030 0.001208 
2109.870075 0.001208 
2108.553120 0.001208 
2107.236166 0.001208 
2105.919211 0.001208 
2104.602256 0.001208 
2103.285302 0.001208 
2101.968347 0.001208 
2100.651392 0.001208 
2099.334438 0.001208 
2098.017483 0.001208 
2096.700529 0.001208 
2095.383574 0.001208 
2094.066619 0.001208 
2092.749665 0.001208 
2091.432710 0.001208 
2090.115755 0.000139 
2088.798801 0.001208 
2087.481846 0.001208 
2086.164891 0.001208 
2084.847937 0.001208 
2083.530982 0.001208 
2082.214027 0.001208 
2080.897073 0.001208 
2079.580118 0.001208 
2078.263163 0.001208 
2076.946209 0.001875 
2075.629254 0.002414 
2074.312299 0.002414 
2072.995345 0.002414 
2071.678390 0.002414 
2070.361435 0.002414 
2069.044481 0.002414 
2067.727526 0.002511 
2066.410572 0.003625 
2065.093617 0.003625 
2063.776662 0.003625 
2062.459708 0.003625 
2061.142753 0.003625 
2059.825798 0.004837 
2058.508844 0.004837 
2057.191889 0.004848 
2055.874934 0.006048 
2054.557980 0.006948 
2053.241025 0.007453 
2051.924070 0.008476 
2050.607116 0.008476 
2049.290161 0.009690 
2047.973206 0.010454 
2046.656252 0.010907 
2045.339297 0.012126 
2044.022342 0.012126 
2042.705388 0.013346 
2041.388433 0.013346 
2040.071478 0.013346 
2038.754524 0.013346 
2037.437569 0.012718 
2036.120615 0.012126 
2034.803660 0.011859 
2033.486705 0.010907 
2032.169751 0.009654 
2030.852796 0.008476 
2029.535841 0.007581 
2028.218887 0.007165 
2026.901932 0.005512 
2025.584977 0.004837 
2024.268023 0.004659 
2022.951068 0.003625 
2021.634113 0.002575 
2020.317159 0.002414 
2019.000204 0.002414 
2017.683249 0.002395 
2016.366295 0.001208 
2015.049340 0.001208 
2013.732385 0.001208 
2012.415431 0.001208 
2011.098476 0.001208 
2009.781522 0.001208 
2008.464567 0.001208 
2007.147612 0.001208 
2005.830658 0.001208 
2004.513703 0.001208 
2003.196748 0.001208 
2001.879794 0.001208 
2000.562839 0.001208 
1999.245884 0.001208 
1997.928930 0.001208 
1996.611975 0.001208 
1995.295020 0.000961 
1993.978066 0.000700 
1992.661111 0.001208 
1991.344156 0.001208 
1990.027202 0.001208 
1988.710247 0.001208 
1987.393292 0.001208 
1986.076338 0.001208 
1984.759383 0.001039 
1983.442428 0.000000 
1982.125474 0.000000 
1980.808519 0.001208 
1979.491565 0.001208 
1978.174610 0.001208 
1976.857655 0.001208 
1975.540701 0.000322 
1974.223746 0.001208 
1972.906791 0.001208 
1971.589837 0.001208 
1970.272882 0.000169 
1968.955927 0.001208 
1967.638973 0.001208 
1966.322018 0.001208 
1965.005063 0.001208 
1963.688109 0.000014 
1962.371154 0.001208 
1961.054199 0.001208 
1959.737245 0.000083 
1958.420290 0.001208 
1957.103335 0.001208 
1955.786381 0.001208 
1954.469426 0.001208 
1953.152471 0.001208 
1951.835517 0.001208 
1950.518562 0.001208 
1949.201608 0.001208 
1947.884653 0.001208 
1946.567698 0.000322 
1945.250744 0.001028 
1943.933789 0.000564 
1942.616834 0.001208 
1941.299880 0.001208 
1939.982925 0.001208 
1938.665970 0.001208 
1937.349016 0.001208 
1936.032061 0.001208 
1934.715106 0.001208 
1933.398152 0.001208 
1932.081197 0.001208 
1930.764242 0.001208 
1929.447288 0.001208 
1928.130333 0.001208 
1926.813378 0.001208 
1925.496424 0.001208 
1924.179469 0.001208 
1922.862515 0.001208 
1921.545560 0.001208 
1920.228605 0.001208 
1918.911651 0.001208 
1917.594696 0.001208 
1916.277741 0.001208 
1914.960787 0.001208 
1913.643832 0.001208 
1912.326877 0.001208 
1911.009923 0.001208 
1909.692968 0.001208 
1908.376013 0.001208 
1907.059059 0.001208 
1905.742104 0.001208 
1904.425149 0.001208 
1903.108195 0.001208 
1901.791240 0.001208 
1900.474285 0.001208 
1899.157331 0.001208 
1897.840376 0.001208 
1896.523421 0.001208 
1895.206467 0.001208 
1893.889512 0.001208 
1892.572558 0.001208 
1891.255603 0.001208 
1889.938648 0.001208 
1888.621694 0.001208 
1887.304739 0.001208 
1885.987784 0.001208 
1884.670830 0.001208 
1883.353875 0.001208 
1882.036920 0.001208 
1880.719966 0.001208 
1879.403011 0.001208 
1878.086056 0.001208 
1876.769102 0.001208 
1875.452147 0.001208 
1874.135192 0.001208 
1872.818238 0.001208 
1871.501283 0.001208 
1870.184328 0.001208 
1868.867374 0.001208 
1867.550419 0.001208 
1866.233464 0.001208 
1864.916510 0.001208 
1863.599555 0.001208 
1862.282601 0.001208 
1860.965646 0.001208 
1859.648691 0.001208 
1858.331737 0.001208 
1857.014782 0.001208 
1855.697827 0.001208 
1854.380873 0.001208 
1853.063918 0.001208 
1851.746963 0.001272 
1850.430009 0.001920 
1849.113054 0.001208 
1847.796099 0.001208 
1846.479145 0.001836 
1845.162190 0.001403 
1843.845235 0.001208 
1842.528281 0.001975 
1841.211326 0.001222 
1839.894371 0.002006 
1838.577417 0.001208 
1837.260462 0.002414 
1835.943508 0.002414 
1834.626553 0.002414 
1833.309598 0.002414 
1831.992644 0.002414 
1830.675689 0.001308 
1829.358734 0.002414 
1828.041780 0.002414 
1826.724825 0.002414 
1825.407870 0.002414 
1824.090916 0.002414 
1822.773961 0.002414 
1821.457006 0.002414 
1820.140052 0.002414 
1818.823097 0.002414 
1817.506142 0.002414 
1816.189188 0.002414 
1814.872233 0.002414 
1813.555278 0.002414 
1812.238324 0.002414 
1810.921369 0.002414 
1809.604414 0.002414 
1808.287460 0.002414 
1806.970505 0.002414 
1805.653551 0.002414 
1804.336596 0.002414 
1803.019641 0.002414 
1801.702687 0.002414 
1800.385732 0.002414 
1799.068777 0.002414 
1797.751823 0.002414 
1796.434868 0.002414 
1795.117913 0.002414 
1793.800959 0.002414 
1792.484004 0.002414 
1791.167049 0.002414 
1789.850095 0.002414 
1788.533140 0.002414 
1787.216185 0.002414 
1785.899231 0.002414 
1784.582276 0.002414 
1783.265321 0.002414 
1781.948367 0.002414 
1780.631412 0.002414 
1779.314457 0.002414 
1777.997503 0.002414 
1776.680548 0.002414 
1775.363594 0.002414 
1774.046639 0.002414 
1772.729684 0.002414 
1771.412730 0.002414 
1770.095775 0.002414 
1768.778820 0.002414 
1767.461866 0.002414 
1766.144911 0.002414 
1764.827956 0.002414 
1763.511002 0.002414 
1762.194047 0.002414 
1760.877092 0.002414 
1759.560138 0.002414 
1758.243183 0.002414 
1756.926228 0.002867 
1755.609274 0.002789 
1754.292319 0.002414 
1752.975364 0.002986 
1751.658410 0.002606 
1750.341455 0.002414 
1749.024501 0.002414 
1747.707546 0.002414 
1746.390591 0.003625 
1745.073637 0.003625 
1743.756682 0.003573 
1742.439727 0.002850 
1741.122773 0.003625 
1739.805818 0.003625 
1738.488863 0.003625 
1737.171909 0.003625 
1735.854954 0.003625 
1734.537999 0.003625 
1733.221045 0.003625 
1731.904090 0.003625 
1730.587135 0.003625 
1729.270181 0.003625 
1727.953226 0.003625 
1726.636271 0.003625 
1725.319317 0.003625 
1724.002362 0.003625 
1722.685407 0.003625 
1721.368453 0.003625 
1720.051498 0.003625 
1718.734544 0.003625 
1717.417589 0.003625 
1716.100634 0.003625 
1714.783680 0.003648 
1713.466725 0.004312 
1712.149770 0.004534 
1710.832816 0.003828 
1709.515861 0.004837 
1708.198906 0.004837 
1706.881952 0.004837 
1705.564997 0.004837 
1704.248042 0.004837 
1702.931088 0.004837 
1701.614133 0.004837 
1700.297178 0.004837 
1698.980224 0.004837 
1697.663269 0.004837 
1696.346314 0.004837 
1695.029360 0.004837 
1693.712405 0.004837 
1692.395450 0.005206 
1691.078496 0.006048 
1689.761541 0.004837 
1688.444587 0.005267 
1687.127632 0.006048 
1685.810677 0.004837 
1684.493723 0.005384 
1683.176768 0.006048 
1681.859813 0.006048 
1680.542859 0.006048 
1679.225904 0.006048 
1677.908949 0.006048 
1676.591995 0.006048 
1675.275040 0.006078 
1673.958085 0.006801 
1672.641131 0.006048 
1671.324176 0.007262 
1670.007221 0.007262 
1668.690267 0.007262 
1667.373312 0.007262 
1666.056357 0.007262 
1664.739403 0.007262 
1663.422448 0.007262 
1662.105493 0.008104 
1660.788539 0.008476 
1659.471584 0.008476 
1658.154630 0.008476 
1656.837675 0.008476 
1655.520720 0.008476 
1654.203766 0.008476 
1652.886811 0.008476 
1651.569856 0.008476 
1650.252902 0.008476 
1648.935947 0.009690 
1647.618992 0.009690 
1646.302038 0.008595 
1644.985083 0.009690 
1643.668128 0.009690 
1642.351174 0.009690 
1641.034219 0.009690 
1639.717264 0.010765 
1638.400310 0.010637 
1637.083355 0.010440 
1635.766400 0.010907 
1634.449446 0.010907 
1633.132491 0.010907 
1631.815537 0.012126 
1630.498582 0.011582 
1629.181627 0.011904 
1627.864673 0.012126 
1626.547718 0.012126 
1625.230763 0.012126 
1623.913809 0.012126 
1622.596854 0.012943 
1621.279899 0.013346 
1619.962945 0.013346 
1618.645990 0.013346 
1617.329035 0.013443 
1616.012081 0.014565 
1614.695126 0.014565 
1613.378171 0.014565 
1612.061217 0.014565 
1610.744262 0.013407 
1609.427307 0.014565 
1608.110353 0.015365 
1606.793398 0.015788 
1605.476443 0.015788 
1604.159489 0.015788 
1602.842534 0.015788 
1601.525580 0.016368 
1600.208625 0.017010 
1598.891670 0.017010 
1597.574716 0.017010 
1596.257761 0.017010 
1594.940806 0.017363 
1593.623852 0.018235 
1592.306897 0.018235 
1590.989942 0.018235 
1589.672988 0.018235 
1588.356033 0.018410 
1587.039078 0.019460 
1585.722124 0.019460 
1584.405169 0.019460 
1583.088214 0.020210 
1581.771260 0.020685 
1580.454305 0.020685 
1579.137350 0.020685 
1577.820396 0.021819 
1576.503441 0.021227 
1575.186486 0.021916 
1573.869532 0.022094 
1572.552577 0.023144 
1571.235623 0.023144 
1569.918668 0.023144 
1568.601713 0.023880 
1567.284759 0.024374 
1565.967804 0.024374 
1564.650849 0.025263 
1563.333895 0.025605 
1562.016940 0.025605 
1560.699985 0.025605 
1559.383031 0.025605 
1558.066076 0.026264 
1556.749121 0.026839 
1555.432167 0.026839 
1554.115212 0.027639 
1552.798257 0.028075 
1551.481303 0.029308 
1550.164348 0.029308 
1548.847393 0.029497 
1547.530439 0.030544 
1546.213484 0.030544 
1544.896530 0.030797 
1543.579575 0.031783 
1542.262620 0.031783 
1540.945666 0.032134 
1539.628711 0.033022 
1538.311756 0.034250 
1536.994802 0.034264 
1535.677847 0.035162 
1534.360892 0.035678 
1533.043938 0.036748 
1531.726983 0.037834 
1530.410028 0.038256 
1529.093074 0.039240 
1527.776119 0.040393 
1526.459164 0.040912 
1525.142210 0.042557 
1523.825255 0.043079 
1522.508300 0.044726 
1521.191346 0.046474 
1519.874391 0.048171 
1518.557436 0.049932 
1517.240482 0.051588 
1515.923527 0.053377 
1514.606573 0.055038 
1513.289618 0.058094 
1511.972663 0.059761 
1510.655709 0.062434 
1509.338754 0.064584 
1508.021799 0.067512 
1506.704845 0.070284 
1505.387890 0.072407 
1504.070935 0.076010 
1502.753981 0.078429 
1501.437026 0.080135 
1500.120071 0.081919 
1498.803117 0.083666 
1497.486162 0.085413 
1496.169207 0.087205 
1494.852253 0.088853 
1493.535298 0.089455 
1492.218343 0.091169 
1490.901389 0.093014 
1489.584434 0.094806 
1488.267479 0.096581 
1486.950525 0.098342 
1485.633570 0.101034 
1484.316616 0.103201 
1482.999661 0.105596 
1481.682706 0.109066 
1480.365752 0.112638 
1479.048797 0.114983 
1477.731842 0.117575 
1476.414888 0.119100 
1475.097933 0.119900 
1473.780978 0.120430 
1472.464024 0.121767 
1471.147069 0.122636 
1469.830114 0.125962 
1468.513160 0.129495 
1467.196205 0.133251 
1465.879250 0.136863 
1464.562296 0.139899 
1463.245341 0.142916 
1461.928386 0.144669 
1460.611432 0.145469 
1459.294477 0.146030 
1457.977523 0.145591 
1456.660568 0.143705 
1455.343613 0.141952 
1454.026659 0.141391 
1452.709704 0.140596 
1451.392749 0.139241 
1450.075795 0.139952 
1448.758840 0.140596 
1447.441885 0.142302 
1446.124931 0.143310 
1444.807976 0.144658 
1443.491021 0.142844 
1442.174067 0.139982 
1440.857112 0.134929 
1439.540157 0.127334 
1438.223203 0.120292 
1436.906248 0.114341 
1435.589293 0.109113 
1434.272339 0.104751 
1432.955384 0.101554 
1431.638429 0.098865 
1430.321475 0.096698 
1429.004520 0.094848 
1427.687566 0.093131 
1426.370611 0.091283 
1425.053656 0.089572 
1423.736702 0.088853 
1422.419747 0.087322 
1421.102792 0.085544 
1419.785838 0.084963 
1418.468883 0.083669 
1417.151928 0.082833 
1415.834974 0.081085 
1414.518019 0.080593 
1413.201064 0.079796 
1411.884110 0.078357 
1410.567155 0.077221 
1409.250200 0.076129 
1407.933246 0.074412 
1406.616291 0.073368 
1405.299336 0.072215 
1403.982382 0.070401 
1402.665427 0.068717 
1401.348472 0.065634 
1400.031518 0.063906 
1398.714563 0.062156 
1397.397609 0.060325 
1396.080654 0.057425 
1394.763699 0.055758 
1393.446745 0.053649 
1392.129790 0.051049 
1390.812835 0.049268 
1389.495881 0.047615 
1388.178926 0.045876 
1386.861971 0.044182 
1385.545017 0.042984 
1384.228062 0.041057 
1382.911107 0.040487 
1381.594153 0.040487 
1380.277198 0.040487 
1378.960243 0.039240 
1377.643289 0.039240 
1376.326334 0.038026 
1375.009379 0.037590 
1373.692425 0.035870 
1372.375470 0.035350 
1371.058516 0.034264 
1369.741561 0.033217 
1368.424606 0.033022 
1367.107652 0.032345 
1365.790697 0.031783 
1364.473742 0.031783 
1363.156788 0.031783 
1361.839833 0.031783 
1360.522878 0.031783 
1359.205924 0.032645 
1357.888969 0.034403 
1356.572014 0.035506 
1355.255060 0.036556 
1353.938105 0.035728 
1352.621150 0.036028 
1351.304196 0.035506 
1349.987241 0.033875 
1348.670286 0.033022 
1347.353332 0.032964 
1346.036377 0.031783 
1344.719422 0.029911 
1343.402468 0.030544 
1342.085513 0.030544 
1340.768559 0.029517 
1339.451604 0.028072 
1338.134649 0.027375 
1336.817695 0.025630 
1335.500740 0.025236 
1334.183785 0.024374 
1332.866831 0.023144 
1331.549876 0.022666 
1330.232921 0.021916 
1328.915967 0.021916 
1327.599012 0.021299 
1326.282057 0.020685 
1324.965103 0.020685 
1323.648148 0.019935 
1322.331193 0.019460 
1321.014239 0.019460 
1319.697284 0.019460 
1318.380329 0.018235 
1317.063375 0.018235 
1315.746420 0.018235 
1314.429465 0.018027 
1313.112511 0.017010 
1311.795556 0.017010 
1310.478602 0.016710 
1309.161647 0.015788 
1307.844692 0.015788 
1306.527738 0.015332 
1305.210783 0.014565 
1303.893828 0.014565 
1302.576874 0.014565 
1301.259919 0.014565 
1299.942964 0.013346 
1298.626010 0.013346 
1297.309055 0.013346 
1295.992100 0.012971 
1294.675146 0.012126 
1293.358191 0.012126 
1292.041236 0.012126 
1290.724282 0.012126 
1289.407327 0.010907 
1288.090372 0.010907 
1286.773418 0.010907 
1285.456463 0.010712 
1284.139509 0.009690 
1282.822554 0.009690 
1281.505599 0.009690 
1280.188645 0.009690 
1278.871690 0.009656 
1277.554735 0.008476 
1276.237781 0.008476 
1274.920826 0.008370 
1273.603871 0.007262 
1272.286917 0.007262 
1270.969962 0.007262 
1269.653007 0.007262 
1268.336053 0.006092 
1267.019098 0.006048 
1265.702143 0.006048 
1264.385189 0.006048 
1263.068234 0.006048 
1261.751279 0.006048 
1260.434325 0.006048 
1259.117370 0.006048 
1257.800415 0.006048 
1256.483461 0.004837 
1255.166506 0.004837 
1253.849552 0.004837 
1252.532597 0.004837 
1251.215642 0.004837 
1249.898688 0.004837 
1248.581733 0.004331 
1247.264778 0.003625 
1245.947824 0.003625 
1244.630869 0.003625 
1243.313914 0.003625 
1241.996960 0.003353 
1240.680005 0.003164 
1239.363050 0.003581 
1238.046096 0.002842 
1236.729141 0.003625 
1235.412186 0.002884 
1234.095232 -0.002109 
1232.778277 0.002200 
1231.461322 0.002414 
1230.144368 0.002414 
1228.827413 0.002414 
1227.510458 0.002064 
1226.193504 0.002020 
1224.876549 0.001208 
1223.559595 0.001208 
1222.242640 0.001208 
1220.925685 0.001208 
1219.608731 0.001208 
1218.291776 0.001208 
1216.974821 0.001208 
1215.657867 0.001208 
1214.340912 0.001208 
1213.023957 0.001208 
1211.707003 0.000411 
1210.390048 0.001208 
1209.073093 0.001208 
1207.756139 0.001208 
1206.439184 0.001208 
1205.122229 0.001208 
1203.805275 0.000142 
1202.488320 0.000256 
1201.171365 0.001208 
1199.854411 0.001208 
1198.537456 0.001208 
1197.220502 0.000386 
1195.903547 0.000117 
1194.586592 0.001208 
1193.269638 0.001208 
1191.952683 0.000000 
1190.635728 0.000000 
1189.318774 0.000000 
1188.001819 0.000267 
1186.684864 0.001208 
1185.367910 0.001208 
1184.050955 0.001208 
1182.734000 0.001208 
1181.417046 0.001208 
1180.100091 0.001208 
1178.783136 0.001208 
1177.466182 0.001208 
1176.149227 0.001208 
1174.832272 0.001208 
1173.515318 0.001208 
1172.198363 0.001208 
1170.881408 0.001208 
1169.564454 0.001208 
1168.247499 0.001208 
1166.930545 0.001300 
1165.613590 0.002414 
1164.296635 0.003386 
1162.979681 0.003625 
1161.662726 0.004275 
1160.345771 0.004837 
1159.028817 0.005164 
1157.711862 0.006048 
1156.394907 0.006042 
1155.077953 0.005270 
1153.760998 0.005153 
1152.444043 0.004837 
1151.127089 0.004837 
1149.810134 0.005901 
1148.493179 0.007512 
1147.176225 0.009181 
1145.859270 0.011982 
1144.542315 0.015615 
1143.225361 0.020719 
1141.908406 0.028019 
1140.591451 0.035562 
1139.274497 0.043773 
1137.957542 0.052485 
1136.640588 0.059403 
1135.323633 0.065228 
1134.006678 0.068801 
1132.689724 0.070806 
1131.372769 0.071993 
1130.055814 0.072087 
1128.738860 0.071240 
1127.421905 0.069429 
1126.104950 0.067748 
1124.787996 0.065967 
1123.471041 0.064064 
1122.154086 0.061192 
1120.837132 0.058428 
1119.520177 0.055200 
1118.203222 0.052783 
1116.886268 0.049218 
1115.569313 0.045913 
1114.252358 0.041537 
1112.935404 0.037751 
1111.618449 0.032686 
1110.301494 0.026600 
1108.984540 0.020057 
1107.667585 0.013837 
1106.350631 0.009826 
1105.033676 0.006614 
1103.716721 0.004050 
1102.399767 0.002414 
1101.082812 0.001208 
1099.765857 0.001208 
1098.448903 0.001208 
1097.131948 0.000642 
1095.814993 0.000947 
1094.498039 0.000964 
1093.181084 0.000697 
1091.864129 0.001208 
1090.547175 0.001208 
1089.230220 0.001208 
1087.913265 0.001208 
1086.596311 0.001695 
1085.279356 0.002414 
1083.962401 0.002414 
1082.645447 0.002414 
1081.328492 0.003453 
1080.011538 0.003625 
1078.694583 0.004359 
1077.377628 0.004837 
1076.060674 0.005248 
1074.743719 0.006048 
1073.426764 0.007262 
1072.109810 0.007737 
1070.792855 0.009429 
1069.475900 0.009840 
1068.158946 0.010907 
1066.841991 0.011954 
1065.525036 0.013582 
1064.208082 0.015288 
1062.891127 0.017032 
1061.574172 0.019860 
1060.257218 0.022441 
1058.940263 0.025752 
1057.623308 0.029625 
1056.306354 0.034737 
1054.989399 0.041257 
1053.672444 0.051388 
1052.355490 0.065200 
1051.038535 0.091806 
1049.721581 0.132687 
1048.404626 0.185989 
1047.087671 0.240122 
1045.770717 0.292938 
1044.453762 0.339131 
1043.136807 0.385213 
1041.819853 0.429723 
1040.502898 0.479555 
1039.185943 0.527851 
1037.868989 0.583406 
1036.552034 0.638675 
1035.235079 0.696608 
1033.918125 0.756097 
1032.601170 0.815353 
1031.284215 0.869307 
1029.967261 0.920579 
1028.650306 0.962113 
1027.333351 0.990819 
1026.016397 1.000000 
1024.699442 0.981126 
1023.382487 0.937319 
1022.065533 0.852937 
1020.748578 0.731739 
1019.431624 0.580662 
1018.114669 0.432717 
1016.797714 0.296502 
1015.480760 0.203383 
1014.163805 0.147297 
1012.846850 0.114074 
1011.529896 0.096253 
1010.212941 0.084294 
1008.895986 0.075268 
1007.579032 0.064934 
1006.262077 0.055236 
1004.945122 0.047585 
1003.628168 0.038429 
1002.311213 0.031592 
1000.994258 0.026405 
999.677304 0.021219 
998.360349 0.017340 
997.043394 0.014276 
995.726440 0.011879 
994.409485 0.009726 
993.092531 0.008476 
991.775576 0.007631 
990.458621 0.006048 
989.141667 0.005534 
987.824712 0.004837 
986.507757 0.004645 
985.190803 0.003625 
983.873848 0.003625 
982.556893 0.003320 
981.239939 0.002414 
979.922984 0.002414 
978.606029 0.002414 
977.289075 0.001547 
975.972120 0.001208 
974.655165 0.001208 
973.338211 0.001208 
972.021256 0.001208 
970.704301 0.001208 
969.387347 0.001208 
968.070392 0.001208 
966.753437 0.001208 
965.436483 0.000006 
964.119528 0.001208 
962.802574 0.001208 
961.485619 0.000119 
960.168664 0.001208 
958.851710 0.000203 
957.534755 0.001208 
956.217800 0.000525 
954.900846 0.001120 
953.583891 0.001208 
952.266936 0.001208 
950.949982 0.001208 
949.633027 0.001208 
948.316072 0.001208 
946.999118 0.001208 
945.682163 0.001208 
944.365208 0.001208 
943.048254 0.001208 
941.731299 0.001208 
940.414344 0.002359 
939.097390 0.001589 
937.780435 0.001595 
936.463480 0.002414 
935.146526 0.002414 
933.829571 0.002414 
932.512617 0.002414 
931.195662 0.003025 
929.878707 0.003625 
928.561753 0.003625 
927.244798 0.003625 
925.927843 0.003625 
924.610889 0.003625 
923.293934 0.003625 
921.976979 0.004837 
920.660025 0.004837 
919.343070 0.004837 
918.026115 0.006048 
916.709161 0.006048 
915.392206 0.006048 
914.075251 0.006367 
912.758297 0.007262 
911.441342 0.007262 
910.124387 0.007262 
908.807433 0.007262 
907.490478 0.007362 
906.173524 0.008476 
904.856569 0.009468 
903.539614 0.009690 
902.222660 0.009690 
900.905705 0.009690 
899.588750 0.010907 
898.271796 0.010907 
896.954841 0.010912 
895.637886 0.012126 
894.320932 0.013026 
893.003977 0.013346 
891.687022 0.013346 
890.370068 0.014365 
889.053113 0.014812 
887.736158 0.015788 
886.419204 0.015788 
885.102249 0.017010 
883.785294 0.017824 
882.468340 0.018274 
881.151385 0.019460 
879.834430 0.020388 
878.517476 0.020685 
877.200521 0.020685 
875.883567 0.021744 
874.566612 0.022188 
873.249657 0.023144 
871.932703 0.024319 
870.615748 0.024763 
869.298793 0.026447 
867.981839 0.026839 
866.664884 0.027353 
865.347929 0.029042 
864.030975 0.029486 
862.714020 0.030544 
861.397065 0.031633 
860.080111 0.032081 
858.763156 0.033773 
857.446201 0.034264 
856.129247 0.035506 
854.812292 0.036384 
853.495337 0.036914 
852.178383 0.039240 
850.861428 0.039240 
849.544473 0.040690 
848.227519 0.041734 
846.910564 0.042854 
845.593610 0.044235 
844.276655 0.045021 
842.959700 0.046727 
841.642746 0.046740 
840.325791 0.047649 
839.008836 0.049368 
837.691882 0.050507 
836.374927 0.051538 
835.057972 0.052002 
833.741018 0.053722 
832.424063 0.054288 
831.107108 0.055552 
829.790154 0.056372 
828.473199 0.056839 
827.156244 0.058561 
825.839290 0.059347 
824.522335 0.060614 
823.205380 0.061214 
821.888426 0.062947 
820.571471 0.063420 
819.254517 0.065156 
817.937562 0.065700 
816.620607 0.066976 
815.303653 0.067826 
813.986698 0.069529 
812.669743 0.070034 
811.352789 0.070806 
810.035834 0.072087 
808.718879 0.072723 
807.401925 0.074476 
806.084970 0.074937 
804.768015 0.076693 
803.451061 0.077221 
802.134106 0.078927 
800.817151 0.079796 
799.500197 0.081085 
798.183242 0.081627 
796.866287 0.083391 
795.549333 0.083858 
794.232378 0.084963 
792.915423 0.084963 
791.598469 0.087555 
790.281514 0.088350 
788.964560 0.088853 
787.647605 0.090597 
786.330650 0.091453 
785.013696 0.092756 
783.696741 0.093331 
782.379786 0.095109 
781.062832 0.095589 
779.745877 0.096670 
778.428922 0.097845 
777.111968 0.099287 
775.795013 0.100112 
774.478058 0.101909 
773.161104 0.102387 
771.844149 0.104182 
770.527194 0.104665 
769.210240 0.106460 
767.893285 0.107174 
766.576330 0.108493 
765.259376 0.109224 
763.942421 0.111035 
762.625466 0.111513 
761.308512 0.112460 
759.991557 0.113810 
758.674603 0.115111 
757.357648 0.116100 
756.040693 0.116591 
754.723739 0.118408 
753.406784 0.119100 
752.089829 0.120430 
750.772875 0.121197 
749.455920 0.121767 
748.138965 0.123506 
746.822011 0.124436 
745.505056 0.125775 
744.188101 0.126317 
742.871147 0.127114 
741.554192 0.128631 
740.237237 0.129801 
738.920283 0.130962 
737.603328 0.131145 
736.286373 0.132754 
734.969419 0.132545 
733.652464 0.134279 
732.335510 0.134251 
731.018555 0.135185 
729.701600 0.135760 
728.384646 0.136538 
727.067691 0.137888 
725.750736 0.137888 
724.433782 0.137888 
723.116827 0.138227 
721.799872 0.139241 
720.482918 0.139241 
719.165963 0.139241 
717.849008 0.139241 
716.532054 0.139241 
715.215099 0.139241 
713.898144 0.139241 
712.581190 0.139241 
711.264235 0.138513 
709.947280 0.137888 
708.630326 0.137524 
707.313371 0.136538 
705.996416 0.136538 
704.679462 0.136043 
703.362507 0.135185 
702.045553 0.133837 
700.728598 0.132584 
699.411643 0.131145 
698.094689 0.129542 
696.777734 0.127706 
695.460779 0.125875 
694.143825 0.125389 
692.826870 0.122695 
691.509915 0.121711 
690.192961 0.118583 
688.876006 0.116766 
687.559051 0.113633 
686.242097 0.111821 
684.925142 0.108893 
683.608187 0.106621 
682.291233 0.103009 
680.974278 0.100670 
679.657323 0.098653 
678.340369 0.096912 
677.023414 0.094661 
675.706459 0.091933 
674.389505 0.089789 
673.072550 0.087455 
671.755596 0.084883 
670.438641 0.082877 
669.121686 0.080605 
667.804732 0.078610 
666.487777 0.076085 
665.170822 0.074162 
663.853868 0.071545 
662.536913 0.069498 
661.219958 0.066656 
659.903004 0.063881 
658.586049 0.062178 
657.269094 0.060100 
655.952140 0.058475 
654.635185 0.056177 
653.318230 0.054461 
652.001276 0.052788 
650.684321 0.050463 
649.367366 0.048827 
648.050412 0.047249 
646.733457 0.045668 
645.416503 0.044110 
644.099548 0.042446 
642.782593 0.040679 
641.465639 0.039423 
640.148684 0.038117 
638.831729 0.037087 
637.514775 0.034956 
636.197820 0.034214 
634.880865 0.032714 
633.563911 0.031800 
632.246956 0.030644 
630.930001 0.029108 
629.613047 0.028347 
628.296092 0.027503 
626.979137 0.026250 
625.662183 0.025811 
624.345228 0.024822 
623.028273 0.023919 
621.711319 0.022691 
620.394364 0.022163 
619.077409 0.021713 
617.760455 0.020824 
616.443500 0.020480 
615.126546 0.020013 
613.809591 0.019166 
612.492636 0.019424 
611.175682 0.017882 
609.858727 0.017549 
608.541772 0.017199 
607.224818 0.016265 
605.907863 0.015921 
604.590908 0.014965 
603.273954 0.014774 
601.956999 0.014454 
600.640044 0.014132 
599.323090 0.013421 
598.006135 0.013468 
596.689180 0.013137 
595.372226 0.012871 
594.055271 0.011926 
592.738316 0.011637 
591.421362 0.011407 
590.104407 0.011626 
588.787452 0.010809 
587.470498 0.010504 
586.153543 0.010412 
584.836589 0.009840 
583.519634 0.009098 
582.202679 0.009098 
580.885725 0.008751 
579.568770 0.007676 
578.251815 0.007890 
576.934861 0.008159 
575.617906 0.007934 
574.300951 0.007198 
572.983997 0.006917 
571.667042 0.006145 
570.350087 0.006351 
569.033133 0.006151 
567.716178 0.005298 
566.399223 0.005523 
565.082269 0.005492 
563.765314 0.005192 
562.448359 0.004387 
561.131405 0.004528 
559.814450 0.004123 
558.497495 0.003570 
557.180541 0.003898 
555.863586 0.003659 
554.546632 0.002822 
553.229677 0.002825 
551.912722 0.002989 
550.595768 0.002086 
549.278813 0.001917 
547.961858 0.002295 
546.644904 0.001264 
545.327949 0.001767 
544.010994 0.001608 
542.694040 0.001403 
541.377085 0.000750 
540.060130 0.000406 
538.743176 0.000853 
537.426221 0.000967 
536.109266 0.001022 
534.792312 0.000808 
533.475357 0.000761 
532.158402 0.000833 
530.841448 0.000753 
529.524493 0.000747 
528.207539 0.000747 
526.890584 0.000739 
525.573629 0.000736 
524.256675 0.000736 
522.939720 0.000728 
521.622765 0.000725 
520.305811 0.000725 
518.988856 0.000714 
517.671901 0.000567 
516.354947 0.000544 
515.037992 0.000617 
513.721037 0.000567 
512.404083 0.000575 
511.087128 0.000603 
509.770173 0.000592 
508.453219 0.000592 
507.136264 0.000658 
505.819309 0.000581 
504.502355 0.000403 
503.185400 0.000553 
501.868445 0.000475 
500.551491 0.000292 
499.234536 0.000433 
497.917582 0.000375 
496.600627 0.000278 
495.283672 0.000219 
493.966718 0.000169 
492.649763 0.000169 
491.332808 0.000217 
490.015854 0.000161 
488.698899 0.000128 
487.381944 0.000181 
486.064990 0.000242 
484.748035 0.000164 
483.431080 0.000186 
482.114126 0.000217 
480.797171 0.000133 
479.480216 0.000206 
478.163262 0.000269 
476.846307 0.000178 
475.529352 0.000206 
474.212398 0.000433 
472.895443 0.000361 
471.578488 0.000308 
470.261534 0.000583 
468.944579 0.000469 
467.627625 0.000417 
466.310670 0.000703 
464.993715 0.000822 
463.676761 0.000625 
462.359806 0.000661 
461.042851 0.000736 
459.725897 0.000631 
458.408942 0.000575 
457.091987 0.000642 
455.775033 0.000686 
454.458078 0.000675 
453.141123 0.000647 
451.824169 0.000692 
450.507214 0.000603 
449.190259 0.000625 
447.873305 0.000747 
446.556350 0.000689 
445.239395 0.000620 
443.922441 0.000697 
442.605486 0.000600 
441.288532 0.000639 
439.971577 0.000711 
438.654622 0.000603 
437.337668 0.000653 
436.020713 0.000567 
434.703758 0.000556 
433.386804 0.000556 
432.069849 0.000364 
430.752894 0.000469 
429.435940 0.000494 
428.118985 0.000017 
426.802030 0.000156 
425.485076 0.000553 
424.168121 0.000378 
422.851166 0.000358 
421.534212 0.000411 
420.217257 0.000392 
418.900302 0.000325 
417.583348 0.000144 
416.266393 0.000333 
414.949438 0.000292 
413.632484 0.000289 
412.315529 0.000206 
410.998575 0.000206 
409.681620 0.000183 
408.364665 0.000103 
407.047711 0.000097 
405.730756 0.000064 
404.413801 0.000000 
403.096847 0.000000 
401.779892 -0.000050 
400.462937 0.000108 
399.145983 -0.000061 
397.829028 0.000067 
396.512073 0.000208 
395.195119 0.000156 
393.878164 0.000261 
392.561209 0.000336 
391.244255 0.000144 
389.927300 0.000206 
388.610345 0.000147 
387.293391 0.000197 
385.976436 0.000339 
384.659481 0.000117 
383.342527 0.000292 
382.025572 0.000369 
380.708618 0.000019 
379.391663 0.000153 
378.074708 0.000011 
376.757754 -0.000119 
375.440799 -0.000208 
374.123844 -0.000208 
372.806890 -0.000058 
371.489935 0.000106 
370.172980 -0.000183 
368.856026 -0.000244 
367.539071 0.000156 
366.222116 -0.000150 
364.905162 -0.000211 
363.588207 -0.000119 
362.271252 -0.000072 
360.954298 -0.000089 
359.637343 -0.000425 
358.320388 -0.000053 
357.003434 0.000197 
355.686479 -0.000103 
354.369525 0.000181 
353.052570 0.000697 
351.735615 0.000481 
350.418661 0.000714 
349.101706 0.001220 
347.784751 0.001264 
346.467797 0.001570 
345.150842 0.001692 
343.833887 0.002234 
342.516933 0.002778 
341.199978 0.002892 
339.883023 0.003609 
338.566069 0.004356 
337.249114 0.004362 
335.932159 0.005037 
334.615205 0.005726 
333.298250 0.005873 
331.981295 0.006403 
330.664341 0.006753 
329.347386 0.006878 
328.030431 0.007212 
326.713477 0.007190 
325.396522 0.007387 
324.079568 0.007567 
322.762613 0.007367 
321.445658 0.007434 
320.128704 0.007476 
318.811749 0.007187 
317.494794 0.007284 
316.177840 0.007062 
314.860885 0.006781 
313.543930 0.006998 
312.226976 0.006623 
310.910021 0.006337 
309.593066 0.006409 
308.276112 0.006228 
306.959157 0.005953 
305.642202 0.005676 
304.325248 0.005689 
303.008293 0.005345 
301.691338 0.005053 
300.374384 0.005367 
299.057429 0.005748 
297.740474 0.004981 
296.423520 0.004987 
295.106565 0.005412 
293.789611 0.004845 
292.472656 0.004628 
291.155701 0.004128 
289.838747 0.004314 
288.521792 0.004578 
287.204837 0.004161 
285.887883 0.004328 
284.570928 0.004681 
283.253973 0.003736 
281.937019 0.003770 
280.620064 0.004414 
279.303109 0.003664 
277.986155 0.003631 
276.669200 0.004181 
275.352245 0.003948 
274.035291 0.004050 
272.718336 0.003959 
271.401381 0.003806 
270.084427 0.004003 
268.767472 0.003431 
267.450518 0.003373 
266.133563 0.003414 
264.816608 0.002767 
263.499654 0.002920 
262.182699 0.003006 
260.865744 0.002825 
259.548790 0.003411 
258.231835 0.003206 
256.914880 0.003264 
255.597926 0.003884 
254.280971 0.003345 
252.964016 0.003134 
251.647062 0.003814 
250.330107 0.003836 
249.013152 0.003134 
247.696198 0.003498 
246.379243 0.004014 
245.062288 0.004723 
243.745334 0.004228 
242.428379 0.003956 
241.111424 0.004236 
239.794470 0.003923 
238.477515 0.003742 
237.160561 0.003856 
235.843606 0.003695 
234.526651 0.003642 
233.209697 0.003592 
231.892742 0.004111 
230.575787 0.004448 
229.258833 0.003823 
227.941878 0.004020 
226.624923 0.004375 
225.307969 0.003831 
223.991014 0.004364 
222.674059 0.005256 
221.357105 0.005087 
220.040150 0.005242 
218.723195 0.005037 
217.406241 0.005242 
216.089286 0.005914 
214.772331 0.005476 
213.455377 0.006031 
212.138422 0.006992 
210.821467 0.006690 
209.504513 0.007048 
208.187558 0.007487 
206.870604 0.007226 
205.553649 0.007726 
204.236694 0.007690 
202.919740 0.007490 
201.602785 0.007623 
200.285830 0.007170 
198.968876 0.006973 
197.651921 0.007153 
196.334966 0.006942 
195.018012 0.006645 
193.701057 0.006862 
192.384102 0.007001 
191.067148 0.007265 
189.750193 0.006906 
188.433238 0.007031 
187.116284 0.007884 
185.799329 0.007723 
184.482374 0.007612 
183.165420 0.007865 
181.848465 0.007756 
180.531511 0.007076 
179.214556 0.006987 
177.897601 0.008354 
176.580647 0.009020 
175.263692 0.008423 
173.946737 0.008906 
172.629783 0.009740 
171.312828 0.008781 
169.995873 0.009004 
168.678919 0.010507 
167.361964 0.010351 
166.045009 0.010673 
164.728055 0.010707 
163.411100 0.011301 
162.094145 0.012126 
160.777191 0.012082 
159.460236 0.012854 
158.143281 0.013126 
156.826327 0.012840 
155.509372 0.013921 
154.192417 0.014196 
152.875463 0.014176 
151.558508 0.015040 
150.241554 0.015221 
148.924599 0.015196 
147.607644 0.016196 
146.290690 0.016024 
144.973735 0.015921 
143.656780 0.016449 
142.339826 0.016582 
141.022871 0.016399 
139.705916 0.015938 
138.388962 0.015176 
137.072007 0.016026 
135.755052 0.016346 
134.438098 0.016238 
133.121143 0.017043 
131.804188 0.016735 
130.487234 0.016079 
129.170279 0.016415 
127.853324 0.016124 
126.536370 0.015493 
125.219415 0.016015 
123.902460 0.016521 
122.585506 0.017565 
121.268551 0.017149 
119.951597 0.015835 
118.634642 0.015993 
117.317687 0.014940 
116.000733 0.014971 
114.683778 0.015149 
113.366823 0.014249 
112.049869 0.014065 
110.732914 0.013876 
109.415959 0.013637 
108.099005 0.013387 
106.782050 0.013126 
105.465095 0.012904 
104.148141 0.012707 
102.831186 0.012423 
101.514231 0.012059 
100.197277 0.012621 
98.880322 0.011607 
97.563367 0.011490 
96.246413 0.010984 
94.929458 0.010851 
93.612504 0.011473 
92.295549 0.010218 
90.978594 0.009437 
89.661640 0.010218 
88.344685 0.011037 
87.027730 0.010040 
85.710776 0.009443 
84.393821 0.009137 
83.076866 0.008676 
81.759912 0.008354 
80.442957 0.007987 
79.126002 0.007706 
77.809048 0.007540 
76.492093 0.007384 
75.175138 0.007320 
73.858184 0.007140 
72.541229 0.006595 
71.224274 0.005884 
69.907320 0.005595 
68.590365 0.005309 
67.273410 0.005014 
65.956456 0.004153 
64.639501 0.004434 
63.322547 0.003348 
62.005592 0.002670 
60.688637 0.003136 
59.371683 0.002261 
58.054728 0.002192 
56.737773 0.001333 
55.420819 0.000631 
54.103864 0.000950 
52.786909 0.000739 
51.469955 0.000025 
50.153000 -0.000483 
