3699.700000 0.001877 
3698.799867 0.003751 
3697.899733 0.003751 
3696.999600 0.003751 
3696.099466 0.001877 
3695.199333 0.002628 
3694.299200 0.003751 
3693.399066 0.003751 
3692.498933 0.003751 
3691.598800 0.003751 
3690.698666 0.003751 
3689.798533 0.004873 
3688.898399 0.004860 
3687.998266 0.003751 
3687.098133 0.003751 
3686.197999 0.003764 
3685.297866 0.003759 
3684.397733 0.004118 
3683.497599 0.004877 
3682.597466 0.004484 
3681.697332 0.003751 
3680.797199 0.003751 
3679.897066 0.003751 
3678.996932 0.003751 
3678.096799 0.003751 
3677.196666 0.005253 
3676.296532 0.005611 
3675.396399 0.003751 
3674.496265 0.003751 
3673.596132 0.003751 
3672.695999 0.003751 
3671.795865 0.005594 
3670.895732 0.003751 
3669.995599 0.003751 
3669.095465 0.003751 
3668.195332 0.003751 
3667.295198 0.003751 
3666.395065 0.003751 
3665.494932 0.003733 
3664.594798 0.001877 
3663.694665 0.001877 
3662.794532 0.001877 
3661.894398 0.001877 
3660.994265 0.001877 
3660.094131 0.002275 
3659.193998 0.003751 
3658.293865 0.001899 
3657.393731 0.003751 
3656.493598 0.002603 
3655.593464 0.001877 
3654.693331 0.001877 
3653.793198 0.001877 
3652.893064 0.002279 
3651.992931 0.003751 
3651.092798 0.003751 
3650.192664 0.003751 
3649.292531 0.002598 
3648.392397 0.003751 
3647.492264 0.002654 
3646.592131 0.001877 
3645.691997 0.001877 
3644.791864 0.001877 
3643.891731 0.001877 
3642.991597 0.001877 
3642.091464 0.002775 
3641.191330 0.001877 
3640.291197 0.001877 
3639.391064 0.001877 
3638.490930 0.001877 
3637.590797 0.001877 
3636.690664 0.001877 
3635.790530 0.001877 
3634.890397 0.002663 
3633.990263 0.002965 
3633.090130 0.001877 
3632.189997 0.003751 
3631.289863 0.003751 
3630.389730 0.003751 
3629.489597 0.003751 
3628.589463 0.003751 
3627.689330 0.003751 
3626.789196 0.003336 
3625.889063 0.002292 
3624.988930 0.001877 
3624.088796 0.001877 
3623.188663 0.001877 
3622.288530 0.003751 
3621.388396 0.002672 
3620.488263 0.003751 
3619.588129 0.003751 
3618.687996 0.001877 
3617.787863 0.003751 
3616.887729 0.002206 
3615.987596 0.002581 
3615.087462 0.002754 
3614.187329 0.002676 
3613.287196 0.003751 
3612.387062 0.003328 
3611.486929 0.003751 
3610.586796 0.003751 
3609.686662 0.002283 
3608.786529 0.001877 
3607.886395 0.003751 
3606.986262 0.001877 
3606.086129 0.001877 
3605.185995 0.001929 
3604.285862 0.001929 
3603.385729 0.002197 
3602.485595 0.001877 
3601.585462 0.001877 
3600.685328 0.003751 
3599.785195 0.001877 
3598.885062 0.001877 
3597.984928 0.001877 
3597.084795 0.003436 
3596.184662 0.003751 
3595.284528 0.001877 
3594.384395 0.001877 
3593.484261 0.003751 
3592.584128 0.001877 
3591.683995 0.003695 
3590.783861 0.001877 
3589.883728 0.003440 
3588.983595 0.003751 
3588.083461 0.002736 
3587.183328 0.003751 
3586.283194 0.003751 
3585.383061 0.001877 
3584.482928 0.003751 
3583.582794 0.003751 
3582.682661 0.001877 
3581.782528 0.001877 
3580.882394 0.001877 
3579.982261 0.003198 
3579.082127 0.002318 
3578.181994 0.003751 
3577.281861 0.002184 
3576.381727 0.001877 
3575.481594 0.002555 
3574.581460 0.001877 
3573.681327 0.003751 
3572.781194 0.003306 
3571.881060 0.001964 
3570.980927 0.003751 
3570.080794 0.002180 
3569.180660 0.003751 
3568.280527 0.002555 
3567.380393 0.003751 
3566.480260 0.003751 
3565.580127 0.003751 
3564.679993 0.001951 
3563.779860 0.003751 
3562.879727 0.003751 
3561.979593 0.002551 
3561.079460 0.002909 
3560.179326 0.003751 
3559.279193 0.002331 
3558.379060 0.003751 
3557.478926 0.003751 
3556.578793 0.003751 
3555.678660 0.003751 
3554.778526 0.003751 
3553.878393 0.003751 
3552.978259 0.003751 
3552.078126 0.003751 
3551.177993 0.003751 
3550.277859 0.003751 
3549.377726 0.003751 
3548.477593 0.003751 
3547.577459 0.003751 
3546.677326 0.003751 
3545.777192 0.003751 
3544.877059 0.003751 
3543.976926 0.003751 
3543.076792 0.003751 
3542.176659 0.003751 
3541.276526 0.003751 
3540.376392 0.003751 
3539.476259 0.003751 
3538.576125 0.003751 
3537.675992 0.003751 
3536.775859 0.003751 
3535.875725 0.003751 
3534.975592 0.003751 
3534.075458 0.003751 
3533.175325 0.003751 
3532.275192 0.003751 
3531.375058 0.003751 
3530.474925 0.003751 
3529.574792 0.003751 
3528.674658 0.003751 
3527.774525 0.003751 
3526.874391 0.003751 
3525.974258 0.003751 
3525.074125 0.005611 
3524.173991 0.003751 
3523.273858 0.005335 
3522.373725 0.003751 
3521.473591 0.003751 
3520.573458 0.003751 
3519.673324 0.003751 
3518.773191 0.003751 
3517.873058 0.003751 
3516.972924 0.003751 
3516.072791 0.003751 
3515.172658 0.003751 
3514.272524 0.003751 
3513.372391 0.003751 
3512.472257 0.003751 
3511.572124 0.005136 
3510.671991 0.003859 
3509.771857 0.005611 
3508.871724 0.003751 
3507.971591 0.003751 
3507.071457 0.003751 
3506.171324 0.003751 
3505.271190 0.003751 
3504.371057 0.003751 
3503.470924 0.005611 
3502.570790 0.004014 
3501.670657 0.003751 
3500.770524 0.003751 
3499.870390 0.003751 
3498.970257 0.003751 
3498.070123 0.003751 
3497.169990 0.003751 
3496.269857 0.003751 
3495.369723 0.004079 
3494.469590 0.005611 
3493.569456 0.005611 
3492.669323 0.004752 
3491.769190 0.003751 
3490.869056 0.003751 
3489.968923 0.003751 
3489.068790 0.003751 
3488.168656 0.003751 
3487.268523 0.005611 
3486.368389 0.003751 
3485.468256 0.003751 
3484.568123 0.003751 
3483.667989 0.003751 
3482.767856 0.005361 
3481.867723 0.005611 
3480.967589 0.003751 
3480.067456 0.003751 
3479.167322 0.003751 
3478.267189 0.003751 
3477.367056 0.003751 
3476.466922 0.003751 
3475.566789 0.003751 
3474.666656 0.003751 
3473.766522 0.003751 
3472.866389 0.003751 
3471.966255 0.003751 
3471.066122 0.003751 
3470.165989 0.003751 
3469.265855 0.003751 
3468.365722 0.003751 
3467.465589 0.003751 
3466.565455 0.003751 
3465.665322 0.003751 
3464.765188 0.003751 
3463.865055 0.003751 
3462.964922 0.005481 
3462.064788 0.003751 
3461.164655 0.005611 
3460.264522 0.003751 
3459.364388 0.003751 
3458.464255 0.003751 
3457.564121 0.003751 
3456.663988 0.003751 
3455.763855 0.003751 
3454.863721 0.003751 
3453.963588 0.003751 
3453.063454 0.004631 
3452.163321 0.003751 
3451.263188 0.005102 
3450.363054 0.005473 
3449.462921 0.003889 
3448.562788 0.005611 
3447.662654 0.003751 
3446.762521 0.004856 
3445.862387 0.005611 
3444.962254 0.005611 
3444.062121 0.005611 
3443.161987 0.005611 
3442.261854 0.005611 
3441.361721 0.005611 
3440.461587 0.005011 
3439.561454 0.004726 
3438.661320 0.005611 
3437.761187 0.005611 
3436.861054 0.005611 
3435.960920 0.005611 
3435.060787 0.005611 
3434.160654 0.005611 
3433.260520 0.005611 
3432.360387 0.005611 
3431.460253 0.005611 
3430.560120 0.005611 
3429.659987 0.005611 
3428.759853 0.005611 
3427.859720 0.005611 
3426.959587 0.005611 
3426.059453 0.005611 
3425.159320 0.005611 
3424.259186 0.005611 
3423.359053 0.005611 
3422.458920 0.005611 
3421.558786 0.005611 
3420.658653 0.005611 
3419.758520 0.005611 
3418.858386 0.005611 
3417.958253 0.005611 
3417.058119 0.005611 
3416.157986 0.005611 
3415.257853 0.005611 
3414.357719 0.005611 
3413.457586 0.003051 
3412.557452 0.001821 
3411.657319 0.005611 
3410.757186 0.005611 
3409.857052 0.005611 
3408.956919 0.005611 
3408.056786 0.005611 
3407.156652 0.005611 
3406.256519 0.005611 
3405.356385 0.005611 
3404.456252 0.005611 
3403.556119 0.005611 
3402.655985 0.005611 
3401.755852 0.005611 
3400.855719 0.005611 
3399.955585 0.005611 
3399.055452 0.005611 
3398.155318 0.005611 
3397.255185 0.005611 
3396.355052 0.005611 
3395.454918 0.005611 
3394.554785 0.005611 
3393.654652 0.005611 
3392.754518 0.005611 
3391.854385 0.005611 
3390.954251 0.005611 
3390.054118 0.005611 
3389.153985 0.005611 
3388.253851 0.005611 
3387.353718 0.005611 
3386.453585 0.005611 
3385.553451 0.005611 
3384.653318 0.005611 
3383.753184 0.005611 
3382.853051 0.005438 
3381.952918 0.003751 
3381.052784 0.005611 
3380.152651 0.005611 
3379.252518 0.005611 
3378.352384 0.005611 
3377.452251 0.006172 
3376.552117 0.007739 
3375.651984 0.005434 
3374.751851 0.005417 
3373.851717 0.005611 
3372.951584 0.005611 
3372.051450 0.005611 
3371.151317 0.005611 
3370.251184 0.005611 
3369.351050 0.005611 
3368.450917 0.005611 
3367.550784 0.005611 
3366.650650 0.005611 
3365.750517 0.005611 
3364.850383 0.005611 
3363.950250 0.005611 
3363.050117 0.005611 
3362.149983 0.005611 
3361.249850 0.005611 
3360.349717 0.005611 
3359.449583 0.005611 
3358.549450 0.005611 
3357.649316 0.005611 
3356.749183 0.005611 
3355.849050 0.005611 
3354.948916 0.005611 
3354.048783 0.005611 
3353.148650 0.005611 
3352.248516 0.005611 
3351.348383 0.005611 
3350.448249 0.005611 
3349.548116 0.005611 
3348.647983 0.005611 
3347.747849 0.005611 
3346.847716 0.005611 
3345.947583 0.005611 
3345.047449 0.005611 
3344.147316 0.005611 
3343.247182 0.005611 
3342.347049 0.005611 
3341.446916 0.005611 
3340.546782 0.005611 
3339.646649 0.005611 
3338.746516 0.005611 
3337.846382 0.005611 
3336.946249 0.005611 
3336.046115 0.005611 
3335.145982 0.005611 
3334.245849 0.005611 
3333.345715 0.006163 
3332.445582 0.005611 
3331.545448 0.005611 
3330.645315 0.005611 
3329.745182 0.005611 
3328.845048 0.005611 
3327.944915 0.005611 
3327.044782 0.005611 
3326.144648 0.005611 
3325.244515 0.005611 
3324.344381 0.005611 
3323.444248 0.005611 
3322.544115 0.005611 
3321.643981 0.005611 
3320.743848 0.005611 
3319.843715 0.005611 
3318.943581 0.005611 
3318.043448 0.005611 
3317.143314 0.005611 
3316.243181 0.005611 
3315.343048 0.005611 
3314.442914 0.007346 
3313.542781 0.007510 
3312.642648 0.006155 
3311.742514 0.005611 
3310.842381 0.005611 
3309.942247 0.005611 
3309.042114 0.005611 
3308.141981 0.005611 
3307.241847 0.005611 
3306.341714 0.005611 
3305.441581 0.005611 
3304.541447 0.006595 
3303.641314 0.006906 
3302.741180 0.005611 
3301.841047 0.007286 
3300.940914 0.005611 
3300.040780 0.005611 
3299.140647 0.005611 
3298.240514 0.006595 
3297.340380 0.005611 
3296.440247 0.005611 
3295.540113 0.005611 
3294.639980 0.007510 
3293.739847 0.007510 
3292.839713 0.005611 
3291.939580 0.006845 
3291.039446 0.007510 
3290.139313 0.006901 
3289.239180 0.005611 
3288.339046 0.005611 
3287.438913 0.005611 
3286.538780 0.005611 
3285.638646 0.005611 
3284.738513 0.006604 
3283.838379 0.005611 
3282.938246 0.006224 
3282.038113 0.005611 
3281.137979 0.005848 
3280.237846 0.005753 
3279.337713 0.006988 
3278.437579 0.005611 
3277.537446 0.006608 
3276.637312 0.006893 
3275.737179 0.007510 
3274.837046 0.007273 
3273.936912 0.007372 
3273.036779 0.007510 
3272.136646 0.006129 
3271.236512 0.007510 
3270.336379 0.006388 
3269.436245 0.005611 
3268.536112 0.005611 
3267.635979 0.007372 
3266.735845 0.005749 
3265.835712 0.005611 
3264.935579 0.006254 
3264.035445 0.006617 
3263.135312 0.007510 
3262.235178 0.007204 
3261.335045 0.005611 
3260.434912 0.007376 
3259.534778 0.007510 
3258.634645 0.005611 
3257.734512 0.007510 
3256.834378 0.005611 
3255.934245 0.007510 
3255.034111 0.007510 
3254.133978 0.007510 
3253.233845 0.007510 
3252.333711 0.007001 
3251.433578 0.005611 
3250.533444 0.006625 
3249.633311 0.007510 
3248.733178 0.005611 
3247.833044 0.005866 
3246.932911 0.007510 
3246.032778 0.005611 
3245.132644 0.007510 
3244.232511 0.007510 
3243.332377 0.007510 
3242.432244 0.007510 
3241.532111 0.007251 
3240.631977 0.007389 
3239.731844 0.007510 
3238.831711 0.007510 
3237.931577 0.006884 
3237.031444 0.007510 
3236.131310 0.007510 
3235.231177 0.007510 
3234.331044 0.007510 
3233.430910 0.007510 
3232.530777 0.007510 
3231.630644 0.007510 
3230.730510 0.007510 
3229.830377 0.007510 
3228.930243 0.007510 
3228.030110 0.007510 
3227.129977 0.007510 
3226.229843 0.007510 
3225.329710 0.007510 
3224.429577 0.007510 
3223.529443 0.007510 
3222.629310 0.007510 
3221.729176 0.007510 
3220.829043 0.007510 
3219.928910 0.007510 
3219.028776 0.007510 
3218.128643 0.007510 
3217.228510 0.007510 
3216.328376 0.007510 
3215.428243 0.007510 
3214.528109 0.007510 
3213.627976 0.007510 
3212.727843 0.007510 
3211.827709 0.007510 
3210.927576 0.007510 
3210.027442 0.007510 
3209.127309 0.007510 
3208.227176 0.007510 
3207.327042 0.007510 
3206.426909 0.007510 
3205.526776 0.007510 
3204.626642 0.007510 
3203.726509 0.007510 
3202.826375 0.007510 
3201.926242 0.007510 
3201.026109 0.007510 
3200.125975 0.007510 
3199.225842 0.007510 
3198.325709 0.007510 
3197.425575 0.007510 
3196.525442 0.007510 
3195.625308 0.007510 
3194.725175 0.007510 
3193.825042 0.007510 
3192.924908 0.007510 
3192.024775 0.007510 
3191.124642 0.007510 
3190.224508 0.007510 
3189.324375 0.007510 
3188.424241 0.007510 
3187.524108 0.007510 
3186.623975 0.007510 
3185.723841 0.007510 
3184.823708 0.007510 
3183.923575 0.007510 
3183.023441 0.007510 
3182.123308 0.007510 
3181.223174 0.007510 
3180.323041 0.007510 
3179.422908 0.007510 
3178.522774 0.007510 
3177.622641 0.007510 
3176.722508 0.007510 
3175.822374 0.008736 
3174.922241 0.007510 
3174.022107 0.007510 
3173.121974 0.007510 
3172.221841 0.007510 
3171.321707 0.007510 
3170.421574 0.007510 
3169.521440 0.007510 
3168.621307 0.007510 
3167.721174 0.007510 
3166.821040 0.007510 
3165.920907 0.007510 
3165.020774 0.007510 
3164.120640 0.007967 
3163.220507 0.007510 
3162.320373 0.008727 
3161.420240 0.008192 
3160.520107 0.009409 
3159.619973 0.007588 
3158.719840 0.007510 
3157.819707 0.009409 
3156.919573 0.008576 
3156.019440 0.009409 
3155.119306 0.009409 
3154.219173 0.009409 
3153.319040 0.009409 
3152.418906 0.009409 
3151.518773 0.009409 
3150.618640 0.009409 
3149.718506 0.009409 
3148.818373 0.009409 
3147.918239 0.009409 
3147.018106 0.009409 
3146.117973 0.009409 
3145.217839 0.009409 
3144.317706 0.009409 
3143.417573 0.009409 
3142.517439 0.009409 
3141.617306 0.009409 
3140.717172 0.009409 
3139.817039 0.009409 
3138.916906 0.009409 
3138.016772 0.009409 
3137.116639 0.009409 
3136.216506 0.009409 
3135.316372 0.009409 
3134.416239 0.010091 
3133.516105 0.009409 
3132.615972 0.009409 
3131.715839 0.011265 
3130.815705 0.011265 
3129.915572 0.011265 
3129.015438 0.011265 
3128.115305 0.011265 
3127.215172 0.011265 
3126.315038 0.011265 
3125.414905 0.011265 
3124.514772 0.011265 
3123.614638 0.011265 
3122.714505 0.011265 
3121.814371 0.011265 
3120.914238 0.011265 
3120.014105 0.011265 
3119.113971 0.011265 
3118.213838 0.011265 
3117.313705 0.011265 
3116.413571 0.011265 
3115.513438 0.011265 
3114.613304 0.011265 
3113.713171 0.013164 
3112.813038 0.013164 
3111.912904 0.013164 
3111.012771 0.013164 
3110.112638 0.013164 
3109.212504 0.013164 
3108.312371 0.013164 
3107.412237 0.013164 
3106.512104 0.013164 
3105.611971 0.013164 
3104.711837 0.013164 
3103.811704 0.013164 
3102.911571 0.013164 
3102.011437 0.013164 
3101.111304 0.013164 
3100.211170 0.013164 
3099.311037 0.015020 
3098.410904 0.015063 
3097.510770 0.015063 
3096.610637 0.015063 
3095.710504 0.015063 
3094.810370 0.015063 
3093.910237 0.015063 
3093.010103 0.015063 
3092.109970 0.015063 
3091.209837 0.015063 
3090.309703 0.016544 
3089.409570 0.016962 
3088.509436 0.016962 
3087.609303 0.016962 
3086.709170 0.016962 
3085.809036 0.016962 
3084.908903 0.016962 
3084.008770 0.016962 
3083.108636 0.016962 
3082.208503 0.018046 
3081.308369 0.018818 
3080.408236 0.018818 
3079.508103 0.018818 
3078.607969 0.018818 
3077.707836 0.018818 
3076.807703 0.018818 
3075.907569 0.020717 
3075.007436 0.020717 
3074.107302 0.020717 
3073.207169 0.020717 
3072.307036 0.020717 
3071.406902 0.020717 
3070.506769 0.022616 
3069.606636 0.022616 
3068.706502 0.022616 
3067.806369 0.022616 
3066.906235 0.023061 
3066.006102 0.024515 
3065.105969 0.024515 
3064.205835 0.024515 
3063.305702 0.024515 
3062.405569 0.026414 
3061.505435 0.026414 
3060.605302 0.026414 
3059.705168 0.028313 
3058.805035 0.028313 
3057.904902 0.028313 
3057.004768 0.029815 
3056.104635 0.030213 
3055.204502 0.030213 
3054.304368 0.032155 
3053.404235 0.032155 
3052.504101 0.032517 
3051.603968 0.034054 
3050.703835 0.034054 
3049.803701 0.035953 
3048.903568 0.037079 
3048.003434 0.037852 
3047.103301 0.039794 
3046.203168 0.039794 
3045.303034 0.041680 
3044.402901 0.041693 
3043.502768 0.043636 
3042.602634 0.045535 
3041.702501 0.046691 
3040.802367 0.048228 
3039.902234 0.049376 
3039.002101 0.051689 
3038.101967 0.053217 
3037.201834 0.055159 
3036.301701 0.057102 
3035.401567 0.060179 
3034.501434 0.062885 
3033.601300 0.065600 
3032.701167 0.069096 
3031.801034 0.070654 
3030.900900 0.076515 
3030.000767 0.080016 
3029.100634 0.083555 
3028.200500 0.089455 
3027.300367 0.094971 
3026.400233 0.100884 
3025.500100 0.108826 
3024.599967 0.117958 
3023.699833 0.128792 
3022.799700 0.142504 
3021.899567 0.157131 
3020.999433 0.174736 
3020.099300 0.199191 
3019.199166 0.228635 
3018.299033 0.267566 
3017.398900 0.320192 
3016.498766 0.379012 
3015.598633 0.443468 
3014.698499 0.515590 
3013.798366 0.570641 
3012.898233 0.614803 
3011.998099 0.649444 
3011.097966 0.663186 
3010.197833 0.647208 
3009.297699 0.600634 
3008.397566 0.543161 
3007.497432 0.476702 
3006.597299 0.397670 
3005.697166 0.328894 
3004.797032 0.269504 
3003.896899 0.218294 
3002.996766 0.180395 
3002.096632 0.150514 
3001.196499 0.124704 
3000.296365 0.105973 
2999.396232 0.090560 
2998.496099 0.075303 
2997.595965 0.064797 
2996.695832 0.057840 
2995.795699 0.048396 
2994.895565 0.043195 
2993.995432 0.037075 
2993.095298 0.033277 
2992.195165 0.029815 
2991.295032 0.026397 
2990.394898 0.022599 
2989.494765 0.020717 
2988.594632 0.018818 
2987.694498 0.016962 
2986.794365 0.015063 
2985.894231 0.013164 
2984.994098 0.012763 
2984.093965 0.011265 
2983.193831 0.009759 
2982.293698 0.009409 
2981.393565 0.008244 
2980.493431 0.007510 
2979.593298 0.007510 
2978.693164 0.005611 
2977.793031 0.005611 
2976.892898 0.005611 
2975.992764 0.005611 
2975.092631 0.003751 
2974.192497 0.003751 
2973.292364 0.003751 
2972.392231 0.003751 
2971.492097 0.003751 
2970.591964 0.003751 
2969.691831 0.003751 
2968.791697 0.002305 
2967.891564 0.003034 
2966.991430 0.001877 
2966.091297 0.001877 
2965.191164 0.001877 
2964.291030 0.001877 
2963.390897 0.001877 
2962.490764 0.001877 
2961.590630 0.001877 
2960.690497 0.001877 
2959.790363 0.001877 
2958.890230 0.001877 
2957.990097 0.001877 
2957.089963 0.001877 
2956.189830 0.001877 
2955.289697 0.001877 
2954.389563 0.001877 
2953.489430 0.001877 
2952.589296 0.001877 
2951.689163 0.001877 
2950.789030 0.001877 
2949.888896 0.001877 
2948.988763 0.001877 
2948.088630 0.001877 
2947.188496 0.001877 
2946.288363 0.001877 
2945.388229 0.001877 
2944.488096 0.001877 
2943.587963 0.001877 
2942.687829 0.001877 
2941.787696 0.001877 
2940.887563 0.001877 
2939.987429 0.001877 
2939.087296 0.001877 
2938.187162 0.001877 
2937.287029 0.001877 
2936.386896 0.001877 
2935.486762 0.001877 
2934.586629 0.001877 
2933.686495 0.001877 
2932.786362 0.001877 
2931.886229 0.001877 
2930.986095 0.001877 
2930.085962 0.001877 
2929.185829 0.001877 
2928.285695 0.001877 
2927.385562 0.001877 
2926.485428 0.001877 
2925.585295 0.001877 
2924.685162 0.001877 
2923.785028 0.001877 
2922.884895 0.001877 
2921.984762 0.001877 
2921.084628 0.001877 
2920.184495 0.001877 
2919.284361 0.001877 
2918.384228 0.001877 
2917.484095 0.001877 
2916.583961 0.001877 
2915.683828 0.001877 
2914.783695 0.001877 
2913.883561 0.001877 
2912.983428 0.001877 
2912.083294 0.001877 
2911.183161 0.001877 
2910.283028 0.001877 
2909.382894 0.001877 
2908.482761 0.001877 
2907.582628 0.003069 
2906.682494 0.001877 
2905.782361 0.002693 
2904.882227 0.003310 
2903.982094 0.001877 
2903.081961 0.001877 
2902.181827 0.003444 
2901.281694 0.003751 
2900.381561 0.003073 
2899.481427 0.001877 
2898.581294 0.001877 
2897.681160 0.001877 
2896.781027 0.001877 
2895.880894 0.001877 
2894.980760 0.001877 
2894.080627 0.001877 
2893.180493 0.001877 
2892.280360 0.002702 
2891.380227 0.001877 
2890.480093 0.001877 
2889.579960 0.003751 
2888.679827 0.003751 
2887.779693 0.001877 
2886.879560 0.003751 
2885.979426 0.003751 
2885.079293 0.002443 
2884.179160 0.001877 
2883.279026 0.001877 
2882.378893 0.003457 
2881.478760 0.003751 
2880.578626 0.003751 
2879.678493 0.003751 
2878.778359 0.002706 
2877.878226 0.003751 
2876.978093 0.003751 
2876.077959 0.003751 
2875.177826 0.003751 
2874.277693 0.003751 
2873.377559 0.003751 
2872.477426 0.003751 
2871.577292 0.003751 
2870.677159 0.003751 
2869.777026 0.003751 
2868.876892 0.003751 
2867.976759 0.003751 
2867.076626 0.003751 
2866.176492 0.003751 
2865.276359 0.003751 
2864.376225 0.003751 
2863.476092 0.003751 
2862.575959 0.003751 
2861.675825 0.003751 
2860.775692 0.003751 
2859.875559 0.003751 
2858.975425 0.003751 
2858.075292 0.003751 
2857.175158 0.003751 
2856.275025 0.003751 
2855.374892 0.003751 
2854.474758 0.003751 
2853.574625 0.004402 
2852.674491 0.003751 
2851.774358 0.005611 
2850.874225 0.005145 
2849.974091 0.003751 
2849.073958 0.005516 
2848.173825 0.005335 
2847.273691 0.005611 
2846.373558 0.005611 
2845.473424 0.005611 
2844.573291 0.005611 
2843.673158 0.005611 
2842.773024 0.005611 
2841.872891 0.005611 
2840.972758 0.005611 
2840.072624 0.005611 
2839.172491 0.005611 
2838.272357 0.005611 
2837.372224 0.007027 
2836.472091 0.005719 
2835.571957 0.007510 
2834.671824 0.007510 
2833.771691 0.007510 
2832.871557 0.007510 
2831.971424 0.007510 
2831.071290 0.007510 
2830.171157 0.009409 
2829.271024 0.009409 
2828.370890 0.009409 
2827.470757 0.009409 
2826.570624 0.009409 
2825.670490 0.010259 
2824.770357 0.011265 
2823.870223 0.011265 
2822.970090 0.011377 
2822.069957 0.013164 
2821.169823 0.013164 
2820.269690 0.013164 
2819.369557 0.013164 
2818.469423 0.013164 
2817.569290 0.013164 
2816.669156 0.013164 
2815.769023 0.013164 
2814.868890 0.013164 
2813.968756 0.013164 
2813.068623 0.011265 
2812.168489 0.011265 
2811.268356 0.011265 
2810.368223 0.009409 
2809.468089 0.009409 
2808.567956 0.007510 
2807.667823 0.007510 
2806.767689 0.006250 
2805.867556 0.005611 
2804.967422 0.005611 
2804.067289 0.005611 
2803.167156 0.005611 
2802.267022 0.005490 
2801.366889 0.003751 
2800.466756 0.003751 
2799.566622 0.003751 
2798.666489 0.003751 
2797.766355 0.003751 
2796.866222 0.003751 
2795.966089 0.003751 
2795.065955 0.003626 
2794.165822 0.003505 
2793.265689 0.002499 
2792.365555 0.001877 
2791.465422 0.001877 
2790.565288 0.001877 
2789.665155 0.001877 
2788.765022 0.001877 
2787.864888 0.001877 
2786.964755 0.001877 
2786.064622 0.001877 
2785.164488 0.001877 
2784.264355 0.001877 
2783.364221 0.001877 
2782.464088 0.001877 
2781.563955 0.001877 
2780.663821 0.001877 
2779.763688 0.001877 
2778.863555 0.001877 
2777.963421 0.001877 
2777.063288 0.001877 
2776.163154 0.001877 
2775.263021 0.001877 
2774.362888 0.001877 
2773.462754 0.001877 
2772.562621 0.001877 
2771.662487 0.001877 
2770.762354 0.001877 
2769.862221 0.001877 
2768.962087 0.001877 
2768.061954 0.001877 
2767.161821 0.001877 
2766.261687 0.001877 
2765.361554 0.001877 
2764.461420 0.001877 
2763.561287 0.001877 
2762.661154 0.001877 
2761.761020 0.001877 
2760.860887 0.001877 
2759.960754 0.001877 
2759.060620 0.001877 
2758.160487 0.001877 
2757.260353 0.001877 
2756.360220 0.001877 
2755.460087 0.001877 
2754.559953 0.001877 
2753.659820 0.001877 
2752.759687 0.001877 
2751.859553 0.001877 
2750.959420 0.001877 
2750.059286 0.001877 
2749.159153 0.001877 
2748.259020 0.001877 
2747.358886 0.001877 
2746.458753 0.001877 
2745.558620 0.001877 
2744.658486 0.001877 
2743.758353 0.001877 
2742.858219 0.001877 
2741.958086 0.001877 
2741.057953 0.001877 
2740.157819 0.001877 
2739.257686 0.001877 
2738.357553 0.001877 
2737.457419 0.001877 
2736.557286 0.001877 
2735.657152 0.001877 
2734.757019 0.001877 
2733.856886 0.001877 
2732.956752 0.001877 
2732.056619 0.001877 
2731.156485 0.001877 
2730.256352 0.001877 
2729.356219 0.001877 
2728.456085 0.001877 
2727.555952 0.001877 
2726.655819 0.001877 
2725.755685 0.001877 
2724.855552 0.001877 
2723.955418 0.001877 
2723.055285 0.001877 
2722.155152 0.001877 
2721.255018 0.001877 
2720.354885 0.001877 
2719.454752 0.001877 
2718.554618 0.001877 
2717.654485 0.001877 
2716.754351 0.001877 
2715.854218 0.001877 
2714.954085 0.001877 
2714.053951 0.001877 
2713.153818 0.001877 
2712.253685 0.001877 
2711.353551 0.001877 
2710.453418 0.001877 
2709.553284 0.001877 
2708.653151 0.001877 
2707.753018 0.001877 
2706.852884 0.001877 
2705.952751 0.001877 
2705.052618 0.001877 
2704.152484 0.001877 
2703.252351 0.001877 
2702.352217 0.001877 
2701.452084 0.001877 
2700.551951 0.001877 
2699.651817 0.001877 
2698.751684 0.001877 
2697.851551 0.001877 
2696.951417 0.001877 
2696.051284 0.001877 
2695.151150 0.001877 
2694.251017 0.001877 
2693.350884 0.001877 
2692.450750 0.001877 
2691.550617 0.001877 
2690.650483 0.001877 
2689.750350 0.001877 
2688.850217 0.001877 
2687.950083 0.001877 
2687.049950 0.001877 
2686.149817 0.001877 
2685.249683 0.001877 
2684.349550 0.001877 
2683.449416 0.001877 
2682.549283 0.001877 
2681.649150 0.001877 
2680.749016 0.001877 
2679.848883 0.001877 
2678.948750 0.001877 
2678.048616 0.001877 
2677.148483 0.001877 
2676.248349 0.001877 
2675.348216 0.001877 
2674.448083 0.001877 
2673.547949 0.001877 
2672.647816 0.001877 
2671.747683 0.001877 
2670.847549 0.001877 
2669.947416 0.001877 
2669.047282 0.001877 
2668.147149 0.001877 
2667.247016 0.001877 
2666.346882 0.001877 
2665.446749 0.001877 
2664.546616 0.001877 
2663.646482 0.001877 
2662.746349 0.001877 
2661.846215 0.001877 
2660.946082 0.001877 
2660.045949 0.001877 
2659.145815 0.001877 
2658.245682 0.001877 
2657.345549 0.001877 
2656.445415 0.001877 
2655.545282 0.001877 
2654.645148 0.001877 
2653.745015 0.001877 
2652.844882 0.001877 
2651.944748 0.001877 
2651.044615 0.001877 
2650.144481 0.001877 
2649.244348 0.001877 
2648.344215 0.001877 
2647.444081 0.001877 
2646.543948 0.001877 
2645.643815 0.001877 
2644.743681 0.001877 
2643.843548 0.001877 
2642.943414 0.001877 
2642.043281 0.001877 
2641.143148 0.001877 
2640.243014 0.001877 
2639.342881 0.001877 
2638.442748 0.001877 
2637.542614 0.001877 
2636.642481 0.001877 
2635.742347 0.001877 
2634.842214 0.001877 
2633.942081 0.001877 
2633.041947 0.001877 
2632.141814 0.001877 
2631.241681 0.001877 
2630.341547 0.001877 
2629.441414 0.001877 
2628.541280 0.001877 
2627.641147 0.001877 
2626.741014 0.001877 
2625.840880 0.001877 
2624.940747 0.001877 
2624.040614 0.001877 
2623.140480 0.001877 
2622.240347 0.001877 
2621.340213 0.001877 
2620.440080 0.001877 
2619.539947 0.001877 
2618.639813 0.001877 
2617.739680 0.001877 
2616.839547 0.001877 
2615.939413 0.001877 
2615.039280 0.001877 
2614.139146 0.001877 
2613.239013 0.001877 
2612.338880 0.001877 
2611.438746 0.001877 
2610.538613 0.001877 
2609.638479 0.001877 
2608.738346 0.001877 
2607.838213 0.001877 
2606.938079 0.001877 
2606.037946 0.001877 
2605.137813 0.001877 
2604.237679 0.001877 
2603.337546 0.001877 
2602.437412 0.001877 
2601.537279 0.001877 
2600.637146 0.001877 
2599.737012 0.001877 
2598.836879 0.001877 
2597.936746 0.001877 
2597.036612 0.001877 
2596.136479 0.001877 
2595.236345 0.001877 
2594.336212 0.001877 
2593.436079 0.001877 
2592.535945 0.001877 
2591.635812 0.001877 
2590.735679 0.001877 
2589.835545 0.001877 
2588.935412 0.001877 
2588.035278 0.001877 
2587.135145 0.001877 
2586.235012 0.001877 
2585.334878 0.001877 
2584.434745 0.001877 
2583.534612 0.001877 
2582.634478 0.001877 
2581.734345 0.001877 
2580.834211 0.001877 
2579.934078 0.001877 
2579.033945 0.001877 
2578.133811 0.001877 
2577.233678 0.001877 
2576.333545 0.001877 
2575.433411 0.001877 
2574.533278 0.001877 
2573.633144 0.001877 
2572.733011 0.001877 
2571.832878 0.001877 
2570.932744 0.001877 
2570.032611 0.001877 
2569.132477 0.001877 
2568.232344 0.001877 
2567.332211 0.001877 
2566.432077 0.001877 
2565.531944 0.001877 
2564.631811 0.001877 
2563.731677 0.001877 
2562.831544 0.001877 
2561.931410 0.001877 
2561.031277 0.001877 
2560.131144 0.001877 
2559.231010 0.001877 
2558.330877 0.001877 
2557.430744 0.001877 
2556.530610 0.001877 
2555.630477 0.001877 
2554.730343 0.001877 
2553.830210 0.001877 
2552.930077 0.001877 
2552.029943 0.001877 
2551.129810 0.001877 
2550.229677 0.001877 
2549.329543 0.001877 
2548.429410 0.001877 
2547.529276 0.001877 
2546.629143 0.001877 
2545.729010 0.001877 
2544.828876 0.001877 
2543.928743 0.001877 
2543.028610 0.001877 
2542.128476 0.001877 
2541.228343 0.001877 
2540.328209 0.001877 
2539.428076 0.001877 
2538.527943 0.001877 
2537.627809 0.001877 
2536.727676 0.001877 
2535.827543 0.001877 
2534.927409 0.001877 
2534.027276 0.001877 
2533.127142 0.001877 
2532.227009 0.001877 
2531.326876 0.001877 
2530.426742 0.001877 
2529.526609 0.001877 
2528.626475 0.001877 
2527.726342 0.001877 
2526.826209 0.001877 
2525.926075 0.001877 
2525.025942 0.001877 
2524.125809 0.001877 
2523.225675 0.001877 
2522.325542 0.001877 
2521.425408 0.001877 
2520.525275 0.001877 
2519.625142 0.001877 
2518.725008 0.001877 
2517.824875 0.001877 
2516.924742 0.001877 
2516.024608 0.001877 
2515.124475 0.001877 
2514.224341 0.001877 
2513.324208 0.001877 
2512.424075 0.001877 
2511.523941 0.001877 
2510.623808 0.001877 
2509.723675 0.001877 
2508.823541 0.001877 
2507.923408 0.001877 
2507.023274 0.001877 
2506.123141 0.001877 
2505.223008 0.001877 
2504.322874 0.001877 
2503.422741 0.001877 
2502.522608 0.001877 
2501.622474 0.001877 
2500.722341 0.001877 
2499.822207 0.001877 
2498.922074 0.001877 
2498.021941 0.001877 
2497.121807 0.001877 
2496.221674 0.001877 
2495.321541 0.001877 
2494.421407 0.001877 
2493.521274 0.001877 
2492.621140 0.001877 
2491.721007 0.001877 
2490.820874 0.001877 
2489.920740 0.001877 
2489.020607 0.001877 
2488.120473 0.001877 
2487.220340 0.001877 
2486.320207 0.001877 
2485.420073 0.001877 
2484.519940 0.001877 
2483.619807 0.001877 
2482.719673 0.001877 
2481.819540 0.001877 
2480.919406 0.001877 
2480.019273 0.001877 
2479.119140 0.001877 
2478.219006 0.001877 
2477.318873 0.001877 
2476.418740 0.001877 
2475.518606 0.001877 
2474.618473 0.001877 
2473.718339 0.001877 
2472.818206 0.001877 
2471.918073 0.001877 
2471.017939 0.001877 
2470.117806 0.001877 
2469.217673 0.001877 
2468.317539 0.001877 
2467.417406 0.001877 
2466.517272 0.001877 
2465.617139 0.001877 
2464.717006 0.001877 
2463.816872 0.001877 
2462.916739 0.001877 
2462.016606 0.001877 
2461.116472 0.001877 
2460.216339 0.001877 
2459.316205 0.001877 
2458.416072 0.001877 
2457.515939 0.001877 
2456.615805 0.001877 
2455.715672 0.001877 
2454.815539 0.001877 
2453.915405 0.001877 
2453.015272 0.001877 
2452.115138 0.001877 
2451.215005 0.001877 
2450.314872 0.001877 
2449.414738 0.001877 
2448.514605 0.001877 
2447.614471 0.001877 
2446.714338 0.001877 
2445.814205 0.001877 
2444.914071 0.001877 
2444.013938 0.001877 
2443.113805 0.001877 
2442.213671 0.001877 
2441.313538 0.001877 
2440.413404 0.001877 
2439.513271 0.001877 
2438.613138 0.001877 
2437.713004 0.001877 
2436.812871 0.001877 
2435.912738 0.001877 
2435.012604 0.001877 
2434.112471 0.001877 
2433.212337 0.001877 
2432.312204 0.001877 
2431.412071 0.001877 
2430.511937 0.001877 
2429.611804 0.001877 
2428.711671 0.001877 
2427.811537 0.001877 
2426.911404 0.001877 
2426.011270 0.001877 
2425.111137 0.001877 
2424.211004 0.001877 
2423.310870 0.001877 
2422.410737 0.001877 
2421.510604 0.001877 
2420.610470 0.001877 
2419.710337 0.001877 
2418.810203 0.001877 
2417.910070 0.001877 
2417.009937 0.001877 
2416.109803 0.001877 
2415.209670 0.001877 
2414.309537 0.001877 
2413.409403 0.001877 
2412.509270 0.001877 
2411.609136 0.001877 
2410.709003 0.001877 
2409.808870 0.001877 
2408.908736 0.001877 
2408.008603 0.001877 
2407.108469 0.001877 
2406.208336 0.001877 
2405.308203 0.001877 
2404.408069 0.001877 
2403.507936 0.001877 
2402.607803 0.001877 
2401.707669 0.001877 
2400.807536 0.001877 
2399.907402 0.001877 
2399.007269 0.001877 
2398.107136 0.001877 
2397.207002 0.001877 
2396.306869 0.001877 
2395.406736 0.001877 
2394.506602 0.001877 
2393.606469 0.001877 
2392.706335 0.001877 
2391.806202 0.001877 
2390.906069 0.001877 
2390.005935 0.001877 
2389.105802 0.001877 
2388.205669 0.001877 
2387.305535 0.001877 
2386.405402 0.001877 
2385.505268 0.001877 
2384.605135 0.001877 
2383.705002 0.001877 
2382.804868 0.001877 
2381.904735 0.001877 
2381.004602 0.001877 
2380.104468 0.001877 
2379.204335 0.001877 
2378.304201 0.001877 
2377.404068 0.001877 
2376.503935 0.001877 
2375.603801 0.001877 
2374.703668 0.001877 
2373.803535 0.001877 
2372.903401 0.001877 
2372.003268 0.001877 
2371.103134 0.001877 
2370.203001 0.001877 
2369.302868 0.001877 
2368.402734 0.001877 
2367.502601 0.001877 
2366.602467 0.001877 
2365.702334 0.001877 
2364.802201 0.001877 
2363.902067 0.001877 
2363.001934 0.001877 
2362.101801 0.001877 
2361.201667 0.001877 
2360.301534 0.001877 
2359.401400 0.001877 
2358.501267 0.001877 
2357.601134 0.001877 
2356.701000 0.001877 
2355.800867 0.001877 
2354.900734 0.001877 
2354.000600 0.001877 
2353.100467 0.001877 
2352.200333 0.001877 
2351.300200 0.001877 
2350.400067 0.001877 
2349.499933 0.001877 
2348.599800 0.001877 
2347.699667 0.001877 
2346.799533 0.001877 
2345.899400 0.001877 
2344.999266 0.001877 
2344.099133 0.001877 
2343.199000 0.001877 
2342.298866 0.001877 
2341.398733 0.001877 
2340.498600 0.001877 
2339.598466 0.001877 
2338.698333 0.001877 
2337.798199 0.001877 
2336.898066 0.001877 
2335.997933 0.001877 
2335.097799 0.001877 
2334.197666 0.001877 
2333.297533 0.001877 
2332.397399 0.001877 
2331.497266 0.001877 
2330.597132 0.001877 
2329.696999 0.001877 
2328.796866 0.001877 
2327.896732 0.001877 
2326.996599 0.001877 
2326.096465 0.001877 
2325.196332 0.001877 
2324.296199 0.001877 
2323.396065 0.001877 
2322.495932 0.001877 
2321.595799 0.001877 
2320.695665 0.001877 
2319.795532 0.001877 
2318.895398 0.001877 
2317.995265 0.001877 
2317.095132 0.001877 
2316.194998 0.001877 
2315.294865 0.001877 
2314.394732 0.001877 
2313.494598 0.001877 
2312.594465 0.001877 
2311.694331 0.001877 
2310.794198 0.001877 
2309.894065 0.001877 
2308.993931 0.001877 
2308.093798 0.001877 
2307.193665 0.001877 
2306.293531 0.001877 
2305.393398 0.001877 
2304.493264 0.001877 
2303.593131 0.001877 
2302.692998 0.001877 
2301.792864 0.001877 
2300.892731 0.001877 
2299.992598 0.001877 
2299.092464 0.001877 
2298.192331 0.001877 
2297.292197 0.001877 
2296.392064 0.001877 
2295.491931 0.001877 
2294.591797 0.001877 
2293.691664 0.001877 
2292.791531 0.001877 
2291.891397 0.001877 
2290.991264 0.001877 
2290.091130 0.001877 
2289.190997 0.001877 
2288.290864 0.001877 
2287.390730 0.001877 
2286.490597 0.001877 
2285.590463 0.001877 
2284.690330 0.001877 
2283.790197 0.001877 
2282.890063 0.001877 
2281.989930 0.001877 
2281.089797 0.001877 
2280.189663 0.001877 
2279.289530 0.001877 
2278.389396 0.001877 
2277.489263 0.001877 
2276.589130 0.001877 
2275.688996 0.001877 
2274.788863 0.001877 
2273.888730 0.001877 
2272.988596 0.001877 
2272.088463 0.001877 
2271.188329 0.001877 
2270.288196 0.001877 
2269.388063 0.001877 
2268.487929 0.001877 
2267.587796 0.001877 
2266.687663 0.001877 
2265.787529 0.001877 
2264.887396 0.001877 
2263.987262 0.001877 
2263.087129 0.001877 
2262.186996 0.001877 
2261.286862 0.001877 
2260.386729 0.001877 
2259.486596 0.001877 
2258.586462 0.001877 
2257.686329 0.001877 
2256.786195 0.001877 
2255.886062 0.001877 
2254.985929 0.001877 
2254.085795 0.001877 
2253.185662 0.001877 
2252.285529 0.001877 
2251.385395 0.001877 
2250.485262 0.001877 
2249.585128 0.001877 
2248.684995 0.001877 
2247.784862 0.001877 
2246.884728 0.001877 
2245.984595 0.001877 
2245.084461 0.001877 
2244.184328 0.001877 
2243.284195 0.001877 
2242.384061 0.001877 
2241.483928 0.001877 
2240.583795 0.001877 
2239.683661 0.001877 
2238.783528 0.001877 
2237.883394 0.001877 
2236.983261 0.001877 
2236.083128 0.001877 
2235.182994 0.001877 
2234.282861 0.001877 
2233.382728 0.001877 
2232.482594 0.001877 
2231.582461 0.001877 
2230.682327 0.001877 
2229.782194 0.001877 
2228.882061 0.001877 
2227.981927 0.001877 
2227.081794 0.001877 
2226.181661 0.001877 
2225.281527 0.001877 
2224.381394 0.001877 
2223.481260 0.001877 
2222.581127 0.001877 
2221.680994 0.001877 
2220.780860 0.001877 
2219.880727 0.001877 
2218.980594 0.001877 
2218.080460 0.001877 
2217.180327 0.001877 
2216.280193 0.001877 
2215.380060 0.001877 
2214.479927 0.001877 
2213.579793 0.001877 
2212.679660 0.001877 
2211.779527 0.001877 
2210.879393 0.001877 
2209.979260 0.001877 
2209.079126 0.001877 
2208.178993 0.001877 
2207.278860 0.001877 
2206.378726 0.001877 
2205.478593 0.001877 
2204.578459 0.001877 
2203.678326 0.001877 
2202.778193 0.001877 
2201.878059 0.001877 
2200.977926 0.001877 
2200.077793 0.001877 
2199.177659 0.001877 
2198.277526 0.001877 
2197.377392 0.001877 
2196.477259 0.001877 
2195.577126 0.001877 
2194.676992 0.001877 
2193.776859 0.001877 
2192.876726 0.001877 
2191.976592 0.001877 
2191.076459 0.001877 
2190.176325 0.001877 
2189.276192 0.001877 
2188.376059 0.001877 
2187.475925 0.001877 
2186.575792 0.001877 
2185.675659 0.001877 
2184.775525 0.001877 
2183.875392 0.001877 
2182.975258 0.001877 
2182.075125 0.001877 
2181.174992 0.000095 
2180.274858 0.001877 
2179.374725 0.001877 
2178.474592 0.001877 
2177.574458 0.001877 
2176.674325 0.001877 
2175.774191 0.001877 
2174.874058 0.001877 
2173.973925 0.000276 
2173.073791 0.001877 
2172.173658 0.001877 
2171.273525 0.001877 
2170.373391 0.001877 
2169.473258 0.001877 
2168.573124 0.001877 
2167.672991 0.001877 
2166.772858 0.001877 
2165.872724 0.001877 
2164.972591 0.001877 
2164.072457 0.001877 
2163.172324 0.001877 
2162.272191 0.001877 
2161.372057 0.001877 
2160.471924 0.001877 
2159.571791 0.001877 
2158.671657 0.001877 
2157.771524 0.001877 
2156.871390 0.001877 
2155.971257 0.001877 
2155.071124 0.001877 
2154.170990 0.001877 
2153.270857 0.001877 
2152.370724 0.001877 
2151.470590 0.001877 
2150.570457 0.001877 
2149.670323 0.001877 
2148.770190 0.001877 
2147.870057 0.001877 
2146.969923 0.001877 
2146.069790 0.001877 
2145.169657 0.001877 
2144.269523 0.001877 
2143.369390 0.001877 
2142.469256 0.001877 
2141.569123 0.001877 
2140.668990 0.001877 
2139.768856 0.001877 
2138.868723 0.001877 
2137.968590 0.001877 
2137.068456 0.001877 
2136.168323 0.001877 
2135.268189 0.001877 
2134.368056 0.001877 
2133.467923 0.001877 
2132.567789 0.001877 
2131.667656 0.001877 
2130.767523 0.001877 
2129.867389 0.001877 
2128.967256 0.001877 
2128.067122 0.001877 
2127.166989 0.001877 
2126.266856 0.001877 
2125.366722 0.001877 
2124.466589 0.001877 
2123.566455 0.001877 
2122.666322 0.001877 
2121.766189 0.001877 
2120.866055 0.001877 
2119.965922 0.001877 
2119.065789 0.001877 
2118.165655 0.001877 
2117.265522 0.001877 
2116.365388 0.001877 
2115.465255 0.001877 
2114.565122 0.001877 
2113.664988 0.001877 
2112.764855 0.001877 
2111.864722 0.001877 
2110.964588 0.001877 
2110.064455 0.001877 
2109.164321 0.001877 
2108.264188 0.001877 
2107.364055 0.001877 
2106.463921 0.001877 
2105.563788 0.001877 
2104.663655 0.001877 
2103.763521 0.001877 
2102.863388 0.001877 
2101.963254 0.001877 
2101.063121 0.001877 
2100.162988 0.001877 
2099.262854 0.001877 
2098.362721 0.001877 
2097.462588 0.001877 
2096.562454 0.001877 
2095.662321 0.001877 
2094.762187 0.001877 
2093.862054 0.001877 
2092.961921 0.001877 
2092.061787 0.001877 
2091.161654 0.001877 
2090.261521 0.001877 
2089.361387 0.001877 
2088.461254 0.001877 
2087.561120 0.001877 
2086.660987 0.001877 
2085.760854 0.001877 
2084.860720 0.001877 
2083.960587 0.001877 
2083.060453 0.001877 
2082.160320 0.001877 
2081.260187 0.001877 
2080.360053 0.001877 
2079.459920 0.001877 
2078.559787 0.001877 
2077.659653 0.001877 
2076.759520 0.001877 
2075.859386 0.001877 
2074.959253 0.001877 
2074.059120 0.001877 
2073.158986 0.001877 
2072.258853 0.001877 
2071.358720 0.001877 
2070.458586 0.001877 
2069.558453 0.001877 
2068.658319 0.001877 
2067.758186 0.001877 
2066.858053 0.001877 
2065.957919 0.001877 
2065.057786 0.001877 
2064.157653 0.001877 
2063.257519 0.001877 
2062.357386 0.001877 
2061.457252 0.001877 
2060.557119 0.001877 
2059.656986 0.001877 
2058.756852 0.001877 
2057.856719 0.001877 
2056.956586 0.001877 
2056.056452 0.001877 
2055.156319 0.001877 
2054.256185 0.001877 
2053.356052 0.001877 
2052.455919 0.001877 
2051.555785 0.001877 
2050.655652 0.001877 
2049.755519 0.001877 
2048.855385 0.001877 
2047.955252 0.001877 
2047.055118 0.001877 
2046.154985 0.001877 
2045.254852 0.001877 
2044.354718 0.001877 
2043.454585 0.001877 
2042.554451 0.001877 
2041.654318 0.001877 
2040.754185 0.001877 
2039.854051 0.001877 
2038.953918 0.001877 
2038.053785 0.001877 
2037.153651 0.001877 
2036.253518 0.001877 
2035.353384 0.001877 
2034.453251 0.001877 
2033.553118 0.001877 
2032.652984 0.001877 
2031.752851 0.001877 
2030.852718 0.001877 
2029.952584 0.001877 
2029.052451 0.001877 
2028.152317 0.001877 
2027.252184 0.001877 
2026.352051 0.001877 
2025.451917 0.001877 
2024.551784 0.001877 
2023.651651 0.001877 
2022.751517 0.001877 
2021.851384 0.001877 
2020.951250 0.001877 
2020.051117 0.001877 
2019.150984 0.001877 
2018.250850 0.001877 
2017.350717 0.001877 
2016.450584 0.001877 
2015.550450 0.001877 
2014.650317 0.001877 
2013.750183 0.001877 
2012.850050 0.001877 
2011.949917 0.001877 
2011.049783 0.001877 
2010.149650 0.001877 
2009.249517 0.001877 
2008.349383 0.001877 
2007.449250 0.001877 
2006.549116 0.001877 
2005.648983 0.001877 
2004.748850 0.001877 
2003.848716 0.001877 
2002.948583 0.001877 
2002.048449 0.001877 
2001.148316 0.001877 
2000.248183 0.001877 
1999.348049 0.001877 
1998.447916 0.001877 
1997.547783 0.001877 
1996.647649 0.001877 
1995.747516 0.001877 
1994.847382 0.001877 
1993.947249 0.001877 
1993.047116 0.001877 
1992.146982 0.001877 
1991.246849 0.001877 
1990.346716 0.001877 
1989.446582 0.001877 
1988.546449 0.001877 
1987.646315 0.001877 
1986.746182 0.001877 
1985.846049 0.001877 
1984.945915 0.001877 
1984.045782 0.001877 
1983.145649 0.001877 
1982.245515 0.001877 
1981.345382 0.001877 
1980.445248 0.001877 
1979.545115 0.001877 
1978.644982 0.001877 
1977.744848 0.001877 
1976.844715 0.001877 
1975.944582 0.001877 
1975.044448 0.001877 
1974.144315 0.001877 
1973.244181 0.001877 
1972.344048 0.001877 
1971.443915 0.001877 
1970.543781 0.001877 
1969.643648 0.001877 
1968.743515 0.001877 
1967.843381 0.001877 
1966.943248 0.001877 
1966.043114 0.001877 
1965.142981 0.001877 
1964.242848 0.001877 
1963.342714 0.001877 
1962.442581 0.001877 
1961.542447 0.001877 
1960.642314 0.001877 
1959.742181 0.001877 
1958.842047 0.001877 
1957.941914 0.001877 
1957.041781 0.001877 
1956.141647 0.001877 
1955.241514 0.001877 
1954.341380 0.001877 
1953.441247 0.001877 
1952.541114 0.001877 
1951.640980 0.001877 
1950.740847 0.001877 
1949.840714 0.001877 
1948.940580 0.001877 
1948.040447 0.001877 
1947.140313 0.001877 
1946.240180 0.001877 
1945.340047 0.001877 
1944.439913 0.001877 
1943.539780 0.001877 
1942.639647 0.001877 
1941.739513 0.001877 
1940.839380 0.001877 
1939.939246 0.001877 
1939.039113 0.001877 
1938.138980 0.001877 
1937.238846 0.001877 
1936.338713 0.001877 
1935.438580 0.001877 
1934.538446 0.001877 
1933.638313 0.001877 
1932.738179 0.001877 
1931.838046 0.001877 
1930.937913 0.001877 
1930.037779 0.001877 
1929.137646 0.001877 
1928.237513 0.001877 
1927.337379 0.001877 
1926.437246 0.001877 
1925.537112 0.001877 
1924.636979 0.001877 
1923.736846 0.001877 
1922.836712 0.001877 
1921.936579 0.001877 
1921.036445 0.001877 
1920.136312 0.001877 
1919.236179 0.001877 
1918.336045 0.001877 
1917.435912 0.001877 
1916.535779 0.001877 
1915.635645 0.001877 
1914.735512 0.001877 
1913.835378 0.001877 
1912.935245 0.001877 
1912.035112 0.001877 
1911.134978 0.001877 
1910.234845 0.001877 
1909.334712 0.001877 
1908.434578 0.001877 
1907.534445 0.001877 
1906.634311 0.001877 
1905.734178 0.001877 
1904.834045 0.001877 
1903.933911 0.001877 
1903.033778 0.001877 
1902.133645 0.001877 
1901.233511 0.001877 
1900.333378 0.001877 
1899.433244 0.001877 
1898.533111 0.001877 
1897.632978 0.001877 
1896.732844 0.001877 
1895.832711 0.001877 
1894.932578 0.001877 
1894.032444 0.001877 
1893.132311 0.001877 
1892.232177 0.001877 
1891.332044 0.001877 
1890.431911 0.001877 
1889.531777 0.001877 
1888.631644 0.001877 
1887.731511 0.001877 
1886.831377 0.001877 
1885.931244 0.001877 
1885.031110 0.001877 
1884.130977 0.001877 
1883.230844 0.001877 
1882.330710 0.001877 
1881.430577 0.001877 
1880.530443 0.001877 
1879.630310 0.001877 
1878.730177 0.001877 
1877.830043 0.001877 
1876.929910 0.001877 
1876.029777 0.001877 
1875.129643 0.001877 
1874.229510 0.001877 
1873.329376 0.001877 
1872.429243 0.001877 
1871.529110 0.001877 
1870.628976 0.001877 
1869.728843 0.001877 
1868.828710 0.001877 
1867.928576 0.001877 
1867.028443 0.001877 
1866.128309 0.001877 
1865.228176 0.001877 
1864.328043 0.001877 
1863.427909 0.001877 
1862.527776 0.001877 
1861.627643 0.001877 
1860.727509 0.001877 
1859.827376 0.001877 
1858.927242 0.001877 
1858.027109 0.001877 
1857.126976 0.001877 
1856.226842 0.001877 
1855.326709 0.001877 
1854.426576 0.001877 
1853.526442 0.001877 
1852.626309 0.001877 
1851.726175 0.001877 
1850.826042 0.001877 
1849.925909 0.001877 
1849.025775 0.001877 
1848.125642 0.001877 
1847.225509 0.001877 
1846.325375 0.001877 
1845.425242 0.001877 
1844.525108 0.001877 
1843.624975 0.001877 
1842.724842 0.001877 
1841.824708 0.001877 
1840.924575 0.001877 
1840.024441 0.001877 
1839.124308 0.001877 
1838.224175 0.001877 
1837.324041 0.001877 
1836.423908 0.001877 
1835.523775 0.001877 
1834.623641 0.001877 
1833.723508 0.001877 
1832.823374 0.001877 
1831.923241 0.001877 
1831.023108 0.001877 
1830.122974 0.001877 
1829.222841 0.001877 
1828.322708 0.001877 
1827.422574 0.001877 
1826.522441 0.001877 
1825.622307 0.001877 
1824.722174 0.001877 
1823.822041 0.001877 
1822.921907 0.001877 
1822.021774 0.001877 
1821.121641 0.001877 
1820.221507 0.001877 
1819.321374 0.001877 
1818.421240 0.001877 
1817.521107 0.001877 
1816.620974 0.001877 
1815.720840 0.001877 
1814.820707 0.001877 
1813.920574 0.001877 
1813.020440 0.001877 
1812.120307 0.001877 
1811.220173 0.001877 
1810.320040 0.001877 
1809.419907 0.001877 
1808.519773 0.001877 
1807.619640 0.001877 
1806.719507 0.001877 
1805.819373 0.001877 
1804.919240 0.001877 
1804.019106 0.001877 
1803.118973 0.001877 
1802.218840 0.001877 
1801.318706 0.001877 
1800.418573 0.001877 
1799.518439 0.001877 
1798.618306 0.001877 
1797.718173 0.001877 
1796.818039 0.001877 
1795.917906 0.001877 
1795.017773 0.001877 
1794.117639 0.001877 
1793.217506 0.001877 
1792.317372 0.001877 
1791.417239 0.001877 
1790.517106 0.001877 
1789.616972 0.001877 
1788.716839 0.001877 
1787.816706 0.001877 
1786.916572 0.001877 
1786.016439 0.001877 
1785.116305 0.001877 
1784.216172 0.001877 
1783.316039 0.001877 
1782.415905 0.001877 
1781.515772 0.001877 
1780.615639 0.001877 
1779.715505 0.001877 
1778.815372 0.001877 
1777.915238 0.001877 
1777.015105 0.001877 
1776.114972 0.001877 
1775.214838 0.001877 
1774.314705 0.001877 
1773.414572 0.002948 
1772.514438 0.001877 
1771.614305 0.001877 
1770.714171 0.001877 
1769.814038 0.001877 
1768.913905 0.001877 
1768.013771 0.001877 
1767.113638 0.001877 
1766.213505 0.001877 
1765.313371 0.000699 
1764.413238 0.001877 
1763.513104 0.001877 
1762.612971 0.001877 
1761.712838 0.001877 
1760.812704 0.001877 
1759.912571 0.001877 
1759.012437 0.001877 
1758.112304 0.001877 
1757.212171 0.001877 
1756.312037 0.001877 
1755.411904 0.001877 
1754.511771 0.001455 
1753.611637 0.001877 
1752.711504 0.001877 
1751.811370 0.001877 
1750.911237 0.001877 
1750.011104 0.001877 
1749.110970 0.001877 
1748.210837 0.001877 
1747.310704 0.001877 
1746.410570 0.001877 
1745.510437 0.001877 
1744.610303 0.001877 
1743.710170 0.001877 
1742.810037 0.001877 
1741.909903 0.001877 
1741.009770 0.001877 
1740.109637 0.001877 
1739.209503 0.000984 
1738.309370 0.001877 
1737.409236 0.001877 
1736.509103 0.001877 
1735.608970 0.001877 
1734.708836 0.002283 
1733.808703 0.001877 
1732.908570 0.001877 
1732.008436 0.001877 
1731.108303 0.001877 
1730.208169 0.001877 
1729.308036 0.001877 
1728.407903 0.001877 
1727.507769 0.001877 
1726.607636 0.001877 
1725.707503 0.001877 
1724.807369 0.001877 
1723.907236 0.001877 
1723.007102 0.001877 
1722.106969 0.001877 
1721.206836 0.001877 
1720.306702 0.001877 
1719.406569 0.001877 
1718.506435 0.002603 
1717.606302 0.003315 
1716.706169 0.001877 
1715.806035 0.001877 
1714.905902 0.001877 
1714.005769 0.001877 
1713.105635 0.001877 
1712.205502 0.001877 
1711.305368 0.001877 
1710.405235 0.001877 
1709.505102 0.001877 
1708.604968 0.001877 
1707.704835 0.001877 
1706.804702 0.001877 
1705.904568 0.001877 
1705.004435 0.001877 
1704.104301 0.001877 
1703.204168 0.001877 
1702.304035 0.001877 
1701.403901 0.003362 
1700.503768 0.003751 
1699.603635 0.001877 
1698.703501 0.001877 
1697.803368 0.001877 
1696.903234 0.002240 
1696.003101 0.003751 
1695.102968 0.001877 
1694.202834 0.001877 
1693.302701 0.001877 
1692.402568 0.001877 
1691.502434 0.001877 
1690.602301 0.001877 
1689.702167 0.001877 
1688.802034 0.001877 
1687.901901 0.001877 
1687.001767 0.001877 
1686.101634 0.002995 
1685.201501 0.003751 
1684.301367 0.001877 
1683.401234 0.001877 
1682.501100 0.001877 
1681.600967 0.001877 
1680.700834 0.001877 
1679.800700 0.001877 
1678.900567 0.001877 
1678.000433 0.001877 
1677.100300 0.001877 
1676.200167 0.003751 
1675.300033 0.003751 
1674.399900 0.001877 
1673.499767 0.001877 
1672.599633 0.001877 
1671.699500 0.003000 
1670.799366 0.001877 
1669.899233 0.003751 
1668.999100 0.001877 
1668.098966 0.001877 
1667.198833 0.001877 
1666.298700 0.001877 
1665.398566 0.001877 
1664.498433 0.001877 
1663.598299 0.003751 
1662.698166 0.003751 
1661.798033 0.003751 
1660.897899 0.002244 
1659.997766 0.001877 
1659.097633 0.003751 
1658.197499 0.001877 
1657.297366 0.003751 
1656.397232 0.003751 
1655.497099 0.003751 
1654.596966 0.003764 
1653.696832 0.005611 
1652.796699 0.005611 
1651.896566 0.003751 
1650.996432 0.003751 
1650.096299 0.003362 
1649.196165 0.003751 
1648.296032 0.003751 
1647.395899 0.003751 
1646.495765 0.005166 
1645.595632 0.003751 
1644.695498 0.003751 
1643.795365 0.003751 
1642.895232 0.003751 
1641.995098 0.003751 
1641.094965 0.003751 
1640.194832 0.003751 
1639.294698 0.003751 
1638.394565 0.003751 
1637.494431 0.003751 
1636.594298 0.004143 
1635.694165 0.005218 
1634.794031 0.003751 
1633.893898 0.003751 
1632.993765 0.003751 
1632.093631 0.003751 
1631.193498 0.003751 
1630.293364 0.003751 
1629.393231 0.003751 
1628.493098 0.003751 
1627.592964 0.003751 
1626.692831 0.003751 
1625.792698 0.003751 
1624.892564 0.003751 
1623.992431 0.003751 
1623.092297 0.003751 
1622.192164 0.003751 
1621.292031 0.003751 
1620.391897 0.003751 
1619.491764 0.003751 
1618.591631 0.003751 
1617.691497 0.004528 
1616.791364 0.005106 
1615.891230 0.003751 
1614.991097 0.003751 
1614.090964 0.003751 
1613.190830 0.003751 
1612.290697 0.003751 
1611.390564 0.003751 
1610.490430 0.003751 
1609.590297 0.003751 
1608.690163 0.003751 
1607.790030 0.003751 
1606.889897 0.003751 
1605.989763 0.003751 
1605.089630 0.003751 
1604.189496 0.003751 
1603.289363 0.003751 
1602.389230 0.003751 
1601.489096 0.003751 
1600.588963 0.003751 
1599.688830 0.003751 
1598.788696 0.003751 
1597.888563 0.003751 
1596.988429 0.003751 
1596.088296 0.003751 
1595.188163 0.003751 
1594.288029 0.003751 
1593.387896 0.003751 
1592.487763 0.003751 
1591.587629 0.003751 
1590.687496 0.003751 
1589.787362 0.003751 
1588.887229 0.003751 
1587.987096 0.003751 
1587.086962 0.003751 
1586.186829 0.003751 
1585.286696 0.003751 
1584.386562 0.003751 
1583.486429 0.003751 
1582.586295 0.003751 
1581.686162 0.003751 
1580.786029 0.003751 
1579.885895 0.003751 
1578.985762 0.003751 
1578.085629 0.003751 
1577.185495 0.004549 
1576.285362 0.005080 
1575.385228 0.003751 
1574.485095 0.003751 
1573.584962 0.003751 
1572.684828 0.003751 
1571.784695 0.003751 
1570.884562 0.003751 
1569.984428 0.003751 
1569.084295 0.003751 
1568.184161 0.003677 
1567.284028 0.003751 
1566.383895 0.003751 
1565.483761 0.003751 
1564.583628 0.003751 
1563.683494 0.003751 
1562.783361 0.003751 
1561.883228 0.003751 
1560.983094 0.005611 
1560.082961 0.004061 
1559.182828 0.005304 
1558.282694 0.004433 
1557.382561 0.003751 
1556.482427 0.003751 
1555.582294 0.003751 
1554.682161 0.003751 
1553.782027 0.003751 
1552.881894 0.003751 
1551.981761 0.003751 
1551.081627 0.003751 
1550.181494 0.003751 
1549.281360 0.003751 
1548.381227 0.003751 
1547.481094 0.003751 
1546.580960 0.003751 
1545.680827 0.003751 
1544.780694 0.003751 
1543.880560 0.003751 
1542.980427 0.003751 
1542.080293 0.003751 
1541.180160 0.003846 
1540.280027 0.003828 
1539.379893 0.005611 
1538.479760 0.003751 
1537.579627 0.003751 
1536.679493 0.003751 
1535.779360 0.003751 
1534.879226 0.003751 
1533.979093 0.003751 
1533.078960 0.003751 
1532.178826 0.003751 
1531.278693 0.003751 
1530.378560 0.003751 
1529.478426 0.003751 
1528.578293 0.003751 
1527.678159 0.003751 
1526.778026 0.003751 
1525.877893 0.003751 
1524.977759 0.003751 
1524.077626 0.003751 
1523.177492 0.003751 
1522.277359 0.004208 
1521.377226 0.005153 
1520.477092 0.003751 
1519.576959 0.003751 
1518.676826 0.003751 
1517.776692 0.003751 
1516.876559 0.003751 
1515.976425 0.003751 
1515.076292 0.003751 
1514.176159 0.003751 
1513.276025 0.003751 
1512.375892 0.003751 
1511.475759 0.003751 
1510.575625 0.003751 
1509.675492 0.003751 
1508.775358 0.003751 
1507.875225 0.004217 
1506.975092 0.003751 
1506.074958 0.005330 
1505.174825 0.003751 
1504.274692 0.002529 
1503.374558 0.001877 
1502.474425 0.003751 
1501.574291 0.003751 
1500.674158 0.003751 
1499.774025 0.003751 
1498.873891 0.003751 
1497.973758 0.003099 
1497.073625 0.003751 
1496.173491 0.003751 
1495.273358 0.003276 
1494.373224 0.002352 
1493.473091 0.003651 
1492.572958 0.001877 
1491.672824 0.003751 
1490.772691 0.003751 
1489.872558 0.003751 
1488.972424 0.003751 
1488.072291 0.003751 
1487.172157 0.003751 
1486.272024 0.003751 
1485.371891 0.002145 
1484.471757 0.003751 
1483.571624 0.003751 
1482.671490 0.003751 
1481.771357 0.003751 
1480.871224 0.003751 
1479.971090 0.001877 
1479.070957 0.001877 
1478.170824 0.003751 
1477.270690 0.003112 
1476.370557 0.003751 
1475.470423 0.001877 
1474.570290 0.002361 
1473.670157 0.003751 
1472.770023 0.003751 
1471.869890 0.003751 
1470.969757 0.003751 
1470.069623 0.003751 
1469.169490 0.003751 
1468.269356 0.003751 
1467.369223 0.002365 
1466.469090 0.003751 
1465.568956 0.003751 
1464.668823 0.003751 
1463.768690 0.003751 
1462.868556 0.003751 
1461.968423 0.003751 
1461.068289 0.003751 
1460.168156 0.003751 
1459.268023 0.003751 
1458.367889 0.003751 
1457.467756 0.004989 
1456.567623 0.004532 
1455.667489 0.003751 
1454.767356 0.003751 
1453.867222 0.003751 
1452.967089 0.003751 
1452.066956 0.003751 
1451.166822 0.003751 
1450.266689 0.003751 
1449.366556 0.003751 
1448.466422 0.003751 
1447.566289 0.003751 
1446.666155 0.003751 
1445.766022 0.003751 
1444.865889 0.003751 
1443.965755 0.003751 
1443.065622 0.003751 
1442.165488 0.003751 
1441.265355 0.003751 
1440.365222 0.003751 
1439.465088 0.003751 
1438.564955 0.003751 
1437.664822 0.003751 
1436.764688 0.004364 
1435.864555 0.003751 
1434.964421 0.003751 
1434.064288 0.003751 
1433.164155 0.003751 
1432.264021 0.003751 
1431.363888 0.003751 
1430.463755 0.003751 
1429.563621 0.003751 
1428.663488 0.003751 
1427.763354 0.003751 
1426.863221 0.003751 
1425.963088 0.003751 
1425.062954 0.003751 
1424.162821 0.003751 
1423.262688 0.003751 
1422.362554 0.003751 
1421.462421 0.003751 
1420.562287 0.004264 
1419.662154 0.005611 
1418.762021 0.003984 
1417.861887 0.003751 
1416.961754 0.003751 
1416.061621 0.003751 
1415.161487 0.003751 
1414.261354 0.003751 
1413.361220 0.003751 
1412.461087 0.003751 
1411.560954 0.003751 
1410.660820 0.003751 
1409.760687 0.003751 
1408.860554 0.003751 
1407.960420 0.003751 
1407.060287 0.003751 
1406.160153 0.003751 
1405.260020 0.005386 
1404.359887 0.003751 
1403.459753 0.004346 
1402.559620 0.003751 
1401.659486 0.003751 
1400.759353 0.003751 
1399.859220 0.005611 
1398.959086 0.005460 
1398.058953 0.003751 
1397.158820 0.005611 
1396.258686 0.005611 
1395.358553 0.004648 
1394.458419 0.005611 
1393.558286 0.005611 
1392.658153 0.005611 
1391.758019 0.005611 
1390.857886 0.005611 
1389.957753 0.005024 
1389.057619 0.005611 
1388.157486 0.005611 
1387.257352 0.005611 
1386.357219 0.005611 
1385.457086 0.005611 
1384.556952 0.005611 
1383.656819 0.005611 
1382.756686 0.005611 
1381.856552 0.005611 
1380.956419 0.005611 
1380.056285 0.005611 
1379.156152 0.005611 
1378.256019 0.005611 
1377.355885 0.005611 
1376.455752 0.005611 
1375.555619 0.005611 
1374.655485 0.005611 
1373.755352 0.005611 
1372.855218 0.005822 
1371.955085 0.005611 
1371.054952 0.005611 
1370.154818 0.005611 
1369.254685 0.006923 
1368.354552 0.005611 
1367.454418 0.005611 
1366.554285 0.006958 
1365.654151 0.007510 
1364.754018 0.007510 
1363.853885 0.007510 
1362.953751 0.007510 
1362.053618 0.007510 
1361.153484 0.007510 
1360.253351 0.007510 
1359.353218 0.007510 
1358.453084 0.007510 
1357.552951 0.007510 
1356.652818 0.007510 
1355.752684 0.007510 
1354.852551 0.008451 
1353.952417 0.008848 
1353.052284 0.007510 
1352.152151 0.009409 
1351.252017 0.009409 
1350.351884 0.009409 
1349.451751 0.009409 
1348.551617 0.009409 
1347.651484 0.009409 
1346.751350 0.009409 
1345.851217 0.009409 
1344.951084 0.009409 
1344.050950 0.009409 
1343.150817 0.009409 
1342.250684 0.010704 
1341.350550 0.011265 
1340.450417 0.011265 
1339.550283 0.011265 
1338.650150 0.011265 
1337.750017 0.011265 
1336.849883 0.012927 
1335.949750 0.013164 
1335.049617 0.013164 
1334.149483 0.013164 
1333.249350 0.013164 
1332.349216 0.013358 
1331.449083 0.013358 
1330.548950 0.015063 
1329.648816 0.015063 
1328.748683 0.016397 
1327.848550 0.016962 
1326.948416 0.016962 
1326.048283 0.016962 
1325.148149 0.018818 
1324.248016 0.018818 
1323.347883 0.018818 
1322.447749 0.020717 
1321.547616 0.021675 
1320.647482 0.023574 
1319.747349 0.025094 
1318.847216 0.026613 
1317.947082 0.028313 
1317.046949 0.030036 
1316.146816 0.032155 
1315.246682 0.035258 
1314.346549 0.038836 
1313.446415 0.041693 
1312.546282 0.046717 
1311.646149 0.051732 
1310.746015 0.056925 
1309.845882 0.066325 
1308.945749 0.076757 
1308.045615 0.090318 
1307.145482 0.107893 
1306.245348 0.132965 
1305.345215 0.164891 
1304.445082 0.220288 
1303.544948 0.297934 
1302.644815 0.427063 
1301.744682 0.635003 
1300.844548 0.859067 
1299.944415 1.000000 
1299.044281 0.981484 
1298.144148 0.804961 
1297.244015 0.578039 
1296.343881 0.379461 
1295.443748 0.260095 
1294.543615 0.187827 
1293.643481 0.139491 
1292.743348 0.101095 
1291.843214 0.077137 
1290.943081 0.058163 
1290.042948 0.044296 
1289.142814 0.035137 
1288.242681 0.027770 
1287.342548 0.021636 
1286.442414 0.018231 
1285.542281 0.015063 
1284.642147 0.013164 
1283.742014 0.011425 
1282.841881 0.009603 
1281.941747 0.008049 
1281.041614 0.007510 
1280.141480 0.005611 
1279.241347 0.005611 
1278.341214 0.005391 
1277.441080 0.003751 
1276.540947 0.003751 
1275.640814 0.003751 
1274.740680 0.003751 
1273.840547 0.003751 
1272.940413 0.001877 
1272.040280 0.001877 
1271.140147 0.001877 
1270.240013 0.001877 
1269.339880 0.001877 
1268.439747 0.001877 
1267.539613 0.001877 
1266.639480 0.001877 
1265.739346 0.001877 
1264.839213 0.001877 
1263.939080 0.001877 
1263.038946 0.001877 
1262.138813 0.001877 
1261.238680 0.001877 
1260.338546 0.001877 
1259.438413 0.000604 
1258.538279 0.001877 
1257.638146 0.001877 
1256.738013 0.001877 
1255.837879 0.001877 
1254.937746 0.001877 
1254.037613 0.001877 
1253.137479 0.000764 
1252.237346 0.001877 
1251.337212 0.001640 
1250.437079 0.001735 
1249.536946 0.001877 
1248.636812 0.000000 
1247.736679 0.001877 
1246.836546 0.000000 
1245.936412 0.001877 
1245.036279 0.001877 
1244.136145 0.001877 
1243.236012 0.001877 
1242.335879 0.000509 
1241.435745 0.001368 
1240.535612 0.000993 
1239.635478 0.001877 
1238.735345 0.000000 
1237.835212 0.001877 
1236.935078 0.000129 
1236.034945 0.000000 
1235.134812 0.000505 
1234.234678 0.000117 
1233.334545 0.000880 
1232.434411 0.001877 
1231.534278 0.001877 
1230.634145 0.001877 
1229.734011 0.001877 
1228.833878 0.000000 
1227.933745 0.000501 
1227.033611 0.000000 
1226.133478 0.001096 
1225.233344 0.001877 
1224.333211 0.001623 
1223.433078 0.000000 
1222.532944 0.001877 
1221.632811 0.000000 
1220.732678 0.000000 
1219.832544 0.000000 
1218.932411 0.000630 
1218.032277 0.001877 
1217.132144 0.000000 
1216.232011 0.000000 
1215.331877 0.001877 
1214.431744 0.000000 
1213.531611 0.000868 
1212.631477 0.001877 
1211.731344 0.001877 
1210.831210 0.001877 
1209.931077 0.001877 
1209.030944 0.000117 
1208.130810 0.001877 
1207.230677 0.001877 
1206.330544 0.001877 
1205.430410 0.001877 
1204.530277 0.001877 
1203.630143 0.001877 
1202.730010 0.001877 
1201.829877 0.001877 
1200.929743 0.001877 
1200.029610 0.001877 
1199.129476 0.001877 
1198.229343 0.001877 
1197.329210 0.001877 
1196.429076 0.001877 
1195.528943 0.001877 
1194.628810 0.001877 
1193.728676 0.000859 
1192.828543 0.000859 
1191.928409 0.000643 
1191.028276 0.001877 
1190.128143 0.000268 
1189.228009 0.001877 
1188.327876 0.001877 
1187.427743 0.001877 
1186.527609 0.001877 
1185.627476 0.001877 
1184.727342 0.001877 
1183.827209 0.001877 
1182.927076 0.001877 
1182.026942 0.001877 
1181.126809 0.001877 
1180.226676 0.001877 
1179.326542 0.001877 
1178.426409 0.000652 
1177.526275 0.001877 
1176.626142 0.001877 
1175.726009 0.001877 
1174.825875 0.001877 
1173.925742 0.001877 
1173.025609 0.001877 
1172.125475 0.001877 
1171.225342 0.001877 
1170.325208 0.001877 
1169.425075 0.001877 
1168.524942 0.001877 
1167.624808 0.001877 
1166.724675 0.001877 
1165.824542 0.001877 
1164.924408 0.001877 
1164.024275 0.001877 
1163.124141 0.001877 
1162.224008 0.001877 
1161.323875 0.001877 
1160.423741 0.001877 
1159.523608 0.001877 
1158.623474 0.001877 
1157.723341 0.001877 
1156.823208 0.001877 
1155.923074 0.001877 
1155.022941 0.001877 
1154.122808 0.001877 
1153.222674 0.001877 
1152.322541 0.001877 
1151.422407 0.001877 
1150.522274 0.000293 
1149.622141 0.001877 
1148.722007 0.001877 
1147.821874 0.001877 
1146.921741 0.001877 
1146.021607 0.001877 
1145.121474 0.001877 
1144.221340 0.001877 
1143.321207 0.001580 
1142.421074 0.001795 
1141.520940 0.001877 
1140.620807 0.001877 
1139.720674 0.000000 
1138.820540 0.001877 
1137.920407 0.001877 
1137.020273 0.001877 
1136.120140 0.001877 
1135.220007 0.001877 
1134.319873 0.001877 
1133.419740 0.000561 
1132.519607 0.001877 
1131.619473 0.001877 
1130.719340 0.001877 
1129.819206 0.000302 
1128.919073 0.001877 
1128.018940 0.001877 
1127.118806 0.001429 
1126.218673 0.001877 
1125.318540 0.001877 
1124.418406 0.000682 
1123.518273 0.001877 
1122.618139 0.001877 
1121.718006 0.001877 
1120.817873 0.001877 
1119.917739 0.001325 
1119.017606 0.001877 
1118.117472 0.001877 
1117.217339 0.001877 
1116.317206 0.001877 
1115.417072 0.001877 
1114.516939 0.001795 
1113.616806 0.001877 
1112.716672 0.001877 
1111.816539 0.000859 
1110.916405 0.001877 
1110.016272 0.001877 
1109.116139 0.000060 
1108.216005 0.001877 
1107.315872 0.001877 
1106.415739 0.001334 
1105.515605 0.001877 
1104.615472 0.001877 
1103.715338 0.001877 
1102.815205 0.001877 
1101.915072 0.001877 
1101.014938 0.001804 
1100.114805 0.001877 
1099.214672 0.001877 
1098.314538 0.001877 
1097.414405 0.001877 
1096.514271 0.001877 
1095.614138 0.001877 
1094.714005 0.001877 
1093.813871 0.001877 
1092.913738 0.001877 
1092.013605 0.001877 
1091.113471 0.001877 
1090.213338 0.001877 
1089.313204 0.001877 
1088.413071 0.001877 
1087.512938 0.001877 
1086.612804 0.001877 
1085.712671 0.001877 
1084.812538 0.001877 
1083.912404 0.001877 
1083.012271 0.001877 
1082.112137 0.001877 
1081.212004 0.001877 
1080.311871 0.001455 
1079.411737 0.001877 
1078.511604 0.001877 
1077.611470 0.001877 
1076.711337 0.001877 
1075.811204 0.001877 
1074.911070 0.001877 
1074.010937 0.001877 
1073.110804 0.001877 
1072.210670 0.001877 
1071.310537 0.000988 
1070.410403 0.000712 
1069.510270 0.001877 
1068.610137 0.001877 
1067.710003 0.001877 
1066.809870 0.001877 
1065.909737 0.001088 
1065.009603 0.001877 
1064.109470 0.000000 
1063.209336 0.000423 
1062.309203 0.001537 
1061.409070 0.000000 
1060.508936 0.001877 
1059.608803 0.001877 
1058.708670 0.001877 
1057.808536 0.001877 
1056.908403 0.001877 
1056.008269 0.001877 
1055.108136 0.001877 
1054.208003 0.001877 
1053.307869 0.001472 
1052.407736 0.001877 
1051.507603 0.001877 
1050.607469 0.001877 
1049.707336 0.000000 
1048.807202 0.000350 
1047.907069 0.000026 
1047.006936 0.001476 
1046.106802 0.001877 
1045.206669 0.001877 
1044.306536 0.001877 
1043.406402 0.001877 
1042.506269 0.001877 
1041.606135 0.001877 
1040.706002 0.001877 
1039.805869 0.001877 
1038.905735 0.001877 
1038.005602 0.001877 
1037.105468 0.001877 
1036.205335 0.001877 
1035.305202 0.001877 
1034.405068 0.001877 
1033.504935 0.001877 
1032.604802 0.001877 
1031.704668 0.001877 
1030.804535 0.001877 
1029.904401 0.001877 
1029.004268 0.001877 
1028.104135 0.001877 
1027.204001 0.001877 
1026.303868 0.001877 
1025.403735 0.001877 
1024.503601 0.001877 
1023.603468 0.001877 
1022.703334 0.001877 
1021.803201 0.001877 
1020.903068 0.001877 
1020.002934 0.001877 
1019.102801 0.001877 
1018.202668 0.001877 
1017.302534 0.001877 
1016.402401 0.001877 
1015.502267 0.001877 
1014.602134 0.001877 
1013.702001 0.001877 
1012.801867 0.001877 
1011.901734 0.001877 
1011.001601 0.001877 
1010.101467 0.001877 
1009.201334 0.001877 
1008.301200 0.001877 
1007.401067 0.001877 
1006.500934 0.001877 
1005.600800 0.001877 
1004.700667 0.001877 
1003.800534 0.001877 
1002.900400 0.001877 
1002.000267 0.001877 
1001.100133 0.001877 
1000.200000 0.001877 
