3999.200000 0.001061 
3998.033238 0.001061 
3996.866475 0.001061 
3995.699713 0.001061 
3994.532951 0.000156 
3993.366189 0.000039 
3992.199426 0.001061 
3991.032664 0.000563 
3989.865902 0.000746 
3988.699140 0.000105 
3987.532377 0.000980 
3986.365615 0.000354 
3985.198853 0.000529 
3984.032091 0.000000 
3982.865328 0.000990 
3981.698566 0.000941 
3980.531804 0.000390 
3979.365042 0.000429 
3978.198279 0.000849 
3977.031517 0.001061 
3975.864755 0.000000 
3974.697993 0.000000 
3973.531230 0.000671 
3972.364468 0.001061 
3971.197706 0.000000 
3970.030944 0.000285 
3968.864181 0.001061 
3967.697419 0.001061 
3966.530657 0.001061 
3965.363895 0.001061 
3964.197132 0.000739 
3963.030370 0.000554 
3961.863608 0.001061 
3960.696846 0.001061 
3959.530083 0.000000 
3958.363321 0.000000 
3957.196559 0.000593 
3956.029797 0.000244 
3954.863034 0.000993 
3953.696272 0.001061 
3952.529510 0.000668 
3951.362748 0.000632 
3950.195985 0.001061 
3949.029223 0.001061 
3947.862461 0.000807 
3946.695699 0.000476 
3945.528936 0.000349 
3944.362174 0.000888 
3943.195412 0.000949 
3942.028650 0.000000 
3940.861887 0.000517 
3939.695125 0.001061 
3938.528363 0.001061 
3937.361601 0.000146 
3936.194838 0.001061 
3935.028076 0.001061 
3933.861314 0.001061 
3932.694552 0.001061 
3931.527789 0.001061 
3930.361027 0.000661 
3929.194265 0.000000 
3928.027503 0.000000 
3926.860740 0.000041 
3925.693978 0.001061 
3924.527216 0.001061 
3923.360453 0.001061 
3922.193691 0.001061 
3921.026929 0.001061 
3919.860167 0.001061 
3918.693404 0.001061 
3917.526642 0.001061 
3916.359880 0.001061 
3915.193118 0.000112 
3914.026355 0.000736 
3912.859593 0.000573 
3911.692831 0.000310 
3910.526069 0.001029 
3909.359306 0.001061 
3908.192544 0.001061 
3907.025782 0.001061 
3905.859020 0.001061 
3904.692257 0.001061 
3903.525495 0.001266 
3902.358733 0.001653 
3901.191971 0.001061 
3900.025208 0.001061 
3898.858446 0.001061 
3897.691684 0.001061 
3896.524922 0.001061 
3895.358159 0.001061 
3894.191397 0.001061 
3893.024635 0.001139 
3891.857873 0.001834 
3890.691110 0.001061 
3889.524348 0.000263 
3888.357586 0.000997 
3887.190824 0.001188 
3886.024061 0.001722 
3884.857299 0.001061 
3883.690537 0.001061 
3882.523775 0.001061 
3881.357012 0.001061 
3880.190250 0.001061 
3879.023488 0.001061 
3877.856726 0.001061 
3876.689963 0.001061 
3875.523201 0.001061 
3874.356439 0.001061 
3873.189677 0.001061 
3872.022914 0.001061 
3870.856152 0.003068 
3869.689390 0.001061 
3868.522628 0.001061 
3867.355865 0.001061 
3866.189103 0.002027 
3865.022341 0.001061 
3863.855579 0.001061 
3862.688816 0.001061 
3861.522054 0.001061 
3860.355292 0.001061 
3859.188530 0.001061 
3858.021767 0.001061 
3856.855005 0.001061 
3855.688243 0.003643 
3854.521480 0.003192 
3853.354718 0.002378 
3852.187956 0.002300 
3851.021194 0.001061 
3849.854431 0.001061 
3848.687669 0.001061 
3847.520907 0.001061 
3846.354145 0.001585 
3845.187382 0.002119 
3844.020620 0.002119 
3842.853858 0.002119 
3841.687096 0.001788 
3840.520333 0.001624 
3839.353571 0.002905 
3838.186809 0.002212 
3837.020047 0.002119 
3835.853284 0.001753 
3834.686522 0.001061 
3833.519760 0.001888 
3832.352998 0.002070 
3831.186235 0.001061 
3830.019473 0.001507 
3828.852711 0.002119 
3827.685949 0.002119 
3826.519186 0.002119 
3825.352424 0.002119 
3824.185662 0.002119 
3823.018900 0.002836 
3821.852137 0.003170 
3820.685375 0.002119 
3819.518613 0.002119 
3818.351851 0.002119 
3817.185088 0.003639 
3816.018326 0.002163 
3814.851564 0.002119 
3813.684802 0.002119 
3812.518039 0.002119 
3811.351277 0.002119 
3810.184515 0.002119 
3809.017753 0.002312 
3807.850990 0.003170 
3806.684228 0.002524 
3805.517466 0.002119 
3804.350704 0.003170 
3803.183941 0.003429 
3802.017179 0.003726 
3800.850417 0.003170 
3799.683655 0.002217 
3798.516892 0.003170 
3797.350130 0.003170 
3796.183368 0.002629 
3795.016606 0.002119 
3793.849843 0.002119 
3792.683081 0.002244 
3791.516319 0.003170 
3790.349557 0.003170 
3789.182794 0.003170 
3788.016032 0.003170 
3786.849270 0.003170 
3785.682508 0.003170 
3784.515745 0.003170 
3783.348983 0.003170 
3782.182221 0.003170 
3781.015458 0.003390 
3779.848696 0.004243 
3778.681934 0.003580 
3777.515172 0.004107 
3776.348409 0.003226 
3775.181647 0.003982 
3774.014885 0.003170 
3772.848123 0.003948 
3771.681360 0.004243 
3770.514598 0.005214 
3769.347836 0.004243 
3768.181074 0.004243 
3767.014311 0.004243 
3765.847549 0.004243 
3764.680787 0.004243 
3763.514025 0.004243 
3762.347262 0.004243 
3761.180500 0.005102 
3760.013738 0.005316 
3758.846976 0.004243 
3757.680213 0.004695 
3756.513451 0.005316 
3755.346689 0.005316 
3754.179927 0.005363 
3753.013164 0.006828 
3751.846402 0.005316 
3750.679640 0.006780 
3749.512878 0.005555 
3748.346115 0.005316 
3747.179353 0.005316 
3746.012591 0.007397 
3744.845829 0.007245 
3743.679066 0.006365 
3742.512304 0.006365 
3741.345542 0.006365 
3740.178780 0.006365 
3739.012017 0.006365 
3737.845255 0.007389 
3736.678493 0.006602 
3735.511731 0.007021 
3734.344968 0.006365 
3733.178206 0.007248 
3732.011444 0.006377 
3730.844682 0.006365 
3729.677919 0.006365 
3728.511157 0.007104 
3727.344395 0.007438 
3726.177633 0.007438 
3725.010870 0.007438 
3723.844108 0.007438 
3722.677346 0.007438 
3721.510584 0.007438 
3720.343821 0.007438 
3719.177059 0.007438 
3718.010297 0.007438 
3716.843535 0.007438 
3715.676772 0.008428 
3714.510010 0.007643 
3713.343248 0.008935 
3712.176485 0.008916 
3711.009723 0.008511 
3709.842961 0.008511 
3708.676199 0.008511 
3707.509436 0.008511 
3706.342674 0.008511 
3705.175912 0.009396 
3704.009150 0.009584 
3702.842387 0.009584 
3701.675625 0.009584 
3700.508863 0.009584 
3699.342101 0.009584 
3698.175338 0.009716 
3697.008576 0.010633 
3695.841814 0.010633 
3694.675052 0.010633 
3693.508289 0.010633 
3692.341527 0.011706 
3691.174765 0.011318 
3690.008003 0.011903 
3688.841240 0.011964 
3687.674478 0.011706 
3686.507716 0.011706 
3685.340954 0.012135 
3684.174191 0.012779 
3683.007429 0.012779 
3681.840667 0.013852 
3680.673905 0.013852 
3679.507142 0.014381 
3678.340380 0.014925 
3677.173618 0.016896 
3676.006856 0.015998 
3674.840093 0.015998 
3673.673331 0.015998 
3672.506569 0.016742 
3671.339807 0.018120 
3670.173044 0.016149 
3669.006282 0.016649 
3667.839520 0.015998 
3666.672758 0.015998 
3665.505995 0.015998 
3664.339233 0.015998 
3663.172471 0.015998 
3662.005709 0.015998 
3660.838946 0.016905 
3659.672184 0.016027 
3658.505422 0.017071 
3657.338660 0.017578 
3656.171897 0.017403 
3655.005135 0.018054 
3653.838373 0.018169 
3652.671611 0.018520 
3651.504848 0.019242 
3650.338086 0.020819 
3649.171324 0.020390 
3648.004562 0.020315 
3646.837799 0.020315 
3645.671037 0.020315 
3644.504275 0.021144 
3643.337513 0.021388 
3642.170750 0.021388 
3641.003988 0.021822 
3639.837226 0.022485 
3638.670463 0.022485 
3637.503701 0.023553 
3636.336939 0.023558 
3635.170177 0.024029 
3634.003414 0.024656 
3632.836652 0.025582 
3631.669890 0.025765 
3630.503128 0.027145 
3629.336365 0.027899 
3628.169603 0.027148 
3627.002841 0.027789 
3625.836079 0.027899 
3624.669316 0.028262 
3623.502554 0.028996 
3622.335792 0.029816 
3621.169030 0.030070 
3620.002267 0.032047 
3618.835505 0.031567 
3617.668743 0.032264 
3616.501981 0.032264 
3615.335218 0.033323 
3614.168456 0.034435 
3613.001694 0.034920 
3611.834932 0.035532 
3610.668169 0.036444 
3609.501407 0.036737 
3608.334645 0.037727 
3607.167883 0.037727 
3606.001120 0.038493 
3604.834358 0.038825 
3603.667596 0.039922 
3602.500834 0.040251 
3601.334071 0.041600 
3600.167309 0.042141 
3599.000547 0.043129 
3597.833785 0.043422 
3596.667022 0.044741 
3595.500260 0.045433 
3594.333498 0.046294 
3593.166736 0.046592 
3591.999973 0.047877 
3590.833211 0.048775 
3589.666449 0.049470 
3588.499687 0.050769 
3587.332924 0.052091 
3586.166162 0.052091 
3584.999400 0.052591 
3583.832638 0.053962 
3582.665875 0.055352 
3581.499113 0.055544 
3580.332351 0.056888 
3579.165589 0.058276 
3577.998826 0.058798 
3576.832064 0.059881 
3575.665302 0.061193 
3574.498540 0.062163 
3573.331777 0.062800 
3572.165015 0.064109 
3570.998253 0.065531 
3569.831490 0.066843 
3568.664728 0.068214 
3567.497966 0.069594 
3566.331204 0.071018 
3565.164441 0.071225 
3563.997679 0.072567 
3562.830917 0.073981 
3561.664155 0.075305 
3560.497392 0.076744 
3559.330630 0.078071 
3558.163868 0.079437 
3556.997106 0.080858 
3555.830343 0.082197 
3554.663581 0.083641 
3553.496819 0.084999 
3552.330057 0.086438 
3551.163294 0.088392 
3549.996532 0.089453 
3548.829770 0.091701 
3547.663008 0.093094 
3546.496245 0.094549 
3545.329483 0.096569 
3544.162721 0.098512 
3542.995959 0.099895 
3541.829196 0.101500 
3540.662434 0.103890 
3539.495672 0.105255 
3538.328910 0.107723 
3537.162147 0.109282 
3535.995385 0.111138 
3534.828623 0.113318 
3533.661861 0.114784 
3532.495098 0.116191 
3531.328336 0.118764 
3530.161574 0.120663 
3528.994812 0.123436 
3527.828049 0.125512 
3526.661287 0.128058 
3525.494525 0.130733 
3524.327763 0.132679 
3523.161000 0.135625 
3521.994238 0.137576 
3520.827476 0.140161 
3519.660714 0.142292 
3518.493951 0.145551 
3517.327189 0.147826 
3516.160427 0.150762 
3514.993665 0.152398 
3513.826902 0.156727 
3512.660140 0.159054 
3511.493378 0.161397 
3510.326616 0.164373 
3509.159853 0.167499 
3507.993091 0.170401 
3506.826329 0.173435 
3505.659567 0.177393 
3504.492804 0.180646 
3503.326042 0.183834 
3502.159280 0.186785 
3500.992518 0.190587 
3499.825755 0.194228 
3498.658993 0.197193 
3497.492231 0.201707 
3496.325468 0.204714 
3495.158706 0.208648 
3493.991944 0.212284 
3492.825182 0.216852 
3491.658419 0.220210 
3490.491657 0.224363 
3489.324895 0.228453 
3488.158133 0.231945 
3486.991370 0.236769 
3485.824608 0.241044 
3484.657846 0.244936 
3483.491084 0.248872 
3482.324321 0.254371 
3481.157559 0.258305 
3479.990797 0.263197 
3478.824035 0.267443 
3477.657272 0.271645 
3476.490510 0.276859 
3475.323748 0.281675 
3474.156986 0.286702 
3472.990223 0.290977 
3471.823461 0.295320 
3470.656699 0.300658 
3469.489937 0.305587 
3468.323174 0.310726 
3467.156412 0.315952 
3465.989650 0.321339 
3464.822888 0.324977 
3463.656125 0.330160 
3462.489363 0.335554 
3461.322601 0.340649 
3460.155839 0.346172 
3458.989076 0.351374 
3457.822314 0.356215 
3456.655552 0.360702 
3455.488790 0.365929 
3454.322027 0.371625 
3453.155265 0.376903 
3451.988503 0.382370 
3450.821741 0.388004 
3449.654978 0.392472 
3448.488216 0.399207 
3447.321454 0.403168 
3446.154692 0.408987 
3444.987929 0.414464 
3443.821167 0.418993 
3442.654405 0.424382 
3441.487643 0.429652 
3440.320880 0.433625 
3439.154118 0.439415 
3437.987356 0.444585 
3436.820594 0.448570 
3435.653831 0.454125 
3434.487069 0.458776 
3433.320307 0.463631 
3432.153545 0.469094 
3430.986782 0.473091 
3429.820020 0.477891 
3428.653258 0.482817 
3427.486495 0.486980 
3426.319733 0.492620 
3425.152971 0.496664 
3423.986209 0.500902 
3422.819446 0.504873 
3421.652684 0.510557 
3420.485922 0.514918 
3419.319160 0.519300 
3418.152397 0.523341 
3416.985635 0.527633 
3415.818873 0.531813 
3414.652111 0.535927 
3413.485348 0.538715 
3412.318586 0.541758 
3411.151824 0.550177 
3409.985062 0.553315 
3408.818299 0.557354 
3407.651537 0.561873 
3406.484775 0.565258 
3405.318013 0.568870 
3404.151250 0.573111 
3402.984488 0.577717 
3401.817726 0.581995 
3400.650964 0.586516 
3399.484201 0.590957 
3398.317439 0.593457 
3397.150677 0.598149 
3395.983915 0.601722 
3394.817152 0.605236 
3393.650390 0.609750 
3392.483628 0.612286 
3391.316866 0.617069 
3390.150103 0.620741 
3388.983341 0.624431 
3387.816579 0.627189 
3386.649817 0.631555 
3385.483054 0.634413 
3384.316292 0.637044 
3383.149530 0.638490 
3381.982768 0.640761 
3380.816005 0.649423 
3379.649243 0.653313 
3378.482481 0.655715 
3377.315719 0.659654 
3376.148956 0.662480 
3374.982194 0.663775 
3373.815432 0.670128 
3372.648670 0.675027 
3371.481907 0.678066 
3370.315145 0.682624 
3369.148383 0.685497 
3367.981621 0.689467 
3366.814858 0.693340 
3365.648096 0.696369 
3364.481334 0.701258 
3363.314572 0.705538 
3362.147809 0.709228 
3360.981047 0.712574 
3359.814285 0.717261 
3358.647523 0.721817 
3357.480760 0.725082 
3356.313998 0.729033 
3355.147236 0.733086 
3353.980473 0.738415 
3352.813711 0.741290 
3351.646949 0.746446 
3350.480187 0.750384 
3349.313424 0.754596 
3348.146662 0.760090 
3346.979900 0.765268 
3345.813138 0.769633 
3344.646375 0.773630 
3343.479613 0.779173 
3342.312851 0.784195 
3341.146089 0.787480 
3339.979326 0.793020 
3338.812564 0.796713 
3337.645802 0.801697 
3336.479040 0.806989 
3335.312277 0.811723 
3334.145515 0.815808 
3332.978753 0.821527 
3331.811991 0.826989 
3330.645228 0.832501 
3329.478466 0.838310 
3328.311704 0.843787 
3327.144942 0.847689 
3325.978179 0.852903 
3324.811417 0.858556 
3323.644655 0.864509 
3322.477893 0.868616 
3321.311130 0.873762 
3320.144368 0.879488 
3318.977606 0.884848 
3317.810844 0.888899 
3316.644081 0.894993 
3315.477319 0.898625 
3314.310557 0.904263 
3313.143795 0.909638 
3311.977032 0.913881 
3310.810270 0.920146 
3309.643508 0.923729 
3308.476746 0.929282 
3307.309983 0.932472 
3306.143221 0.936883 
3304.976459 0.941232 
3303.809697 0.944299 
3302.642934 0.950165 
3301.476172 0.954306 
3300.309410 0.957298 
3299.142648 0.961792 
3297.975885 0.965246 
3296.809123 0.968599 
3295.642361 0.971684 
3294.475599 0.974969 
3293.308836 0.978151 
3292.142074 0.978786 
3290.975312 0.984653 
3289.808550 0.986465 
3288.641787 0.988518 
3287.475025 0.989172 
3286.308263 0.991855 
3285.141501 0.992825 
3283.974738 0.994562 
3282.807976 0.996725 
3281.641214 0.997293 
3280.474451 0.997903 
3279.307689 1.000000 
3278.140927 1.000000 
3276.974165 1.000000 
3275.807402 1.000000 
3274.640640 1.000000 
3273.473878 1.000000 
3272.307116 1.000000 
3271.140353 1.000000 
3269.973591 0.997293 
3268.806829 0.997293 
3267.640067 0.997293 
3266.473304 0.995308 
3265.306542 0.994562 
3264.139780 0.991855 
3262.973018 0.990977 
3261.806255 0.989172 
3260.639493 0.987114 
3259.472731 0.986392 
3258.305969 0.983263 
3257.139206 0.980034 
3255.972444 0.978442 
3254.805682 0.976330 
3253.638920 0.972962 
3252.472157 0.969867 
3251.305395 0.966667 
3250.138633 0.963434 
3248.971871 0.960380 
3247.805108 0.957049 
3246.638346 0.954013 
3245.471584 0.950862 
3244.304822 0.947697 
3243.138059 0.944434 
3241.971297 0.941407 
3240.804535 0.937473 
3239.637773 0.932594 
3238.471010 0.929623 
3237.304248 0.926387 
3236.137486 0.920915 
3234.970724 0.916952 
3233.803961 0.912269 
3232.637199 0.909338 
3231.470437 0.906109 
3230.303675 0.900744 
3229.136912 0.896525 
3227.970150 0.892316 
3226.803388 0.887065 
3225.636626 0.883753 
3224.469863 0.878568 
3223.303101 0.874371 
3222.136339 0.868738 
3220.969577 0.864909 
3219.802814 0.859712 
3218.636052 0.856159 
3217.469290 0.850287 
3216.302528 0.846253 
3215.135765 0.841188 
3213.969003 0.835662 
3212.802241 0.829850 
3211.635478 0.825751 
3210.468716 0.821007 
3209.301954 0.815569 
3208.135192 0.810165 
3206.968429 0.804492 
3205.801667 0.799227 
3204.634905 0.793601 
3203.468143 0.788323 
3202.301380 0.783022 
3201.134618 0.777510 
3199.967856 0.770526 
3198.801094 0.764641 
3197.634331 0.759542 
3196.467569 0.754084 
3195.300807 0.747987 
3194.134045 0.741605 
3192.967282 0.736537 
3191.800520 0.731311 
3190.633758 0.724156 
3189.466996 0.718156 
3188.300233 0.712006 
3187.133471 0.705097 
3185.966709 0.699334 
3184.799947 0.692994 
3183.633184 0.686726 
3182.466422 0.681102 
3181.299660 0.674403 
3180.132898 0.666841 
3178.966135 0.660766 
3177.799373 0.654591 
3176.632611 0.647531 
3175.465849 0.640702 
3174.299086 0.633379 
3173.132324 0.626658 
3171.965562 0.619583 
3170.798800 0.612779 
3169.632037 0.605619 
3168.465275 0.599081 
3167.298513 0.592269 
3166.131751 0.585553 
3164.964988 0.579117 
3163.798226 0.570369 
3162.631464 0.564034 
3161.464702 0.557422 
3160.297939 0.549518 
3159.131177 0.542953 
3157.964415 0.535847 
3156.797653 0.528153 
3155.630890 0.520619 
3154.464128 0.514006 
3153.297366 0.505777 
3152.130604 0.499356 
3150.963841 0.491957 
3149.797079 0.484641 
3148.630317 0.478300 
3147.463555 0.470118 
3146.296792 0.462939 
3145.130030 0.456105 
3143.963268 0.448233 
3142.796506 0.442146 
3141.629743 0.434201 
3140.462981 0.426533 
3139.296219 0.419727 
3138.129456 0.413023 
3136.962694 0.405134 
3135.795932 0.398225 
3134.629170 0.392016 
3133.462407 0.384529 
3132.295645 0.377434 
3131.128883 0.369796 
3129.962121 0.363163 
3128.795358 0.357095 
3127.628596 0.349872 
3126.461834 0.342461 
3125.295072 0.337078 
3124.128309 0.330118 
3122.961547 0.322997 
3121.794785 0.316310 
3120.628023 0.310484 
3119.461260 0.303914 
3118.294498 0.297156 
3117.127736 0.291065 
3115.960974 0.285173 
3114.794211 0.279544 
3113.627449 0.273018 
3112.460687 0.266802 
3111.293925 0.261224 
3110.127162 0.254462 
3108.960400 0.249494 
3107.793638 0.244429 
3106.626876 0.238432 
3105.460113 0.232950 
3104.293351 0.227526 
3103.126589 0.222883 
3101.959827 0.217881 
3100.793064 0.212106 
3099.626302 0.207582 
3098.459540 0.202719 
3097.292778 0.198178 
3096.126015 0.193374 
3094.959253 0.188933 
3093.792491 0.184207 
3092.625729 0.179734 
3091.458966 0.176537 
3090.292204 0.171847 
3089.125442 0.167494 
3087.958680 0.163878 
3086.791917 0.159717 
3085.625155 0.156559 
3084.458393 0.152513 
3083.291631 0.148679 
3082.124868 0.145360 
3080.958106 0.142529 
3079.791344 0.139481 
3078.624582 0.136086 
3077.457819 0.132474 
3076.291057 0.129616 
3075.124295 0.126809 
3073.957533 0.123800 
3072.790770 0.121024 
3071.624008 0.118086 
3070.457246 0.115269 
3069.290483 0.112625 
3068.123721 0.110706 
3066.956959 0.107819 
3065.790197 0.105941 
3064.623434 0.103431 
3063.456672 0.101644 
3062.289910 0.098939 
3061.123148 0.096822 
3059.956385 0.095415 
3058.789623 0.092889 
3057.622861 0.090299 
3056.456099 0.088943 
3055.289336 0.087528 
3054.122574 0.085148 
3052.955812 0.083556 
3051.789050 0.082219 
3050.622287 0.080212 
3049.455525 0.078283 
3048.288763 0.076969 
3047.122001 0.075518 
3045.955238 0.074189 
3044.788476 0.072803 
3043.621714 0.071435 
3042.454952 0.070104 
3041.288189 0.068682 
3040.121427 0.067314 
3038.954665 0.065926 
3037.787903 0.064617 
3036.621140 0.063197 
3035.454378 0.061888 
3034.287616 0.060527 
3033.120854 0.059159 
3031.954091 0.058798 
3030.787329 0.057549 
3029.620567 0.056239 
3028.453805 0.054888 
3027.287042 0.053535 
3026.120280 0.052225 
3024.953518 0.051930 
3023.786756 0.050994 
3022.619993 0.050343 
3021.453231 0.049053 
3020.286469 0.047653 
3019.119707 0.047455 
3017.952944 0.046124 
3016.786182 0.045433 
3015.619420 0.044577 
3014.452658 0.043239 
3013.285895 0.043005 
3012.119133 0.042141 
3010.952371 0.041414 
3009.785609 0.040027 
3008.618846 0.039832 
3007.452084 0.038825 
3006.285322 0.038259 
3005.118560 0.037727 
3003.951797 0.036693 
3002.785035 0.036503 
3001.618273 0.035532 
3000.451511 0.034930 
2999.284748 0.034435 
2998.117986 0.033384 
2996.951224 0.033198 
2995.784461 0.032264 
2994.617699 0.031625 
2993.450937 0.031167 
2992.284175 0.030070 
2991.117412 0.029852 
2989.950650 0.028996 
2988.783888 0.028321 
2987.617126 0.027899 
2986.450363 0.027845 
2985.283601 0.026826 
2984.116839 0.026297 
2982.950077 0.025729 
2981.783314 0.025729 
2980.616552 0.024656 
2979.449790 0.024656 
2978.283028 0.024087 
2977.116265 0.023558 
2975.949503 0.022539 
2974.782741 0.022485 
2973.615979 0.022063 
2972.449216 0.021388 
2971.282454 0.021388 
2970.115692 0.020332 
2968.948930 0.020315 
2967.782167 0.019866 
2966.615405 0.019242 
2965.448643 0.019242 
2964.281881 0.019220 
2963.115118 0.018169 
2961.948356 0.017673 
2960.781594 0.017071 
2959.614832 0.017071 
2958.448069 0.017010 
2957.281307 0.015998 
2956.114545 0.015476 
2954.947783 0.014925 
2953.781020 0.014925 
2952.614258 0.014925 
2951.447496 0.014925 
2950.280734 0.014306 
2949.113971 0.013852 
2947.947209 0.013852 
2946.780447 0.013852 
2945.613685 0.013852 
2944.446922 0.013194 
2943.280160 0.012779 
2942.113398 0.012779 
2940.946636 0.012508 
2939.779873 0.011706 
2938.613111 0.011706 
2937.446349 0.011706 
2936.279587 0.011577 
2935.112824 0.010633 
2933.946062 0.010633 
2932.779300 0.010633 
2931.612538 0.010633 
2930.445775 0.010472 
2929.279013 0.009584 
2928.112251 0.009584 
2926.945488 0.009584 
2925.778726 0.008597 
2924.611964 0.009382 
2923.445202 0.008511 
2922.278439 0.008511 
2921.111677 0.008511 
2919.944915 0.008453 
2918.778153 0.007677 
2917.611390 0.008048 
2916.444628 0.007438 
2915.277866 0.007438 
2914.111104 0.007438 
2912.944341 0.007438 
2911.777579 0.007438 
2910.610817 0.006699 
2909.444055 0.007284 
2908.277292 0.006365 
2907.110530 0.006365 
2905.943768 0.006365 
2904.777006 0.006365 
2903.610243 0.006365 
2902.443481 0.006365 
2901.276719 0.006365 
2900.109957 0.006365 
2898.943194 0.005572 
2897.776432 0.005316 
2896.609670 0.005316 
2895.442908 0.005316 
2894.276145 0.005316 
2893.109383 0.005316 
2891.942621 0.005316 
2890.775859 0.005316 
2889.609096 0.005316 
2888.442334 0.004612 
2887.275572 0.005226 
2886.108810 0.004243 
2884.942047 0.004243 
2883.775285 0.004243 
2882.608523 0.004243 
2881.441761 0.004243 
2880.274998 0.004243 
2879.108236 0.004243 
2877.941474 0.004243 
2876.774712 0.004243 
2875.607949 0.003178 
2874.441187 0.003170 
2873.274425 0.003626 
2872.107663 0.003607 
2870.940900 0.003170 
2869.774138 0.003170 
2868.607376 0.003170 
2867.440614 0.003663 
2866.273851 0.003570 
2865.107089 0.003170 
2863.940327 0.003170 
2862.773565 0.003170 
2861.606802 0.003170 
2860.440040 0.003170 
2859.273278 0.003170 
2858.106516 0.003170 
2856.939753 0.003170 
2855.772991 0.003170 
2854.606229 0.003170 
2853.439466 0.003170 
2852.272704 0.003170 
2851.105942 0.003170 
2849.939180 0.003170 
2848.772417 0.002322 
2847.605655 0.002119 
2846.438893 0.002119 
2845.272131 0.002119 
2844.105368 0.002119 
2842.938606 0.002119 
2841.771844 0.002153 
2840.605082 0.003170 
2839.438319 0.003170 
2838.271557 0.003170 
2837.104795 0.002231 
2835.938033 0.003170 
2834.771270 0.003170 
2833.604508 0.002592 
2832.437746 0.002922 
2831.270984 0.003170 
2830.104221 0.003170 
2828.937459 0.003170 
2827.770697 0.002553 
2826.603935 0.002956 
2825.437172 0.003170 
2824.270410 0.003170 
2823.103648 0.003170 
2821.936886 0.003170 
2820.770123 0.003170 
2819.603361 0.003170 
2818.436599 0.002397 
2817.269837 0.003170 
2816.103074 0.002439 
2814.936312 0.002119 
2813.769550 0.002119 
2812.602788 0.002119 
2811.436025 0.002119 
2810.269263 0.002119 
2809.102501 0.002119 
2807.935739 0.002119 
2806.768976 0.002468 
2805.602214 0.002590 
2804.435452 0.002119 
2803.268690 0.002119 
2802.101927 0.002119 
2800.935165 0.002119 
2799.768403 0.002119 
2798.601641 0.002119 
2797.434878 0.002119 
2796.268116 0.002119 
2795.101354 0.002119 
2793.934592 0.002119 
2792.767829 0.002119 
2791.601067 0.002119 
2790.434305 0.002119 
2789.267543 0.002119 
2788.100780 0.002119 
2786.934018 0.002119 
2785.767256 0.002119 
2784.600493 0.002119 
2783.433731 0.002119 
2782.266969 0.002119 
2781.100207 0.002119 
2779.933444 0.002119 
2778.766682 0.002119 
2777.599920 0.002119 
2776.433158 0.001307 
2775.266395 0.002085 
2774.099633 0.001295 
2772.932871 0.002119 
2771.766109 0.001449 
2770.599346 0.002002 
2769.432584 0.001132 
2768.265822 0.001844 
2767.099060 0.001061 
2765.932297 0.001768 
2764.765535 0.001136 
2763.598773 0.001061 
2762.432011 0.001061 
2761.265248 0.001061 
2760.098486 0.001061 
2758.931724 0.001061 
2757.764962 0.001061 
2756.598199 0.001061 
2755.431437 0.001061 
2754.264675 0.001061 
2753.097913 0.001061 
2751.931150 0.001061 
2750.764388 0.001061 
2749.597626 0.001061 
2748.430864 0.001061 
2747.264101 0.001061 
2746.097339 0.001061 
2744.930577 0.001061 
2743.763815 0.001061 
2742.597052 0.001061 
2741.430290 0.001061 
2740.263528 0.001061 
2739.096766 0.001061 
2737.930003 0.001061 
2736.763241 0.001061 
2735.596479 0.001061 
2734.429717 0.001061 
2733.262954 0.001061 
2732.096192 0.001061 
2730.929430 0.001061 
2729.762668 0.001061 
2728.595905 0.001061 
2727.429143 0.001061 
2726.262381 0.001061 
2725.095619 0.001061 
2723.928856 0.000773 
2722.762094 0.000463 
2721.595332 0.001061 
2720.428570 0.001061 
2719.261807 0.001015 
2718.095045 0.000324 
2716.928283 0.001061 
2715.761521 0.001061 
2714.594758 0.001061 
2713.427996 0.000000 
2712.261234 0.000000 
2711.094471 0.000595 
2709.927709 0.000241 
2708.760947 0.000000 
2707.594185 0.000217 
2706.427422 0.000666 
2705.260660 0.000634 
2704.093898 0.001061 
2702.927136 0.000029 
2701.760373 0.000000 
2700.593611 0.000000 
2699.426849 0.000000 
2698.260087 0.000000 
2697.093324 0.000946 
2695.926562 0.000000 
2694.759800 0.000000 
2693.593038 0.000000 
2692.426275 0.000000 
2691.259513 0.000000 
2690.092751 0.000327 
2688.925989 0.000502 
2687.759226 0.000000 
2686.592464 0.000000 
2685.425702 0.000185 
2684.258940 0.001061 
2683.092177 0.000415 
2681.925415 0.000000 
2680.758653 0.001017 
2679.591891 0.000000 
2678.425128 0.000441 
2677.258366 0.000380 
2676.091604 0.000000 
2674.924842 0.000000 
2673.758079 0.000000 
2672.591317 0.000000 
2671.424555 0.000715 
2670.257793 0.000068 
2669.091030 0.000000 
2667.924268 0.000324 
2666.757506 0.001061 
2665.590744 0.000307 
2664.423981 0.000000 
2663.257219 0.001061 
2662.090457 0.001061 
2660.923695 0.001061 
2659.756932 0.001061 
2658.590170 0.001061 
2657.423408 0.001061 
2656.256646 0.001061 
2655.089883 0.001061 
2653.923121 0.001061 
2652.756359 0.001061 
2651.589597 0.001061 
2650.422834 0.001061 
2649.256072 0.001061 
2648.089310 0.001061 
2646.922548 0.001061 
2645.755785 0.001061 
2644.589023 0.001061 
2643.422261 0.001061 
2642.255498 0.001061 
2641.088736 0.001061 
2639.921974 0.001061 
2638.755212 0.001061 
2637.588449 0.001061 
2636.421687 0.001061 
2635.254925 0.001061 
2634.088163 0.001061 
2632.921400 0.001061 
2631.754638 0.001061 
2630.587876 0.001061 
2629.421114 0.001061 
2628.254351 0.001061 
2627.087589 0.001061 
2625.920827 0.001061 
2624.754065 0.001061 
2623.587302 0.001061 
2622.420540 0.001061 
2621.253778 0.001061 
2620.087016 0.001061 
2618.920253 0.001061 
2617.753491 0.001061 
2616.586729 0.001061 
2615.419967 0.001061 
2614.253204 0.001061 
2613.086442 0.001061 
2611.919680 0.001463 
2610.752918 0.001475 
2609.586155 0.001922 
2608.419393 0.001080 
2607.252631 0.001322 
2606.085869 0.002119 
2604.919106 0.002119 
2603.752344 0.002119 
2602.585582 0.002119 
2601.418820 0.002119 
2600.252057 0.002119 
2599.085295 0.002119 
2597.918533 0.002119 
2596.751771 0.002119 
2595.585008 0.002119 
2594.418246 0.002119 
2593.251484 0.002119 
2592.084722 0.002119 
2590.917959 0.002119 
2589.751197 0.002119 
2588.584435 0.002119 
2587.417673 0.002119 
2586.250910 0.002119 
2585.084148 0.002119 
2583.917386 0.002119 
2582.750624 0.002119 
2581.583861 0.002119 
2580.417099 0.002119 
2579.250337 0.002119 
2578.083575 0.002119 
2576.916812 0.002119 
2575.750050 0.002119 
2574.583288 0.003170 
2573.416526 0.003170 
2572.249763 0.003170 
2571.083001 0.002417 
2569.916239 0.003151 
2568.749476 0.003012 
2567.582714 0.002490 
2566.415952 0.003170 
2565.249190 0.003170 
2564.082427 0.003170 
2562.915665 0.003170 
2561.748903 0.003170 
2560.582141 0.003170 
2559.415378 0.003170 
2558.248616 0.003170 
2557.081854 0.003170 
2555.915092 0.003170 
2554.748329 0.003170 
2553.581567 0.003170 
2552.414805 0.003170 
2551.248043 0.003170 
2550.081280 0.003170 
2548.914518 0.003170 
2547.747756 0.003170 
2546.580994 0.003170 
2545.414231 0.003170 
2544.247469 0.003170 
2543.080707 0.003170 
2541.913945 0.003170 
2540.747182 0.004243 
2539.580420 0.004243 
2538.413658 0.004243 
2537.246896 0.004243 
2536.080133 0.004243 
2534.913371 0.004243 
2533.746609 0.004243 
2532.579847 0.004243 
2531.413084 0.004243 
2530.246322 0.004243 
2529.079560 0.004243 
2527.912798 0.004243 
2526.746035 0.004243 
2525.579273 0.004243 
2524.412511 0.004243 
2523.245749 0.004243 
2522.078986 0.004243 
2520.912224 0.004243 
2519.745462 0.004243 
2518.578700 0.004243 
2517.411937 0.004243 
2516.245175 0.004243 
2515.078413 0.004243 
2513.911651 0.004243 
2512.744888 0.004243 
2511.578126 0.004697 
2510.411364 0.005316 
2509.244602 0.005316 
2508.077839 0.004270 
2506.911077 0.005316 
2505.744315 0.005316 
2504.577553 0.005316 
2503.410790 0.005316 
2502.244028 0.005316 
2501.077266 0.005316 
2499.910504 0.005316 
2498.743741 0.005316 
2497.576979 0.005316 
2496.410217 0.005316 
2495.243454 0.005316 
2494.076692 0.005316 
2492.909930 0.005316 
2491.743168 0.005316 
2490.576405 0.005316 
2489.409643 0.005316 
2488.242881 0.005316 
2487.076119 0.005316 
2485.909356 0.005316 
2484.742594 0.006365 
2483.575832 0.005921 
2482.409070 0.006004 
2481.242307 0.006365 
2480.075545 0.006365 
2478.908783 0.006365 
2477.742021 0.006365 
2476.575258 0.006365 
2475.408496 0.006365 
2474.241734 0.006365 
2473.074972 0.006365 
2471.908209 0.006365 
2470.741447 0.006365 
2469.574685 0.006365 
2468.407923 0.006365 
2467.241160 0.006365 
2466.074398 0.007036 
2464.907636 0.006587 
2463.740874 0.006365 
2462.574111 0.006607 
2461.407349 0.007438 
2460.240587 0.007438 
2459.073825 0.007438 
2457.907062 0.007438 
2456.740300 0.007438 
2455.573538 0.007438 
2454.406776 0.007438 
2453.240013 0.007438 
2452.073251 0.007438 
2450.906489 0.007438 
2449.739727 0.007438 
2448.572964 0.007438 
2447.406202 0.007438 
2446.239440 0.007438 
2445.072678 0.007438 
2443.905915 0.007438 
2442.739153 0.007438 
2441.572391 0.007438 
2440.405629 0.007438 
2439.238866 0.007870 
2438.072104 0.007838 
2436.905342 0.007438 
2435.738580 0.008511 
2434.571817 0.008511 
2433.405055 0.008511 
2432.238293 0.008511 
2431.071531 0.008511 
2429.904768 0.008511 
2428.738006 0.008511 
2427.571244 0.008511 
2426.404481 0.008511 
2425.237719 0.008511 
2424.070957 0.008511 
2422.904195 0.008511 
2421.737432 0.008511 
2420.570670 0.008511 
2419.403908 0.008511 
2418.237146 0.008511 
2417.070383 0.008511 
2415.903621 0.008511 
2414.736859 0.008511 
2413.570097 0.008511 
2412.403334 0.008511 
2411.236572 0.008511 
2410.069810 0.008511 
2408.903048 0.008511 
2407.736285 0.009584 
2406.569523 0.009584 
2405.402761 0.009584 
2404.235999 0.009584 
2403.069236 0.009584 
2401.902474 0.009584 
2400.735712 0.009584 
2399.568950 0.009584 
2398.402187 0.009584 
2397.235425 0.009584 
2396.068663 0.009584 
2394.901901 0.009584 
2393.735138 0.009584 
2392.568376 0.009584 
2391.401614 0.009584 
2390.234852 0.009584 
2389.068089 0.009584 
2387.901327 0.009584 
2386.734565 0.010491 
2385.567803 0.010633 
2384.401040 0.010633 
2383.234278 0.010633 
2382.067516 0.010633 
2380.900754 0.010633 
2379.733991 0.010633 
2378.567229 0.010633 
2377.400467 0.010633 
2376.233705 0.010633 
2375.066942 0.010633 
2373.900180 0.010633 
2372.733418 0.010633 
2371.566656 0.010633 
2370.399893 0.010633 
2369.233131 0.011669 
2368.066369 0.011706 
2366.899607 0.011706 
2365.732844 0.011706 
2364.566082 0.011706 
2363.399320 0.011706 
2362.232558 0.011706 
2361.065795 0.011706 
2359.899033 0.011706 
2358.732271 0.011706 
2357.565509 0.011706 
2356.398746 0.011706 
2355.231984 0.012264 
2354.065222 0.012779 
2352.898459 0.012779 
2351.731697 0.012779 
2350.564935 0.012779 
2349.398173 0.012779 
2348.231410 0.012779 
2347.064648 0.012779 
2345.897886 0.012779 
2344.731124 0.012779 
2343.564361 0.012779 
2342.397599 0.012779 
2341.230837 0.012852 
2340.064075 0.013852 
2338.897312 0.013852 
2337.730550 0.013852 
2336.563788 0.013852 
2335.397026 0.013852 
2334.230263 0.013852 
2333.063501 0.013852 
2331.896739 0.013852 
2330.729977 0.013852 
2329.563214 0.013852 
2328.396452 0.013852 
2327.229690 0.013852 
2326.062928 0.014642 
2324.896165 0.014925 
2323.729403 0.014925 
2322.562641 0.014925 
2321.395879 0.014925 
2320.229116 0.014925 
2319.062354 0.014925 
2317.895592 0.014925 
2316.728830 0.014925 
2315.562067 0.014925 
2314.395305 0.014925 
2313.228543 0.014925 
2312.061781 0.014925 
2310.895018 0.015466 
2309.728256 0.015998 
2308.561494 0.015998 
2307.394732 0.015998 
2306.227969 0.015998 
2305.061207 0.015998 
2303.894445 0.015998 
2302.727683 0.015998 
2301.560920 0.015998 
2300.394158 0.015998 
2299.227396 0.015998 
2298.060634 0.015998 
2296.893871 0.017071 
2295.727109 0.017071 
2294.560347 0.017071 
2293.393585 0.017071 
2292.226822 0.017071 
2291.060060 0.017071 
2289.893298 0.017071 
2288.726536 0.017071 
2287.559773 0.017851 
2286.393011 0.017174 
2285.226249 0.018169 
2284.059486 0.018169 
2282.892724 0.018169 
2281.725962 0.018169 
2280.559200 0.018169 
2279.392437 0.018298 
2278.225675 0.019242 
2277.058913 0.019242 
2275.892151 0.019242 
2274.725388 0.019242 
2273.558626 0.019242 
2272.391864 0.019242 
2271.225102 0.019242 
2270.058339 0.019242 
2268.891577 0.020315 
2267.724815 0.020315 
2266.558053 0.020315 
2265.391290 0.020315 
2264.224528 0.020315 
2263.057766 0.020315 
2261.891004 0.020315 
2260.724241 0.020883 
2259.557479 0.021388 
2258.390717 0.021388 
2257.223955 0.021388 
2256.057192 0.021388 
2254.890430 0.021388 
2253.723668 0.021388 
2252.556906 0.022422 
2251.390143 0.022485 
2250.223381 0.022485 
2249.056619 0.022485 
2247.889857 0.022485 
2246.723094 0.022485 
2245.556332 0.022485 
2244.389570 0.022485 
2243.222808 0.022485 
2242.056045 0.022485 
2240.889283 0.023439 
2239.722521 0.022783 
2238.555759 0.023558 
2237.388996 0.023558 
2236.222234 0.023558 
2235.055472 0.023558 
2233.888710 0.023558 
2232.721947 0.023558 
2231.555185 0.023558 
2230.388423 0.023558 
2229.221661 0.023558 
2228.054898 0.023558 
2226.888136 0.023558 
2225.721374 0.023558 
2224.554612 0.023558 
2223.387849 0.023558 
2222.221087 0.023558 
2221.054325 0.023558 
2219.887563 0.023558 
2218.720800 0.023558 
2217.554038 0.023558 
2216.387276 0.023558 
2215.220514 0.023558 
2214.053751 0.023558 
2212.886989 0.023558 
2211.720227 0.023558 
2210.553464 0.023558 
2209.386702 0.023558 
2208.219940 0.023558 
2207.053178 0.023558 
2205.886415 0.023558 
2204.719653 0.023558 
2203.552891 0.022756 
2202.386129 0.022485 
2201.219366 0.022485 
2200.052604 0.022485 
2198.885842 0.022485 
2197.719080 0.022485 
2196.552317 0.022434 
2195.385555 0.021388 
2194.218793 0.021388 
2193.052031 0.021388 
2191.885268 0.021388 
2190.718506 0.021388 
2189.551744 0.021388 
2188.384982 0.020834 
2187.218219 0.020315 
2186.051457 0.020315 
2184.884695 0.020315 
2183.717933 0.020315 
2182.551170 0.019727 
2181.384408 0.019242 
2180.217646 0.019242 
2179.050884 0.019242 
2177.884121 0.019242 
2176.717359 0.018617 
2175.550597 0.018169 
2174.383835 0.018169 
2173.217072 0.018169 
2172.050310 0.017676 
2170.883548 0.017071 
2169.716786 0.017071 
2168.550023 0.017071 
2167.383261 0.017071 
2166.216499 0.017071 
2165.049737 0.016296 
2163.882974 0.015998 
2162.716212 0.015998 
2161.549450 0.015998 
2160.382688 0.015998 
2159.215925 0.015184 
2158.049163 0.014925 
2156.882401 0.014925 
2155.715639 0.014925 
2154.548876 0.014269 
2153.382114 0.013852 
2152.215352 0.013852 
2151.048590 0.013852 
2149.881827 0.013852 
2148.715065 0.013154 
2147.548303 0.012779 
2146.381541 0.012779 
2145.214778 0.012779 
2144.048016 0.012779 
2142.881254 0.012779 
2141.714491 0.011828 
2140.547729 0.011706 
2139.380967 0.011706 
2138.214205 0.011706 
2137.047442 0.011706 
2135.880680 0.011706 
2134.713918 0.010633 
2133.547156 0.010633 
2132.380393 0.010633 
2131.213631 0.010633 
2130.046869 0.010633 
2128.880107 0.010401 
2127.713344 0.009584 
2126.546582 0.009584 
2125.379820 0.009584 
2124.213058 0.009584 
2123.046295 0.009584 
2121.879533 0.009584 
2120.712771 0.008848 
2119.546009 0.008511 
2118.379246 0.008511 
2117.212484 0.008511 
2116.045722 0.008511 
2114.878960 0.008511 
2113.712197 0.008511 
2112.545435 0.007438 
2111.378673 0.007438 
2110.211911 0.007438 
2109.045148 0.007438 
2107.878386 0.007438 
2106.711624 0.007438 
2105.544862 0.007438 
2104.378099 0.007438 
2103.211337 0.006592 
2102.044575 0.006365 
2100.877813 0.006365 
2099.711050 0.006365 
2098.544288 0.006365 
2097.377526 0.006365 
2096.210764 0.006365 
2095.044001 0.006365 
2093.877239 0.006365 
2092.710477 0.005643 
2091.543715 0.005316 
2090.376952 0.006236 
2089.210190 0.005316 
2088.043428 0.005316 
2086.876666 0.005316 
2085.709903 0.005316 
2084.543141 0.005316 
2083.376379 0.005316 
2082.209617 0.005316 
2081.042854 0.005316 
2079.876092 0.004270 
2078.709330 0.005090 
2077.542568 0.004243 
2076.375805 0.004243 
2075.209043 0.004243 
2074.042281 0.004243 
2072.875519 0.004243 
2071.708756 0.004243 
2070.541994 0.004243 
2069.375232 0.004243 
2068.208469 0.004243 
2067.041707 0.004243 
2065.874945 0.004243 
2064.708183 0.003419 
2063.541420 0.004199 
2062.374658 0.003170 
2061.207896 0.003170 
2060.041134 0.003170 
2058.874371 0.003170 
2057.707609 0.003170 
2056.540847 0.003170 
2055.374085 0.003170 
2054.207322 0.003170 
2053.040560 0.003170 
2051.873798 0.003170 
2050.707036 0.003170 
2049.540273 0.003170 
2048.373511 0.003170 
2047.206749 0.003170 
2046.039987 0.003170 
2044.873224 0.003170 
2043.706462 0.002653 
2042.539700 0.002119 
2041.372938 0.002119 
2040.206175 0.002119 
2039.039413 0.002119 
2037.872651 0.002119 
2036.705889 0.002119 
2035.539126 0.002119 
2034.372364 0.002119 
2033.205602 0.002119 
2032.038840 0.002119 
2030.872077 0.002119 
2029.705315 0.002119 
2028.538553 0.002119 
2027.371791 0.002119 
2026.205028 0.002119 
2025.038266 0.002119 
2023.871504 0.002119 
2022.704742 0.002119 
2021.537979 0.001575 
2020.371217 0.001831 
2019.204455 0.002119 
2018.037693 0.001949 
2016.870930 0.001061 
2015.704168 0.001061 
2014.537406 0.001061 
2013.370644 0.001061 
2012.203881 0.001061 
2011.037119 0.001061 
2009.870357 0.001061 
2008.703595 0.001061 
2007.536832 0.001061 
2006.370070 0.001061 
2005.203308 0.001061 
2004.036546 0.001061 
2002.869783 0.001061 
2001.703021 0.001061 
2000.536259 0.001061 
1999.369496 0.001061 
1998.202734 0.001061 
1997.035972 0.001061 
1995.869210 0.001061 
1994.702447 0.001061 
1993.535685 0.001061 
1992.368923 0.001061 
1991.202161 0.001061 
1990.035398 0.001061 
1988.868636 0.001061 
1987.701874 0.001061 
1986.535112 0.001061 
1985.368349 0.001061 
1984.201587 0.001061 
1983.034825 0.001061 
1981.868063 0.001061 
1980.701300 0.000119 
1979.534538 0.001061 
1978.367776 0.001061 
1977.201014 0.001061 
1976.034251 0.001061 
1974.867489 0.001061 
1973.700727 0.001061 
1972.533965 0.001061 
1971.367202 0.001061 
1970.200440 0.001061 
1969.033678 0.001061 
1967.866916 0.000902 
1966.700153 0.000424 
1965.533391 0.001061 
1964.366629 0.001061 
1963.199867 0.001058 
1962.033104 0.000000 
1960.866342 0.000458 
1959.699580 0.000424 
1958.532818 0.000000 
1957.366055 0.000000 
1956.199293 0.000000 
1955.032531 0.000000 
1953.865769 0.000673 
1952.699006 0.000117 
1951.532244 0.000080 
1950.365482 0.000705 
1949.198720 0.000532 
1948.031957 0.001061 
1946.865195 0.000068 
1945.698433 0.001061 
1944.531671 0.000668 
1943.364908 0.000568 
1942.198146 0.001061 
1941.031384 0.000034 
1939.864622 0.001061 
1938.697859 0.001061 
1937.531097 0.000390 
1936.364335 0.000885 
1935.197573 0.000000 
1934.030810 0.000285 
1932.864048 0.001061 
1931.697286 0.000351 
1930.530524 0.000000 
1929.363761 0.000000 
1928.196999 0.000322 
1927.030237 0.000561 
1925.863474 0.000000 
1924.696712 0.000956 
1923.529950 0.001061 
1922.363188 0.000702 
1921.196425 0.000593 
1920.029663 0.001061 
1918.862901 0.001061 
1917.696139 0.001061 
1916.529376 0.001061 
1915.362614 0.001061 
1914.195852 0.001061 
1913.029090 0.001061 
1911.862327 0.000807 
1910.695565 0.000429 
1909.528803 0.001061 
1908.362041 0.001061 
1907.195278 0.000000 
1906.028516 0.000000 
1904.861754 0.000517 
1903.694992 0.001061 
1902.528229 0.001061 
1901.361467 0.001061 
1900.194705 0.001061 
1899.027943 0.001061 
1897.861180 0.001061 
1896.694418 0.001061 
1895.527656 0.001061 
1894.360894 0.001061 
1893.194131 0.001061 
1892.027369 0.001061 
1890.860607 0.001061 
1889.693845 0.001061 
1888.527082 0.001061 
1887.360320 0.001061 
1886.193558 0.001061 
1885.026796 0.001061 
1883.860033 0.001061 
1882.693271 0.001061 
1881.526509 0.001061 
1880.359747 0.001061 
1879.192984 0.001061 
1878.026222 0.001061 
1876.859460 0.001634 
1875.692698 0.001371 
1874.525935 0.001061 
1873.359173 0.001061 
1872.192411 0.001422 
1871.025649 0.001512 
1869.858886 0.001846 
1868.692124 0.002119 
1867.525362 0.002119 
1866.358600 0.002119 
1865.191837 0.002119 
1864.025075 0.002119 
1862.858313 0.002119 
1861.691551 0.002119 
1860.524788 0.002119 
1859.358026 0.002119 
1858.191264 0.002119 
1857.024502 0.002119 
1855.857739 0.002119 
1854.690977 0.002119 
1853.524215 0.002119 
1852.357452 0.002119 
1851.190690 0.002119 
1850.023928 0.002119 
1848.857166 0.002690 
1847.690403 0.002344 
1846.523641 0.003146 
1845.356879 0.003341 
1844.190117 0.003804 
1843.023354 0.003170 
1841.856592 0.003170 
1840.689830 0.003170 
1839.523068 0.003170 
1838.356305 0.003170 
1837.189543 0.003170 
1836.022781 0.003170 
1834.856019 0.003170 
1833.689256 0.003170 
1832.522494 0.003170 
1831.355732 0.003939 
1830.188970 0.004243 
1829.022207 0.004243 
1827.855445 0.004243 
1826.688683 0.004243 
1825.521921 0.004243 
1824.355158 0.004243 
1823.188396 0.004243 
1822.021634 0.004243 
1820.854872 0.004243 
1819.688109 0.004243 
1818.521347 0.005294 
1817.354585 0.004507 
1816.187823 0.005316 
1815.021060 0.005316 
1813.854298 0.005316 
1812.687536 0.005316 
1811.520774 0.005316 
1810.354011 0.005785 
1809.187249 0.006365 
1808.020487 0.006365 
1806.853725 0.006365 
1805.686962 0.006365 
1804.520200 0.006365 
1803.353438 0.006365 
1802.186676 0.007345 
1801.019913 0.007438 
1799.853151 0.007438 
1798.686389 0.007438 
1797.519627 0.007438 
1796.352864 0.007438 
1795.186102 0.007438 
1794.019340 0.007845 
1792.852578 0.008511 
1791.685815 0.008511 
1790.519053 0.008511 
1789.352291 0.008511 
1788.185529 0.009006 
1787.018766 0.009584 
1785.852004 0.009584 
1784.685242 0.009584 
1783.518479 0.009584 
1782.351717 0.010106 
1781.184955 0.010633 
1780.018193 0.010633 
1778.851430 0.010633 
1777.684668 0.010633 
1776.517906 0.011257 
1775.351144 0.011706 
1774.184381 0.011740 
1773.017619 0.013657 
1771.850857 0.012779 
1770.684095 0.012779 
1769.517332 0.012779 
1768.350570 0.013852 
1767.183808 0.013852 
1766.017046 0.013852 
1764.850283 0.014549 
1763.683521 0.014925 
1762.516759 0.015998 
1761.349997 0.015998 
1760.183234 0.015998 
1759.016472 0.016732 
1757.849710 0.017071 
1756.682948 0.017200 
1755.516185 0.018169 
1754.349423 0.018759 
1753.182661 0.019242 
1752.015899 0.021349 
1750.849136 0.020315 
1749.682374 0.020693 
1748.515612 0.021388 
1747.348850 0.022305 
1746.182087 0.022485 
1745.015325 0.022705 
1743.848563 0.024053 
1742.681801 0.024656 
1741.515038 0.025592 
1740.348276 0.026826 
1739.181514 0.026826 
1738.014752 0.027348 
1736.847989 0.027899 
1735.681227 0.029874 
1734.514465 0.031260 
1733.347703 0.031957 
1732.180940 0.031167 
1731.014178 0.032003 
1729.847416 0.033311 
1728.680654 0.033503 
1727.513891 0.034859 
1726.347129 0.035532 
1725.180367 0.036410 
1724.013605 0.037712 
1722.846842 0.037915 
1721.680080 0.039285 
1720.513318 0.039922 
1719.346556 0.041780 
1718.179793 0.043239 
1717.013031 0.043239 
1715.846269 0.043736 
1714.679507 0.045092 
1713.512744 0.045433 
1712.345982 0.045502 
1711.179220 0.046906 
1710.012457 0.047653 
1708.845695 0.048467 
1707.678933 0.048775 
1706.512171 0.049872 
1705.345408 0.050269 
1704.178646 0.050994 
1703.011884 0.050994 
1701.845122 0.052042 
1700.678359 0.054086 
1699.511597 0.053213 
1698.344835 0.053213 
1697.178073 0.054135 
1696.011310 0.056530 
1694.844548 0.054335 
1693.677786 0.054335 
1692.511024 0.054335 
1691.344261 0.055274 
1690.177499 0.055432 
1689.010737 0.055432 
1687.843975 0.055432 
1686.677212 0.055432 
1685.510450 0.058427 
1684.343688 0.056554 
1683.176926 0.056191 
1682.010163 0.055432 
1680.843401 0.056281 
1679.676639 0.055518 
1678.509877 0.055432 
1677.343114 0.055432 
1676.176352 0.056737 
1675.009590 0.055903 
1673.842828 0.055432 
1672.676065 0.055432 
1671.509303 0.055432 
1670.342541 0.056169 
1669.175779 0.055630 
1668.009016 0.055332 
1666.842254 0.054335 
1665.675492 0.054335 
1664.508730 0.054335 
1663.341967 0.055276 
1662.175205 0.054335 
1661.008443 0.054008 
1659.841681 0.053213 
1658.674918 0.053213 
1657.508156 0.053213 
1656.341394 0.053213 
1655.174632 0.053618 
1654.007869 0.055649 
1652.841107 0.055703 
1651.674345 0.052091 
1650.507583 0.052091 
1649.340820 0.052091 
1648.174058 0.052091 
1647.007296 0.052091 
1645.840534 0.052025 
1644.673771 0.050994 
1643.507009 0.050994 
1642.340247 0.050255 
1641.173484 0.049872 
1640.006722 0.049872 
1638.839960 0.049872 
1637.673198 0.049872 
1636.506435 0.050650 
1635.339673 0.049921 
1634.172911 0.048633 
1633.006149 0.047653 
1631.839386 0.047653 
1630.672624 0.047653 
1629.505862 0.047653 
1628.339100 0.047653 
1627.172337 0.047184 
1626.005575 0.046555 
1624.838813 0.046555 
1623.672051 0.047621 
1622.505288 0.046311 
1621.338526 0.045433 
1620.171764 0.045433 
1619.005002 0.045433 
1617.838239 0.045570 
1616.671477 0.047089 
1615.504715 0.045433 
1614.337953 0.045433 
1613.171190 0.044414 
1612.004428 0.044336 
1610.837666 0.043939 
1609.670904 0.043819 
1608.504141 0.043487 
1607.337379 0.043239 
1606.170617 0.043239 
1605.003855 0.043239 
1603.837092 0.043239 
1602.670330 0.043239 
1601.503568 0.043239 
1600.336806 0.042141 
1599.170043 0.042141 
1598.003281 0.042141 
1596.836519 0.042141 
1595.669757 0.042141 
1594.502994 0.042141 
1593.336232 0.041622 
1592.169470 0.041019 
1591.002708 0.041019 
1589.835945 0.041019 
1588.669183 0.041019 
1587.502421 0.041019 
1586.335659 0.040210 
1585.168896 0.039922 
1584.002134 0.039922 
1582.835372 0.039922 
1581.668610 0.039922 
1580.501847 0.039922 
1579.335085 0.038864 
1578.168323 0.039922 
1577.001561 0.040807 
1575.834798 0.040059 
1574.668036 0.038825 
1573.501274 0.038825 
1572.334512 0.038825 
1571.167749 0.038825 
1570.000987 0.038825 
1568.834225 0.037873 
1567.667462 0.037727 
1566.500700 0.037727 
1565.333938 0.037727 
1564.167176 0.037727 
1563.000413 0.036739 
1561.833651 0.036995 
1560.666889 0.038825 
1559.500127 0.038825 
1558.333364 0.037983 
1557.166602 0.036703 
1555.999840 0.036630 
1554.833078 0.036630 
1553.666315 0.035935 
1552.499553 0.035532 
1551.332791 0.035532 
1550.166029 0.035532 
1548.999266 0.035532 
1547.832504 0.035532 
1546.665742 0.035532 
1545.498980 0.035423 
1544.332217 0.034435 
1543.165455 0.034964 
1541.998693 0.034762 
1540.831931 0.036552 
1539.665168 0.036481 
1538.498406 0.035164 
1537.331644 0.033825 
1536.164882 0.034149 
1534.998119 0.033364 
1533.831357 0.034254 
1532.664595 0.033362 
1531.497833 0.033362 
1530.331070 0.033362 
1529.164308 0.033362 
1527.997546 0.033362 
1526.830784 0.033362 
1525.664021 0.033362 
1524.497259 0.032384 
1523.330497 0.033286 
1522.163735 0.032835 
1520.996972 0.033896 
1519.830210 0.032628 
1518.663448 0.032264 
1517.496686 0.032264 
1516.329923 0.032264 
1515.163161 0.031674 
1513.996399 0.031167 
1512.829637 0.032228 
1511.662874 0.031167 
1510.496112 0.031167 
1509.329350 0.031167 
1508.162588 0.032067 
1506.995825 0.032269 
1505.829063 0.032737 
1504.662301 0.030070 
1503.495539 0.030070 
1502.328776 0.030070 
1501.162014 0.030070 
1499.995252 0.030318 
1498.828489 0.030650 
1497.661727 0.030070 
1496.494965 0.031062 
1495.328203 0.029984 
1494.161440 0.028996 
1492.994678 0.028996 
1491.827916 0.028996 
1490.661154 0.028996 
1489.494391 0.028996 
1488.327629 0.028996 
1487.160867 0.028996 
1485.994105 0.028996 
1484.827342 0.027928 
1483.660580 0.027899 
1482.493818 0.027899 
1481.327056 0.027899 
1480.160293 0.027899 
1478.993531 0.027899 
1477.826769 0.027899 
1476.660007 0.027899 
1475.493244 0.027899 
1474.326482 0.027899 
1473.159720 0.027899 
1471.992958 0.027570 
1470.826195 0.026826 
1469.659433 0.026826 
1468.492671 0.026826 
1467.325909 0.026826 
1466.159146 0.026826 
1464.992384 0.026826 
1463.825622 0.026826 
1462.658860 0.026826 
1461.492097 0.026597 
1460.325335 0.026141 
1459.158573 0.026826 
1457.991811 0.026826 
1456.825048 0.027872 
1455.658286 0.025729 
1454.491524 0.025729 
1453.324762 0.025729 
1452.157999 0.025729 
1450.991237 0.025729 
1449.824475 0.025729 
1448.657713 0.025729 
1447.490950 0.024968 
1446.324188 0.025594 
1445.157426 0.024656 
1443.990664 0.024656 
1442.823901 0.024656 
1441.657139 0.024656 
1440.490377 0.024656 
1439.323615 0.024656 
1438.156852 0.025065 
1436.990090 0.025729 
1435.823328 0.024895 
1434.656566 0.024656 
1433.489803 0.024656 
1432.323041 0.024197 
1431.156279 0.024265 
1429.989517 0.023765 
1428.822754 0.023558 
1427.655992 0.023558 
1426.489230 0.023558 
1425.322467 0.023558 
1424.155705 0.023558 
1422.988943 0.023558 
1421.822181 0.023226 
1420.655418 0.023070 
1419.488656 0.023558 
1418.321894 0.022512 
1417.155132 0.022485 
1415.988369 0.022485 
1414.821607 0.022485 
1413.654845 0.022485 
1412.488083 0.022485 
1411.321320 0.022485 
1410.154558 0.022485 
1408.987796 0.021814 
1407.821034 0.021388 
1406.654271 0.021388 
1405.487509 0.021388 
1404.320747 0.021388 
1403.153985 0.021388 
1401.987222 0.021388 
1400.820460 0.021388 
1399.653698 0.021388 
1398.486936 0.021388 
1397.320173 0.020658 
1396.153411 0.020315 
1394.986649 0.021254 
1393.819887 0.020315 
1392.653124 0.020315 
1391.486362 0.020315 
1390.319600 0.020315 
1389.152838 0.020315 
1387.986075 0.020315 
1386.819313 0.019690 
1385.652551 0.019242 
1384.485789 0.019242 
1383.319026 0.019242 
1382.152264 0.019242 
1380.985502 0.019242 
1379.818740 0.019242 
1378.651977 0.019242 
1377.485215 0.019242 
1376.318453 0.018725 
1375.151691 0.018942 
1373.984928 0.019242 
1372.818166 0.019144 
1371.651404 0.018169 
1370.484642 0.018169 
1369.317879 0.018169 
1368.151117 0.018169 
1366.984355 0.018169 
1365.817593 0.018169 
1364.650830 0.018169 
1363.484068 0.018169 
1362.317306 0.018169 
1361.150544 0.017895 
1359.983781 0.017071 
1358.817019 0.017071 
1357.650257 0.017071 
1356.483494 0.017071 
1355.316732 0.017071 
1354.149970 0.017071 
1352.983208 0.017071 
1351.816445 0.017071 
1350.649683 0.017071 
1349.482921 0.016730 
1348.316159 0.015998 
1347.149396 0.015998 
1345.982634 0.015998 
1344.815872 0.015801 
1343.649110 0.014925 
1342.482347 0.015542 
1341.315585 0.015998 
1340.148823 0.015998 
1338.982061 0.014925 
1337.815298 0.014925 
1336.648536 0.014925 
1335.481774 0.014925 
1334.315012 0.014925 
1333.148249 0.014925 
1331.981487 0.014925 
1330.814725 0.014925 
1329.647963 0.014925 
1328.481200 0.014925 
1327.314438 0.014925 
1326.147676 0.014386 
1324.980914 0.013852 
1323.814151 0.013852 
1322.647389 0.013852 
1321.480627 0.013852 
1320.313865 0.013852 
1319.147102 0.013852 
1317.980340 0.012779 
1316.813578 0.012779 
1315.646816 0.012779 
1314.480053 0.012779 
1313.313291 0.012779 
1312.146529 0.012779 
1310.979767 0.012779 
1309.813004 0.012779 
1308.646242 0.012779 
1307.479480 0.012779 
1306.312718 0.012779 
1305.145955 0.012477 
1303.979193 0.011706 
1302.812431 0.011706 
1301.645669 0.011706 
1300.478906 0.011706 
1299.312144 0.011706 
1298.145382 0.011706 
1296.978620 0.011706 
1295.811857 0.011706 
1294.645095 0.011706 
1293.478333 0.011706 
1292.311571 0.011074 
1291.144808 0.010633 
1289.978046 0.010633 
1288.811284 0.010633 
1287.644522 0.010633 
1286.477759 0.010633 
1285.310997 0.010633 
1284.144235 0.010633 
1282.977472 0.010633 
1281.810710 0.010121 
1280.643948 0.009584 
1279.477186 0.009584 
1278.310423 0.009584 
1277.143661 0.009584 
1275.976899 0.009584 
1274.810137 0.009584 
1273.643374 0.009584 
1272.476612 0.009584 
1271.309850 0.009165 
1270.143088 0.009109 
1268.976325 0.008721 
1267.809563 0.008511 
1266.642801 0.008511 
1265.476039 0.008511 
1264.309276 0.008511 
1263.142514 0.008511 
1261.975752 0.008511 
1260.808990 0.008511 
1259.642227 0.008511 
1258.475465 0.007767 
1257.308703 0.007438 
1256.141941 0.007438 
1254.975178 0.007438 
1253.808416 0.007438 
1252.641654 0.007438 
1251.474892 0.007438 
1250.308129 0.007438 
1249.141367 0.007438 
1247.974605 0.007438 
1246.807843 0.007438 
1245.641080 0.007438 
1244.474318 0.006365 
1243.307556 0.006787 
1242.140794 0.006772 
1240.974031 0.006365 
1239.807269 0.006365 
1238.640507 0.006365 
1237.473745 0.006365 
1236.306982 0.006365 
1235.140220 0.004541 
1233.973458 0.002214 
1232.806696 0.005624 
1231.639933 0.006365 
1230.473171 0.005602 
1229.306409 0.006253 
1228.139647 0.005316 
1226.972884 0.005316 
1225.806122 0.005316 
1224.639360 0.005316 
1223.472598 0.005316 
1222.305835 0.005316 
1221.139073 0.005316 
1219.972311 0.005316 
1218.805549 0.005316 
1217.638786 0.005316 
1216.472024 0.005073 
1215.305262 0.004714 
1214.138499 0.005316 
1212.971737 0.005316 
1211.804975 0.004243 
1210.638213 0.004243 
1209.471450 0.004243 
1208.304688 0.004243 
1207.137926 0.004243 
1205.971164 0.004243 
1204.804401 0.004243 
1203.637639 0.004243 
1202.470877 0.004243 
1201.304115 0.004243 
1200.137352 0.004243 
1198.970590 0.004243 
1197.803828 0.004243 
1196.637066 0.004243 
1195.470303 0.004243 
1194.303541 0.004243 
1193.136779 0.004243 
1191.970017 0.004243 
1190.803254 0.003387 
1189.636492 0.003239 
1188.469730 0.003968 
1187.302968 0.003170 
1186.136205 0.003170 
1184.969443 0.003170 
1183.802681 0.003170 
1182.635919 0.003170 
1181.469156 0.003170 
1180.302394 0.003170 
1179.135632 0.003170 
1177.968870 0.003170 
1176.802107 0.003170 
1175.635345 0.003170 
1174.468583 0.003170 
1173.301821 0.003170 
1172.135058 0.003170 
1170.968296 0.003170 
1169.801534 0.002541 
1168.634772 0.002119 
1167.468009 0.003170 
1166.301247 0.003170 
1165.134485 0.002683 
1163.967723 0.002119 
1162.800960 0.002119 
1161.634198 0.002119 
1160.467436 0.002119 
1159.300674 0.002119 
1158.133911 0.002897 
1156.967149 0.002190 
1155.800387 0.002119 
1154.633625 0.002119 
1153.466862 0.002119 
1152.300100 0.002119 
1151.133338 0.002119 
1149.966576 0.002119 
1148.799813 0.002119 
1147.633051 0.002119 
1146.466289 0.002119 
1145.299527 0.002119 
1144.132764 0.002119 
1142.966002 0.002119 
1141.799240 0.002119 
1140.632477 0.002119 
1139.465715 0.002119 
1138.298953 0.002119 
1137.132191 0.002119 
1135.965428 0.002119 
1134.798666 0.002119 
1133.631904 0.002041 
1132.465142 0.001414 
1131.298379 0.002119 
1130.131617 0.002119 
1128.964855 0.002119 
1127.798093 0.002119 
1126.631330 0.002119 
1125.464568 0.002119 
1124.297806 0.002119 
1123.131044 0.002119 
1121.964281 0.002119 
1120.797519 0.002119 
1119.630757 0.002119 
1118.463995 0.002119 
1117.297232 0.002119 
1116.130470 0.002119 
1114.963708 0.001607 
1113.796946 0.001805 
1112.630183 0.001197 
1111.463421 0.001975 
1110.296659 0.001061 
1109.129897 0.001061 
1107.963134 0.001061 
1106.796372 0.001061 
1105.629610 0.001061 
1104.462848 0.001061 
1103.296085 0.001653 
1102.129323 0.001302 
1100.962561 0.002119 
1099.795799 0.002119 
1098.629036 0.002119 
1097.462274 0.002119 
1096.295512 0.002119 
1095.128750 0.001061 
1093.961987 0.001312 
1092.795225 0.001644 
1091.628463 0.001773 
1090.461701 0.001232 
1089.294938 0.002010 
1088.128176 0.001349 
1086.961414 0.002119 
1085.794652 0.002119 
1084.627889 0.002119 
1083.461127 0.001061 
1082.294365 0.001419 
1081.127603 0.001512 
1079.960840 0.001844 
1078.794078 0.001061 
1077.627316 0.001061 
1076.460554 0.001061 
1075.293791 0.001061 
1074.127029 0.001061 
1072.960267 0.001061 
1071.793505 0.001061 
1070.626742 0.001061 
1069.459980 0.001061 
1068.293218 0.001061 
1067.126455 0.001061 
1065.959693 0.001061 
1064.792931 0.001061 
1063.626169 0.001061 
1062.459406 0.001061 
1061.292644 0.001061 
1060.125882 0.001061 
1058.959120 0.001061 
1057.792357 0.001061 
1056.625595 0.001061 
1055.458833 0.001061 
1054.292071 0.001061 
1053.125308 0.001061 
1051.958546 0.001061 
1050.791784 0.001061 
1049.625022 0.001061 
1048.458259 0.001061 
1047.291497 0.001061 
1046.124735 0.001061 
1044.957973 0.001061 
1043.791210 0.001061 
1042.624448 0.001061 
1041.457686 0.000302 
1040.290924 0.000963 
1039.124161 0.001061 
1037.957399 0.001061 
1036.790637 0.001061 
1035.623875 0.001061 
1034.457112 0.001061 
1033.290350 0.001061 
1032.123588 0.001061 
1030.956826 0.001061 
1029.790063 0.001061 
1028.623301 0.001061 
1027.456539 0.001061 
1026.289777 0.001061 
1025.123014 0.001061 
1023.956252 0.001061 
1022.789490 0.001061 
1021.622728 0.001353 
1020.455965 0.001649 
1019.289203 0.001780 
1018.122441 0.002119 
1016.955679 0.002119 
1015.788916 0.002119 
1014.622154 0.002119 
1013.455392 0.002119 
1012.288630 0.002119 
1011.121867 0.001931 
1009.955105 0.001427 
1008.788343 0.002119 
1007.621581 0.002119 
1006.454818 0.002119 
1005.288056 0.002119 
1004.121294 0.002119 
1002.954532 0.002119 
1001.787769 0.002119 
1000.621007 0.003148 
999.454245 0.002368 
998.287482 0.002702 
997.120720 0.002809 
995.953958 0.003170 
994.787196 0.003170 
993.620433 0.003170 
992.453671 0.003170 
991.286909 0.003926 
990.120147 0.004243 
988.953384 0.004243 
987.786622 0.004243 
986.619860 0.004243 
985.453098 0.005048 
984.286335 0.005316 
983.119573 0.005492 
981.952811 0.006365 
980.786049 0.006365 
979.619286 0.006365 
978.452524 0.007438 
977.285762 0.007438 
976.119000 0.007897 
974.952237 0.008511 
973.785475 0.008511 
972.618713 0.009584 
971.451951 0.009584 
970.285188 0.010087 
969.118426 0.010633 
967.951664 0.011594 
966.784902 0.011823 
965.618139 0.012779 
964.451377 0.013347 
963.284615 0.013852 
962.117853 0.014871 
960.951090 0.015998 
959.784328 0.016391 
958.617566 0.017071 
957.450804 0.017930 
956.284041 0.019237 
955.117279 0.020315 
953.950517 0.020761 
952.783755 0.022073 
951.616992 0.022485 
950.450230 0.023604 
949.283468 0.024929 
948.116706 0.026236 
946.949943 0.026826 
945.783181 0.027772 
944.616419 0.029099 
943.449657 0.030401 
942.282894 0.031730 
941.116132 0.033057 
939.949370 0.034359 
938.782608 0.035688 
937.615845 0.037013 
936.449083 0.038347 
935.282321 0.039671 
934.115559 0.041002 
932.948796 0.042348 
931.782034 0.043678 
930.615272 0.045004 
929.448510 0.046348 
928.281747 0.047687 
927.114985 0.049311 
925.948223 0.051486 
924.781460 0.052830 
923.614698 0.054189 
922.447936 0.055518 
921.281174 0.057198 
920.114411 0.059354 
918.947649 0.060710 
917.780887 0.062068 
916.614125 0.063431 
915.447362 0.064785 
914.280600 0.066767 
913.113838 0.068645 
911.947076 0.069996 
910.780313 0.071382 
909.613551 0.072745 
908.446789 0.074808 
907.280027 0.076644 
906.113264 0.078010 
904.946502 0.079646 
903.779740 0.081927 
902.612978 0.083312 
901.446215 0.084695 
900.279453 0.086087 
899.112691 0.087792 
897.945929 0.090018 
896.779166 0.091416 
895.612404 0.092806 
894.445642 0.094337 
893.278880 0.096778 
892.112117 0.098181 
890.945355 0.099590 
889.778593 0.101002 
888.611831 0.102397 
887.445068 0.104243 
886.278306 0.106397 
885.111544 0.107814 
883.944782 0.109226 
882.778019 0.110672 
881.611257 0.112089 
880.444495 0.113506 
879.277733 0.115918 
878.110970 0.116422 
876.944208 0.118973 
875.777446 0.120422 
874.610684 0.121851 
873.443921 0.123283 
872.277159 0.124734 
871.110397 0.126182 
869.943635 0.127626 
868.776872 0.129070 
867.610110 0.130518 
866.443348 0.131960 
865.276586 0.133406 
864.109823 0.134864 
862.943061 0.136318 
861.776299 0.137793 
860.609537 0.138047 
859.442774 0.139500 
858.276012 0.140958 
857.109250 0.142427 
855.942487 0.143861 
854.775725 0.144148 
853.608963 0.145602 
852.442201 0.147085 
851.275438 0.148555 
850.108676 0.148918 
848.941914 0.151506 
847.775152 0.152372 
846.608389 0.153237 
845.441627 0.154730 
844.274865 0.154993 
843.108103 0.156471 
841.941340 0.157274 
840.774578 0.158217 
839.607816 0.158517 
838.441054 0.159956 
837.274291 0.160980 
836.107529 0.161707 
834.940767 0.162200 
833.774005 0.163463 
832.607242 0.164687 
831.440480 0.165219 
830.273718 0.165907 
829.106956 0.165907 
827.940193 0.167228 
826.773431 0.168394 
825.606669 0.168394 
824.439907 0.169262 
823.273144 0.169638 
822.106382 0.170882 
820.939620 0.170882 
819.772858 0.171545 
818.606095 0.172125 
817.439333 0.172125 
816.272571 0.173369 
815.105809 0.173369 
813.939046 0.174096 
812.772284 0.174613 
811.605522 0.174613 
810.438760 0.174613 
809.271997 0.175147 
808.105235 0.175881 
806.938473 0.175881 
805.771711 0.175881 
804.604948 0.175881 
803.438186 0.176466 
802.271424 0.177125 
801.104662 0.177125 
799.937899 0.176000 
798.771137 0.176737 
797.604375 0.176530 
796.437613 0.177125 
795.270850 0.177125 
794.104088 0.176069 
792.937326 0.177125 
791.770564 0.176420 
790.603801 0.175881 
789.437039 0.175881 
788.270277 0.175630 
787.103515 0.175132 
785.936752 0.175098 
784.769990 0.174613 
783.603228 0.174613 
782.436465 0.174613 
781.269703 0.174050 
780.102941 0.173369 
778.936179 0.173369 
777.769416 0.173264 
776.602654 0.172125 
775.435892 0.172125 
774.269130 0.171240 
773.102367 0.170882 
771.935605 0.169638 
770.768843 0.169638 
769.602081 0.168955 
768.435318 0.168394 
767.268556 0.167187 
766.101794 0.166921 
764.935032 0.165431 
763.768269 0.164687 
762.601507 0.164687 
761.434745 0.163412 
760.267983 0.162200 
759.101220 0.161661 
757.934458 0.160171 
756.767696 0.159737 
755.600934 0.158429 
754.434171 0.157274 
753.267409 0.156674 
752.100647 0.156054 
750.933885 0.154942 
749.767122 0.153447 
748.600360 0.152372 
747.433598 0.151716 
746.266836 0.150243 
745.100073 0.148765 
743.933311 0.148514 
742.766549 0.147033 
741.599787 0.145558 
740.433024 0.144102 
739.266262 0.143851 
738.099500 0.141422 
736.932738 0.140915 
735.765975 0.139454 
734.599213 0.137998 
733.432451 0.136535 
732.265689 0.135076 
731.098926 0.134179 
729.932164 0.133359 
728.765402 0.131918 
727.598640 0.130469 
726.431877 0.129028 
725.265115 0.127582 
724.098353 0.125263 
722.931591 0.124619 
721.764828 0.123244 
720.598066 0.121805 
719.431304 0.121058 
718.264542 0.119198 
717.097779 0.117508 
715.931017 0.116074 
714.764255 0.115132 
713.597492 0.114391 
712.430730 0.111989 
711.263968 0.110382 
710.097206 0.108938 
708.930443 0.107523 
707.763681 0.106109 
706.596919 0.104690 
705.430157 0.103270 
704.263394 0.102207 
703.096632 0.101029 
701.929870 0.099049 
700.763108 0.097659 
699.596345 0.096242 
698.429583 0.094837 
697.262821 0.094086 
696.096059 0.093189 
694.929296 0.090669 
693.762534 0.089453 
692.595772 0.088999 
691.429010 0.087614 
690.262247 0.086229 
689.095485 0.084809 
687.928723 0.082575 
686.761961 0.082063 
685.595198 0.080678 
684.428436 0.079290 
683.261674 0.077910 
682.094912 0.076544 
680.928149 0.075159 
679.761387 0.073791 
678.594625 0.072408 
677.427863 0.071186 
676.261100 0.070433 
675.094338 0.068311 
673.927576 0.067797 
672.760814 0.065624 
671.594051 0.064214 
670.427289 0.063285 
669.260527 0.063951 
668.093765 0.067119 
666.927002 0.059905 
665.760240 0.058798 
664.593478 0.058315 
663.426716 0.056959 
662.259953 0.055605 
661.093191 0.055303 
659.926429 0.053213 
658.759667 0.052674 
657.592904 0.051338 
656.426142 0.049984 
655.259380 0.049757 
654.092618 0.048775 
652.925855 0.047609 
651.759093 0.046555 
650.592331 0.045494 
649.425569 0.044336 
648.258806 0.043934 
647.092044 0.042607 
645.925282 0.041258 
644.758520 0.041019 
643.591757 0.039698 
642.424995 0.038825 
641.258233 0.038137 
640.091470 0.036813 
638.924708 0.036630 
637.757946 0.036354 
636.591184 0.035025 
635.424421 0.033713 
634.257659 0.033362 
633.090897 0.032264 
631.924135 0.031930 
630.757372 0.031167 
629.590610 0.030377 
628.423848 0.029067 
627.257086 0.028996 
626.090323 0.028996 
624.923561 0.028384 
623.756799 0.027077 
622.590037 0.025751 
621.423274 0.025521 
620.256512 0.024656 
619.089750 0.023987 
617.922988 0.023558 
616.756225 0.023531 
615.589463 0.022485 
614.422701 0.022485 
613.255939 0.021761 
612.089176 0.021388 
610.922414 0.021302 
609.755652 0.020007 
608.588890 0.019242 
607.422127 0.019242 
606.255365 0.018264 
605.088603 0.018169 
603.921841 0.018169 
602.755078 0.017569 
601.588316 0.017071 
600.421554 0.016032 
599.254792 0.015813 
598.088029 0.014925 
596.921267 0.014289 
595.754505 0.014710 
594.587743 0.014910 
593.420980 0.013852 
592.254218 0.013852 
591.087456 0.013164 
589.920694 0.012779 
588.753931 0.012716 
587.587169 0.011706 
586.420407 0.011706 
585.253645 0.011706 
584.086882 0.010740 
582.920120 0.009704 
581.753358 0.010633 
580.586596 0.010077 
579.419833 0.009584 
578.253071 0.009584 
577.086309 0.009413 
575.919547 0.008511 
574.752784 0.007889 
573.586022 0.007438 
572.419260 0.007438 
571.252497 0.007438 
570.085735 0.007438 
568.918973 0.007438 
567.752211 0.006546 
566.585448 0.006365 
565.418686 0.006365 
564.251924 0.006865 
563.085162 0.006714 
561.918399 0.006365 
560.751637 0.004341 
559.584875 0.004990 
558.418113 0.004792 
557.251350 0.004536 
556.084588 0.004243 
554.917826 0.005160 
553.751064 0.003865 
552.584301 0.003775 
551.417539 0.003414 
550.250777 0.003170 
549.084015 0.002968 
547.917252 0.002119 
546.750490 0.003424 
545.583728 0.002500 
544.416966 0.003134 
543.250203 0.002119 
542.083441 0.002592 
540.916679 0.001778 
539.749917 0.001988 
538.583154 0.002119 
537.416392 0.002119 
536.249630 0.001058 
535.082868 0.001502 
533.916105 0.001144 
532.749343 0.002119 
531.582581 0.001405 
530.415819 0.000578 
529.249056 0.001868 
528.082294 0.001095 
526.915532 0.001061 
525.748770 0.000649 
524.582007 0.000000 
523.415245 0.000000 
522.248483 -0.001046 
521.081721 0.000000 
519.914958 0.001390 
518.748196 0.001802 
517.581434 0.000154 
516.414672 0.000144 
515.247909 0.001541 
514.081147 0.000512 
512.914385 0.001061 
511.747623 -0.000846 
510.580860 0.000000 
509.414098 0.000000 
508.247336 -0.000566 
507.080574 0.001300 
505.913811 0.000098 
504.747049 -0.000890 
503.580287 0.000398 
502.413525 -0.000795 
501.246762 0.000410 
500.080000 0.000000 
