3999.200000 0.001072 
3997.883212 0.001072 
3996.566424 0.001072 
3995.249636 0.001072 
3993.932848 0.001072 
3992.616060 0.001072 
3991.299272 0.001072 
3989.982484 0.001072 
3988.665697 0.001072 
3987.348909 0.000772 
3986.032121 0.000000 
3984.715333 0.001055 
3983.398545 0.000000 
3982.081757 0.000769 
3980.764969 0.001072 
3979.448181 0.000533 
3978.131393 0.000929 
3976.814605 0.000851 
3975.497817 0.000646 
3974.181029 0.001072 
3972.864241 0.001072 
3971.547453 0.001072 
3970.230666 0.000074 
3968.913878 0.001072 
3967.597090 0.001072 
3966.280302 0.001072 
3964.963514 0.001072 
3963.646726 0.001072 
3962.329938 0.001072 
3961.013150 0.001072 
3959.696362 0.001068 
3958.379574 0.000000 
3957.062786 0.000000 
3955.745998 0.001072 
3954.429210 0.001072 
3953.112422 0.001072 
3951.795635 0.001072 
3950.478847 0.001072 
3949.162059 0.001072 
3947.845271 0.000799 
3946.528483 0.000680 
3945.211695 0.001072 
3943.894907 0.001072 
3942.578119 0.001072 
3941.261331 0.000047 
3939.944543 0.001072 
3938.627755 0.001072 
3937.310967 0.000000 
3935.994179 0.000602 
3934.677391 0.001072 
3933.360604 0.001072 
3932.043816 0.001072 
3930.727028 0.001072 
3929.410240 0.001072 
3928.093452 0.000316 
3926.776664 0.000133 
3925.459876 0.001072 
3924.143088 0.000170 
3922.826300 0.001072 
3921.509512 0.001072 
3920.192724 0.001072 
3918.875936 0.001072 
3917.559148 0.001072 
3916.242360 0.001072 
3914.925573 0.001072 
3913.608785 0.001072 
3912.291997 0.001072 
3910.975209 0.001072 
3909.658421 0.001072 
3908.341633 0.001072 
3907.024845 0.001072 
3905.708057 0.001072 
3904.391269 0.001072 
3903.074481 0.001817 
3901.757693 0.001072 
3900.440905 0.001072 
3899.124117 0.001072 
3897.807329 0.001072 
3896.490542 0.001072 
3895.173754 0.001072 
3893.856966 0.001072 
3892.540178 0.001672 
3891.223390 0.001100 
3889.906602 0.001072 
3888.589814 0.001072 
3887.273026 0.001105 
3885.956238 0.001667 
3884.639450 0.001072 
3883.322662 0.001072 
3882.005874 0.001072 
3880.689086 0.001072 
3879.372298 0.001072 
3878.055511 0.001072 
3876.738723 0.001072 
3875.421935 0.001072 
3874.105147 0.001072 
3872.788359 0.001072 
3871.471571 0.001531 
3870.154783 0.001255 
3868.837995 0.001072 
3867.521207 0.001072 
3866.204419 0.002032 
3864.887631 0.001072 
3863.570843 0.001072 
3862.254055 0.001072 
3860.937267 0.001072 
3859.620479 0.001072 
3858.303692 0.001072 
3856.986904 0.001072 
3855.670116 0.002843 
3854.353328 0.003032 
3853.036540 0.002142 
3851.719752 0.001201 
3850.402964 0.001072 
3849.086176 0.001072 
3847.769388 0.001072 
3846.452600 0.001484 
3845.135812 0.002142 
3843.819024 0.001169 
3842.502236 0.002142 
3841.185448 0.002142 
3839.868661 0.002389 
3838.551873 0.002623 
3837.235085 0.001112 
3835.918297 0.001842 
3834.601509 0.001072 
3833.284721 0.002142 
3831.967933 0.002142 
3830.651145 0.001341 
3829.334357 0.002142 
3828.017569 0.002142 
3826.700781 0.002142 
3825.383993 0.002142 
3824.067205 0.002142 
3822.750417 0.003151 
3821.433630 0.002892 
3820.116842 0.002142 
3818.800054 0.002142 
3817.483266 0.003037 
3816.166478 0.002539 
3814.849690 0.002142 
3813.532902 0.002142 
3812.216114 0.002142 
3810.899326 0.002379 
3809.582538 0.002549 
3808.265750 0.003136 
3806.948962 0.003205 
3805.632174 0.003205 
3804.315386 0.003205 
3802.998599 0.003688 
3801.681811 0.003402 
3800.365023 0.003205 
3799.048235 0.003205 
3797.731447 0.003205 
3796.414659 0.003205 
3795.097871 0.003205 
3793.781083 0.003205 
3792.464295 0.003205 
3791.147507 0.003205 
3789.830719 0.003205 
3788.513931 0.003205 
3787.197143 0.003205 
3785.880355 0.003205 
3784.563568 0.003205 
3783.246780 0.003205 
3781.929992 0.003205 
3780.613204 0.003913 
3779.296416 0.003205 
3777.979628 0.003592 
3776.662840 0.004290 
3775.346052 0.004226 
3774.029264 0.003205 
3772.712476 0.004154 
3771.395688 0.004512 
3770.078900 0.004746 
3768.762112 0.004290 
3767.445324 0.004598 
3766.128537 0.004647 
3764.811749 0.004290 
3763.494961 0.004290 
3762.178173 0.004290 
3760.861385 0.005375 
3759.544597 0.005375 
3758.227809 0.005375 
3756.911021 0.005375 
3755.594233 0.005375 
3754.277445 0.005375 
3752.960657 0.006792 
3751.643869 0.005375 
3750.327081 0.007364 
3749.010293 0.005375 
3747.693506 0.005375 
3746.376718 0.005772 
3745.059930 0.007544 
3743.743142 0.006435 
3742.426354 0.006435 
3741.109566 0.006435 
3739.792778 0.006435 
3738.475990 0.006787 
3737.159202 0.006748 
3735.842414 0.007458 
3734.525626 0.006435 
3733.208838 0.007293 
3731.892050 0.007389 
3730.575262 0.007004 
3729.258474 0.006506 
3727.941687 0.007520 
3726.624899 0.007520 
3725.308111 0.007520 
3723.991323 0.007520 
3722.674535 0.007520 
3721.357747 0.007520 
3720.040959 0.007520 
3718.724171 0.007520 
3717.407383 0.008395 
3716.090595 0.007520 
3714.773807 0.008516 
3713.457019 0.008898 
3712.140231 0.008974 
3710.823443 0.009664 
3709.506656 0.009263 
3708.189868 0.009374 
3706.873080 0.009689 
3705.556292 0.009689 
3704.239504 0.009689 
3702.922716 0.009876 
3701.605928 0.010749 
3700.289140 0.010749 
3698.972352 0.010749 
3697.655564 0.010749 
3696.338776 0.010749 
3695.021988 0.011159 
3693.705200 0.011834 
3692.388412 0.011834 
3691.071625 0.011834 
3689.754837 0.012751 
3688.438049 0.012724 
3687.121261 0.012463 
3685.804473 0.012919 
3684.487685 0.012919 
3683.170897 0.013678 
3681.854109 0.014004 
3680.537321 0.014440 
3679.220533 0.015088 
3677.903745 0.016407 
3676.586957 0.017798 
3675.270169 0.017258 
3673.953381 0.017258 
3672.636594 0.017884 
3671.319806 0.019428 
3670.003018 0.018367 
3668.686230 0.018367 
3667.369442 0.018367 
3666.052654 0.018367 
3664.735866 0.018367 
3663.419078 0.018367 
3662.102290 0.018367 
3660.785502 0.019349 
3659.468714 0.018367 
3658.151926 0.018367 
3656.835138 0.019415 
3655.518350 0.019452 
3654.201563 0.019452 
3652.884775 0.019578 
3651.567987 0.020537 
3650.251199 0.021439 
3648.934411 0.020717 
3647.617623 0.021622 
3646.300835 0.020645 
3644.984047 0.021622 
3643.667259 0.022324 
3642.350471 0.022731 
3641.033683 0.022731 
3639.716895 0.022731 
3638.400107 0.023927 
3637.083319 0.024925 
3635.766532 0.024925 
3634.449744 0.025105 
3633.132956 0.026010 
3631.816168 0.026991 
3630.499380 0.027445 
3629.182592 0.028890 
3627.865804 0.028204 
3626.549016 0.028636 
3625.232228 0.029314 
3623.915440 0.030399 
3622.598652 0.030399 
3621.281864 0.031306 
3619.965076 0.032618 
3618.648288 0.032618 
3617.331501 0.032618 
3616.014713 0.034038 
3614.697925 0.034812 
3613.381137 0.035921 
3612.064349 0.035921 
3610.747561 0.036757 
3609.430773 0.038140 
3608.113985 0.038680 
3606.797197 0.039250 
3605.480409 0.040359 
3604.163621 0.041020 
3602.846833 0.041468 
3601.530045 0.042602 
3600.213257 0.043364 
3598.896469 0.043717 
3597.579682 0.045287 
3596.262894 0.045931 
3594.946106 0.047065 
3593.629318 0.047644 
3592.312530 0.049180 
3590.995742 0.050418 
3589.678954 0.051123 
3588.362166 0.052592 
3587.045378 0.053796 
3585.728590 0.054557 
3584.411802 0.055028 
3583.095014 0.056549 
3581.778226 0.057173 
3580.461438 0.058482 
3579.144651 0.060070 
3577.827863 0.061564 
3576.511075 0.062037 
3575.194287 0.063531 
3573.877499 0.065136 
3572.560711 0.066246 
3571.243923 0.067917 
3569.927135 0.068704 
3568.610347 0.070807 
3567.293559 0.071741 
3565.976771 0.073359 
3564.659983 0.074870 
3563.343195 0.076495 
3562.026407 0.078021 
3560.709620 0.079604 
3559.392832 0.081169 
3558.076044 0.082737 
3556.759256 0.084337 
3555.442468 0.085871 
3554.125680 0.087505 
3552.808892 0.089132 
3551.492104 0.091615 
3550.175316 0.092966 
3548.858528 0.095047 
3547.541740 0.096615 
3546.224952 0.099038 
3544.908164 0.100974 
3543.591376 0.102640 
3542.274589 0.104184 
3540.957801 0.107044 
3539.641013 0.109147 
3538.324225 0.111467 
3537.007437 0.113323 
3535.690649 0.115922 
3534.373861 0.117490 
3533.057073 0.120382 
3531.740285 0.122753 
3530.423497 0.124960 
3529.106709 0.128140 
3527.789921 0.130561 
3526.473133 0.133384 
3525.156345 0.135643 
3523.839558 0.138981 
3522.522770 0.142097 
3521.205982 0.144434 
3519.889194 0.147888 
3518.572406 0.149917 
3517.255618 0.153339 
3515.938830 0.156680 
3514.622042 0.160040 
3513.305254 0.163465 
3511.988466 0.165696 
3510.671678 0.169643 
3509.354890 0.173780 
3508.038102 0.177190 
3506.721314 0.179872 
3505.404527 0.184125 
3504.087739 0.187572 
3502.770951 0.192032 
3501.454163 0.195762 
3500.137375 0.199418 
3498.820587 0.203826 
3497.503799 0.207781 
3496.187011 0.211893 
3494.870223 0.216210 
3493.553435 0.221074 
3492.236647 0.225606 
3490.919859 0.229553 
3489.603071 0.234642 
3488.286283 0.239111 
3486.969495 0.243470 
3485.652708 0.248796 
3484.335920 0.253332 
3483.019132 0.258574 
3481.702344 0.264202 
3480.385556 0.269808 
3479.068768 0.274293 
3477.751980 0.279764 
3476.435192 0.285604 
3475.118404 0.289842 
3473.801616 0.295720 
3472.484828 0.301395 
3471.168040 0.307229 
3469.851252 0.311888 
3468.534464 0.317428 
3467.217677 0.323476 
3465.900889 0.329647 
3464.584101 0.335426 
3463.267313 0.341530 
3461.950525 0.347425 
3460.633737 0.352065 
3459.316949 0.358218 
3458.000161 0.364032 
3456.683373 0.369052 
3455.366585 0.375045 
3454.049797 0.381901 
3452.733009 0.388252 
3451.416221 0.394113 
3450.099433 0.400422 
3448.782646 0.406901 
3447.465858 0.411536 
3446.149070 0.418234 
3444.832282 0.424501 
3443.515494 0.430980 
3442.198706 0.436017 
3440.881918 0.441362 
3439.565130 0.447277 
3438.248342 0.452775 
3436.931554 0.459449 
3435.614766 0.464180 
3434.297978 0.469690 
3432.981190 0.476571 
3431.664402 0.481716 
3430.347615 0.487377 
3429.030827 0.491884 
3427.714039 0.497468 
3426.397251 0.502909 
3425.080463 0.509238 
3423.763675 0.514043 
3422.446887 0.518611 
3421.130099 0.523545 
3419.813311 0.528421 
3418.496523 0.533143 
3417.179735 0.538779 
3415.862947 0.544597 
3414.546159 0.549037 
3413.229371 0.550529 
3411.912584 0.558514 
3410.595796 0.564229 
3409.279008 0.569017 
3407.962220 0.574187 
3406.645432 0.578450 
3405.328644 0.582404 
3404.011856 0.587308 
3402.695068 0.592545 
3401.378280 0.597448 
3400.061492 0.600885 
3398.744704 0.605853 
3397.427916 0.611186 
3396.111128 0.615646 
3394.794340 0.619568 
3393.477553 0.622827 
3392.160765 0.628022 
3390.843977 0.631888 
3389.527189 0.636900 
3388.210401 0.641076 
3386.893613 0.645561 
3385.576825 0.648813 
3384.260037 0.651858 
3382.943249 0.653744 
3381.626461 0.659589 
3380.309673 0.666497 
3378.992885 0.669747 
3377.676097 0.673433 
3376.359309 0.675748 
3375.042522 0.678723 
3373.725734 0.685964 
3372.408946 0.691524 
3371.092158 0.694490 
3369.775370 0.698634 
3368.458582 0.702105 
3367.141794 0.707110 
3365.825006 0.711252 
3364.508218 0.716965 
3363.191430 0.720771 
3361.874642 0.724810 
3360.557854 0.729731 
3359.241066 0.733885 
3357.924278 0.737635 
3356.607490 0.742792 
3355.290703 0.746924 
3353.973915 0.753029 
3352.657127 0.757999 
3351.340339 0.762622 
3350.023551 0.766317 
3348.706763 0.772299 
3347.389975 0.778359 
3346.073187 0.782429 
3344.756399 0.788304 
3343.439611 0.792485 
3342.122823 0.798346 
3340.806035 0.803104 
3339.489247 0.808461 
3338.172459 0.814642 
3336.855672 0.819285 
3335.538884 0.824644 
3334.222096 0.829018 
3332.905308 0.835554 
3331.588520 0.841799 
3330.271732 0.848271 
3328.954944 0.852462 
3327.638156 0.858741 
3326.321368 0.863773 
3325.004580 0.869335 
3323.687792 0.875186 
3322.371004 0.880163 
3321.054216 0.887084 
3319.737428 0.892542 
3318.420641 0.898099 
3317.103853 0.904194 
3315.787065 0.909208 
3314.470277 0.913483 
3313.153489 0.919571 
3311.836701 0.924598 
3310.519913 0.929257 
3309.203125 0.934970 
3307.886337 0.938569 
3306.569549 0.944595 
3305.252761 0.948132 
3303.935973 0.953951 
3302.619185 0.958009 
3301.302397 0.961463 
3299.985610 0.965176 
3298.668822 0.968660 
3297.352034 0.972338 
3296.035246 0.975915 
3294.718458 0.979557 
3293.401670 0.983235 
3292.084882 0.984120 
3290.768094 0.987895 
3289.451306 0.991687 
3288.134518 0.992559 
3286.817730 0.994551 
3285.500942 0.997261 
3284.184154 0.997263 
3282.867366 0.997263 
3281.550579 1.000000 
3280.233791 1.000000 
3278.917003 1.000000 
3277.600215 1.000000 
3276.283427 1.000000 
3274.966639 1.000000 
3273.649851 1.000000 
3272.333063 0.998176 
3271.016275 0.997263 
3269.699487 0.997263 
3268.382699 0.995318 
3267.065911 0.994189 
3265.749123 0.991839 
3264.432335 0.989547 
3263.115548 0.988657 
3261.798760 0.984968 
3260.481972 0.983778 
3259.165184 0.980198 
3257.848396 0.976677 
3256.531608 0.975558 
3255.214820 0.972062 
3253.898032 0.968364 
3252.581244 0.964828 
3251.264456 0.961248 
3249.947668 0.957661 
3248.630880 0.954170 
3247.314092 0.950517 
3245.997304 0.947097 
3244.680517 0.940850 
3243.363729 0.937275 
3242.046941 0.933816 
3240.730153 0.929314 
3239.413365 0.924312 
3238.096577 0.920648 
3236.779789 0.914866 
3235.463001 0.911555 
3234.146213 0.905510 
3232.829425 0.900823 
3231.512637 0.896240 
3230.195849 0.892074 
3228.879061 0.885291 
3227.562273 0.881283 
3226.245485 0.875508 
3224.928698 0.870462 
3223.611910 0.864096 
3222.295122 0.859720 
3220.978334 0.855191 
3219.661546 0.849096 
3218.344758 0.842602 
3217.027970 0.838507 
3215.711182 0.831969 
3214.394394 0.825850 
3213.077606 0.821604 
3211.760818 0.815544 
3210.444030 0.809142 
3209.127242 0.803092 
3207.810454 0.796886 
3206.493667 0.790760 
3205.176879 0.784771 
3203.860091 0.778575 
3202.543303 0.772757 
3201.226515 0.766537 
3199.909727 0.760440 
3198.592939 0.754624 
3197.276151 0.748739 
3195.959363 0.741047 
3194.642575 0.735014 
3193.325787 0.727877 
3192.008999 0.721422 
3190.692211 0.714844 
3189.375423 0.707924 
3188.058636 0.700010 
3186.741848 0.694433 
3185.425060 0.687232 
3184.108272 0.679357 
3182.791484 0.672688 
3181.474696 0.666436 
3180.157908 0.658334 
3178.841120 0.651626 
3177.524332 0.644175 
3176.207544 0.636473 
3174.890756 0.629753 
3173.573968 0.622591 
3172.257180 0.614827 
3170.940392 0.606994 
3169.623605 0.598999 
3168.306817 0.591627 
3166.990029 0.583800 
3165.673241 0.576475 
3164.356453 0.568918 
3163.039665 0.561542 
3161.722877 0.553694 
3160.406089 0.545016 
3159.089301 0.537970 
3157.772513 0.528757 
3156.455725 0.521410 
3155.138937 0.514186 
3153.822149 0.505658 
3152.505361 0.497133 
3151.188574 0.489722 
3149.871786 0.481393 
3148.554998 0.473211 
3147.238210 0.465472 
3145.921422 0.457910 
3144.604634 0.449304 
3143.287846 0.442238 
3141.971058 0.433214 
3140.654270 0.426178 
3139.337482 0.417283 
3138.020694 0.410372 
3136.703906 0.401694 
3135.387118 0.394463 
3134.070330 0.386322 
3132.753543 0.378255 
3131.436755 0.369806 
3130.119967 0.363221 
3128.803179 0.355078 
3127.486391 0.348110 
3126.169603 0.340029 
3124.852815 0.332297 
3123.536027 0.324090 
3122.219239 0.317899 
3120.902451 0.309953 
3119.585663 0.302273 
3118.268875 0.296001 
3116.952087 0.288245 
3115.635299 0.282237 
3114.318512 0.274404 
3113.001724 0.267868 
3111.684936 0.260755 
3110.368148 0.254059 
3109.051360 0.247262 
3107.734572 0.241365 
3106.417784 0.234851 
3105.100996 0.228278 
3103.784208 0.222665 
3102.467420 0.216513 
3101.150632 0.210604 
3099.833844 0.204854 
3098.517056 0.198723 
3097.200268 0.193496 
3095.883480 0.188146 
3094.566693 0.183114 
3093.249905 0.177735 
3091.933117 0.172752 
3090.616329 0.167410 
3089.299541 0.162484 
3087.982753 0.157287 
3086.665965 0.153544 
3085.349177 0.149106 
3084.032389 0.144688 
3082.715601 0.139834 
3081.398813 0.136621 
3080.082025 0.131979 
3078.765237 0.128799 
3077.448449 0.125443 
3076.131662 0.122137 
3074.814874 0.117761 
3073.498086 0.114474 
3072.181298 0.111319 
3070.864510 0.107976 
3069.547722 0.104859 
3068.230934 0.102695 
3066.914146 0.099460 
3065.597358 0.096272 
3064.280570 0.094285 
3062.963782 0.091921 
3061.646994 0.089204 
3060.330206 0.087024 
3059.013418 0.084884 
3057.696631 0.082084 
3056.379843 0.079956 
3055.063055 0.077789 
3053.746267 0.075905 
3052.429479 0.073482 
3051.112691 0.071980 
3049.795903 0.070348 
3048.479115 0.068854 
3047.162327 0.067225 
3045.845539 0.065215 
3044.528751 0.063006 
3043.211963 0.062417 
3041.895175 0.059939 
3040.578387 0.059441 
3039.261600 0.057923 
3037.944812 0.056431 
3036.628024 0.054848 
3035.311236 0.053354 
3033.994448 0.051791 
3032.677660 0.050418 
3031.360872 0.049875 
3030.044084 0.048337 
3028.727296 0.047065 
3027.410508 0.046397 
3026.093720 0.044925 
3024.776932 0.044464 
3023.460144 0.042923 
3022.143356 0.042538 
3020.826569 0.041007 
3019.509781 0.039481 
3018.192993 0.039116 
3016.876205 0.038140 
3015.559417 0.037208 
3014.242629 0.035921 
3012.925841 0.035285 
3011.609053 0.034812 
3010.292265 0.033727 
3008.975477 0.032923 
3007.658689 0.032566 
3006.341901 0.031508 
3005.025113 0.030648 
3003.708325 0.030192 
3002.391538 0.029314 
3001.074750 0.029314 
2999.757962 0.028204 
2998.441174 0.027531 
2997.124386 0.027120 
2995.807598 0.026760 
2994.490810 0.026010 
2993.174022 0.024925 
2991.857234 0.024435 
2990.540446 0.023816 
2989.223658 0.023624 
2987.906870 0.022731 
2986.590082 0.021723 
2985.273294 0.021622 
2983.956507 0.020924 
2982.639719 0.020537 
2981.322931 0.020537 
2980.006143 0.019701 
2978.689355 0.019331 
2977.372567 0.018367 
2976.055779 0.018367 
2974.738991 0.018168 
2973.422203 0.017258 
2972.105415 0.017258 
2970.788627 0.016173 
2969.471839 0.016173 
2968.155051 0.015088 
2966.838263 0.015088 
2965.521475 0.015088 
2964.204688 0.014973 
2962.887900 0.014004 
2961.571112 0.014004 
2960.254324 0.012919 
2958.937536 0.012919 
2957.620748 0.011859 
2956.303960 0.011834 
2954.987172 0.011834 
2953.670384 0.011834 
2952.353596 0.011417 
2951.036808 0.010749 
2949.720020 0.010749 
2948.403232 0.010749 
2947.086444 0.009790 
2945.769657 0.009689 
2944.452869 0.009689 
2943.136081 0.009689 
2941.819293 0.009689 
2940.502505 0.009689 
2939.185717 0.008604 
2937.868929 0.008604 
2936.552141 0.008604 
2935.235353 0.008604 
2933.918565 0.008025 
2932.601777 0.007520 
2931.284989 0.007520 
2929.968201 0.007520 
2928.651413 0.007520 
2927.334626 0.007123 
2926.017838 0.006435 
2924.701050 0.006435 
2923.384262 0.006435 
2922.067474 0.006435 
2920.750686 0.006435 
2919.433898 0.006435 
2918.117110 0.005498 
2916.800322 0.005375 
2915.483534 0.005375 
2914.166746 0.005375 
2912.849958 0.005375 
2911.533170 0.005375 
2910.216382 0.005375 
2908.899595 0.005375 
2907.582807 0.004487 
2906.266019 0.005121 
2904.949231 0.004290 
2903.632443 0.004290 
2902.315655 0.004290 
2900.998867 0.004290 
2899.682079 0.004290 
2898.365291 0.004290 
2897.048503 0.004290 
2895.731715 0.004290 
2894.414927 0.003765 
2893.098139 0.004075 
2891.781351 0.004053 
2890.464564 0.003205 
2889.147776 0.003205 
2887.830988 0.003205 
2886.514200 0.003205 
2885.197412 0.003205 
2883.880624 0.003205 
2882.563836 0.003205 
2881.247048 0.003205 
2879.930260 0.003205 
2878.613472 0.003205 
2877.296684 0.003205 
2875.979896 0.003205 
2874.663108 0.003205 
2873.346320 0.003205 
2872.029533 0.003205 
2870.712745 0.002142 
2869.395957 0.002142 
2868.079169 0.002993 
2866.762381 0.003205 
2865.445593 0.002670 
2864.128805 0.002142 
2862.812017 0.002142 
2861.495229 0.002142 
2860.178441 0.002142 
2858.861653 0.002142 
2857.544865 0.002142 
2856.228077 0.002142 
2854.911289 0.002142 
2853.594502 0.002142 
2852.277714 0.002142 
2850.960926 0.002142 
2849.644138 0.002142 
2848.327350 0.002142 
2847.010562 0.002142 
2845.693774 0.002142 
2844.376986 0.002142 
2843.060198 0.002142 
2841.743410 0.002142 
2840.426622 0.002142 
2839.109834 0.002142 
2837.793046 0.002142 
2836.476258 0.002142 
2835.159470 0.002142 
2833.842683 0.002142 
2832.525895 0.002142 
2831.209107 0.002142 
2829.892319 0.002142 
2828.575531 0.002142 
2827.258743 0.002142 
2825.941955 0.002142 
2824.625167 0.002142 
2823.308379 0.002142 
2821.991591 0.002142 
2820.674803 0.002142 
2819.358015 0.002142 
2818.041227 0.002142 
2816.724439 0.002142 
2815.407652 0.002142 
2814.090864 0.002142 
2812.774076 0.002142 
2811.457288 0.002142 
2810.140500 0.002142 
2808.823712 0.002142 
2807.506924 0.002142 
2806.190136 0.002142 
2804.873348 0.002142 
2803.556560 0.002142 
2802.239772 0.002142 
2800.922984 0.002142 
2799.606196 0.002142 
2798.289408 0.002142 
2796.972621 0.002142 
2795.655833 0.002142 
2794.339045 0.002142 
2793.022257 0.002142 
2791.705469 0.002142 
2790.388681 0.002142 
2789.071893 0.002142 
2787.755105 0.002142 
2786.438317 0.002142 
2785.121529 0.002142 
2783.804741 0.002142 
2782.487953 0.002142 
2781.171165 0.002142 
2779.854377 0.001881 
2778.537590 0.001741 
2777.220802 0.002142 
2775.904014 0.002142 
2774.587226 0.002142 
2773.270438 0.001072 
2771.953650 0.001072 
2770.636862 0.001980 
2769.320074 0.001072 
2768.003286 0.001072 
2766.686498 0.001072 
2765.369710 0.001072 
2764.052922 0.001072 
2762.736134 0.001072 
2761.419346 0.001072 
2760.102559 0.001072 
2758.785771 0.001072 
2757.468983 0.001072 
2756.152195 0.001072 
2754.835407 0.001072 
2753.518619 0.001072 
2752.201831 0.001072 
2750.885043 0.001072 
2749.568255 0.001072 
2748.251467 0.001072 
2746.934679 0.001072 
2745.617891 0.001072 
2744.301103 0.001072 
2742.984315 0.001072 
2741.667528 0.001072 
2740.350740 0.001072 
2739.033952 0.001072 
2737.717164 0.001072 
2736.400376 0.001072 
2735.083588 0.001072 
2733.766800 0.001072 
2732.450012 0.001072 
2731.133224 0.001072 
2729.816436 0.001072 
2728.499648 0.001072 
2727.182860 0.001072 
2725.866072 0.001072 
2724.549284 0.001072 
2723.232496 0.001072 
2721.915709 0.001072 
2720.598921 0.001072 
2719.282133 0.001072 
2717.965345 0.001072 
2716.648557 0.001072 
2715.331769 0.001072 
2714.014981 0.001072 
2712.698193 0.001072 
2711.381405 0.001072 
2710.064617 0.001072 
2708.747829 0.001072 
2707.431041 0.001072 
2706.114253 0.001072 
2704.797465 0.001072 
2703.480678 0.001072 
2702.163890 0.000195 
2700.847102 0.001072 
2699.530314 0.001072 
2698.213526 0.001072 
2696.896738 0.001072 
2695.579950 0.001072 
2694.263162 0.001072 
2692.946374 0.001072 
2691.629586 0.001072 
2690.312798 0.001072 
2688.996010 0.001072 
2687.679222 0.001072 
2686.362434 0.001072 
2685.045647 0.001072 
2683.728859 0.000035 
2682.412071 0.000762 
2681.095283 0.000720 
2679.778495 0.001072 
2678.461707 0.001072 
2677.144919 0.000261 
2675.828131 0.001072 
2674.511343 0.001072 
2673.194555 0.001072 
2671.877767 0.001072 
2670.560979 0.001072 
2669.244191 0.001072 
2667.927403 0.001072 
2666.610616 0.001072 
2665.293828 0.001072 
2663.977040 0.001072 
2662.660252 0.001072 
2661.343464 0.001072 
2660.026676 0.001072 
2658.709888 0.001072 
2657.393100 0.001072 
2656.076312 0.001072 
2654.759524 0.001072 
2653.442736 0.001072 
2652.125948 0.001072 
2650.809160 0.001072 
2649.492372 0.001072 
2648.175585 0.001072 
2646.858797 0.001072 
2645.542009 0.001072 
2644.225221 0.001072 
2642.908433 0.001072 
2641.591645 0.001072 
2640.274857 0.001072 
2638.958069 0.001072 
2637.641281 0.001072 
2636.324493 0.001072 
2635.007705 0.001072 
2633.690917 0.001072 
2632.374129 0.001072 
2631.057341 0.001072 
2629.740554 0.001072 
2628.423766 0.001072 
2627.106978 0.001072 
2625.790190 0.001072 
2624.473402 0.001072 
2623.156614 0.001072 
2621.839826 0.001072 
2620.523038 0.001583 
2619.206250 0.001292 
2617.889462 0.001072 
2616.572674 0.001072 
2615.255886 0.002076 
2613.939098 0.001832 
2612.622310 0.001797 
2611.305523 0.002142 
2609.988735 0.002142 
2608.671947 0.002142 
2607.355159 0.002142 
2606.038371 0.002142 
2604.721583 0.002142 
2603.404795 0.002142 
2602.088007 0.002142 
2600.771219 0.002142 
2599.454431 0.002142 
2598.137643 0.002142 
2596.820855 0.002142 
2595.504067 0.002142 
2594.187279 0.002142 
2592.870491 0.002142 
2591.553704 0.002142 
2590.236916 0.002142 
2588.920128 0.002142 
2587.603340 0.002142 
2586.286552 0.002142 
2584.969764 0.002142 
2583.652976 0.002907 
2582.336188 0.002142 
2581.019400 0.002142 
2579.702612 0.002991 
2578.385824 0.002142 
2577.069036 0.002142 
2575.752248 0.003042 
2574.435460 0.003205 
2573.118673 0.003205 
2571.801885 0.003205 
2570.485097 0.003205 
2569.168309 0.003205 
2567.851521 0.003205 
2566.534733 0.003205 
2565.217945 0.003205 
2563.901157 0.003205 
2562.584369 0.003205 
2561.267581 0.003205 
2559.950793 0.003205 
2558.634005 0.003205 
2557.317217 0.003205 
2556.000429 0.003205 
2554.683642 0.003205 
2553.366854 0.003205 
2552.050066 0.003205 
2550.733278 0.003205 
2549.416490 0.003205 
2548.099702 0.003205 
2546.782914 0.003205 
2545.466126 0.003205 
2544.149338 0.003910 
2542.832550 0.003240 
2541.515762 0.004290 
2540.198974 0.004290 
2538.882186 0.004290 
2537.565398 0.004290 
2536.248611 0.004290 
2534.931823 0.004290 
2533.615035 0.004290 
2532.298247 0.004290 
2530.981459 0.004290 
2529.664671 0.004290 
2528.347883 0.004290 
2527.031095 0.004290 
2525.714307 0.004290 
2524.397519 0.004290 
2523.080731 0.004290 
2521.763943 0.004290 
2520.447155 0.004290 
2519.130367 0.004290 
2517.813580 0.004290 
2516.496792 0.004290 
2515.180004 0.004290 
2513.863216 0.004329 
2512.546428 0.004948 
2511.229640 0.005126 
2509.912852 0.005172 
2508.596064 0.004290 
2507.279276 0.005278 
2505.962488 0.005375 
2504.645700 0.005375 
2503.328912 0.005375 
2502.012124 0.005375 
2500.695336 0.005375 
2499.378549 0.005375 
2498.061761 0.005375 
2496.744973 0.005375 
2495.428185 0.005375 
2494.111397 0.005375 
2492.794609 0.005375 
2491.477821 0.005375 
2490.161033 0.005375 
2488.844245 0.005375 
2487.527457 0.005769 
2486.210669 0.006435 
2484.893881 0.006435 
2483.577093 0.006435 
2482.260305 0.005564 
2480.943518 0.006435 
2479.626730 0.006435 
2478.309942 0.006435 
2476.993154 0.006435 
2475.676366 0.006435 
2474.359578 0.006435 
2473.042790 0.006435 
2471.726002 0.006435 
2470.409214 0.006435 
2469.092426 0.006435 
2467.775638 0.007330 
2466.458850 0.006435 
2465.142062 0.006435 
2463.825274 0.006435 
2462.508486 0.006750 
2461.191699 0.007520 
2459.874911 0.007492 
2458.558123 0.006846 
2457.241335 0.007520 
2455.924547 0.007520 
2454.607759 0.007520 
2453.290971 0.007520 
2451.974183 0.007520 
2450.657395 0.007520 
2449.340607 0.007520 
2448.023819 0.007520 
2446.707031 0.007520 
2445.390243 0.007520 
2444.073455 0.007520 
2442.756668 0.007520 
2441.439880 0.007520 
2440.123092 0.007520 
2438.806304 0.007520 
2437.489516 0.007773 
2436.172728 0.008604 
2434.855940 0.008604 
2433.539152 0.008604 
2432.222364 0.008604 
2430.905576 0.008604 
2429.588788 0.008604 
2428.272000 0.008604 
2426.955212 0.008604 
2425.638424 0.008604 
2424.321637 0.008604 
2423.004849 0.008604 
2421.688061 0.008604 
2420.371273 0.008604 
2419.054485 0.008604 
2417.737697 0.008604 
2416.420909 0.008604 
2415.104121 0.008604 
2413.787333 0.008604 
2412.470545 0.008604 
2411.153757 0.008604 
2409.836969 0.008604 
2408.520181 0.008604 
2407.203393 0.009324 
2405.886606 0.009689 
2404.569818 0.009689 
2403.253030 0.009689 
2401.936242 0.009689 
2400.619454 0.009689 
2399.302666 0.009689 
2397.985878 0.009689 
2396.669090 0.009689 
2395.352302 0.009689 
2394.035514 0.009689 
2392.718726 0.009689 
2391.401938 0.009689 
2390.085150 0.009689 
2388.768362 0.009689 
2387.451575 0.009689 
2386.134787 0.009689 
2384.817999 0.010611 
2383.501211 0.010749 
2382.184423 0.010749 
2380.867635 0.010749 
2379.550847 0.010749 
2378.234059 0.010749 
2376.917271 0.010749 
2375.600483 0.010749 
2374.283695 0.010749 
2372.966907 0.010749 
2371.650119 0.010749 
2370.333331 0.010749 
2369.016544 0.011834 
2367.699756 0.011834 
2366.382968 0.011834 
2365.066180 0.011834 
2363.749392 0.011834 
2362.432604 0.011834 
2361.115816 0.011834 
2359.799028 0.011834 
2358.482240 0.011834 
2357.165452 0.011834 
2355.848664 0.011834 
2354.531876 0.012919 
2353.215088 0.012919 
2351.898300 0.012919 
2350.581513 0.012919 
2349.264725 0.012919 
2347.947937 0.012919 
2346.631149 0.012919 
2345.314361 0.012919 
2343.997573 0.012919 
2342.680785 0.012919 
2341.363997 0.012919 
2340.047209 0.013192 
2338.730421 0.014004 
2337.413633 0.014004 
2336.096845 0.014004 
2334.780057 0.014004 
2333.463269 0.014004 
2332.146481 0.014004 
2330.829694 0.014004 
2329.512906 0.014004 
2328.196118 0.014004 
2326.879330 0.014004 
2325.562542 0.014290 
2324.245754 0.015088 
2322.928966 0.015088 
2321.612178 0.015088 
2320.295390 0.015088 
2318.978602 0.015088 
2317.661814 0.015088 
2316.345026 0.015088 
2315.028238 0.015088 
2313.711450 0.015088 
2312.394663 0.015088 
2311.077875 0.015088 
2309.761087 0.015781 
2308.444299 0.016173 
2307.127511 0.016173 
2305.810723 0.016173 
2304.493935 0.016173 
2303.177147 0.016173 
2301.860359 0.016173 
2300.543571 0.016173 
2299.226783 0.016173 
2297.909995 0.016173 
2296.593207 0.016173 
2295.276419 0.016925 
2293.959632 0.017258 
2292.642844 0.017258 
2291.326056 0.017258 
2290.009268 0.017258 
2288.692480 0.017258 
2287.375692 0.017258 
2286.058904 0.017258 
2284.742116 0.017946 
2283.425328 0.018367 
2282.108540 0.018367 
2280.791752 0.018367 
2279.474964 0.018367 
2278.158176 0.018367 
2276.841388 0.018367 
2275.524601 0.018557 
2274.207813 0.019452 
2272.891025 0.019452 
2271.574237 0.019452 
2270.257449 0.019452 
2268.940661 0.019452 
2267.623873 0.019452 
2266.307085 0.020204 
2264.990297 0.020537 
2263.673509 0.020537 
2262.356721 0.020537 
2261.039933 0.020537 
2259.723145 0.020537 
2258.406357 0.020537 
2257.089570 0.020875 
2255.772782 0.021622 
2254.455994 0.021622 
2253.139206 0.021622 
2251.822418 0.021622 
2250.505630 0.021622 
2249.188842 0.021622 
2247.872054 0.021622 
2246.555266 0.021799 
2245.238478 0.022107 
2243.921690 0.022704 
2242.604902 0.022731 
2241.288114 0.022731 
2239.971326 0.022731 
2238.654539 0.022731 
2237.337751 0.022731 
2236.020963 0.022731 
2234.704175 0.022731 
2233.387387 0.022731 
2232.070599 0.023567 
2230.753811 0.023389 
2229.437023 0.023816 
2228.120235 0.023816 
2226.803447 0.023816 
2225.486659 0.023816 
2224.169871 0.023816 
2222.853083 0.023816 
2221.536295 0.023816 
2220.219508 0.023816 
2218.902720 0.023816 
2217.585932 0.023816 
2216.269144 0.023816 
2214.952356 0.023816 
2213.635568 0.023816 
2212.318780 0.023076 
2211.001992 0.022731 
2209.685204 0.022731 
2208.368416 0.022731 
2207.051628 0.022731 
2205.734840 0.022731 
2204.418052 0.022731 
2203.101264 0.022731 
2201.784476 0.022731 
2200.467689 0.022731 
2199.150901 0.022731 
2197.834113 0.021910 
2196.517325 0.021622 
2195.200537 0.021622 
2193.883749 0.021622 
2192.566961 0.021622 
2191.250173 0.021622 
2189.933385 0.020682 
2188.616597 0.020537 
2187.299809 0.020537 
2185.983021 0.020537 
2184.666233 0.020135 
2183.349445 0.019452 
2182.032658 0.019452 
2180.715870 0.019452 
2179.399082 0.019452 
2178.082294 0.019216 
2176.765506 0.018947 
2175.448718 0.018427 
2174.131930 0.018367 
2172.815142 0.018367 
2171.498354 0.017258 
2170.181566 0.017258 
2168.864778 0.017258 
2167.547990 0.017258 
2166.231202 0.017258 
2164.914414 0.016311 
2163.597627 0.016173 
2162.280839 0.016173 
2160.964051 0.016173 
2159.647263 0.015867 
2158.330475 0.015088 
2157.013687 0.015088 
2155.696899 0.015088 
2154.380111 0.014221 
2153.063323 0.014004 
2151.746535 0.014004 
2150.429747 0.014004 
2149.112959 0.014004 
2147.796171 0.013348 
2146.479383 0.012919 
2145.162596 0.012919 
2143.845808 0.012919 
2142.529020 0.012842 
2141.212232 0.012302 
2139.895444 0.012046 
2138.578656 0.011834 
2137.261868 0.011834 
2135.945080 0.011834 
2134.628292 0.011538 
2133.311504 0.010749 
2131.994716 0.010749 
2130.677928 0.010749 
2129.361140 0.010749 
2128.044352 0.010683 
2126.727565 0.009689 
2125.410777 0.009689 
2124.093989 0.009689 
2122.777201 0.009689 
2121.460413 0.009689 
2120.143625 0.009689 
2118.826837 0.008999 
2117.510049 0.008604 
2116.193261 0.008604 
2114.876473 0.008604 
2113.559685 0.008604 
2112.242897 0.008604 
2110.926109 0.008604 
2109.609321 0.007520 
2108.292534 0.007520 
2106.975746 0.007520 
2105.658958 0.007520 
2104.342170 0.007520 
2103.025382 0.007520 
2101.708594 0.007520 
2100.391806 0.006750 
2099.075018 0.006435 
2097.758230 0.006435 
2096.441442 0.006435 
2095.124654 0.006435 
2093.807866 0.006435 
2092.491078 0.006435 
2091.174290 0.006435 
2089.857503 0.006435 
2088.540715 0.005375 
2087.223927 0.005375 
2085.907139 0.005375 
2084.590351 0.005375 
2083.273563 0.005375 
2081.956775 0.005375 
2080.639987 0.005375 
2079.323199 0.005375 
2078.006411 0.005375 
2076.689623 0.004290 
2075.372835 0.004290 
2074.056047 0.004290 
2072.739259 0.004290 
2071.422471 0.004290 
2070.105684 0.004290 
2068.788896 0.004290 
2067.472108 0.004290 
2066.155320 0.004290 
2064.838532 0.004290 
2063.521744 0.004290 
2062.204956 0.003935 
2060.888168 0.003205 
2059.571380 0.003205 
2058.254592 0.003205 
2056.937804 0.003205 
2055.621016 0.003205 
2054.304228 0.003205 
2052.987440 0.003205 
2051.670653 0.003205 
2050.353865 0.003205 
2049.037077 0.003205 
2047.720289 0.003205 
2046.403501 0.003205 
2045.086713 0.002263 
2043.769925 0.003205 
2042.453137 0.003205 
2041.136349 0.002142 
2039.819561 0.002142 
2038.502773 0.002142 
2037.185985 0.002142 
2035.869197 0.002142 
2034.552409 0.002142 
2033.235622 0.002142 
2031.918834 0.002142 
2030.602046 0.002142 
2029.285258 0.002142 
2027.968470 0.002142 
2026.651682 0.002142 
2025.334894 0.002142 
2024.018106 0.002142 
2022.701318 0.002142 
2021.384530 0.002142 
2020.067742 0.002142 
2018.750954 0.002142 
2017.434166 0.001321 
2016.117378 0.001072 
2014.800591 0.001072 
2013.483803 0.001072 
2012.167015 0.001072 
2010.850227 0.001072 
2009.533439 0.001072 
2008.216651 0.001072 
2006.899863 0.001072 
2005.583075 0.001072 
2004.266287 0.001072 
2002.949499 0.001072 
2001.632711 0.001072 
2000.315923 0.001072 
1998.999135 0.001072 
1997.682347 0.001072 
1996.365560 0.001072 
1995.048772 0.001072 
1993.731984 0.001072 
1992.415196 0.001072 
1991.098408 0.001072 
1989.781620 0.001072 
1988.464832 0.001072 
1987.148044 0.001072 
1985.831256 0.001072 
1984.514468 0.001072 
1983.197680 0.001072 
1981.880892 0.001072 
1980.564104 0.001072 
1979.247316 0.001072 
1977.930529 0.001072 
1976.613741 0.001072 
1975.296953 0.001072 
1973.980165 0.000192 
1972.663377 0.001072 
1971.346589 0.001072 
1970.029801 0.000138 
1968.713013 0.001072 
1967.396225 0.001072 
1966.079437 0.001072 
1964.762649 0.001072 
1963.445861 0.001072 
1962.129073 0.000000 
1960.812285 0.000000 
1959.495497 0.000000 
1958.178710 0.000833 
1956.861922 0.000000 
1955.545134 0.001018 
1954.228346 0.000779 
1952.911558 0.000700 
1951.594770 0.000000 
1950.277982 0.000451 
1948.961194 0.000279 
1947.644406 0.000000 
1946.327618 0.000000 
1945.010830 0.000000 
1943.694042 0.000219 
1942.377254 0.001072 
1941.060466 0.001072 
1939.743679 0.001072 
1938.426891 0.001072 
1937.110103 0.000096 
1935.793315 0.001072 
1934.476527 0.000210 
1933.159739 0.000150 
1931.842951 0.000528 
1930.526163 0.000000 
1929.209375 0.000227 
1927.892587 0.000422 
1926.575799 0.000991 
1925.259011 0.000705 
1923.942223 0.000784 
1922.625435 0.000991 
1921.308648 0.000466 
1919.991860 0.000205 
1918.675072 0.001072 
1917.358284 0.001072 
1916.041496 0.001072 
1914.724708 0.000777 
1913.407920 0.000634 
1912.091132 0.001063 
1910.774344 0.000350 
1909.457556 0.001072 
1908.140768 0.001072 
1906.823980 0.001072 
1905.507192 0.000222 
1904.190404 0.001072 
1902.873617 0.001072 
1901.556829 0.001072 
1900.240041 0.001072 
1898.923253 0.001072 
1897.606465 0.001072 
1896.289677 0.001072 
1894.972889 0.001072 
1893.656101 0.001072 
1892.339313 0.001072 
1891.022525 0.001072 
1889.705737 0.001072 
1888.388949 0.001072 
1887.072161 0.001072 
1885.755373 0.001072 
1884.438586 0.001072 
1883.121798 0.001072 
1881.805010 0.001072 
1880.488222 0.001072 
1879.171434 0.001072 
1877.854646 0.001072 
1876.537858 0.001072 
1875.221070 0.001072 
1873.904282 0.001072 
1872.587494 0.001072 
1871.270706 0.001425 
1869.953918 0.002142 
1868.637130 0.002142 
1867.320342 0.002142 
1866.003555 0.002142 
1864.686767 0.001206 
1863.369979 0.002142 
1862.053191 0.002142 
1860.736403 0.002142 
1859.419615 0.002142 
1858.102827 0.002142 
1856.786039 0.002142 
1855.469251 0.002142 
1854.152463 0.002142 
1852.835675 0.002142 
1851.518887 0.002142 
1850.202099 0.002142 
1848.885311 0.002142 
1847.568524 0.002142 
1846.251736 0.002406 
1844.934948 0.003205 
1843.618160 0.003205 
1842.301372 0.003205 
1840.984584 0.003205 
1839.667796 0.003205 
1838.351008 0.003205 
1837.034220 0.003205 
1835.717432 0.003205 
1834.400644 0.003205 
1833.083856 0.003205 
1831.767068 0.003486 
1830.450280 0.004290 
1829.133492 0.004290 
1827.816705 0.004290 
1826.499917 0.004290 
1825.183129 0.004290 
1823.866341 0.004290 
1822.549553 0.004290 
1821.232765 0.004290 
1819.915977 0.004290 
1818.599189 0.004290 
1817.282401 0.004635 
1815.965613 0.005375 
1814.648825 0.005375 
1813.332037 0.005375 
1812.015249 0.005375 
1810.698461 0.005375 
1809.381674 0.005375 
1808.064886 0.006260 
1806.748098 0.005555 
1805.431310 0.006435 
1804.114522 0.006435 
1802.797734 0.006435 
1801.480946 0.006435 
1800.164158 0.007520 
1798.847370 0.007520 
1797.530582 0.007520 
1796.213794 0.007520 
1794.897006 0.007520 
1793.580218 0.008410 
1792.263430 0.008604 
1790.946643 0.008604 
1789.629855 0.008604 
1788.313067 0.008604 
1786.996279 0.008604 
1785.679491 0.009689 
1784.362703 0.009689 
1783.045915 0.009689 
1781.729127 0.009869 
1780.412339 0.010749 
1779.095551 0.010749 
1777.778763 0.010749 
1776.461975 0.010749 
1775.145187 0.011785 
1773.828399 0.012238 
1772.511612 0.012172 
1771.194824 0.012919 
1769.878036 0.012919 
1768.561248 0.013809 
1767.244460 0.014004 
1765.927672 0.014004 
1764.610884 0.014004 
1763.294096 0.015088 
1761.977308 0.015088 
1760.660520 0.016173 
1759.343732 0.016173 
1758.026944 0.016984 
1756.710156 0.017357 
1755.393368 0.018367 
1754.076581 0.018367 
1752.759793 0.019622 
1751.443005 0.020537 
1750.126217 0.020537 
1748.809429 0.021622 
1747.492641 0.021622 
1746.175853 0.022731 
1744.859065 0.023143 
1743.542277 0.023816 
1742.225489 0.024925 
1740.908701 0.025458 
1739.591913 0.026908 
1738.275125 0.027120 
1736.958337 0.027706 
1735.641550 0.029262 
1734.324762 0.030704 
1733.007974 0.031508 
1731.691186 0.031518 
1730.374398 0.033091 
1729.057610 0.033727 
1727.740822 0.034989 
1726.424034 0.035921 
1725.107246 0.036898 
1723.790458 0.038140 
1722.473670 0.038788 
1721.156882 0.040295 
1719.840094 0.041007 
1718.523306 0.042602 
1717.206519 0.043712 
1715.889731 0.044168 
1714.572943 0.044821 
1713.256155 0.045931 
1711.939367 0.046510 
1710.622579 0.048039 
1709.305791 0.048174 
1707.989003 0.048867 
1706.672215 0.050339 
1705.355427 0.050810 
1704.038639 0.051552 
1702.721851 0.051638 
1701.405063 0.053657 
1700.088275 0.054010 
1698.771487 0.053796 
1697.454700 0.054414 
1696.137912 0.055886 
1694.821124 0.054930 
1693.504336 0.054930 
1692.187548 0.054930 
1690.870760 0.055294 
1689.553972 0.056039 
1688.237184 0.056039 
1686.920396 0.056039 
1685.603608 0.057846 
1684.286820 0.057173 
1682.970032 0.057173 
1681.653244 0.057173 
1680.336456 0.057173 
1679.019669 0.057173 
1677.702881 0.057173 
1676.386093 0.057568 
1675.069305 0.057479 
1673.752517 0.057114 
1672.435729 0.056567 
1671.118941 0.056189 
1669.802153 0.056949 
1668.485365 0.056039 
1667.168577 0.056039 
1665.851789 0.056039 
1664.535001 0.056039 
1663.218213 0.056039 
1661.901425 0.055598 
1660.584638 0.054930 
1659.267850 0.054930 
1657.951062 0.054930 
1656.634274 0.054930 
1655.317486 0.054930 
1654.000698 0.055595 
1652.683910 0.056039 
1651.367122 0.053796 
1650.050334 0.053058 
1648.733546 0.052738 
1647.416758 0.053362 
1646.099970 0.052661 
1644.783182 0.051552 
1643.466394 0.051552 
1642.149607 0.051552 
1640.832819 0.050418 
1639.516031 0.050418 
1638.199243 0.050418 
1636.882455 0.050021 
1635.565667 0.050753 
1634.248879 0.049308 
1632.932091 0.048845 
1631.615303 0.048174 
1630.298515 0.048174 
1628.981727 0.048174 
1627.664939 0.048174 
1626.348151 0.047065 
1625.031363 0.047065 
1623.714576 0.047065 
1622.397788 0.046685 
1621.081000 0.045931 
1619.764212 0.045931 
1618.447424 0.045428 
1617.130636 0.046547 
1615.813848 0.045931 
1614.497060 0.045312 
1613.180272 0.044821 
1611.863484 0.044821 
1610.546696 0.044097 
1609.229908 0.043712 
1607.913120 0.043712 
1606.596332 0.043712 
1605.279545 0.043712 
1603.962757 0.043712 
1602.645969 0.042782 
1601.329181 0.042602 
1600.012393 0.042602 
1598.695605 0.042602 
1597.378817 0.042602 
1596.062029 0.041880 
1594.745241 0.041468 
1593.428453 0.041468 
1592.111665 0.041468 
1590.794877 0.041468 
1589.478089 0.041468 
1588.161301 0.040539 
1586.844514 0.040359 
1585.527726 0.040359 
1584.210938 0.040359 
1582.894150 0.040359 
1581.577362 0.040359 
1580.260574 0.040315 
1578.943786 0.039250 
1577.626998 0.039250 
1576.310210 0.041247 
1574.993422 0.039250 
1573.676634 0.038335 
1572.359846 0.038140 
1571.043058 0.038140 
1569.726270 0.039220 
1568.409482 0.038140 
1567.092695 0.038140 
1565.775907 0.038111 
1564.459119 0.037031 
1563.142331 0.037031 
1561.825543 0.037225 
1560.508755 0.038140 
1559.191967 0.038140 
1557.875179 0.036782 
1556.558391 0.035921 
1555.241603 0.036984 
1553.924815 0.036614 
1552.608027 0.035921 
1551.291239 0.035921 
1549.974451 0.035921 
1548.657664 0.035007 
1547.340876 0.034812 
1546.024088 0.035399 
1544.707300 0.034930 
1543.390512 0.035071 
1542.073724 0.035226 
1540.756936 0.035921 
1539.440148 0.035522 
1538.123360 0.033996 
1536.806572 0.033727 
1535.489784 0.033727 
1534.172996 0.033727 
1532.856208 0.033727 
1531.539420 0.033727 
1530.222633 0.032753 
1528.905845 0.032618 
1527.589057 0.032618 
1526.272269 0.032618 
1524.955481 0.032618 
1523.638693 0.032618 
1522.321905 0.032714 
1521.005117 0.033177 
1519.688329 0.031718 
1518.371541 0.031762 
1517.054753 0.032014 
1515.737965 0.031508 
1514.421177 0.031508 
1513.104389 0.031508 
1511.787602 0.031493 
1510.470814 0.030874 
1509.154026 0.031508 
1507.837238 0.031508 
1506.520450 0.031508 
1505.203662 0.030527 
1503.886874 0.030167 
1502.570086 0.029952 
1501.253298 0.029371 
1499.936510 0.029632 
1498.619722 0.029661 
1497.302934 0.029420 
1495.986146 0.029950 
1494.669358 0.029314 
1493.352571 0.028367 
1492.035783 0.029314 
1490.718995 0.029314 
1489.402207 0.029070 
1488.085419 0.028204 
1486.768631 0.028204 
1485.451843 0.028204 
1484.135055 0.028204 
1482.818267 0.028204 
1481.501479 0.028204 
1480.184691 0.027319 
1478.867903 0.027120 
1477.551115 0.027120 
1476.234327 0.027120 
1474.917540 0.027120 
1473.600752 0.027120 
1472.283964 0.028187 
1470.967176 0.027120 
1469.650388 0.027120 
1468.333600 0.027120 
1467.016812 0.026585 
1465.700024 0.026898 
1464.383236 0.026010 
1463.066448 0.026010 
1461.749660 0.026010 
1460.432872 0.026010 
1459.116084 0.026010 
1457.799296 0.026010 
1456.482509 0.026728 
1455.165721 0.026010 
1453.848933 0.024987 
1452.532145 0.025502 
1451.215357 0.024925 
1449.898569 0.024925 
1448.581781 0.024925 
1447.264993 0.024925 
1445.948205 0.024925 
1444.631417 0.024925 
1443.314629 0.024925 
1441.997841 0.024925 
1440.681053 0.024127 
1439.364265 0.023816 
1438.047477 0.024373 
1436.730690 0.024925 
1435.413902 0.023816 
1434.097114 0.023816 
1432.780326 0.023816 
1431.463538 0.023816 
1430.146750 0.023816 
1428.829962 0.023740 
1427.513174 0.022731 
1426.196386 0.022731 
1424.879598 0.022731 
1423.562810 0.022731 
1422.246022 0.022731 
1420.929234 0.023025 
1419.612446 0.023816 
1418.295659 0.022731 
1416.978871 0.022731 
1415.662083 0.021945 
1414.345295 0.021622 
1413.028507 0.021622 
1411.711719 0.021622 
1410.394931 0.021622 
1409.078143 0.021622 
1407.761355 0.021622 
1406.444567 0.021622 
1405.127779 0.021622 
1403.810991 0.020549 
1402.494203 0.020537 
1401.177415 0.020537 
1399.860628 0.020537 
1398.543840 0.020537 
1397.227052 0.020537 
1395.910264 0.020537 
1394.593476 0.020537 
1393.276688 0.019536 
1391.959900 0.019452 
1390.643112 0.019452 
1389.326324 0.019452 
1388.009536 0.019452 
1386.692748 0.019452 
1385.375960 0.019317 
1384.059172 0.018367 
1382.742384 0.018367 
1381.425597 0.018367 
1380.108809 0.018367 
1378.792021 0.018367 
1377.475233 0.018367 
1376.158445 0.018367 
1374.841657 0.018367 
1373.524869 0.018367 
1372.208081 0.018367 
1370.891293 0.018367 
1369.574505 0.018367 
1368.257717 0.017433 
1366.940929 0.018170 
1365.624141 0.017258 
1364.307353 0.017258 
1362.990566 0.017258 
1361.673778 0.017258 
1360.356990 0.017258 
1359.040202 0.016824 
1357.723414 0.017016 
1356.406626 0.017145 
1355.089838 0.016173 
1353.773050 0.016173 
1352.456262 0.016173 
1351.139474 0.016173 
1349.822686 0.016173 
1348.505898 0.016173 
1347.189110 0.016173 
1345.872322 0.015088 
1344.555535 0.015088 
1343.238747 0.015088 
1341.921959 0.015088 
1340.605171 0.015088 
1339.288383 0.015088 
1337.971595 0.015088 
1336.654807 0.015088 
1335.338019 0.015088 
1334.021231 0.015088 
1332.704443 0.015088 
1331.387655 0.014004 
1330.070867 0.014004 
1328.754079 0.014004 
1327.437291 0.014004 
1326.120504 0.014004 
1324.803716 0.014004 
1323.486928 0.014004 
1322.170140 0.014004 
1320.853352 0.012919 
1319.536564 0.012919 
1318.219776 0.012919 
1316.902988 0.012919 
1315.586200 0.012919 
1314.269412 0.012919 
1312.952624 0.012919 
1311.635836 0.012919 
1310.319048 0.012919 
1309.002260 0.011834 
1307.685472 0.011834 
1306.368685 0.011834 
1305.051897 0.011834 
1303.735109 0.011834 
1302.418321 0.011834 
1301.101533 0.011834 
1299.784745 0.011834 
1298.467957 0.010749 
1297.151169 0.010749 
1295.834381 0.010749 
1294.517593 0.010749 
1293.200805 0.010749 
1291.884017 0.010749 
1290.567229 0.010749 
1289.250441 0.010749 
1287.933654 0.010749 
1286.616866 0.010749 
1285.300078 0.009807 
1283.983290 0.009689 
1282.666502 0.009689 
1281.349714 0.009689 
1280.032926 0.009689 
1278.716138 0.009689 
1277.399350 0.009689 
1276.082562 0.009689 
1274.765774 0.009689 
1273.448986 0.008604 
1272.132198 0.008604 
1270.815410 0.008604 
1269.498623 0.008604 
1268.181835 0.008604 
1266.865047 0.008604 
1265.548259 0.008604 
1264.231471 0.008604 
1262.914683 0.008604 
1261.597895 0.008119 
1260.281107 0.007520 
1258.964319 0.007520 
1257.647531 0.007520 
1256.330743 0.007520 
1255.013955 0.007520 
1253.697167 0.007520 
1252.380379 0.007520 
1251.063592 0.007155 
1249.746804 0.007221 
1248.430016 0.007436 
1247.113228 0.006435 
1245.796440 0.006435 
1244.479652 0.006435 
1243.162864 0.006435 
1241.846076 0.006435 
1240.529288 0.006435 
1239.212500 0.006435 
1237.895712 0.006435 
1236.578924 0.006435 
1235.262136 0.004852 
1233.945348 0.002340 
1232.628561 0.005375 
1231.311773 0.006304 
1229.994985 0.005592 
1228.678197 0.005821 
1227.361409 0.005375 
1226.044621 0.005375 
1224.727833 0.005375 
1223.411045 0.005375 
1222.094257 0.005375 
1220.777469 0.005375 
1219.460681 0.004440 
1218.143893 0.004825 
1216.827105 0.005237 
1215.510317 0.004519 
1214.193530 0.004716 
1212.876742 0.004290 
1211.559954 0.004290 
1210.243166 0.004290 
1208.926378 0.004290 
1207.609590 0.004290 
1206.292802 0.004290 
1204.976014 0.004290 
1203.659226 0.004290 
1202.342438 0.004290 
1201.025650 0.004290 
1199.708862 0.004290 
1198.392074 0.004290 
1197.075286 0.004290 
1195.758498 0.004290 
1194.441711 0.004226 
1193.124923 0.003205 
1191.808135 0.003205 
1190.491347 0.003205 
1189.174559 0.003205 
1187.857771 0.003205 
1186.540983 0.003205 
1185.224195 0.003205 
1183.907407 0.003205 
1182.590619 0.003205 
1181.273831 0.003205 
1179.957043 0.003205 
1178.640255 0.003205 
1177.323467 0.002382 
1176.006680 0.003205 
1174.689892 0.003205 
1173.373104 0.002221 
1172.056316 0.002917 
1170.739528 0.002845 
1169.422740 0.002167 
1168.105952 0.002562 
1166.789164 0.002451 
1165.472376 0.002142 
1164.155588 0.002142 
1162.838800 0.002142 
1161.522012 0.002142 
1160.205224 0.002142 
1158.888436 0.002142 
1157.571649 0.002142 
1156.254861 0.002142 
1154.938073 0.002142 
1153.621285 0.002142 
1152.304497 0.002142 
1150.987709 0.002142 
1149.670921 0.002142 
1148.354133 0.002142 
1147.037345 0.001950 
1145.720557 0.001694 
1144.403769 0.002142 
1143.086981 0.002142 
1141.770193 0.002142 
1140.453405 0.002142 
1139.136618 0.002142 
1137.819830 0.002142 
1136.503042 0.002142 
1135.186254 0.002142 
1133.869466 0.002142 
1132.552678 0.001336 
1131.235890 0.002142 
1129.919102 0.002142 
1128.602314 0.001425 
1127.285526 0.001378 
1125.968738 0.002105 
1124.651950 0.001072 
1123.335162 0.001072 
1122.018374 0.001267 
1120.701587 0.001610 
1119.384799 0.001072 
1118.068011 0.001319 
1116.751223 0.001489 
1115.434435 0.001072 
1114.117647 0.001072 
1112.800859 0.001072 
1111.484071 0.001072 
1110.167283 0.001072 
1108.850495 0.001072 
1107.533707 0.001072 
1106.216919 0.001072 
1104.900131 0.001072 
1103.583343 0.001072 
1102.266556 0.001072 
1100.949768 0.001072 
1099.632980 0.001072 
1098.316192 0.001072 
1096.999404 0.001072 
1095.682616 0.001072 
1094.365828 0.001072 
1093.049040 0.001072 
1091.732252 0.001072 
1090.415464 0.001072 
1089.098676 0.001072 
1087.781888 0.001072 
1086.465100 0.001072 
1085.148312 0.001072 
1083.831525 0.001072 
1082.514737 0.001072 
1081.197949 0.001072 
1079.881161 0.001072 
1078.564373 0.001072 
1077.247585 0.001072 
1075.930797 0.001072 
1074.614009 0.001072 
1073.297221 0.001072 
1071.980433 0.001072 
1070.663645 0.001072 
1069.346857 0.000264 
1068.030069 0.001072 
1066.713281 0.001072 
1065.396493 0.001072 
1064.079706 0.001072 
1062.762918 0.001072 
1061.446130 0.000049 
1060.129342 0.000749 
1058.812554 0.000000 
1057.495766 0.000111 
1056.178978 0.001072 
1054.862190 0.001072 
1053.545402 0.000905 
1052.228614 0.000562 
1050.911826 0.000121 
1049.595038 0.000828 
1048.278250 0.000000 
1046.961462 0.000000 
1045.644675 0.000380 
1044.327887 0.001072 
1043.011099 0.000000 
1041.694311 0.000000 
1040.377523 0.000000 
1039.060735 0.000000 
1037.743947 0.000597 
1036.427159 0.000136 
1035.110371 0.001072 
1033.793583 0.001072 
1032.476795 0.000025 
1031.160007 0.001072 
1029.843219 0.001072 
1028.526431 0.001072 
1027.209644 0.001072 
1025.892856 0.001072 
1024.576068 0.001072 
1023.259280 0.001072 
1021.942492 0.001072 
1020.625704 0.001388 
1019.308916 0.002285 
1017.992128 0.002414 
1016.675340 0.002525 
1015.358552 0.002643 
1014.041764 0.002769 
1012.724976 0.002894 
1011.408188 0.003020 
1010.091400 0.003146 
1008.774613 0.003262 
1007.457825 0.003373 
1006.141037 0.003498 
1004.824249 0.003617 
1003.507461 0.003747 
1002.190673 0.003861 
1000.873885 0.003992 
999.557097 0.004241 
998.240309 0.004776 
996.923521 0.004354 
995.606733 0.005545 
994.289945 0.005680 
992.973157 0.005791 
991.656369 0.006267 
990.339582 0.006373 
989.022794 0.007229 
987.706006 0.007806 
986.389218 0.007709 
985.072430 0.008688 
983.755642 0.009356 
982.438854 0.010022 
981.122066 0.010133 
979.805278 0.010251 
978.488490 0.011430 
977.171702 0.011955 
975.854914 0.012791 
974.538126 0.012971 
973.221338 0.014119 
971.904551 0.014235 
970.587763 0.015446 
969.270975 0.016149 
967.954187 0.016782 
966.637399 0.017998 
965.320611 0.018794 
964.003823 0.019329 
962.687035 0.020547 
961.370247 0.021464 
960.053459 0.022963 
958.736671 0.023587 
957.419883 0.025199 
956.103095 0.025737 
954.786307 0.027371 
953.469520 0.027978 
952.152732 0.029521 
950.835944 0.031136 
949.519156 0.032765 
948.202368 0.033305 
946.885580 0.034938 
945.568792 0.036567 
944.252004 0.038217 
942.935216 0.039868 
941.618428 0.041266 
940.301640 0.042669 
938.984852 0.043756 
937.668064 0.045324 
936.351276 0.046981 
935.034488 0.048626 
933.717701 0.050302 
932.400913 0.051951 
931.084125 0.053759 
929.767337 0.056419 
928.450549 0.058080 
927.133761 0.059764 
925.816973 0.061431 
924.500185 0.063100 
923.183397 0.064786 
921.866609 0.066468 
920.549821 0.068171 
919.233033 0.069858 
917.916245 0.072419 
916.599457 0.074387 
915.282670 0.076080 
913.965882 0.077794 
912.649094 0.079759 
911.332306 0.081655 
910.015518 0.084007 
908.698730 0.085003 
907.381942 0.087490 
906.065154 0.089209 
904.748366 0.090932 
903.431578 0.092660 
902.114790 0.094569 
900.798002 0.097291 
899.481214 0.099026 
898.164426 0.100745 
896.847639 0.102495 
895.530851 0.104248 
894.214063 0.106408 
892.897275 0.108925 
891.580487 0.110680 
890.263699 0.112433 
888.946911 0.114184 
887.630123 0.115954 
886.313335 0.117719 
884.996547 0.119504 
883.679759 0.121259 
882.362971 0.123052 
881.046183 0.124805 
879.729395 0.126592 
878.412608 0.129267 
877.095820 0.130155 
875.779032 0.131952 
874.462244 0.133749 
873.145456 0.136510 
871.828668 0.137346 
870.511880 0.139148 
869.195092 0.140946 
867.878304 0.142760 
866.561516 0.144548 
865.244728 0.146370 
863.927940 0.148187 
862.611152 0.149863 
861.294364 0.150618 
859.977577 0.152432 
858.660789 0.154252 
857.344001 0.155354 
856.027213 0.156673 
854.710425 0.158519 
853.393637 0.160336 
852.076849 0.162131 
850.760061 0.162775 
849.443273 0.164624 
848.126485 0.166480 
846.809697 0.167698 
845.492909 0.168918 
844.176121 0.170481 
842.859333 0.171384 
841.542546 0.173248 
840.225758 0.173844 
838.908970 0.174843 
837.592182 0.176310 
836.275394 0.177651 
834.958606 0.178783 
833.641818 0.180464 
832.325030 0.181273 
831.008242 0.182010 
829.691454 0.183432 
828.374666 0.183588 
827.057878 0.184981 
825.741090 0.185587 
824.424302 0.186556 
823.107515 0.186810 
821.790727 0.188674 
820.473939 0.189542 
819.157151 0.189899 
817.840363 0.191112 
816.523575 0.191258 
815.206787 0.192675 
813.889999 0.193639 
812.573211 0.194251 
811.256423 0.194394 
809.939635 0.195481 
808.622847 0.195986 
807.306059 0.196119 
805.989271 0.196275 
804.672483 0.196667 
803.355696 0.197855 
802.038908 0.197991 
800.722120 0.198148 
799.405332 0.198284 
798.088544 0.198449 
796.771756 0.199369 
795.454968 0.198713 
794.138180 0.199024 
792.821392 0.199689 
791.504604 0.199162 
790.187816 0.200606 
788.871028 0.200010 
787.554240 0.199596 
786.237452 0.199753 
784.920665 0.199889 
783.603877 0.200047 
782.287089 0.200192 
780.970301 0.199344 
779.653513 0.199194 
778.336725 0.199329 
777.019937 0.199485 
775.703149 0.198341 
774.386361 0.198476 
773.069573 0.197382 
771.752785 0.197488 
770.435997 0.196743 
769.119209 0.196408 
767.802421 0.195353 
766.485634 0.195486 
765.168846 0.195456 
763.852058 0.194500 
762.535270 0.193506 
761.218482 0.193191 
759.901694 0.192365 
758.584906 0.191272 
757.268118 0.190937 
755.951330 0.189340 
754.634542 0.189019 
753.317754 0.187984 
752.000966 0.187108 
750.684178 0.186775 
749.367390 0.185175 
748.050603 0.184746 
746.733815 0.183270 
745.417027 0.181689 
744.100239 0.181356 
742.783451 0.180232 
741.466663 0.178543 
740.149875 0.177989 
738.833087 0.176978 
737.516299 0.175743 
736.199511 0.174411 
734.882723 0.173521 
733.565935 0.172511 
732.249147 0.170920 
730.932359 0.170168 
729.615572 0.167779 
728.298784 0.166700 
726.981996 0.165923 
725.665208 0.164343 
724.348420 0.162777 
723.031632 0.161221 
721.714844 0.159671 
720.398056 0.158818 
719.081268 0.157787 
717.764480 0.156241 
716.447692 0.154693 
715.130904 0.153142 
713.814116 0.151601 
712.497328 0.150068 
711.180541 0.148677 
709.863753 0.147602 
708.546965 0.146481 
707.230177 0.144175 
705.913389 0.143596 
704.596601 0.142063 
703.279813 0.140536 
701.963025 0.139005 
700.646237 0.137494 
699.329449 0.135953 
698.012661 0.134439 
696.695873 0.132918 
695.379085 0.131407 
694.062297 0.129896 
692.745510 0.128377 
691.428722 0.126866 
690.111934 0.125354 
688.795146 0.124649 
687.478358 0.122347 
686.161570 0.121950 
684.844782 0.119861 
683.527994 0.118094 
682.211206 0.117546 
680.894418 0.116055 
679.577630 0.113400 
678.260842 0.112256 
676.944054 0.111124 
675.627266 0.109943 
674.310478 0.108747 
672.993691 0.107635 
671.676903 0.106780 
670.360115 0.105993 
669.043327 0.105505 
667.726539 0.107522 
666.409751 0.102633 
665.092963 0.102014 
663.776175 0.101583 
662.459387 0.100888 
661.142599 0.100525 
659.825811 0.100185 
658.509023 0.099712 
657.192235 0.099408 
655.875447 0.098422 
654.558660 0.097702 
653.241872 0.096477 
651.925084 0.095345 
650.608296 0.094189 
649.291508 0.093048 
647.974720 0.092145 
646.657932 0.090604 
645.341144 0.089115 
644.024356 0.087959 
642.707568 0.086697 
641.390780 0.085703 
640.073992 0.084705 
638.757204 0.083797 
637.440416 0.083169 
636.123629 0.082094 
634.806841 0.080950 
633.490053 0.080304 
632.173265 0.079527 
630.856477 0.079234 
629.539689 0.077671 
628.222901 0.077059 
626.906113 0.076623 
625.589325 0.075782 
624.272537 0.075107 
622.955749 0.074162 
621.638961 0.073894 
620.322173 0.073221 
619.005385 0.072269 
617.688598 0.072047 
616.371810 0.071421 
615.055022 0.070671 
613.738234 0.070390 
612.421446 0.070139 
611.104658 0.069717 
609.787870 0.068536 
608.471082 0.067464 
607.154294 0.067508 
605.837506 0.066786 
604.520718 0.066172 
603.203930 0.066529 
601.887142 0.065679 
600.570354 0.065228 
599.253567 0.064668 
597.936779 0.063894 
596.619991 0.063677 
595.303203 0.063556 
593.986415 0.062802 
592.669627 0.062264 
591.352839 0.061917 
590.036051 0.061214 
588.719263 0.061295 
587.402475 0.060844 
586.085687 0.060625 
584.768899 0.060100 
583.452111 0.059777 
582.135323 0.059451 
580.818536 0.059582 
579.501748 0.058295 
578.184960 0.057913 
576.868172 0.058470 
575.551384 0.057908 
574.234596 0.057420 
572.917808 0.057102 
571.601020 0.056759 
570.284232 0.056258 
568.967444 0.056246 
567.650656 0.056372 
566.333868 0.055894 
565.017080 0.055240 
563.700292 0.054974 
562.383505 0.054621 
561.066717 0.054705 
559.749929 0.053771 
558.433141 0.053697 
557.116353 0.053643 
555.799565 0.053495 
554.482777 0.053406 
553.165989 0.053130 
551.849201 0.052637 
550.532413 0.052656 
549.215625 0.052797 
547.898837 0.051880 
546.582049 0.051796 
545.265261 0.052045 
543.948473 0.051495 
542.631686 0.051140 
541.314898 0.051059 
539.998110 0.050854 
538.681322 0.050987 
537.364534 0.050667 
536.047746 0.050788 
534.730958 0.050060 
533.414170 0.050201 
532.097382 0.050129 
530.780594 0.049925 
529.463806 0.049848 
528.147018 0.049604 
526.830230 0.049082 
525.513442 0.048478 
524.196655 0.048187 
522.879867 0.047681 
521.563079 0.047030 
520.246291 0.046510 
518.929503 0.045877 
517.612715 0.045088 
516.295927 0.044380 
514.979139 0.043636 
513.662351 0.042787 
512.345563 0.042063 
511.028775 0.041311 
509.711987 0.040519 
508.395199 0.039632 
507.078411 0.038774 
505.761624 0.037896 
504.444836 0.036878 
503.128048 0.035998 
501.811260 0.035315 
500.494472 0.034417 
499.177684 0.033737 
497.860896 0.032990 
496.544108 0.032235 
495.227320 0.031629 
493.910532 0.031062 
492.593744 0.030423 
491.276956 0.029841 
489.960168 0.029294 
488.643380 0.028776 
487.326593 0.028365 
486.009805 0.027640 
484.693017 0.027191 
483.376229 0.026942 
482.059441 0.026407 
480.742653 0.025936 
479.425865 0.025737 
478.109077 0.025160 
476.792289 0.024760 
475.475501 0.024381 
474.158713 0.024146 
472.841925 0.023841 
471.525137 0.023303 
470.208349 0.023101 
468.891562 0.022746 
467.574774 0.022125 
466.257986 0.022122 
464.941198 0.022038 
463.624410 0.021511 
462.307622 0.021277 
460.990834 0.020825 
459.674046 0.020438 
458.357258 0.020253 
457.040470 0.019898 
455.723682 0.019605 
454.406894 0.019405 
453.090106 0.018971 
451.773318 0.018801 
450.456531 0.018496 
449.139743 0.018005 
447.822955 0.017855 
446.506167 0.017667 
445.189379 0.017241 
443.872591 0.016977 
442.555803 0.016743 
441.239015 0.016373 
439.922227 0.016129 
438.605439 0.015870 
437.288651 0.015626 
435.971863 0.015335 
434.655075 0.015039 
433.338287 0.014790 
432.021499 0.014413 
430.704712 0.014258 
429.387924 0.014221 
428.071136 0.013713 
426.754348 0.013363 
425.437560 0.013382 
424.120772 0.012835 
422.803984 0.012465 
421.487196 0.012473 
420.170408 0.012263 
418.853620 0.011817 
417.536832 0.011541 
416.220044 0.011518 
414.903256 0.011163 
413.586468 0.010527 
412.269681 0.010628 
410.952893 0.010776 
409.636105 0.009869 
408.319317 0.009847 
407.002529 0.010128 
405.685741 0.009378 
404.368953 0.009228 
403.052165 0.009171 
401.735377 0.008787 
400.418589 0.008624 
399.101801 0.008417 
397.785013 0.008195 
396.468225 0.008052 
395.151437 0.007606 
393.834650 0.007581 
392.517862 0.007650 
391.201074 0.007019 
389.884286 0.007012 
388.567498 0.006938 
387.250710 0.006511 
385.933922 0.006511 
384.617134 0.006220 
383.300346 0.005818 
381.983558 0.005846 
380.666770 0.005629 
379.349982 0.005417 
378.033194 0.005308 
376.716406 0.005076 
375.399619 0.005062 
374.082831 0.004751 
372.766043 0.004438 
371.449255 0.004443 
370.132467 0.004011 
368.815679 0.003755 
367.498891 0.004026 
366.182103 0.003649 
364.865315 0.003230 
363.548527 0.003355 
362.231739 0.003148 
360.914951 0.002700 
359.598163 0.002347 
358.281375 0.002490 
356.964588 0.002645 
355.647800 0.002110 
354.331012 0.002022 
353.014224 0.002244 
351.697436 0.001598 
350.380648 0.001331 
349.063860 0.001664 
347.747072 0.001282 
346.430284 0.000971 
345.113496 0.000905 
343.796708 0.000804 
342.479920 0.000715 
341.163132 0.000380 
339.846344 0.000545 
338.529557 0.000823 
337.212769 0.000182 
335.895981 0.000227 
334.579193 0.000735 
333.262405 0.000565 
331.945617 0.000878 
330.628829 0.001312 
329.312041 0.001341 
327.995253 0.001760 
326.678465 0.002056 
325.361677 0.002530 
324.044889 0.003077 
322.728101 0.003212 
321.411313 0.003940 
320.094526 0.004487 
318.777738 0.004808 
317.460950 0.005695 
316.144162 0.006196 
314.827374 0.006311 
313.510586 0.007293 
312.193798 0.007921 
310.877010 0.008035 
309.560222 0.008915 
308.243434 0.009637 
306.926646 0.009992 
305.609858 0.010522 
304.293070 0.011289 
302.976282 0.011849 
301.659494 0.012216 
300.342707 0.013153 
299.025919 0.014191 
297.709131 0.014211 
296.392343 0.014827 
295.075555 0.016050 
293.758767 0.016269 
292.441979 0.017191 
291.125191 0.020115 
289.808403 0.019425 
288.491615 0.018902 
287.174827 0.019329 
285.858039 0.020392 
284.541251 0.021259 
283.224463 0.021388 
281.907676 0.022347 
280.590888 0.023372 
279.274100 0.023545 
277.957312 0.024403 
276.640524 0.025391 
275.323736 0.025682 
274.006948 0.026804 
272.690160 0.027748 
271.373372 0.028431 
270.056584 0.029161 
268.739796 0.029898 
267.423008 0.030783 
266.106220 0.031461 
264.789432 0.032381 
263.472645 0.033658 
262.155857 0.034052 
260.839069 0.034410 
259.522281 0.035810 
258.205493 0.036567 
256.888705 0.037129 
255.571917 0.038347 
254.255129 0.039282 
252.938341 0.040233 
251.621553 0.040951 
250.304765 0.041858 
248.987977 0.042770 
247.671189 0.043670 
246.354401 0.044464 
245.037614 0.046022 
243.720826 0.046555 
242.404038 0.047575 
241.087250 0.049084 
239.770462 0.050048 
238.453674 0.051259 
237.136886 0.052615 
235.820098 0.054126 
234.503310 0.055524 
233.186522 0.056448 
231.869734 0.058618 
230.552946 0.060644 
229.236158 0.061522 
227.919370 0.063386 
226.602583 0.065398 
225.285795 0.066574 
223.969007 0.068213 
222.652219 0.068761 
221.335431 0.069695 
220.018643 0.071231 
218.701855 0.071635 
217.385067 0.071773 
216.068279 0.071926 
214.751491 0.071342 
213.434703 0.071036 
212.117915 0.070516 
210.801127 0.069633 
209.484339 0.069209 
208.167552 0.068342 
206.850764 0.067609 
205.533976 0.066961 
204.217188 0.065605 
202.900400 0.064730 
201.583612 0.064101 
200.266824 0.062765 
198.950036 0.061473 
197.633248 0.060329 
196.316460 0.060013 
194.999672 0.059348 
193.682884 0.057296 
192.366096 0.057287 
191.049308 0.057213 
189.732521 0.054464 
188.415733 0.053596 
187.098945 0.053554 
185.782157 0.051853 
184.465369 0.050827 
183.148581 0.050218 
181.831793 0.049170 
180.515005 0.050534 
179.198217 0.048978 
177.881429 0.046246 
176.564641 0.045544 
175.247853 0.043719 
173.931065 0.043680 
172.614277 0.043894 
171.297489 0.041698 
169.980702 0.041224 
168.663914 0.041136 
167.347126 0.039937 
166.030338 0.039627 
164.713550 0.039153 
163.396762 0.038828 
162.079974 0.039171 
160.763186 0.038108 
159.446398 0.038009 
158.129610 0.037820 
156.812822 0.036639 
155.496034 0.036836 
154.179246 0.036279 
152.862458 0.035339 
151.545671 0.036602 
150.228883 0.036096 
148.912095 0.034812 
147.595307 0.035312 
146.278519 0.034188 
144.961731 0.033300 
143.644943 0.033700 
142.328155 0.031321 
141.011367 0.030199 
139.694579 0.030231 
138.377791 0.030068 
137.061003 0.030127 
135.744215 0.028017 
134.427427 0.027085 
133.110640 0.027452 
131.793852 0.025226 
130.477064 0.023572 
129.160276 0.023626 
127.843488 0.021942 
126.526700 0.020165 
125.209912 0.019652 
123.893124 0.018974 
122.576336 0.019097 
121.259548 0.016839 
119.942760 0.015616 
118.625972 0.013099 
117.309184 0.010037 
115.992396 0.010917 
114.675609 0.011171 
113.358821 0.009418 
112.042033 0.010089 
110.725245 0.010937 
109.408457 0.007756 
108.091669 0.006854 
106.774881 0.005725 
105.458093 0.005478 
104.141305 0.005345 
102.824517 0.003220 
101.507729 0.003365 
100.190941 0.004127 
98.874153 0.002616 
97.557365 0.003249 
96.240578 0.002981 
94.923790 0.001339 
93.607002 0.003069 
92.290214 0.002663 
90.973426 0.003466 
89.656638 0.007729 
88.339850 0.001797 
87.023062 0.001718 
85.706274 0.003738 
84.389486 0.001107 
83.072698 0.000606 
81.755910 0.001519 
80.439122 0.001694 
79.122334 0.003982 
77.805547 0.002391 
76.488759 0.001580 
75.171971 0.001040 
73.855183 0.000412 
72.538395 0.000809 
71.221607 0.000656 
69.904819 0.000306 
68.588031 -0.000074 
67.271243 -0.000402 
65.954455 -0.000841 
64.637667 0.000530 
63.320879 -0.000510 
62.004091 -0.000414 
60.687303 -0.000249 
59.370516 -0.000602 
58.053728 -0.000402 
56.736940 -0.000035 
55.420152 -0.000616 
54.103364 -0.001773 
52.786576 -0.003126 
51.469788 -0.004043 
50.153000 -0.001499 
