5000.200000 0.005505 
4998.699370 0.001950 
4997.198730 -0.002561 
4995.698100 0.004932 
4994.197470 0.008270 
4992.696840 0.001427 
4991.196210 0.013227 
4989.695570 0.002141 
4988.194940 0.004027 
4986.694310 0.013100 
4985.193680 -0.005709 
4983.693040 0.004294 
4982.192410 0.006741 
4980.691780 0.002217 
4979.191140 0.003912 
4977.690510 0.008958 
4976.189880 0.003492 
4974.689250 0.004205 
4973.188610 -0.001376 
4971.687980 0.006474 
4970.187350 0.003989 
4968.686720 0.006180 
4967.186080 -0.006614 
4965.685450 0.003683 
4964.184820 0.007264 
4962.684190 0.003708 
4961.183550 0.008997 
4959.682920 0.011800 
4958.182290 0.005875 
4956.681660 -0.001088 
4955.181020 0.006384 
4953.680390 0.002408 
4952.179760 0.008984 
4950.679130 0.007289 
4949.178490 -0.007875 
4947.677860 0.002307 
4946.177230 0.006792 
4944.676600 0.008882 
4943.175960 0.006448 
4941.675330 -0.002192 
4940.174700 -0.005212 
4938.674070 0.008958 
4937.173430 -0.002561 
4935.672800 0.006983 
4934.172170 0.015394 
4932.671540 0.010195 
4931.170900 0.007480 
4929.670270 0.008767 
4928.169640 0.012042 
4926.669000 0.011724 
4925.168370 0.000148 
4923.667740 -0.002918 
4922.167110 -0.002205 
4920.666470 0.010105 
4919.165840 0.004256 
4917.665210 -0.001351 
4916.164580 0.009290 
4914.663950 0.008729 
4913.163310 0.011647 
4911.662680 0.001988 
4910.162050 0.004639 
4908.661410 0.007939 
4907.160780 0.011189 
4905.660150 0.006945 
4904.159520 -0.010309 
4902.658880 -0.005467 
4901.158250 0.003810 
4899.657620 -0.001708 
4898.156990 0.004473 
4896.656350 0.006818 
4895.155720 0.012463 
4893.655090 0.008143 
4892.154460 0.002192 
4890.653820 0.013215 
4889.153190 -0.006091 
4887.652560 -0.001208 
4886.151930 0.005097 
4884.651290 -0.001440 
4883.150660 0.002816 
4881.650030 -0.001041 
4880.149400 -0.000004 
4878.648760 0.019102 
4877.148130 0.005301 
4875.647500 0.013431 
4874.146870 0.005365 
4872.646230 0.002523 
4871.145600 -0.000695 
4869.644970 0.008551 
4868.144340 -0.002612 
4866.643700 0.013062 
4865.143070 0.009736 
4863.642440 0.002026 
4862.141810 0.005785 
4860.641170 0.004384 
4859.140540 0.002485 
4857.639910 0.018376 
4856.139280 0.002714 
4854.638640 0.001784 
4853.138010 0.012947 
4851.637380 0.000437 
4850.136750 0.008296 
4848.636110 -0.006104 
4847.135480 0.012272 
4845.634850 0.010475 
4844.134220 -0.000950 
4842.633580 -0.001911 
4841.132950 0.006308 
4839.632320 0.008398 
4838.131690 0.009354 
4836.631050 0.004205 
4835.130420 0.003300 
4833.629790 -0.000832 
4832.129150 0.010373 
4830.628520 -0.003606 
4829.127890 0.008066 
4827.627260 0.000818 
4826.126620 -0.001209 
4824.625990 0.008602 
4823.125360 0.002612 
4821.624730 0.005913 
4820.124100 0.018720 
4818.623460 0.001325 
4817.122830 0.008500 
4815.622200 -0.000077 
4814.121570 -0.000416 
4812.620930 0.001771 
4811.120300 0.008716 
4809.619670 0.012730 
4808.119030 0.000228 
4806.618400 0.008003 
4805.117770 0.010577 
4803.617140 0.005696 
4802.116500 0.011724 
4800.615870 0.008563 
4799.115240 0.000542 
4797.614610 0.006958 
4796.113970 0.006333 
4794.613340 0.000417 
4793.112710 0.002740 
4791.612080 0.007111 
4790.111440 -0.001199 
4788.610810 0.005658 
4787.110180 0.003810 
4785.609550 -0.006665 
4784.108910 0.009417 
4782.608280 0.005556 
4781.107650 0.000903 
4779.607020 0.005658 
4778.106380 0.002319 
4776.605750 0.012922 
4775.105120 0.002905 
4773.604490 0.006614 
4772.103850 0.003007 
4770.603220 0.008614 
4769.102590 -0.003619 
4767.601960 0.002600 
4766.101320 0.008117 
4764.600690 0.004014 
4763.100060 -0.004702 
4761.599430 -0.000597 
4760.098790 -0.001023 
4758.598160 0.015164 
4757.097530 -0.001147 
4755.596890 0.004995 
4754.096260 0.001708 
4752.595630 0.000222 
4751.095000 0.010551 
4749.594360 0.003351 
4748.093730 -0.000060 
4746.593100 0.001669 
4745.092470 0.006894 
4743.591840 0.010437 
4742.091200 0.005938 
4740.590570 0.002307 
4739.089940 0.007837 
4737.589310 0.011800 
4736.088670 -0.004027 
4734.588040 0.007417 
4733.087410 0.001039 
4731.586770 0.003313 
4730.086140 0.002192 
4728.585510 0.007608 
4727.084880 0.019077 
4725.584240 0.017790 
4724.083610 -0.004129 
4722.582980 0.007276 
4721.082350 -0.004205 
4719.581710 0.001165 
4718.081080 0.008321 
4716.580450 0.007837 
4715.079820 0.005607 
4713.579180 -0.003657 
4712.078550 0.007353 
4710.577920 0.009188 
4709.077290 0.004995 
4707.576650 0.008869 
4706.076020 0.006091 
4704.575390 -0.002689 
4703.074760 0.003721 
4701.574120 0.004524 
4700.073490 0.001644 
4698.572860 -0.000180 
4697.072230 -0.002969 
4695.571590 0.005034 
4694.070960 0.003084 
4692.570330 0.006486 
4691.069700 0.005161 
4689.569060 0.002587 
4688.068430 0.008411 
4686.567800 0.009494 
4685.067170 0.007289 
4683.566530 0.003836 
4682.065900 0.003925 
4680.565270 0.009099 
4679.064640 0.006818 
4677.564000 -0.000384 
4676.063370 0.002281 
4674.562740 -0.002357 
4673.062100 0.002778 
4671.561470 0.002396 
4670.060840 -0.003046 
4668.560210 -0.000832 
4667.059580 -0.001555 
4665.558940 -0.003084 
4664.058310 -0.000189 
4662.557680 0.000520 
4661.057040 0.002944 
4659.556410 0.008334 
4658.055780 -0.000525 
4656.555150 -0.002561 
4655.054510 -0.002651 
4653.553880 0.003708 
4652.053250 -0.010118 
4650.552620 -0.004830 
4649.051990 0.002281 
4647.551350 0.008474 
4646.050720 -0.009659 
4644.550090 0.005505 
4643.049450 -0.001376 
4641.548820 0.000774 
4640.048190 -0.001708 
4638.547560 -0.002332 
4637.046920 -0.006818 
4635.546290 -0.001759 
4634.045660 -0.002765 
4632.545030 -0.012004 
4631.044390 -0.001325 
4629.543760 -0.010411 
4628.043130 -0.009455 
4626.542500 0.002370 
4625.041860 -0.003912 
4623.541230 -0.006448 
4622.040600 -0.005696 
4620.539970 -0.003007 
4619.039330 0.007914 
4617.538700 -0.019625 
4616.038070 -0.005773 
4614.537440 -0.009226 
4613.036800 0.003339 
4611.536170 -0.001205 
4610.035540 -0.010551 
4608.534910 -0.005607 
4607.034270 -0.007289 
4605.533640 -0.003810 
4604.033010 -0.011150 
4602.532380 -0.000571 
4601.031740 0.003377 
4599.531110 -0.003046 
4598.030480 -0.005569 
4596.529850 -0.007506 
4595.029210 -0.010704 
4593.528580 -0.010424 
4592.027950 -0.009290 
4590.527320 0.002523 
4589.026680 -0.001720 
4587.526050 -0.004422 
4586.025420 -0.000159 
4584.524780 -0.005008 
4583.024150 -0.015700 
4581.523520 -0.004881 
4580.022890 0.001111 
4578.522250 -0.010437 
4577.021620 -0.003950 
4575.520990 -0.001695 
4574.020360 -0.010233 
4572.519730 -0.008512 
4571.019090 -0.009838 
4569.518460 -0.009252 
4568.017830 -0.010220 
4566.517200 -0.001835 
4565.016560 -0.014132 
4563.515930 -0.008576 
4562.015300 -0.005607 
4560.514660 -0.005161 
4559.014030 -0.006677 
4557.513400 -0.002205 
4556.012770 -0.005556 
4554.512130 -0.013686 
4553.011500 -0.000849 
4551.510870 -0.001440 
4550.010240 0.003326 
4548.509600 -0.006958 
4547.008970 -0.001618 
4545.508340 -0.007047 
4544.007710 -0.006971 
4542.507070 -0.005059 
4541.006440 -0.001759 
4539.505810 0.005429 
4538.005180 -0.011367 
4536.504540 -0.016018 
4535.003910 -0.005951 
4533.503280 0.000793 
4532.002650 -0.011686 
4530.502010 -0.000176 
4529.001380 -0.008462 
4527.500750 -0.006282 
4526.000120 -0.008423 
4524.499480 -0.008576 
4522.998850 -0.004091 
4521.498220 -0.015228 
4519.997590 -0.004027 
4518.496950 -0.003861 
4516.996320 -0.004396 
4515.495690 -0.003772 
4513.995060 -0.012195 
4512.494420 -0.011087 
4510.993790 -0.008627 
4509.493160 -0.004562 
4507.992530 -0.004320 
4506.491890 -0.010539 
4504.991260 -0.008500 
4503.490630 -0.008411 
4501.989990 -0.003989 
4500.489360 -0.010972 
4498.988730 -0.003708 
4497.488100 -0.015763 
4495.987470 -0.001962 
4494.486830 -0.011698 
4492.986200 0.000507 
4491.485570 -0.010959 
4489.984940 -0.011953 
4488.484300 -0.003645 
4486.983670 -0.007238 
4485.483040 -0.006091 
4483.982400 -0.008054 
4482.481770 -0.008525 
4480.981140 -0.003199 
4479.480510 -0.011329 
4477.979870 -0.000533 
4476.479240 -0.009009 
4474.978610 -0.002880 
4473.477980 -0.005161 
4471.977340 -0.001631 
4470.476710 -0.008270 
4468.976080 -0.004957 
4467.475450 -0.008563 
4465.974810 0.001988 
4464.474180 -0.001217 
4462.973550 -0.001062 
4461.472920 -0.007965 
4459.972280 -0.003887 
4458.471650 -0.006397 
4456.971020 -0.002804 
4455.470390 -0.002154 
4453.969750 -0.001030 
4452.469120 -0.003428 
4450.968490 -0.002905 
4449.467860 0.002434 
4447.967220 -0.004460 
4446.466590 -0.000890 
4444.965960 0.002956 
4443.465330 -0.012909 
4441.964690 0.001004 
4440.464060 0.002064 
4438.963430 -0.002638 
4437.462800 -0.004817 
4435.962160 -0.002867 
4434.461530 -0.005887 
4432.960900 -0.006091 
4431.460270 0.004830 
4429.959630 -0.004396 
4428.459000 0.004740 
4426.958370 -0.001103 
4425.457740 0.003747 
4423.957100 -0.005059 
4422.456470 0.000956 
4420.955840 0.000825 
4419.455210 0.003109 
4417.954570 0.004690 
4416.453940 -0.006257 
4414.953310 -0.004626 
4413.452680 0.003402 
4411.952040 -0.003441 
4410.451410 -0.005085 
4408.950780 0.005773 
4407.450140 0.002765 
4405.949510 0.000945 
4404.448880 -0.008360 
4402.948250 0.001695 
4401.447620 0.002268 
4399.946980 0.003696 
4398.446350 0.004855 
4396.945720 -0.001822 
4395.445090 0.007149 
4393.944450 -0.002013 
4392.443820 -0.003033 
4390.943190 -0.000440 
4389.442550 0.003275 
4387.941920 -0.001924 
4386.441290 0.004677 
4384.940660 0.008653 
4383.440020 0.005785 
4381.939390 -0.001253 
4380.438760 0.003084 
4378.938130 0.005097 
4377.437490 0.010819 
4375.936860 0.000953 
4374.436230 0.000747 
4372.935600 0.007812 
4371.434960 -0.002880 
4369.934330 0.003402 
4368.433700 0.001325 
4366.933070 0.002702 
4365.432430 0.004549 
4363.931800 0.009557 
4362.431170 0.001338 
4360.930540 -0.003848 
4359.429900 0.003364 
4357.929270 0.002740 
4356.428640 0.002600 
4354.928010 0.010348 
4353.427370 0.001631 
4351.926740 -0.001256 
4350.426110 0.006142 
4348.925480 0.005964 
4347.424840 0.004001 
4345.924210 -0.000066 
4344.423580 -0.003708 
4342.922950 0.000254 
4341.422310 0.007748 
4339.921680 0.000428 
4338.421050 0.003058 
4336.920410 0.009226 
4335.419780 0.007582 
4333.919150 0.005607 
4332.418520 0.004944 
4330.917880 0.006588 
4329.417250 0.001057 
4327.916620 0.011380 
4326.415990 0.007136 
4324.915360 -0.000455 
4323.414720 0.005212 
4321.914090 0.004881 
4320.413460 0.003619 
4318.912830 -0.003696 
4317.412190 -0.003581 
4315.911560 0.005862 
4314.410930 0.001389 
4312.910290 0.002765 
4311.409660 0.004269 
4309.909030 -0.001555 
4308.408400 -0.000069 
4306.907760 0.003861 
4305.407130 0.001950 
4303.906500 0.001669 
4302.405870 0.010513 
4300.905230 0.006448 
4299.404600 0.012183 
4297.903970 0.008245 
4296.403340 0.007378 
4294.902700 0.004511 
4293.402070 0.006856 
4291.901440 0.000244 
4290.400810 0.007060 
4288.900170 0.008946 
4287.399540 0.008525 
4285.898910 0.008117 
4284.398280 0.005556 
4282.897640 0.009060 
4281.397010 -0.002663 
4279.896380 0.005225 
4278.395750 0.007264 
4276.895110 0.000351 
4275.394480 -0.007276 
4273.893850 0.002740 
4272.393220 -0.001542 
4270.892580 0.010195 
4269.391950 -0.008882 
4267.891320 0.005938 
4266.390690 0.003211 
4264.890050 0.002918 
4263.389420 -0.001242 
4261.888790 0.007697 
4260.388160 0.001007 
4258.887520 0.004957 
4257.386890 0.009328 
4255.886260 0.007926 
4254.385630 0.015585 
4252.884990 0.007353 
4251.384360 0.015075 
4249.883730 -0.005671 
4248.383100 0.001058 
4246.882460 0.004371 
4245.381830 -0.005747 
4243.881200 0.005199 
4242.380570 0.006639 
4240.879930 -0.001027 
4239.379300 0.003632 
4237.878670 0.004473 
4236.378030 -0.002103 
4234.877400 -0.002039 
4233.376770 0.008028 
4231.876140 0.002765 
4230.375500 0.011596 
4228.874870 0.005849 
4227.374240 0.007455 
4225.873610 -0.000701 
4224.372980 -0.000263 
4222.872340 0.010526 
4221.371710 0.003899 
4219.871080 0.000820 
4218.370440 0.007455 
4216.869810 0.003097 
4215.369180 0.007289 
4213.868550 -0.001644 
4212.367910 0.008003 
4210.867280 0.005951 
4209.366650 0.001962 
4207.866020 0.002447 
4206.365380 0.008512 
4204.864750 -0.001214 
4203.364120 0.004575 
4201.863490 0.004498 
4200.362850 -0.000045 
4198.862220 0.009481 
4197.361590 -0.000878 
4195.860960 -0.000518 
4194.360320 0.004091 
4192.859690 0.007417 
4191.359060 0.002625 
4189.858430 0.000666 
4188.357790 0.003861 
4186.857160 -0.003530 
4185.356530 0.000853 
4183.855900 0.003479 
4182.355260 0.004269 
4180.854630 0.002880 
4179.354000 -0.001198 
4177.853370 0.001155 
4176.352730 0.000684 
4174.852100 0.002281 
4173.351470 0.000654 
4171.850840 0.000428 
4170.350200 0.007162 
4168.849570 0.002485 
4167.348940 0.002753 
4165.848310 -0.000220 
4164.347670 0.004690 
4162.847040 0.001822 
4161.346410 0.000523 
4159.845770 0.007022 
4158.345140 0.002689 
4156.844510 0.002243 
4155.343880 0.004345 
4153.843250 0.002510 
4152.342610 0.000911 
4150.841980 -0.001300 
4149.341350 -0.000518 
4147.840720 -0.001886 
4146.340080 0.004932 
4144.839450 0.001695 
4143.338820 0.001746 
4141.838180 0.006525 
4140.337550 0.001079 
4138.836920 0.001141 
4137.336290 0.001062 
4135.835650 0.000678 
4134.335020 -0.002396 
4132.834390 0.002804 
4131.333760 0.005862 
4129.833120 -0.000629 
4128.332490 0.001071 
4126.831860 -0.000442 
4125.331230 0.001325 
4123.830590 -0.000572 
4122.329960 -0.002536 
4120.829330 -0.000903 
4119.328700 -0.004142 
4117.828060 0.000569 
4116.327430 0.000248 
4114.826800 0.001861 
4113.326170 -0.001937 
4111.825530 0.001478 
4110.324900 0.000483 
4108.824270 0.000665 
4107.323640 0.001325 
4105.823000 0.001848 
4104.322370 0.000138 
4102.821740 -0.004180 
4101.321110 0.004588 
4099.820470 0.002969 
4098.319840 0.003632 
4096.819210 0.002179 
4095.318580 0.001325 
4093.817940 0.000034 
4092.317310 -0.001389 
4090.816680 0.004358 
4089.316050 0.004409 
4087.815410 0.000633 
4086.314780 0.002230 
4084.814150 0.002956 
4083.313520 0.002154 
4081.812880 -0.000171 
4080.312250 0.002727 
4078.811620 -0.002294 
4077.310990 0.001055 
4075.810350 0.000044 
4074.309720 0.000205 
4072.809090 0.003466 
4071.308450 -0.000644 
4069.807820 -0.000034 
4068.307190 -0.003007 
4066.806560 -0.003848 
4065.305930 0.001287 
4063.805290 0.001376 
4062.304660 -0.002625 
4060.804030 0.004779 
4059.303390 0.003364 
4057.802760 0.001198 
4056.302130 -0.003262 
4054.801500 -0.003275 
4053.300870 0.001516 
4051.800230 -0.000932 
4050.299600 -0.003237 
4048.798970 0.001300 
4047.298330 -0.001171 
4045.797700 0.003199 
4044.297070 -0.005327 
4042.796440 -0.002905 
4041.295800 -0.001300 
4039.795170 -0.002039 
4038.294540 0.000058 
4036.793910 -0.001427 
4035.293270 0.000691 
4033.792640 -0.004460 
4032.292010 -0.001618 
4030.791380 -0.001085 
4029.290740 0.001644 
4027.790110 -0.001631 
4026.289480 -0.003415 
4024.788850 -0.001593 
4023.288210 0.002052 
4021.787580 -0.002383 
4020.286950 0.000328 
4018.786320 0.004957 
4017.285680 0.001274 
4015.785050 0.000396 
4014.284420 0.002702 
4012.783790 -0.002256 
4011.283150 0.000263 
4009.782520 0.002345 
4008.281890 -0.002141 
4006.781260 -0.001962 
4005.280620 -0.002931 
4003.779990 0.000059 
4002.279360 0.003058 
4000.778730 0.001478 
3999.278090 -0.002854 
3997.777460 0.000179 
3996.276830 0.000002 
3994.776190 0.003148 
3993.275560 -0.001695 
3991.774930 0.006142 
3990.274300 -0.000189 
3988.773670 0.003887 
3987.273030 -0.004396 
3985.772400 0.005429 
3984.271770 0.002765 
3982.771130 -0.001143 
3981.270500 -0.001106 
3979.769870 -0.003887 
3978.269240 -0.000669 
3976.768610 -0.001221 
3975.267970 0.004193 
3973.767340 0.002676 
3972.266710 0.004842 
3970.766080 0.003109 
3969.265440 0.008283 
3967.764810 -0.001220 
3966.264180 0.000768 
3964.763540 0.003313 
3963.262910 -0.000373 
3961.762280 0.002396 
3960.261650 0.000879 
3958.761010 -0.002396 
3957.260380 0.004231 
3955.759750 0.002510 
3954.259120 0.000690 
3952.758480 -0.001048 
3951.257850 0.001206 
3949.757220 -0.002638 
3948.256590 0.000980 
3946.755950 0.002396 
3945.255320 -0.000221 
3943.754690 -0.003619 
3942.254060 -0.001746 
3940.753420 0.002689 
3939.252790 0.000958 
3937.752160 0.005085 
3936.251530 0.002064 
3934.750890 0.001200 
3933.250260 0.001190 
3931.749630 0.000225 
3930.249000 0.002880 
3928.748360 0.000686 
3927.247730 -0.000611 
3925.747100 0.001848 
3924.246470 0.000676 
3922.745830 -0.004027 
3921.245200 -0.001924 
3919.744570 0.000772 
3918.243940 0.001504 
3916.743300 -0.001147 
3915.242670 0.001186 
3913.742040 0.001720 
3912.241410 -0.000289 
3910.740770 -0.001208 
3909.240140 -0.003428 
3907.739510 -0.000156 
3906.238880 0.002294 
3904.738240 -0.000324 
3903.237610 -0.000404 
3901.736980 0.003007 
3900.236340 0.004702 
3898.735710 0.003300 
3897.235080 -0.000901 
3895.734450 -0.002013 
3894.233820 -0.000800 
3892.733180 0.001190 
3891.232550 -0.000538 
3889.731920 0.006907 
3888.231280 0.000141 
3886.730650 0.000467 
3885.230020 0.000692 
3883.729390 0.002383 
3882.228760 -0.001270 
3880.728120 -0.000605 
3879.227490 0.004052 
3877.726860 -0.001669 
3876.226220 0.003339 
3874.725590 0.000985 
3873.224960 0.001178 
3871.724330 -0.001338 
3870.223690 -0.003530 
3868.723060 0.000581 
3867.222430 0.001035 
3865.721800 -0.001529 
3864.221160 0.000395 
3862.720530 0.000968 
3861.219900 -0.004791 
3859.719270 -0.000395 
3858.218630 -0.005199 
3856.718000 0.002574 
3855.217370 0.001733 
3853.716740 -0.000821 
3852.216100 -0.002052 
3850.715470 -0.001784 
3849.214840 0.002472 
3847.714210 0.000810 
3846.213570 0.000263 
3844.712940 0.003351 
3843.212310 0.002485 
3841.711680 0.001911 
3840.211040 -0.001025 
3838.710410 0.000817 
3837.209780 -0.000016 
3835.709150 -0.001414 
3834.208510 -0.002383 
3832.707880 0.000847 
3831.207250 -0.001975 
3829.706620 0.002205 
3828.205980 0.002893 
3826.705350 0.002663 
3825.204720 0.002740 
3823.704080 0.005123 
3822.203450 -0.002026 
3820.702820 0.002421 
3819.202190 0.002357 
3817.701560 0.002421 
3816.200920 -0.001784 
3814.700290 0.004142 
3813.199660 -0.000533 
3811.699020 -0.000160 
3810.198390 -0.002791 
3808.697760 0.001899 
3807.197130 0.001555 
3805.696500 -0.000074 
3804.195860 0.001440 
3802.695230 0.004524 
3801.194600 0.002268 
3799.693960 0.001080 
3798.193330 0.002141 
3796.692700 0.001453 
3795.192070 -0.004218 
3793.691430 0.000659 
3792.190800 0.000214 
3790.690170 -0.002154 
3789.189540 -0.001771 
3787.688900 0.002561 
3786.188270 0.000700 
3784.687640 0.000851 
3783.187010 0.001047 
3781.686370 -0.003848 
3780.185740 0.002676 
3778.685110 0.003899 
3777.184480 -0.001159 
3775.683840 0.000443 
3774.183210 -0.001618 
3772.682580 -0.003517 
3771.181950 0.001000 
3769.681310 0.000940 
3768.180680 0.000210 
3766.680050 -0.001091 
3765.179420 0.004027 
3763.678780 0.001351 
3762.178150 0.000037 
3760.677520 0.000056 
3759.176890 0.002434 
3757.676250 0.002217 
3756.175620 0.003262 
3754.674990 0.001733 
3753.174360 -0.000212 
3751.673720 0.000480 
3750.173090 0.002536 
3748.672460 0.005085 
3747.171830 -0.000621 
3745.671190 0.001389 
3744.170560 0.002205 
3742.669930 -0.000269 
3741.169300 0.000443 
3739.668660 -0.002256 
3738.168030 -0.003797 
3736.667400 -0.000929 
3735.166760 -0.000148 
3733.666130 0.000796 
3732.165500 0.001988 
3730.664870 0.000027 
3729.164240 0.000801 
3727.663600 0.000007 
3726.162970 0.002982 
3724.662340 0.001669 
3723.161700 0.003211 
3721.661070 0.001149 
3720.160440 -0.002319 
3718.659810 -0.000145 
3717.159170 0.005569 
3715.658540 0.000912 
3714.157910 -0.000087 
3712.657280 0.000871 
3711.156650 0.005059 
3709.656010 0.000564 
3708.155380 0.001924 
3706.654750 0.003836 
3705.154110 0.002982 
3703.653480 0.002459 
3702.152850 0.006448 
3700.652220 0.008270 
3699.151580 0.007850 
3697.650950 0.003173 
3696.150320 -0.000010 
3694.649690 0.002931 
3693.149050 0.003122 
3691.648420 0.001402 
3690.147790 0.001504 
3688.647160 0.000873 
3687.146520 -0.002918 
3685.645890 0.001631 
3684.145260 -0.000821 
3682.644630 0.001746 
3681.143990 0.002753 
3679.643360 0.001797 
3678.142730 0.003925 
3676.642100 0.002205 
3675.141460 -0.001695 
3673.640830 0.003632 
3672.140200 0.000277 
3670.639570 0.002778 
3669.138930 -0.000395 
3667.638300 0.000014 
3666.137670 -0.001389 
3664.637040 0.000900 
3663.136400 0.001287 
3661.635770 0.002663 
3660.135140 0.002013 
3658.634510 0.002536 
3657.133870 0.001695 
3655.633240 0.003262 
3654.132610 0.005989 
3652.631970 0.003670 
3651.131340 0.005594 
3649.630710 0.003861 
3648.130080 0.005263 
3646.629450 0.003351 
3645.128810 0.003504 
3643.628180 0.005569 
3642.127550 0.003402 
3640.626910 0.004422 
3639.126280 0.003415 
3637.625650 0.007761 
3636.125020 0.006805 
3634.624390 0.004498 
3633.123750 0.009354 
3631.623120 0.006690 
3630.122490 0.008716 
3628.621850 0.009608 
3627.121220 0.007735 
3625.620590 0.009226 
3624.119960 0.010373 
3622.619320 0.005633 
3621.118690 0.007378 
3619.618060 0.006257 
3618.117430 0.011533 
3616.616790 0.007620 
3615.116160 0.010921 
3613.615530 0.010590 
3612.114900 0.009723 
3610.614260 0.013724 
3609.113630 0.011494 
3607.613000 0.012412 
3606.112370 0.015075 
3604.611730 0.012463 
3603.111100 0.010602 
3601.610470 0.011482 
3600.109840 0.013928 
3598.609200 0.015088 
3597.108570 0.015203 
3595.607940 0.016592 
3594.107310 0.014667 
3592.606670 0.014948 
3591.106040 0.015547 
3589.605410 0.014629 
3588.104780 0.016885 
3586.604140 0.020644 
3585.103510 0.016999 
3583.602880 0.017662 
3582.102250 0.016209 
3580.601610 0.019421 
3579.100980 0.015292 
3577.600350 0.014769 
3576.099720 0.017828 
3574.599080 0.016375 
3573.098450 0.016910 
3571.597820 0.015407 
3570.097190 0.019484 
3568.596550 0.017802 
3567.095920 0.017726 
3565.595290 0.017229 
3564.094650 0.018580 
3562.594020 0.018784 
3561.093390 0.018223 
3559.592760 0.018758 
3558.092130 0.020032 
3556.591490 0.019752 
3555.090860 0.019930 
3553.590230 0.022326 
3552.089590 0.020721 
3550.588960 0.022823 
3549.088330 0.023040 
3547.587700 0.024148 
3546.087070 0.022823 
3544.586430 0.025219 
3543.085800 0.020848 
3541.585170 0.020873 
3540.084530 0.023269 
3538.583900 0.023499 
3537.083270 0.025206 
3535.582640 0.026404 
3534.082000 0.024913 
3532.581370 0.025576 
3531.080740 0.023218 
3529.580110 0.026034 
3528.079470 0.026238 
3526.578840 0.028570 
3525.078210 0.027423 
3523.577580 0.024327 
3522.076940 0.024888 
3520.576310 0.025270 
3519.075680 0.028048 
3517.575050 0.025193 
3516.074410 0.025716 
3514.573780 0.027181 
3513.073150 0.024849 
3511.572520 0.030711 
3510.071880 0.027589 
3508.571250 0.027003 
3507.070620 0.025958 
3505.569990 0.031055 
3504.069350 0.028685 
3502.568720 0.028214 
3501.068090 0.027576 
3499.567460 0.027793 
3498.066820 0.027538 
3496.566190 0.029692 
3495.065560 0.029182 
3493.564930 0.031718 
3492.064290 0.028698 
3490.563660 0.029628 
3489.063030 0.029679 
3487.562390 0.032470 
3486.061760 0.029972 
3484.561130 0.032342 
3483.060500 0.030482 
3481.559870 0.031004 
3480.059230 0.033056 
3478.558600 0.030762 
3477.057970 0.032444 
3475.557330 0.031552 
3474.056700 0.029768 
3472.556070 0.032495 
3471.055440 0.029526 
3469.554810 0.034496 
3468.054170 0.035936 
3466.553540 0.031769 
3465.052910 0.035248 
3463.552280 0.030864 
3462.051640 0.034942 
3460.551010 0.033222 
3459.050380 0.031068 
3457.549740 0.032253 
3456.049110 0.033986 
3454.548480 0.031540 
3453.047850 0.032801 
3451.547210 0.036841 
3450.046580 0.033553 
3448.545950 0.035133 
3447.045320 0.034012 
3445.544680 0.034037 
3444.044050 0.035069 
3442.543420 0.033171 
3441.042790 0.035707 
3439.542150 0.035592 
3438.041520 0.035375 
3436.540890 0.034572 
3435.040260 0.035770 
3433.539620 0.035898 
3432.038990 0.038281 
3430.538360 0.035108 
3429.037730 0.035554 
3427.537090 0.036331 
3426.036460 0.034547 
3424.535830 0.036331 
3423.035200 0.039682 
3421.534560 0.034751 
3420.033930 0.036356 
3418.533300 0.036497 
3417.032670 0.036701 
3415.532030 0.036586 
3414.031400 0.037847 
3412.530770 0.037847 
3411.030140 0.040982 
3409.529500 0.033553 
3408.028870 0.036165 
3406.528240 0.037248 
3405.027610 0.038000 
3403.526970 0.038281 
3402.026340 0.037478 
3400.525710 0.041836 
3399.025080 0.039160 
3397.524440 0.038013 
3396.023810 0.040332 
3394.523180 0.039033 
3393.022540 0.039185 
3391.521910 0.037401 
3390.021280 0.040753 
3388.520650 0.036675 
3387.020020 0.039109 
3385.519380 0.037669 
3384.018750 0.041122 
3382.518120 0.039122 
3381.017480 0.039657 
3379.516850 0.042435 
3378.016220 0.041288 
3376.515590 0.041339 
3375.014960 0.040562 
3373.514320 0.040192 
3372.013690 0.040753 
3370.513060 0.044703 
3369.012420 0.042957 
3367.511790 0.043709 
3366.011160 0.046029 
3364.510530 0.042359 
3363.009890 0.043888 
3361.509260 0.042537 
3360.008630 0.045685 
3358.508000 0.045990 
3357.007360 0.044869 
3355.506730 0.048220 
3354.006100 0.050196 
3352.505470 0.046245 
3351.004830 0.047239 
3349.504200 0.050552 
3348.003570 0.048615 
3346.502940 0.050387 
3345.002300 0.049622 
3343.501670 0.051024 
3342.001040 0.054898 
3340.500410 0.052617 
3338.999770 0.054248 
3337.499140 0.056758 
3335.998510 0.058109 
3334.497880 0.055828 
3332.997240 0.055790 
3331.496610 0.057000 
3329.995980 0.058657 
3328.495350 0.057727 
3326.994710 0.058364 
3325.494080 0.060785 
3323.993450 0.059842 
3322.492820 0.059842 
3320.992180 0.063245 
3319.491550 0.062416 
3317.990920 0.065781 
3316.490280 0.064659 
3314.989650 0.067424 
3313.489020 0.068559 
3311.988390 0.066329 
3310.487760 0.069336 
3308.987120 0.067832 
3307.486490 0.070075 
3305.985860 0.072484 
3304.485220 0.073159 
3302.984590 0.073949 
3301.483960 0.078040 
3299.983330 0.076383 
3298.482700 0.078180 
3296.982060 0.080091 
3295.481430 0.078639 
3293.980800 0.080066 
3292.480160 0.080372 
3290.979530 0.083277 
3289.478900 0.083366 
3287.978270 0.082895 
3286.477640 0.086756 
3284.977000 0.086781 
3283.476370 0.085762 
3281.975740 0.089445 
3280.475100 0.091866 
3278.974470 0.092121 
3277.473840 0.092643 
3275.973210 0.096186 
3274.472570 0.095727 
3272.971940 0.097499 
3271.471310 0.097945 
3269.970680 0.099155 
3268.470040 0.100633 
3266.969410 0.102851 
3265.468780 0.099996 
3263.968150 0.103309 
3262.467510 0.104354 
3260.966880 0.107324 
3259.466250 0.106776 
3257.965620 0.109707 
3256.464980 0.111108 
3254.964350 0.112255 
3253.463720 0.114651 
3251.963090 0.112599 
3250.462450 0.115721 
3248.961820 0.120691 
3247.461190 0.119251 
3245.960560 0.121201 
3244.459920 0.121367 
3242.959290 0.121749 
3241.458660 0.124170 
3239.958030 0.126579 
3238.457390 0.127343 
3236.956760 0.127687 
3235.456130 0.126884 
3233.955500 0.129395 
3232.454860 0.133371 
3230.954230 0.131396 
3229.453600 0.134594 
3227.952960 0.133447 
3226.452330 0.134046 
3224.951700 0.135015 
3223.451070 0.137028 
3221.950440 0.141004 
3220.449800 0.143438 
3218.949170 0.142151 
3217.448540 0.143884 
3215.947900 0.144648 
3214.447270 0.145107 
3212.946640 0.149911 
3211.446010 0.151135 
3209.945370 0.152256 
3208.444740 0.152473 
3206.944110 0.154078 
3205.443480 0.153403 
3203.942850 0.156806 
3202.442210 0.160297 
3200.941580 0.160297 
3199.440950 0.160947 
3197.940310 0.162514 
3196.439680 0.165624 
3194.939050 0.167548 
3193.438420 0.165853 
3191.937780 0.171040 
3190.437150 0.171894 
3188.936520 0.175270 
3187.435890 0.174213 
3185.935250 0.177806 
3184.434620 0.178826 
3182.933990 0.185860 
3181.433360 0.183197 
3179.932720 0.187275 
3178.432090 0.186701 
3176.931460 0.189963 
3175.430830 0.193570 
3173.930190 0.193608 
3172.429560 0.198616 
3170.928930 0.199049 
3169.428300 0.199253 
3167.927660 0.200451 
3166.427030 0.202707 
3164.926400 0.206058 
3163.425770 0.205434 
3161.925130 0.207052 
3160.424500 0.209945 
3158.923870 0.212608 
3157.423240 0.211589 
3155.922600 0.217604 
3154.421970 0.217820 
3152.921340 0.215412 
3151.420710 0.217145 
3149.920070 0.222268 
3148.419440 0.222459 
3146.918810 0.223580 
3145.418170 0.225173 
3143.917540 0.225797 
3142.416910 0.226218 
3140.916280 0.227938 
3139.415650 0.230946 
3137.915010 0.229863 
3136.414380 0.232921 
3134.913750 0.235763 
3133.413110 0.235508 
3131.912480 0.239012 
3130.411850 0.238974 
3128.911220 0.239089 
3127.410590 0.242274 
3125.909950 0.246148 
3124.409320 0.246161 
3122.908690 0.246747 
3121.408050 0.249067 
3119.907420 0.247448 
3118.406790 0.251896 
3116.906160 0.253272 
3115.405530 0.256368 
3113.904890 0.254444 
3112.404260 0.257439 
3110.903630 0.261746 
3109.402990 0.260179 
3107.902360 0.261772 
3106.401730 0.264779 
3104.901100 0.263798 
3103.400460 0.263517 
3101.899830 0.266767 
3100.399200 0.268462 
3098.898570 0.266601 
3097.397930 0.269634 
3095.897300 0.270475 
3094.396670 0.271737 
3092.896040 0.273992 
3091.395400 0.276337 
3089.894770 0.278975 
3088.394140 0.282734 
3086.893510 0.287271 
3085.392870 0.290138 
3083.892240 0.293579 
3082.391610 0.300447 
3080.890980 0.302690 
3079.390340 0.308794 
3077.889710 0.311508 
3076.389080 0.317956 
3074.888450 0.319129 
3073.387810 0.327463 
3071.887180 0.332726 
3070.386550 0.338333 
3068.885920 0.341519 
3067.385280 0.342194 
3065.884650 0.349126 
3064.384020 0.348846 
3062.883390 0.351675 
3061.382750 0.351828 
3059.882120 0.345686 
3058.381490 0.351560 
3056.880850 0.349471 
3055.380220 0.348553 
3053.879590 0.349611 
3052.378960 0.348171 
3050.878330 0.349228 
3049.377690 0.346871 
3047.877060 0.345711 
3046.376430 0.345495 
3044.875790 0.340512 
3043.375160 0.341136 
3041.874530 0.338996 
3040.373900 0.335848 
3038.873270 0.333975 
3037.372630 0.324800 
3035.872000 0.320531 
3034.371370 0.317638 
3032.870730 0.310935 
3031.370100 0.305991 
3029.869470 0.299721 
3028.368840 0.296268 
3026.868200 0.291603 
3025.367570 0.287730 
3023.866940 0.284888 
3022.366310 0.276401 
3020.865670 0.276707 
3019.365040 0.274183 
3017.864410 0.273279 
3016.363780 0.272030 
3014.863140 0.272068 
3013.362510 0.270284 
3011.861880 0.272616 
3010.361250 0.270921 
3008.860610 0.274693 
3007.359980 0.278644 
3005.859350 0.280198 
3004.358720 0.280466 
3002.858080 0.284913 
3001.357450 0.285767 
2999.856820 0.289819 
2998.356190 0.294394 
2996.855550 0.297555 
2995.354920 0.301938 
2993.854290 0.301709 
2992.353660 0.309622 
2990.853020 0.312362 
2989.352390 0.314044 
2987.851760 0.321741 
2986.351130 0.322684 
2984.850490 0.325997 
2983.349860 0.328865 
2981.849230 0.329234 
2980.348600 0.333121 
2978.847960 0.333057 
2977.347330 0.334535 
2975.846700 0.338702 
2974.346070 0.338575 
2972.845430 0.338983 
2971.344800 0.339378 
2969.844170 0.342742 
2968.343530 0.339951 
2966.842900 0.348031 
2965.342270 0.347788 
2963.841640 0.344857 
2962.341010 0.351943 
2960.840370 0.349598 
2959.339740 0.350707 
2957.839110 0.349012 
2956.338480 0.350133 
2954.837840 0.352746 
2953.337210 0.353319 
2951.836580 0.350630 
2950.335940 0.350388 
2948.835310 0.347444 
2947.334680 0.343621 
2945.834050 0.339098 
2944.333410 0.337454 
2942.832780 0.335580 
2941.332150 0.336154 
2939.831520 0.328814 
2938.330880 0.325628 
2936.830250 0.322952 
2935.329620 0.325704 
2933.828990 0.322238 
2932.328350 0.316861 
2930.827720 0.314388 
2929.327090 0.309571 
2927.826460 0.308730 
2926.325820 0.308781 
2924.825190 0.305035 
2923.324560 0.303722 
2921.823930 0.297822 
2920.323290 0.297261 
2918.822660 0.295108 
2917.322030 0.294152 
2915.821400 0.291412 
2914.320760 0.292648 
2912.820130 0.287526 
2911.319500 0.286570 
2909.818870 0.283512 
2908.318230 0.283257 
2906.817600 0.279013 
2905.316970 0.277586 
2903.816340 0.274795 
2902.315700 0.267774 
2900.815070 0.268334 
2899.314440 0.263709 
2897.813810 0.260931 
2896.313170 0.256814 
2894.812540 0.253985 
2893.311910 0.248480 
2891.811280 0.243689 
2890.310640 0.238146 
2888.810010 0.237674 
2887.309380 0.230258 
2885.808740 0.225543 
2884.308110 0.219999 
2882.807480 0.215590 
2881.306850 0.210722 
2879.806220 0.208696 
2878.305580 0.203611 
2876.804950 0.199801 
2875.304320 0.197176 
2873.803680 0.194564 
2872.303050 0.190269 
2870.802420 0.190333 
2869.301790 0.188128 
2867.801160 0.184815 
2866.300520 0.181948 
2864.799890 0.182343 
2863.299260 0.180967 
2861.798620 0.179068 
2860.297990 0.177602 
2858.797360 0.176659 
2857.296730 0.175360 
2855.796090 0.174990 
2854.295460 0.174238 
2852.794830 0.170148 
2851.294200 0.170237 
2849.793560 0.169230 
2848.292930 0.166299 
2846.792300 0.164451 
2845.291670 0.163598 
2843.791030 0.162833 
2842.290400 0.161903 
2840.789770 0.159991 
2839.289140 0.162425 
2837.788500 0.162260 
2836.287870 0.163610 
2834.787240 0.164107 
2833.286610 0.164413 
2831.785970 0.167969 
2830.285340 0.166159 
2828.784710 0.169001 
2827.284080 0.171881 
2825.783440 0.172696 
2824.282810 0.173091 
2822.782180 0.172250 
2821.281550 0.173716 
2819.780910 0.171753 
2818.280280 0.175678 
2816.779650 0.171384 
2815.279020 0.172531 
2813.778380 0.173869 
2812.277750 0.172034 
2810.777120 0.173805 
2809.276480 0.172123 
2807.775850 0.175258 
2806.275220 0.178507 
2804.774590 0.178992 
2803.273960 0.179042 
2801.773320 0.182725 
2800.272690 0.186191 
2798.772060 0.189186 
2797.271420 0.189912 
2795.770790 0.192499 
2794.270160 0.197839 
2792.769530 0.199444 
2791.268900 0.204924 
2789.768260 0.207906 
2788.267630 0.208849 
2786.767000 0.212200 
2785.266360 0.214099 
2783.765730 0.216074 
2782.265100 0.219145 
2780.764470 0.219846 
2779.263840 0.222968 
2777.763200 0.221541 
2776.262570 0.224357 
2774.761940 0.227836 
2773.261300 0.229480 
2771.760670 0.225581 
2770.260040 0.229378 
2768.759410 0.227556 
2767.258770 0.226995 
2765.758140 0.225339 
2764.257510 0.224625 
2762.756880 0.224740 
2761.256240 0.220726 
2759.755610 0.219668 
2758.254980 0.218763 
2756.754350 0.216113 
2755.253710 0.213691 
2753.753080 0.214239 
2752.252450 0.211219 
2750.751820 0.208721 
2749.251180 0.207320 
2747.750550 0.204261 
2746.249920 0.203127 
2744.749290 0.204440 
2743.248650 0.203076 
2741.748020 0.197049 
2740.247390 0.194296 
2738.746760 0.193124 
2737.246120 0.188205 
2735.745490 0.187134 
2734.244860 0.185172 
2732.744230 0.179425 
2731.243590 0.174761 
2729.742960 0.173244 
2728.242330 0.167089 
2726.741700 0.162820 
2725.241060 0.158959 
2723.740430 0.157647 
2722.239800 0.152014 
2720.739160 0.149567 
2719.238530 0.145222 
2717.737900 0.139946 
2716.237270 0.137104 
2714.736640 0.131281 
2713.236000 0.128133 
2711.735370 0.125967 
2710.234740 0.122615 
2708.734100 0.119952 
2707.233470 0.115670 
2705.732840 0.112306 
2704.232210 0.109006 
2702.731570 0.105387 
2701.230940 0.104813 
2699.730310 0.101589 
2698.229680 0.099945 
2696.729050 0.096237 
2695.228410 0.095778 
2693.727780 0.089126 
2692.227150 0.091267 
2690.726510 0.086985 
2689.225880 0.087024 
2687.725250 0.083048 
2686.224620 0.082181 
2684.723980 0.080537 
2683.223350 0.079836 
2681.722720 0.080588 
2680.222090 0.078294 
2678.721450 0.076001 
2677.220820 0.077415 
2675.720190 0.076307 
2674.219560 0.075351 
2672.718920 0.076829 
2671.218290 0.076013 
2669.717660 0.075070 
2668.217030 0.075262 
2666.716390 0.077938 
2665.215760 0.075911 
2663.715130 0.076612 
2662.214500 0.077237 
2660.713860 0.079582 
2659.213230 0.077619 
2657.712600 0.079594 
2656.211970 0.080155 
2654.711330 0.079582 
2653.210700 0.082334 
2651.710070 0.083392 
2650.209440 0.086017 
2648.708800 0.089228 
2647.208170 0.088234 
2645.707540 0.092299 
2644.206910 0.093867 
2642.706270 0.096976 
2641.205640 0.098480 
2639.705010 0.099486 
2638.204370 0.101844 
2636.703740 0.106151 
2635.203110 0.107413 
2633.702480 0.109974 
2632.201850 0.110904 
2630.701210 0.117990 
2629.200580 0.116524 
2627.699950 0.118487 
2626.199310 0.120283 
2624.698680 0.121864 
2623.198050 0.122399 
2621.697420 0.122526 
2620.196790 0.124807 
2618.696150 0.123699 
2617.195520 0.123495 
2615.694890 0.123151 
2614.194250 0.124973 
2612.693620 0.124603 
2611.192990 0.123482 
2609.692360 0.125037 
2608.191730 0.124871 
2606.691090 0.126731 
2605.190460 0.125980 
2603.689830 0.129165 
2602.189190 0.129726 
2600.688560 0.131676 
2599.187930 0.133129 
2597.687300 0.134008 
2596.186660 0.137423 
2594.686030 0.140329 
2593.185400 0.142316 
2591.684770 0.145834 
2590.184130 0.146534 
2588.683500 0.150689 
2587.182870 0.149759 
2585.682240 0.153492 
2584.181600 0.155595 
2582.680970 0.155493 
2581.180340 0.157048 
2579.679710 0.153696 
2578.179070 0.153951 
2576.678440 0.152638 
2575.177810 0.149797 
2573.677180 0.148293 
2572.176540 0.143591 
2570.675910 0.141450 
2569.175280 0.136633 
2567.674650 0.135703 
2566.174010 0.132135 
2564.673380 0.128248 
2563.172750 0.124578 
2561.672120 0.120666 
2560.171480 0.117059 
2558.670850 0.113925 
2557.170220 0.113007 
2555.669590 0.109210 
2554.168950 0.105310 
2552.668320 0.102545 
2551.167690 0.100990 
2549.667050 0.099754 
2548.166420 0.095651 
2546.665790 0.092439 
2545.165160 0.089789 
2543.664530 0.087368 
2542.163890 0.085278 
2540.663260 0.082895 
2539.162630 0.081327 
2537.661990 0.080537 
2536.161360 0.076816 
2534.660730 0.074191 
2533.160100 0.073082 
2531.659470 0.072993 
2530.158830 0.070814 
2528.658200 0.067730 
2527.157570 0.067208 
2525.656930 0.064685 
2524.156300 0.061868 
2522.655670 0.065143 
2521.155040 0.062684 
2519.654400 0.060059 
2518.153770 0.058504 
2516.653140 0.057077 
2515.152510 0.056758 
2513.651870 0.055841 
2512.151240 0.053127 
2510.650610 0.053789 
2509.149980 0.055828 
2507.649340 0.051941 
2506.148710 0.052133 
2504.648080 0.049852 
2503.147450 0.051738 
2501.646810 0.050208 
2500.146180 0.048985 
2498.645550 0.048271 
2497.144920 0.049087 
2495.644280 0.048017 
2494.143650 0.047583 
2492.643020 0.046500 
2491.142390 0.046207 
2489.641750 0.046118 
2488.141120 0.047851 
2486.640490 0.045188 
2485.139860 0.044168 
2483.639220 0.045468 
2482.138590 0.044117 
2480.637960 0.044538 
2479.137330 0.043671 
2477.636690 0.042116 
2476.136060 0.042664 
2474.635430 0.043824 
2473.134800 0.040855 
2471.634160 0.040307 
2470.133530 0.041186 
2468.632900 0.040995 
2467.132270 0.041403 
2465.631630 0.040205 
2464.131000 0.039580 
2462.630370 0.037707 
2461.129730 0.038013 
2459.629100 0.037580 
2458.128470 0.037644 
2456.627840 0.039211 
2455.127200 0.037006 
2453.626570 0.037236 
2452.125940 0.036242 
2450.625310 0.035656 
2449.124680 0.037593 
2447.624040 0.037083 
2446.123410 0.035286 
2444.622780 0.035286 
2443.122140 0.034470 
2441.621510 0.035579 
2440.120880 0.035248 
2438.620250 0.034496 
2437.119620 0.034776 
2435.618980 0.033770 
2434.118350 0.032572 
2432.617720 0.033426 
2431.117080 0.033426 
2429.616450 0.032189 
2428.115820 0.032075 
2426.615190 0.032470 
2425.114550 0.031489 
2423.613920 0.031132 
2422.113290 0.030405 
2420.612660 0.030597 
2419.112020 0.028277 
2417.611390 0.028825 
2416.110760 0.029322 
2414.610130 0.028303 
2413.109490 0.027653 
2411.608860 0.025716 
2410.108230 0.026226 
2408.607600 0.023690 
2407.106960 0.026531 
2405.606330 0.024391 
2404.105700 0.023855 
2402.605070 0.021829 
2401.104430 0.021982 
2399.603800 0.022861 
2398.103170 0.022288 
2396.602540 0.019625 
2395.101900 0.020109 
2393.601270 0.018465 
2392.100640 0.018210 
2390.600010 0.017305 
2389.099370 0.016834 
2387.598740 0.016694 
2386.098110 0.015763 
2384.597480 0.016821 
2383.096840 0.017152 
2381.596210 0.014795 
2380.095580 0.015814 
2378.594940 0.016082 
2377.094310 0.013877 
2375.593680 0.015980 
2374.093050 0.011265 
2372.592420 0.012603 
2371.091780 0.011940 
2369.591150 0.009545 
2368.090520 0.009226 
2366.589880 0.011622 
2365.089250 0.012246 
2363.588620 0.011826 
2362.087990 0.010067 
2360.587360 0.008054 
2359.086720 0.007990 
2357.586090 0.011354 
2356.085460 0.017140 
2354.584820 0.022836 
2353.084190 0.041849 
2351.583560 0.068138 
2350.082930 0.106776 
2348.582290 0.160781 
2347.081660 0.223886 
2345.581030 0.283422 
2344.080400 0.319575 
2342.579760 0.318313 
2341.079130 0.267608 
2339.578500 0.182623 
2338.077870 0.109184 
2336.577230 0.062658 
2335.076600 0.037376 
2333.575970 0.024046 
2332.075340 0.015636 
2330.574700 0.011889 
2329.074070 0.008398 
2327.573440 0.011494 
2326.072810 0.012858 
2324.572170 0.010844 
2323.071540 0.008984 
2321.570910 0.006231 
2320.070280 0.009201 
2318.569640 0.009277 
2317.069010 0.006079 
2315.568380 0.006002 
2314.067750 0.006206 
2312.567110 0.007684 
2311.066480 0.005977 
2309.565850 0.004893 
2308.065220 0.006767 
2306.564580 0.007773 
2305.063950 0.007123 
2303.563320 0.006499 
2302.062690 0.006665 
2300.562050 0.005314 
2299.061420 0.006168 
2297.560790 0.004116 
2296.060160 0.004639 
2294.559520 0.006716 
2293.058890 0.005339 
2291.558260 0.003963 
2290.057620 0.003848 
2288.556990 0.006461 
2287.056360 0.003058 
2285.555730 0.003606 
2284.055100 0.003721 
2282.554460 0.003772 
2281.053830 0.006971 
2279.553200 0.008627 
2278.052560 0.008321 
2276.551930 0.007251 
2275.051300 0.006028 
2273.550670 0.002765 
2272.050040 0.002103 
2270.549400 0.002141 
2269.048770 0.002753 
2267.548140 0.003007 
2266.047510 0.004728 
2264.546870 0.002651 
2263.046240 0.002268 
2261.545610 0.004193 
2260.044970 0.002281 
2258.544340 0.002001 
2257.043710 0.001542 
2255.543080 0.002370 
2254.042440 0.002243 
2252.541810 0.002396 
2251.041180 0.001218 
2249.540550 0.002090 
2248.039910 0.002829 
2246.539280 0.002205 
2245.038650 0.002128 
2243.538020 0.002064 
2242.037380 0.001338 
2240.536750 0.001950 
2239.036120 0.002115 
2237.535490 0.001937 
2236.034850 0.001580 
2234.534220 0.002090 
2233.033590 0.003007 
2231.532960 0.002447 
2230.032320 0.001128 
2228.531690 0.002383 
2227.031060 0.001861 
2225.530430 0.002638 
2224.029790 0.001270 
2222.529160 0.002243 
2221.028530 0.001771 
2219.527900 0.001873 
2218.027260 0.002281 
2216.526630 0.002281 
2215.026000 0.000509 
2213.525360 0.000488 
2212.024730 0.002370 
2210.524100 0.001338 
2209.023470 0.002625 
2207.522840 0.003071 
2206.022200 0.002026 
2204.521570 0.001822 
2203.020940 0.001465 
2201.520310 0.002345 
2200.019670 0.002740 
2198.519040 0.001414 
2197.018410 0.002740 
2195.517770 0.000997 
2194.017140 0.000866 
2192.516510 0.001555 
2191.015880 0.002230 
2189.515250 0.001057 
2188.014610 0.002077 
2186.513980 0.002064 
2185.013350 0.001771 
2183.512710 0.001924 
2182.012080 0.002778 
2180.511450 0.001606 
2179.010820 0.002702 
2177.510180 0.001873 
2176.009550 0.001033 
2174.508920 0.002625 
2173.008290 0.002523 
2171.507650 0.001156 
2170.007020 0.002663 
2168.506390 0.004409 
2167.005760 0.003122 
2165.505120 0.003912 
2164.004490 0.003250 
2162.503860 0.004256 
2161.003230 0.002600 
2159.502590 0.004613 
2158.001960 0.004231 
2156.501330 0.004575 
2155.000700 0.005849 
2153.500060 0.004371 
2151.999430 0.003619 
2150.498800 0.004384 
2148.998170 0.004957 
2147.497530 0.005594 
2145.996900 0.003543 
2144.496270 0.005008 
2142.995640 0.003250 
2141.495000 0.004282 
2139.994370 0.006142 
2138.493740 0.003415 
2136.993110 0.004320 
2135.492470 0.005136 
2133.991840 0.005161 
2132.491210 0.003925 
2130.990580 0.005441 
2129.489940 0.003696 
2127.989310 0.004549 
2126.488680 0.004753 
2124.988050 0.004486 
2123.487410 0.003810 
2121.986780 0.002893 
2120.486150 0.003492 
2118.985510 0.003517 
2117.484880 0.004243 
2115.984250 0.004486 
2114.483620 0.002931 
2112.982990 0.004868 
2111.482350 0.004040 
2109.981720 0.003555 
2108.481090 0.004677 
2106.980450 0.004804 
2105.479820 0.005989 
2103.979190 0.006168 
2102.478560 0.005072 
2100.977930 0.006142 
2099.477290 0.006079 
2097.976660 0.003721 
2096.476030 0.005186 
2094.975390 0.006767 
2093.474760 0.006410 
2091.974130 0.006665 
2090.473500 0.006486 
2088.972860 0.005046 
2087.472230 0.005212 
2085.971600 0.004269 
2084.470970 0.005467 
2082.970330 0.003823 
2081.469700 0.005964 
2079.969070 0.004804 
2078.468440 0.004855 
2076.967800 0.004396 
2075.467170 0.004842 
2073.966540 0.004384 
2072.465910 0.005467 
2070.965270 0.004677 
2069.464640 0.004065 
2067.964010 0.004167 
2066.463380 0.003797 
2064.962740 0.004613 
2063.462110 0.004613 
2061.961480 0.004893 
2060.460850 0.005454 
2058.960210 0.003976 
2057.459580 0.004664 
2055.958950 0.004193 
2054.458320 0.004753 
2052.957680 0.006321 
2051.457050 0.006333 
2049.956420 0.004511 
2048.455790 0.006028 
2046.955150 0.006716 
2045.454520 0.004371 
2043.953890 0.005046 
2042.453250 0.005492 
2040.952620 0.006002 
2039.451990 0.004944 
2037.951360 0.004243 
2036.450720 0.005199 
2034.950090 0.005378 
2033.449460 0.002702 
2031.948830 0.004231 
2030.448190 0.004040 
2028.947560 0.003543 
2027.446930 0.003836 
2025.946300 0.004498 
2024.445660 0.004524 
2022.945030 0.002001 
2021.444400 0.002294 
2019.943770 0.002294 
2018.443130 0.002638 
2016.942500 0.002600 
2015.441870 0.001669 
2013.941240 0.002217 
2012.440610 0.001695 
2010.939970 0.002689 
2009.439340 0.000812 
2007.938710 0.000788 
2006.438070 0.001081 
2004.937440 0.001287 
2003.436810 0.002345 
2001.936180 0.001835 
2000.435540 0.001097 
1998.934910 0.002421 
1997.434280 0.001226 
1995.933650 0.001325 
1994.433010 0.000843 
1992.932380 0.000415 
1991.431750 0.000756 
1989.931120 0.001325 
1988.430480 0.002281 
1986.929850 0.001975 
1985.429220 0.001082 
1983.928590 0.000868 
1982.427950 0.001733 
1980.927320 0.000700 
1979.426690 0.000675 
1977.926060 0.000133 
1976.425420 0.000945 
1974.924790 0.000719 
1973.424160 0.001542 
1971.923530 0.002319 
1970.422890 0.000490 
1968.922260 0.000249 
1967.421630 0.001567 
1965.921000 0.002166 
1964.420360 0.000835 
1962.919730 0.001376 
1961.419100 0.001258 
1959.918460 0.001720 
1958.417830 0.000237 
1956.917200 0.001491 
1955.416570 0.000041 
1953.915930 -0.000042 
1952.415300 0.000542 
1950.914670 0.001338 
1949.414040 0.001911 
1947.913410 0.001708 
1946.412770 0.001011 
1944.912140 0.001555 
1943.411510 0.002714 
1941.910880 0.001861 
1940.410240 0.001491 
1938.909610 0.002714 
1937.408980 0.003237 
1935.908350 0.003186 
1934.407710 0.004409 
1932.907080 0.004473 
1931.406450 0.004817 
1929.905820 0.004881 
1928.405180 0.005263 
1926.904550 0.006550 
1925.403920 0.006920 
1923.903280 0.007391 
1922.402650 0.006525 
1920.902020 0.006767 
1919.401390 0.009315 
1917.900750 0.007735 
1916.400120 0.008411 
1914.899490 0.010118 
1913.398860 0.010730 
1911.898220 0.009761 
1910.397590 0.009914 
1908.896960 0.011099 
1907.396330 0.010832 
1905.895690 0.011902 
1904.395060 0.010564 
1902.894430 0.011902 
1901.393800 0.012973 
1899.893160 0.010959 
1898.392530 0.012055 
1896.891900 0.012616 
1895.391270 0.011698 
1893.890630 0.010755 
1892.390000 0.012106 
1890.889370 0.011545 
1889.388740 0.009150 
1887.888100 0.012399 
1886.387470 0.011329 
1884.886840 0.011125 
1883.386210 0.011596 
1881.885570 0.011405 
1880.384940 0.009506 
1878.884310 0.011443 
1877.383680 0.011877 
1875.883040 0.011138 
1874.382410 0.011443 
1872.881780 0.009710 
1871.381150 0.009774 
1869.880510 0.009914 
1868.379880 0.010577 
1866.879250 0.010322 
1865.378620 0.009851 
1863.877980 0.009443 
1862.377350 0.010284 
1860.876720 0.011163 
1859.376090 0.010768 
1857.875450 0.010857 
1856.374820 0.010042 
1854.874190 0.010258 
1853.373550 0.009443 
1851.872920 0.009914 
1850.372290 0.012081 
1848.871660 0.010997 
1847.371020 0.011329 
1845.870390 0.010819 
1844.369760 0.010997 
1842.869130 0.010641 
1841.368490 0.011711 
1839.867860 0.012578 
1838.367230 0.012629 
1836.866600 0.012501 
1835.365960 0.013202 
1833.865330 0.013406 
1832.364700 0.013457 
1830.864070 0.015827 
1829.363430 0.015215 
1827.862800 0.016235 
1826.362170 0.016579 
1824.861540 0.014833 
1823.360900 0.016439 
1821.860270 0.016146 
1820.359640 0.016821 
1818.859010 0.017904 
1817.358370 0.018197 
1815.857740 0.019344 
1814.357110 0.019255 
1812.856480 0.021358 
1811.355840 0.021307 
1809.855210 0.019981 
1808.354580 0.020427 
1806.853950 0.021816 
1805.353310 0.021434 
1803.852680 0.022301 
1802.352050 0.023422 
1800.851420 0.023409 
1799.350780 0.025397 
1797.850150 0.024837 
1796.349520 0.024671 
1794.848890 0.026506 
1793.348250 0.027092 
1791.847620 0.027666 
1790.346990 0.028545 
1788.846350 0.029080 
1787.345720 0.030584 
1785.845090 0.030074 
1784.344460 0.030049 
1782.843820 0.031501 
1781.343190 0.034496 
1779.842560 0.034152 
1778.341930 0.036102 
1776.841290 0.036560 
1775.340660 0.039147 
1773.840030 0.039772 
1772.339400 0.040893 
1770.838760 0.043416 
1769.338130 0.046742 
1767.837500 0.049418 
1766.336870 0.051355 
1764.836230 0.056529 
1763.335600 0.059192 
1761.834970 0.066341 
1760.334340 0.070241 
1758.833710 0.080792 
1757.333070 0.090260 
1755.832440 0.104800 
1754.331810 0.120933 
1752.831170 0.144253 
1751.330540 0.175245 
1749.829910 0.213857 
1748.329280 0.256534 
1746.828640 0.302792 
1745.328010 0.347534 
1743.827380 0.390300 
1742.326750 0.431537 
1740.826110 0.469869 
1739.325480 0.507448 
1737.824850 0.543575 
1736.324220 0.575918 
1734.823580 0.609547 
1733.322950 0.640080 
1731.822320 0.668548 
1730.321690 0.696940 
1728.821050 0.726071 
1727.320420 0.752208 
1725.819790 0.778280 
1724.319160 0.806583 
1722.818520 0.828310 
1721.317890 0.852561 
1719.817260 0.881896 
1718.316630 0.901928 
1716.815990 0.923069 
1715.315360 0.941649 
1713.814730 0.959502 
1712.314100 0.976272 
1710.813460 0.988034 
1709.312830 0.998675 
1707.812200 1.000000 
1706.311570 1.000000 
1704.810930 0.987155 
1703.310300 0.981280 
1701.809670 0.954953 
1700.309030 0.934398 
1698.808400 0.902884 
1697.307770 0.859722 
1695.807140 0.806621 
1694.306510 0.751736 
1692.805870 0.698087 
1691.305240 0.641953 
1689.804610 0.589438 
1688.303980 0.542696 
1686.803340 0.494680 
1685.302710 0.454233 
1683.802080 0.417558 
1682.301450 0.390198 
1680.800810 0.364011 
1679.300180 0.341531 
1677.799550 0.327947 
1676.298920 0.309826 
1674.798280 0.297899 
1673.297650 0.287628 
1671.797020 0.276401 
1670.296380 0.268882 
1668.795750 0.261364 
1667.295120 0.251590 
1665.794490 0.247333 
1664.293850 0.241038 
1662.793220 0.234208 
1661.292590 0.229416 
1659.791960 0.226460 
1658.291320 0.217858 
1656.790690 0.216355 
1655.290060 0.211729 
1653.789430 0.208365 
1652.288790 0.203573 
1650.788160 0.201611 
1649.287530 0.196807 
1647.786900 0.193990 
1646.286260 0.188243 
1644.785630 0.183069 
1643.285000 0.180839 
1641.784370 0.177539 
1640.283730 0.172607 
1638.783100 0.167089 
1637.282470 0.162986 
1635.781840 0.160578 
1634.281200 0.155021 
1632.780570 0.151020 
1631.279940 0.149733 
1629.779310 0.146088 
1628.278670 0.144814 
1626.778040 0.141221 
1625.277410 0.138748 
1623.776780 0.138073 
1622.276140 0.133090 
1620.775510 0.129114 
1619.274880 0.128197 
1617.774250 0.124068 
1616.273610 0.120322 
1614.772980 0.118614 
1613.272350 0.113402 
1611.771720 0.109057 
1610.271080 0.107183 
1608.770450 0.103373 
1607.269820 0.101436 
1605.769190 0.099232 
1604.268550 0.093574 
1602.767920 0.089891 
1601.267290 0.088043 
1599.766650 0.083379 
1598.266020 0.080410 
1596.765390 0.073567 
1595.264760 0.070394 
1593.764120 0.066252 
1592.263490 0.060671 
1590.762860 0.055828 
1589.262230 0.051980 
1587.761590 0.048717 
1586.260960 0.045137 
1584.760330 0.041683 
1583.259700 0.039848 
1581.759060 0.037108 
1580.258430 0.034050 
1578.757800 0.031603 
1577.257170 0.028953 
1575.756530 0.026378 
1574.255900 0.025856 
1572.755270 0.024123 
1571.254640 0.023320 
1569.754000 0.020491 
1568.253370 0.018338 
1566.752740 0.019038 
1565.252110 0.018032 
1563.751470 0.015407 
1562.250840 0.014489 
1560.750210 0.014489 
1559.249580 0.013419 
1557.748940 0.012654 
1556.248310 0.010118 
1554.747680 0.011227 
1553.247050 0.010679 
1551.746410 0.009914 
1550.245780 0.010169 
1548.745150 0.008755 
1547.244520 0.008857 
1545.743880 0.007646 
1544.243250 0.007786 
1542.742620 0.006920 
1541.241990 0.007034 
1539.741350 0.005301 
1538.240720 0.007136 
1536.740090 0.005887 
1535.239450 0.006282 
1533.738820 0.006193 
1532.238190 0.005136 
1530.737560 0.004460 
1529.236920 0.004256 
1527.736290 0.007429 
1526.235660 0.009124 
1524.735030 0.011660 
1523.234390 0.018108 
1521.733760 0.017968 
1520.233130 0.017955 
1518.732500 0.015585 
1517.231860 0.012132 
1515.731230 0.008372 
1514.230600 0.005123 
1512.729970 0.004409 
1511.229330 0.004129 
1509.728700 0.003199 
1508.228070 0.003390 
1506.727440 0.001733 
1505.226810 0.002791 
1503.726170 0.003976 
1502.225540 0.001287 
1500.724910 0.003262 
1499.224270 0.003071 
1497.723640 0.001720 
1496.223010 0.001746 
1494.722380 0.001529 
1493.221740 0.001937 
1491.721110 0.001453 
1490.220480 0.001259 
1488.719850 0.002867 
1487.219210 0.001580 
1485.718580 0.001682 
1484.217950 0.000940 
1482.717320 0.000975 
1481.216680 0.001491 
1479.716050 0.000886 
1478.215420 0.000979 
1476.714790 0.002702 
1475.214150 0.001567 
1473.713520 0.001478 
1472.212890 0.000371 
1470.712260 0.000029 
1469.211620 0.000966 
1467.710990 0.000938 
1466.210360 0.000880 
1464.709730 -0.000076 
1463.209090 0.000700 
1461.708460 0.001175 
1460.207830 0.002052 
1458.707200 0.000702 
1457.206560 0.001076 
1455.705930 0.002179 
1454.205300 0.001924 
1452.704670 0.002982 
1451.204030 0.003250 
1449.703400 0.003874 
1448.202770 0.004307 
1446.702130 0.003517 
1445.201500 0.005454 
1443.700870 0.004983 
1442.200240 0.006091 
1440.699610 0.007289 
1439.198970 0.007468 
1437.698340 0.008971 
1436.197710 0.009876 
1434.697080 0.009354 
1433.196440 0.011494 
1431.695810 0.013138 
1430.195180 0.011163 
1428.694550 0.013623 
1427.193910 0.015547 
1425.693280 0.016146 
1424.192650 0.018567 
1422.692020 0.023040 
1421.191380 0.025499 
1419.690750 0.029743 
1418.190120 0.033706 
1416.689480 0.038115 
1415.188850 0.046895 
1413.688220 0.050514 
1412.187590 0.054681 
1410.686950 0.061027 
1409.186320 0.062098 
1407.685690 0.067641 
1406.185060 0.066481 
1404.684420 0.066940 
1403.183790 0.068610 
1401.683160 0.065487 
1400.182530 0.066647 
1398.681890 0.062837 
1397.181260 0.062263 
1395.680630 0.062888 
1394.180000 0.063716 
1392.679360 0.063678 
1391.178730 0.064557 
1389.678100 0.064557 
1388.177470 0.064353 
1386.676830 0.065054 
1385.176200 0.064226 
1383.675570 0.066762 
1382.174940 0.067947 
1380.674300 0.073133 
1379.173670 0.076931 
1377.673040 0.083162 
1376.172410 0.091547 
1374.671770 0.099283 
1373.171140 0.105794 
1371.670510 0.105310 
1370.169880 0.101181 
1368.669240 0.096657 
1367.168610 0.085596 
1365.667980 0.077479 
1364.167350 0.068176 
1362.666710 0.058211 
1361.166080 0.050552 
1359.665450 0.044742 
1358.164820 0.041492 
1356.664180 0.034700 
1355.163550 0.030941 
1353.662920 0.028086 
1352.162290 0.024747 
1350.661650 0.022415 
1349.161020 0.019484 
1347.660390 0.018057 
1346.159750 0.015700 
1344.659120 0.015802 
1343.158490 0.014451 
1341.657860 0.013202 
1340.157220 0.012323 
1338.656590 0.010297 
1337.155960 0.009392 
1335.655330 0.009099 
1334.154690 0.009162 
1332.654060 0.008729 
1331.153430 0.006907 
1329.652800 0.007085 
1328.152160 0.006601 
1326.651530 0.006869 
1325.150900 0.006142 
1323.650270 0.006486 
1322.149630 0.005429 
1320.649000 0.005773 
1319.148370 0.006066 
1317.647740 0.005607 
1316.147100 0.006295 
1314.646470 0.004970 
1313.145840 0.005441 
1311.645210 0.005658 
1310.144570 0.007034 
1308.643940 0.006856 
1307.143310 0.005964 
1305.642680 0.007671 
1304.142040 0.007251 
1302.641410 0.007238 
1301.140780 0.007990 
1299.640150 0.010641 
1298.139510 0.010003 
1296.638880 0.009659 
1295.138250 0.010462 
1293.637620 0.012973 
1292.136980 0.013304 
1290.636350 0.013419 
1289.135720 0.014757 
1287.635090 0.015152 
1286.134450 0.016808 
1284.633820 0.017050 
1283.133190 0.018911 
1281.632560 0.020491 
1280.131920 0.021256 
1278.631290 0.023894 
1277.130660 0.026213 
1275.630020 0.029934 
1274.129390 0.032432 
1272.628760 0.035477 
1271.128130 0.042448 
1269.627490 0.049495 
1268.126860 0.054528 
1266.626230 0.062926 
1265.125600 0.072522 
1263.624960 0.080983 
1262.124330 0.091496 
1260.623700 0.103246 
1259.123070 0.116435 
1257.622430 0.126133 
1256.121800 0.136429 
1254.621170 0.148000 
1253.120540 0.155493 
1251.619910 0.165879 
1250.119270 0.173894 
1248.618640 0.182865 
1247.118010 0.192092 
1245.617370 0.202388 
1244.116740 0.213194 
1242.616110 0.226384 
1241.115480 0.239535 
1239.614840 0.253667 
1238.114210 0.269647 
1236.613580 0.283601 
1235.112950 0.300320 
1233.612310 0.313624 
1232.111680 0.325857 
1230.611050 0.341850 
1229.110420 0.349420 
1227.609780 0.366343 
1226.109150 0.371606 
1224.608520 0.379799 
1223.107890 0.390695 
1221.607250 0.398060 
1220.106620 0.404024 
1218.605990 0.413977 
1217.105360 0.415786 
1215.604720 0.425420 
1214.104090 0.429727 
1212.603460 0.430747 
1211.102830 0.432493 
1209.602190 0.431881 
1208.101560 0.425076 
1206.600930 0.417519 
1205.100300 0.408459 
1203.599660 0.389433 
1202.099030 0.371529 
1200.598400 0.353841 
1199.097770 0.332611 
1197.597130 0.309712 
1196.096500 0.288825 
1194.595870 0.269035 
1193.095240 0.251717 
1191.594600 0.238987 
1190.093970 0.227938 
1188.593340 0.218228 
1187.092710 0.211410 
1185.592070 0.204809 
1184.091440 0.198527 
1182.590810 0.195736 
1181.090180 0.191518 
1179.589540 0.190257 
1178.088910 0.187377 
1176.588280 0.184331 
1175.087650 0.179195 
1173.587010 0.173665 
1172.086380 0.170403 
1170.585750 0.164464 
1169.085120 0.159928 
1167.584480 0.151046 
1166.083850 0.146076 
1164.583220 0.139360 
1163.082590 0.129688 
1161.581950 0.121953 
1160.081320 0.111784 
1158.580690 0.104456 
1157.080050 0.096989 
1155.579420 0.089623 
1154.078790 0.081569 
1152.578160 0.074280 
1151.077520 0.067055 
1149.576890 0.061129 
1148.076260 0.054936 
1146.575630 0.049507 
1145.074990 0.046819 
1143.574360 0.041811 
1142.073730 0.036764 
1140.573100 0.034916 
1139.072460 0.029883 
1137.571830 0.029947 
1136.071200 0.025729 
1134.570570 0.024161 
1133.069930 0.021918 
1131.569300 0.020619 
1130.068670 0.017828 
1128.568040 0.017637 
1127.067400 0.015840 
1125.566770 0.018376 
1124.066140 0.013686 
1122.565510 0.012476 
1121.064870 0.013521 
1119.564240 0.012985 
1118.063610 0.013355 
1116.562980 0.011622 
1115.062340 0.012119 
1113.561710 0.011609 
1112.061080 0.011826 
1110.560450 0.014285 
1109.059810 0.013393 
1107.559180 0.012832 
1106.058550 0.013572 
1104.557920 0.013431 
1103.057280 0.012476 
1101.556650 0.014476 
1100.056020 0.014425 
1098.555380 0.017420 
1097.054750 0.016413 
1095.554120 0.017305 
1094.053490 0.018210 
1092.552850 0.021319 
1091.052220 0.023193 
1089.551590 0.026353 
1088.050960 0.028086 
1086.550320 0.033731 
1085.049690 0.035796 
1083.549060 0.038230 
1082.048430 0.041887 
1080.547790 0.044155 
1079.047160 0.046080 
1077.546530 0.047150 
1076.045900 0.049176 
1074.545260 0.049240 
1073.044630 0.048972 
1071.544000 0.046003 
1070.043370 0.044742 
1068.542730 0.043021 
1067.042100 0.039861 
1065.541470 0.036216 
1064.040840 0.033808 
1062.540200 0.030265 
1061.039570 0.028519 
1059.538940 0.024059 
1058.038310 0.020937 
1056.537670 0.019128 
1055.037040 0.016171 
1053.536410 0.013916 
1052.035780 0.012183 
1050.535140 0.008971 
1049.034510 0.006474 
1047.533880 0.004651 
1046.033250 0.003402 
1044.532610 0.003645 
1043.031980 0.002778 
1041.531350 0.002804 
1040.030720 0.003033 
1038.530080 0.002217 
1037.029450 0.002217 
1035.528820 0.002625 
1034.028190 0.000984 
1032.527550 0.001402 
1031.026920 0.002128 
1029.526290 0.001669 
1028.025660 0.003109 
1026.525020 0.002689 
1025.024390 0.002689 
1023.523760 0.002893 
1022.023130 0.004180 
1020.522490 0.002549 
1019.021860 0.002128 
1017.521230 0.005085 
1016.020590 0.004447 
1014.519960 0.003976 
1013.019330 0.004129 
1011.518700 0.003810 
1010.018060 0.005123 
1008.517430 0.004715 
1007.016800 0.007213 
1005.516170 0.004804 
1004.015530 0.006614 
1002.514900 0.006741 
1001.014270 0.007824 
999.513640 0.008474 
998.013010 0.007773 
996.512370 0.007659 
995.011740 0.012437 
993.511110 0.010335 
992.010470 0.010233 
990.509840 0.011189 
989.009210 0.010551 
987.508580 0.011023 
986.007940 0.014782 
984.507310 0.016006 
983.006680 0.015075 
981.506050 0.017662 
980.005410 0.019268 
978.504780 0.020376 
977.004150 0.021982 
975.503520 0.021358 
974.002880 0.025130 
972.502250 0.025805 
971.001620 0.027589 
969.500990 0.030558 
968.000350 0.031195 
966.499720 0.036242 
964.999090 0.037758 
963.498460 0.040715 
961.997820 0.040970 
960.497190 0.046564 
958.996560 0.050425 
957.495930 0.055076 
955.995290 0.056835 
954.494660 0.061805 
952.994030 0.064392 
951.493400 0.067475 
949.992760 0.072305 
948.492130 0.074879 
946.991500 0.079008 
945.490870 0.082321 
943.990230 0.086794 
942.489600 0.089904 
940.988970 0.090197 
939.488340 0.093204 
937.987700 0.096874 
936.487070 0.097651 
934.986440 0.099206 
933.485810 0.100111 
931.985170 0.102889 
930.484540 0.103399 
928.983910 0.101767 
927.483280 0.101589 
925.982640 0.101653 
924.482010 0.098136 
922.981380 0.097065 
921.480740 0.096505 
919.980110 0.093994 
918.479480 0.089636 
916.978850 0.091369 
915.478210 0.084921 
913.977580 0.085443 
912.476950 0.082946 
910.976320 0.078893 
909.475680 0.077708 
907.975050 0.076128 
906.474420 0.073210 
904.973790 0.073427 
903.473150 0.071655 
901.972520 0.072267 
900.471890 0.069884 
898.971260 0.068839 
897.470620 0.067501 
895.969990 0.065921 
894.469360 0.065781 
892.968730 0.065296 
891.468090 0.064544 
889.967460 0.063780 
888.466830 0.064812 
886.966200 0.062557 
885.465560 0.062888 
883.964930 0.064583 
882.464300 0.062875 
880.963670 0.062085 
879.463030 0.061881 
877.962400 0.061282 
876.461770 0.061422 
874.961140 0.063844 
873.460500 0.062340 
871.959870 0.062162 
870.459240 0.058785 
868.958610 0.058173 
867.457970 0.058644 
865.957340 0.056656 
864.456710 0.055102 
862.956080 0.052897 
861.455440 0.051992 
859.954810 0.050565 
858.454180 0.049699 
856.953550 0.047609 
855.452910 0.046577 
853.952280 0.045952 
852.451650 0.045289 
850.951010 0.044601 
849.450380 0.041326 
847.949750 0.040638 
846.449120 0.038051 
844.948490 0.039708 
843.447850 0.038102 
841.947220 0.035299 
840.446590 0.035388 
838.945960 0.031986 
837.445320 0.031654 
835.944690 0.030851 
834.444060 0.029794 
832.943430 0.029768 
831.442790 0.028061 
829.942160 0.026659 
828.441530 0.026659 
826.940890 0.024900 
825.440260 0.023040 
823.939630 0.023690 
822.439000 0.020950 
820.938360 0.021829 
819.437730 0.018771 
817.937100 0.019153 
816.436470 0.018236 
814.935830 0.016604 
813.435200 0.017445 
811.934570 0.016018 
810.433940 0.014642 
808.933300 0.012743 
807.432670 0.013521 
805.932040 0.012998 
804.431410 0.012399 
802.930770 0.011316 
801.430140 0.010653 
799.929510 0.012527 
798.428880 0.009774 
796.928240 0.011061 
795.427610 0.009761 
793.926980 0.009863 
792.426350 0.008869 
790.925710 0.006996 
789.425080 0.009264 
787.924450 0.007162 
786.423820 0.008525 
784.923180 0.007569 
783.422550 0.006321 
781.921920 0.006958 
780.421290 0.004881 
778.920650 0.003645 
777.420020 0.003339 
775.919390 0.004779 
774.418760 0.005110 
772.918120 0.002612 
771.417490 0.005008 
769.916860 0.003199 
768.416230 0.001252 
766.915590 0.003339 
765.414960 0.004065 
763.914330 0.002383 
762.413690 0.002052 
760.913060 0.003492 
759.412430 0.002880 
757.911800 0.001695 
756.411160 0.004142 
754.910530 0.003759 
753.409900 0.000423 
751.909270 0.003097 
750.408640 0.002982 
748.908000 0.000855 
747.407370 0.004307 
745.906740 0.003097 
744.406110 0.003058 
742.905470 0.003135 
741.404840 0.002561 
739.904210 0.003543 
738.403580 0.002141 
736.902940 0.005085 
735.402310 0.003899 
733.901680 0.005212 
732.401040 0.007926 
730.900410 0.010692 
729.399780 0.011813 
727.899150 0.015687 
726.398510 0.021268 
724.897880 0.024301 
723.397250 0.028876 
721.896620 0.035210 
720.395980 0.040919 
718.895350 0.048310 
717.394720 0.054592 
715.894090 0.058288 
714.393450 0.067769 
712.892820 0.067883 
711.392190 0.070113 
709.891560 0.068864 
708.390920 0.059409 
706.890290 0.055484 
705.389660 0.047545 
703.889030 0.040702 
702.388390 0.036305 
700.887760 0.031081 
699.387130 0.031285 
697.886500 0.028328 
696.385860 0.027538 
694.885230 0.027092 
693.384600 0.025015 
691.883970 0.024747 
690.383330 0.023753 
688.882700 0.024352 
687.382070 0.025270 
685.881440 0.022313 
684.380800 0.023766 
682.880170 0.022976 
681.379540 0.023881 
679.878910 0.025754 
678.378270 0.022326 
676.877640 0.021600 
675.377010 0.022186 
673.876380 0.019064 
672.375740 0.019089 
670.875110 0.018019 
669.374480 0.014833 
667.873840 0.010156 
666.373210 0.013126 
664.872580 0.013202 
663.371950 0.011329 
661.871310 0.013852 
660.370680 0.016248 
658.870050 0.017535 
657.369420 0.014540 
655.868790 0.012272 
654.368150 0.013177 
652.867520 0.012323 
651.366890 0.017713 
649.866250 0.012259 
648.365620 0.009481 
646.864990 0.007072 
645.364360 0.008882 
643.863720 0.005199 
642.363090 0.007060 
640.862460 0.003492 
639.361830 0.006257 
637.861190 0.004320 
636.360560 0.004970 
634.859930 0.004600 
633.359300 0.002829 
631.858660 0.003989 
630.358030 0.005186 
628.857400 0.005683 
627.356770 0.004218 
625.856130 0.006614 
624.355500 0.001516 
622.854870 0.003415 
621.354240 0.003441 
619.853600 0.006002 
618.352970 0.002880 
616.852340 0.002536 
615.351710 0.002727 
613.851070 0.002893 
612.350440 0.002638 
610.849810 0.003632 
609.349180 0.003670 
607.848540 0.004817 
606.347910 0.004243 
604.847280 0.002816 
603.346650 0.003555 
601.846010 0.003339 
600.345380 0.002077 
598.844750 0.003122 
597.344110 0.005237 
595.843480 0.003326 
594.342850 0.000889 
592.842220 0.002103 
591.341590 0.001338 
589.840950 0.001950 
588.340320 0.003823 
586.839690 0.004804 
585.339060 0.001962 
583.838420 0.001720 
582.337790 0.002651 
580.837160 0.002256 
579.336530 0.005059 
577.835890 0.004384 
576.335260 0.003721 
574.834630 0.002421 
573.333990 0.005148 
571.833360 0.004970 
570.332730 0.001274 
568.832100 0.004205 
567.331460 0.005314 
565.830830 0.004804 
564.330200 0.003466 
562.829570 0.004193 
561.328930 0.001053 
559.828300 0.001644 
558.327670 0.001208 
556.827040 0.002829 
555.326400 0.003874 
553.825770 0.002357 
552.325140 0.001644 
550.824510 0.003351 
549.323870 0.003428 
547.823240 0.000180 
546.322610 0.003160 
544.821980 0.005314 
543.321340 0.001848 
541.820710 0.006690 
540.320080 0.002192 
538.819450 0.002090 
537.318810 0.004345 
535.818180 0.004001 
534.317550 0.002714 
532.816920 0.003772 
531.316280 0.001708 
529.815650 0.004970 
528.315020 0.003109 
526.814390 0.001097 
525.313750 0.001835 
523.813120 0.000198 
522.312490 0.000336 
520.811860 0.000925 
519.311220 0.001797 
517.810590 0.001465 
516.309960 0.001593 
514.809320 -0.000540 
513.308690 0.002510 
511.808060 0.002243 
510.307430 0.000668 
508.806800 0.003861 
507.306160 0.005034 
505.805530 0.002791 
504.304900 0.002472 
502.804260 0.003466 
501.303630 0.003530 
499.803000 0.000259 
