5000.1	-0.0187
4999.2	-0.01847
4998.2	-0.01841
4997.2	-0.01836
4996.3	-0.01783
4995.3	-0.01662
4994.3	-0.01531
4993.4	-0.01483
4992.4	-0.01533
4991.4	-0.01621
4990.5	-0.01688
4989.5	-0.01719
4988.5	-0.01747
4987.6	-0.01793
4986.6	-0.0183
4985.7	-0.01824
4984.7	-0.01776
4983.7	-0.01744
4982.8	-0.01765
4981.8	-0.01843
4980.8	-0.01921
4979.9	-0.01925
4978.9	-0.01841
4977.9	-0.01717
4977	-0.01606
4976	-0.01546
4975	-0.01524
4974.1	-0.01528
4973.1	-0.01559
4972.2	-0.01628
4971.2	-0.01722
4970.2	-0.01782
4969.3	-0.01776
4968.3	-0.01724
4967.3	-0.01687
4966.4	-0.01678
4965.4	-0.01672
4964.4	-0.01643
4963.5	-0.01615
4962.5	-0.01606
4961.5	-0.01604
4960.6	-0.0157
4959.6	-0.01518
4958.7	-0.01494
4957.7	-0.01512
4956.7	-0.0155
4955.8	-0.01577
4954.8	-0.01586
4953.8	-0.0161
4952.9	-0.01652
4951.9	-0.01671
4950.9	-0.01633
4950	-0.01546
4949	-0.01452
4948	-0.0141
4947.1	-0.01442
4946.1	-0.01533
4945.1	-0.01595
4944.2	-0.01549
4943.2	-0.01397
4942.3	-0.0125
4941.3	-0.01234
4940.3	-0.01358
4939.4	-0.01523
4938.4	-0.01612
4937.4	-0.01615
4936.5	-0.01616
4935.5	-0.01672
4934.5	-0.01767
4933.6	-0.01827
4932.6	-0.01818
4931.6	-0.01763
4930.7	-0.01714
4929.7	-0.01687
4928.8	-0.01668
4927.8	-0.01649
4926.8	-0.01638
4925.9	-0.01665
4924.9	-0.01737
4923.9	-0.01825
4923	-0.01874
4922	-0.01867
4921	-0.01824
4920.1	-0.01779
4919.1	-0.01735
4918.1	-0.01682
4917.2	-0.0162
4916.2	-0.01594
4915.3	-0.01626
4914.3	-0.01673
4913.3	-0.01672
4912.4	-0.01619
4911.4	-0.01558
4910.4	-0.0155
4909.5	-0.01597
4908.5	-0.0167
4907.5	-0.01739
4906.6	-0.01788
4905.6	-0.01824
4904.6	-0.0185
4903.7	-0.0188
4902.7	-0.01899
4901.8	-0.01875
4900.8	-0.01808
4899.8	-0.01763
4898.9	-0.018
4897.9	-0.01883
4896.9	-0.0192
4896	-0.01852
4895	-0.01738
4894	-0.01679
4893.1	-0.01711
4892.1	-0.01782
4891.1	-0.01821
4890.2	-0.01796
4889.2	-0.0172
4888.3	-0.01637
4887.3	-0.01613
4886.3	-0.01686
4885.4	-0.01817
4884.4	-0.0192
4883.4	-0.01922
4882.5	-0.01847
4881.5	-0.01768
4880.5	-0.01726
4879.6	-0.01711
4878.6	-0.01695
4877.6	-0.01687
4876.7	-0.01719
4875.7	-0.01793
4874.8	-0.01871
4873.8	-0.01916
4872.8	-0.0193
4871.9	-0.01938
4870.9	-0.01961
4869.9	-0.01979
4869	-0.01961
4868	-0.0191
4867	-0.01855
4866.1	-0.01798
4865.1	-0.01738
4864.1	-0.01693
4863.2	-0.01707
4862.2	-0.01788
4861.3	-0.0188
4860.3	-0.01903
4859.3	-0.01855
4858.4	-0.01805
4857.4	-0.01802
4856.4	-0.01812
4855.5	-0.01784
4854.5	-0.01729
4853.5	-0.01716
4852.6	-0.01764
4851.6	-0.01801
4850.6	-0.01767
4849.7	-0.01687
4848.7	-0.01646
4847.7	-0.01676
4846.8	-0.01732
4845.8	-0.01761
4844.9	-0.01769
4843.9	-0.01798
4842.9	-0.01871
4842	-0.01944
4841	-0.01985
4840	-0.02001
4839.1	-0.0201
4838.1	-0.02014
4837.1	-0.01991
4836.2	-0.01937
4835.2	-0.01894
4834.2	-0.01902
4833.3	-0.01948
4832.3	-0.01985
4831.4	-0.01973
4830.4	-0.0193
4829.4	-0.01909
4828.5	-0.01942
4827.5	-0.02023
4826.5	-0.02106
4825.6	-0.02133
4824.6	-0.02069
4823.6	-0.01928
4822.7	-0.01767
4821.7	-0.01675
4820.7	-0.01694
4819.8	-0.0179
4818.8	-0.01873
4817.9	-0.01877
4816.9	-0.01806
4815.9	-0.01733
4815	-0.01724
4814	-0.01803
4813	-0.01913
4812.1	-0.01979
4811.1	-0.01951
4810.1	-0.01859
4809.2	-0.01766
4808.2	-0.01705
4807.2	-0.01675
4806.3	-0.01657
4805.3	-0.01663
4804.4	-0.01707
4803.4	-0.01771
4802.4	-0.01809
4801.5	-0.01801
4800.5	-0.01782
4799.5	-0.01783
4798.6	-0.01803
4797.6	-0.0183
4796.6	-0.01872
4795.7	-0.01937
4794.7	-0.01992
4793.7	-0.01984
4792.8	-0.01891
4791.8	-0.01771
4790.9	-0.01714
4789.9	-0.01752
4788.9	-0.01853
4788	-0.01951
4787	-0.01991
4786	-0.01963
4785.1	-0.01901
4784.1	-0.01869
4783.1	-0.01895
4782.2	-0.01948
4781.2	-0.01968
4780.2	-0.01926
4779.3	-0.01874
4778.3	-0.01879
4777.4	-0.01928
4776.4	-0.01951
4775.4	-0.01895
4774.5	-0.01796
4773.5	-0.01749
4772.5	-0.01795
4771.6	-0.01886
4770.6	-0.01948
4769.6	-0.01962
4768.7	-0.01967
4767.7	-0.02001
4766.7	-0.02056
4765.8	-0.02082
4764.8	-0.02055
4763.9	-0.01983
4762.9	-0.01913
4761.9	-0.01877
4761	-0.01899
4760	-0.01975
4759	-0.02076
4758.1	-0.02157
4757.1	-0.02171
4756.1	-0.02115
4755.2	-0.02018
4754.2	-0.01926
4753.2	-0.01862
4752.3	-0.01837
4751.3	-0.01855
4750.4	-0.01909
4749.4	-0.0196
4748.4	-0.01968
4747.5	-0.01924
4746.5	-0.01888
4745.5	-0.01919
4744.6	-0.01997
4743.6	-0.02042
4742.6	-0.01995
4741.7	-0.01878
4740.7	-0.01783
4739.7	-0.0176
4738.8	-0.01793
4737.8	-0.01835
4736.8	-0.01866
4735.9	-0.01883
4734.9	-0.0188
4734	-0.0184
4733	-0.01773
4732	-0.01697
4731.1	-0.01644
4730.1	-0.01628
4729.1	-0.01657
4728.2	-0.01735
4727.2	-0.01838
4726.2	-0.01924
4725.3	-0.01957
4724.3	-0.0195
4723.3	-0.01933
4722.4	-0.01924
4721.4	-0.01905
4720.5	-0.0188
4719.5	-0.01867
4718.5	-0.01892
4717.6	-0.01938
4716.6	-0.01968
4715.6	-0.01961
4714.7	-0.01932
4713.7	-0.0189
4712.7	-0.0182
4711.8	-0.01723
4710.8	-0.01631
4709.8	-0.01608
4708.9	-0.01668
4707.9	-0.01775
4707	-0.01866
4706	-0.01909
4705	-0.01908
4704.1	-0.01891
4703.1	-0.01878
4702.1	-0.01882
4701.2	-0.01912
4700.2	-0.01954
4699.2	-0.0199
4698.3	-0.0201
4697.3	-0.02005
4696.3	-0.01963
4695.4	-0.01886
4694.4	-0.01799
4693.5	-0.01737
4692.5	-0.01719
4691.5	-0.01734
4690.6	-0.01767
4689.6	-0.01818
4688.6	-0.01888
4687.7	-0.01959
4686.7	-0.02
4685.7	-0.01991
4684.8	-0.01947
4683.8	-0.01912
4682.8	-0.01913
4681.9	-0.01955
4680.9	-0.0201
4680	-0.02046
4679	-0.02055
4678	-0.02032
4677.1	-0.01999
4676.1	-0.01977
4675.1	-0.01985
4674.2	-0.02022
4673.2	-0.0206
4672.2	-0.02074
4671.3	-0.02044
4670.3	-0.0199
4669.3	-0.01953
4668.4	-0.01962
4667.4	-0.02003
4666.5	-0.02048
4665.5	-0.02086
4664.5	-0.02113
4663.6	-0.02126
4662.6	-0.02102
4661.6	-0.0203
4660.7	-0.01933
4659.7	-0.01878
4658.7	-0.01918
4657.8	-0.02039
4656.8	-0.02164
4655.8	-0.02211
4654.9	-0.02159
4653.9	-0.02075
4653	-0.02021
4652	-0.02019
4651	-0.02034
4650.1	-0.02039
4649.1	-0.02042
4648.1	-0.02056
4647.2	-0.02085
4646.2	-0.02104
4645.2	-0.02097
4644.3	-0.02055
4643.3	-0.01991
4642.3	-0.01925
4641.4	-0.01892
4640.4	-0.01907
4639.5	-0.01951
4638.5	-0.01985
4637.5	-0.02006
4636.6	-0.0202
4635.6	-0.02046
4634.6	-0.02062
4633.7	-0.02067
4632.7	-0.02072
4631.7	-0.0211
4630.8	-0.02155
4629.8	-0.02164
4628.8	-0.02104
4627.9	-0.02005
4626.9	-0.01923
4625.9	-0.01892
4625	-0.01908
4624	-0.01935
4623.1	-0.01938
4622.1	-0.0192
4621.1	-0.0189
4620.2	-0.01866
4619.2	-0.01849
4618.2	-0.01832
4617.3	-0.0182
4616.3	-0.01826
4615.3	-0.01847
4614.4	-0.01876
4613.4	-0.019
4612.4	-0.01932
4611.5	-0.01966
4610.5	-0.0198
4609.6	-0.01953
4608.6	-0.01904
4607.6	-0.01884
4606.7	-0.01918
4605.7	-0.01965
4604.7	-0.01967
4603.8	-0.01934
4602.8	-0.01918
4601.8	-0.01957
4600.9	-0.02019
4599.9	-0.02054
4598.9	-0.02048
4598	-0.02019
4597	-0.02006
4596.1	-0.02007
4595.1	-0.02005
4594.1	-0.01996
4593.2	-0.01988
4592.2	-0.01992
4591.2	-0.02002
4590.3	-0.02001
4589.3	-0.01984
4588.3	-0.01964
4587.4	-0.01959
4586.4	-0.0198
4585.4	-0.02012
4584.5	-0.02035
4583.5	-0.02044
4582.6	-0.02032
4581.6	-0.02005
4580.6	-0.01969
4579.7	-0.01944
4578.7	-0.01934
4577.7	-0.01943
4576.8	-0.01952
4575.8	-0.01962
4574.8	-0.01976
4573.9	-0.01991
4572.9	-0.01999
4571.9	-0.01995
4571	-0.01985
4570	-0.0198
4569.1	-0.01969
4568.1	-0.01939
4567.1	-0.01897
4566.2	-0.01876
4565.2	-0.01891
4564.2	-0.01934
4563.3	-0.01977
4562.3	-0.02013
4561.3	-0.02038
4560.4	-0.02049
4559.4	-0.0204
4558.4	-0.02023
4557.5	-0.02016
4556.5	-0.02029
4555.6	-0.02035
4554.6	-0.02011
4553.6	-0.01958
4552.7	-0.01919
4551.7	-0.0192
4550.7	-0.01956
4549.8	-0.01995
4548.8	-0.02017
4547.8	-0.02025
4546.9	-0.02028
4545.9	-0.02014
4544.9	-0.01977
4544	-0.01924
4543	-0.01887
4542.1	-0.01891
4541.1	-0.01928
4540.1	-0.01973
4539.2	-0.02002
4538.2	-0.02
4537.2	-0.01989
4536.3	-0.01987
4535.3	-0.02009
4534.3	-0.02041
4533.4	-0.02065
4532.4	-0.02086
4531.4	-0.02128
4530.5	-0.02195
4529.5	-0.02249
4528.5	-0.0224
4527.6	-0.02173
4526.6	-0.02103
4525.7	-0.0208
4524.7	-0.02093
4523.7	-0.02099
4522.8	-0.02081
4521.8	-0.0206
4520.8	-0.02053
4519.9	-0.02048
4518.9	-0.02023
4517.9	-0.01983
4517	-0.01946
4516	-0.01916
4515	-0.01887
4514.1	-0.01866
4513.1	-0.01879
4512.2	-0.01933
4511.2	-0.01998
4510.2	-0.0204
4509.3	-0.02046
4508.3	-0.02036
4507.3	-0.0202
4506.4	-0.02007
4505.4	-0.02011
4504.4	-0.02052
4503.5	-0.02119
4502.5	-0.02171
4501.5	-0.02173
4500.6	-0.02144
4499.6	-0.02124
4498.7	-0.02134
4497.7	-0.02155
4496.7	-0.02168
4495.8	-0.02173
4494.8	-0.02164
4493.8	-0.02131
4492.9	-0.02062
4491.9	-0.01983
4490.9	-0.01935
4490	-0.01941
4489	-0.01995
4488	-0.02056
4487.1	-0.02097
4486.1	-0.02099
4485.2	-0.02059
4484.2	-0.02004
4483.2	-0.01965
4482.3	-0.01953
4481.3	-0.01951
4480.3	-0.01951
4479.4	-0.01968
4478.4	-0.02013
4477.4	-0.02081
4476.5	-0.02144
4475.5	-0.0219
4474.5	-0.02226
4473.6	-0.02252
4472.6	-0.02246
4471.7	-0.02204
4470.7	-0.02149
4469.7	-0.02124
4468.8	-0.02133
4467.8	-0.02147
4466.8	-0.02136
4465.9	-0.02107
4464.9	-0.02098
4463.9	-0.02126
4463	-0.02184
4462	-0.02249
4461	-0.02297
4460.1	-0.02301
4459.1	-0.02253
4458.2	-0.02176
4457.2	-0.02116
4456.2	-0.0211
4455.3	-0.02145
4454.3	-0.0218
4453.3	-0.0218
4452.4	-0.02148
4451.4	-0.02114
4450.4	-0.02097
4449.5	-0.02097
4448.5	-0.02105
4447.5	-0.02114
4446.6	-0.02124
4445.6	-0.02136
4444.7	-0.02148
4443.7	-0.0215
4442.7	-0.0213
4441.8	-0.0208
4440.8	-0.02019
4439.8	-0.0199
4438.9	-0.02012
4437.9	-0.02058
4436.9	-0.02085
4436	-0.02061
4435	-0.02016
4434	-0.01993
4433.1	-0.02018
4432.1	-0.02078
4431.2	-0.02129
4430.2	-0.0214
4429.2	-0.02124
4428.3	-0.02116
4427.3	-0.0215
4426.3	-0.02203
4425.4	-0.02227
4424.4	-0.02197
4423.4	-0.02144
4422.5	-0.02109
4421.5	-0.02102
4420.5	-0.02099
4419.6	-0.02096
4418.6	-0.02112
4417.6	-0.02154
4416.7	-0.02194
4415.7	-0.02191
4414.8	-0.02155
4413.8	-0.02126
4412.8	-0.02125
4411.9	-0.02128
4410.9	-0.02105
4409.9	-0.0206
4409	-0.02027
4408	-0.02026
4407	-0.02036
4406.1	-0.02032
4405.1	-0.02016
4404.1	-0.02006
4403.2	-0.02018
4402.2	-0.02046
4401.3	-0.0207
4400.3	-0.02074
4399.3	-0.0206
4398.4	-0.0204
4397.4	-0.02028
4396.4	-0.02036
4395.5	-0.02062
4394.5	-0.02093
4393.5	-0.02113
4392.6	-0.02111
4391.6	-0.0209
4390.6	-0.02058
4389.7	-0.02023
4388.7	-0.01999
4387.8	-0.01996
4386.8	-0.02026
4385.8	-0.02079
4384.9	-0.02128
4383.9	-0.02135
4382.9	-0.02097
4382	-0.02035
4381	-0.01986
4380	-0.01972
4379.1	-0.01989
4378.1	-0.0203
4377.1	-0.02071
4376.2	-0.02094
4375.2	-0.02092
4374.3	-0.02067
4373.3	-0.02028
4372.3	-0.01982
4371.4	-0.01932
4370.4	-0.01893
4369.4	-0.01878
4368.5	-0.01887
4367.5	-0.0191
4366.5	-0.01937
4365.6	-0.01976
4364.6	-0.02021
4363.6	-0.02055
4362.7	-0.02069
4361.7	-0.02073
4360.8	-0.02085
4359.8	-0.02103
4358.8	-0.02096
4357.9	-0.02052
4356.9	-0.01992
4355.9	-0.01959
4355	-0.01979
4354	-0.02036
4353	-0.0209
4352.1	-0.02111
4351.1	-0.02098
4350.1	-0.02069
4349.2	-0.02049
4348.2	-0.02043
4347.3	-0.02042
4346.3	-0.02034
4345.3	-0.02021
4344.4	-0.02013
4343.4	-0.02016
4342.4	-0.02026
4341.5	-0.02033
4340.5	-0.02026
4339.5	-0.01998
4338.6	-0.01956
4337.6	-0.01926
4336.6	-0.01936
4335.7	-0.01979
4334.7	-0.02029
4333.8	-0.02054
4332.8	-0.02054
4331.8	-0.02051
4330.9	-0.02059
4329.9	-0.02066
4328.9	-0.02053
4328	-0.02012
4327	-0.01965
4326	-0.01951
4325.1	-0.01978
4324.1	-0.02016
4323.1	-0.02011
4322.2	-0.01956
4321.2	-0.01903
4320.2	-0.0191
4319.3	-0.01983
4318.3	-0.02052
4317.4	-0.02051
4316.4	-0.01983
4315.4	-0.01913
4314.5	-0.01899
4313.5	-0.01934
4312.5	-0.01972
4311.6	-0.01979
4310.6	-0.01968
4309.6	-0.01968
4308.7	-0.01986
4307.7	-0.02009
4306.7	-0.02012
4305.8	-0.01996
4304.8	-0.01971
4303.9	-0.01955
4302.9	-0.01956
4301.9	-0.01969
4301	-0.01969
4300	-0.01944
4299	-0.01902
4298.1	-0.01873
4297.1	-0.01877
4296.1	-0.01907
4295.2	-0.01931
4294.2	-0.01927
4293.2	-0.01905
4292.3	-0.01895
4291.3	-0.01909
4290.4	-0.01936
4289.4	-0.01947
4288.4	-0.01931
4287.5	-0.01909
4286.5	-0.0191
4285.5	-0.01941
4284.6	-0.01976
4283.6	-0.01985
4282.6	-0.01967
4281.7	-0.01943
4280.7	-0.01924
4279.7	-0.019
4278.8	-0.01858
4277.8	-0.0182
4276.9	-0.01811
4275.9	-0.01834
4274.9	-0.01866
4274	-0.01884
4273	-0.01887
4272	-0.01893
4271.1	-0.01911
4270.1	-0.01932
4269.1	-0.01948
4268.2	-0.01955
4267.2	-0.01948
4266.2	-0.01925
4265.3	-0.0189
4264.3	-0.01861
4263.4	-0.01852
4262.4	-0.01867
4261.4	-0.01889
4260.5	-0.01907
4259.5	-0.01913
4258.5	-0.0191
4257.6	-0.01908
4256.6	-0.01917
4255.6	-0.01942
4254.7	-0.01973
4253.7	-0.01991
4252.7	-0.01985
4251.8	-0.01965
4250.8	-0.01945
4249.9	-0.01923
4248.9	-0.01897
4247.9	-0.01873
4247	-0.0186
4246	-0.01865
4245	-0.01874
4244.1	-0.01881
4243.1	-0.01889
4242.1	-0.01911
4241.2	-0.01932
4240.2	-0.01935
4239.2	-0.01913
4238.3	-0.01896
4237.3	-0.01907
4236.4	-0.01936
4235.4	-0.01944
4234.4	-0.01913
4233.5	-0.01866
4232.5	-0.01842
4231.5	-0.01854
4230.6	-0.01875
4229.6	-0.01879
4228.6	-0.01859
4227.7	-0.01835
4226.7	-0.01824
4225.7	-0.01827
4224.8	-0.01836
4223.8	-0.01842
4222.9	-0.01848
4221.9	-0.01862
4220.9	-0.01893
4220	-0.0194
4219	-0.01986
4218	-0.02007
4217.1	-0.01989
4216.1	-0.01939
4215.1	-0.01885
4214.2	-0.01853
4213.2	-0.01852
4212.2	-0.01869
4211.3	-0.01894
4210.3	-0.01921
4209.3	-0.01946
4208.4	-0.01961
4207.4	-0.01956
4206.5	-0.01927
4205.5	-0.01884
4204.5	-0.01847
4203.6	-0.01839
4202.6	-0.01862
4201.6	-0.01895
4200.7	-0.0191
4199.7	-0.01894
4198.7	-0.01862
4197.8	-0.01844
4196.8	-0.01847
4195.8	-0.01867
4194.9	-0.01891
4193.9	-0.01914
4193	-0.01928
4192	-0.0194
4191	-0.01951
4190.1	-0.01965
4189.1	-0.01977
4188.1	-0.01972
4187.2	-0.01952
4186.2	-0.01934
4185.2	-0.01937
4184.3	-0.01961
4183.3	-0.01979
4182.3	-0.01972
4181.4	-0.0194
4180.4	-0.01903
4179.5	-0.01878
4178.5	-0.01862
4177.5	-0.01838
4176.6	-0.01809
4175.6	-0.01792
4174.6	-0.01795
4173.7	-0.0181
4172.7	-0.01821
4171.7	-0.01822
4170.8	-0.01828
4169.8	-0.01844
4168.8	-0.01865
4167.9	-0.01874
4166.9	-0.01871
4166	-0.01867
4165	-0.01863
4164	-0.01859
4163.1	-0.01854
4162.1	-0.01855
4161.1	-0.01851
4160.2	-0.01824
4159.2	-0.01776
4158.2	-0.01738
4157.3	-0.01742
4156.3	-0.0178
4155.3	-0.01812
4154.4	-0.01814
4153.4	-0.01802
4152.5	-0.01797
4151.5	-0.0181
4150.5	-0.0183
4149.6	-0.01844
4148.6	-0.01848
4147.6	-0.01843
4146.7	-0.01842
4145.7	-0.01845
4144.7	-0.01847
4143.8	-0.01837
4142.8	-0.01812
4141.8	-0.01791
4140.9	-0.01781
4139.9	-0.01771
4139	-0.01747
4138	-0.01711
4137	-0.01688
4136.1	-0.01687
4135.1	-0.01703
4134.1	-0.0173
4133.2	-0.01775
4132.2	-0.01833
4131.2	-0.01875
4130.3	-0.01875
4129.3	-0.0185
4128.3	-0.0184
4127.4	-0.01861
4126.4	-0.01883
4125.5	-0.01877
4124.5	-0.01857
4123.5	-0.01861
4122.6	-0.0189
4121.6	-0.01913
4120.6	-0.01897
4119.7	-0.0185
4118.7	-0.01806
4117.7	-0.01791
4116.8	-0.01807
4115.8	-0.01838
4114.8	-0.01867
4113.9	-0.01886
4112.9	-0.01893
4111.9	-0.01894
4111	-0.01893
4110	-0.01891
4109.1	-0.01882
4108.1	-0.01863
4107.1	-0.01839
4106.2	-0.01819
4105.2	-0.01809
4104.2	-0.01805
4103.3	-0.01809
4102.3	-0.01817
4101.3	-0.01824
4100.4	-0.01813
4099.4	-0.01786
4098.4	-0.01762
4097.5	-0.01758
4096.5	-0.01772
4095.6	-0.01783
4094.6	-0.01778
4093.6	-0.01768
4092.7	-0.0177
4091.7	-0.01785
4090.7	-0.01795
4089.8	-0.01794
4088.8	-0.01791
4087.8	-0.01797
4086.9	-0.01807
4085.9	-0.01808
4084.9	-0.01802
4084	-0.01798
4083	-0.01797
4082.1	-0.0179
4081.1	-0.01769
4080.1	-0.01746
4079.2	-0.01741
4078.2	-0.01757
4077.2	-0.01785
4076.3	-0.01814
4075.3	-0.01841
4074.3	-0.01863
4073.4	-0.01875
4072.4	-0.01866
4071.4	-0.01843
4070.5	-0.01821
4069.5	-0.0181
4068.6	-0.01809
4067.6	-0.0181
4066.6	-0.01817
4065.7	-0.0183
4064.7	-0.01842
4063.7	-0.01835
4062.8	-0.01806
4061.8	-0.0177
4060.8	-0.01746
4059.9	-0.01739
4058.9	-0.01741
4057.9	-0.01743
4057	-0.01752
4056	-0.0177
4055	-0.01791
4054.1	-0.01798
4053.1	-0.01789
4052.2	-0.01777
4051.2	-0.01775
4050.2	-0.01783
4049.3	-0.01795
4048.3	-0.0181
4047.3	-0.01832
4046.4	-0.01856
4045.4	-0.0187
4044.4	-0.01861
4043.5	-0.01837
4042.5	-0.0182
4041.5	-0.01822
4040.6	-0.01833
4039.6	-0.01837
4038.7	-0.01827
4037.7	-0.01807
4036.7	-0.01788
4035.8	-0.01773
4034.8	-0.01764
4033.8	-0.01767
4032.9	-0.01784
4031.9	-0.01806
4030.9	-0.01821
4030	-0.01824
4029	-0.01823
4028	-0.01822
4027.1	-0.01815
4026.1	-0.01793
4025.2	-0.01763
4024.2	-0.01745
4023.2	-0.01755
4022.3	-0.01786
4021.3	-0.01818
4020.3	-0.01827
4019.4	-0.01816
4018.4	-0.018
4017.4	-0.01795
4016.5	-0.01805
4015.5	-0.0182
4014.5	-0.01832
4013.6	-0.01835
4012.6	-0.01829
4011.7	-0.01811
4010.7	-0.01786
4009.7	-0.01758
4008.8	-0.0173
4007.8	-0.01708
4006.8	-0.01699
4005.9	-0.01709
4004.9	-0.01733
4003.9	-0.01761
4003	-0.0178
4002	-0.01795
4001	-0.01818
4000.1	-0.01847
3999.1	-0.01865
3998.2	-0.01849
3997.2	-0.01804
3996.2	-0.01761
3995.3	-0.01746
3994.3	-0.01762
3993.3	-0.01784
3992.4	-0.01789
3991.4	-0.01773
3990.4	-0.0175
3989.5	-0.01732
3988.5	-0.01714
3987.5	-0.01693
3986.6	-0.01675
3985.6	-0.01676
3984.7	-0.01705
3983.7	-0.01752
3982.7	-0.01794
3981.8	-0.01811
3980.8	-0.01802
3979.8	-0.01782
3978.9	-0.01772
3977.9	-0.01782
3976.9	-0.01801
3976	-0.01811
3975	-0.018
3974	-0.01775
3973.1	-0.0175
3972.1	-0.01732
3971.2	-0.0172
3970.2	-0.0171
3969.2	-0.01708
3968.3	-0.01718
3967.3	-0.01735
3966.3	-0.01748
3965.4	-0.01753
3964.4	-0.01755
3963.4	-0.01755
3962.5	-0.0175
3961.5	-0.01745
3960.5	-0.01747
3959.6	-0.01755
3958.6	-0.01758
3957.7	-0.01752
3956.7	-0.01747
3955.7	-0.01755
3954.8	-0.01767
3953.8	-0.01764
3952.8	-0.01746
3951.9	-0.01734
3950.9	-0.01742
3949.9	-0.01759
3949	-0.01765
3948	-0.01756
3947	-0.01746
3946.1	-0.01748
3945.1	-0.01764
3944.1	-0.01792
3943.2	-0.01827
3942.2	-0.01863
3941.3	-0.01882
3940.3	-0.01873
3939.3	-0.01842
3938.4	-0.01814
3937.4	-0.01805
3936.4	-0.01814
3935.5	-0.01827
3934.5	-0.01826
3933.5	-0.01812
3932.6	-0.01794
3931.6	-0.01782
3930.6	-0.01774
3929.7	-0.01763
3928.7	-0.01757
3927.8	-0.01772
3926.8	-0.01815
3925.8	-0.01859
3924.9	-0.01876
3923.9	-0.01859
3922.9	-0.01837
3922	-0.01835
3921	-0.01851
3920	-0.01864
3919.1	-0.01866
3918.1	-0.01868
3917.1	-0.01875
3916.2	-0.01871
3915.2	-0.01839
3914.3	-0.01792
3913.3	-0.01765
3912.3	-0.01782
3911.4	-0.01827
3910.4	-0.01866
3909.4	-0.01871
3908.5	-0.0185
3907.5	-0.01837
3906.5	-0.01862
3905.6	-0.01922
3904.6	-0.01981
3903.6	-0.02006
3902.7	-0.01993
3901.7	-0.01972
3900.8	-0.01968
3899.8	-0.01973
3898.8	-0.0196
3897.9	-0.01921
3896.9	-0.01876
3895.9	-0.01856
3895	-0.01869
3894	-0.01903
3893	-0.0194
3892.1	-0.01973
3891.1	-0.0199
3890.1	-0.01974
3889.2	-0.01934
3888.2	-0.01901
3887.3	-0.01911
3886.3	-0.01958
3885.3	-0.01998
3884.4	-0.01995
3883.4	-0.01963
3882.4	-0.01948
3881.5	-0.01976
3880.5	-0.02017
3879.5	-0.02028
3878.6	-0.01994
3877.6	-0.0195
3876.6	-0.01935
3875.7	-0.01954
3874.7	-0.01969
3873.8	-0.01959
3872.8	-0.01945
3871.8	-0.01969
3870.9	-0.02034
3869.9	-0.02092
3868.9	-0.02092
3868	-0.0204
3867	-0.01988
3866	-0.0197
3865.1	-0.01977
3864.1	-0.01975
3863.1	-0.01957
3862.2	-0.01933
3861.2	-0.01916
3860.3	-0.0191
3859.3	-0.01907
3858.3	-0.01912
3857.4	-0.0194
3856.4	-0.02008
3855.4	-0.02118
3854.5	-0.0224
3853.5	-0.02316
3852.5	-0.02304
3851.6	-0.02212
3850.6	-0.02091
3849.6	-0.01992
3848.7	-0.01935
3847.7	-0.0191
3846.7	-0.01907
3845.8	-0.0192
3844.8	-0.01943
3843.9	-0.01963
3842.9	-0.01965
3841.9	-0.01947
3841	-0.01937
3840	-0.0196
3839	-0.02011
3838.1	-0.0205
3837.1	-0.02036
3836.1	-0.0197
3835.2	-0.01903
3834.2	-0.01879
3833.2	-0.01902
3832.3	-0.01935
3831.3	-0.01949
3830.4	-0.01942
3829.4	-0.01935
3828.4	-0.01942
3827.5	-0.01953
3826.5	-0.01945
3825.5	-0.01915
3824.6	-0.01892
3823.6	-0.01919
3822.6	-0.02005
3821.7	-0.02091
3820.7	-0.02101
3819.7	-0.02021
3818.8	-0.01932
3817.8	-0.01916
3816.9	-0.01971
3815.9	-0.02021
3814.9	-0.02002
3814	-0.01931
3813	-0.01872
3812	-0.01854
3811.1	-0.0186
3810.1	-0.01874
3809.1	-0.01902
3808.2	-0.01949
3807.2	-0.01984
3806.2	-0.01973
3805.3	-0.01922
3804.3	-0.0189
3803.4	-0.01923
3802.4	-0.02007
3801.4	-0.02069
3800.5	-0.02051
3799.5	-0.01965
3798.5	-0.01877
3797.6	-0.01832
3796.6	-0.0183
3795.6	-0.0184
3794.7	-0.0184
3793.7	-0.0183
3792.7	-0.01818
3791.8	-0.01811
3790.8	-0.01806
3789.9	-0.01798
3788.9	-0.01788
3787.9	-0.01778
3787	-0.01779
3786	-0.0179
3785	-0.01801
3784.1	-0.01799
3783.1	-0.01784
3782.1	-0.01778
3781.2	-0.01803
3780.2	-0.0185
3779.2	-0.01883
3778.3	-0.01871
3777.3	-0.01821
3776.4	-0.01765
3775.4	-0.01732
3774.4	-0.01722
3773.5	-0.01731
3772.5	-0.01754
3771.5	-0.01781
3770.6	-0.01792
3769.6	-0.01776
3768.6	-0.01747
3767.7	-0.01729
3766.7	-0.01731
3765.7	-0.01736
3764.8	-0.01729
3763.8	-0.01721
3762.9	-0.01729
3761.9	-0.0175
3760.9	-0.01766
3760	-0.01767
3759	-0.01757
3758	-0.01734
3757.1	-0.01699
3756.1	-0.0167
3755.1	-0.01681
3754.2	-0.01747
3753.2	-0.01841
3752.2	-0.0192
3751.3	-0.01962
3750.3	-0.01965
3749.4	-0.01922
3748.4	-0.01841
3747.4	-0.01772
3746.5	-0.01774
3745.5	-0.01857
3744.5	-0.01942
3743.6	-0.0194
3742.6	-0.01842
3741.6	-0.01722
3740.7	-0.01648
3739.7	-0.01633
3738.7	-0.01663
3737.8	-0.01724
3736.8	-0.01795
3735.8	-0.01842
3734.9	-0.01833
3733.9	-0.01782
3733	-0.01726
3732	-0.01678
3731	-0.01624
3730.1	-0.01559
3729.1	-0.01507
3728.1	-0.01494
3727.2	-0.0151
3726.2	-0.01524
3725.2	-0.01522
3724.3	-0.01516
3723.3	-0.01524
3722.3	-0.01538
3721.4	-0.01533
3720.4	-0.01498
3719.5	-0.01449
3718.5	-0.01412
3717.5	-0.01398
3716.6	-0.014
3715.6	-0.01413
3714.6	-0.01446
3713.7	-0.01503
3712.7	-0.01569
3711.7	-0.01603
3710.8	-0.01576
3709.8	-0.01497
3708.8	-0.01409
3707.9	-0.01344
3706.9	-0.01308
3706	-0.0128
3705	-0.01254
3704	-0.01236
3703.1	-0.01238
3702.1	-0.01241
3701.1	-0.01217
3700.2	-0.01159
3699.2	-0.01099
3698.2	-0.01066
3697.3	-0.01058
3696.3	-0.01047
3695.3	-0.01019
3694.4	-0.00989
3693.4	-0.00977
3692.5	-0.00987
3691.5	-0.01015
3690.5	-0.01062
3689.6	-0.01118
3688.6	-0.01148
3687.6	-0.01109
3686.7	-0.01004
3685.7	-0.00882
3684.7	-0.00786
3683.8	-0.00717
3682.8	-0.00654
3681.8	-0.0059
3680.9	-0.00535
3679.9	-0.00498
3679	-0.00475
3678	-0.00466
3677	-0.00468
3676.1	-0.00452
3675.1	-0.00373
3674.1	-0.00222
3673.2	-5.03E-4
3672.2	7.904E-4
3671.2	0.00152
3670.3	0.00219
3669.3	0.00331
3668.3	0.00489
3667.4	0.00653
3666.4	0.00795
3665.5	0.00912
3664.5	0.01017
3663.5	0.01118
3662.6	0.01224
3661.6	0.01338
3660.6	0.01461
3659.7	0.01572
3658.7	0.01654
3657.7	0.01713
3656.8	0.01787
3655.8	0.01912
3654.8	0.02088
3653.9	0.02265
3652.9	0.02386
3652	0.0244
3651	0.02466
3650	0.02526
3649.1	0.02646
3648.1	0.02811
3647.1	0.02982
3646.2	0.03146
3645.2	0.03305
3644.2	0.03468
3643.3	0.03633
3642.3	0.03797
3641.3	0.03954
3640.4	0.04093
3639.4	0.04213
3638.4	0.04318
3637.5	0.04419
3636.5	0.04513
3635.6	0.04594
3634.6	0.04667
3633.6	0.04749
3632.7	0.04841
3631.7	0.04912
3630.7	0.04924
3629.8	0.04889
3628.8	0.04872
3627.8	0.04933
3626.9	0.05061
3625.9	0.05193
3624.9	0.05285
3624	0.05339
3623	0.05371
3622.1	0.0538
3621.1	0.05355
3620.1	0.05319
3619.2	0.0531
3618.2	0.05353
3617.2	0.0542
3616.3	0.05467
3615.3	0.05479
3614.3	0.05475
3613.4	0.05479
3612.4	0.05494
3611.4	0.05505
3610.5	0.05512
3609.5	0.05525
3608.6	0.05555
3607.6	0.05602
3606.6	0.05656
3605.7	0.05711
3604.7	0.05766
3603.7	0.05819
3602.8	0.05867
3601.8	0.05919
3600.8	0.05982
3599.9	0.06062
3598.9	0.06138
3597.9	0.06194
3597	0.06232
3596	0.06274
3595.1	0.06345
3594.1	0.06451
3593.1	0.06578
3592.2	0.06705
3591.2	0.06826
3590.2	0.0694
3589.3	0.07049
3588.3	0.07158
3587.3	0.07271
3586.4	0.07397
3585.4	0.07547
3584.4	0.07724
3583.5	0.07915
3582.5	0.08102
3581.6	0.08274
3580.6	0.08443
3579.6	0.08626
3578.7	0.08825
3577.7	0.09022
3576.7	0.09207
3575.8	0.09388
3574.8	0.09575
3573.8	0.09772
3572.9	0.09971
3571.9	0.10168
3570.9	0.10371
3570	0.10582
3569	0.108
3568.1	0.11027
3567.1	0.11271
3566.1	0.11531
3565.2	0.11795
3564.2	0.12051
3563.2	0.12302
3562.3	0.12565
3561.3	0.12849
3560.3	0.13145
3559.4	0.13439
3558.4	0.13719
3557.4	0.13989
3556.5	0.1426
3555.5	0.14542
3554.6	0.14847
3553.6	0.15168
3552.6	0.15484
3551.7	0.15776
3550.7	0.16054
3549.7	0.16344
3548.8	0.16663
3547.8	0.17005
3546.8	0.17353
3545.9	0.17697
3544.9	0.18036
3543.9	0.18372
3543	0.18712
3542	0.19065
3541.1	0.1944
3540.1	0.19819
3539.1	0.20189
3538.2	0.2055
3537.2	0.20927
3536.2	0.21337
3535.3	0.21764
3534.3	0.22175
3533.3	0.22567
3532.4	0.22957
3531.4	0.23377
3530.4	0.23821
3529.5	0.24267
3528.5	0.24698
3527.5	0.2512
3526.6	0.25552
3525.6	0.25997
3524.7	0.26448
3523.7	0.26899
3522.7	0.27351
3521.8	0.27811
3520.8	0.28276
3519.8	0.28751
3518.9	0.29234
3517.9	0.29724
3516.9	0.30215
3516	0.30702
3515	0.31185
3514	0.3167
3513.1	0.32163
3512.1	0.32661
3511.2	0.33146
3510.2	0.33615
3509.2	0.34084
3508.3	0.3458
3507.3	0.35117
3506.3	0.35688
3505.4	0.36269
3504.4	0.36846
3503.4	0.37412
3502.5	0.37967
3501.5	0.38501
3500.5	0.39028
3499.6	0.39572
3498.6	0.40161
3497.7	0.40795
3496.7	0.41438
3495.7	0.42054
3494.8	0.42631
3493.8	0.43185
3492.8	0.43748
3491.9	0.44339
3490.9	0.44968
3489.9	0.45632
3489	0.46312
3488	0.46983
3487	0.4763
3486.1	0.48261
3485.1	0.48908
3484.2	0.49596
3483.2	0.50316
3482.2	0.51028
3481.3	0.51691
3480.3	0.52302
3479.3	0.52905
3478.4	0.53551
3477.4	0.54249
3476.4	0.54942
3475.5	0.55582
3474.5	0.56178
3473.5	0.56799
3472.6	0.57489
3471.6	0.58225
3470.7	0.58941
3469.7	0.59625
3468.7	0.60292
3467.8	0.60949
3466.8	0.61575
3465.8	0.62176
3464.9	0.62811
3463.9	0.63524
3462.9	0.64282
3462	0.65005
3461	0.65661
3460	0.66306
3459.1	0.67007
3458.1	0.67758
3457.2	0.6848
3456.2	0.69135
3455.2	0.69728
3454.3	0.70345
3453.3	0.70993
3452.3	0.71646
3451.4	0.72262
3450.4	0.72837
3449.4	0.73404
3448.5	0.73987
3447.5	0.74572
3446.5	0.75137
3445.6	0.75679
3444.6	0.76247
3443.7	0.76885
3442.7	0.77584
3441.7	0.78253
3440.8	0.78824
3439.8	0.79309
3438.8	0.79818
3437.9	0.8036
3436.9	0.80876
3435.9	0.81304
3435	0.81702
3434	0.82173
3433	0.82749
3432.1	0.83347
3431.1	0.83896
3430.2	0.84378
3429.2	0.84846
3428.2	0.85311
3427.3	0.85754
3426.3	0.8615
3425.3	0.86527
3424.4	0.869
3423.4	0.87322
3422.4	0.87806
3421.5	0.88347
3420.5	0.88898
3419.5	0.89377
3418.6	0.89701
3417.6	0.89911
3416.6	0.90114
3415.7	0.90434
3414.7	0.90872
3413.8	0.91335
3412.8	0.91703
3411.8	0.91981
3410.9	0.92251
3409.9	0.92615
3408.9	0.93061
3408	0.93515
3407	0.93886
3406	0.94153
3405.1	0.9439
3404.1	0.9468
3403.1	0.9504
3402.2	0.95419
3401.2	0.95761
3400.3	0.96049
3399.3	0.96323
3398.3	0.96631
3397.4	0.97003
3396.4	0.97422
3395.4	0.97796
3394.5	0.98011
3393.5	0.98023
3392.5	0.97957
3391.6	0.97988
3390.6	0.98212
3389.6	0.98563
3388.7	0.98894
3387.7	0.99132
3386.8	0.99343
3385.8	0.99586
3384.8	0.9985
3383.9	1.0006
3382.9	1.0023
3381.9	1.0043
3381	1.0072
3380	1.011
3379	1.0148
3378.1	1.0179
3377.1	1.0205
3376.1	1.0228
3375.2	1.025
3374.2	1.0267
3373.3	1.028
3372.3	1.0288
3371.3	1.0295
3370.4	1.0306
3369.4	1.0322
3368.4	1.0339
3367.5	1.0352
3366.5	1.0362
3365.5	1.0375
3364.6	1.0391
3363.6	1.0407
3362.6	1.0422
3361.7	1.0439
3360.7	1.0456
3359.8	1.0471
3358.8	1.0485
3357.8	1.0499
3356.9	1.0519
3355.9	1.054
3354.9	1.0556
3354	1.0562
3353	1.056
3352	1.056
3351.1	1.0566
3350.1	1.0581
3349.1	1.0605
3348.2	1.0636
3347.2	1.0665
3346.3	1.0691
3345.3	1.0711
3344.3	1.0733
3343.4	1.0757
3342.4	1.0775
3341.4	1.0775
3340.5	1.0758
3339.5	1.0736
3338.5	1.0725
3337.6	1.0728
3336.6	1.0739
3335.6	1.0754
3334.7	1.0779
3333.7	1.0806
3332.8	1.0822
3331.8	1.0819
3330.8	1.0804
3329.9	1.0799
3328.9	1.0814
3327.9	1.084
3327	1.0856
3326	1.0855
3325	1.0848
3324.1	1.085
3323.1	1.0864
3322.1	1.0886
3321.2	1.091
3320.2	1.0931
3319.2	1.0945
3318.3	1.0946
3317.3	1.0939
3316.4	1.0934
3315.4	1.0936
3314.4	1.0942
3313.5	1.0944
3312.5	1.0939
3311.5	1.0938
3310.6	1.0949
3309.6	1.0971
3308.6	1.0991
3307.7	1.0998
3306.7	1.0997
3305.7	1.1
3304.8	1.1011
3303.8	1.1019
3302.9	1.101
3301.9	1.0987
3300.9	1.0971
3300	1.097
3299	1.098
3298	1.0989
3297.1	1.0994
3296.1	1.0999
3295.1	1.1006
3294.2	1.101
3293.2	1.1009
3292.2	1.1007
3291.3	1.1009
3290.3	1.1014
3289.4	1.1018
3288.4	1.1015
3287.4	1.1007
3286.5	1.0997
3285.5	1.1001
3284.5	1.1018
3283.6	1.1044
3282.6	1.1068
3281.6	1.1078
3280.7	1.1071
3279.7	1.105
3278.7	1.1025
3277.8	1.1001
3276.8	1.098
3275.9	1.0966
3274.9	1.0961
3273.9	1.0968
3273	1.0977
3272	1.0981
3271	1.0974
3270.1	1.0971
3269.1	1.0974
3268.1	1.0989
3267.2	1.1004
3266.2	1.1002
3265.2	1.098
3264.3	1.0955
3263.3	1.0951
3262.4	1.0974
3261.4	1.101
3260.4	1.1042
3259.5	1.1059
3258.5	1.1062
3257.5	1.1051
3256.6	1.103
3255.6	1.1007
3254.6	1.1007
3253.7	1.1011
3252.7	1.1011
3251.7	1.1004
3250.8	1.1003
3249.8	1.1016
3248.9	1.1033
3247.9	1.1038
3246.9	1.1031
3246	1.1031
3245	1.105
3244	1.1077
3243.1	1.1086
3242.1	1.1068
3241.1	1.1038
3240.2	1.1012
3239.2	1.1005
3238.2	1.1003
3237.3	1.1005
3236.3	1.1015
3235.4	1.1032
3234.4	1.1046
3233.4	1.1049
3232.5	1.1039
3231.5	1.1032
3230.5	1.1033
3229.6	1.1046
3228.6	1.1065
3227.6	1.108
3226.7	1.1088
3225.7	1.1093
3224.7	1.1103
3223.8	1.1126
3222.8	1.1148
3221.9	1.1156
3220.9	1.1143
3219.9	1.1116
3219	1.1092
3218	1.1083
3217	1.1089
3216.1	1.1103
3215.1	1.1114
3214.1	1.1119
3213.2	1.1118
3212.2	1.1115
3211.2	1.1112
3210.3	1.1106
3209.3	1.1089
3208.3	1.1062
3207.4	1.1029
3206.4	1.1002
3205.5	1.0989
3204.5	1.099
3203.5	1.1002
3202.6	1.1017
3201.6	1.1024
3200.6	1.1012
3199.7	1.0983
3198.7	1.095
3197.7	1.0931
3196.8	1.0935
3195.8	1.0958
3194.8	1.0979
3193.9	1.0984
3192.9	1.0968
3192	1.0942
3191	1.0911
3190	1.0882
3189.1	1.0858
3188.1	1.0843
3187.1	1.0837
3186.2	1.0829
3185.2	1.081
3184.2	1.0784
3183.3	1.0764
3182.3	1.0754
3181.3	1.0744
3180.4	1.0723
3179.4	1.069
3178.5	1.0662
3177.5	1.0641
3176.5	1.0623
3175.6	1.0591
3174.6	1.0546
3173.6	1.0501
3172.7	1.0469
3171.7	1.0445
3170.7	1.0415
3169.8	1.037
3168.8	1.0318
3167.8	1.0274
3166.9	1.0243
3165.9	1.0215
3165	1.0182
3164	1.014
3163	1.0093
3162.1	1.0044
3161.1	0.99998
3160.1	0.99582
3159.2	0.99214
3158.2	0.98868
3157.2	0.9848
3156.3	0.98003
3155.3	0.97457
3154.3	0.96945
3153.4	0.96547
3152.4	0.96214
3151.5	0.95822
3150.5	0.95302
3149.5	0.94712
3148.6	0.94156
3147.6	0.93655
3146.6	0.93115
3145.7	0.92512
3144.7	0.91877
3143.7	0.91269
3142.8	0.90692
3141.8	0.90096
3140.8	0.89435
3139.9	0.88755
3138.9	0.88098
3138	0.87473
3137	0.86841
3136	0.86192
3135.1	0.85547
3134.1	0.84924
3133.1	0.84284
3132.2	0.83582
3131.2	0.828
3130.2	0.81996
3129.3	0.81206
3128.3	0.80451
3127.3	0.79753
3126.4	0.79111
3125.4	0.7849
3124.5	0.77842
3123.5	0.77137
3122.5	0.76396
3121.6	0.75655
3120.6	0.74919
3119.6	0.74161
3118.7	0.73372
3117.7	0.72572
3116.7	0.71796
3115.8	0.71036
3114.8	0.70285
3113.8	0.69502
3112.9	0.68687
3111.9	0.67881
3111	0.6712
3110	0.66368
3109	0.65582
3108.1	0.64748
3107.1	0.63922
3106.1	0.6316
3105.2	0.62444
3104.2	0.61713
3103.2	0.60931
3102.3	0.6012
3101.3	0.59321
3100.3	0.58518
3099.4	0.57695
3098.4	0.56851
3097.4	0.56017
3096.5	0.55213
3095.5	0.5443
3094.6	0.53639
3093.6	0.52832
3092.6	0.52022
3091.7	0.51223
3090.7	0.50445
3089.7	0.49688
3088.8	0.48941
3087.8	0.48183
3086.8	0.47397
3085.9	0.4659
3084.9	0.4578
3083.9	0.45
3083	0.44243
3082	0.43494
3081.1	0.42752
3080.1	0.42021
3079.1	0.41291
3078.2	0.40553
3077.2	0.39816
3076.2	0.391
3075.3	0.38412
3074.3	0.37734
3073.3	0.37053
3072.4	0.36374
3071.4	0.35717
3070.4	0.35085
3069.5	0.34446
3068.5	0.3379
3067.6	0.33117
3066.6	0.32445
3065.6	0.31801
3064.7	0.31187
3063.7	0.30593
3062.7	0.30006
3061.8	0.29422
3060.8	0.28847
3059.8	0.28285
3058.9	0.27735
3057.9	0.27191
3056.9	0.2665
3056	0.26113
3055	0.25584
3054.1	0.25058
3053.1	0.2455
3052.1	0.24063
3051.2	0.23602
3050.2	0.23167
3049.2	0.22748
3048.3	0.2233
3047.3	0.21902
3046.3	0.21467
3045.4	0.21033
3044.4	0.20608
3043.4	0.20192
3042.5	0.19781
3041.5	0.19382
3040.6	0.19001
3039.6	0.18642
3038.6	0.1829
3037.7	0.17947
3036.7	0.17605
3035.7	0.17264
3034.8	0.16924
3033.8	0.16589
3032.8	0.16264
3031.9	0.15954
3030.9	0.15659
3029.9	0.15378
3029	0.1511
3028	0.14855
3027.1	0.1461
3026.1	0.14367
3025.1	0.14114
3024.2	0.13851
3023.2	0.13576
3022.2	0.13307
3021.3	0.13049
3020.3	0.12809
3019.3	0.12597
3018.4	0.12404
3017.4	0.12215
3016.4	0.12013
3015.5	0.11798
3014.5	0.11585
3013.6	0.11385
3012.6	0.11193
3011.6	0.11003
3010.7	0.1082
3009.7	0.10657
3008.7	0.10513
3007.8	0.10372
3006.8	0.10231
3005.8	0.10082
3004.9	0.09929
3003.9	0.09766
3002.9	0.09595
3002	0.09426
3001	0.09273
3000	0.0914
2999.1	0.09014
2998.1	0.08879
2997.2	0.08738
2996.2	0.08602
2995.2	0.08482
2994.3	0.08375
2993.3	0.08268
2992.3	0.08148
2991.4	0.08022
2990.4	0.07901
2989.4	0.07793
2988.5	0.07697
2987.5	0.07604
2986.5	0.07507
2985.6	0.07408
2984.6	0.07311
2983.7	0.07216
2982.7	0.07123
2981.7	0.07031
2980.8	0.06947
2979.8	0.06879
2978.8	0.06821
2977.9	0.06763
2976.9	0.06685
2975.9	0.0659
2975	0.06485
2974	0.06387
2973	0.06306
2972.1	0.06239
2971.1	0.06175
2970.2	0.06111
2969.2	0.06046
2968.2	0.05987
2967.3	0.05929
2966.3	0.05867
2965.3	0.05799
2964.4	0.05732
2963.4	0.0567
2962.4	0.05612
2961.5	0.05555
2960.5	0.05504
2959.5	0.05455
2958.6	0.05404
2957.6	0.05349
2956.7	0.05291
2955.7	0.05239
2954.7	0.05196
2953.8	0.05155
2952.8	0.05105
2951.8	0.05048
2950.9	0.0499
2949.9	0.04939
2948.9	0.04893
2948	0.04849
2947	0.04807
2946	0.04769
2945.1	0.04741
2944.1	0.04717
2943.2	0.0469
2942.2	0.04654
2941.2	0.04612
2940.3	0.04575
2939.3	0.04545
2938.3	0.04518
2937.4	0.04488
2936.4	0.04453
2935.4	0.04417
2934.5	0.04388
2933.5	0.04364
2932.5	0.04339
2931.6	0.04311
2930.6	0.04282
2929.7	0.04257
2928.7	0.04233
2927.7	0.04205
2926.8	0.0417
2925.8	0.04131
2924.8	0.04092
2923.9	0.04057
2922.9	0.04028
2921.9	0.04005
2921	0.03983
2920	0.03961
2919	0.03943
2918.1	0.03934
2917.1	0.03926
2916.2	0.0391
2915.2	0.03879
2914.2	0.03838
2913.3	0.03802
2912.3	0.03776
2911.3	0.03758
2910.4	0.03739
2909.4	0.03712
2908.4	0.03682
2907.5	0.03657
2906.5	0.03645
2905.5	0.03642
2904.6	0.03634
2903.6	0.03614
2902.6	0.03587
2901.7	0.03563
2900.7	0.03543
2899.8	0.03523
2898.8	0.03502
2897.8	0.03483
2896.9	0.03472
2895.9	0.03463
2894.9	0.03446
2894	0.03421
2893	0.03397
2892	0.03382
2891.1	0.03372
2890.1	0.03362
2889.1	0.03348
2888.2	0.03334
2887.2	0.03321
2886.3	0.03309
2885.3	0.03295
2884.3	0.03283
2883.4	0.03275
2882.4	0.03268
2881.4	0.03255
2880.5	0.03238
2879.5	0.03224
2878.5	0.03216
2877.6	0.0321
2876.6	0.03199
2875.6	0.03183
2874.7	0.03171
2873.7	0.0317
2872.8	0.03169
2871.8	0.0316
2870.8	0.03142
2869.9	0.0313
2868.9	0.03128
2867.9	0.0313
2867	0.03126
2866	0.03111
2865	0.03094
2864.1	0.03082
2863.1	0.03072
2862.1	0.03064
2861.2	0.03061
2860.2	0.03067
2859.3	0.03078
2858.3	0.03083
2857.3	0.03075
2856.4	0.03059
2855.4	0.03044
2854.4	0.03032
2853.5	0.03021
2852.5	0.03007
2851.5	0.02993
2850.6	0.02985
2849.6	0.02983
2848.6	0.02982
2847.7	0.02973
2846.7	0.02951
2845.8	0.02926
2844.8	0.0291
2843.8	0.0291
2842.9	0.02923
2841.9	0.02934
2840.9	0.02934
2840	0.02926
2839	0.02923
2838	0.02928
2837.1	0.02934
2836.1	0.02929
2835.1	0.02912
2834.2	0.02897
2833.2	0.02895
2832.3	0.02902
2831.3	0.02904
2830.3	0.02891
2829.4	0.02867
2828.4	0.02846
2827.4	0.02836
2826.5	0.02833
2825.5	0.02834
2824.5	0.02835
2823.6	0.02836
2822.6	0.02836
2821.6	0.02832
2820.7	0.02825
2819.7	0.02817
2818.8	0.0281
2817.8	0.02803
2816.8	0.02796
2815.9	0.02785
2814.9	0.02775
2813.9	0.02768
2813	0.02768
2812	0.02771
2811	0.02771
2810.1	0.02762
2809.1	0.02744
2808.1	0.02728
2807.2	0.0272
2806.2	0.02722
2805.3	0.0273
2804.3	0.02736
2803.3	0.02736
2802.4	0.02729
2801.4	0.02724
2800.4	0.02724
2799.5	0.02729
2798.5	0.02732
2797.5	0.0273
2796.6	0.02723
2795.6	0.02715
2794.6	0.02706
2793.7	0.02698
2792.7	0.02695
2791.7	0.027
2790.8	0.02709
2789.8	0.0271
2788.9	0.02699
2787.9	0.02684
2786.9	0.02679
2786	0.02684
2785	0.02687
2784	0.02682
2783.1	0.02678
2782.1	0.02687
2781.1	0.02709
2780.2	0.02727
2779.2	0.02731
2778.2	0.02722
2777.3	0.02712
2776.3	0.02704
2775.4	0.02695
2774.4	0.02683
2773.4	0.02669
2772.5	0.02661
2771.5	0.02662
2770.5	0.0267
2769.6	0.0268
2768.6	0.0269
2767.6	0.02692
2766.7	0.02685
2765.7	0.0267
2764.7	0.02656
2763.8	0.02649
2762.8	0.02651
2761.9	0.02657
2760.9	0.02662
2759.9	0.02665
2759	0.02666
2758	0.02663
2757	0.02659
2756.1	0.0266
2755.1	0.02668
2754.1	0.02682
2753.2	0.02697
2752.2	0.02704
2751.2	0.02702
2750.3	0.02694
2749.3	0.02686
2748.4	0.0268
2747.4	0.02673
2746.4	0.02666
2745.5	0.02662
2744.5	0.02663
2743.5	0.02671
2742.6	0.02683
2741.6	0.02693
2740.6	0.027
2739.7	0.02703
2738.7	0.02704
2737.7	0.02702
2736.8	0.02696
2735.8	0.02687
2734.9	0.0268
2733.9	0.02679
2732.9	0.02683
2732	0.0269
2731	0.02691
2730	0.02688
2729.1	0.02687
2728.1	0.02691
2727.1	0.02696
2726.2	0.02692
2725.2	0.02676
2724.2	0.02659
2723.3	0.02654
2722.3	0.02664
2721.4	0.02683
2720.4	0.02697
2719.4	0.02701
2718.5	0.02697
2717.5	0.02691
2716.5	0.02688
2715.6	0.02691
2714.6	0.02698
2713.6	0.02707
2712.7	0.02712
2711.7	0.02714
2710.7	0.02714
2709.8	0.02712
2708.8	0.02709
2707.9	0.02707
2706.9	0.02705
2705.9	0.02704
2705	0.027
2704	0.02695
2703	0.02692
2702.1	0.02694
2701.1	0.027
2700.1	0.02704
2699.2	0.02707
2698.2	0.0271
2697.2	0.02714
2696.3	0.02716
2695.3	0.02714
2694.4	0.02708
2693.4	0.02704
2692.4	0.02704
2691.5	0.02707
2690.5	0.02711
2689.5	0.02719
2688.6	0.02726
2687.6	0.0273
2686.6	0.02729
2685.7	0.02726
2684.7	0.02726
2683.7	0.02732
2682.8	0.02741
2681.8	0.02748
2680.8	0.02751
2679.9	0.02751
2678.9	0.02751
2678	0.02754
2677	0.02757
2676	0.02757
2675.1	0.0275
2674.1	0.0274
2673.1	0.02734
2672.2	0.02741
2671.2	0.02758
2670.2	0.02778
2669.3	0.02788
2668.3	0.02787
2667.3	0.02782
2666.4	0.02782
2665.4	0.02791
2664.5	0.02801
2663.5	0.02806
2662.5	0.02804
2661.6	0.02802
2660.6	0.02805
2659.6	0.02815
2658.7	0.0283
2657.7	0.02842
2656.7	0.02845
2655.8	0.0284
2654.8	0.02832
2653.8	0.02826
2652.9	0.02824
2651.9	0.02824
2651	0.02829
2650	0.02838
2649	0.02853
2648.1	0.02866
2647.1	0.0287
2646.1	0.02865
2645.2	0.0286
2644.2	0.02862
2643.2	0.02874
2642.3	0.0289
2641.3	0.02907
2640.3	0.0292
2639.4	0.02924
2638.4	0.02917
2637.5	0.02904
2636.5	0.02895
2635.5	0.02894
2634.6	0.02899
2633.6	0.02907
2632.6	0.02914
2631.7	0.02924
2630.7	0.02936
2629.7	0.0295
2628.8	0.0296
2627.8	0.02967
2626.8	0.0297
2625.9	0.02975
2624.9	0.02982
2624	0.02991
2623	0.03001
2622	0.0301
2621.1	0.03019
2620.1	0.03029
2619.1	0.03039
2618.2	0.03047
2617.2	0.03053
2616.2	0.03059
2615.3	0.03065
2614.3	0.0307
2613.3	0.03076
2612.4	0.03084
2611.4	0.03094
2610.5	0.03101
2609.5	0.03102
2608.5	0.03099
2607.6	0.03103
2606.6	0.03115
2605.6	0.03128
2604.7	0.03132
2603.7	0.03128
2602.7	0.03126
2601.8	0.03133
2600.8	0.03147
2599.8	0.03157
2598.9	0.03158
2597.9	0.03155
2597	0.03155
2596	0.03162
2595	0.03174
2594.1	0.03186
2593.1	0.03196
2592.1	0.03205
2591.2	0.03214
2590.2	0.03224
2589.2	0.03232
2588.3	0.03237
2587.3	0.03238
2586.3	0.03238
2585.4	0.0324
2584.4	0.03244
2583.4	0.03251
2582.5	0.0326
2581.5	0.03271
2580.6	0.03286
2579.6	0.03299
2578.6	0.03308
2577.7	0.03311
2576.7	0.0331
2575.7	0.03308
2574.8	0.03304
2573.8	0.03302
2572.8	0.03304
2571.9	0.03317
2570.9	0.03335
2569.9	0.03349
2569	0.03352
2568	0.0335
2567.1	0.03352
2566.1	0.03365
2565.1	0.03383
2564.2	0.03396
2563.2	0.03402
2562.2	0.03403
2561.3	0.03403
2560.3	0.03404
2559.3	0.03406
2558.4	0.0341
2557.4	0.03416
2556.4	0.03422
2555.5	0.03428
2554.5	0.03434
2553.6	0.03444
2552.6	0.03456
2551.6	0.03465
2550.7	0.03468
2549.7	0.03468
2548.7	0.03471
2547.8	0.03481
2546.8	0.03492
2545.8	0.03501
2544.9	0.03509
2543.9	0.0352
2542.9	0.03534
2542	0.03547
2541	0.03556
2540.1	0.0356
2539.1	0.03561
2538.1	0.03561
2537.2	0.03563
2536.2	0.03567
2535.2	0.03573
2534.3	0.03582
2533.3	0.03591
2532.3	0.036
2531.4	0.03608
2530.4	0.03617
2529.4	0.03625
2528.5	0.03633
2527.5	0.03639
2526.6	0.03646
2525.6	0.03654
2524.6	0.03665
2523.7	0.03678
2522.7	0.03688
2521.7	0.03692
2520.8	0.03692
2519.8	0.03696
2518.8	0.03707
2517.9	0.0372
2516.9	0.03728
2515.9	0.0373
2515	0.03727
2514	0.03726
2513.1	0.03729
2512.1	0.03739
2511.1	0.03755
2510.2	0.03774
2509.2	0.03789
2508.2	0.03798
2507.3	0.03798
2506.3	0.03795
2505.3	0.03792
2504.4	0.03792
2503.4	0.03798
2502.4	0.03808
2501.5	0.03822
2500.5	0.03836
2499.6	0.03846
2498.6	0.03852
2497.6	0.03857
2496.7	0.03865
2495.7	0.03875
2494.7	0.03886
2493.8	0.03893
2492.8	0.03897
2491.8	0.039
2490.9	0.03905
2489.9	0.03914
2488.9	0.03929
2488	0.03945
2487	0.03959
2486.1	0.03965
2485.1	0.03965
2484.1	0.03965
2483.2	0.03972
2482.2	0.03986
2481.2	0.04002
2480.3	0.04012
2479.3	0.04016
2478.3	0.04022
2477.4	0.04033
2476.4	0.04044
2475.4	0.04049
2474.5	0.04049
2473.5	0.0405
2472.5	0.04061
2471.6	0.04077
2470.6	0.04092
2469.7	0.04099
2468.7	0.04102
2467.7	0.04103
2466.8	0.04104
2465.8	0.04108
2464.8	0.04115
2463.9	0.04129
2462.9	0.04148
2461.9	0.04167
2461	0.04182
2460	0.0419
2459	0.04192
2458.1	0.04189
2457.1	0.04187
2456.2	0.0419
2455.2	0.04199
2454.2	0.04214
2453.3	0.04232
2452.3	0.04249
2451.3	0.04263
2450.4	0.04272
2449.4	0.04278
2448.4	0.0428
2447.5	0.04279
2446.5	0.04281
2445.5	0.04286
2444.6	0.04297
2443.6	0.0431
2442.7	0.04318
2441.7	0.04323
2440.7	0.04329
2439.8	0.04343
2438.8	0.04362
2437.8	0.0438
2436.9	0.04392
2435.9	0.04398
2434.9	0.04404
2434	0.04409
2433	0.04414
2432	0.04419
2431.1	0.04428
2430.1	0.0444
2429.2	0.04453
2428.2	0.04463
2427.2	0.04472
2426.3	0.04481
2425.3	0.04494
2424.3	0.04506
2423.4	0.04513
2422.4	0.04517
2421.4	0.04523
2420.5	0.04533
2419.5	0.04544
2418.5	0.04552
2417.6	0.04554
2416.6	0.04557
2415.7	0.04566
2414.7	0.04581
2413.7	0.04599
2412.8	0.04612
2411.8	0.04622
2410.8	0.04629
2409.9	0.04635
2408.9	0.04638
2407.9	0.04639
2407	0.04641
2406	0.0465
2405	0.04669
2404.1	0.04692
2403.1	0.04712
2402.2	0.04723
2401.2	0.04724
2400.2	0.04721
2399.3	0.04725
2398.3	0.04738
2397.3	0.04757
2396.4	0.04774
2395.4	0.04785
2394.4	0.04792
2393.5	0.04798
2392.5	0.04806
2391.5	0.04816
2390.6	0.04829
2389.6	0.04841
2388.7	0.04854
2387.7	0.04865
2386.7	0.04872
2385.8	0.04877
2384.8	0.04882
2383.8	0.04889
2382.9	0.04899
2381.9	0.04911
2380.9	0.04922
2380	0.04934
2379	0.04947
2378	0.04961
2377.1	0.04976
2376.1	0.04987
2375.2	0.04998
2374.2	0.0501
2373.2	0.05024
2372.3	0.0504
2371.3	0.05054
2370.3	0.05067
2369.4	0.0508
2368.4	0.05094
2367.4	0.05109
2366.5	0.05126
2365.5	0.05143
2364.5	0.05158
2363.6	0.05169
2362.6	0.05176
2361.6	0.05181
2360.7	0.05189
2359.7	0.05202
2358.8	0.05219
2357.8	0.05234
2356.8	0.05246
2355.9	0.05255
2354.9	0.05266
2353.9	0.05278
2353	0.05291
2352	0.05304
2351	0.05318
2350.1	0.05337
2349.1	0.05364
2348.1	0.054
2347.2	0.05444
2346.2	0.05496
2345.3	0.05552
2344.3	0.05605
2343.3	0.05647
2342.4	0.0567
2341.4	0.05672
2340.4	0.05653
2339.5	0.05621
2338.5	0.05591
2337.5	0.05571
2336.6	0.05565
2335.6	0.05566
2334.6	0.0557
2333.7	0.05575
2332.7	0.05582
2331.8	0.05593
2330.8	0.05609
2329.8	0.05627
2328.9	0.05646
2327.9	0.05661
2326.9	0.05671
2326	0.05675
2325	0.05677
2324	0.05682
2323.1	0.05692
2322.1	0.05704
2321.1	0.05717
2320.2	0.05728
2319.2	0.05738
2318.3	0.05747
2317.3	0.05761
2316.3	0.0578
2315.4	0.058
2314.4	0.05819
2313.4	0.05837
2312.5	0.05856
2311.5	0.05875
2310.5	0.05892
2309.6	0.05907
2308.6	0.05919
2307.6	0.05932
2306.7	0.05946
2305.7	0.05961
2304.8	0.05974
2303.8	0.0599
2302.8	0.06009
2301.9	0.06031
2300.9	0.06052
2299.9	0.06067
2299	0.0608
2298	0.06096
2297	0.06121
2296.1	0.06151
2295.1	0.06176
2294.1	0.06192
2293.2	0.06203
2292.2	0.06214
2291.3	0.06228
2290.3	0.06245
2289.3	0.06264
2288.4	0.06287
2287.4	0.06311
2286.4	0.06333
2285.5	0.06354
2284.5	0.06374
2283.5	0.06397
2282.6	0.06418
2281.6	0.06438
2280.6	0.06457
2279.7	0.06479
2278.7	0.06502
2277.8	0.06521
2276.8	0.06534
2275.8	0.06548
2274.9	0.06567
2273.9	0.06594
2272.9	0.06625
2272	0.06654
2271	0.0668
2270	0.06705
2269.1	0.06729
2268.1	0.06753
2267.1	0.06777
2266.2	0.06801
2265.2	0.06824
2264.2	0.06845
2263.3	0.0686
2262.3	0.06873
2261.4	0.06889
2260.4	0.06913
2259.4	0.06942
2258.5	0.06969
2257.5	0.06987
2256.5	0.07
2255.6	0.07014
2254.6	0.07037
2253.6	0.07067
2252.7	0.071
2251.7	0.0713
2250.7	0.07154
2249.8	0.0717
2248.8	0.07184
2247.9	0.072
2246.9	0.07219
2245.9	0.0724
2245	0.07259
2244	0.07279
2243	0.07303
2242.1	0.07329
2241.1	0.07351
2240.1	0.07368
2239.2	0.07379
2238.2	0.07388
2237.2	0.07401
2236.3	0.07421
2235.3	0.07447
2234.4	0.07474
2233.4	0.07495
2232.4	0.0751
2231.5	0.07522
2230.5	0.07535
2229.5	0.07547
2228.6	0.07558
2227.6	0.07569
2226.6	0.07583
2225.7	0.07602
2224.7	0.07624
2223.7	0.07644
2222.8	0.07661
2221.8	0.07673
2220.9	0.07682
2219.9	0.0769
2218.9	0.07699
2218	0.07711
2217	0.07727
2216	0.07742
2215.1	0.07752
2214.1	0.07756
2213.1	0.07759
2212.2	0.07763
2211.2	0.07773
2210.2	0.07786
2209.3	0.07798
2208.3	0.07805
2207.4	0.07806
2206.4	0.07807
2205.4	0.0781
2204.5	0.07816
2203.5	0.07821
2202.5	0.07824
2201.6	0.07824
2200.6	0.07821
2199.6	0.07819
2198.7	0.0782
2197.7	0.07821
2196.7	0.07817
2195.8	0.07809
2194.8	0.078
2193.9	0.07796
2192.9	0.07799
2191.9	0.07801
2191	0.07798
2190	0.07791
2189	0.07784
2188.1	0.07776
2187.1	0.07764
2186.1	0.07749
2185.2	0.07736
2184.2	0.0773
2183.2	0.07728
2182.3	0.07724
2181.3	0.07715
2180.4	0.07704
2179.4	0.07695
2178.4	0.07685
2177.5	0.07673
2176.5	0.07658
2175.5	0.07643
2174.6	0.07633
2173.6	0.07627
2172.6	0.07622
2171.7	0.07612
2170.7	0.07596
2169.7	0.0758
2168.8	0.07568
2167.8	0.07561
2166.9	0.07556
2165.9	0.07554
2164.9	0.07564
2164	0.07596
2163	0.07663
2162	0.07777
2161.1	0.0796
2160.1	0.08232
2159.1	0.08617
2158.2	0.09121
2157.2	0.09738
2156.2	0.10434
2155.3	0.1115
2154.3	0.11822
2153.3	0.1239
2152.4	0.12806
2151.4	0.13037
2150.5	0.13086
2149.5	0.12992
2148.5	0.12813
2147.6	0.12607
2146.6	0.12447
2145.6	0.12454
2144.7	0.12788
2143.7	0.13579
2142.7	0.14852
2141.8	0.16549
2140.8	0.18603
2139.8	0.20919
2138.9	0.23261
2137.9	0.2519
2137	0.26238
2136	0.26151
2135	0.24973
2134.1	0.22903
2133.1	0.20234
2132.1	0.17325
2131.2	0.1456
2130.2	0.12225
2129.2	0.10435
2128.3	0.09165
2127.3	0.08309
2126.3	0.07754
2125.4	0.07397
2124.4	0.07165
2123.5	0.07005
2122.5	0.06889
2121.5	0.06802
2120.6	0.06732
2119.6	0.06672
2118.6	0.06617
2117.7	0.06568
2116.7	0.06524
2115.7	0.06481
2114.8	0.06437
2113.8	0.06394
2112.8	0.06354
2111.9	0.06321
2110.9	0.06294
2110	0.06268
2109	0.0624
2108	0.06208
2107.1	0.06178
2106.1	0.06153
2105.1	0.06133
2104.2	0.06114
2103.2	0.06091
2102.2	0.06065
2101.3	0.06035
2100.3	0.06002
2099.3	0.05969
2098.4	0.05938
2097.4	0.05913
2096.5	0.05894
2095.5	0.05884
2094.5	0.05882
2093.6	0.05886
2092.6	0.0589
2091.6	0.05891
2090.7	0.05887
2089.7	0.05878
2088.7	0.05861
2087.8	0.05831
2086.8	0.05784
2085.8	0.05725
2084.9	0.05659
2083.9	0.05596
2083	0.05539
2082	0.05491
2081	0.05449
2080.1	0.05414
2079.1	0.05381
2078.1	0.05353
2077.2	0.05326
2076.2	0.05301
2075.2	0.05274
2074.3	0.05246
2073.3	0.05219
2072.3	0.05195
2071.4	0.05174
2070.4	0.05154
2069.5	0.05133
2068.5	0.05112
2067.5	0.05091
2066.6	0.05071
2065.6	0.05051
2064.6	0.05031
2063.7	0.05011
2062.7	0.04995
2061.7	0.04982
2060.8	0.0497
2059.8	0.04956
2058.8	0.04938
2057.9	0.04919
2056.9	0.04901
2055.9	0.04886
2055	0.04873
2054	0.04861
2053.1	0.04849
2052.1	0.04834
2051.1	0.04818
2050.2	0.04801
2049.2	0.04782
2048.2	0.04764
2047.3	0.0475
2046.3	0.04742
2045.3	0.04736
2044.4	0.04723
2043.4	0.047
2042.4	0.04671
2041.5	0.04645
2040.5	0.04625
2039.6	0.0461
2038.6	0.04595
2037.6	0.04581
2036.7	0.04566
2035.7	0.04548
2034.7	0.04526
2033.8	0.04503
2032.8	0.04485
2031.8	0.04469
2030.9	0.04453
2029.9	0.04432
2028.9	0.04409
2028	0.0439
2027	0.04375
2026.1	0.04363
2025.1	0.0435
2024.1	0.04337
2023.2	0.04326
2022.2	0.04317
2021.2	0.04308
2020.3	0.04294
2019.3	0.04276
2018.3	0.04257
2017.4	0.0424
2016.4	0.04227
2015.4	0.04218
2014.5	0.04211
2013.5	0.04202
2012.6	0.04194
2011.6	0.04187
2010.6	0.04182
2009.7	0.04177
2008.7	0.04169
2007.7	0.04159
2006.8	0.04151
2005.8	0.04148
2004.8	0.04149
2003.9	0.04146
2002.9	0.04137
2001.9	0.04121
2001	0.04104
2000	0.04091
1999.1	0.04084
1998.1	0.04079
1997.1	0.04074
1996.2	0.04068
1995.2	0.04061
1994.2	0.04052
1993.3	0.04042
1992.3	0.04033
1991.3	0.04028
1990.4	0.04027
1989.4	0.04024
1988.4	0.04016
1987.5	0.04004
1986.5	0.03992
1985.6	0.03985
1984.6	0.03981
1983.6	0.03977
1982.7	0.03971
1981.7	0.03965
1980.7	0.03963
1979.8	0.03963
1978.8	0.03961
1977.8	0.03956
1976.9	0.03949
1975.9	0.03941
1974.9	0.03934
1974	0.03928
1973	0.03924
1972	0.03922
1971.1	0.0392
1970.1	0.03915
1969.2	0.03905
1968.2	0.03891
1967.2	0.03881
1966.3	0.03879
1965.3	0.03882
1964.3	0.03888
1963.4	0.03891
1962.4	0.03889
1961.4	0.03883
1960.5	0.03877
1959.5	0.03872
1958.5	0.03871
1957.6	0.03872
1956.6	0.03871
1955.7	0.03868
1954.7	0.03863
1953.7	0.0386
1952.8	0.03858
1951.8	0.03856
1950.8	0.03853
1949.9	0.03851
1948.9	0.03851
1947.9	0.0385
1947	0.03848
1946	0.03844
1945	0.03839
1944.1	0.03834
1943.1	0.03828
1942.2	0.03823
1941.2	0.03821
1940.2	0.03822
1939.3	0.03823
1938.3	0.03825
1937.3	0.03829
1936.4	0.03836
1935.4	0.03843
1934.4	0.03846
1933.5	0.03844
1932.5	0.03839
1931.5	0.03838
1930.6	0.0384
1929.6	0.03841
1928.7	0.03837
1927.7	0.03833
1926.7	0.03832
1925.8	0.03834
1924.8	0.03834
1923.8	0.0383
1922.9	0.03827
1921.9	0.03832
1920.9	0.03841
1920	0.03842
1919	0.03833
1918	0.03823
1917.1	0.03825
1916.1	0.03837
1915.2	0.03851
1914.2	0.03856
1913.2	0.03855
1912.3	0.03855
1911.3	0.03856
1910.3	0.03855
1909.4	0.03852
1908.4	0.03853
1907.4	0.03859
1906.5	0.03863
1905.5	0.03863
1904.5	0.03861
1903.6	0.03862
1902.6	0.03868
1901.7	0.03875
1900.7	0.0388
1899.7	0.03885
1898.8	0.03892
1897.8	0.03902
1896.8	0.03908
1895.9	0.03911
1894.9	0.03914
1893.9	0.03923
1893	0.03937
1892	0.03945
1891	0.03939
1890.1	0.03925
1889.1	0.03915
1888.2	0.03919
1887.2	0.03934
1886.2	0.03948
1885.3	0.03957
1884.3	0.03963
1883.3	0.0397
1882.4	0.03976
1881.4	0.0398
1880.4	0.03984
1879.5	0.03993
1878.5	0.04007
1877.5	0.0402
1876.6	0.04028
1875.6	0.04032
1874.6	0.04036
1873.7	0.04042
1872.7	0.04045
1871.8	0.0404
1870.8	0.04024
1869.8	0.04004
1868.9	0.03997
1867.9	0.04011
1866.9	0.04044
1866	0.04079
1865	0.04105
1864	0.04119
1863.1	0.04127
1862.1	0.04135
1861.1	0.04141
1860.2	0.04144
1859.2	0.04148
1858.3	0.04157
1857.3	0.04175
1856.3	0.04195
1855.4	0.0421
1854.4	0.04217
1853.4	0.04223
1852.5	0.04231
1851.5	0.0424
1850.5	0.04246
1849.6	0.04251
1848.6	0.0426
1847.6	0.04268
1846.7	0.04265
1845.7	0.04247
1844.8	0.04227
1843.8	0.04227
1842.8	0.04258
1841.9	0.04306
1840.9	0.0435
1839.9	0.04379
1839	0.04396
1838	0.04409
1837	0.04422
1836.1	0.04438
1835.1	0.04457
1834.1	0.04477
1833.2	0.0449
1832.2	0.04487
1831.3	0.04473
1830.3	0.04466
1829.3	0.04481
1828.4	0.04516
1827.4	0.04553
1826.4	0.04575
1825.5	0.04586
1824.5	0.04602
1823.5	0.0463
1822.6	0.04662
1821.6	0.04689
1820.6	0.04709
1819.7	0.04729
1818.7	0.04752
1817.8	0.04774
1816.8	0.04792
1815.8	0.04809
1814.9	0.04829
1813.9	0.04851
1812.9	0.04871
1812	0.04887
1811	0.04903
1810	0.04925
1809.1	0.04954
1808.1	0.04985
1807.1	0.05013
1806.2	0.05038
1805.2	0.05065
1804.3	0.05091
1803.3	0.05114
1802.3	0.05132
1801.4	0.0515
1800.4	0.05172
1799.4	0.05203
1798.5	0.05242
1797.5	0.05285
1796.5	0.05324
1795.6	0.05351
1794.6	0.0536
1793.6	0.05359
1792.7	0.05366
1791.7	0.05399
1790.8	0.05456
1789.8	0.05522
1788.8	0.05582
1787.9	0.05627
1786.9	0.05663
1785.9	0.05696
1785	0.05734
1784	0.0578
1783	0.05827
1782.1	0.0587
1781.1	0.05911
1780.1	0.05955
1779.2	0.06005
1778.2	0.06057
1777.3	0.06108
1776.3	0.06153
1775.3	0.06184
1774.4	0.06198
1773.4	0.06206
1772.4	0.06233
1771.5	0.06296
1770.5	0.06385
1769.5	0.06471
1768.6	0.06542
1767.6	0.0661
1766.6	0.06691
1765.7	0.06784
1764.7	0.0687
1763.7	0.06933
1762.8	0.0698
1761.8	0.07032
1760.9	0.07108
1759.9	0.07204
1758.9	0.073
1758	0.0738
1757	0.07455
1756	0.07542
1755.1	0.07646
1754.1	0.07745
1753.1	0.0782
1752.2	0.07879
1751.2	0.07948
1750.2	0.08048
1749.3	0.08174
1748.3	0.08308
1747.4	0.08439
1746.4	0.08567
1745.4	0.08693
1744.5	0.08822
1743.5	0.08954
1742.5	0.09087
1741.6	0.09212
1740.6	0.09331
1739.6	0.09461
1738.7	0.09621
1737.7	0.09796
1736.7	0.09944
1735.8	0.10039
1734.8	0.1011
1733.9	0.10225
1732.9	0.10425
1731.9	0.10681
1731	0.10933
1730	0.1115
1729	0.11342
1728.1	0.11533
1727.1	0.1173
1726.1	0.1193
1725.2	0.12128
1724.2	0.12322
1723.2	0.12518
1722.3	0.12717
1721.3	0.12912
1720.4	0.13084
1719.4	0.13224
1718.4	0.13352
1717.5	0.13511
1716.5	0.13728
1715.5	0.13985
1714.6	0.14246
1713.6	0.14492
1712.6	0.14723
1711.7	0.14941
1710.7	0.15146
1709.7	0.15345
1708.8	0.15541
1707.8	0.15725
1706.9	0.15889
1705.9	0.16049
1704.9	0.16239
1704	0.16455
1703	0.1664
1702	0.16751
1701.1	0.16822
1700.1	0.16947
1699.1	0.17163
1698.2	0.17405
1697.2	0.17592
1696.2	0.17724
1695.3	0.17873
1694.3	0.18093
1693.4	0.18352
1692.4	0.1858
1691.4	0.18748
1690.5	0.18881
1689.5	0.19021
1688.5	0.19174
1687.6	0.19301
1686.6	0.19362
1685.6	0.19368
1684.7	0.19393
1683.7	0.1951
1682.7	0.19713
1681.8	0.19931
1680.8	0.20104
1679.9	0.20231
1678.9	0.20336
1677.9	0.20426
1677	0.20487
1676	0.20524
1675	0.20572
1674.1	0.20662
1673.1	0.20777
1672.1	0.20872
1671.2	0.20924
1670.2	0.20954
1669.2	0.21003
1668.3	0.21086
1667.3	0.21187
1666.4	0.21277
1665.4	0.21334
1664.4	0.2136
1663.5	0.21373
1662.5	0.21401
1661.5	0.21453
1660.6	0.21513
1659.6	0.21557
1658.6	0.21583
1657.7	0.21605
1656.7	0.21614
1655.7	0.21572
1654.8	0.21453
1653.8	0.21294
1652.8	0.212
1651.9	0.21247
1650.9	0.21389
1650	0.21509
1649	0.2153
1648	0.21459
1647.1	0.21357
1646.1	0.21287
1645.1	0.21268
1644.2	0.21276
1643.2	0.21273
1642.2	0.21235
1641.3	0.21164
1640.3	0.21076
1639.3	0.20978
1638.4	0.20857
1637.4	0.20697
1636.5	0.20514
1635.5	0.20357
1634.5	0.20264
1633.6	0.20219
1632.6	0.20169
1631.6	0.20079
1630.7	0.19951
1629.7	0.19808
1628.7	0.19668
1627.8	0.19537
1626.8	0.19411
1625.8	0.19284
1624.9	0.19147
1623.9	0.19002
1623	0.18867
1622	0.18762
1621	0.18682
1620.1	0.18596
1619.1	0.18469
1618.1	0.18298
1617.2	0.18124
1616.2	0.18
1615.2	0.17944
1614.3	0.17922
1613.3	0.17886
1612.3	0.17818
1611.4	0.17728
1610.4	0.17638
1609.5	0.17557
1608.5	0.17479
1607.5	0.17402
1606.6	0.17328
1605.6	0.1726
1604.6	0.17197
1603.7	0.17133
1602.7	0.17068
1601.7	0.17005
1600.8	0.16947
1599.8	0.16891
1598.8	0.16835
1597.9	0.16773
1596.9	0.16706
1596	0.16633
1595	0.16562
1594	0.16499
1593.1	0.16447
1592.1	0.16404
1591.1	0.16363
1590.2	0.16319
1589.2	0.16271
1588.2	0.16219
1587.3	0.16163
1586.3	0.16111
1585.3	0.16065
1584.4	0.16026
1583.4	0.15984
1582.5	0.15933
1581.5	0.1588
1580.5	0.15832
1579.6	0.15785
1578.6	0.15715
1577.6	0.15607
1576.7	0.15488
1575.7	0.15413
1574.7	0.15414
1573.8	0.15454
1572.8	0.15471
1571.8	0.15425
1570.9	0.15337
1569.9	0.15254
1569	0.15209
1568	0.15196
1567	0.15183
1566.1	0.15149
1565.1	0.15102
1564.1	0.15064
1563.2	0.15033
1562.2	0.14972
1561.2	0.14841
1560.3	0.14651
1559.3	0.14483
1558.3	0.14429
1557.4	0.14485
1556.4	0.14565
1555.4	0.14595
1554.5	0.14578
1553.5	0.14556
1552.6	0.14549
1551.6	0.14542
1550.6	0.14516
1549.7	0.14478
1548.7	0.14445
1547.7	0.14416
1546.8	0.14372
1545.8	0.14306
1544.8	0.14229
1543.9	0.14159
1542.9	0.14089
1541.9	0.14001
1541	0.13891
1540	0.13796
1539.1	0.1377
1538.1	0.13827
1537.1	0.13913
1536.2	0.13957
1535.2	0.13928
1534.2	0.13857
1533.3	0.13801
1532.3	0.13786
1531.3	0.13793
1530.4	0.13789
1529.4	0.1376
1528.4	0.13713
1527.5	0.13657
1526.5	0.13606
1525.6	0.13567
1524.6	0.13533
1523.6	0.1348
1522.7	0.13396
1521.7	0.1331
1520.7	0.13268
1519.8	0.13281
1518.8	0.13309
1517.8	0.13305
1516.9	0.13271
1515.9	0.1324
1514.9	0.13231
1514	0.13225
1513	0.13199
1512.1	0.13161
1511.1	0.13127
1510.1	0.13093
1509.2	0.13026
1508.2	0.12912
1507.2	0.12786
1506.3	0.12719
1505.3	0.12749
1504.3	0.12838
1503.4	0.12914
1502.4	0.12935
1501.4	0.12911
1500.5	0.1287
1499.5	0.12829
1498.6	0.12783
1497.6	0.12725
1496.6	0.12672
1495.7	0.12652
1494.7	0.1267
1493.7	0.12695
1492.8	0.12692
1491.8	0.12647
1490.8	0.12582
1489.9	0.12529
1488.9	0.12504
1487.9	0.12497
1487	0.12494
1486	0.12493
1485.1	0.12495
1484.1	0.12496
1483.1	0.12484
1482.2	0.12457
1481.2	0.12426
1480.2	0.12401
1479.3	0.12379
1478.3	0.1235
1477.3	0.12312
1476.4	0.12269
1475.4	0.12221
1474.4	0.12165
1473.5	0.12107
1472.5	0.12066
1471.6	0.12058
1470.6	0.12083
1469.6	0.12116
1468.7	0.12131
1467.7	0.12113
1466.7	0.12068
1465.8	0.12013
1464.8	0.11972
1463.8	0.11957
1462.9	0.11963
1461.9	0.1197
1460.9	0.11959
1460	0.1191
1459	0.11818
1458.1	0.11702
1457.1	0.11613
1456.1	0.116
1455.2	0.11654
1454.2	0.11722
1453.2	0.11758
1452.3	0.11756
1451.3	0.1174
1450.3	0.11721
1449.4	0.11692
1448.4	0.11652
1447.4	0.11614
1446.5	0.11597
1445.5	0.11598
1444.5	0.11594
1443.6	0.11573
1442.6	0.11543
1441.7	0.1152
1440.7	0.11509
1439.7	0.11489
1438.8	0.11438
1437.8	0.11362
1436.8	0.11294
1435.9	0.11272
1434.9	0.11294
1433.9	0.11327
1433	0.11337
1432	0.11318
1431	0.11285
1430.1	0.11255
1429.1	0.11237
1428.2	0.1123
1427.2	0.11225
1426.2	0.11208
1425.3	0.11175
1424.3	0.11137
1423.3	0.11108
1422.4	0.11085
1421.4	0.11047
1420.4	0.10984
1419.5	0.10917
1418.5	0.1088
1417.5	0.10887
1416.6	0.10914
1415.6	0.10931
1414.7	0.10927
1413.7	0.10908
1412.7	0.10883
1411.8	0.10857
1410.8	0.10835
1409.8	0.10818
1408.9	0.10802
1407.9	0.10781
1406.9	0.10748
1406	0.10706
1405	0.10667
1404	0.10642
1403.1	0.10631
1402.1	0.1062
1401.2	0.10593
1400.2	0.10553
1399.2	0.10516
1398.3	0.10493
1397.3	0.10476
1396.3	0.10452
1395.4	0.10418
1394.4	0.10391
1393.4	0.10384
1392.5	0.10393
1391.5	0.10398
1390.5	0.10382
1389.6	0.10344
1388.6	0.10297
1387.7	0.10258
1386.7	0.10236
1385.7	0.1023
1384.8	0.10228
1383.8	0.10222
1382.8	0.10211
1381.9	0.10196
1380.9	0.10179
1379.9	0.10159
1379	0.10134
1378	0.10107
1377	0.10079
1376.1	0.10047
1375.1	0.10012
1374.2	0.0998
1373.2	0.09957
1372.2	0.09943
1371.3	0.0993
1370.3	0.09912
1369.3	0.0989
1368.4	0.09869
1367.4	0.09852
1366.4	0.09834
1365.5	0.09809
1364.5	0.09776
1363.5	0.09739
1362.6	0.09706
1361.6	0.09683
1360.7	0.0967
1359.7	0.09661
1358.7	0.09653
1357.8	0.0964
1356.8	0.0962
1355.8	0.09594
1354.9	0.09563
1353.9	0.09534
1352.9	0.09512
1352	0.09497
1351	0.09483
1350	0.09467
1349.1	0.09449
1348.1	0.09428
1347.1	0.09404
1346.2	0.09377
1345.2	0.09351
1344.3	0.09329
1343.3	0.09308
1342.3	0.09282
1341.4	0.09249
1340.4	0.09214
1339.4	0.09185
1338.5	0.09164
1337.5	0.09147
1336.5	0.09131
1335.6	0.09116
1334.6	0.09103
1333.6	0.09089
1332.7	0.09069
1331.7	0.09043
1330.8	0.09014
1329.8	0.08986
1328.8	0.08963
1327.9	0.08943
1326.9	0.08926
1325.9	0.08906
1325	0.08884
1324	0.08859
1323	0.08835
1322.1	0.08813
1321.1	0.0879
1320.1	0.08765
1319.2	0.08741
1318.2	0.08718
1317.3	0.08697
1316.3	0.08676
1315.3	0.08656
1314.4	0.08635
1313.4	0.08613
1312.4	0.08589
1311.5	0.08566
1310.5	0.08545
1309.5	0.08527
1308.6	0.08509
1307.6	0.08491
1306.6	0.08475
1305.7	0.0846
1304.7	0.08442
1303.8	0.08419
1302.8	0.08392
1301.8	0.08367
1300.9	0.08347
1299.9	0.08332
1298.9	0.08317
1298	0.08299
1297	0.0828
1296	0.08259
1295.1	0.08235
1294.1	0.08208
1293.1	0.08181
1292.2	0.08157
1291.2	0.08141
1290.3	0.08127
1289.3	0.08111
1288.3	0.0809
1287.4	0.08067
1286.4	0.08044
1285.4	0.08021
1284.5	0.07998
1283.5	0.07973
1282.5	0.07948
1281.6	0.07925
1280.6	0.07907
1279.6	0.07892
1278.7	0.07876
1277.7	0.07854
1276.8	0.07827
1275.8	0.07799
1274.8	0.07775
1273.9	0.07756
1272.9	0.07737
1271.9	0.07717
1271	0.07698
1270	0.0768
1269	0.07666
1268.1	0.0765
1267.1	0.07631
1266.1	0.0761
1265.2	0.07589
1264.2	0.07569
1263.3	0.07551
1262.3	0.07532
1261.3	0.07515
1260.4	0.075
1259.4	0.07487
1258.4	0.07473
1257.5	0.07455
1256.5	0.07436
1255.5	0.07415
1254.6	0.07397
1253.6	0.07379
1252.6	0.0736
1251.7	0.07339
1250.7	0.07319
1249.8	0.07303
1248.8	0.0729
1247.8	0.07278
1246.9	0.07264
1245.9	0.07248
1244.9	0.07228
1244	0.07208
1243	0.0719
1242	0.07174
1241.1	0.07161
1240.1	0.07148
1239.1	0.07133
1238.2	0.07112
1237.2	0.07087
1236.2	0.07064
1235.3	0.07047
1234.3	0.07035
1233.4	0.07024
1232.4	0.07008
1231.4	0.06987
1230.5	0.06963
1229.5	0.06943
1228.5	0.06927
1227.6	0.06914
1226.6	0.069
1225.6	0.06881
1224.7	0.06858
1223.7	0.06836
1222.7	0.06816
1221.8	0.068
1220.8	0.06785
1219.9	0.06769
1218.9	0.06753
1217.9	0.06734
1217	0.06712
1216	0.06692
1215	0.06676
1214.1	0.06664
1213.1	0.06651
1212.1	0.06633
1211.2	0.06613
1210.2	0.06594
1209.2	0.06575
1208.3	0.06556
1207.3	0.06535
1206.4	0.06515
1205.4	0.06498
1204.4	0.06482
1203.5	0.06465
1202.5	0.06444
1201.5	0.06424
1200.6	0.06406
1199.6	0.06393
1198.6	0.0638
1197.7	0.06363
1196.7	0.06343
1195.7	0.06323
1194.8	0.06304
1193.8	0.06285
1192.9	0.06267
1191.9	0.06252
1190.9	0.06242
1190	0.06233
1189	0.06221
1188	0.06204
1187.1	0.06184
1186.1	0.06166
1185.1	0.06149
1184.2	0.06134
1183.2	0.06119
1182.2	0.06103
1181.3	0.06087
1180.3	0.06068
1179.4	0.06047
1178.4	0.06026
1177.4	0.06007
1176.5	0.05991
1175.5	0.05978
1174.5	0.05966
1173.6	0.05955
1172.6	0.05942
1171.6	0.05928
1170.7	0.05912
1169.7	0.05896
1168.7	0.05879
1167.8	0.05864
1166.8	0.05848
1165.9	0.05832
1164.9	0.05816
1163.9	0.05803
1163	0.05794
1162	0.05787
1161	0.05778
1160.1	0.05767
1159.1	0.05752
1158.1	0.05736
1157.2	0.05718
1156.2	0.05703
1155.2	0.0569
1154.3	0.05677
1153.3	0.05661
1152.4	0.05644
1151.4	0.05629
1150.4	0.05618
1149.5	0.05609
1148.5	0.05598
1147.5	0.05584
1146.6	0.05569
1145.6	0.05556
1144.6	0.05546
1143.7	0.05536
1142.7	0.05525
1141.7	0.05514
1140.8	0.05503
1139.8	0.05492
1138.9	0.0548
1137.9	0.05467
1136.9	0.05453
1136	0.05438
1135	0.05423
1134	0.05412
1133.1	0.05404
1132.1	0.054
1131.1	0.05398
1130.2	0.05397
1129.2	0.05392
1128.2	0.05382
1127.3	0.05367
1126.3	0.0535
1125.3	0.05331
1124.4	0.0531
1123.4	0.05287
1122.5	0.05266
1121.5	0.05252
1120.5	0.05244
1119.6	0.05237
1118.6	0.05223
1117.6	0.05202
1116.7	0.05181
1115.7	0.05166
1114.7	0.05158
1113.8	0.05154
1112.8	0.05148
1111.8	0.05139
1110.9	0.05124
1109.9	0.05103
1109	0.05079
1108	0.05056
1107	0.05038
1106.1	0.05025
1105.1	0.05013
1104.1	0.05001
1103.2	0.04988
1102.2	0.04972
1101.2	0.04955
1100.3	0.04939
1099.3	0.04929
1098.3	0.04926
1097.4	0.04922
1096.4	0.04914
1095.5	0.04902
1094.5	0.04891
1093.5	0.04884
1092.6	0.0488
1091.6	0.04878
1090.6	0.04877
1089.7	0.04872
1088.7	0.04864
1087.7	0.04854
1086.8	0.04849
1085.8	0.04852
1084.8	0.04856
1083.9	0.04854
1082.9	0.04843
1082	0.0483
1081	0.04819
1080	0.04808
1079.1	0.04793
1078.1	0.04777
1077.1	0.04765
1076.2	0.04756
1075.2	0.04747
1074.2	0.04735
1073.3	0.04722
1072.3	0.04711
1071.3	0.04701
1070.4	0.0469
1069.4	0.04677
1068.5	0.04664
1067.5	0.04652
1066.5	0.04642
1065.6	0.04633
1064.6	0.04623
1063.6	0.04611
1062.7	0.04599
1061.7	0.04587
1060.7	0.04578
1059.8	0.04572
1058.8	0.04567
1057.8	0.04563
1056.9	0.04559
1055.9	0.04551
1055	0.0454
1054	0.04528
1053	0.04516
1052.1	0.04505
1051.1	0.04493
1050.1	0.04478
1049.2	0.04465
1048.2	0.04453
1047.2	0.04443
1046.3	0.04432
1045.3	0.0442
1044.3	0.04408
1043.4	0.04398
1042.4	0.04388
1041.5	0.04379
1040.5	0.04372
1039.5	0.04367
1038.6	0.04361
1037.6	0.04353
1036.6	0.04343
1035.7	0.04335
1034.7	0.04332
1033.7	0.04332
1032.8	0.04331
1031.8	0.04328
1030.8	0.04323
1029.9	0.04322
1028.9	0.04326
1027.9	0.04334
1027	0.04343
1026	0.04349
1025.1	0.04354
1024.1	0.0436
1023.1	0.04369
1022.2	0.0438
1021.2	0.04392
1020.2	0.04402
1019.3	0.04408
1018.3	0.04412
1017.3	0.04416
1016.4	0.0442
1015.4	0.04423
1014.4	0.04422
1013.5	0.04416
1012.5	0.04406
1011.6	0.04396
1010.6	0.04388
1009.6	0.04383
1008.7	0.04381
1007.7	0.04381
1006.7	0.04381
1005.8	0.04383
1004.8	0.04387
1003.8	0.04396
1002.9	0.04406
1001.9	0.04417
1000.9	0.04428
1000	0.0444
999.06	0.04456
998.1	0.04477
997.13	0.04503
996.17	0.04536
995.21	0.04573
994.24	0.04612
993.28	0.04647
992.31	0.04678
991.35	0.04706
990.38	0.04739
989.42	0.04778
988.46	0.04823
987.49	0.04872
986.53	0.04922
985.56	0.04975
984.6	0.05033
983.63	0.05095
982.67	0.05157
981.7	0.05217
980.74	0.05275
979.78	0.05335
978.81	0.054
977.85	0.05469
976.88	0.05543
975.92	0.05619
974.95	0.05701
973.99	0.05787
973.03	0.05878
972.06	0.05968
971.1	0.06056
970.13	0.0614
969.17	0.06227
968.2	0.0632
967.24	0.0642
966.28	0.06523
965.31	0.06625
964.35	0.0673
963.38	0.0684
962.42	0.06954
961.45	0.07072
960.49	0.0719
959.52	0.07308
958.56	0.07427
957.6	0.07545
956.63	0.07665
955.67	0.07791
954.7	0.07926
953.74	0.08066
952.77	0.08203
951.81	0.08335
950.85	0.08461
949.88	0.08588
948.92	0.08721
947.95	0.0886
946.99	0.09002
946.02	0.09145
945.06	0.09287
944.1	0.09427
943.13	0.09568
942.17	0.09716
941.2	0.0987
940.24	0.10026
939.27	0.1018
938.31	0.10332
937.34	0.10483
936.38	0.10636
935.42	0.10789
934.45	0.10942
933.49	0.11095
932.52	0.11247
931.56	0.11396
930.59	0.11544
929.63	0.11694
928.67	0.1185
927.7	0.12009
926.74	0.1217
925.77	0.1233
924.81	0.1249
923.84	0.12648
922.88	0.12802
921.92	0.12951
920.95	0.131
919.99	0.13254
919.02	0.13414
918.06	0.13575
917.09	0.13729
916.13	0.13879
915.16	0.14028
914.2	0.1418
913.24	0.14333
912.27	0.14487
911.31	0.1464
910.34	0.14795
909.38	0.1495
908.41	0.151
907.45	0.15247
906.49	0.15393
905.52	0.15545
904.56	0.15703
903.59	0.15863
902.63	0.1602
901.66	0.16171
900.7	0.16317
899.74	0.1646
898.77	0.16602
897.81	0.16745
896.84	0.16892
895.88	0.17042
894.91	0.17193
893.95	0.17342
892.98	0.17486
892.02	0.17627
891.06	0.17767
890.09	0.17906
889.13	0.18047
888.16	0.18189
887.2	0.18334
886.23	0.18478
885.27	0.18621
884.31	0.18762
883.34	0.18899
882.38	0.19034
881.41	0.19168
880.45	0.19304
879.48	0.19441
878.52	0.19577
877.55	0.19709
876.59	0.19837
875.63	0.19967
874.66	0.20099
873.7	0.20231
872.73	0.20358
871.77	0.2048
870.8	0.20603
869.84	0.20734
868.88	0.20872
867.91	0.21011
866.95	0.21144
865.98	0.21268
865.02	0.21385
864.05	0.21501
863.09	0.2162
862.13	0.21742
861.16	0.21862
860.2	0.21982
859.23	0.22102
858.27	0.22226
857.3	0.22348
856.34	0.22462
855.37	0.22571
854.41	0.22682
853.45	0.22799
852.48	0.22918
851.52	0.23029
850.55	0.23138
849.59	0.23249
848.62	0.23365
847.66	0.23478
846.7	0.2358
845.73	0.23677
844.77	0.23773
843.8	0.23872
842.84	0.23972
841.87	0.24075
840.91	0.24182
839.95	0.24289
838.98	0.24393
838.02	0.24489
837.05	0.24585
836.09	0.24683
835.12	0.24782
834.16	0.24875
833.19	0.24963
832.23	0.25051
831.27	0.25142
830.3	0.25234
829.34	0.25324
828.37	0.25414
827.41	0.25506
826.44	0.256
825.48	0.25689
824.52	0.25769
823.55	0.25846
822.59	0.25927
821.62	0.26015
820.66	0.26106
819.69	0.26192
818.73	0.26273
817.77	0.26349
816.8	0.26423
815.84	0.26495
814.87	0.26564
813.91	0.26633
812.94	0.26705
811.98	0.2678
811.01	0.26856
810.05	0.26928
809.09	0.26993
808.12	0.27052
807.16	0.27108
806.19	0.27164
805.23	0.27226
804.26	0.27292
803.3	0.27357
802.34	0.27419
801.37	0.27475
800.41	0.27529
799.44	0.27583
798.48	0.27637
797.51	0.27692
796.55	0.27746
795.59	0.27794
794.62	0.27837
793.66	0.27877
792.69	0.27919
791.73	0.27965
790.76	0.28012
789.8	0.28057
788.83	0.28096
787.87	0.28131
786.91	0.28166
785.94	0.282
784.98	0.28234
784.01	0.28267
783.05	0.28295
782.08	0.28319
781.12	0.28339
780.16	0.28357
779.19	0.28379
778.23	0.28406
777.26	0.28437
776.3	0.28466
775.33	0.28484
774.37	0.28492
773.41	0.28497
772.44	0.28506
771.48	0.28519
770.51	0.28531
769.55	0.28539
768.58	0.28546
767.62	0.28553
766.65	0.28553
765.69	0.28545
764.73	0.2853
763.76	0.28519
762.8	0.2852
761.83	0.28527
760.87	0.28533
759.9	0.28526
758.94	0.28504
757.98	0.28475
757.01	0.28447
756.05	0.28427
755.08	0.28412
754.12	0.28398
753.15	0.28379
752.19	0.28355
751.22	0.28324
750.26	0.28288
749.3	0.28251
748.33	0.28216
747.37	0.28183
746.4	0.28146
745.44	0.28101
744.47	0.28054
743.51	0.28013
742.55	0.27983
741.58	0.27955
740.62	0.27917
739.65	0.27862
738.69	0.27798
737.72	0.27734
736.76	0.27674
735.8	0.27612
734.83	0.27542
733.87	0.27465
732.9	0.27389
731.94	0.27319
730.97	0.2725
730.01	0.27174
729.04	0.27086
728.08	0.26998
727.12	0.26923
726.15	0.26861
725.19	0.26803
724.22	0.26736
723.26	0.26656
722.29	0.26564
721.33	0.26466
720.37	0.26363
719.4	0.26261
718.44	0.26161
717.47	0.26064
716.51	0.25967
715.54	0.25868
714.58	0.25766
713.62	0.25663
712.65	0.25559
711.69	0.25456
710.72	0.25352
709.76	0.25243
708.79	0.25129
707.83	0.25013
706.86	0.24899
705.9	0.24791
704.94	0.24683
703.97	0.24568
703.01	0.24445
702.04	0.24316
701.08	0.24187
700.11	0.24059
699.15	0.23928
698.19	0.23793
697.22	0.23661
696.26	0.23534
695.29	0.23408
694.33	0.23271
693.36	0.23123
692.4	0.22972
691.44	0.22829
690.47	0.22696
689.51	0.22569
688.54	0.22442
687.58	0.22311
686.61	0.22176
685.65	0.22035
684.68	0.21889
683.72	0.21743
682.76	0.21602
681.79	0.21464
680.83	0.21324
679.86	0.21177
678.9	0.21028
677.93	0.20884
676.97	0.20746
676.01	0.20607
675.04	0.20456
674.08	0.20293
673.11	0.20125
672.15	0.19965
671.18	0.19818
670.22	0.19679
669.26	0.19539
668.29	0.1939
667.33	0.19237
666.36	0.19088
665.4	0.18944
664.43	0.188
663.47	0.18649
662.5	0.18492
661.54	0.18336
660.58	0.18186
659.61	0.18039
658.65	0.17885
657.68	0.17723
656.72	0.17564
655.75	0.1742
654.79	0.17292
653.83	0.17167
652.86	0.17028
651.9	0.16874
650.93	0.16714
649.97	0.16563
649	0.16426
648.04	0.16293
647.08	0.1615
646.11	0.15996
645.15	0.15841
644.18	0.15699
643.22	0.15572
642.25	0.15452
641.29	0.15325
640.32	0.15183
639.36	0.15033
638.4	0.14888
637.43	0.14754
636.47	0.14627
635.5	0.14496
634.54	0.1436
633.57	0.14228
632.61	0.14104
631.65	0.13986
630.68	0.13865
629.72	0.13737
628.75	0.13607
627.79	0.13478
626.82	0.13352
625.86	0.13228
624.89	0.13106
623.93	0.12984
622.97	0.12861
622	0.12739
621.04	0.12623
620.07	0.12516
619.11	0.12413
618.14	0.12308
617.18	0.12191
616.22	0.12062
615.25	0.11925
614.29	0.11787
613.32	0.1166
612.36	0.11549
611.39	0.11448
610.43	0.11346
609.47	0.1124
608.5	0.11132
607.54	0.11028
606.57	0.10927
605.61	0.10823
604.64	0.10718
603.68	0.10615
602.71	0.10522
601.75	0.10438
600.79	0.10356
599.82	0.1027
598.86	0.10179
597.89	0.1009
596.93	0.10007
595.96	0.09927
595	0.09837
594.04	0.0973
593.07	0.09613
592.11	0.09505
591.14	0.09418
590.18	0.09349
589.21	0.09278
588.25	0.09185
587.29	0.09066
586.32	0.08934
585.36	0.08815
584.39	0.08723
583.43	0.08653
582.46	0.08589
581.5	0.08523
580.53	0.08458
579.57	0.08391
578.61	0.08311
577.64	0.08217
576.68	0.08128
575.71	0.08068
574.75	0.08032
573.78	0.07992
572.82	0.07925
571.86	0.07835
570.89	0.07731
569.93	0.07614
568.96	0.0748
568	0.07352
567.03	0.07271
566.07	0.07259
565.11	0.07285
564.14	0.07297
563.18	0.07263
562.21	0.0719
561.25	0.07106
560.28	0.07029
559.32	0.06961
558.35	0.06899
557.39	0.06835
556.43	0.06766
555.46	0.06699
554.5	0.06643
553.53	0.066
552.57	0.06553
551.6	0.06479
550.64	0.0638
549.68	0.06288
548.71	0.06232
547.75	0.06207
546.78	0.0618
545.82	0.06129
544.85	0.06058
543.89	0.05993
542.93	0.0594
541.96	0.05888
541	0.05831
540.03	0.05771
539.07	0.05717
538.1	0.05664
537.14	0.05605
536.17	0.05555
535.21	0.05535
534.25	0.05548
533.28	0.05561
532.32	0.05531
531.35	0.05447
530.39	0.05337
529.42	0.05238
528.46	0.05163
527.5	0.05105
526.53	0.05054
525.57	0.05005
524.6	0.04955
523.64	0.04904
522.67	0.04853
521.71	0.04812
520.75	0.04781
519.78	0.04748
518.82	0.04696
517.85	0.04636
516.89	0.04593
515.92	0.04577
514.96	0.04567
513.99	0.04535
513.03	0.04475
512.07	0.04404
511.1	0.04338
510.14	0.04272
509.17	0.04201
508.21	0.04131
507.24	0.04082
506.28	0.04058
505.31	0.04041
504.35	0.04007
503.39	0.03948
502.42	0.03882
501.46	0.03825
500.49	0.03782
499.53	0.0374
498.56	0.03692
497.6	0.03641
496.64	0.03596
495.67	0.03553
494.71	0.03499
493.74	0.03429
492.78	0.0336
491.81	0.03319
490.85	0.0331
489.89	0.03303
488.92	0.03264
487.96	0.03189
486.99	0.03109
486.03	0.03052
485.06	0.03017
484.1	0.02982
483.13	0.02936
482.17	0.0289
481.21	0.02854
480.24	0.02818
479.28	0.02766
478.31	0.027
477.35	0.02646
476.38	0.02619
475.42	0.0261
474.46	0.02588
473.49	0.02538
472.53	0.0247
471.56	0.02413
470.6	0.0238
469.63	0.02361
468.67	0.02339
467.71	0.02307
466.74	0.02273
465.78	0.02246
464.81	0.02215
463.85	0.02166
462.88	0.02096
461.92	0.02021
460.95	0.01958
459.99	0.01915
459.03	0.01894
458.06	0.01896
457.1	0.01918
456.13	0.01937
455.17	0.01929
454.2	0.01884
453.24	0.01819
452.28	0.01764
451.31	0.01738
450.35	0.01739
449.38	0.01749
448.42	0.01749
447.45	0.0173
446.49	0.01698
445.53	0.01661
444.56	0.01624
443.6	0.01592
442.63	0.01565
441.67	0.01541
440.7	0.01516
439.74	0.01485
438.77	0.01451
437.81	0.01424
436.85	0.01409
435.88	0.01397
434.92	0.01374
433.95	0.01341
432.99	0.01309
432.02	0.01286
431.06	0.01271
430.1	0.01252
429.13	0.01225
428.17	0.01195
427.2	0.01173
426.24	0.01166
425.27	0.0117
424.31	0.01173
423.35	0.01168
422.38	0.0115
421.42	0.01119
420.45	0.01073
419.49	0.01031
418.52	0.01013
417.56	0.01017
416.59	0.00997
415.63	0.00931
414.67	0.00852
413.7	0.00819
412.74	0.0083
411.77	0.00798
410.81	0.00655
409.84	0.00464
408.88	0.0037
407.92	0.00454
406.95	0.00642
405.99	0.0079
405.02	0.00832
404.06	0.00819
403.09	0.00819
402.13	0.00841
401.17	0.00841
400.2	0.00808
399.24	0.00782
