3999.922000 -0.000012 
3998.788373 0.000002 
3997.654746 0.000005 
3996.521119 0.000001 
3995.387492 0.000004 
3994.253865 0.000010 
3993.120238 0.000022 
3991.986611 0.000031 
3990.852984 0.000032 
3989.719357 0.000027 
3988.585730 0.000017 
3987.452103 0.000008 
3986.318476 0.000002 
3985.184849 0.000000 
3984.051222 0.000004 
3982.917595 0.000009 
3981.783968 0.000013 
3980.650341 0.000016 
3979.516714 0.000018 
3978.383087 0.000019 
3977.249460 0.000017 
3976.115834 0.000013 
3974.982207 0.000010 
3973.848580 0.000009 
3972.714953 0.000007 
3971.581326 0.000004 
3970.447699 -0.000000 
3969.314072 -0.000000 
3968.180445 0.000002 
3967.046818 0.000004 
3965.913191 0.000006 
3964.779564 0.000009 
3963.645937 0.000011 
3962.512310 0.000012 
3961.378683 0.000010 
3960.245056 0.000009 
3959.111429 0.000008 
3957.977802 0.000003 
3956.844175 0.000003 
3955.710548 0.000004 
3954.576921 0.000008 
3953.443294 0.000010 
3952.309667 0.000004 
3951.176040 -0.000007 
3950.042413 -0.000012 
3948.908786 -0.000013 
3947.775159 -0.000011 
3946.641532 -0.000013 
3945.507905 -0.000014 
3944.374278 -0.000013 
3943.240651 -0.000020 
3942.107024 -0.000031 
3940.973397 -0.000032 
3939.839770 -0.000023 
3938.706143 -0.000015 
3937.572516 -0.000015 
3936.438889 -0.000014 
3935.305262 -0.000016 
3934.171635 -0.000027 
3933.038008 -0.000043 
3931.904381 -0.000045 
3930.770754 -0.000036 
3929.637128 -0.000029 
3928.503501 -0.000031 
3927.369874 -0.000025 
3926.236247 -0.000019 
3925.102620 -0.000029 
3923.968993 -0.000031 
3922.835366 -0.000025 
3921.701739 -0.000026 
3920.568112 -0.000041 
3919.434485 -0.000058 
3918.300858 -0.000067 
3917.167231 -0.000073 
3916.033604 -0.000079 
3914.899977 -0.000068 
3913.766350 -0.000056 
3912.632723 -0.000047 
3911.499096 -0.000030 
3910.365469 -0.000016 
3909.231842 -0.000010 
3908.098215 -0.000007 
3906.964588 -0.000014 
3905.830961 -0.000018 
3904.697334 -0.000036 
3903.563707 -0.000063 
3902.430080 -0.000084 
3901.296453 -0.000097 
3900.162826 -0.000104 
3899.029199 -0.000096 
3897.895572 -0.000073 
3896.761945 -0.000042 
3895.628318 -0.000029 
3894.494691 -0.000039 
3893.361064 -0.000049 
3892.227437 -0.000040 
3891.093810 -0.000035 
3889.960183 -0.000037 
3888.826556 -0.000034 
3887.692929 -0.000029 
3886.559302 -0.000025 
3885.425675 -0.000037 
3884.292048 -0.000052 
3883.158422 -0.000053 
3882.024795 -0.000060 
3880.891168 -0.000061 
3879.757541 -0.000064 
3878.623914 -0.000064 
3877.490287 -0.000046 
3876.356660 -0.000019 
3875.223033 -0.000005 
3874.089406 -0.000021 
3872.955779 -0.000045 
3871.822152 -0.000041 
3870.688525 -0.000042 
3869.554898 -0.000065 
3868.421271 -0.000063 
3867.287644 -0.000036 
3866.154017 -0.000029 
3865.020390 -0.000041 
3863.886763 -0.000045 
3862.753136 -0.000040 
3861.619509 -0.000033 
3860.485882 -0.000001 
3859.352255 0.000049 
3858.218628 0.000074 
3857.085001 0.000049 
3855.951374 0.000007 
3854.817747 -0.000043 
3853.684120 -0.000104 
3852.550493 -0.000145 
3851.416866 -0.000126 
3850.283239 -0.000080 
3849.149612 -0.000039 
3848.015985 -0.000013 
3846.882358 0.000008 
3845.748731 0.000015 
3844.615104 0.000027 
3843.481477 0.000025 
3842.347850 0.000009 
3841.214223 0.000001 
3840.080596 -0.000027 
3838.946969 -0.000053 
3837.813342 -0.000062 
3836.679716 -0.000074 
3835.546089 -0.000072 
3834.412462 -0.000065 
3833.278835 -0.000053 
3832.145208 -0.000034 
3831.011581 -0.000036 
3829.877954 -0.000039 
3828.744327 -0.000022 
3827.610700 0.000008 
3826.477073 0.000026 
3825.343446 0.000019 
3824.209819 0.000002 
3823.076192 -0.000002 
3821.942565 -0.000002 
3820.808938 -0.000024 
3819.675311 -0.000040 
3818.541684 -0.000034 
3817.408057 -0.000035 
3816.274430 -0.000058 
3815.140803 -0.000078 
3814.007176 -0.000051 
3812.873549 0.000003 
3811.739922 0.000023 
3810.606295 0.000019 
3809.472668 0.000012 
3808.339041 0.000018 
3807.205414 0.000027 
3806.071787 0.000013 
3804.938160 0.000003 
3803.804533 0.000006 
3802.670906 -0.000002 
3801.537279 -0.000024 
3800.403652 -0.000045 
3799.270025 -0.000039 
3798.136398 -0.000025 
3797.002771 -0.000031 
3795.869144 -0.000038 
3794.735517 -0.000030 
3793.601890 -0.000012 
3792.468263 -0.000000 
3791.334636 0.000010 
3790.201010 0.000023 
3789.067383 0.000027 
3787.933756 0.000024 
3786.800129 0.000025 
3785.666502 0.000034 
3784.532875 0.000036 
3783.399248 0.000032 
3782.265621 0.000026 
3781.131994 0.000018 
3779.998367 0.000003 
3778.864740 -0.000011 
3777.731113 -0.000010 
3776.597486 0.000015 
3775.463859 0.000038 
3774.330232 0.000041 
3773.196605 0.000036 
3772.062978 0.000035 
3770.929351 0.000026 
3769.795724 0.000009 
3768.662097 -0.000008 
3767.528470 -0.000011 
3766.394843 0.000000 
3765.261216 0.000005 
3764.127589 0.000010 
3762.993962 0.000033 
3761.860335 0.000041 
3760.726708 0.000025 
3759.593081 0.000010 
3758.459454 0.000020 
3757.325827 0.000037 
3756.192200 0.000060 
3755.058573 0.000076 
3753.924946 0.000063 
3752.791319 0.000015 
3751.657692 -0.000019 
3750.524065 -0.000006 
3749.390438 0.000003 
3748.256811 -0.000014 
3747.123184 -0.000021 
3745.989557 -0.000035 
3744.855930 -0.000072 
3743.722304 -0.000097 
3742.588677 -0.000058 
3741.455050 0.000027 
3740.321423 0.000063 
3739.187796 0.000070 
3738.054169 0.000070 
3736.920542 0.000033 
3735.786915 -0.000018 
3734.653288 -0.000058 
3733.519661 -0.000067 
3732.386034 -0.000047 
3731.252407 -0.000033 
3730.118780 -0.000017 
3728.985153 0.000011 
3727.851526 0.000022 
3726.717899 0.000013 
3725.584272 0.000002 
3724.450645 -0.000000 
3723.317018 -0.000001 
3722.183391 -0.000005 
3721.049764 -0.000012 
3719.916137 -0.000006 
3718.782510 0.000018 
3717.648883 0.000039 
3716.515256 0.000053 
3715.381629 0.000059 
3714.248002 0.000044 
3713.114375 0.000016 
3711.980748 -0.000018 
3710.847121 -0.000049 
3709.713494 -0.000052 
3708.579867 -0.000035 
3707.446240 -0.000009 
3706.312613 0.000016 
3705.178986 0.000022 
3704.045359 0.000021 
3702.911732 0.000017 
3701.778105 0.000007 
3700.644478 -0.000003 
3699.510851 -0.000002 
3698.377224 0.000013 
3697.243597 0.000027 
3696.109971 0.000032 
3694.976344 0.000053 
3693.842717 0.000068 
3692.709090 0.000058 
3691.575463 0.000029 
3690.441836 -0.000006 
3689.308209 -0.000030 
3688.174582 -0.000045 
3687.040955 -0.000049 
3685.907328 -0.000022 
3684.773701 0.000004 
3683.640074 0.000010 
3682.506447 0.000031 
3681.372820 0.000071 
3680.239193 0.000085 
3679.105566 0.000056 
3677.971939 0.000026 
3676.838312 0.000012 
3675.704685 -0.000001 
3674.571058 -0.000019 
3673.437431 -0.000021 
3672.303804 -0.000009 
3671.170177 -0.000021 
3670.036550 -0.000054 
3668.902923 -0.000065 
3667.769296 -0.000047 
3666.635669 -0.000021 
3665.502042 -0.000004 
3664.368415 -0.000002 
3663.234788 0.000012 
3662.101161 0.000030 
3660.967534 0.000032 
3659.833907 0.000020 
3658.700280 0.000007 
3657.566653 0.000004 
3656.433026 0.000008 
3655.299399 0.000014 
3654.165772 0.000039 
3653.032145 0.000058 
3651.898518 0.000036 
3650.764891 -0.000011 
3649.631265 -0.000055 
3648.497638 -0.000078 
3647.364011 -0.000080 
3646.230384 -0.000069 
3645.096757 -0.000044 
3643.963130 -0.000014 
3642.829503 -0.000004 
3641.695876 -0.000004 
3640.562249 0.000005 
3639.428622 0.000014 
3638.294995 0.000008 
3637.161368 -0.000002 
3636.027741 0.000015 
3634.894114 0.000050 
3633.760487 0.000063 
3632.626860 0.000051 
3631.493233 0.000031 
3630.359606 -0.000001 
3629.225979 -0.000045 
3628.092352 -0.000081 
3626.958725 -0.000068 
3625.825098 -0.000020 
3624.691471 0.000019 
3623.557844 0.000040 
3622.424217 0.000040 
3621.290590 0.000028 
3620.156963 0.000010 
3619.023336 -0.000003 
3617.889709 -0.000013 
3616.756082 -0.000011 
3615.622455 0.000004 
3614.488828 0.000012 
3613.355201 0.000011 
3612.221574 0.000006 
3611.087947 -0.000001 
3609.954320 -0.000004 
3608.820693 -0.000011 
3607.687066 -0.000011 
3606.553439 0.000003 
3605.419812 0.000017 
3604.286185 0.000029 
3603.152559 0.000034 
3602.018932 0.000038 
3600.885305 0.000039 
3599.751678 0.000041 
3598.618051 0.000044 
3597.484424 0.000042 
3596.350797 0.000036 
3595.217170 0.000039 
3594.083543 0.000050 
3592.949916 0.000070 
3591.816289 0.000082 
3590.682662 0.000084 
3589.549035 0.000077 
3588.415408 0.000062 
3587.281781 0.000050 
3586.148154 0.000051 
3585.014527 0.000065 
3583.880900 0.000085 
3582.747273 0.000100 
3581.613646 0.000109 
3580.480019 0.000115 
3579.346392 0.000116 
3578.212765 0.000120 
3577.079138 0.000126 
3575.945511 0.000129 
3574.811884 0.000141 
3573.678257 0.000162 
3572.544630 0.000184 
3571.411003 0.000192 
3570.277376 0.000185 
3569.143749 0.000172 
3568.010122 0.000156 
3566.876495 0.000144 
3565.742868 0.000147 
3564.609241 0.000166 
3563.475614 0.000194 
3562.341987 0.000214 
3561.208360 0.000228 
3560.074733 0.000243 
3558.941106 0.000258 
3557.807479 0.000274 
3556.673853 0.000286 
3555.540226 0.000295 
3554.406599 0.000305 
3553.272972 0.000317 
3552.139345 0.000331 
3551.005718 0.000348 
3549.872091 0.000365 
3548.738464 0.000378 
3547.604837 0.000383 
3546.471210 0.000389 
3545.337583 0.000395 
3544.203956 0.000407 
3543.070329 0.000429 
3541.936702 0.000453 
3540.803075 0.000476 
3539.669448 0.000496 
3538.535821 0.000515 
3537.402194 0.000535 
3536.268567 0.000556 
3535.134940 0.000581 
3534.001313 0.000611 
3532.867686 0.000641 
3531.734059 0.000668 
3530.600432 0.000696 
3529.466805 0.000725 
3528.333178 0.000753 
3527.199551 0.000784 
3526.065924 0.000818 
3524.932297 0.000854 
3523.798670 0.000894 
3522.665043 0.000936 
3521.531416 0.000983 
3520.397789 0.001034 
3519.264162 0.001089 
3518.130535 0.001145 
3516.996908 0.001206 
3515.863281 0.001274 
3514.729654 0.001343 
3513.596027 0.001410 
3512.462400 0.001479 
3511.328773 0.001551 
3510.195147 0.001630 
3509.061520 0.001711 
3507.927893 0.001796 
3506.794266 0.001889 
3505.660639 0.001982 
3504.527012 0.002075 
3503.393385 0.002171 
3502.259758 0.002272 
3501.126131 0.002381 
3499.992504 0.002494 
3498.858877 0.002611 
3497.725250 0.002731 
3496.591623 0.002855 
3495.457996 0.002982 
3494.324369 0.003112 
3493.190742 0.003241 
3492.057115 0.003374 
3490.923488 0.003510 
3489.789861 0.003649 
3488.656234 0.003788 
3487.522607 0.003927 
3486.388980 0.004067 
3485.255353 0.004207 
3484.121726 0.004345 
3482.988099 0.004487 
3481.854472 0.004634 
3480.720845 0.004785 
3479.587218 0.004940 
3478.453591 0.005096 
3477.319964 0.005249 
3476.186337 0.005397 
3475.052710 0.005537 
3473.919083 0.005671 
3472.785456 0.005803 
3471.651829 0.005937 
3470.518202 0.006073 
3469.384575 0.006214 
3468.250948 0.006358 
3467.117321 0.006500 
3465.983694 0.006634 
3464.850067 0.006761 
3463.716441 0.006885 
3462.582814 0.007009 
3461.449187 0.007134 
3460.315560 0.007262 
3459.181933 0.007394 
3458.048306 0.007524 
3456.914679 0.007652 
3455.781052 0.007775 
3454.647425 0.007896 
3453.513798 0.008020 
3452.380171 0.008147 
3451.246544 0.008276 
3450.112917 0.008403 
3448.979290 0.008527 
3447.845663 0.008651 
3446.712036 0.008774 
3445.578409 0.008898 
3444.444782 0.009026 
3443.311155 0.009150 
3442.177528 0.009272 
3441.043901 0.009388 
3439.910274 0.009506 
3438.776647 0.009638 
3437.643020 0.009783 
3436.509393 0.009935 
3435.375766 0.010091 
3434.242139 0.010247 
3433.108512 0.010404 
3431.974885 0.010563 
3430.841258 0.010727 
3429.707631 0.010898 
3428.574004 0.011070 
3427.440377 0.011236 
3426.306750 0.011396 
3425.173123 0.011550 
3424.039496 0.011703 
3422.905869 0.011855 
3421.772242 0.012012 
3420.638615 0.012168 
3419.504988 0.012315 
3418.371361 0.012456 
3417.237735 0.012598 
3416.104108 0.012745 
3414.970481 0.012893 
3413.836854 0.013043 
3412.703227 0.013202 
3411.569600 0.013362 
3410.435973 0.013516 
3409.302346 0.013665 
3408.168719 0.013810 
3407.035092 0.013934 
3405.901465 0.014030 
3404.767838 0.014119 
3403.634211 0.014223 
3402.500584 0.014346 
3401.366957 0.014485 
3400.233330 0.014633 
3399.099703 0.014775 
3397.966076 0.014889 
3396.832449 0.014965 
3395.698822 0.015037 
3394.565195 0.015125 
3393.431568 0.015228 
3392.297941 0.015338 
3391.164314 0.015448 
3390.030687 0.015554 
3388.897060 0.015644 
3387.763433 0.015712 
3386.629806 0.015766 
3385.496179 0.015808 
3384.362552 0.015848 
3383.228925 0.015884 
3382.095298 0.015912 
3380.961671 0.015943 
3379.828044 0.015983 
3378.694417 0.016030 
3377.560790 0.016073 
3376.427163 0.016098 
3375.293536 0.016108 
3374.159909 0.016104 
3373.026282 0.016092 
3371.892655 0.016086 
3370.759029 0.016105 
3369.625402 0.016158 
3368.491775 0.016230 
3367.358148 0.016294 
3366.224521 0.016337 
3365.090894 0.016357 
3363.957267 0.016366 
3362.823640 0.016373 
3361.690013 0.016388 
3360.556386 0.016411 
3359.422759 0.016435 
3358.289132 0.016455 
3357.155505 0.016451 
3356.021878 0.016423 
3354.888251 0.016395 
3353.754624 0.016389 
3352.620997 0.016405 
3351.487370 0.016438 
3350.353743 0.016481 
3349.220116 0.016523 
3348.086489 0.016547 
3346.952862 0.016557 
3345.819235 0.016563 
3344.685608 0.016563 
3343.551981 0.016567 
3342.418354 0.016582 
3341.284727 0.016605 
3340.151100 0.016638 
3339.017473 0.016685 
3337.883846 0.016748 
3336.750219 0.016809 
3335.616592 0.016854 
3334.482965 0.016891 
3333.349338 0.016923 
3332.215711 0.016946 
3331.082084 0.016956 
3329.948457 0.016965 
3328.814830 0.016982 
3327.681203 0.017007 
3326.547576 0.017044 
3325.413949 0.017093 
3324.280323 0.017152 
3323.146696 0.017206 
3322.013069 0.017243 
3320.879442 0.017274 
3319.745815 0.017303 
3318.612188 0.017326 
3317.478561 0.017354 
3316.344934 0.017377 
3315.211307 0.017391 
3314.077680 0.017398 
3312.944053 0.017392 
3311.810426 0.017376 
3310.676799 0.017355 
3309.543172 0.017346 
3308.409545 0.017371 
3307.275918 0.017423 
3306.142291 0.017491 
3305.008664 0.017564 
3303.875037 0.017626 
3302.741410 0.017658 
3301.607783 0.017652 
3300.474156 0.017630 
3299.340529 0.017611 
3298.206902 0.017592 
3297.073275 0.017582 
3295.939648 0.017584 
3294.806021 0.017605 
3293.672394 0.017639 
3292.538767 0.017677 
3291.405140 0.017717 
3290.271513 0.017748 
3289.137886 0.017759 
3288.004259 0.017751 
3286.870632 0.017731 
3285.737005 0.017717 
3284.603378 0.017706 
3283.469751 0.017699 
3282.336124 0.017695 
3281.202497 0.017678 
3280.068870 0.017655 
3278.935243 0.017628 
3277.801617 0.017594 
3276.667990 0.017553 
3275.534363 0.017507 
3274.400736 0.017475 
3273.267109 0.017459 
3272.133482 0.017453 
3270.999855 0.017461 
3269.866228 0.017474 
3268.732601 0.017478 
3267.598974 0.017465 
3266.465347 0.017433 
3265.331720 0.017399 
3264.198093 0.017362 
3263.064466 0.017319 
3261.930839 0.017272 
3260.797212 0.017220 
3259.663585 0.017176 
3258.529958 0.017140 
3257.396331 0.017108 
3256.262704 0.017080 
3255.129077 0.017049 
3253.995450 0.017008 
3252.861823 0.016948 
3251.728196 0.016875 
3250.594569 0.016809 
3249.460942 0.016753 
3248.327315 0.016707 
3247.193688 0.016673 
3246.060061 0.016647 
3244.926434 0.016622 
3243.792807 0.016585 
3242.659180 0.016538 
3241.525553 0.016487 
3240.391926 0.016420 
3239.258299 0.016334 
3238.124672 0.016242 
3236.991045 0.016158 
3235.857418 0.016090 
3234.723791 0.016035 
3233.590164 0.015993 
3232.456537 0.015957 
3231.322911 0.015913 
3230.189284 0.015855 
3229.055657 0.015785 
3227.922030 0.015717 
3226.788403 0.015651 
3225.654776 0.015578 
3224.521149 0.015498 
3223.387522 0.015418 
3222.253895 0.015340 
3221.120268 0.015263 
3219.986641 0.015184 
3218.853014 0.015107 
3217.719387 0.015029 
3216.585760 0.014949 
3215.452133 0.014866 
3214.318506 0.014781 
3213.184879 0.014699 
3212.051252 0.014613 
3210.917625 0.014521 
3209.783998 0.014428 
3208.650371 0.014336 
3207.516744 0.014249 
3206.383117 0.014165 
3205.249490 0.014083 
3204.115863 0.014002 
3202.982236 0.013922 
3201.848609 0.013841 
3200.714982 0.013754 
3199.581355 0.013663 
3198.447728 0.013572 
3197.314101 0.013478 
3196.180474 0.013383 
3195.046847 0.013286 
3193.913220 0.013187 
3192.779593 0.013087 
3191.645966 0.012989 
3190.512339 0.012895 
3189.378712 0.012805 
3188.245085 0.012715 
3187.111458 0.012624 
3185.977831 0.012531 
3184.844205 0.012434 
3183.710578 0.012336 
3182.576951 0.012239 
3181.443324 0.012144 
3180.309697 0.012049 
3179.176070 0.011952 
3178.042443 0.011853 
3176.908816 0.011755 
3175.775189 0.011656 
3174.641562 0.011554 
3173.507935 0.011449 
3172.374308 0.011347 
3171.240681 0.011251 
3170.107054 0.011154 
3168.973427 0.011057 
3167.839800 0.010962 
3166.706173 0.010867 
3165.572546 0.010771 
3164.438919 0.010673 
3163.305292 0.010579 
3162.171665 0.010489 
3161.038038 0.010398 
3159.904411 0.010306 
3158.770784 0.010210 
3157.637157 0.010110 
3156.503530 0.010009 
3155.369903 0.009912 
3154.236276 0.009823 
3153.102649 0.009741 
3151.969022 0.009662 
3150.835395 0.009584 
3149.701768 0.009502 
3148.568141 0.009416 
3147.434514 0.009329 
3146.300887 0.009242 
3145.167260 0.009153 
3144.033633 0.009062 
3142.900006 0.008972 
3141.766379 0.008889 
3140.632752 0.008812 
3139.499125 0.008741 
3138.365498 0.008673 
3137.231872 0.008602 
3136.098245 0.008524 
3134.964618 0.008438 
3133.830991 0.008354 
3132.697364 0.008273 
3131.563737 0.008197 
3130.430110 0.008124 
3129.296483 0.008055 
3128.162856 0.007988 
3127.029229 0.007914 
3125.895602 0.007834 
3124.761975 0.007752 
3123.628348 0.007670 
3122.494721 0.007591 
3121.361094 0.007519 
3120.227467 0.007453 
3119.093840 0.007393 
3117.960213 0.007335 
3116.826586 0.007277 
3115.692959 0.007217 
3114.559332 0.007152 
3113.425705 0.007082 
3112.292078 0.007013 
3111.158451 0.006945 
3110.024824 0.006879 
3108.891197 0.006816 
3107.757570 0.006756 
3106.623943 0.006693 
3105.490316 0.006623 
3104.356689 0.006552 
3103.223062 0.006482 
3102.089435 0.006418 
3100.955808 0.006358 
3099.822181 0.006300 
3098.688554 0.006244 
3097.554927 0.006184 
3096.421300 0.006117 
3095.287673 0.006046 
3094.154046 0.005976 
3093.020419 0.005908 
3091.886792 0.005843 
3090.753166 0.005780 
3089.619539 0.005718 
3088.485912 0.005657 
3087.352285 0.005595 
3086.218658 0.005533 
3085.085031 0.005473 
3083.951404 0.005412 
3082.817777 0.005351 
3081.684150 0.005292 
3080.550523 0.005236 
3079.416896 0.005184 
3078.283269 0.005132 
3077.149642 0.005078 
3076.016015 0.005025 
3074.882388 0.004968 
3073.748761 0.004909 
3072.615134 0.004851 
3071.481507 0.004793 
3070.347880 0.004737 
3069.214253 0.004681 
3068.080626 0.004625 
3066.946999 0.004573 
3065.813372 0.004522 
3064.679745 0.004472 
3063.546118 0.004422 
3062.412491 0.004370 
3061.278864 0.004318 
3060.145237 0.004262 
3059.011610 0.004205 
3057.877983 0.004152 
3056.744356 0.004099 
3055.610729 0.004047 
3054.477102 0.003999 
3053.343475 0.003954 
3052.209848 0.003910 
3051.076221 0.003861 
3049.942594 0.003811 
3048.808967 0.003759 
3047.675340 0.003709 
3046.541713 0.003660 
3045.408086 0.003615 
3044.274460 0.003573 
3043.140833 0.003532 
3042.007206 0.003490 
3040.873579 0.003447 
3039.739952 0.003402 
3038.606325 0.003358 
3037.472698 0.003316 
3036.339071 0.003275 
3035.205444 0.003236 
3034.071817 0.003198 
3032.938190 0.003160 
3031.804563 0.003122 
3030.670936 0.003083 
3029.537309 0.003045 
3028.403682 0.003008 
3027.270055 0.002972 
3026.136428 0.002937 
3025.002801 0.002902 
3023.869174 0.002869 
3022.735547 0.002839 
3021.601920 0.002812 
3020.468293 0.002786 
3019.334666 0.002760 
3018.201039 0.002737 
3017.067412 0.002716 
3015.933785 0.002698 
3014.800158 0.002685 
3013.666531 0.002679 
3012.532904 0.002680 
3011.399277 0.002685 
3010.265650 0.002695 
3009.132023 0.002713 
3007.998396 0.002742 
3006.864769 0.002781 
3005.731142 0.002834 
3004.597515 0.002905 
3003.463888 0.002999 
3002.330261 0.003117 
3001.196634 0.003264 
3000.063007 0.003441 
2998.929380 0.003657 
2997.795754 0.003914 
2996.662127 0.004216 
2995.528500 0.004569 
2994.394873 0.004976 
2993.261246 0.005449 
2992.127619 0.005987 
2990.993992 0.006591 
2989.860365 0.007264 
2988.726738 0.008008 
2987.593111 0.008835 
2986.459484 0.009739 
2985.325857 0.010722 
2984.192230 0.011784 
2983.058603 0.012932 
2981.924976 0.014153 
2980.791349 0.015415 
2979.657722 0.016687 
2978.524095 0.017943 
2977.390468 0.019127 
2976.256841 0.020185 
2975.123214 0.021063 
2973.989587 0.021702 
2972.855960 0.022021 
2971.722333 0.021934 
2970.588706 0.021456 
2969.455079 0.020604 
2968.321452 0.019415 
2967.187825 0.017940 
2966.054198 0.016303 
2964.920571 0.014608 
2963.786944 0.012943 
2962.653317 0.011382 
2961.519690 0.010005 
2960.386063 0.008816 
2959.252436 0.007823 
2958.118809 0.007022 
2956.985182 0.006416 
2955.851555 0.005986 
2954.717928 0.005693 
2953.584301 0.005518 
2952.450674 0.005439 
2951.317048 0.005443 
2950.183421 0.005502 
2949.049794 0.005600 
2947.916167 0.005730 
2946.782540 0.005886 
2945.648913 0.006058 
2944.515286 0.006244 
2943.381659 0.006445 
2942.248032 0.006659 
2941.114405 0.006890 
2939.980778 0.007136 
2938.847151 0.007391 
2937.713524 0.007647 
2936.579897 0.007894 
2935.446270 0.008111 
2934.312643 0.008291 
2933.179016 0.008427 
2932.045389 0.008514 
2930.911762 0.008547 
2929.778135 0.008527 
2928.644508 0.008476 
2927.510881 0.008407 
2926.377254 0.008327 
2925.243627 0.008251 
2924.110000 0.008191 
2922.976373 0.008146 
2921.842746 0.008119 
2920.709119 0.008110 
2919.575492 0.008126 
2918.441865 0.008164 
2917.308238 0.008218 
2916.174611 0.008286 
2915.040984 0.008367 
2913.907357 0.008461 
2912.773730 0.008566 
2911.640103 0.008681 
2910.506476 0.008802 
2909.372849 0.008930 
2908.239222 0.009062 
2907.105595 0.009195 
2905.971968 0.009331 
2904.838342 0.009469 
2903.704715 0.009601 
2902.571088 0.009722 
2901.437461 0.009827 
2900.303834 0.009912 
2899.170207 0.009976 
2898.036580 0.010017 
2896.902953 0.010040 
2895.769326 0.010047 
2894.635699 0.010037 
2893.502072 0.010010 
2892.368445 0.009968 
2891.234818 0.009920 
2890.101191 0.009869 
2888.967564 0.009816 
2887.833937 0.009767 
2886.700310 0.009723 
2885.566683 0.009688 
2884.433056 0.009665 
2883.299429 0.009658 
2882.165802 0.009667 
2881.032175 0.009692 
2879.898548 0.009726 
2878.764921 0.009767 
2877.631294 0.009807 
2876.497667 0.009840 
2875.364040 0.009864 
2874.230413 0.009869 
2873.096786 0.009842 
2871.963159 0.009775 
2870.829532 0.009669 
2869.695905 0.009527 
2868.562278 0.009351 
2867.428651 0.009141 
2866.295024 0.008909 
2865.161397 0.008662 
2864.027770 0.008407 
2862.894143 0.008151 
2861.760516 0.007904 
2860.626889 0.007670 
2859.493262 0.007451 
2858.359636 0.007247 
2857.226009 0.007060 
2856.092382 0.006891 
2854.958755 0.006738 
2853.825128 0.006600 
2852.691501 0.006475 
2851.557874 0.006359 
2850.424247 0.006248 
2849.290620 0.006141 
2848.156993 0.006041 
2847.023366 0.005945 
2845.889739 0.005853 
2844.756112 0.005769 
2843.622485 0.005692 
2842.488858 0.005623 
2841.355231 0.005563 
2840.221604 0.005510 
2839.087977 0.005464 
2837.954350 0.005422 
2836.820723 0.005377 
2835.687096 0.005326 
2834.553469 0.005266 
2833.419842 0.005197 
2832.286215 0.005120 
2831.152588 0.005033 
2830.018961 0.004940 
2828.885334 0.004838 
2827.751707 0.004729 
2826.618080 0.004615 
2825.484453 0.004495 
2824.350826 0.004376 
2823.217199 0.004260 
2822.083572 0.004149 
2820.949945 0.004041 
2819.816318 0.003937 
2818.682691 0.003839 
2817.549064 0.003747 
2816.415437 0.003661 
2815.281810 0.003582 
2814.148183 0.003508 
2813.014556 0.003438 
2811.880930 0.003373 
2810.747303 0.003311 
2809.613676 0.003252 
2808.480049 0.003194 
2807.346422 0.003137 
2806.212795 0.003080 
2805.079168 0.003023 
2803.945541 0.002967 
2802.811914 0.002912 
2801.678287 0.002858 
2800.544660 0.002807 
2799.411033 0.002756 
2798.277406 0.002705 
2797.143779 0.002656 
2796.010152 0.002610 
2794.876525 0.002570 
2793.742898 0.002535 
2792.609271 0.002505 
2791.475644 0.002480 
2790.342017 0.002459 
2789.208390 0.002439 
2788.074763 0.002421 
2786.941136 0.002405 
2785.807509 0.002392 
2784.673882 0.002383 
2783.540255 0.002377 
2782.406628 0.002374 
2781.273001 0.002371 
2780.139374 0.002371 
2779.005747 0.002373 
2777.872120 0.002377 
2776.738493 0.002381 
2775.604866 0.002388 
2774.471239 0.002398 
2773.337612 0.002408 
2772.203985 0.002418 
2771.070358 0.002430 
2769.936731 0.002445 
2768.803104 0.002460 
2767.669477 0.002476 
2766.535850 0.002494 
2765.402224 0.002513 
2764.268597 0.002533 
2763.134970 0.002553 
2762.001343 0.002572 
2760.867716 0.002591 
2759.734089 0.002610 
2758.600462 0.002628 
2757.466835 0.002646 
2756.333208 0.002665 
2755.199581 0.002682 
2754.065954 0.002698 
2752.932327 0.002713 
2751.798700 0.002726 
2750.665073 0.002735 
2749.531446 0.002742 
2748.397819 0.002746 
2747.264192 0.002748 
2746.130565 0.002747 
2744.996938 0.002744 
2743.863311 0.002739 
2742.729684 0.002731 
2741.596057 0.002717 
2740.462430 0.002701 
2739.328803 0.002682 
2738.195176 0.002663 
2737.061549 0.002642 
2735.927922 0.002620 
2734.794295 0.002596 
2733.660668 0.002571 
2732.527041 0.002545 
2731.393414 0.002517 
2730.259787 0.002487 
2729.126160 0.002456 
2727.992533 0.002422 
2726.858906 0.002385 
2725.725279 0.002346 
2724.591652 0.002308 
2723.458025 0.002269 
2722.324398 0.002229 
2721.190771 0.002188 
2720.057144 0.002145 
2718.923518 0.002103 
2717.789891 0.002061 
2716.656264 0.002019 
2715.522637 0.001980 
2714.389010 0.001942 
2713.255383 0.001908 
2712.121756 0.001874 
2710.988129 0.001844 
2709.854502 0.001818 
2708.720875 0.001796 
2707.587248 0.001779 
2706.453621 0.001765 
2705.319994 0.001754 
2704.186367 0.001744 
2703.052740 0.001731 
2701.919113 0.001716 
2700.785486 0.001696 
2699.651859 0.001671 
2698.518232 0.001644 
2697.384605 0.001615 
2696.250978 0.001583 
2695.117351 0.001550 
2693.983724 0.001517 
2692.850097 0.001483 
2691.716470 0.001449 
2690.582843 0.001415 
2689.449216 0.001384 
2688.315589 0.001353 
2687.181962 0.001325 
2686.048335 0.001298 
2684.914708 0.001271 
2683.781081 0.001243 
2682.647454 0.001216 
2681.513827 0.001190 
2680.380200 0.001165 
2679.246573 0.001139 
2678.112946 0.001116 
2676.979319 0.001095 
2675.845692 0.001074 
2674.712065 0.001055 
2673.578438 0.001037 
2672.444812 0.001020 
2671.311185 0.001005 
2670.177558 0.000992 
2669.043931 0.000981 
2667.910304 0.000973 
2666.776677 0.000967 
2665.643050 0.000961 
2664.509423 0.000957 
2663.375796 0.000955 
2662.242169 0.000954 
2661.108542 0.000955 
2659.974915 0.000958 
2658.841288 0.000961 
2657.707661 0.000966 
2656.574034 0.000970 
2655.440407 0.000974 
2654.306780 0.000977 
2653.173153 0.000979 
2652.039526 0.000982 
2650.905899 0.000985 
2649.772272 0.000988 
2648.638645 0.000992 
2647.505018 0.000996 
2646.371391 0.000999 
2645.237764 0.001000 
2644.104137 0.000999 
2642.970510 0.000999 
2641.836883 0.001000 
2640.703256 0.001002 
2639.569629 0.001005 
2638.436002 0.001008 
2637.302375 0.001011 
2636.168748 0.001013 
2635.035121 0.001016 
2633.901494 0.001021 
2632.767867 0.001025 
2631.634240 0.001029 
2630.500613 0.001033 
2629.366986 0.001035 
2628.233359 0.001035 
2627.099732 0.001032 
2625.966106 0.001029 
2624.832479 0.001024 
2623.698852 0.001016 
2622.565225 0.001006 
2621.431598 0.000994 
2620.297971 0.000981 
2619.164344 0.000966 
2618.030717 0.000952 
2616.897090 0.000939 
2615.763463 0.000928 
2614.629836 0.000918 
2613.496209 0.000909 
2612.362582 0.000903 
2611.228955 0.000898 
2610.095328 0.000894 
2608.961701 0.000889 
2607.828074 0.000886 
2606.694447 0.000883 
2605.560820 0.000881 
2604.427193 0.000878 
2603.293566 0.000877 
2602.159939 0.000877 
2601.026312 0.000875 
2599.892685 0.000872 
2598.759058 0.000869 
2597.625431 0.000867 
2596.491804 0.000863 
2595.358177 0.000859 
2594.224550 0.000855 
2593.090923 0.000850 
2591.957296 0.000845 
2590.823669 0.000840 
2589.690042 0.000834 
2588.556415 0.000829 
2587.422788 0.000825 
2586.289161 0.000821 
2585.155534 0.000817 
2584.021907 0.000813 
2582.888280 0.000809 
2581.754653 0.000805 
2580.621026 0.000801 
2579.487399 0.000797 
2578.353773 0.000793 
2577.220146 0.000789 
2576.086519 0.000784 
2574.952892 0.000781 
2573.819265 0.000779 
2572.685638 0.000777 
2571.552011 0.000776 
2570.418384 0.000775 
2569.284757 0.000777 
2568.151130 0.000778 
2567.017503 0.000780 
2565.883876 0.000783 
2564.750249 0.000787 
2563.616622 0.000791 
2562.482995 0.000796 
2561.349368 0.000800 
2560.215741 0.000806 
2559.082114 0.000812 
2557.948487 0.000821 
2556.814860 0.000830 
2555.681233 0.000839 
2554.547606 0.000850 
2553.413979 0.000860 
2552.280352 0.000869 
2551.146725 0.000876 
2550.013098 0.000884 
2548.879471 0.000891 
2547.745844 0.000898 
2546.612217 0.000904 
2545.478590 0.000910 
2544.344963 0.000914 
2543.211336 0.000914 
2542.077709 0.000912 
2540.944082 0.000908 
2539.810455 0.000904 
2538.676828 0.000898 
2537.543201 0.000893 
2536.409574 0.000888 
2535.275947 0.000882 
2534.142320 0.000875 
2533.008693 0.000866 
2531.875067 0.000857 
2530.741440 0.000848 
2529.607813 0.000837 
2528.474186 0.000828 
2527.340559 0.000821 
2526.206932 0.000815 
2525.073305 0.000810 
2523.939678 0.000806 
2522.806051 0.000803 
2521.672424 0.000800 
2520.538797 0.000797 
2519.405170 0.000796 
2518.271543 0.000796 
2517.137916 0.000796 
2516.004289 0.000795 
2514.870662 0.000795 
2513.737035 0.000794 
2512.603408 0.000795 
2511.469781 0.000795 
2510.336154 0.000796 
2509.202527 0.000796 
2508.068900 0.000797 
2506.935273 0.000797 
2505.801646 0.000795 
2504.668019 0.000793 
2503.534392 0.000790 
2502.400765 0.000786 
2501.267138 0.000780 
2500.133511 0.000773 
2498.999884 0.000765 
2497.866257 0.000757 
2496.732630 0.000748 
2495.599003 0.000738 
2494.465376 0.000727 
2493.331749 0.000717 
2492.198122 0.000706 
2491.064495 0.000694 
2489.930868 0.000683 
2488.797241 0.000672 
2487.663614 0.000660 
2486.529987 0.000650 
2485.396361 0.000640 
2484.262734 0.000630 
2483.129107 0.000621 
2481.995480 0.000612 
2480.861853 0.000602 
2479.728226 0.000591 
2478.594599 0.000580 
2477.460972 0.000569 
2476.327345 0.000558 
2475.193718 0.000545 
2474.060091 0.000533 
2472.926464 0.000522 
2471.792837 0.000511 
2470.659210 0.000499 
2469.525583 0.000486 
2468.391956 0.000474 
2467.258329 0.000462 
2466.124702 0.000450 
2464.991075 0.000437 
2463.857448 0.000424 
2462.723821 0.000411 
2461.590194 0.000398 
2460.456567 0.000387 
2459.322940 0.000376 
2458.189313 0.000367 
2457.055686 0.000359 
2455.922059 0.000351 
2454.788432 0.000342 
2453.654805 0.000333 
2452.521178 0.000324 
2451.387551 0.000316 
2450.253924 0.000309 
2449.120297 0.000302 
2447.986670 0.000296 
2446.853043 0.000290 
2445.719416 0.000285 
2444.585789 0.000280 
2443.452162 0.000277 
2442.318535 0.000274 
2441.184908 0.000273 
2440.051281 0.000273 
2438.917655 0.000274 
2437.784028 0.000275 
2436.650401 0.000277 
2435.516774 0.000281 
2434.383147 0.000286 
2433.249520 0.000294 
2432.115893 0.000302 
2430.982266 0.000310 
2429.848639 0.000319 
2428.715012 0.000327 
2427.581385 0.000336 
2426.447758 0.000344 
2425.314131 0.000354 
2424.180504 0.000364 
2423.046877 0.000374 
2421.913250 0.000382 
2420.779623 0.000391 
2419.645996 0.000400 
2418.512369 0.000407 
2417.378742 0.000413 
2416.245115 0.000420 
2415.111488 0.000425 
2413.977861 0.000429 
2412.844234 0.000433 
2411.710607 0.000435 
2410.576980 0.000434 
2409.443353 0.000430 
2408.309726 0.000424 
2407.176099 0.000415 
2406.042472 0.000405 
2404.908845 0.000393 
2403.775218 0.000381 
2402.641591 0.000368 
2401.507964 0.000355 
2400.374337 0.000341 
2399.240710 0.000328 
2398.107083 0.000316 
2396.973456 0.000306 
2395.839829 0.000296 
2394.706202 0.000288 
2393.572575 0.000279 
2392.438949 0.000269 
2391.305322 0.000260 
2390.171695 0.000251 
2389.038068 0.000242 
2387.904441 0.000234 
2386.770814 0.000227 
2385.637187 0.000221 
2384.503560 0.000215 
2383.369933 0.000211 
2382.236306 0.000209 
2381.102679 0.000207 
2379.969052 0.000207 
2378.835425 0.000207 
2377.701798 0.000206 
2376.568171 0.000205 
2375.434544 0.000205 
2374.300917 0.000206 
2373.167290 0.000208 
2372.033663 0.000210 
2370.900036 0.000210 
2369.766409 0.000210 
2368.632782 0.000210 
2367.499155 0.000209 
2366.365528 0.000209 
2365.231901 0.000208 
2364.098274 0.000208 
2362.964647 0.000207 
2361.831020 0.000206 
2360.697393 0.000205 
2359.563766 0.000202 
2358.430139 0.000198 
2357.296512 0.000192 
2356.162885 0.000183 
2355.029258 0.000172 
2353.895631 0.000159 
2352.762004 0.000151 
2351.628377 0.000146 
2350.494750 0.000143 
2349.361123 0.000141 
2348.227496 0.000138 
2347.093869 0.000133 
2345.960243 0.000127 
2344.826616 0.000122 
2343.692989 0.000125 
2342.559362 0.000136 
2341.425735 0.000151 
2340.292108 0.000163 
2339.158481 0.000165 
2338.024854 0.000153 
2336.891227 0.000129 
2335.757600 0.000101 
2334.623973 0.000073 
2333.490346 0.000053 
2332.356719 0.000040 
2331.223092 0.000032 
2330.089465 0.000028 
2328.955838 0.000025 
2327.822211 0.000022 
2326.688584 0.000019 
2325.554957 0.000017 
2324.421330 0.000015 
2323.287703 0.000011 
2322.154076 0.000009 
2321.020449 0.000006 
2319.886822 0.000004 
2318.753195 0.000003 
2317.619568 0.000001 
2316.485941 0.000001 
2315.352314 -0.000001 
2314.218687 -0.000003 
2313.085060 -0.000004 
2311.951433 -0.000004 
2310.817806 -0.000003 
2309.684179 -0.000001 
2308.550552 0.000001 
2307.416925 0.000002 
2306.283298 0.000001 
2305.149671 -0.000001 
2304.016044 -0.000001 
2302.882417 -0.000001 
2301.748790 -0.000001 
2300.615163 0.000001 
2299.481537 0.000001 
2298.347910 0.000001 
2297.214283 0.000001 
2296.080656 0.000000 
2294.947029 0.000001 
2293.813402 0.000002 
2292.679775 0.000003 
2291.546148 0.000004 
2290.412521 0.000004 
2289.278894 0.000005 
2288.145267 0.000005 
2287.011640 0.000005 
2285.878013 0.000005 
2284.744386 0.000005 
2283.610759 0.000005 
2282.477132 0.000006 
2281.343505 0.000007 
2280.209878 0.000008 
2279.076251 0.000009 
2277.942624 0.000012 
2276.808997 0.000015 
2275.675370 0.000019 
2274.541743 0.000024 
2273.408116 0.000030 
2272.274489 0.000036 
2271.140862 0.000042 
2270.007235 0.000048 
2268.873608 0.000056 
2267.739981 0.000064 
2266.606354 0.000073 
2265.472727 0.000084 
2264.339100 0.000094 
2263.205473 0.000104 
2262.071846 0.000114 
2260.938219 0.000122 
2259.804592 0.000129 
2258.670965 0.000134 
2257.537338 0.000137 
2256.403711 0.000137 
2255.270084 0.000134 
2254.136457 0.000129 
2253.002831 0.000121 
2251.869204 0.000111 
2250.735577 0.000101 
2249.601950 0.000091 
2248.468323 0.000081 
2247.334696 0.000071 
2246.201069 0.000064 
2245.067442 0.000058 
2243.933815 0.000055 
2242.800188 0.000052 
2241.666561 0.000051 
2240.532934 0.000049 
2239.399307 0.000046 
2238.265680 0.000043 
2237.132053 0.000040 
2235.998426 0.000039 
2234.864799 0.000038 
2233.731172 0.000037 
2232.597545 0.000037 
2231.463918 0.000035 
2230.330291 0.000032 
2229.196664 0.000030 
2228.063037 0.000030 
2226.929410 0.000029 
2225.795783 0.000030 
2224.662156 0.000030 
2223.528529 0.000030 
2222.394902 0.000029 
2221.261275 0.000028 
2220.127648 0.000027 
2218.994021 0.000027 
2217.860394 0.000027 
2216.726767 0.000026 
2215.593140 0.000025 
2214.459513 0.000024 
2213.325886 0.000023 
2212.192259 0.000023 
2211.058632 0.000023 
2209.925005 0.000023 
2208.791378 0.000022 
2207.657751 0.000021 
2206.524125 0.000020 
2205.390498 0.000018 
2204.256871 0.000016 
2203.123244 0.000014 
2201.989617 0.000013 
2200.855990 0.000013 
2199.722363 0.000013 
2198.588736 0.000014 
2197.455109 0.000015 
2196.321482 0.000014 
2195.187855 0.000013 
2194.054228 0.000013 
2192.920601 0.000012 
2191.786974 0.000011 
2190.653347 0.000010 
2189.519720 0.000011 
2188.386093 0.000011 
2187.252466 0.000011 
2186.118839 0.000012 
2184.985212 0.000012 
2183.851585 0.000011 
2182.717958 0.000011 
2181.584331 0.000012 
2180.450704 0.000013 
2179.317077 0.000014 
2178.183450 0.000015 
2177.049823 0.000015 
2175.916196 0.000014 
2174.782569 0.000012 
2173.648942 0.000012 
2172.515315 0.000013 
2171.381688 0.000013 
2170.248061 0.000014 
2169.114434 0.000014 
2167.980807 0.000013 
2166.847180 0.000012 
2165.713553 0.000012 
2164.579926 0.000014 
2163.446299 0.000015 
2162.312672 0.000017 
2161.179045 0.000019 
2160.045419 0.000020 
2158.911792 0.000021 
2157.778165 0.000023 
2156.644538 0.000026 
2155.510911 0.000029 
2154.377284 0.000031 
2153.243657 0.000034 
2152.110030 0.000037 
2150.976403 0.000039 
2149.842776 0.000041 
2148.709149 0.000045 
2147.575522 0.000050 
2146.441895 0.000056 
2145.308268 0.000063 
2144.174641 0.000072 
2143.041014 0.000079 
2141.907387 0.000086 
2140.773760 0.000091 
2139.640133 0.000097 
2138.506506 0.000100 
2137.372879 0.000104 
2136.239252 0.000107 
2135.105625 0.000109 
2133.971998 0.000111 
2132.838371 0.000112 
2131.704744 0.000112 
2130.571117 0.000110 
2129.437490 0.000107 
2128.303863 0.000102 
2127.170236 0.000094 
2126.036609 0.000086 
2124.902982 0.000078 
2123.769355 0.000070 
2122.635728 0.000061 
2121.502101 0.000054 
2120.368474 0.000046 
2119.234847 0.000036 
2118.101220 0.000026 
2116.967593 0.000017 
2115.833966 0.000010 
2114.700339 0.000004 
2113.566713 0.000002 
2112.433086 0.000000 
2111.299459 -0.000003 
2110.165832 -0.000006 
2109.032205 -0.000008 
2107.898578 -0.000008 
2106.764951 -0.000007 
2105.631324 -0.000004 
2104.497697 -0.000001 
2103.364070 0.000002 
2102.230443 0.000005 
2101.096816 0.000008 
2099.963189 0.000012 
2098.829562 0.000015 
2097.695935 0.000019 
2096.562308 0.000021 
2095.428681 0.000024 
2094.295054 0.000026 
2093.161427 0.000029 
2092.027800 0.000033 
2090.894173 0.000036 
2089.760546 0.000038 
2088.626919 0.000040 
2087.493292 0.000042 
2086.359665 0.000042 
2085.226038 0.000043 
2084.092411 0.000045 
2082.958784 0.000047 
2081.825157 0.000047 
2080.691530 0.000045 
2079.557903 0.000044 
2078.424276 0.000041 
2077.290649 0.000037 
2076.157022 0.000034 
2075.023395 0.000032 
2073.889768 0.000030 
2072.756141 0.000028 
2071.622514 0.000026 
2070.488887 0.000024 
2069.355260 0.000021 
2068.221633 0.000017 
2067.088007 0.000013 
2065.954380 0.000010 
2064.820753 0.000007 
2063.687126 0.000005 
2062.553499 0.000005 
2061.419872 0.000005 
2060.286245 0.000005 
2059.152618 0.000004 
2058.018991 0.000004 
2056.885364 0.000004 
2055.751737 0.000005 
2054.618110 0.000006 
2053.484483 0.000006 
2052.350856 0.000005 
2051.217229 0.000004 
2050.083602 0.000003 
2048.949975 0.000002 
2047.816348 0.000002 
2046.682721 0.000005 
2045.549094 0.000007 
2044.415467 0.000007 
2043.281840 0.000006 
2042.148213 0.000005 
2041.014586 0.000003 
2039.880959 0.000001 
2038.747332 0.000000 
2037.613705 0.000001 
2036.480078 0.000002 
2035.346451 0.000003 
2034.212824 0.000003 
2033.079197 0.000002 
2031.945570 0.000001 
2030.811943 0.000000 
2029.678316 -0.000001 
2028.544689 -0.000001 
2027.411062 -0.000001 
2026.277435 -0.000001 
2025.143808 -0.000001 
2024.010181 -0.000001 
2022.876554 0.000001 
2021.742927 0.000002 
2020.609301 0.000002 
2019.475674 0.000002 
2018.342047 0.000001 
2017.208420 -0.000001 
2016.074793 -0.000003 
2014.941166 -0.000004 
2013.807539 -0.000004 
2012.673912 -0.000003 
2011.540285 -0.000003 
2010.406658 -0.000003 
2009.273031 -0.000003 
2008.139404 -0.000003 
2007.005777 -0.000001 
2005.872150 0.000001 
2004.738523 0.000003 
2003.604896 0.000005 
2002.471269 0.000006 
2001.337642 0.000006 
2000.204015 0.000005 
1999.070388 0.000004 
1997.936761 0.000006 
1996.803134 0.000010 
1995.669507 0.000011 
1994.535880 0.000011 
1993.402253 0.000012 
1992.268626 0.000013 
1991.134999 0.000014 
1990.001372 0.000015 
1988.867745 0.000020 
1987.734118 0.000027 
1986.600491 0.000030 
1985.466864 0.000031 
1984.333237 0.000033 
1983.199610 0.000036 
1982.065983 0.000039 
1980.932356 0.000043 
1979.798729 0.000045 
1978.665102 0.000046 
1977.531475 0.000046 
1976.397848 0.000046 
1975.264221 0.000045 
1974.130594 0.000046 
1972.996968 0.000049 
1971.863341 0.000053 
1970.729714 0.000057 
1969.596087 0.000059 
1968.462460 0.000059 
1967.328833 0.000060 
1966.195206 0.000061 
1965.061579 0.000060 
1963.927952 0.000060 
1962.794325 0.000061 
1961.660698 0.000059 
1960.527071 0.000056 
1959.393444 0.000055 
1958.259817 0.000055 
1957.126190 0.000054 
1955.992563 0.000054 
1954.858936 0.000054 
1953.725309 0.000055 
1952.591682 0.000055 
1951.458055 0.000057 
1950.324428 0.000061 
1949.190801 0.000065 
1948.057174 0.000071 
1946.923547 0.000078 
1945.789920 0.000082 
1944.656293 0.000086 
1943.522666 0.000093 
1942.389039 0.000105 
1941.255412 0.000121 
1940.121785 0.000140 
1938.988158 0.000166 
1937.854531 0.000193 
1936.720904 0.000218 
1935.587277 0.000245 
1934.453650 0.000275 
1933.320023 0.000305 
1932.186396 0.000333 
1931.052769 0.000359 
1929.919142 0.000380 
1928.785515 0.000399 
1927.651888 0.000415 
1926.518262 0.000420 
1925.384635 0.000414 
1924.251008 0.000401 
1923.117381 0.000391 
1921.983754 0.000374 
1920.850127 0.000350 
1919.716500 0.000329 
1918.582873 0.000312 
1917.449246 0.000290 
1916.315619 0.000267 
1915.181992 0.000250 
1914.048365 0.000243 
1912.914738 0.000230 
1911.781111 0.000213 
1910.647484 0.000196 
1909.513857 0.000181 
1908.380230 0.000165 
1907.246603 0.000151 
1906.112976 0.000139 
1904.979349 0.000128 
1903.845722 0.000118 
1902.712095 0.000107 
1901.578468 0.000097 
1900.444841 0.000091 
1899.311214 0.000086 
1898.177587 0.000078 
1897.043960 0.000069 
1895.910333 0.000060 
1894.776706 0.000059 
1893.643079 0.000056 
1892.509452 0.000048 
1891.375825 0.000042 
1890.242198 0.000037 
1889.108571 0.000029 
1887.974944 0.000021 
1886.841317 0.000017 
1885.707690 0.000022 
1884.574063 0.000025 
1883.440436 0.000024 
1882.306809 0.000023 
1881.173182 0.000022 
1880.039556 0.000019 
1878.905929 0.000016 
1877.772302 0.000011 
1876.638675 0.000005 
1875.505048 0.000002 
1874.371421 0.000009 
1873.237794 0.000018 
1872.104167 0.000021 
1870.970540 0.000017 
1869.836913 0.000007 
1868.703286 -0.000006 
1867.569659 -0.000019 
1866.436032 -0.000026 
1865.302405 -0.000020 
1864.168778 -0.000010 
1863.035151 -0.000005 
1861.901524 -0.000003 
1860.767897 -0.000005 
1859.634270 -0.000006 
1858.500643 -0.000008 
1857.367016 -0.000010 
1856.233389 -0.000010 
1855.099762 -0.000011 
1853.966135 -0.000010 
1852.832508 -0.000005 
1851.698881 -0.000006 
1850.565254 -0.000009 
1849.431627 0.000002 
1848.298000 0.000009 
1847.164373 0.000003 
1846.030746 -0.000010 
1844.897119 -0.000023 
1843.763492 -0.000030 
1842.629865 -0.000036 
1841.496238 -0.000038 
1840.362611 -0.000022 
1839.228984 -0.000011 
1838.095357 -0.000012 
1836.961730 -0.000018 
1835.828103 -0.000018 
1834.694476 -0.000004 
1833.560850 0.000002 
1832.427223 -0.000005 
1831.293596 -0.000016 
1830.159969 -0.000014 
1829.026342 -0.000017 
1827.892715 -0.000026 
1826.759088 -0.000026 
1825.625461 -0.000014 
1824.491834 -0.000013 
1823.358207 -0.000018 
1822.224580 -0.000014 
1821.090953 -0.000001 
1819.957326 0.000003 
1818.823699 0.000001 
1817.690072 0.000001 
1816.556445 0.000003 
1815.422818 0.000011 
1814.289191 0.000015 
1813.155564 0.000019 
1812.021937 0.000019 
1810.888310 0.000015 
1809.754683 0.000011 
1808.621056 0.000009 
1807.487429 0.000015 
1806.353802 0.000025 
1805.220175 0.000032 
1804.086548 0.000037 
1802.952921 0.000031 
1801.819294 0.000023 
1800.685667 0.000015 
1799.552040 0.000004 
1798.418413 0.000009 
1797.284786 0.000030 
1796.151159 0.000047 
1795.017532 0.000052 
1793.883905 0.000041 
1792.750278 0.000031 
1791.616651 0.000022 
1790.483024 0.000018 
1789.349397 0.000032 
1788.215770 0.000056 
1787.082144 0.000068 
1785.948517 0.000077 
1784.814890 0.000082 
1783.681263 0.000082 
1782.547636 0.000078 
1781.414009 0.000084 
1780.280382 0.000092 
1779.146755 0.000087 
1778.013128 0.000097 
1776.879501 0.000127 
1775.745874 0.000139 
1774.612247 0.000126 
1773.478620 0.000119 
1772.344993 0.000113 
1771.211366 0.000100 
1770.077739 0.000084 
1768.944112 0.000084 
1767.810485 0.000103 
1766.676858 0.000126 
1765.543231 0.000130 
1764.409604 0.000136 
1763.275977 0.000135 
1762.142350 0.000134 
1761.008723 0.000134 
1759.875096 0.000124 
1758.741469 0.000118 
1757.607842 0.000127 
1756.474215 0.000146 
1755.340588 0.000151 
1754.206961 0.000149 
1753.073334 0.000155 
1751.939707 0.000150 
1750.806080 0.000125 
1749.672453 0.000097 
1748.538826 0.000085 
1747.405199 0.000095 
1746.271572 0.000092 
1745.137945 0.000098 
1744.004318 0.000109 
1742.870691 0.000101 
1741.737064 0.000078 
1740.603438 0.000059 
1739.469811 0.000082 
1738.336184 0.000109 
1737.202557 0.000096 
1736.068930 0.000084 
1734.935303 0.000078 
1733.801676 0.000052 
1732.668049 0.000019 
1731.534422 -0.000001 
1730.400795 0.000022 
1729.267168 0.000051 
1728.133541 0.000053 
1726.999914 0.000050 
1725.866287 0.000054 
1724.732660 0.000048 
1723.599033 0.000055 
1722.465406 0.000079 
1721.331779 0.000080 
1720.198152 0.000073 
1719.064525 0.000061 
1717.930898 0.000033 
1716.797271 -0.000002 
1715.663644 -0.000026 
1714.530017 -0.000014 
1713.396390 0.000011 
1712.262763 0.000024 
1711.129136 0.000044 
1709.995509 0.000060 
1708.861882 0.000059 
1707.728255 0.000039 
1706.594628 0.000019 
1705.461001 0.000058 
1704.327374 0.000069 
1703.193747 0.000043 
1702.060120 0.000019 
1700.926493 0.000028 
1699.792866 0.000024 
1698.659239 -0.000018 
1697.525612 -0.000045 
1696.391985 -0.000016 
1695.258358 -0.000000 
1694.124732 -0.000018 
1692.991105 -0.000019 
1691.857478 0.000003 
1690.723851 0.000013 
1689.590224 0.000037 
1688.456597 0.000061 
1687.322970 0.000046 
1686.189343 0.000016 
1685.055716 -0.000009 
1683.922089 -0.000036 
1682.788462 -0.000071 
1681.654835 -0.000083 
1680.521208 -0.000025 
1679.387581 0.000030 
1678.253954 0.000020 
1677.120327 0.000005 
1675.986700 -0.000001 
1674.853073 -0.000006 
1673.719446 -0.000004 
1672.585819 -0.000015 
1671.452192 -0.000012 
1670.318565 -0.000015 
1669.184938 -0.000037 
1668.051311 -0.000034 
1666.917684 -0.000022 
1665.784057 -0.000015 
1664.650430 -0.000004 
1663.516803 -0.000012 
1662.383176 -0.000024 
1661.249549 -0.000038 
1660.115922 -0.000046 
1658.982295 -0.000018 
1657.848668 0.000050 
1656.715041 0.000049 
1655.581414 0.000004 
1654.447787 -0.000048 
1653.314160 -0.000084 
1652.180533 -0.000099 
1651.046906 -0.000088 
1649.913279 -0.000056 
1648.779652 -0.000010 
1647.646026 -0.000014 
1646.512399 -0.000046 
1645.378772 -0.000064 
1644.245145 -0.000063 
1643.111518 -0.000043 
1641.977891 -0.000016 
1640.844264 0.000007 
1639.710637 0.000021 
1638.577010 0.000006 
1637.443383 -0.000019 
1636.309756 -0.000041 
1635.176129 -0.000059 
1634.042502 -0.000067 
1632.908875 -0.000056 
1631.775248 -0.000027 
1630.641621 -0.000001 
1629.507994 -0.000005 
1628.374367 -0.000000 
1627.240740 -0.000001 
1626.107113 -0.000013 
1624.973486 -0.000024 
1623.839859 -0.000030 
1622.706232 -0.000034 
1621.572605 -0.000018 
1620.438978 -0.000009 
1619.305351 -0.000002 
1618.171724 -0.000007 
1617.038097 -0.000023 
1615.904470 -0.000035 
1614.770843 -0.000041 
1613.637216 -0.000033 
1612.503589 -0.000004 
1611.369962 0.000005 
1610.236335 -0.000002 
1609.102708 -0.000005 
1607.969081 -0.000008 
1606.835454 -0.000011 
1605.701827 -0.000010 
1604.568200 -0.000008 
1603.434573 -0.000006 
1602.300946 -0.000005 
1601.167320 -0.000005 
1600.033693 -0.000003 
1598.900066 -0.000001 
1597.766439 -0.000001 
1596.632812 -0.000001 
1595.499185 -0.000001 
1594.365558 -0.000001 
1593.231931 -0.000002 
1592.098304 -0.000003 
1590.964677 -0.000002 
1589.831050 -0.000002 
1588.697423 -0.000003 
1587.563796 -0.000002 
1586.430169 0.000002 
1585.296542 0.000006 
1584.162915 0.000007 
1583.029288 0.000004 
1581.895661 0.000015 
1580.762034 0.000038 
1579.628407 0.000035 
1578.494780 0.000018 
1577.361153 0.000002 
1576.227526 -0.000013 
1575.093899 -0.000013 
1573.960272 0.000002 
1572.826645 0.000018 
1571.693018 0.000039 
1570.559391 0.000041 
1569.425764 0.000041 
1568.292137 0.000035 
1567.158510 0.000026 
1566.024883 0.000034 
1564.891256 0.000069 
1563.757629 0.000091 
1562.624002 0.000085 
1561.490375 0.000048 
1560.356748 0.000012 
1559.223121 -0.000007 
1558.089494 -0.000022 
1556.955867 -0.000023 
1555.822240 0.000016 
1554.688614 0.000074 
1553.554987 0.000102 
1552.421360 0.000087 
1551.287733 0.000080 
1550.154106 0.000101 
1549.020479 0.000110 
1547.886852 0.000105 
1546.753225 0.000114 
1545.619598 0.000125 
1544.485971 0.000137 
1543.352344 0.000127 
1542.218717 0.000098 
1541.085090 0.000082 
1539.951463 0.000073 
1538.817836 0.000085 
1537.684209 0.000117 
1536.550582 0.000140 
1535.416955 0.000169 
1534.283328 0.000184 
1533.149701 0.000183 
1532.016074 0.000185 
1530.882447 0.000197 
1529.748820 0.000221 
1528.615193 0.000234 
1527.481566 0.000238 
1526.347939 0.000255 
1525.214312 0.000267 
1524.080685 0.000267 
1522.947058 0.000270 
1521.813431 0.000291 
1520.679804 0.000307 
1519.546177 0.000312 
1518.412550 0.000331 
1517.278923 0.000372 
1516.145296 0.000406 
1515.011669 0.000422 
1513.878042 0.000453 
1512.744415 0.000502 
1511.610788 0.000554 
1510.477161 0.000581 
1509.343534 0.000587 
1508.209908 0.000602 
1507.076281 0.000633 
1505.942654 0.000685 
1504.809027 0.000766 
1503.675400 0.000877 
1502.541773 0.001011 
1501.408146 0.001144 
1500.274519 0.001262 
1499.140892 0.001386 
1498.007265 0.001523 
1496.873638 0.001668 
1495.740011 0.001822 
1494.606384 0.001982 
1493.472757 0.002122 
1492.339130 0.002252 
1491.205503 0.002361 
1490.071876 0.002431 
1488.938249 0.002476 
1487.804622 0.002502 
1486.670995 0.002521 
1485.537368 0.002534 
1484.403741 0.002534 
1483.270114 0.002538 
1482.136487 0.002554 
1481.002860 0.002576 
1479.869233 0.002593 
1478.735606 0.002607 
1477.601979 0.002630 
1476.468352 0.002648 
1475.334725 0.002657 
1474.201098 0.002677 
1473.067471 0.002732 
1471.933844 0.002827 
1470.800217 0.002957 
1469.666590 0.003133 
1468.532963 0.003346 
1467.399336 0.003559 
1466.265709 0.003760 
1465.132082 0.003950 
1463.998455 0.004124 
1462.864828 0.004278 
1461.731202 0.004418 
1460.597575 0.004519 
1459.463948 0.004555 
1458.330321 0.004540 
1457.196694 0.004512 
1456.063067 0.004487 
1454.929440 0.004470 
1453.795813 0.004478 
1452.662186 0.004525 
1451.528559 0.004563 
1450.394932 0.004573 
1449.261305 0.004573 
1448.127678 0.004571 
1446.994051 0.004559 
1445.860424 0.004526 
1444.726797 0.004474 
1443.593170 0.004399 
1442.459543 0.004297 
1441.325916 0.004196 
1440.192289 0.004072 
1439.058662 0.003930 
1437.925035 0.003801 
1436.791408 0.003698 
1435.657781 0.003627 
1434.524154 0.003592 
1433.390527 0.003596 
1432.256900 0.003644 
1431.123273 0.003683 
1429.989646 0.003713 
1428.856019 0.003751 
1427.722392 0.003787 
1426.588765 0.003809 
1425.455138 0.003828 
1424.321511 0.003855 
1423.187884 0.003871 
1422.054257 0.003856 
1420.920630 0.003819 
1419.787003 0.003769 
1418.653376 0.003701 
1417.519749 0.003615 
1416.386122 0.003522 
1415.252495 0.003441 
1414.118869 0.003347 
1412.985242 0.003228 
1411.851615 0.003090 
1410.717988 0.002940 
1409.584361 0.002790 
1408.450734 0.002632 
1407.317107 0.002470 
1406.183480 0.002302 
1405.049853 0.002138 
1403.916226 0.001988 
1402.782599 0.001842 
1401.648972 0.001701 
1400.515345 0.001580 
1399.381718 0.001471 
1398.248091 0.001369 
1397.114464 0.001285 
1395.980837 0.001236 
1394.847210 0.001245 
1393.713583 0.001314 
1392.579956 0.001456 
1391.446329 0.001691 
1390.312702 0.002044 
1389.179075 0.002485 
1388.045448 0.002987 
1386.911821 0.003512 
1385.778194 0.004011 
1384.644567 0.004429 
1383.510940 0.004748 
1382.377313 0.004956 
1381.243686 0.005062 
1380.110059 0.005078 
1378.976432 0.005033 
1377.842805 0.004938 
1376.709178 0.004796 
1375.575551 0.004618 
1374.441924 0.004411 
1373.308297 0.004180 
1372.174670 0.003914 
1371.041043 0.003614 
1369.907416 0.003288 
1368.773789 0.002945 
1367.640163 0.002605 
1366.506536 0.002293 
1365.372909 0.002036 
1364.239282 0.001861 
1363.105655 0.001767 
1361.972028 0.001740 
1360.838401 0.001767 
1359.704774 0.001834 
1358.571147 0.001921 
1357.437520 0.002004 
1356.303893 0.002082 
1355.170266 0.002159 
1354.036639 0.002243 
1352.903012 0.002342 
1351.769385 0.002456 
1350.635758 0.002583 
1349.502131 0.002715 
1348.368504 0.002851 
1347.234877 0.002985 
1346.101250 0.003114 
1344.967623 0.003242 
1343.833996 0.003364 
1342.700369 0.003475 
1341.566742 0.003577 
1340.433115 0.003669 
1339.299488 0.003755 
1338.165861 0.003833 
1337.032234 0.003905 
1335.898607 0.003974 
1334.764980 0.004037 
1333.631353 0.004091 
1332.497726 0.004132 
1331.364099 0.004163 
1330.230472 0.004182 
1329.096845 0.004191 
1327.963218 0.004190 
1326.829591 0.004178 
1325.695964 0.004159 
1324.562337 0.004136 
1323.428710 0.004106 
1322.295083 0.004068 
1321.161457 0.004021 
1320.027830 0.003968 
1318.894203 0.003909 
1317.760576 0.003847 
1316.626949 0.003779 
1315.493322 0.003705 
1314.359695 0.003623 
1313.226068 0.003529 
1312.092441 0.003419 
1310.958814 0.003290 
1309.825187 0.003147 
1308.691560 0.002991 
1307.557933 0.002824 
1306.424306 0.002648 
1305.290679 0.002466 
1304.157052 0.002282 
1303.023425 0.002098 
1301.889798 0.001916 
1300.756171 0.001742 
1299.622544 0.001578 
1298.488917 0.001426 
1297.355290 0.001287 
1296.221663 0.001166 
1295.088036 0.001063 
1293.954409 0.000977 
1292.820782 0.000910 
1291.687155 0.000867 
1290.553528 0.000849 
1289.419901 0.000856 
1288.286274 0.000887 
1287.152647 0.000943 
1286.019020 0.001021 
1284.885393 0.001116 
1283.751766 0.001223 
1282.618139 0.001337 
1281.484512 0.001452 
1280.350885 0.001560 
1279.217258 0.001659 
1278.083631 0.001740 
1276.950004 0.001801 
1275.816377 0.001833 
1274.682751 0.001824 
1273.549124 0.001774 
1272.415497 0.001677 
1271.281870 0.001537 
1270.148243 0.001358 
1269.014616 0.001157 
1267.880989 0.000954 
1266.747362 0.000765 
1265.613735 0.000602 
1264.480108 0.000476 
1263.346481 0.000380 
1262.212854 0.000309 
1261.079227 0.000258 
1259.945600 0.000221 
1258.811973 0.000193 
1257.678346 0.000171 
1256.544719 0.000154 
1255.411092 0.000141 
1254.277465 0.000128 
1253.143838 0.000117 
1252.010211 0.000109 
1250.876584 0.000101 
1249.742957 0.000094 
1248.609330 0.000088 
1247.475703 0.000082 
1246.342076 0.000077 
1245.208449 0.000072 
1244.074822 0.000067 
1242.941195 0.000062 
1241.807568 0.000058 
1240.673941 0.000054 
1239.540314 0.000050 
1238.406687 0.000047 
1237.273060 0.000044 
1236.139433 0.000042 
1235.005806 0.000039 
1233.872179 0.000036 
1232.738552 0.000033 
1231.604925 0.000030 
1230.471298 0.000027 
1229.337671 0.000024 
1228.204045 0.000022 
1227.070418 0.000019 
1225.936791 0.000017 
1224.803164 0.000014 
1223.669537 0.000012 
1222.535910 0.000009 
1221.402283 0.000007 
1220.268656 0.000005 
1219.135029 0.000003 
1218.001402 0.000003 
1216.867775 0.000002 
1215.734148 0.000002 
1214.600521 0.000003 
1213.466894 0.000003 
1212.333267 0.000004 
1211.199640 0.000005 
1210.066013 0.000007 
1208.932386 0.000009 
1207.798759 0.000010 
1206.665132 0.000011 
1205.531505 0.000011 
1204.397878 0.000011 
1203.264251 0.000011 
1202.130624 0.000012 
1200.996997 0.000013 
1199.863370 0.000015 
1198.729743 0.000018 
1197.596116 0.000021 
1196.462489 0.000024 
1195.328862 0.000026 
1194.195235 0.000027 
1193.061608 0.000030 
1191.927981 0.000032 
1190.794354 0.000034 
1189.660727 0.000036 
1188.527100 0.000039 
1187.393473 0.000042 
1186.259846 0.000045 
1185.126219 0.000050 
1183.992592 0.000056 
1182.858965 0.000063 
1181.725339 0.000069 
1180.591712 0.000077 
1179.458085 0.000085 
1178.324458 0.000094 
1177.190831 0.000105 
1176.057204 0.000119 
1174.923577 0.000134 
1173.789950 0.000154 
1172.656323 0.000178 
1171.522696 0.000210 
1170.389069 0.000254 
1169.255442 0.000311 
1168.121815 0.000382 
1166.988188 0.000464 
1165.854561 0.000551 
1164.720934 0.000638 
1163.587307 0.000715 
1162.453680 0.000776 
1161.320053 0.000818 
1160.186426 0.000843 
1159.052799 0.000857 
1157.919172 0.000867 
1156.785545 0.000878 
1155.651918 0.000893 
1154.518291 0.000907 
1153.384664 0.000914 
1152.251037 0.000912 
1151.117410 0.000898 
1149.983783 0.000871 
1148.850156 0.000833 
1147.716529 0.000789 
1146.582902 0.000744 
1145.449275 0.000702 
1144.315648 0.000666 
1143.182021 0.000640 
1142.048394 0.000624 
1140.914767 0.000619 
1139.781140 0.000624 
1138.647513 0.000639 
1137.513886 0.000661 
1136.380259 0.000689 
1135.246633 0.000720 
1134.113006 0.000750 
1132.979379 0.000779 
1131.845752 0.000805 
1130.712125 0.000828 
1129.578498 0.000846 
1128.444871 0.000860 
1127.311244 0.000870 
1126.177617 0.000875 
1125.043990 0.000877 
1123.910363 0.000873 
1122.776736 0.000862 
1121.643109 0.000847 
1120.509482 0.000828 
1119.375855 0.000806 
1118.242228 0.000783 
1117.108601 0.000761 
1115.974974 0.000743 
1114.841347 0.000731 
1113.707720 0.000727 
1112.574093 0.000740 
1111.440466 0.000776 
1110.306839 0.000851 
1109.173212 0.000994 
1108.039585 0.001244 
1106.905958 0.001649 
1105.772331 0.002205 
1104.638704 0.002909 
1103.505077 0.003736 
1102.371450 0.004659 
1101.237823 0.005632 
1100.104196 0.006620 
1098.970569 0.007597 
1097.836942 0.008537 
1096.703315 0.009398 
1095.569688 0.010158 
1094.436061 0.010799 
1093.302434 0.011308 
1092.168807 0.011672 
1091.035180 0.011881 
1089.901553 0.011956 
1088.767927 0.011909 
1087.634300 0.011750 
1086.500673 0.011484 
1085.367046 0.011133 
1084.233419 0.010710 
1083.099792 0.010220 
1081.966165 0.009663 
1080.832538 0.009029 
1079.698911 0.008325 
1078.565284 0.007554 
1077.431657 0.006727 
1076.298030 0.005860 
1075.164403 0.004987 
1074.030776 0.004143 
1072.897149 0.003364 
1071.763522 0.002673 
1070.629895 0.002107 
1069.496268 0.001663 
1068.362641 0.001337 
1067.229014 0.001127 
1066.095387 0.001069 
1064.961760 0.001300 
1063.828133 0.002002 
1062.694506 0.003391 
1061.560879 0.005584 
1060.427252 0.008579 
1059.293625 0.012056 
1058.159998 0.015627 
1057.026371 0.018942 
1055.892744 0.021750 
1054.759117 0.023870 
1053.625490 0.025439 
1052.491863 0.026526 
1051.358236 0.027176 
1050.224609 0.027406 
1049.090982 0.027251 
1047.957355 0.026771 
1046.823728 0.025978 
1045.690101 0.024872 
1044.556474 0.023414 
1043.422847 0.021652 
1042.289221 0.019647 
1041.155594 0.017487 
1040.021967 0.015279 
1038.888340 0.013142 
1037.754713 0.011144 
1036.621086 0.009322 
1035.487459 0.007693 
1034.353832 0.006274 
1033.220205 0.005056 
1032.086578 0.004014 
1030.952951 0.003138 
1029.819324 0.002416 
1028.685697 0.001850 
1027.552070 0.001403 
1026.418443 0.001057 
1025.284816 0.000794 
1024.151189 0.000600 
1023.017562 0.000461 
1021.883935 0.000359 
1020.750308 0.000284 
1019.616681 0.000227 
1018.483054 0.000184 
1017.349427 0.000149 
1016.215800 0.000120 
1015.082173 0.000096 
1013.948546 0.000076 
1012.814919 0.000060 
1011.681292 0.000048 
1010.547665 0.000038 
1009.414038 0.000030 
1008.280411 0.000023 
1007.146784 0.000016 
1006.013157 0.000009 
1004.879530 0.000005 
1003.745903 0.000001 
1002.612276 -0.000002 
1001.478649 -0.000004 
1000.345022 -0.000005 
999.211395 -0.000007 
998.077768 -0.000008 
996.944141 -0.000009 
995.810515 -0.000010 
994.676888 -0.000010 
993.543261 -0.000012 
992.409634 -0.000014 
991.276007 -0.000015 
990.142380 -0.000016 
989.008753 -0.000016 
987.875126 -0.000014 
986.741499 -0.000012 
985.607872 -0.000009 
984.474245 -0.000006 
983.340618 -0.000004 
982.206991 -0.000003 
981.073364 -0.000003 
979.939737 -0.000004 
978.806110 -0.000004 
977.672483 -0.000003 
976.538856 -0.000002 
975.405229 0.000000 
974.271602 0.000001 
973.137975 0.000000 
972.004348 0.000000 
970.870721 -0.000001 
969.737094 -0.000002 
968.603467 -0.000004 
967.469840 -0.000004 
966.336213 -0.000005 
965.202586 -0.000006 
964.068959 -0.000006 
962.935332 -0.000007 
961.801705 -0.000008 
960.668078 -0.000010 
959.534451 -0.000010 
958.400824 -0.000010 
957.267197 -0.000010 
956.133570 -0.000009 
954.999943 -0.000009 
953.866316 -0.000007 
952.732689 -0.000005 
951.599062 -0.000002 
950.465435 0.000003 
949.331809 0.000008 
948.198182 0.000013 
947.064555 0.000018 
945.930928 0.000022 
944.797301 0.000025 
943.663674 0.000028 
942.530047 0.000032 
941.396420 0.000037 
940.262793 0.000041 
939.129166 0.000047 
937.995539 0.000053 
936.861912 0.000059 
935.728285 0.000066 
934.594658 0.000075 
933.461031 0.000086 
932.327404 0.000095 
931.193777 0.000104 
930.060150 0.000115 
928.926523 0.000124 
927.792896 0.000134 
926.659269 0.000145 
925.525642 0.000156 
924.392015 0.000168 
923.258388 0.000180 
922.124761 0.000192 
920.991134 0.000204 
919.857507 0.000215 
918.723880 0.000229 
917.590253 0.000244 
916.456626 0.000259 
915.322999 0.000275 
914.189372 0.000294 
913.055745 0.000313 
911.922118 0.000333 
910.788491 0.000355 
909.654864 0.000379 
908.521237 0.000407 
907.387610 0.000437 
906.253983 0.000471 
905.120356 0.000512 
903.986729 0.000562 
902.853103 0.000624 
901.719476 0.000705 
900.585849 0.000813 
899.452222 0.000962 
898.318595 0.001174 
897.184968 0.001485 
896.051341 0.001922 
894.917714 0.002493 
893.784087 0.003179 
892.650460 0.003934 
891.516833 0.004675 
890.383206 0.005331 
889.249579 0.005857 
888.115952 0.006238 
886.982325 0.006493 
885.848698 0.006690 
884.715071 0.006871 
883.581444 0.007072 
882.447817 0.007307 
881.314190 0.007518 
880.180563 0.007614 
879.046936 0.007496 
877.913309 0.007103 
876.779682 0.006402 
875.646055 0.005502 
874.512428 0.004520 
873.378801 0.003575 
872.245174 0.002752 
871.111547 0.002092 
869.977920 0.001571 
868.844293 0.001170 
867.710666 0.000871 
866.577039 0.000662 
865.443412 0.000522 
864.309785 0.000429 
863.176158 0.000372 
862.042531 0.000337 
860.908904 0.000318 
859.775277 0.000309 
858.641650 0.000309 
857.508023 0.000315 
856.374396 0.000324 
855.240770 0.000336 
854.107143 0.000348 
852.973516 0.000357 
851.839889 0.000365 
850.706262 0.000373 
849.572635 0.000380 
848.439008 0.000388 
847.305381 0.000398 
846.171754 0.000407 
845.038127 0.000414 
843.904500 0.000421 
842.770873 0.000429 
841.637246 0.000436 
840.503619 0.000440 
839.369992 0.000447 
838.236365 0.000455 
837.102738 0.000464 
835.969111 0.000472 
834.835484 0.000479 
833.701857 0.000485 
832.568230 0.000488 
831.434603 0.000491 
830.300976 0.000493 
829.167349 0.000496 
828.033722 0.000501 
826.900095 0.000504 
825.766468 0.000508 
824.632841 0.000517 
823.499214 0.000530 
822.365587 0.000552 
821.231960 0.000585 
820.098333 0.000630 
818.964706 0.000686 
817.831079 0.000752 
816.697452 0.000829 
815.563825 0.000914 
814.430198 0.001005 
813.296571 0.001102 
812.162944 0.001202 
811.029317 0.001298 
809.895690 0.001389 
808.762064 0.001470 
807.628437 0.001540 
806.494810 0.001592 
805.361183 0.001623 
804.227556 0.001626 
803.093929 0.001593 
801.960302 0.001528 
800.826675 0.001433 
799.693048 0.001314 
798.559421 0.001185 
797.425794 0.001057 
796.292167 0.000941 
795.158540 0.000847 
794.024913 0.000778 
792.891286 0.000734 
791.757659 0.000708 
790.624032 0.000697 
789.490405 0.000695 
788.356778 0.000695 
787.223151 0.000698 
786.089524 0.000703 
784.955897 0.000705 
783.822270 0.000706 
782.688643 0.000711 
781.555016 0.000718 
780.421389 0.000723 
779.287762 0.000727 
778.154135 0.000734 
777.020508 0.000737 
775.886881 0.000736 
774.753254 0.000739 
773.619627 0.000744 
772.486000 0.000751 
771.352373 0.000756 
770.218746 0.000763 
769.085119 0.000771 
767.951492 0.000779 
766.817865 0.000781 
765.684238 0.000783 
764.550611 0.000785 
763.416984 0.000786 
762.283358 0.000788 
761.149731 0.000791 
760.016104 0.000798 
758.882477 0.000805 
757.748850 0.000812 
756.615223 0.000818 
755.481596 0.000819 
754.347969 0.000820 
753.214342 0.000822 
752.080715 0.000824 
750.947088 0.000828 
749.813461 0.000836 
748.679834 0.000848 
747.546207 0.000858 
746.412580 0.000866 
745.278953 0.000872 
744.145326 0.000876 
743.011699 0.000879 
741.878072 0.000884 
740.744445 0.000895 
739.610818 0.000901 
738.477191 0.000905 
737.343564 0.000911 
736.209937 0.000911 
735.076310 0.000911 
733.942683 0.000916 
732.809056 0.000927 
731.675429 0.000939 
730.541802 0.000949 
729.408175 0.000957 
728.274548 0.000964 
727.140921 0.000968 
726.007294 0.000971 
724.873667 0.000978 
723.740040 0.000985 
722.606413 0.000991 
721.472786 0.000996 
720.339159 0.001004 
719.205532 0.001017 
718.071905 0.001030 
716.938278 0.001042 
715.804652 0.001052 
714.671025 0.001062 
713.537398 0.001073 
712.403771 0.001080 
711.270144 0.001086 
710.136517 0.001099 
709.002890 0.001109 
707.869263 0.001118 
706.735636 0.001126 
705.602009 0.001136 
704.468382 0.001144 
703.334755 0.001151 
702.201128 0.001162 
701.067501 0.001182 
699.933874 0.001201 
698.800247 0.001214 
697.666620 0.001225 
696.532993 0.001230 
695.399366 0.001235 
694.265739 0.001242 
693.132112 0.001257 
691.998485 0.001277 
690.864858 0.001296 
689.731231 0.001307 
688.597604 0.001317 
687.463977 0.001326 
686.330350 0.001335 
685.196723 0.001349 
684.063096 0.001362 
682.929469 0.001375 
681.795842 0.001393 
680.662215 0.001409 
679.528588 0.001423 
678.394961 0.001429 
677.261334 0.001432 
676.127707 0.001440 
674.994080 0.001447 
673.860453 0.001445 
672.726826 0.001448 
671.593199 0.001454 
670.459572 0.001454 
669.325946 0.001450 
668.192319 0.001452 
667.058692 0.001453 
665.925065 0.001450 
664.791438 0.001440 
663.657811 0.001428 
662.524184 0.001411 
661.390557 0.001384 
660.256930 0.001359 
659.123303 0.001336 
657.989676 0.001307 
656.856049 0.001293 
655.722422 0.001288 
654.588795 0.001285 
653.455168 0.001284 
652.321541 0.001289 
651.187914 0.001295 
650.054287 0.001287 
648.920660 0.001284 
647.787033 0.001293 
646.653406 0.001292 
645.519779 0.001271 
644.386152 0.001243 
643.252525 0.001201 
642.118898 0.001139 
640.985271 0.001055 
639.851644 0.000984 
638.718017 0.000920 
637.584390 0.000878 
636.450763 0.000874 
635.317136 0.000844 
634.183509 0.000803 
633.049882 0.000787 
631.916255 0.000764 
630.782628 0.000705 
629.649001 0.000597 
628.515374 0.000498 
627.381747 0.000482 
626.248120 0.000417 
625.114493 0.000282 
623.980866 0.000190 
622.847240 0.000092 
621.713613 -0.000003 
620.579986 -0.000022 
619.446359 -0.000018 
618.312732 0.000034 
617.179105 0.000024 
616.045478 -0.000029 
614.911851 -0.000017 
613.778224 -0.000027 
612.644597 -0.000085 
611.510970 -0.000084 
610.377343 -0.000080 
609.243716 -0.000060 
608.110089 -0.000135 
606.976462 -0.000120 
605.842835 0.000037 
604.709208 0.000093 
603.575581 0.000078 
602.441954 0.000090 
601.308327 -0.000142 
600.174700 -0.000288 
