3999.922000 -0.000530 
3998.804843 -0.000257 
3997.687686 -0.000086 
3996.570529 -0.000372 
3995.453372 -0.000995 
3994.336215 -0.001839 
3993.219057 -0.002187 
3992.101900 -0.001401 
3990.984743 -0.000790 
3989.867586 -0.000316 
3988.750429 0.000952 
3987.633272 0.001647 
3986.516115 0.001589 
3985.398958 0.002207 
3984.281801 0.003585 
3983.164644 0.004813 
3982.047487 0.005795 
3980.930330 0.007081 
3979.813172 0.007699 
3978.696015 0.007751 
3977.578858 0.008464 
3976.461701 0.009046 
3975.344544 0.009250 
3974.227387 0.009769 
3973.110230 0.009610 
3971.993073 0.008358 
3970.875916 0.007404 
3969.758759 0.006840 
3968.641602 0.006048 
3967.524445 0.004870 
3966.407287 0.003910 
3965.290130 0.003003 
3964.172973 0.001284 
3963.055816 -0.000219 
3961.938659 -0.000758 
3960.821502 -0.001194 
3959.704345 -0.002254 
3958.587188 -0.002999 
3957.470031 -0.002951 
3956.352874 -0.003110 
3955.235717 -0.003301 
3954.118559 -0.002757 
3953.001402 -0.002703 
3951.884245 -0.002811 
3950.767088 -0.002913 
3949.649931 -0.003383 
3948.532774 -0.003202 
3947.415617 -0.002406 
3946.298460 -0.002214 
3945.181303 -0.002062 
3944.064146 -0.001640 
3942.946989 -0.002730 
3941.829832 -0.004168 
3940.712674 -0.003353 
3939.595517 -0.001685 
3938.478360 -0.001361 
3937.361203 -0.001595 
3936.244046 -0.001559 
3935.126889 -0.001507 
3934.009732 -0.001295 
3932.892575 -0.001607 
3931.775418 -0.002205 
3930.658261 -0.001510 
3929.541104 -0.000857 
3928.423947 -0.000792 
3927.306789 -0.000275 
3926.189632 0.000634 
3925.072475 0.001106 
3923.955318 0.000855 
3922.838161 0.000567 
3921.721004 0.001338 
3920.603847 0.001191 
3919.486690 -0.000659 
3918.369533 -0.001313 
3917.252376 -0.001634 
3916.135219 -0.003261 
3915.018061 -0.003888 
3913.900904 -0.002705 
3912.783747 -0.001719 
3911.666590 -0.001794 
3910.549433 -0.002209 
3909.432276 -0.002284 
3908.315119 -0.001677 
3907.197962 -0.000598 
3906.080805 0.000869 
3904.963648 -0.000126 
3903.846491 -0.001904 
3902.729334 -0.002297 
3901.612176 -0.002692 
3900.495019 -0.002816 
3899.377862 -0.002561 
3898.260705 -0.003035 
3897.143548 -0.003082 
3896.026391 -0.002292 
3894.909234 -0.001462 
3893.792077 -0.000896 
3892.674920 -0.000688 
3891.557763 -0.002038 
3890.440606 -0.003437 
3889.323449 -0.003954 
3888.206291 -0.003252 
3887.089134 -0.001501 
3885.971977 -0.001534 
3884.854820 -0.002387 
3883.737663 -0.002613 
3882.620506 -0.002117 
3881.503349 -0.000803 
3880.386192 -0.001968 
3879.269035 -0.003464 
3878.151878 -0.002913 
3877.034721 -0.002552 
3875.917563 -0.001440 
3874.800406 0.000287 
3873.683249 -0.000488 
3872.566092 -0.001573 
3871.448935 -0.000273 
3870.331778 0.000469 
3869.214621 -0.002015 
3868.097464 -0.003836 
3866.980307 -0.002493 
3865.863150 -0.000930 
3864.745993 -0.001992 
3863.628836 -0.002254 
3862.511678 -0.001699 
3861.394521 -0.002694 
3860.277364 -0.003540 
3859.160207 -0.001033 
3858.043050 0.001634 
3856.925893 0.002385 
3855.808736 0.003978 
3854.691579 0.003383 
3853.574422 -0.000794 
3852.457265 -0.003301 
3851.340108 -0.004736 
3850.222951 -0.004815 
3849.105793 -0.004231 
3847.988636 -0.003795 
3846.871479 -0.003642 
3845.754322 -0.001940 
3844.637165 -0.000208 
3843.520008 -0.000384 
3842.402851 0.000887 
3841.285694 0.001487 
3840.168537 0.000208 
3839.051380 -0.000052 
3837.934223 -0.001605 
3836.817065 -0.003518 
3835.699908 -0.003358 
3834.582751 -0.004493 
3833.465594 -0.003935 
3832.348437 -0.001830 
3831.231280 -0.001485 
3830.114123 -0.002053 
3828.996966 -0.002099 
3827.879809 -0.001744 
3826.762652 -0.001570 
3825.645495 -0.001304 
3824.528338 -0.000591 
3823.411180 0.000797 
3822.294023 0.001844 
3821.176866 0.000456 
3820.059709 -0.002532 
3818.942552 -0.003714 
3817.825395 -0.001595 
3816.708238 0.000084 
3815.591081 -0.001546 
3814.473924 -0.003069 
3813.356767 -0.002888 
3812.239610 -0.002162 
3811.122453 -0.000681 
3810.005295 0.000065 
3808.888138 0.000492 
3807.770981 0.000472 
3806.653824 -0.001219 
3805.536667 -0.002071 
3804.419510 -0.000936 
3803.302353 0.000930 
3802.185196 0.001331 
3801.068039 -0.000537 
3799.950882 -0.002309 
3798.833725 -0.002144 
3797.716567 -0.001069 
3796.599410 -0.001318 
3795.482253 -0.002459 
3794.365096 -0.002331 
3793.247939 -0.001535 
3792.130782 -0.001221 
3791.013625 -0.001079 
3789.896468 -0.000587 
3788.779311 -0.000327 
3787.662154 -0.000927 
3786.544997 -0.000966 
3785.427840 -0.000336 
3784.310682 -0.000260 
3783.193525 -0.000580 
3782.076368 -0.000144 
3780.959211 0.000930 
3779.842054 0.000686 
3778.724897 -0.000390 
3777.607740 -0.000550 
3776.490583 -0.000677 
3775.373426 -0.000745 
3774.256269 0.000264 
3773.139112 0.000239 
3772.021955 0.000253 
3770.904797 0.001363 
3769.787640 0.001171 
3768.670483 -0.000533 
3767.553326 -0.000391 
3766.436169 -0.000530 
3765.319012 -0.001835 
3764.201855 -0.001588 
3763.084698 -0.000765 
3761.967541 0.000153 
3760.850384 0.001264 
3759.733227 0.000576 
3758.616069 -0.000183 
3757.498912 0.000862 
3756.381755 0.001311 
3755.264598 0.001146 
3754.147441 0.003276 
3753.030284 0.004192 
3751.913127 0.000632 
3750.795970 -0.001656 
3749.678813 -0.001056 
3748.561656 -0.000666 
3747.444499 0.000338 
3746.327342 0.003308 
3745.210184 0.003414 
3744.093027 -0.001377 
3742.975870 -0.004098 
3741.858713 -0.002927 
3740.741556 -0.001464 
3739.624399 0.000165 
3738.507242 0.001403 
3737.390085 0.002220 
3736.272928 0.002667 
3735.155771 -0.000210 
3734.038614 -0.002712 
3732.921457 -0.001966 
3731.804299 -0.001600 
3730.687142 -0.002229 
3729.569985 -0.001999 
3728.452828 -0.000514 
3727.335671 0.000348 
3726.218514 -0.000381 
3725.101357 -0.001573 
3723.984200 -0.001388 
3722.867043 -0.000589 
3721.749886 -0.000891 
3720.632729 -0.000787 
3719.515571 -0.000733 
3718.398414 -0.002094 
3717.281257 -0.002117 
3716.164100 -0.001036 
3715.046943 -0.000679 
3713.929786 0.001239 
3712.812629 0.002317 
3711.695472 0.000190 
3710.578315 -0.000553 
3709.461158 -0.000882 
3708.344001 -0.002397 
3707.226844 -0.002288 
3706.109686 -0.001207 
3704.992529 -0.000887 
3703.875372 -0.000309 
3702.758215 0.000605 
3701.641058 0.000262 
3700.523901 -0.000289 
3699.406744 -0.000189 
3698.289587 -0.000341 
3697.172430 -0.000726 
3696.055273 -0.000255 
3694.938116 0.000156 
3693.820959 0.000063 
3692.703801 0.001602 
3691.586644 0.002121 
3690.469487 0.001140 
3689.352330 0.000772 
3688.235173 -0.001137 
3687.118016 -0.002943 
3686.000859 -0.002494 
3684.883702 -0.001929 
3683.766545 -0.001634 
3682.649388 -0.001300 
3681.532231 -0.000539 
3680.415073 0.000602 
3679.297916 0.000634 
3678.180759 0.000393 
3677.063602 0.001377 
3675.946445 0.001447 
3674.829288 -0.000893 
3673.712131 -0.003001 
3672.594974 -0.000101 
3671.477817 0.002559 
3670.360660 0.001692 
3669.243503 0.000131 
3668.126346 -0.000214 
3667.009188 0.000600 
3665.892031 0.001390 
3664.774874 0.001437 
3663.657717 0.000828 
3662.540560 0.000268 
3661.423403 0.000970 
3660.306246 0.002078 
3659.189089 0.001934 
3658.071932 0.002383 
3656.954775 0.003066 
3655.837618 0.001868 
3654.720461 0.001553 
3653.603303 0.003787 
3652.486146 0.006903 
3651.368989 0.008751 
3650.251832 0.006531 
3649.134675 0.003807 
3648.017518 0.002502 
3646.900361 0.002047 
3645.783204 0.001656 
3644.666047 0.002275 
3643.548890 0.003385 
3642.431733 0.004348 
3641.314575 0.004227 
3640.197418 0.003725 
3639.080261 0.004468 
3637.963104 0.005258 
3636.845947 0.005199 
3635.728790 0.005824 
3634.611633 0.007410 
3633.494476 0.007848 
3632.377319 0.007627 
3631.260162 0.009554 
3630.143005 0.011998 
3629.025848 0.010436 
3627.908690 0.008045 
3626.791533 0.008940 
3625.674376 0.010418 
3624.557219 0.011639 
3623.440062 0.013144 
3622.322905 0.014771 
3621.205748 0.016780 
3620.088591 0.018226 
3618.971434 0.018531 
3617.854277 0.018034 
3616.737120 0.018650 
3615.619963 0.020485 
3614.502805 0.022412 
3613.385648 0.023772 
3612.268491 0.023729 
3611.151334 0.025260 
3610.034177 0.027397 
3608.917020 0.028574 
3607.799863 0.030276 
3606.682706 0.031655 
3605.565549 0.032916 
3604.448392 0.035051 
3603.331235 0.036750 
3602.214077 0.038499 
3601.096920 0.041010 
3599.979763 0.043289 
3598.862606 0.044584 
3597.745449 0.046751 
3596.628292 0.050224 
3595.511135 0.052915 
3594.393978 0.054816 
3593.276821 0.057171 
3592.159664 0.059297 
3591.042507 0.063270 
3589.925350 0.068758 
3588.808192 0.072541 
3587.691035 0.073745 
3586.573878 0.074310 
3585.456721 0.075751 
3584.339564 0.078707 
3583.222407 0.081517 
3582.105250 0.084164 
3580.988093 0.086558 
3579.870936 0.088410 
3578.753779 0.090680 
3577.636622 0.092809 
3576.519465 0.094203 
3575.402307 0.095313 
3574.285150 0.095859 
3573.167993 0.096455 
3572.050836 0.097288 
3570.933679 0.098702 
3569.816522 0.101756 
3568.699365 0.103832 
3567.582208 0.102658 
3566.465051 0.099192 
3565.347894 0.096069 
3564.230737 0.095386 
3563.113579 0.095480 
3561.996422 0.095124 
3560.879265 0.094009 
3559.762108 0.091770 
3558.644951 0.089645 
3557.527794 0.087957 
3556.410637 0.086468 
3555.293480 0.085066 
3554.176323 0.083009 
3553.059166 0.080262 
3551.942009 0.077308 
3550.824852 0.074287 
3549.707694 0.071943 
3548.590537 0.070683 
3547.473380 0.069419 
3546.356223 0.067077 
3545.239066 0.064031 
3544.121909 0.061321 
3543.004752 0.059301 
3541.887595 0.057241 
3540.770438 0.055249 
3539.653281 0.053259 
3538.536124 0.051575 
3537.418967 0.050408 
3536.301809 0.049055 
3535.184652 0.047707 
3534.067495 0.046732 
3532.950338 0.045970 
3531.833181 0.045360 
3530.716024 0.045117 
3529.598867 0.045223 
3528.481710 0.045051 
3527.364553 0.044361 
3526.247396 0.044244 
3525.130239 0.045377 
3524.013081 0.046823 
3522.895924 0.047102 
3521.778767 0.046764 
3520.661610 0.047827 
3519.544453 0.049474 
3518.427296 0.050359 
3517.310139 0.051083 
3516.192982 0.052110 
3515.075825 0.052974 
3513.958668 0.054159 
3512.841511 0.055513 
3511.724354 0.056900 
3510.607196 0.058345 
3509.490039 0.058737 
3508.372882 0.058739 
3507.255725 0.059496 
3506.138568 0.060231 
3505.021411 0.060856 
3503.904254 0.061382 
3502.787097 0.060642 
3501.669940 0.059254 
3500.552783 0.058396 
3499.435626 0.057947 
3498.318469 0.057361 
3497.201311 0.056210 
3496.084154 0.054804 
3494.966997 0.053567 
3493.849840 0.051909 
3492.732683 0.050056 
3491.615526 0.048901 
3490.498369 0.047549 
3489.381212 0.045412 
3488.264055 0.042994 
3487.146898 0.040618 
3486.029741 0.038013 
3484.912583 0.035358 
3483.795426 0.033372 
3482.678269 0.031991 
3481.561112 0.030219 
3480.443955 0.028326 
3479.326798 0.026825 
3478.209641 0.025174 
3477.092484 0.023387 
3475.975327 0.022227 
3474.858170 0.020993 
3473.741013 0.019345 
3472.623856 0.017743 
3471.506698 0.016303 
3470.389541 0.015180 
3469.272384 0.014767 
3468.155227 0.014480 
3467.038070 0.013420 
3465.920913 0.011935 
3464.803756 0.011005 
3463.686599 0.010847 
3462.569442 0.010865 
3461.452285 0.010364 
3460.335128 0.009638 
3459.217971 0.009161 
3458.100813 0.008780 
3456.983656 0.008455 
3455.866499 0.008087 
3454.749342 0.007823 
3453.632185 0.007992 
3452.515028 0.007934 
3451.397871 0.007668 
3450.280714 0.007444 
3449.163557 0.007295 
3448.046400 0.007024 
3446.929243 0.006815 
3445.812085 0.006767 
3444.694928 0.006711 
3443.577771 0.006619 
3442.460614 0.006688 
3441.343457 0.006919 
3440.226300 0.007201 
3439.109143 0.007367 
3437.991986 0.007252 
3436.874829 0.006875 
3435.757672 0.006693 
3434.640515 0.006693 
3433.523358 0.006616 
3432.406200 0.006769 
3431.289043 0.006989 
3430.171886 0.006716 
3429.054729 0.006366 
3427.937572 0.006429 
3426.820415 0.006503 
3425.703258 0.006300 
3424.586101 0.006334 
3423.468944 0.006596 
3422.351787 0.006519 
3421.234630 0.006136 
3420.117473 0.005813 
3419.000315 0.005643 
3417.883158 0.005644 
3416.766001 0.005731 
3415.648844 0.005933 
3414.531687 0.006083 
3413.414530 0.006100 
3412.297373 0.005916 
3411.180216 0.005583 
3410.063059 0.005161 
3408.945902 0.005237 
3407.828745 0.005686 
3406.711587 0.005916 
3405.594430 0.006203 
3404.477273 0.006657 
3403.360116 0.006779 
3402.242959 0.006725 
3401.125802 0.007042 
3400.008645 0.007455 
3398.891488 0.007656 
3397.774331 0.007963 
3396.657174 0.008189 
3395.540017 0.008300 
3394.422860 0.008496 
3393.305702 0.008889 
3392.188545 0.009371 
3391.071388 0.009455 
3389.954231 0.009051 
3388.837074 0.008757 
3387.719917 0.008733 
3386.602760 0.008638 
3385.485603 0.008302 
3384.368446 0.007878 
3383.251289 0.007214 
3382.134132 0.006294 
3381.016975 0.005916 
3379.899817 0.005754 
3378.782660 0.004928 
3377.665503 0.003998 
3376.548346 0.003400 
3375.431189 0.002900 
3374.314032 0.002326 
3373.196875 0.001886 
3372.079718 0.001720 
3370.962561 0.001758 
3369.845404 0.001629 
3368.728247 0.001214 
3367.611089 0.001033 
3366.493932 0.000961 
3365.376775 0.000898 
3364.259618 0.001183 
3363.142461 0.001282 
3362.025304 0.000824 
3360.908147 0.000530 
3359.790990 0.000476 
3358.673833 0.000282 
3357.556676 0.000607 
3356.439519 0.000966 
3355.322362 0.000754 
3354.205204 0.000275 
3353.088047 0.000230 
3351.970890 0.000697 
3350.853733 0.000702 
3349.736576 0.000194 
3348.619419 -0.000031 
3347.502262 0.000232 
3346.385105 0.000153 
3345.267948 -0.000054 
3344.150791 0.000020 
3343.033634 0.000156 
3341.916477 0.000165 
3340.799319 0.000417 
3339.682162 0.000995 
3338.565005 0.001480 
3337.447848 0.001571 
3336.330691 0.001674 
3335.213534 0.002327 
3334.096377 0.002981 
3332.979220 0.003412 
3331.862063 0.003726 
3330.744906 0.003931 
3329.627749 0.004308 
3328.510591 0.004280 
3327.393434 0.004019 
3326.276277 0.003998 
3325.159120 0.003809 
3324.041963 0.003437 
3322.924806 0.003286 
3321.807649 0.002963 
3320.690492 0.002216 
3319.573335 0.001690 
3318.456178 0.001541 
3317.339021 0.001275 
3316.221864 0.000842 
3315.104706 0.000528 
3313.987549 0.000420 
3312.870392 0.000293 
3311.753235 -0.000138 
3310.636078 -0.000379 
3309.518921 -0.000047 
3308.401764 0.000269 
3307.284607 0.000210 
3306.167450 0.000156 
3305.050293 0.000314 
3303.933136 0.000709 
3302.815979 0.001038 
3301.698821 0.001277 
3300.581664 0.001456 
3299.464507 0.001437 
3298.347350 0.001264 
3297.230193 0.001579 
3296.113036 0.001864 
3294.995879 0.001799 
3293.878722 0.001859 
3292.761565 0.001972 
3291.644408 0.001814 
3290.527251 0.001501 
3289.410093 0.001618 
3288.292936 0.001877 
3287.175779 0.001598 
3286.058622 0.001413 
3284.941465 0.002056 
3283.824308 0.002455 
3282.707151 0.002133 
3281.589994 0.001796 
3280.472837 0.001697 
3279.355680 0.001489 
3278.238523 0.001239 
3277.121366 0.001413 
3276.004208 0.001668 
3274.887051 0.001473 
3273.769894 0.001085 
3272.652737 0.000864 
3271.535580 0.000772 
3270.418423 0.000991 
3269.301266 0.001449 
3268.184109 0.001343 
3267.066952 0.000973 
3265.949795 0.000855 
3264.832638 0.000808 
3263.715481 0.000936 
3262.598323 0.001024 
3261.481166 0.000902 
3260.364009 0.000878 
3259.246852 0.001128 
3258.129695 0.001246 
3257.012538 0.000799 
3255.895381 0.000445 
3254.778224 0.000528 
3253.661067 0.000546 
3252.543910 0.000402 
3251.426753 0.000460 
3250.309595 0.000544 
3249.192438 0.000625 
3248.075281 0.000580 
3246.958124 0.000248 
3245.840967 -0.000050 
3244.723810 -0.000208 
3243.606653 -0.000074 
3242.489496 -0.000097 
3241.372339 -0.000630 
3240.255182 -0.000749 
3239.138025 -0.000273 
3238.020868 -0.000172 
3236.903710 -0.000345 
3235.786553 -0.000295 
3234.669396 -0.000205 
3233.552239 -0.000321 
3232.435082 -0.000399 
3231.317925 -0.000332 
3230.200768 -0.000321 
3229.083611 -0.000264 
3227.966454 -0.000160 
3226.849297 -0.000463 
3225.732140 -0.000632 
3224.614983 -0.000180 
3223.497825 0.000230 
3222.380668 0.000239 
3221.263511 0.000438 
3220.146354 0.000745 
3219.029197 0.000822 
3217.912040 0.001180 
3216.794883 0.002028 
3215.677726 0.002872 
3214.560569 0.003773 
3213.443412 0.004906 
3212.326255 0.005948 
3211.209097 0.007153 
3210.091940 0.008728 
3208.974783 0.010328 
3207.857626 0.011745 
3206.740469 0.013239 
3205.623312 0.014906 
3204.506155 0.016445 
3203.388998 0.017958 
3202.271841 0.019514 
3201.154684 0.020498 
3200.037527 0.020471 
3198.920370 0.019954 
3197.803212 0.019447 
3196.686055 0.018677 
3195.568898 0.017515 
3194.451741 0.016274 
3193.334584 0.014888 
3192.217427 0.013402 
3191.100270 0.011980 
3189.983113 0.010484 
3188.865956 0.009022 
3187.748799 0.007765 
3186.631642 0.006431 
3185.514485 0.005203 
3184.397327 0.004569 
3183.280170 0.004385 
3182.163013 0.004491 
3181.045856 0.004829 
3179.928699 0.005447 
3178.811542 0.006307 
3177.694385 0.007386 
3176.577228 0.009274 
3175.460071 0.012111 
3174.342914 0.015338 
3173.225757 0.018984 
3172.108599 0.023721 
3170.991442 0.029190 
3169.874285 0.034924 
3168.757128 0.040868 
3167.639971 0.046529 
3166.522814 0.050981 
3165.405657 0.054490 
3164.288500 0.056866 
3163.171343 0.057108 
3162.054186 0.055156 
3160.937029 0.051909 
3159.819872 0.047674 
3158.702714 0.042344 
3157.585557 0.036226 
3156.468400 0.030423 
3155.351243 0.025147 
3154.234086 0.020130 
3153.116929 0.016376 
3151.999772 0.014166 
3150.882615 0.012558 
3149.765458 0.010974 
3148.648301 0.009613 
3147.531144 0.009024 
3146.413987 0.009152 
3145.296829 0.009141 
3144.179672 0.008916 
3143.062515 0.009047 
3141.945358 0.009441 
3140.828201 0.009915 
3139.711044 0.010400 
3138.593887 0.011088 
3137.476730 0.011802 
3136.359573 0.012161 
3135.242416 0.012318 
3134.125259 0.012395 
3133.008102 0.012163 
3131.890944 0.012020 
3130.773787 0.012235 
3129.656630 0.012275 
3128.539473 0.011894 
3127.422316 0.011942 
3126.305159 0.012573 
3125.188002 0.012607 
3124.070845 0.012043 
3122.953688 0.012136 
3121.836531 0.012612 
3120.719374 0.012648 
3119.602216 0.012767 
3118.485059 0.013104 
3117.367902 0.013201 
3116.250745 0.013349 
3115.133588 0.013659 
3114.016431 0.013557 
3112.899274 0.013284 
3111.782117 0.013674 
3110.664960 0.014281 
3109.547803 0.014079 
3108.430646 0.013668 
3107.313489 0.013638 
3106.196331 0.013564 
3105.079174 0.013476 
3103.962017 0.013841 
3102.844860 0.014092 
3101.727703 0.013663 
3100.610546 0.013304 
3099.493389 0.013616 
3098.376232 0.013740 
3097.259075 0.013508 
3096.141918 0.013471 
3095.024761 0.013402 
3093.907604 0.012973 
3092.790446 0.013113 
3091.673289 0.013496 
3090.556132 0.013289 
3089.438975 0.013067 
3088.321818 0.013320 
3087.204661 0.013352 
3086.087504 0.013386 
3084.970347 0.013656 
3083.853190 0.013535 
3082.736033 0.013296 
3081.618876 0.013377 
3080.501718 0.013463 
3079.384561 0.013422 
3078.267404 0.013402 
3077.150247 0.013316 
3076.033090 0.013264 
3074.915933 0.013508 
3073.798776 0.013857 
3072.681619 0.013641 
3071.564462 0.012907 
3070.447305 0.012959 
3069.330148 0.013390 
3068.212991 0.013289 
3067.095833 0.013241 
3065.978676 0.013699 
3064.861519 0.013704 
3063.744362 0.013235 
3062.627205 0.013205 
3061.510048 0.013393 
3060.392891 0.012932 
3059.275734 0.012693 
3058.158577 0.012955 
3057.041420 0.012819 
3055.924263 0.012436 
3054.807106 0.012616 
3053.689948 0.012551 
3052.572791 0.011953 
3051.455634 0.011659 
3050.338477 0.011592 
3049.221320 0.011070 
3048.104163 0.010757 
3046.987006 0.010881 
3045.869849 0.010763 
3044.752692 0.010701 
3043.635535 0.011032 
3042.518378 0.010908 
3041.401220 0.010441 
3040.284063 0.010323 
3039.166906 0.010364 
3038.049749 0.010118 
3036.932592 0.010367 
3035.815435 0.011027 
3034.698278 0.011143 
3033.581121 0.010906 
3032.463964 0.011440 
3031.346807 0.012434 
3030.229650 0.013451 
3029.112493 0.015004 
3027.995335 0.017061 
3026.878178 0.019275 
3025.761021 0.022502 
3024.643864 0.027432 
3023.526707 0.033810 
3022.409550 0.041601 
3021.292393 0.051751 
3020.175236 0.064282 
3019.058079 0.078886 
3017.940922 0.096204 
3016.823765 0.116534 
3015.706608 0.139079 
3014.589450 0.164194 
3013.472293 0.192046 
3012.355136 0.221362 
3011.237979 0.251011 
3010.120822 0.280775 
3009.003665 0.309340 
3007.886508 0.335285 
3006.769351 0.359134 
3005.652194 0.380700 
3004.535037 0.397568 
3003.417880 0.408198 
3002.300722 0.412826 
3001.183565 0.410700 
3000.066408 0.402081 
2998.949251 0.387928 
2997.832094 0.366845 
2996.714937 0.338789 
2995.597780 0.305856 
2994.480623 0.270692 
2993.363466 0.234477 
2992.246309 0.197802 
2991.129152 0.162548 
2990.011995 0.130362 
2988.894837 0.101882 
2987.777680 0.077719 
2986.660523 0.058780 
2985.543366 0.043833 
2984.426209 0.031982 
2983.309052 0.023373 
2982.191895 0.017623 
2981.074738 0.013411 
2979.957581 0.010168 
2978.840424 0.007916 
2977.723267 0.006074 
2976.606110 0.004623 
2975.488952 0.003904 
2974.371795 0.003207 
2973.254638 0.002557 
2972.137481 0.002512 
2971.020324 0.002493 
2969.903167 0.002002 
2968.786010 0.001798 
2967.668853 0.001990 
2966.551696 0.001938 
2965.434539 0.001891 
2964.317382 0.002186 
2963.200224 0.002171 
2962.083067 0.002083 
2960.965910 0.002629 
2959.848753 0.003328 
2958.731596 0.003430 
2957.614439 0.004044 
2956.497282 0.006066 
2955.380125 0.009272 
2954.262968 0.014128 
2953.145811 0.022700 
2952.028654 0.035258 
2950.911497 0.052697 
2949.794339 0.076144 
2948.677182 0.105386 
2947.560025 0.139006 
2946.442868 0.174625 
2945.325711 0.209821 
2944.208554 0.239922 
2943.091397 0.260655 
2941.974240 0.267511 
2940.857083 0.260265 
2939.739926 0.238605 
2938.622769 0.205247 
2937.505612 0.165355 
2936.388454 0.125142 
2935.271297 0.090258 
2934.154140 0.063379 
2933.036983 0.043975 
2931.919826 0.030386 
2930.802669 0.021947 
2929.685512 0.016387 
2928.568355 0.012363 
2927.451198 0.009651 
2926.334041 0.007997 
2925.216884 0.006677 
2924.099726 0.005754 
2922.982569 0.005533 
2921.865412 0.005461 
2920.748255 0.005194 
2919.631098 0.005398 
2918.513941 0.005813 
2917.396784 0.005883 
2916.279627 0.005980 
2915.162470 0.006174 
2914.045313 0.005815 
2912.928156 0.005061 
2911.810999 0.004526 
2910.693841 0.004163 
2909.576684 0.003890 
2908.459527 0.004044 
2907.342370 0.004588 
2906.225213 0.004601 
2905.108056 0.003886 
2903.990899 0.003507 
2902.873742 0.003913 
2901.756585 0.004177 
2900.639428 0.004308 
2899.522271 0.004648 
2898.405114 0.004755 
2897.287956 0.004310 
2896.170799 0.003956 
2895.053642 0.003933 
2893.936485 0.004010 
2892.819328 0.004445 
2891.702171 0.004998 
2890.585014 0.004935 
2889.467857 0.004763 
2888.350700 0.004969 
2887.233543 0.005280 
2886.116386 0.005616 
2884.999228 0.006210 
2883.882071 0.006628 
2882.764914 0.006612 
2881.647757 0.006815 
2880.530600 0.007367 
2879.413443 0.007724 
2878.296286 0.007684 
2877.179129 0.007710 
2876.061972 0.007833 
2874.944815 0.007388 
2873.827658 0.006776 
2872.710501 0.006276 
2871.593343 0.005838 
2870.476186 0.005925 
2869.359029 0.006291 
2868.241872 0.005969 
2867.124715 0.005537 
2866.007558 0.005594 
2864.890401 0.005517 
2863.773244 0.004885 
2862.656087 0.004355 
2861.538930 0.004195 
2860.421773 0.004086 
2859.304616 0.003945 
2858.187458 0.003764 
2857.070301 0.003351 
2855.953144 0.003048 
2854.835987 0.003154 
2853.718830 0.003267 
2852.601673 0.003001 
2851.484516 0.003128 
2850.367359 0.003426 
2849.250202 0.003161 
2848.133045 0.002651 
2847.015888 0.002703 
2845.898730 0.002803 
2844.781573 0.002629 
2843.664416 0.002753 
2842.547259 0.003098 
2841.430102 0.003121 
2840.312945 0.002728 
2839.195788 0.002089 
2838.078631 0.001577 
2836.961474 0.001429 
2835.844317 0.001447 
2834.727160 0.001178 
2833.610003 0.000803 
2832.492845 0.000587 
2831.375688 0.000546 
2830.258531 0.000467 
2829.141374 0.000289 
2828.024217 0.000316 
2826.907060 0.000427 
2825.789903 0.000233 
2824.672746 0.000027 
2823.555589 0.000054 
2822.438432 -0.000086 
2821.321275 -0.000138 
2820.204118 0.000057 
2819.086960 -0.000079 
2817.969803 -0.000361 
2816.852646 -0.000178 
2815.735489 -0.000066 
2814.618332 -0.000205 
2813.501175 0.000092 
2812.384018 0.000377 
2811.266861 0.000144 
2810.149704 -0.000088 
2809.032547 0.000018 
2807.915390 0.000169 
2806.798232 0.000329 
2805.681075 0.000647 
2804.563918 0.000544 
2803.446761 0.000151 
2802.329604 0.000429 
2801.212447 0.001034 
2800.095290 0.000871 
2798.978133 0.000413 
2797.860976 0.000517 
2796.743819 0.000718 
2795.626662 0.000573 
2794.509505 0.000515 
2793.392347 0.000517 
2792.275190 0.000528 
2791.158033 0.000993 
2790.040876 0.001458 
2788.923719 0.001361 
2787.806562 0.001103 
2786.689405 0.001117 
2785.572248 0.001178 
2784.455091 0.000998 
2783.337934 0.001086 
2782.220777 0.001203 
2781.103620 0.000891 
2779.986462 0.000770 
2778.869305 0.000946 
2777.752148 0.000803 
2776.634991 0.000499 
2775.517834 0.000481 
2774.400677 0.000657 
2773.283520 0.000494 
2772.166363 0.000201 
2771.049206 0.000023 
2769.932049 -0.000278 
2768.814892 -0.000591 
2767.697734 -0.000449 
2766.580577 -0.000567 
2765.463420 -0.001051 
2764.346263 -0.001307 
2763.229106 -0.001277 
2762.111949 -0.001255 
2760.994792 -0.001180 
2759.877635 -0.000950 
2758.760478 -0.000822 
2757.643321 -0.000835 
2756.526164 -0.000699 
2755.409007 -0.000585 
2754.291849 -0.000521 
2753.174692 -0.000119 
2752.057535 0.000458 
2750.940378 0.000641 
2749.823221 0.000666 
2748.706064 0.000501 
2747.588907 0.000235 
2746.471750 0.000429 
2745.354593 0.001079 
2744.237436 0.001679 
2743.120279 0.001988 
2742.003122 0.002239 
2740.885964 0.002715 
2739.768807 0.003250 
2738.651650 0.003662 
2737.534493 0.004159 
2736.417336 0.004409 
2735.300179 0.004324 
2734.183022 0.004484 
2733.065865 0.004763 
2731.948708 0.004870 
2730.831551 0.004978 
2729.714394 0.005269 
2728.597236 0.005395 
2727.480079 0.005131 
2726.362922 0.004903 
2725.245765 0.004883 
2724.128608 0.004782 
2723.011451 0.004504 
2721.894294 0.004368 
2720.777137 0.004032 
2719.659980 0.003493 
2718.542823 0.003286 
2717.425666 0.003225 
2716.308509 0.002970 
2715.191351 0.002947 
2714.074194 0.002978 
2712.957037 0.002466 
2711.839880 0.001997 
2710.722723 0.001974 
2709.605566 0.001841 
2708.488409 0.001595 
2707.371252 0.001715 
2706.254095 0.001900 
2705.136938 0.001377 
2704.019781 0.000866 
2702.902624 0.000851 
2701.785466 0.000747 
2700.668309 0.000445 
2699.551152 0.000501 
2698.433995 0.000587 
2697.316838 0.000426 
2696.199681 0.000422 
2695.082524 0.000602 
2693.965367 0.000514 
2692.848210 0.000327 
2691.731053 0.000496 
2690.613896 0.000612 
2689.496738 0.000343 
2688.379581 0.000348 
2687.262424 0.000426 
2686.145267 0.000302 
2685.028110 0.000332 
2683.910953 0.000722 
2682.793796 0.000893 
2681.676639 0.001144 
2680.559482 0.001562 
2679.442325 0.001726 
2678.325168 0.001471 
2677.208011 0.001085 
2676.090853 0.001079 
2674.973696 0.001171 
2673.856539 0.001106 
2672.739382 0.001130 
2671.622225 0.001160 
2670.505068 0.001094 
2669.387911 0.001016 
2668.270754 0.000840 
2667.153597 0.000503 
2666.036440 0.000535 
2664.919283 0.000708 
2663.802126 0.000611 
2662.684968 0.000327 
2661.567811 0.000320 
2660.450654 0.000429 
2659.333497 0.000311 
2658.216340 0.000338 
2657.099183 0.000664 
2655.982026 0.000801 
2654.864869 0.000444 
2653.747712 0.000348 
2652.630555 0.000535 
2651.513398 0.000655 
2650.396240 0.000778 
2649.279083 0.001033 
2648.161926 0.001421 
2647.044769 0.001909 
2645.927612 0.002473 
2644.810455 0.002749 
2643.693298 0.003184 
2642.576141 0.004249 
2641.458984 0.005519 
2640.341827 0.006785 
2639.224670 0.008173 
2638.107513 0.009649 
2636.990355 0.010978 
2635.873198 0.012542 
2634.756041 0.014049 
2633.638884 0.014976 
2632.521727 0.015620 
2631.404570 0.016046 
2630.287413 0.015757 
2629.170256 0.014505 
2628.053099 0.012874 
2626.935942 0.010777 
2625.818785 0.008335 
2624.701628 0.006029 
2623.584470 0.004262 
2622.467313 0.003004 
2621.350156 0.002044 
2620.232999 0.001597 
2619.115842 0.001483 
2617.998685 0.001234 
2616.881528 0.000752 
2615.764371 0.000627 
2614.647214 0.000632 
2613.530057 0.000485 
2612.412900 0.000541 
2611.295742 0.000663 
2610.178585 0.000684 
2609.061428 0.000643 
2607.944271 0.000797 
2606.827114 0.000844 
2605.709957 0.000717 
2604.592800 0.000652 
2603.475643 0.000612 
2602.358486 0.000542 
2601.241329 0.000598 
2600.124172 0.000875 
2599.007015 0.000839 
2597.889857 0.000921 
2596.772700 0.000981 
2595.655543 0.000887 
2594.538386 0.000891 
2593.421229 0.000885 
2592.304072 0.000672 
2591.186915 0.000325 
2590.069758 0.000280 
2588.952601 0.000462 
2587.835444 0.000456 
2586.718287 0.000165 
2585.601130 0.000124 
2584.483972 0.000237 
2583.366815 0.000081 
2582.249658 0.000163 
2581.132501 0.000341 
2580.015344 0.000307 
2578.898187 0.000061 
2577.781030 0.000068 
2576.663873 0.000332 
2575.546716 0.000433 
2574.429559 0.000343 
2573.312402 0.000271 
2572.195244 0.000070 
2571.078087 -0.000214 
2569.960930 0.000104 
2568.843773 0.000413 
2567.726616 0.000433 
2566.609459 0.000560 
2565.492302 0.000664 
2564.375145 0.000576 
2563.257988 0.000555 
2562.140831 0.000702 
2561.023674 0.000648 
2559.906517 0.000594 
2558.789359 0.000541 
2557.672202 0.000722 
2556.555045 0.000869 
2555.437888 0.000681 
2554.320731 0.000655 
2553.203574 0.000555 
2552.086417 0.000390 
2550.969260 0.000449 
2549.852103 0.000699 
2548.734946 0.000598 
2547.617789 0.000510 
2546.500632 0.000431 
2545.383474 0.000295 
2544.266317 0.000266 
2543.149160 0.000165 
2542.032003 0.000158 
2540.914846 -0.000007 
2539.797689 -0.000084 
2538.680532 0.000092 
2537.563375 0.000237 
2536.446218 0.000259 
2535.329061 0.000379 
2534.211904 0.000548 
2533.094746 0.000506 
2531.977589 0.000541 
2530.860432 0.000467 
2529.743275 0.000517 
2528.626118 0.000521 
2527.508961 0.000196 
2526.391804 -0.000023 
2525.274647 0.000065 
2524.157490 0.000325 
2523.040333 0.000476 
2521.923176 0.000560 
2520.806019 0.000632 
2519.688861 0.000822 
2518.571704 0.000831 
2517.454547 0.000853 
2516.337390 0.001113 
2515.220233 0.001142 
2514.103076 0.001311 
2512.985919 0.001575 
2511.868762 0.001758 
2510.751605 0.001895 
2509.634448 0.002300 
2508.517291 0.002690 
2507.400134 0.002882 
2506.282976 0.003306 
2505.165819 0.003899 
2504.048662 0.004174 
2502.931505 0.004165 
2501.814348 0.004552 
2500.697191 0.005025 
2499.580034 0.005359 
2498.462877 0.005822 
2497.345720 0.006338 
2496.228563 0.006585 
2495.111406 0.006699 
2493.994248 0.007115 
2492.877091 0.007368 
2491.759934 0.007437 
2490.642777 0.007690 
2489.525620 0.008044 
2488.408463 0.008132 
2487.291306 0.008338 
2486.174149 0.008776 
2485.056992 0.008857 
2483.939835 0.008934 
2482.822678 0.009137 
2481.705521 0.009200 
2480.588363 0.008994 
2479.471206 0.008933 
2478.354049 0.008949 
2477.236892 0.008607 
2476.119735 0.008247 
2475.002578 0.008071 
2473.885421 0.007821 
2472.768264 0.007153 
2471.651107 0.006713 
2470.533950 0.006772 
2469.416793 0.006557 
2468.299636 0.006260 
2467.182478 0.006070 
2466.065321 0.005639 
2464.948164 0.005330 
2463.831007 0.005765 
2462.713850 0.006059 
2461.596693 0.006176 
2460.479536 0.006497 
2459.362379 0.006860 
2458.245222 0.006919 
2457.128065 0.006912 
2456.010908 0.007474 
2454.893750 0.008072 
2453.776593 0.008338 
2452.659436 0.008891 
2451.542279 0.009872 
2450.425122 0.010649 
2449.307965 0.011154 
2448.190808 0.011687 
2447.073651 0.011757 
2445.956494 0.011513 
2444.839337 0.011278 
2443.722180 0.010940 
2442.605023 0.010143 
2441.487865 0.009184 
2440.370708 0.008494 
2439.253551 0.007871 
2438.136394 0.007246 
2437.019237 0.006941 
2435.902080 0.007140 
2434.784923 0.007404 
2433.667766 0.008144 
2432.550609 0.009105 
2431.433452 0.009572 
2430.316295 0.010464 
2429.199138 0.012070 
2428.081980 0.013512 
2426.964823 0.014645 
2425.847666 0.016265 
2424.730509 0.018280 
2423.613352 0.019946 
2422.496195 0.021541 
2421.379038 0.023384 
2420.261881 0.024948 
2419.144724 0.025842 
2418.027567 0.026957 
2416.910410 0.028188 
2415.793252 0.029231 
2414.676095 0.030280 
2413.558938 0.030765 
2412.441781 0.030501 
2411.324624 0.030283 
2410.207467 0.030341 
2409.090310 0.029834 
2407.973153 0.028843 
2406.855996 0.028076 
2405.738839 0.027015 
2404.621682 0.025286 
2403.504525 0.023791 
2402.387367 0.022595 
2401.270210 0.020724 
2400.153053 0.018849 
2399.035896 0.017281 
2397.918739 0.015416 
2396.801582 0.013350 
2395.684425 0.011752 
2394.567268 0.010337 
2393.450111 0.008740 
2392.332954 0.007397 
2391.215797 0.006241 
2390.098640 0.004815 
2388.981482 0.003520 
2387.864325 0.002854 
2386.747168 0.002300 
2385.630011 0.001483 
2384.512854 0.000977 
2383.395697 0.000594 
2382.278540 -0.000031 
2381.161383 -0.000587 
2380.044226 -0.000506 
2378.927069 -0.000636 
2377.809912 -0.000887 
2376.692754 -0.000664 
2375.575597 -0.000690 
2374.458440 -0.001428 
2373.341283 -0.001922 
2372.224126 -0.001878 
2371.106969 -0.001977 
2369.989812 -0.002435 
2368.872655 -0.002714 
2367.755498 -0.002873 
2366.638341 -0.003374 
2365.521184 -0.003642 
2364.404027 -0.003301 
2363.286869 -0.003509 
2362.169712 -0.003766 
2361.052555 -0.003227 
2359.935398 -0.002482 
2358.818241 -0.002365 
2357.701084 -0.002241 
2356.583927 -0.001609 
2355.466770 -0.001034 
2354.349613 -0.000259 
2353.232456 0.000374 
2352.115299 0.000632 
2350.998142 0.001645 
2349.880984 0.003414 
2348.763827 0.004174 
2347.646670 0.003531 
2346.529513 0.003294 
2345.412356 0.003576 
2344.295199 0.003732 
2343.178042 0.003446 
2342.060885 0.002780 
2340.943728 0.001702 
2339.826571 0.000864 
2338.709414 0.000835 
2337.592256 0.000740 
2336.475099 -0.000038 
2335.357942 -0.000743 
2334.240785 -0.000616 
2333.123628 -0.000724 
2332.006471 -0.000982 
2330.889314 -0.000900 
2329.772157 -0.001115 
2328.655000 -0.001449 
2327.537843 -0.001412 
2326.420686 -0.001537 
2325.303529 -0.002247 
2324.186371 -0.002107 
2323.069214 -0.001889 
2321.952057 -0.002406 
2320.834900 -0.002635 
2319.717743 -0.002092 
2318.600586 -0.001688 
2317.483429 -0.001823 
2316.366272 -0.001401 
2315.249115 -0.001020 
2314.131958 -0.001148 
2313.014801 -0.000828 
2311.897644 0.000645 
2310.780486 0.002173 
2309.663329 0.003978 
2308.546172 0.007092 
2307.429015 0.010836 
2306.311858 0.015272 
2305.194701 0.021335 
2304.077544 0.029468 
2302.960387 0.038844 
2301.843230 0.049738 
2300.726073 0.063056 
2299.608916 0.077548 
2298.491758 0.092589 
2297.374601 0.108683 
2296.257444 0.125445 
2295.140287 0.140834 
2294.023130 0.155154 
2292.905973 0.168330 
2291.788816 0.179218 
2290.671659 0.186869 
2289.554502 0.190947 
2288.437345 0.191181 
2287.320188 0.186752 
2286.203031 0.178622 
2285.085873 0.166831 
2283.968716 0.151007 
2282.851559 0.132695 
2281.734402 0.113738 
2280.617245 0.094480 
2279.500088 0.075178 
2278.382931 0.058291 
2277.265774 0.044183 
2276.148617 0.032613 
2275.031460 0.023759 
2273.914303 0.017958 
2272.797146 0.014264 
2271.679988 0.011883 
2270.562831 0.011474 
2269.445674 0.012192 
2268.328517 0.013104 
2267.211360 0.015011 
2266.094203 0.018885 
2264.977046 0.023745 
2263.859889 0.030614 
2262.742732 0.043508 
2261.625575 0.069133 
2260.508418 0.115496 
2259.391260 0.193564 
2258.274103 0.311138 
2257.156946 0.466604 
2256.039789 0.646945 
2254.922632 0.818953 
2253.805475 0.946852 
2252.688318 1.000000 
2251.571161 0.963796 
2250.454004 0.841005 
2249.336847 0.672455 
2248.219690 0.492770 
2247.102533 0.330504 
2245.985375 0.203270 
2244.868218 0.120444 
2243.751061 0.070218 
2242.633904 0.041608 
2241.516747 0.025794 
2240.399590 0.017725 
2239.282433 0.013413 
2238.165276 0.010375 
2237.048119 0.008437 
2235.930962 0.007659 
2234.813805 0.006921 
2233.696648 0.005892 
2232.579490 0.005948 
2231.462333 0.006314 
2230.345176 0.006273 
2229.228019 0.006659 
2228.110862 0.008020 
2226.993705 0.008324 
2225.876548 0.008115 
2224.759391 0.008137 
2223.642234 0.007385 
2222.525077 0.006016 
2221.407920 0.005131 
2220.290762 0.004707 
2219.173605 0.003935 
2218.056448 0.003577 
2216.939291 0.003922 
2215.822134 0.003646 
2214.704977 0.002934 
2213.587820 0.003062 
2212.470663 0.003638 
2211.353506 0.003597 
2210.236349 0.004409 
2209.119192 0.005917 
2208.002035 0.007431 
2206.884877 0.009509 
2205.767720 0.012704 
2204.650563 0.015311 
2203.533406 0.016691 
2202.416249 0.017402 
2201.299092 0.016560 
2200.181935 0.013844 
2199.064778 0.010721 
2197.947621 0.008176 
2196.830464 0.005650 
2195.713307 0.003511 
2194.596150 0.003031 
2193.478992 0.002617 
2192.361835 0.001780 
2191.244678 0.001535 
2190.127521 0.001785 
2189.010364 0.001289 
2187.893207 0.001236 
2186.776050 0.001629 
2185.658893 0.001460 
2184.541736 0.001024 
2183.424579 0.001029 
2182.307422 0.001192 
2181.190264 0.000878 
2180.073107 0.000875 
2178.955950 0.001061 
2177.838793 0.000747 
2176.721636 0.000544 
2175.604479 0.000860 
2174.487322 0.000803 
2173.370165 0.000158 
2172.253008 0.000318 
2171.135851 0.000408 
2170.018694 0.000043 
2168.901537 -0.000048 
2167.784379 0.000391 
2166.667222 0.000330 
2165.550065 -0.000246 
2164.432908 -0.000217 
2163.315751 -0.000061 
2162.198594 -0.000248 
2161.081437 -0.000169 
2159.964280 0.000244 
2158.847123 0.000054 
2157.729966 -0.000036 
2156.612809 0.000356 
2155.495652 0.000090 
2154.378494 -0.000422 
2153.261337 -0.000330 
2152.144180 0.000140 
2151.027023 0.000043 
2149.909866 -0.000045 
2148.792709 0.000199 
2147.675552 0.000217 
2146.558395 0.000113 
2145.441238 0.000339 
2144.324081 0.000636 
2143.206924 0.000320 
2142.089766 0.000189 
2140.972609 0.000273 
2139.855452 0.000208 
2138.738295 0.000289 
2137.621138 0.000684 
2136.503981 0.000695 
2135.386824 0.000469 
2134.269667 0.000702 
2133.152510 0.000645 
2132.035353 0.000219 
2130.918196 0.000226 
2129.801039 0.000704 
2128.683881 0.000686 
2127.566724 0.000442 
2126.449567 0.000902 
2125.332410 0.001061 
2124.215253 0.000765 
2123.098096 0.000887 
2121.980939 0.001361 
2120.863782 0.001117 
2119.746625 0.001027 
2118.629468 0.001413 
2117.512311 0.001349 
2116.395154 0.001027 
2115.277996 0.001324 
2114.160839 0.001789 
2113.043682 0.001625 
2111.926525 0.001521 
2110.809368 0.001780 
2109.692211 0.001638 
2108.575054 0.001390 
2107.457897 0.001622 
2106.340740 0.001868 
2105.223583 0.001670 
2104.106426 0.001816 
2102.989268 0.001966 
2101.872111 0.001929 
2100.754954 0.002060 
2099.637797 0.002390 
2098.520640 0.002417 
2097.403483 0.002397 
2096.286326 0.002714 
2095.169169 0.002586 
2094.052012 0.002040 
2092.934855 0.002349 
2091.817698 0.003024 
2090.700541 0.002994 
2089.583383 0.002934 
2088.466226 0.003389 
2087.349069 0.003473 
2086.231912 0.003509 
2085.114755 0.004039 
2083.997598 0.004588 
2082.880441 0.004526 
2081.763284 0.004822 
2080.646127 0.005368 
2079.528970 0.005314 
2078.411813 0.005222 
2077.294656 0.005804 
2076.177498 0.006343 
2075.060341 0.006156 
2073.943184 0.006145 
2072.826027 0.006411 
2071.708870 0.006327 
2070.591713 0.006390 
2069.474556 0.006778 
2068.357399 0.006790 
2067.240242 0.006424 
2066.123085 0.006390 
2065.005928 0.006203 
2063.888770 0.005628 
2062.771613 0.005118 
2061.654456 0.004655 
2060.537299 0.003782 
2059.420142 0.002843 
2058.302985 0.002455 
2057.185828 0.001855 
2056.068671 0.001013 
2054.951514 0.000733 
2053.834357 0.000769 
2052.717200 0.000487 
2051.600043 0.000460 
2050.482885 0.000760 
2049.365728 0.000499 
2048.248571 0.000041 
2047.131414 0.000083 
2046.014257 0.000176 
2044.897100 -0.000097 
2043.779943 -0.000131 
2042.662786 0.000011 
2041.545629 -0.000336 
2040.428472 -0.000350 
2039.311315 0.000144 
2038.194158 0.000190 
2037.077000 -0.000160 
2035.959843 -0.000066 
2034.842686 -0.000047 
2033.725529 -0.000375 
2032.608372 -0.000357 
2031.491215 -0.000000 
2030.374058 -0.000075 
2029.256901 -0.000444 
2028.139744 -0.000383 
2027.022587 -0.000397 
2025.905430 -0.000817 
2024.788272 -0.000690 
2023.671115 -0.000453 
2022.553958 -0.000724 
2021.436801 -0.000826 
2020.319644 -0.000341 
2019.202487 -0.000551 
2018.085330 -0.001223 
2016.968173 -0.001245 
2015.851016 -0.001051 
2014.733859 -0.001234 
2013.616702 -0.001072 
2012.499545 -0.000625 
2011.382387 -0.000668 
2010.265230 -0.001018 
2009.148073 -0.001054 
2008.030916 -0.001083 
2006.913759 -0.001300 
2005.796602 -0.001099 
2004.679445 -0.000735 
2003.562288 -0.001252 
2002.445131 -0.001516 
2001.327974 -0.001228 
2000.210817 -0.001264 
1999.093660 -0.001548 
1997.976502 -0.001390 
1996.859345 -0.001266 
1995.742188 -0.001399 
1994.625031 -0.001054 
1993.507874 -0.000781 
1992.390717 -0.001243 
1991.273560 -0.001462 
1990.156403 -0.001171 
1989.039246 -0.001250 
1987.922089 -0.001442 
1986.804932 -0.001112 
1985.687774 -0.001056 
1984.570617 -0.001347 
1983.453460 -0.001333 
1982.336303 -0.001083 
1981.219146 -0.001429 
1980.101989 -0.001557 
1978.984832 -0.001178 
1977.867675 -0.001094 
1976.750518 -0.001340 
1975.633361 -0.001374 
1974.516204 -0.001182 
1973.399047 -0.001268 
1972.281889 -0.001178 
1971.164732 -0.000774 
1970.047575 -0.000702 
1968.930418 -0.001043 
1967.813261 -0.001210 
1966.696104 -0.001069 
1965.578947 -0.001065 
1964.461790 -0.000792 
1963.344633 -0.000417 
1962.227476 -0.000564 
1961.110319 -0.000902 
1959.993162 -0.000743 
1958.876004 -0.000593 
1957.758847 -0.000973 
1956.641690 -0.000831 
1955.524533 -0.000465 
1954.407376 -0.000505 
1953.290219 -0.000639 
1952.173062 -0.000576 
1951.055905 -0.000873 
1949.938748 -0.001124 
1948.821591 -0.000772 
1947.704434 -0.000857 
1946.587276 -0.001187 
1945.470119 -0.000878 
1944.352962 -0.000476 
1943.235805 -0.001086 
1942.118648 -0.001365 
1941.001491 -0.000551 
1939.884334 -0.000535 
1938.767177 -0.001022 
1937.650020 -0.000889 
1936.532863 -0.000481 
1935.415706 -0.000866 
1934.298549 -0.001072 
1933.181391 -0.000991 
1932.064234 -0.001201 
1930.947077 -0.001333 
1929.829920 -0.001016 
1928.712763 -0.000641 
1927.595606 -0.000627 
1926.478449 -0.000251 
1925.361292 0.000083 
1924.244135 -0.000751 
1923.126978 -0.001523 
1922.009821 -0.000909 
1920.892664 0.000090 
1919.775506 -0.000420 
1918.658349 -0.001401 
1917.541192 -0.001586 
1916.424035 -0.001173 
1915.306878 -0.000930 
1914.189721 -0.000711 
1913.072564 -0.000655 
1911.955407 -0.000695 
1910.838250 -0.000424 
1909.721093 -0.000277 
1908.603936 -0.000341 
1907.486778 -0.000309 
1906.369621 -0.000048 
1905.252464 -0.000330 
1904.135307 -0.000386 
1903.018150 0.000133 
1901.900993 -0.000216 
1900.783836 -0.000675 
1899.666679 -0.000451 
1898.549522 -0.000072 
1897.432365 -0.000329 
1896.315208 -0.000350 
1895.198051 -0.000158 
1894.080893 -0.000149 
1892.963736 0.000224 
1891.846579 0.000910 
1890.729422 0.000357 
1889.612265 -0.000697 
1888.495108 -0.000262 
1887.377951 0.000402 
1886.260794 0.000092 
1885.143637 -0.000083 
1884.026480 0.000273 
1882.909323 0.000128 
1881.792166 -0.000320 
1880.675008 0.000070 
1879.557851 0.000246 
1878.440694 0.000226 
1877.323537 0.000391 
1876.206380 0.000587 
1875.089223 0.000228 
1873.972066 -0.000088 
1872.854909 0.000481 
1871.737752 0.000717 
1870.620595 -0.000111 
1869.503438 -0.000981 
1868.386280 -0.000790 
1867.269123 -0.000808 
1866.151966 -0.000404 
1865.034809 0.000271 
1863.917652 0.000081 
1862.800495 -0.000140 
1861.683338 -0.000020 
1860.566181 -0.000011 
1859.449024 -0.000323 
1858.331867 0.000036 
1857.214710 0.000559 
1856.097553 0.000733 
1854.980395 0.001153 
1853.863238 0.001746 
1852.746081 0.001986 
1851.628924 0.001875 
1850.511767 0.002875 
1849.394610 0.003680 
1848.277453 0.003936 
1847.160296 0.005389 
1846.043139 0.006323 
1844.925982 0.004852 
1843.808825 0.004208 
1842.691668 0.005815 
1841.574510 0.006806 
1840.457353 0.006930 
1839.340196 0.007156 
1838.223039 0.007347 
1837.105882 0.006988 
1835.988725 0.006699 
1834.871568 0.007047 
1833.754411 0.007275 
1832.637254 0.008026 
1831.520097 0.008150 
1830.402940 0.006670 
1829.285782 0.005833 
1828.168625 0.007480 
1827.051468 0.007810 
1825.934311 0.005686 
1824.817154 0.004416 
1823.699997 0.004644 
1822.582840 0.004087 
1821.465683 0.002897 
1820.348526 0.002286 
1819.231369 0.001706 
1818.114212 0.000682 
1816.997055 0.000307 
1815.879897 0.000573 
1814.762740 0.000600 
1813.645583 0.000553 
1812.528426 0.000790 
1811.411269 0.000172 
1810.294112 -0.000135 
1809.176955 0.000287 
1808.059798 0.000630 
1806.942641 0.000731 
1805.825484 0.000869 
1804.708327 0.001526 
1803.591170 0.001641 
1802.474012 0.001491 
1801.356855 0.001458 
1800.239698 0.001255 
1799.122541 0.001561 
1798.005384 0.002784 
1796.888227 0.003430 
1795.771070 0.003746 
1794.653913 0.004292 
1793.536756 0.003497 
1792.419599 0.002387 
1791.302442 0.002541 
1790.185284 0.003717 
1789.068127 0.004369 
1787.950970 0.004077 
1786.833813 0.003631 
1785.716656 0.002791 
1784.599499 0.002065 
1783.482342 0.002146 
1782.365185 0.002110 
1781.248028 0.001142 
1780.130871 0.000214 
1779.013714 0.000411 
1777.896557 0.000490 
1776.779399 -0.000411 
1775.662242 -0.000438 
1774.545085 0.000488 
1773.427928 -0.001404 
1772.310771 -0.003620 
1771.193614 -0.002008 
1770.076457 0.000253 
1768.959300 -0.000735 
1767.842143 -0.002207 
1766.724986 -0.001160 
1765.607829 -0.000530 
1764.490672 0.000327 
1763.373514 0.000113 
1762.256357 -0.001729 
1761.139200 -0.001762 
1760.022043 0.000341 
1758.904886 0.001358 
1757.787729 0.000302 
1756.670572 -0.000650 
1755.553415 0.000000 
1754.436258 0.001523 
1753.319101 0.002080 
1752.201944 0.000682 
1751.084786 -0.000144 
1749.967629 0.000497 
1748.850472 0.000343 
1747.733315 0.000208 
1746.616158 0.000889 
1745.499001 0.001412 
1744.381844 0.000605 
1743.264687 0.000584 
1742.147530 0.002089 
1741.030373 0.001379 
1739.913216 -0.000585 
1738.796059 0.000345 
1737.678901 0.002907 
1736.561744 0.005027 
1735.444587 0.002733 
1734.327430 -0.001528 
1733.210273 -0.000341 
1732.093116 0.002500 
1730.975959 0.001812 
1729.858802 0.001034 
1728.741645 0.002189 
1727.624488 0.002067 
1726.507331 0.001674 
1725.390174 0.001462 
1724.273016 0.000690 
1723.155859 0.000031 
1722.038702 0.000837 
1720.921545 0.002821 
1719.804388 0.003179 
1718.687231 -0.000302 
1717.570074 -0.002333 
1716.452917 -0.000171 
1715.335760 0.000456 
1714.218603 0.000808 
1713.101446 0.002397 
1711.984288 0.003304 
1710.867131 0.003531 
1709.749974 0.004285 
1708.632817 0.005154 
1707.515660 0.004887 
1706.398503 0.004147 
1705.281346 0.002775 
1704.164189 0.002505 
1703.047032 0.005411 
1701.929875 0.004315 
1700.812718 -0.002399 
1699.695561 -0.003322 
1698.578403 0.002473 
1697.461246 0.001530 
1696.344089 -0.003861 
1695.226932 -0.004463 
1694.109775 -0.000616 
1692.992618 0.000564 
1691.875461 0.000742 
1690.758304 0.000207 
1689.641147 -0.000998 
1688.523990 -0.000578 
1687.406833 0.001977 
1686.289676 0.002757 
1685.172518 -0.001388 
1684.055361 -0.004782 
1682.938204 -0.001726 
1681.821047 0.000505 
1680.703890 -0.000072 
1679.586733 -0.000589 
1678.469576 0.000844 
1677.352419 0.002464 
1676.235262 0.000251 
1675.118105 -0.001372 
1674.000948 0.001298 
1672.883790 0.003321 
1671.766633 0.003286 
1670.649476 0.002746 
1669.532319 0.002494 
1668.415162 0.004024 
1667.298005 0.006402 
1666.180848 0.008087 
1665.063691 0.009694 
1663.946534 0.009198 
1662.829377 0.008660 
1661.712220 0.010587 
1660.595063 0.012792 
1659.477905 0.014079 
1658.360748 0.015588 
1657.243591 0.017691 
1656.126434 0.020008 
1655.009277 0.019512 
1653.892120 0.014327 
1652.774963 0.012232 
1651.657806 0.016087 
1650.540649 0.020597 
1649.423492 0.021816 
1648.306335 0.020958 
1647.189178 0.019478 
1646.072020 0.018589 
1644.954863 0.019205 
1643.837706 0.019981 
1642.720549 0.019740 
1641.603392 0.019023 
1640.486235 0.018815 
1639.369078 0.019634 
1638.251921 0.020408 
1637.134764 0.018788 
1636.017607 0.014976 
1634.900450 0.013618 
1633.783292 0.014839 
1632.666135 0.014460 
1631.548978 0.014214 
1630.431821 0.014099 
1629.314664 0.012715 
1628.197507 0.011138 
1627.080350 0.011553 
1625.963193 0.012454 
1624.846036 0.011472 
1623.728879 0.009834 
1622.611722 0.009337 
1621.494565 0.009744 
1620.377407 0.010502 
1619.260250 0.012000 
1618.143093 0.011066 
1617.025936 0.008227 
1615.908779 0.007695 
1614.791622 0.008979 
1613.674465 0.009128 
1612.557308 0.009554 
1611.440151 0.009561 
1610.322994 0.008672 
1609.205837 0.009105 
1608.088680 0.009739 
1606.971522 0.009461 
1605.854365 0.009367 
1604.737208 0.009719 
1603.620051 0.009249 
1602.502894 0.008823 
1601.385737 0.009351 
1600.268580 0.009653 
1599.151423 0.009324 
1598.034266 0.009367 
1596.917109 0.009654 
1595.799952 0.008938 
1594.682794 0.008378 
1593.565637 0.009017 
1592.448480 0.008852 
1591.331323 0.008108 
1590.214166 0.008317 
1589.097009 0.008961 
1587.979852 0.008663 
1586.862695 0.008857 
1585.745538 0.009337 
1584.628381 0.009076 
1583.511224 0.009074 
1582.394067 0.010073 
1581.276909 0.010452 
1580.159752 0.009834 
1579.042595 0.011190 
1577.925438 0.012366 
1576.808281 0.009678 
1575.691124 0.008643 
1574.573967 0.011066 
1573.456810 0.012061 
1572.339653 0.012377 
1571.222496 0.012826 
1570.105339 0.010985 
1568.988182 0.010306 
1567.871024 0.012140 
1566.753867 0.013548 
1565.636710 0.012700 
1564.519553 0.011824 
1563.402396 0.013616 
1562.285239 0.016251 
1561.168082 0.016579 
1560.050925 0.013225 
1558.933768 0.008146 
1557.816611 0.006991 
1556.699454 0.010847 
1555.582296 0.012808 
1554.465139 0.010157 
1553.347982 0.009856 
1552.230825 0.011915 
1551.113668 0.011375 
1549.996511 0.009180 
1548.879354 0.009764 
1547.762197 0.011951 
1546.645040 0.011599 
1545.527883 0.010506 
1544.410726 0.011220 
1543.293569 0.011380 
1542.176411 0.009953 
1541.059254 0.009468 
1539.942097 0.007279 
1538.824940 0.005438 
1537.707783 0.007598 
1536.590626 0.010423 
1535.473469 0.010890 
1534.356312 0.008961 
1533.239155 0.007841 
1532.121998 0.008065 
1531.004841 0.008916 
1529.887684 0.009769 
1528.770526 0.009796 
1527.653369 0.008798 
1526.536212 0.007600 
1525.419055 0.007968 
1524.301898 0.008974 
1523.184741 0.008697 
1522.067584 0.006280 
1520.950427 0.004333 
1519.833270 0.005341 
1518.716113 0.007135 
1517.598956 0.006950 
1516.481798 0.005238 
1515.364641 0.004969 
1514.247484 0.006248 
1513.130327 0.006149 
1512.013170 0.004768 
1510.896013 0.005282 
1509.778856 0.006984 
1508.661699 0.007189 
1507.544542 0.003911 
1506.427385 0.000429 
1505.310228 0.000675 
1504.193071 0.002512 
1503.075913 0.003671 
1501.958756 0.004288 
1500.841599 0.004344 
1499.724442 0.003847 
1498.607285 0.003624 
1497.490128 0.002749 
1496.372971 0.001121 
1495.255814 0.001419 
1494.138657 0.002146 
1493.021500 0.002503 
1491.904343 0.002724 
1490.787186 0.001162 
1489.670028 -0.000359 
1488.552871 0.000005 
1487.435714 0.000717 
1486.318557 0.000110 
1485.201400 -0.000162 
1484.084243 0.000347 
1482.967086 0.000357 
1481.849929 -0.000611 
1480.732772 -0.000515 
1479.615615 0.000287 
1478.498458 0.000144 
1477.381301 -0.000614 
1476.264143 -0.000444 
1475.146986 0.000970 
1474.029829 0.000471 
1472.912672 0.000101 
1471.795515 0.001246 
1470.678358 0.002828 
1469.561201 0.005515 
1468.444044 0.010127 
1467.326887 0.016175 
1466.209730 0.026065 
1465.092573 0.042682 
1463.975415 0.065416 
1462.858258 0.093578 
1461.741101 0.126997 
1460.623944 0.163041 
1459.506787 0.199415 
1458.389630 0.242369 
1457.272473 0.298499 
1456.155316 0.353202 
1455.038159 0.397619 
1453.921002 0.439652 
1452.803845 0.481758 
1451.686688 0.518919 
1450.569530 0.548711 
1449.452373 0.574705 
1448.335216 0.593465 
1447.218059 0.597524 
1446.100902 0.589588 
1444.983745 0.573373 
1443.866588 0.543542 
1442.749431 0.501284 
1441.632274 0.447265 
1440.515117 0.386280 
1439.397960 0.330813 
1438.280803 0.286325 
1437.163645 0.241822 
1436.046488 0.199526 
1434.929331 0.178423 
1433.812174 0.170934 
1432.695017 0.168011 
1431.577860 0.170286 
1430.460703 0.175891 
1429.343546 0.180858 
1428.226389 0.185683 
1427.109232 0.191904 
1425.992075 0.197049 
1424.874917 0.203114 
1423.757760 0.212099 
1422.640603 0.221672 
1421.523446 0.231506 
1420.406289 0.249273 
1419.289132 0.272064 
1418.171975 0.293289 
1417.054818 0.315974 
1415.937661 0.341976 
1414.820504 0.367057 
1413.703347 0.390423 
1412.586190 0.412472 
1411.469032 0.429831 
1410.351875 0.439245 
1409.234718 0.441190 
1408.117561 0.433744 
1407.000404 0.414453 
1405.883247 0.380707 
1404.766090 0.332156 
1403.648933 0.274375 
1402.531776 0.215263 
1401.414619 0.163411 
1400.297462 0.117917 
1399.180305 0.076913 
1398.063147 0.046525 
1396.945990 0.030564 
1395.828833 0.020295 
1394.711676 0.011941 
1393.594519 0.007979 
1392.477362 0.007138 
1391.360205 0.006858 
1390.243048 0.008607 
1389.125891 0.013945 
1388.008734 0.022491 
1386.891577 0.035208 
1385.774419 0.053570 
1384.657262 0.077415 
1383.540105 0.106724 
1382.422948 0.142675 
1381.305791 0.183106 
1380.188634 0.223721 
1379.071477 0.263586 
1377.954320 0.299350 
1376.837163 0.326774 
1375.720006 0.346584 
1374.602849 0.359288 
1373.485692 0.358956 
1372.368534 0.348113 
1371.251377 0.332205 
1370.134220 0.311441 
1369.017063 0.283498 
1367.899906 0.250986 
1366.782749 0.219172 
1365.665592 0.188729 
1364.548435 0.158992 
1363.431278 0.130125 
1362.314121 0.102572 
1361.196964 0.078207 
1360.079807 0.058595 
1358.962649 0.043878 
1357.845492 0.031122 
1356.728335 0.021046 
1355.611178 0.014837 
1354.494021 0.010306 
1353.376864 0.006100 
1352.259707 0.003649 
1351.142550 0.003238 
1350.025393 0.001783 
1348.908236 0.000415 
1347.791079 0.000506 
1346.673921 0.000300 
1345.556764 -0.000519 
1344.439607 -0.000189 
1343.322450 0.000497 
1342.205293 -0.000106 
1341.088136 -0.000492 
1339.970979 0.000047 
1338.853822 -0.000320 
1337.736665 -0.000846 
1336.619508 0.000000 
1335.502351 0.000575 
1334.385194 -0.000375 
1333.268036 -0.000280 
1332.150879 0.000321 
1331.033722 -0.000228 
1329.916565 -0.000699 
1328.799408 0.000079 
1327.682251 -0.000004 
1326.565094 -0.000612 
1325.447937 -0.000004 
1324.330780 0.000444 
1323.213623 -0.000400 
1322.096466 -0.000481 
1320.979309 0.000183 
1319.862151 -0.000447 
1318.744994 -0.001241 
1317.627837 -0.000131 
1316.510680 0.000269 
1315.393523 -0.000435 
1314.276366 -0.000187 
1313.159209 0.000497 
1312.042052 -0.000239 
1310.924895 -0.000422 
1309.807738 0.000483 
1308.690581 0.000467 
1307.573423 -0.000210 
1306.456266 0.000196 
1305.339109 0.000492 
1304.221952 -0.000145 
1303.104795 -0.000022 
1301.987638 0.000747 
1300.870481 0.000131 
1299.753324 -0.000397 
1298.636167 0.000099 
1297.519010 -0.000120 
1296.401853 -0.000912 
1295.284696 -0.000144 
1294.167538 0.000494 
1293.050381 -0.000153 
1291.933224 -0.000165 
1290.816067 0.000629 
1289.698910 0.000034 
1288.581753 -0.000706 
1287.464596 0.000079 
1286.347439 0.000316 
1285.230282 -0.000681 
1284.113125 -0.000415 
1282.995968 0.000429 
1281.878811 -0.000066 
1280.761653 -0.000442 
1279.644496 0.000442 
1278.527339 0.000395 
1277.410182 -0.000307 
1276.293025 0.000223 
1275.175868 0.000688 
1274.058711 -0.000074 
1272.941554 -0.000092 
1271.824397 0.000738 
1270.707240 0.000269 
1269.590083 -0.000219 
1268.472925 0.000668 
1267.355768 0.000769 
1266.238611 -0.000271 
1265.121454 -0.000022 
1264.004297 0.000537 
1262.887140 -0.000278 
1261.769983 -0.000303 
1260.652826 0.000752 
1259.535669 0.000467 
1258.418512 -0.000321 
1257.301355 0.000198 
1256.184198 0.000420 
1255.067040 -0.000515 
1253.949883 -0.000262 
1252.832726 0.000381 
1251.715569 -0.000400 
1250.598412 -0.000907 
1249.481255 0.000090 
1248.364098 0.000004 
1247.246941 -0.000699 
1246.129784 0.000147 
1245.012627 0.000794 
1243.895470 0.000110 
1242.778313 0.000417 
1241.661155 0.001555 
1240.543998 0.001288 
1239.426841 0.000794 
1238.309684 0.001966 
1237.192527 0.002326 
1236.075370 0.001611 
1234.958213 0.002144 
1233.841056 0.003396 
1232.723899 0.003040 
1231.606742 0.003145 
1230.489585 0.004100 
1229.372427 0.003567 
1228.255270 0.002353 
1227.138113 0.002678 
1226.020956 0.002690 
1224.903799 0.001483 
1223.786642 0.001426 
1222.669485 0.002243 
1221.552328 0.001494 
1220.435171 0.001004 
1219.318014 0.001789 
1218.200857 0.001548 
1217.083700 0.000303 
1215.966542 0.001155 
1214.849385 0.001625 
1213.732228 0.000602 
1212.615071 0.000664 
1211.497914 0.001814 
1210.380757 0.001266 
1209.263600 0.000647 
1208.146443 0.001656 
1207.029286 0.001841 
1205.912129 0.000796 
1204.794972 0.001341 
1203.677815 0.002277 
1202.560657 0.001548 
1201.443500 0.001194 
1200.326343 0.002450 
1199.209186 0.002162 
1198.092029 0.001595 
1196.974872 0.002455 
1195.857715 0.002837 
1194.740558 0.001667 
1193.623401 0.001999 
1192.506244 0.003098 
1191.389087 0.002584 
1190.271929 0.002169 
1189.154772 0.003157 
1188.037615 0.003168 
1186.920458 0.002028 
1185.803301 0.002460 
1184.686144 0.003107 
1183.568987 0.001916 
1182.451830 0.001878 
1181.334673 0.002875 
1180.217516 0.002453 
1179.100359 0.001758 
1177.983202 0.002881 
1176.866044 0.002784 
1175.748887 0.001544 
1174.631730 0.001864 
1173.514573 0.002643 
1172.397416 0.001873 
1171.280259 0.001510 
1170.163102 0.002818 
1169.045945 0.002600 
1167.928788 0.001632 
1166.811631 0.002577 
1165.694474 0.003125 
1164.577317 0.002019 
1163.460159 0.002168 
1162.343002 0.003290 
1161.225845 0.002414 
1160.108688 0.001868 
1158.991531 0.002872 
1157.874374 0.003060 
1156.757217 0.002146 
1155.640060 0.002459 
1154.522903 0.003173 
1153.405746 0.002103 
1152.288589 0.002051 
1151.171431 0.003044 
1150.054274 0.002428 
1148.937117 0.001341 
1147.819960 0.002300 
1146.702803 0.002543 
1145.585646 0.001399 
1144.468489 0.001940 
1143.351332 0.002721 
1142.234175 0.001916 
1141.117018 0.001447 
1139.999861 0.002448 
1138.882704 0.002180 
1137.765546 0.000903 
1136.648389 0.001695 
1135.531232 0.002202 
1134.414075 0.001133 
1133.296918 0.001002 
1132.179761 0.002275 
1131.062604 0.001367 
1129.945447 0.000729 
1128.828290 0.001920 
1127.711133 0.001816 
1126.593976 0.000612 
1125.476819 0.000970 
1124.359661 0.001711 
1123.242504 0.000783 
1122.125347 0.000616 
1121.008190 0.001778 
1119.891033 0.001338 
1118.773876 0.000505 
1117.656719 0.001368 
1116.539562 0.001853 
1115.422405 0.000246 
1114.305248 0.000761 
1113.188091 0.001708 
1112.070933 0.000794 
1110.953776 0.000397 
1109.836619 0.001591 
1108.719462 0.001255 
1107.602305 -0.000016 
1106.485148 0.000652 
1105.367991 0.001108 
1104.250834 -0.000056 
1103.133677 -0.000083 
1102.016520 0.001185 
1100.899363 0.000668 
1099.782206 -0.000330 
1098.665048 0.001148 
1097.547891 0.001124 
1096.430734 0.000093 
1095.313577 0.000603 
1094.196420 0.001340 
1093.079263 0.000063 
1091.962106 -0.000162 
1090.844949 0.001065 
1089.727792 0.000506 
1088.610635 -0.000523 
1087.493478 0.000221 
1086.376321 0.000652 
1085.259163 -0.000627 
1084.142006 -0.000327 
1083.024849 0.000884 
1081.907692 -0.000350 
1080.790535 -0.000826 
1079.673378 0.000300 
1078.556221 0.000201 
1077.439064 -0.001000 
1076.321907 0.000014 
1075.204750 0.000544 
1074.087593 -0.000589 
1072.970435 -0.000506 
1071.853278 0.000605 
1070.736121 0.000156 
1069.618964 -0.000943 
1068.501807 0.000171 
1067.384650 0.000413 
1066.267493 -0.000769 
1065.150336 0.000106 
1064.033179 0.001561 
1062.916022 0.001586 
1061.798865 0.003004 
1060.681708 0.007535 
1059.564550 0.012409 
1058.447393 0.019936 
1057.330236 0.032760 
1056.213079 0.049373 
1055.095922 0.068812 
1053.978765 0.093364 
1052.861608 0.122768 
1051.744451 0.152225 
1050.627294 0.182794 
1049.510137 0.215105 
1048.392980 0.245471 
1047.275823 0.272198 
1046.158665 0.297944 
1045.041508 0.321065 
1043.924351 0.339607 
1042.807194 0.356160 
1041.690037 0.370146 
1040.572880 0.379032 
1039.455723 0.382578 
1038.338566 0.381210 
1037.221409 0.371735 
1036.104252 0.351647 
1034.987095 0.325016 
1033.869937 0.291728 
1032.752780 0.251162 
1031.635623 0.207370 
1030.518466 0.165223 
1029.401309 0.123757 
1028.284152 0.086853 
1027.166995 0.059017 
1026.049838 0.037997 
1024.932681 0.022911 
1023.815524 0.014315 
1022.698367 0.010112 
1021.581210 0.005930 
1020.464052 0.003155 
1019.346895 0.003683 
1018.229738 0.002890 
1017.112581 0.001166 
1015.995424 0.001496 
1014.878267 0.002286 
1013.761110 0.000397 
1012.643953 0.000224 
1011.526796 0.001367 
1010.409639 0.000524 
1009.292482 -0.000305 
1008.175325 0.000848 
1007.058167 0.001011 
1005.941010 -0.000341 
1004.823853 0.000242 
1003.706696 0.001433 
1002.589539 0.000122 
1001.472382 -0.000144 
1000.355225 0.001173 
999.238068 0.000677 
998.120911 -0.001016 
997.003754 0.000295 
995.886597 0.000686 
994.769439 -0.000585 
993.652282 -0.000302 
992.535125 0.000849 
991.417968 -0.000160 
990.300811 -0.000973 
989.183654 0.000169 
988.066497 -0.000041 
986.949340 -0.001367 
985.832183 -0.000510 
984.715026 0.000057 
983.597869 -0.001277 
982.480712 -0.001239 
981.363554 0.000589 
980.246397 -0.000406 
979.129240 -0.001345 
978.012083 -0.000372 
976.894926 -0.000330 
975.777769 -0.001679 
974.660612 -0.000975 
973.543455 0.000047 
972.426298 -0.001169 
971.309141 -0.001543 
970.191984 -0.000190 
969.074827 -0.000462 
967.957669 -0.001395 
966.840512 -0.000397 
965.723355 -0.000084 
964.606198 -0.001850 
963.489041 -0.001359 
962.371884 -0.000214 
961.254727 -0.001083 
960.137570 -0.001559 
959.020413 0.000025 
957.903256 0.000032 
956.786099 -0.001412 
955.668941 -0.000837 
954.551784 -0.000230 
953.434627 -0.001573 
952.317470 -0.001749 
951.200313 -0.000298 
950.083156 -0.000706 
948.965999 -0.001498 
947.848842 -0.000255 
946.731685 -0.000131 
945.614528 -0.001088 
944.497371 -0.000582 
943.380214 0.000129 
942.263056 -0.000846 
941.145899 -0.000988 
940.028742 0.000282 
938.911585 -0.000086 
937.794428 -0.000955 
936.677271 -0.000072 
935.560114 0.000318 
934.442957 -0.000860 
933.325800 -0.000435 
932.208643 0.000702 
931.091486 0.000106 
929.974329 0.000840 
928.857171 0.004705 
927.740014 0.010527 
926.622857 0.021622 
925.505700 0.043706 
924.388543 0.078035 
923.271386 0.121304 
922.154229 0.170812 
921.037072 0.217123 
919.919915 0.246442 
918.802758 0.248551 
917.685601 0.222437 
916.568443 0.173441 
915.451286 0.114661 
914.334129 0.063534 
913.216972 0.029168 
912.099815 0.010310 
910.982658 0.002974 
909.865501 0.001710 
908.748344 0.000508 
907.631187 -0.000706 
906.514030 0.000374 
905.396873 0.000650 
904.279716 0.000099 
903.162558 0.001239 
902.045401 0.002191 
900.928244 0.000627 
899.811087 -0.000180 
898.693930 0.000311 
897.576773 -0.000733 
896.459616 -0.001740 
895.342459 -0.000828 
894.225302 -0.000614 
893.108145 -0.001789 
891.990988 -0.001383 
890.873831 0.000198 
889.756673 -0.000542 
888.639516 -0.000803 
887.522359 0.000065 
886.405202 -0.000334 
885.288045 -0.001259 
884.170888 -0.000269 
883.053731 0.000379 
881.936574 -0.000314 
880.819417 0.000126 
879.702260 0.000873 
878.585103 0.000097 
877.467945 -0.000521 
876.350788 0.000330 
875.233631 0.000411 
874.116474 -0.000945 
872.999317 -0.000492 
871.882160 -0.000119 
870.765003 -0.000788 
869.647846 -0.000812 
868.530689 0.000007 
867.413532 -0.000436 
866.296375 -0.000891 
865.179218 -0.000115 
864.062060 -0.000347 
862.944903 -0.001194 
861.827746 -0.000792 
860.710589 0.000036 
859.593432 -0.000508 
858.476275 -0.000704 
857.359118 0.000354 
856.241961 -0.000472 
855.124804 -0.000891 
854.007647 -0.000377 
852.890490 -0.000670 
851.773333 -0.001690 
850.656175 -0.001451 
849.539018 -0.001162 
848.421861 -0.001868 
847.304704 -0.001433 
846.187547 -0.000711 
845.070390 -0.001356 
843.953233 -0.002293 
842.836076 -0.001586 
841.718919 -0.001315 
840.601762 -0.002563 
839.484605 -0.001679 
838.367447 -0.001139 
837.250290 -0.001789 
836.133133 -0.001808 
835.015976 -0.000695 
833.898819 -0.000831 
832.781662 -0.001340 
831.664505 -0.000449 
830.547348 -0.000119 
829.430191 -0.000555 
828.313034 -0.000203 
827.195877 0.000955 
826.078720 0.000404 
824.961562 -0.000221 
823.844405 0.000790 
822.727248 0.000151 
821.610091 0.000334 
820.492934 0.001286 
819.375777 0.001370 
818.258620 0.000630 
817.141463 0.000754 
816.024306 0.001266 
814.907149 0.000846 
813.789992 0.000952 
812.672835 0.001336 
811.555677 0.001291 
810.438520 0.000720 
809.321363 0.001322 
808.204206 0.001609 
807.087049 0.000408 
805.969892 0.001117 
804.852735 0.001205 
803.735578 0.000767 
802.618421 0.000948 
801.501264 0.001674 
800.384107 0.001559 
799.266949 0.001124 
798.149792 0.001898 
797.032635 0.001860 
795.915478 0.001510 
794.798321 0.002241 
793.681164 0.003306 
792.564007 0.002663 
791.446850 0.002724 
790.329693 0.004770 
789.212536 0.004351 
788.095379 0.004684 
786.978222 0.006093 
785.861064 0.006966 
784.743907 0.007311 
783.626750 0.008771 
782.509593 0.010784 
781.392436 0.011122 
780.275279 0.012224 
779.158122 0.014155 
778.040965 0.015583 
776.923808 0.016725 
775.806651 0.019124 
774.689494 0.021302 
773.572337 0.022157 
772.455179 0.025275 
771.338022 0.028145 
770.220865 0.030528 
769.103708 0.033115 
767.986551 0.036533 
766.869394 0.040362 
765.752237 0.043530 
764.635080 0.047482 
763.517923 0.050460 
762.400766 0.052439 
761.283609 0.054287 
760.166451 0.054921 
759.049294 0.053191 
757.932137 0.050751 
756.814980 0.048420 
755.697823 0.042648 
754.580666 0.037219 
753.463509 0.032358 
752.346352 0.027090 
751.229195 0.022014 
750.112038 0.017946 
748.994881 0.015073 
747.877724 0.010913 
746.760566 0.008250 
745.643409 0.007178 
744.526252 0.005326 
743.409095 0.003944 
742.291938 0.004174 
741.174781 0.003886 
740.057624 0.002552 
738.940467 0.003531 
737.823310 0.002954 
736.706153 0.001623 
735.588996 0.001710 
734.471839 0.002293 
733.354681 0.003171 
732.237524 0.003218 
731.120367 0.003647 
730.003210 0.002726 
728.886053 0.001956 
727.768896 0.002660 
726.651739 0.002062 
725.534582 0.001650 
724.417425 0.001934 
723.300268 0.001223 
722.183111 -0.001042 
721.065953 -0.000230 
719.948796 0.001201 
718.831639 0.000548 
717.714482 0.000181 
716.597325 0.001182 
715.480168 0.002351 
714.363011 0.001262 
713.245854 0.001835 
712.128697 0.003083 
711.011540 0.001807 
709.894383 0.002371 
708.777226 0.003735 
707.660068 0.003364 
706.542911 0.002236 
705.425754 0.002782 
704.308597 0.002857 
703.191440 0.002830 
702.074283 0.003734 
700.957126 0.003619 
699.839969 0.003091 
698.722812 0.002737 
697.605655 0.002933 
696.488498 0.002791 
695.371341 0.003482 
694.254183 0.004491 
693.137026 0.002794 
692.019869 0.002388 
690.902712 0.002564 
689.785555 0.002642 
688.668398 0.002888 
687.551241 0.002934 
686.434084 0.003078 
685.316927 0.002358 
684.199770 0.003048 
683.082613 0.004919 
681.965455 0.003664 
680.848298 0.000539 
679.731141 0.000812 
678.613984 0.002202 
677.496827 0.000230 
676.379670 0.001509 
675.262513 0.003761 
674.145356 0.003708 
673.028199 0.003610 
671.911042 0.004587 
670.793885 0.004393 
669.676728 0.001647 
668.559570 -0.001243 
667.442413 -0.001433 
666.325256 0.000102 
665.208099 0.001043 
664.090942 0.000979 
662.973785 0.000040 
661.856628 0.000788 
660.739471 0.003495 
659.622314 0.001780 
658.505157 -0.000519 
657.388000 -0.000311 
656.270843 -0.000201 
655.153685 -0.000014 
654.036528 0.000187 
652.919371 -0.001480 
651.802214 -0.002669 
650.685057 -0.000207 
649.567900 0.002530 
