6000.530000 -0.000299 
5998.695893 -0.000835 
5996.861787 -0.004857 
5995.027680 0.002309 
5993.193573 -0.001878 
5991.359466 -0.003685 
5989.525360 -0.001523 
5987.691253 -0.004214 
5985.857146 0.002411 
5984.023040 0.000218 
5982.188933 0.003235 
5980.354826 -0.006936 
5978.520720 0.000160 
5976.686613 -0.002835 
5974.852506 0.000022 
5973.018399 -0.004807 
5971.184293 -0.000261 
5969.350186 -0.003300 
5967.516079 -0.010404 
5965.681973 -0.001124 
5963.847866 0.002924 
5962.013759 -0.003682 
5960.179653 0.002989 
5958.345546 -0.003290 
5956.511439 -0.002672 
5954.677332 -0.000132 
5952.843226 -0.008671 
5951.009119 0.001077 
5949.175012 -0.001691 
5947.340906 -0.006176 
5945.506799 0.000959 
5943.672692 -0.000342 
5941.838586 0.000712 
5940.004479 0.002745 
5938.170372 -0.003025 
5936.336265 0.001831 
5934.502159 -0.001669 
5932.668052 0.000669 
5930.833945 -0.005441 
5928.999839 -0.004314 
5927.165732 0.001504 
5925.331625 0.002824 
5923.497519 -0.003148 
5921.663412 -0.002109 
5919.829305 0.002074 
5917.995198 -0.005288 
5916.161092 -0.000816 
5914.326985 0.004046 
5912.492878 -0.003905 
5910.658772 -0.000655 
5908.824665 -0.002486 
5906.990558 -0.002361 
5905.156451 -0.001121 
5903.322345 -0.001614 
5901.488238 -0.004655 
5899.654131 -0.000091 
5897.820025 0.002790 
5895.985918 -0.001157 
5894.151811 0.001694 
5892.317705 -0.003012 
5890.483598 -0.006278 
5888.649491 -0.000640 
5886.815384 0.003504 
5884.981278 0.000672 
5883.147171 0.006705 
5881.313064 -0.000689 
5879.478958 0.007366 
5877.644851 -0.001490 
5875.810744 -0.006035 
5873.976638 -0.000969 
5872.142531 -0.001714 
5870.308424 -0.005750 
5868.474317 0.000868 
5866.640211 0.002191 
5864.806104 0.000159 
5862.971997 0.002533 
5861.137891 -0.004365 
5859.303784 -0.004112 
5857.469677 -0.001005 
5855.635571 0.003691 
5853.801464 -0.001566 
5851.967357 -0.000086 
5850.133250 -0.000458 
5848.299144 -0.002089 
5846.465037 0.001077 
5844.630930 0.001212 
5842.796824 0.002962 
5840.962717 0.004638 
5839.128610 0.000733 
5837.294504 0.001192 
5835.460397 -0.002454 
5833.626290 -0.004885 
5831.792183 0.004225 
5829.958077 0.000529 
5828.123970 0.000202 
5826.289863 0.001755 
5824.455757 -0.001941 
5822.621650 0.000291 
5820.787543 -0.004956 
5818.953436 0.000270 
5817.119330 0.001903 
5815.285223 -0.000447 
5813.451116 -0.002724 
5811.617010 0.002504 
5809.782903 0.001712 
5807.948796 0.002170 
5806.114690 -0.000286 
5804.280583 -0.003714 
5802.446476 0.000118 
5800.612369 -0.004177 
5798.778263 -0.005907 
5796.944156 0.000070 
5795.110049 -0.000264 
5793.275943 -0.003259 
5791.441836 -0.000666 
5789.607729 0.000120 
5787.773623 0.000999 
5785.939516 0.001404 
5784.105409 0.000678 
5782.271302 -0.004086 
5780.437196 0.000739 
5778.603089 0.003288 
5776.768982 -0.000926 
5774.934876 -0.000116 
5773.100769 0.007676 
5771.266662 -0.000944 
5769.432556 -0.002825 
5767.598449 -0.003621 
5765.764342 -0.006100 
5763.930235 0.001121 
5762.096129 0.001224 
5760.262022 0.003995 
5758.427915 0.001980 
5756.593809 -0.000675 
5754.759702 0.001048 
5752.925595 0.000877 
5751.091488 -0.000852 
5749.257382 0.003402 
5747.423275 -0.000031 
5745.589168 -0.002600 
5743.755062 0.000367 
5741.920955 0.002953 
5740.086848 0.002169 
5738.252742 -0.002853 
5736.418635 -0.000209 
5734.584528 0.002278 
5732.750421 -0.002040 
5730.916315 0.002983 
5729.082208 -0.002250 
5727.248101 -0.001617 
5725.413995 -0.001856 
5723.579888 -0.006431 
5721.745781 0.000384 
5719.911675 -0.000489 
5718.077568 -0.000279 
5716.243461 -0.003923 
5714.409354 0.003892 
5712.575248 0.005193 
5710.741141 0.001386 
5708.907034 0.000735 
5707.072928 -0.000593 
5705.238821 0.004327 
5703.404714 -0.002388 
5701.570608 -0.000359 
5699.736501 0.001883 
5697.902394 -0.003002 
5696.068287 0.002209 
5694.234181 -0.001142 
5692.400074 0.002000 
5690.565967 0.001760 
5688.731861 0.000205 
5686.897754 0.003174 
5685.063647 0.003056 
5683.229541 0.001695 
5681.395434 0.002268 
5679.561327 -0.004565 
5677.727220 0.002511 
5675.893114 0.000813 
5674.059007 0.004463 
5672.224900 0.002792 
5670.390794 -0.003909 
5668.556687 -0.001861 
5666.722580 -0.000151 
5664.888473 -0.002707 
5663.054367 -0.000556 
5661.220260 0.000800 
5659.386153 -0.002321 
5657.552047 0.000067 
5655.717940 -0.002364 
5653.883833 0.002210 
5652.049727 0.000863 
5650.215620 0.001272 
5648.381513 -0.002443 
5646.547406 -0.003943 
5644.713300 -0.000615 
5642.879193 0.003414 
5641.045086 -0.001205 
5639.210980 0.004237 
5637.376873 0.000263 
5635.542766 0.003216 
5633.708660 -0.000307 
5631.874553 -0.000593 
5630.040446 -0.003923 
5628.206339 0.000679 
5626.372233 -0.002800 
5624.538126 -0.001770 
5622.704019 0.002327 
5620.869913 0.002232 
5619.035806 -0.002893 
5617.201699 -0.000084 
5615.367593 -0.000120 
5613.533486 0.002599 
5611.699379 0.000051 
5609.865272 -0.000735 
5608.031166 -0.001490 
5606.197059 -0.001953 
5604.362952 0.002711 
5602.528846 0.004118 
5600.694739 -0.001373 
5598.860632 0.001890 
5597.026526 0.000969 
5595.192419 0.000198 
5593.358312 0.004374 
5591.524205 0.005674 
5589.690099 -0.000680 
5587.855992 0.000336 
5586.021885 -0.000554 
5584.187779 -0.001053 
5582.353672 0.000352 
5580.519565 0.002610 
5578.685458 0.000881 
5576.851352 0.000559 
5575.017245 -0.002068 
5573.183138 0.000925 
5571.349032 -0.002812 
5569.514925 -0.000732 
5567.680818 -0.004911 
5565.846712 0.003211 
5564.012605 -0.002187 
5562.178498 -0.001393 
5560.344391 0.000819 
5558.510285 0.003638 
5556.676178 -0.004117 
5554.842071 -0.000481 
5553.007965 0.002052 
5551.173858 -0.001270 
5549.339751 0.001551 
5547.505645 0.000870 
5545.671538 0.001343 
5543.837431 0.002589 
5542.003324 -0.000304 
5540.169218 -0.000913 
5538.335111 -0.003817 
5536.501004 0.000654 
5534.666898 0.004161 
5532.832791 0.001284 
5530.998684 0.001608 
5529.164578 0.001732 
5527.330471 0.000908 
5525.496364 -0.000912 
5523.662257 -0.000954 
5521.828151 -0.001617 
5519.994044 0.000932 
5518.159937 -0.001102 
5516.325831 0.001848 
5514.491724 0.000443 
5512.657617 0.000857 
5510.823511 -0.002032 
5508.989404 -0.002195 
5507.155297 0.001402 
5505.321190 -0.002737 
5503.487084 0.000815 
5501.652977 0.001439 
5499.818870 0.003335 
5497.984764 -0.000739 
5496.150657 0.003116 
5494.316550 0.001434 
5492.482443 -0.001820 
5490.648337 -0.000177 
5488.814230 -0.000487 
5486.980123 0.002281 
5485.146017 0.006885 
5483.311910 -0.001811 
5481.477803 -0.000864 
5479.643697 0.000540 
5477.809590 -0.003011 
5475.975483 0.002066 
5474.141376 0.000969 
5472.307270 0.001910 
5470.473163 0.001209 
5468.639056 0.000387 
5466.804950 0.002303 
5464.970843 0.001387 
5463.136736 -0.000007 
5461.302630 -0.001634 
5459.468523 -0.000517 
5457.634416 -0.001619 
5455.800309 -0.000679 
5453.966203 -0.003461 
5452.132096 -0.003204 
5450.297989 -0.002028 
5448.463883 0.000292 
5446.629776 -0.003300 
5444.795669 0.000271 
5442.961563 0.000468 
5441.127456 0.000934 
5439.293349 0.000428 
5437.459242 -0.000311 
5435.625136 0.001442 
5433.791029 -0.004697 
5431.956922 -0.001443 
5430.122816 0.002443 
5428.288709 -0.003049 
5426.454602 0.001975 
5424.620495 0.003395 
5422.786389 0.000969 
5420.952282 0.000841 
5419.118175 0.001231 
5417.284069 0.000202 
5415.449962 -0.001220 
5413.615855 0.005360 
5411.781749 0.000211 
5409.947642 0.000378 
5408.113535 -0.001437 
5406.279428 0.001817 
5404.445322 0.000704 
5402.611215 -0.000425 
5400.777108 -0.002892 
5398.943002 0.001869 
5397.108895 -0.001802 
5395.274788 0.001060 
5393.440682 0.000811 
5391.606575 -0.001313 
5389.772468 -0.000577 
5387.938361 0.000278 
5386.104255 0.001783 
5384.270148 0.002974 
5382.436041 0.000821 
5380.601935 0.000557 
5378.767828 0.005203 
5376.933721 0.002087 
5375.099615 0.002019 
5373.265508 -0.001119 
5371.431401 0.000917 
5369.597294 -0.000260 
5367.763188 0.003072 
5365.929081 -0.001806 
5364.094974 0.000734 
5362.260868 -0.001497 
5360.426761 0.001244 
5358.592654 -0.000283 
5356.758548 -0.002893 
5354.924441 0.000163 
5353.090334 0.000338 
5351.256227 -0.001128 
5349.422121 -0.002044 
5347.588014 0.001110 
5345.753907 0.000511 
5343.919801 0.003039 
5342.085694 0.000453 
5340.251587 0.004844 
5338.417480 0.001559 
5336.583374 -0.002932 
5334.749267 0.001403 
5332.915160 0.000100 
5331.081054 -0.000423 
5329.246947 -0.002268 
5327.412840 0.001338 
5325.578734 0.003154 
5323.744627 -0.001114 
5321.910520 0.001447 
5320.076413 -0.000117 
5318.242307 0.003329 
5316.408200 0.001071 
5314.574093 0.000929 
5312.739987 0.001274 
5310.905880 0.000471 
5309.071773 0.000127 
5307.237667 0.000907 
5305.403560 -0.000874 
5303.569453 0.002098 
5301.735346 -0.001873 
5299.901240 -0.001690 
5298.067133 -0.000535 
5296.233026 -0.002233 
5294.398920 -0.000097 
5292.564813 -0.000747 
5290.730706 0.005928 
5288.896600 0.002384 
5287.062493 -0.001089 
5285.228386 -0.001746 
5283.394279 -0.000475 
5281.560173 0.002034 
5279.726066 0.001515 
5277.891959 -0.000058 
5276.057853 0.000625 
5274.223746 -0.000525 
5272.389639 0.000940 
5270.555533 0.002973 
5268.721426 0.001240 
5266.887319 0.001527 
5265.053212 -0.000534 
5263.219106 -0.002203 
5261.384999 0.001734 
5259.550892 0.000979 
5257.716786 -0.002564 
5255.882679 -0.001853 
5254.048572 0.002345 
5252.214465 0.000652 
5250.380359 0.002617 
5248.546252 -0.000937 
5246.712145 0.000876 
5244.878039 0.000064 
5243.043932 0.002351 
5241.209825 -0.002250 
5239.375719 0.002660 
5237.541612 0.000771 
5235.707505 0.001960 
5233.873398 0.000719 
5232.039292 0.000062 
5230.205185 0.001244 
5228.371078 -0.001012 
5226.536972 -0.001478 
5224.702865 -0.000633 
5222.868758 0.001998 
5221.034652 0.002707 
5219.200545 -0.002997 
5217.366438 0.001790 
5215.532331 -0.000262 
5213.698225 -0.000954 
5211.864118 -0.001440 
5210.030011 0.000300 
5208.195905 -0.000719 
5206.361798 -0.002007 
5204.527691 -0.000286 
5202.693585 0.002099 
5200.859478 -0.002638 
5199.025371 -0.000411 
5197.191264 0.004380 
5195.357158 -0.002632 
5193.523051 -0.000046 
5191.688944 0.001283 
5189.854838 0.001460 
5188.020731 -0.000322 
5186.186624 0.000235 
5184.352518 0.000447 
5182.518411 0.001717 
5180.684304 0.000513 
5178.850197 -0.001007 
5177.016091 -0.000278 
5175.181984 -0.003021 
5173.347877 -0.001566 
5171.513771 -0.000377 
5169.679664 -0.000569 
5167.845557 0.003151 
5166.011450 0.001447 
5164.177344 -0.001988 
5162.343237 0.001779 
5160.509130 -0.001083 
5158.675024 0.000127 
5156.840917 -0.000633 
5155.006810 -0.001000 
5153.172704 0.002252 
5151.338597 0.000886 
5149.504490 -0.001661 
5147.670383 0.000174 
5145.836277 -0.000825 
5144.002170 -0.001385 
5142.168063 0.000995 
5140.333957 0.000129 
5138.499850 -0.000337 
5136.665743 -0.000918 
5134.831637 0.000026 
5132.997530 -0.001463 
5131.163423 -0.001069 
5129.329316 0.001875 
5127.495210 -0.002424 
5125.661103 -0.001236 
5123.826996 0.002393 
5121.992890 0.001995 
5120.158783 0.001983 
5118.324676 -0.001068 
5116.490570 -0.001686 
5114.656463 -0.002939 
5112.822356 0.000465 
5110.988249 0.000860 
5109.154143 0.000731 
5107.320036 -0.000758 
5105.485929 -0.000176 
5103.651823 -0.002021 
5101.817716 -0.001047 
5099.983609 -0.000925 
5098.149503 -0.002081 
5096.315396 -0.000265 
5094.481289 0.001008 
5092.647182 -0.000120 
5090.813076 0.001972 
5088.978969 0.000484 
5087.144862 -0.001846 
5085.310756 -0.001837 
5083.476649 0.001106 
5081.642542 0.001621 
5079.808435 -0.001512 
5077.974329 0.001364 
5076.140222 0.000523 
5074.306115 0.001304 
5072.472009 -0.000487 
5070.637902 0.001013 
5068.803795 0.000713 
5066.969689 0.000833 
5065.135582 -0.000354 
5063.301475 -0.001964 
5061.467368 -0.001039 
5059.633262 -0.000728 
5057.799155 0.002604 
5055.965048 0.000761 
5054.130942 -0.001661 
5052.296835 0.001325 
5050.462728 -0.000050 
5048.628622 0.000379 
5046.794515 0.001192 
5044.960408 0.002459 
5043.126301 -0.000415 
5041.292195 -0.000900 
5039.458088 0.001379 
5037.623981 -0.000161 
5035.789875 -0.001556 
5033.955768 0.001620 
5032.121661 0.002045 
5030.287555 -0.000181 
5028.453448 -0.000880 
5026.619341 0.000152 
5024.785234 -0.001987 
5022.951128 -0.001458 
5021.117021 -0.000216 
5019.282914 0.000384 
5017.448808 0.000161 
5015.614701 -0.001713 
5013.780594 0.000240 
5011.946487 0.001263 
5010.112381 -0.000935 
5008.278274 -0.000521 
5006.444167 -0.000613 
5004.610061 0.000347 
5002.775954 -0.002137 
5000.941847 0.000994 
4999.107741 0.000650 
4997.273634 -0.002100 
4995.439527 -0.002729 
4993.605420 -0.001487 
4991.771314 0.001342 
4989.937207 -0.000160 
4988.103100 -0.000850 
4986.268994 -0.001116 
4984.434887 -0.000893 
4982.600780 -0.001280 
4980.766674 -0.001123 
4978.932567 0.000701 
4977.098460 0.000638 
4975.264353 0.001803 
4973.430247 0.000919 
4971.596140 -0.002607 
4969.762033 -0.000031 
4967.927927 0.001737 
4966.093820 -0.000676 
4964.259713 0.000390 
4962.425607 0.000352 
4960.591500 -0.001805 
4958.757393 -0.002576 
4956.923286 -0.000565 
4955.089180 0.000321 
4953.255073 0.000987 
4951.420966 -0.000357 
4949.586860 -0.001523 
4947.752753 0.000688 
4945.918646 0.000916 
4944.084540 -0.000955 
4942.250433 0.000198 
4940.416326 0.000706 
4938.582219 -0.001342 
4936.748113 -0.002062 
4934.914006 0.000077 
4933.079899 0.000475 
4931.245793 0.000368 
4929.411686 -0.000588 
4927.577579 -0.002136 
4925.743472 0.000521 
4923.909366 -0.000541 
4922.075259 -0.000206 
4920.241152 -0.001062 
4918.407046 -0.000305 
4916.572939 -0.000434 
4914.738832 0.000042 
4912.904726 0.000447 
4911.070619 -0.000488 
4909.236512 0.001299 
4907.402405 -0.000403 
4905.568299 0.000017 
4903.734192 0.000764 
4901.900085 -0.001104 
4900.065979 0.001429 
4898.231872 0.000235 
4896.397765 0.001888 
4894.563659 0.002260 
4892.729552 -0.000385 
4890.895445 0.000679 
4889.061338 0.001799 
4887.227232 -0.000850 
4885.393125 -0.001413 
4883.559018 0.000101 
4881.724912 0.000825 
4879.890805 0.000714 
4878.056698 0.000242 
4876.222592 -0.000169 
4874.388485 -0.000850 
4872.554378 -0.001014 
4870.720271 -0.001814 
4868.886165 0.001034 
4867.052058 -0.001842 
4865.217951 0.001511 
4863.383845 -0.000267 
4861.549738 -0.001490 
4859.715631 0.000190 
4857.881525 -0.001765 
4856.047418 0.000661 
4854.213311 0.000733 
4852.379204 0.000460 
4850.545098 0.000444 
4848.710991 0.000488 
4846.876884 0.000641 
4845.042778 0.001752 
4843.208671 -0.002050 
4841.374564 -0.000396 
4839.540457 -0.001740 
4837.706351 -0.000475 
4835.872244 0.000669 
4834.038137 -0.000111 
4832.204031 -0.000053 
4830.369924 -0.000594 
4828.535817 -0.000194 
4826.701711 0.001392 
4824.867604 0.000400 
4823.033497 0.000077 
4821.199390 0.000989 
4819.365284 -0.001361 
4817.531177 0.000260 
4815.697070 0.001246 
4813.862964 -0.000646 
4812.028857 0.000655 
4810.194750 -0.000878 
4808.360644 -0.000542 
4806.526537 -0.000692 
4804.692430 -0.000490 
4802.858323 -0.000654 
4801.024217 0.000628 
4799.190110 0.000692 
4797.356003 0.000541 
4795.521897 -0.000434 
4793.687790 -0.000519 
4791.853683 0.001134 
4790.019577 -0.001491 
4788.185470 -0.000878 
4786.351363 0.001080 
4784.517256 -0.000255 
4782.683150 -0.000695 
4780.849043 -0.000245 
4779.014936 -0.000320 
4777.180830 -0.000748 
4775.346723 0.002280 
4773.512616 -0.000400 
4771.678510 0.000285 
4769.844403 0.000333 
4768.010296 0.001524 
4766.176189 0.000128 
4764.342083 -0.000485 
4762.507976 -0.001896 
4760.673869 -0.000808 
4758.839763 -0.000134 
4757.005656 -0.000815 
4755.171549 -0.002443 
4753.337442 0.001172 
4751.503336 -0.000804 
4749.669229 0.000314 
4747.835122 -0.000148 
4746.001016 0.000293 
4744.166909 -0.000786 
4742.332802 -0.000052 
4740.498696 -0.001658 
4738.664589 -0.000487 
4736.830482 0.000788 
4734.996375 0.000315 
4733.162269 -0.000139 
4731.328162 -0.000982 
4729.494055 0.000635 
4727.659949 0.001361 
4725.825842 0.001290 
4723.991735 0.000244 
4722.157629 -0.000167 
4720.323522 0.000143 
4718.489415 0.000320 
4716.655308 -0.000080 
4714.821202 -0.002494 
4712.987095 0.000691 
4711.152988 0.001035 
4709.318882 0.000629 
4707.484775 0.001030 
4705.650668 0.000006 
4703.816562 -0.000447 
4701.982455 -0.000203 
4700.148348 0.000483 
4698.314241 0.000360 
4696.480135 0.001041 
4694.646028 0.000359 
4692.811921 -0.000872 
4690.977815 -0.000164 
4689.143708 0.001272 
4687.309601 -0.000220 
4685.475494 0.000289 
4683.641388 -0.000122 
4681.807281 0.001510 
4679.973174 0.000470 
4678.139068 -0.000937 
4676.304961 0.000812 
4674.470854 -0.000130 
4672.636748 -0.001900 
4670.802641 0.001217 
4668.968534 -0.000222 
4667.134427 -0.000355 
4665.300321 0.001077 
4663.466214 0.000507 
4661.632107 0.002314 
4659.798001 0.001809 
4657.963894 -0.001500 
4656.129787 0.000708 
4654.295681 0.000251 
4652.461574 0.000171 
4650.627467 -0.001546 
4648.793360 -0.000708 
4646.959254 -0.000258 
4645.125147 0.000053 
4643.291040 -0.000248 
4641.456934 0.002425 
4639.622827 -0.000444 
4637.788720 -0.001725 
4635.954614 -0.001210 
4634.120507 -0.000735 
4632.286400 -0.000626 
4630.452293 -0.000245 
4628.618187 -0.002008 
4626.784080 0.001688 
4624.949973 0.000394 
4623.115867 -0.001578 
4621.281760 0.000309 
4619.447653 -0.000123 
4617.613547 -0.000474 
4615.779440 0.001075 
4613.945333 0.001531 
4612.111226 0.001390 
4610.277120 -0.002130 
4608.443013 0.001253 
4606.608906 0.000344 
4604.774800 -0.000662 
4602.940693 0.000599 
4601.106586 0.001364 
4599.272479 -0.000080 
4597.438373 0.000114 
4595.604266 0.000330 
4593.770159 -0.001076 
4591.936053 -0.001168 
4590.101946 -0.000198 
4588.267839 -0.001579 
4586.433733 -0.001145 
4584.599626 0.000260 
4582.765519 0.001087 
4580.931412 0.000308 
4579.097306 -0.000828 
4577.263199 0.000266 
4575.429092 -0.001047 
4573.594986 -0.002082 
4571.760879 -0.000386 
4569.926772 0.001854 
4568.092666 0.000330 
4566.258559 0.000442 
4564.424452 -0.001049 
4562.590345 -0.000299 
4560.756239 -0.000359 
4558.922132 -0.001172 
4557.088025 -0.002014 
4555.253919 0.000194 
4553.419812 -0.002609 
4551.585705 -0.000360 
4549.751599 -0.001685 
4547.917492 0.000650 
4546.083385 0.001018 
4544.249278 -0.001184 
4542.415172 0.001543 
4540.581065 -0.000437 
4538.746958 -0.001505 
4536.912852 -0.002033 
4535.078745 0.002891 
4533.244638 -0.000193 
4531.410532 -0.000463 
4529.576425 -0.000585 
4527.742318 0.001122 
4525.908211 -0.000405 
4524.074105 -0.001095 
4522.239998 0.000273 
4520.405891 0.001981 
4518.571785 -0.000085 
4516.737678 -0.000839 
4514.903571 0.001144 
4513.069464 0.001946 
4511.235358 -0.001966 
4509.401251 0.000642 
4507.567144 -0.000902 
4505.733038 0.000171 
4503.898931 0.000910 
4502.064824 -0.002243 
4500.230718 0.001312 
4498.396611 -0.002591 
4496.562504 -0.000109 
4494.728397 0.000256 
4492.894291 -0.001101 
4491.060184 -0.001000 
4489.226077 -0.001002 
4487.391971 0.000812 
4485.557864 -0.000012 
4483.723757 0.000887 
4481.889651 0.000683 
4480.055544 -0.000172 
4478.221437 -0.001263 
4476.387330 0.000083 
4474.553224 0.000757 
4472.719117 0.000163 
4470.885010 0.000436 
4469.050904 0.000560 
4467.216797 -0.002427 
4465.382690 0.001426 
4463.548584 -0.000401 
4461.714477 0.000240 
4459.880370 -0.000771 
4458.046263 -0.000697 
4456.212157 -0.001451 
4454.378050 -0.000637 
4452.543943 -0.000037 
4450.709837 0.000818 
4448.875730 0.000325 
4447.041623 0.000903 
4445.207517 0.002260 
4443.373410 -0.001587 
4441.539303 -0.000694 
4439.705196 -0.000342 
4437.871090 -0.000331 
4436.036983 -0.000522 
4434.202876 -0.000311 
4432.368770 0.001185 
4430.534663 -0.001189 
4428.700556 0.000891 
4426.866449 -0.000521 
4425.032343 0.000470 
4423.198236 -0.000003 
4421.364129 -0.001101 
4419.530023 -0.000459 
4417.695916 -0.000231 
4415.861809 0.000498 
4414.027703 0.000813 
4412.193596 -0.000204 
4410.359489 -0.001268 
4408.525382 -0.001670 
4406.691276 -0.000355 
4404.857169 0.000847 
4403.023062 0.000016 
4401.188956 0.001487 
4399.354849 0.000028 
4397.520742 0.000830 
4395.686636 -0.001497 
4393.852529 0.000859 
4392.018422 -0.000193 
4390.184315 -0.001251 
4388.350209 -0.000394 
4386.516102 0.000848 
4384.681995 -0.001659 
4382.847889 0.000420 
4381.013782 0.001530 
4379.179675 0.000721 
4377.345569 -0.000154 
4375.511462 -0.000393 
4373.677355 -0.000697 
4371.843248 0.001258 
4370.009142 -0.000023 
4368.175035 0.000093 
4366.340928 -0.000653 
4364.506822 0.000500 
4362.672715 -0.000309 
4360.838608 -0.000517 
4359.004502 -0.000207 
4357.170395 -0.000236 
4355.336288 -0.002337 
4353.502181 0.000050 
4351.668075 -0.000345 
4349.833968 0.000286 
4347.999861 -0.000552 
4346.165755 -0.000624 
4344.331648 -0.000202 
4342.497541 0.000339 
4340.663434 -0.000191 
4338.829328 -0.000284 
4336.995221 -0.000402 
4335.161114 -0.000125 
4333.327008 0.000510 
4331.492901 -0.000452 
4329.658794 -0.000327 
4327.824688 -0.000318 
4325.990581 0.000304 
4324.156474 -0.000645 
4322.322367 -0.000664 
4320.488261 0.001100 
4318.654154 0.000428 
4316.820047 0.000999 
4314.985941 0.000020 
4313.151834 0.000155 
4311.317727 -0.000265 
4309.483621 -0.000355 
4307.649514 -0.000081 
4305.815407 -0.000629 
4303.981300 -0.001996 
4302.147194 -0.001001 
4300.313087 -0.000053 
4298.478980 -0.000457 
4296.644874 0.000296 
4294.810767 -0.000946 
4292.976660 -0.001241 
4291.142554 -0.000257 
4289.308447 0.000180 
4287.474340 0.000360 
4285.640233 -0.000328 
4283.806127 0.000183 
4281.972020 0.000848 
4280.137913 0.000223 
4278.303807 -0.000276 
4276.469700 0.000056 
4274.635593 -0.000928 
4272.801486 -0.000649 
4270.967380 0.000171 
4269.133273 0.000334 
4267.299166 0.000139 
4265.465060 -0.000479 
4263.630953 -0.000698 
4261.796846 0.000933 
4259.962740 -0.000285 
4258.128633 -0.000080 
4256.294526 -0.000523 
4254.460419 0.000515 
4252.626313 -0.000761 
4250.792206 -0.000175 
4248.958099 0.000341 
4247.123993 -0.000747 
4245.289886 0.000424 
4243.455779 -0.000941 
4241.621673 -0.000136 
4239.787566 -0.000236 
4237.953459 0.000008 
4236.119352 0.000139 
4234.285246 -0.000291 
4232.451139 0.000642 
4230.617032 -0.000446 
4228.782926 -0.000776 
4226.948819 -0.000821 
4225.114712 -0.000177 
4223.280606 -0.000319 
4221.446499 0.000026 
4219.612392 -0.000376 
4217.778285 -0.000510 
4215.944179 -0.000508 
4214.110072 0.000510 
4212.275965 -0.000254 
4210.441859 -0.000963 
4208.607752 -0.000538 
4206.773645 -0.000597 
4204.939539 0.000196 
4203.105432 -0.000329 
4201.271325 -0.000765 
4199.437218 0.000199 
4197.603112 -0.001180 
4195.769005 0.000359 
4193.934898 -0.000783 
4192.100792 -0.000708 
4190.266685 0.000355 
4188.432578 -0.000365 
4186.598471 0.000040 
4184.764365 -0.000560 
4182.930258 0.001477 
4181.096151 0.001027 
4179.262045 0.000806 
4177.427938 0.000290 
4175.593831 -0.000169 
4173.759725 -0.001295 
4171.925618 0.000809 
4170.091511 -0.000110 
4168.257404 -0.000639 
4166.423298 0.000180 
4164.589191 -0.000005 
4162.755084 -0.000803 
4160.920978 -0.001308 
4159.086871 -0.001581 
4157.252764 -0.000370 
4155.418658 0.000575 
4153.584551 0.000532 
4151.750444 -0.000514 
4149.916337 0.000387 
4148.082231 -0.000819 
4146.248124 -0.000203 
4144.414017 -0.000140 
4142.579911 -0.000808 
4140.745804 -0.000559 
4138.911697 -0.000548 
4137.077591 -0.000254 
4135.243484 -0.000860 
4133.409377 0.000341 
4131.575270 -0.000875 
4129.741164 -0.001047 
4127.907057 0.001090 
4126.072950 0.000094 
4124.238844 0.000100 
4122.404737 -0.000646 
4120.570630 -0.000584 
4118.736524 -0.000810 
4116.902417 -0.000999 
4115.068310 0.000355 
4113.234203 -0.000537 
4111.400097 0.000723 
4109.565990 -0.000746 
4107.731883 -0.001454 
4105.897777 0.000090 
4104.063670 -0.000022 
4102.229563 -0.000636 
4100.395456 -0.000280 
4098.561350 0.000119 
4096.727243 0.000040 
4094.893136 0.000757 
4093.059030 -0.000352 
4091.224923 0.000372 
4089.390816 0.000389 
4087.556710 -0.000033 
4085.722603 -0.000086 
4083.888496 -0.000580 
4082.054389 -0.000758 
4080.220283 0.000110 
4078.386176 -0.000354 
4076.552069 -0.000725 
4074.717963 -0.000531 
4072.883856 0.000351 
4071.049749 -0.000373 
4069.215643 -0.000781 
4067.381536 -0.000683 
4065.547429 0.000074 
4063.713322 0.000338 
4061.879216 0.000001 
4060.045109 -0.000293 
4058.211002 -0.000040 
4056.376896 -0.000321 
4054.542789 0.000113 
4052.708682 -0.000227 
4050.874576 -0.000653 
4049.040469 -0.000324 
4047.206362 -0.000217 
4045.372255 -0.000077 
4043.538149 -0.000413 
4041.704042 -0.000633 
4039.869935 -0.000321 
4038.035829 -0.000333 
4036.201722 0.000543 
4034.367615 0.000177 
4032.533509 0.000215 
4030.699402 0.000062 
4028.865295 0.000676 
4027.031188 0.000498 
4025.197082 0.000479 
4023.362975 -0.000433 
4021.528868 0.000013 
4019.694762 -0.001010 
4017.860655 0.000835 
4016.026548 -0.001267 
4014.192441 0.000402 
4012.358335 0.000219 
4010.524228 0.000375 
4008.690121 -0.000272 
4006.856015 -0.000122 
4005.021908 -0.000160 
4003.187801 0.000853 
4001.353695 0.000621 
3999.519588 0.000392 
3997.685481 -0.000458 
3995.851374 -0.000050 
3994.017268 0.000873 
3992.183161 0.000563 
3990.349054 -0.000124 
3988.514948 -0.000368 
3986.680841 0.000357 
3984.846734 0.000589 
3983.012628 -0.000370 
3981.178521 -0.000065 
3979.344414 -0.001008 
3977.510307 0.000164 
3975.676201 -0.000552 
3973.842094 0.000369 
3972.007987 0.000425 
3970.173881 0.000076 
3968.339774 -0.000538 
3966.505667 0.000054 
3964.671561 -0.000612 
3962.837454 -0.000820 
3961.003347 0.001083 
3959.169240 0.000037 
3957.335134 0.000305 
3955.501027 -0.000325 
3953.666920 -0.000313 
3951.832814 0.000579 
3949.998707 0.000087 
3948.164600 -0.000352 
3946.330493 0.000287 
3944.496387 -0.000548 
3942.662280 0.000329 
3940.828173 0.000170 
3938.994067 0.000343 
3937.159960 -0.000197 
3935.325853 -0.000974 
3933.491747 -0.000898 
3931.657640 0.000065 
3929.823533 0.000088 
3927.989426 -0.000299 
3926.155320 -0.000050 
3924.321213 0.000066 
3922.487106 0.000078 
3920.653000 0.000199 
3918.818893 -0.000354 
3916.984786 -0.000669 
3915.150680 -0.000415 
3913.316573 -0.000080 
3911.482466 -0.000999 
3909.648359 -0.000164 
3907.814253 -0.000055 
3905.980146 0.000043 
3904.146039 -0.000371 
3902.311933 0.000128 
3900.477826 -0.000806 
3898.643719 0.000270 
3896.809613 0.000386 
3894.975506 -0.000669 
3893.141399 -0.000503 
3891.307292 -0.000178 
3889.473186 0.000122 
3887.639079 -0.000328 
3885.804972 -0.000901 
3883.970866 -0.000572 
3882.136759 0.000060 
3880.302652 -0.000256 
3878.468546 0.000556 
3876.634439 -0.000402 
3874.800332 0.000039 
3872.966225 -0.000564 
3871.132119 -0.000259 
3869.298012 -0.000412 
3867.463905 0.000232 
3865.629799 -0.000204 
3863.795692 -0.000604 
3861.961585 -0.001099 
3860.127478 -0.000125 
3858.293372 -0.000372 
3856.459265 -0.000146 
3854.625158 -0.000265 
3852.791052 -0.000896 
3850.956945 -0.000526 
3849.122838 -0.000345 
3847.288732 -0.000054 
3845.454625 -0.000053 
3843.620518 -0.000030 
3841.786411 -0.000420 
3839.952305 -0.000695 
3838.118198 0.000080 
3836.284091 -0.000193 
3834.449985 -0.000825 
3832.615878 0.000325 
3830.781771 -0.000745 
3828.947665 -0.000183 
3827.113558 0.000617 
3825.279451 -0.000318 
3823.445344 -0.000055 
3821.611238 0.000200 
3819.777131 -0.000053 
3817.943024 -0.000336 
3816.108918 0.000178 
3814.274811 -0.000164 
3812.440704 0.000055 
3810.606598 -0.000386 
3808.772491 -0.000544 
3806.938384 -0.000675 
3805.104277 -0.000826 
3803.270171 -0.000232 
3801.436064 0.000009 
3799.601957 -0.000615 
3797.767851 -0.000108 
3795.933744 -0.000333 
3794.099637 -0.000922 
3792.265531 -0.000248 
3790.431424 -0.000358 
3788.597317 0.000328 
3786.763210 0.000430 
3784.929104 -0.000354 
3783.094997 -0.000422 
3781.260890 0.000238 
3779.426784 -0.000294 
3777.592677 -0.000697 
3775.758570 -0.000327 
3773.924463 0.000277 
3772.090357 -0.000455 
3770.256250 -0.000223 
3768.422143 -0.000431 
3766.588037 0.000315 
3764.753930 0.000345 
3762.919823 -0.000015 
3761.085717 0.000189 
3759.251610 0.000261 
3757.417503 0.000275 
3755.583396 -0.000162 
3753.749290 0.000477 
3751.915183 0.000067 
3750.081076 0.000152 
3748.246970 0.000248 
3746.412863 -0.000125 
3744.578756 -0.000090 
3742.744650 0.000134 
3740.910543 0.000314 
3739.076436 0.000021 
3737.242329 -0.000019 
3735.408223 0.000062 
3733.574116 0.000500 
3731.740009 0.000030 
3729.905903 -0.000198 
3728.071796 -0.000390 
3726.237689 0.000336 
3724.403583 0.000010 
3722.569476 -0.000132 
3720.735369 0.000261 
3718.901262 -0.000018 
3717.067156 -0.000258 
3715.233049 -0.000109 
3713.398942 0.000512 
3711.564836 -0.000184 
3709.730729 -0.000526 
3707.896622 -0.000009 
3706.062516 -0.000103 
3704.228409 0.000293 
3702.394302 -0.000099 
3700.560195 0.000201 
3698.726089 0.000202 
3696.891982 -0.000105 
3695.057875 -0.000001 
3693.223769 -0.000280 
3691.389662 0.000096 
3689.555555 -0.000134 
3687.721448 0.000424 
3685.887342 -0.000145 
3684.053235 -0.000365 
3682.219128 0.000143 
3680.385022 0.000232 
3678.550915 0.000408 
3676.716808 0.000424 
3674.882702 0.000599 
3673.048595 0.000367 
3671.214488 0.000358 
3669.380381 0.000988 
3667.546275 0.000249 
3665.712168 0.001010 
3663.878061 0.000234 
3662.043955 0.000317 
3660.209848 0.000443 
3658.375741 0.000642 
3656.541635 -0.000037 
3654.707528 0.000409 
3652.873421 0.000157 
3651.039314 0.000510 
3649.205208 0.000611 
3647.371101 0.000446 
3645.536994 0.000702 
3643.702888 0.001146 
3641.868781 0.000020 
3640.034674 0.000760 
3638.200568 0.000959 
3636.366461 0.000778 
3634.532354 0.000544 
3632.698247 0.000605 
3630.864141 0.000271 
3629.030034 0.000940 
3627.195927 0.000815 
3625.361821 0.000807 
3623.527714 0.000590 
3621.693607 0.000475 
3619.859501 0.000797 
3618.025394 0.001392 
3616.191287 0.001059 
3614.357180 0.001587 
3612.523074 0.001949 
3610.688967 0.001077 
3608.854860 0.001107 
3607.020754 0.001164 
3605.186647 0.001065 
3603.352540 0.002012 
3601.518433 0.002344 
3599.684327 0.001576 
3597.850220 0.002065 
3596.016113 0.002114 
3594.182007 0.002168 
3592.347900 0.002704 
3590.513793 0.002101 
3588.679687 0.002414 
3586.845580 0.002536 
3585.011473 0.002436 
3583.177366 0.003217 
3581.343260 0.003135 
3579.509153 0.003226 
3577.675046 0.003207 
3575.840940 0.003013 
3574.006833 0.004294 
3572.172726 0.003812 
3570.338620 0.004093 
3568.504513 0.003647 
3566.670406 0.003760 
3564.836299 0.004116 
3563.002193 0.004289 
3561.168086 0.004769 
3559.333979 0.004441 
3557.499873 0.004166 
3555.665766 0.005098 
3553.831659 0.005239 
3551.997553 0.004736 
3550.163446 0.005480 
3548.329339 0.005009 
3546.495232 0.005029 
3544.661126 0.004929 
3542.827019 0.005308 
3540.992912 0.005536 
3539.158806 0.006227 
3537.324699 0.006275 
3535.490592 0.006315 
3533.656485 0.006069 
3531.822379 0.006282 
3529.988272 0.006168 
3528.154165 0.006675 
3526.320059 0.006202 
3524.485952 0.007110 
3522.651845 0.007048 
3520.817739 0.007845 
3518.983632 0.007291 
3517.149525 0.007596 
3515.315418 0.007125 
3513.481312 0.007284 
3511.647205 0.007734 
3509.813098 0.008121 
3507.978992 0.008517 
3506.144885 0.008602 
3504.310778 0.008110 
3502.476672 0.008617 
3500.642565 0.008611 
3498.808458 0.008129 
3496.974351 0.008637 
3495.140245 0.008291 
3493.306138 0.008427 
3491.472031 0.009531 
3489.637925 0.009351 
3487.803818 0.009578 
3485.969711 0.009275 
3484.135605 0.009788 
3482.301498 0.010020 
3480.467391 0.009771 
3478.633284 0.010348 
3476.799178 0.009452 
3474.965071 0.009516 
3473.130964 0.009764 
3471.296858 0.010209 
3469.462751 0.010371 
3467.628644 0.010952 
3465.794538 0.010528 
3463.960431 0.010276 
3462.126324 0.010356 
3460.292217 0.010739 
3458.458111 0.010697 
3456.624004 0.011334 
3454.789897 0.011387 
3452.955791 0.011199 
3451.121684 0.011054 
3449.287577 0.011638 
3447.453470 0.011482 
3445.619364 0.011399 
3443.785257 0.011896 
3441.951150 0.011447 
3440.117044 0.012195 
3438.282937 0.012434 
3436.448830 0.012605 
3434.614724 0.012723 
3432.780617 0.012580 
3430.946510 0.012561 
3429.112403 0.012764 
3427.278297 0.012879 
3425.444190 0.013339 
3423.610083 0.013366 
3421.775977 0.013611 
3419.941870 0.013737 
3418.107763 0.013748 
3416.273657 0.013977 
3414.439550 0.013066 
3412.605443 0.013804 
3410.771336 0.013826 
3408.937230 0.014043 
3407.103123 0.014278 
3405.269016 0.015332 
3403.434910 0.014643 
3401.600803 0.014521 
3399.766696 0.015044 
3397.932590 0.015114 
3396.098483 0.014648 
3394.264376 0.014674 
3392.430269 0.015139 
3390.596163 0.015343 
3388.762056 0.015286 
3386.927949 0.015046 
3385.093843 0.015254 
3383.259736 0.015353 
3381.425629 0.015884 
3379.591523 0.015774 
3377.757416 0.015831 
3375.923309 0.016040 
3374.089202 0.016329 
3372.255096 0.016738 
3370.420989 0.016501 
3368.586882 0.016842 
3366.752776 0.016595 
3364.918669 0.016735 
3363.084562 0.016903 
3361.250455 0.017448 
3359.416349 0.017510 
3357.582242 0.017291 
3355.748135 0.017320 
3353.914029 0.017492 
3352.079922 0.017838 
3350.245815 0.017819 
3348.411709 0.018501 
3346.577602 0.018075 
3344.743495 0.018317 
3342.909388 0.018845 
3341.075282 0.018900 
3339.241175 0.018912 
3337.407068 0.018994 
3335.572962 0.019406 
3333.738855 0.019766 
3331.904748 0.019340 
3330.070642 0.019851 
3328.236535 0.020179 
3326.402428 0.020321 
3324.568321 0.020504 
3322.734215 0.020734 
3320.900108 0.020764 
3319.066001 0.020913 
3317.231895 0.021086 
3315.397788 0.021095 
3313.563681 0.021906 
3311.729575 0.021779 
3309.895468 0.022367 
3308.061361 0.022847 
3306.227254 0.022610 
3304.393148 0.023306 
3302.559041 0.023411 
3300.724934 0.023549 
3298.890828 0.024037 
3297.056721 0.023580 
3295.222614 0.023828 
3293.388508 0.024496 
3291.554401 0.024508 
3289.720294 0.025479 
3287.886187 0.026006 
3286.052081 0.025511 
3284.217974 0.026334 
3282.383867 0.026228 
3280.549761 0.026683 
3278.715654 0.027037 
3276.881547 0.027284 
3275.047440 0.027795 
3273.213334 0.028118 
3271.379227 0.028105 
3269.545120 0.028737 
3267.711014 0.029238 
3265.876907 0.029414 
3264.042800 0.029592 
3262.208694 0.030262 
3260.374587 0.029984 
3258.540480 0.030637 
3256.706373 0.031115 
3254.872267 0.030950 
3253.038160 0.031407 
3251.204053 0.032062 
3249.369947 0.032446 
3247.535840 0.032563 
3245.701733 0.032840 
3243.867627 0.033017 
3242.033520 0.033549 
3240.199413 0.033527 
3238.365306 0.034519 
3236.531200 0.034407 
3234.697093 0.034409 
3232.862986 0.035406 
3231.028880 0.035168 
3229.194773 0.035338 
3227.360666 0.035937 
3225.526560 0.036237 
3223.692453 0.036635 
3221.858346 0.036627 
3220.024239 0.036875 
3218.190133 0.037471 
3216.356026 0.037426 
3214.521919 0.037880 
3212.687813 0.037721 
3210.853706 0.039240 
3209.019599 0.038816 
3207.185492 0.039122 
3205.351386 0.039119 
3203.517279 0.039323 
3201.683172 0.039989 
3199.849066 0.040313 
3198.014959 0.040468 
3196.180852 0.041612 
3194.346746 0.041621 
3192.512639 0.041893 
3190.678532 0.041930 
3188.844425 0.042776 
3187.010319 0.043220 
3185.176212 0.043526 
3183.342105 0.043832 
3181.507999 0.044350 
3179.673892 0.045158 
3177.839785 0.046013 
3176.005679 0.045916 
3174.171572 0.046317 
3172.337465 0.046852 
3170.503358 0.047083 
3168.669252 0.047652 
3166.835145 0.048333 
3165.001038 0.048547 
3163.166932 0.049253 
3161.332825 0.049987 
3159.498718 0.050033 
3157.664612 0.050190 
3155.830505 0.050795 
3153.996398 0.050762 
3152.162291 0.051268 
3150.328185 0.052148 
3148.494078 0.051840 
3146.659971 0.052281 
3144.825865 0.053254 
3142.991758 0.053414 
3141.157651 0.054028 
3139.323545 0.054428 
3137.489438 0.054242 
3135.655331 0.055192 
3133.821224 0.055573 
3131.987118 0.056316 
3130.153011 0.055895 
3128.318904 0.056665 
3126.484798 0.057111 
3124.650691 0.057759 
3122.816584 0.058441 
3120.982477 0.059177 
3119.148371 0.058689 
3117.314264 0.059012 
3115.480157 0.059715 
3113.646051 0.059815 
3111.811944 0.060006 
3109.977837 0.060577 
3108.143731 0.060724 
3106.309624 0.061266 
3104.475517 0.061197 
3102.641410 0.061342 
3100.807304 0.061231 
3098.973197 0.061709 
3097.139090 0.061772 
3095.304984 0.062023 
3093.470877 0.062098 
3091.636770 0.062351 
3089.802664 0.062810 
3087.968557 0.063629 
3086.134450 0.063727 
3084.300343 0.064928 
3082.466237 0.065125 
3080.632130 0.066359 
3078.798023 0.067261 
3076.963917 0.067630 
3075.129810 0.069065 
3073.295703 0.070240 
3071.461597 0.071448 
3069.627490 0.072539 
3067.793383 0.073257 
3065.959276 0.073802 
3064.125170 0.074697 
3062.291063 0.075611 
3060.456956 0.076211 
3058.622850 0.076060 
3056.788743 0.076656 
3054.954636 0.076573 
3053.120530 0.077299 
3051.286423 0.077206 
3049.452316 0.077949 
3047.618209 0.077933 
3045.784103 0.078408 
3043.949996 0.078565 
3042.115889 0.078228 
3040.281783 0.078811 
3038.447676 0.078723 
3036.613569 0.078386 
3034.779462 0.078367 
3032.945356 0.078221 
3031.111249 0.077979 
3029.277142 0.077638 
3027.443036 0.077322 
3025.608929 0.077038 
3023.774822 0.077337 
3021.940716 0.076911 
3020.106609 0.077095 
3018.272502 0.077408 
3016.438395 0.077477 
3014.604289 0.077686 
3012.770182 0.077882 
3010.936075 0.078315 
3009.101969 0.078560 
3007.267862 0.078697 
3005.433755 0.079531 
3003.599649 0.079910 
3001.765542 0.080897 
2999.931435 0.081221 
2998.097328 0.081567 
2996.263222 0.081446 
2994.429115 0.082854 
2992.595008 0.082976 
2990.760902 0.083843 
2988.926795 0.084309 
2987.092688 0.085138 
2985.258582 0.085437 
2983.424475 0.086295 
2981.590368 0.087206 
2979.756261 0.087817 
2977.922155 0.088515 
2976.088048 0.088950 
2974.253941 0.089193 
2972.419835 0.090523 
2970.585728 0.090923 
2968.751621 0.092059 
2966.917515 0.092916 
2965.083408 0.094068 
2963.249301 0.095274 
2961.415194 0.095140 
2959.581088 0.096330 
2957.746981 0.097097 
2955.912874 0.097397 
2954.078768 0.097247 
2952.244661 0.097146 
2950.410554 0.097714 
2948.576447 0.097164 
2946.742341 0.096781 
2944.908234 0.096122 
2943.074127 0.095652 
2941.240021 0.095612 
2939.405914 0.095114 
2937.571807 0.094451 
2935.737701 0.094227 
2933.903594 0.093941 
2932.069487 0.093769 
2930.235380 0.093921 
2928.401274 0.093425 
2926.567167 0.092703 
2924.733060 0.092825 
2922.898954 0.092432 
2921.064847 0.092568 
2919.230740 0.092799 
2917.396634 0.092951 
2915.562527 0.092682 
2913.728420 0.093098 
2911.894313 0.092796 
2910.060207 0.092927 
2908.226100 0.092596 
2906.391993 0.092688 
2904.557887 0.092026 
2902.723780 0.092028 
2900.889673 0.091265 
2899.055567 0.090509 
2897.221460 0.089327 
2895.387353 0.088545 
2893.553246 0.087497 
2891.719140 0.086568 
2889.885033 0.085066 
2888.050926 0.083447 
2886.216820 0.082263 
2884.382713 0.080221 
2882.548606 0.078610 
2880.714499 0.076982 
2878.880393 0.075012 
2877.046286 0.073110 
2875.212179 0.071755 
2873.378073 0.069987 
2871.543966 0.068060 
2869.709859 0.066892 
2867.875753 0.065166 
2866.041646 0.064028 
2864.207539 0.062435 
2862.373432 0.061723 
2860.539326 0.060109 
2858.705219 0.058700 
2856.871112 0.058145 
2855.037006 0.056421 
2853.202899 0.055630 
2851.368792 0.054602 
2849.534686 0.053281 
2847.700579 0.052536 
2845.866472 0.051713 
2844.032365 0.050502 
2842.198259 0.050140 
2840.364152 0.049807 
2838.530045 0.049715 
2836.695939 0.049408 
2834.861832 0.049216 
2833.027725 0.048984 
2831.193619 0.049086 
2829.359512 0.049222 
2827.525405 0.049119 
2825.691298 0.049516 
2823.857192 0.049550 
2822.023085 0.049374 
2820.188978 0.049734 
2818.354872 0.049751 
2816.520765 0.050066 
2814.686658 0.050823 
2812.852552 0.051096 
2811.018445 0.051728 
2809.184338 0.051910 
2807.350231 0.052626 
2805.516125 0.053351 
2803.682018 0.053977 
2801.847911 0.054813 
2800.013805 0.055604 
2798.179698 0.056267 
2796.345591 0.057202 
2794.511484 0.057627 
2792.677378 0.058741 
2790.843271 0.058883 
2789.009164 0.059573 
2787.175058 0.060609 
2785.340951 0.060797 
2783.506844 0.061710 
2781.672738 0.062747 
2779.838631 0.063266 
2778.004524 0.064507 
2776.170417 0.065200 
2774.336311 0.066735 
2772.502204 0.068074 
2770.668097 0.069012 
2768.833991 0.069859 
2766.999884 0.071318 
2765.165777 0.072050 
2763.331671 0.073188 
2761.497564 0.073270 
2759.663457 0.074352 
2757.829350 0.075169 
2755.995244 0.075692 
2754.161137 0.075900 
2752.327030 0.076201 
2750.492924 0.075629 
2748.658817 0.076075 
2746.824710 0.076182 
2744.990604 0.076006 
2743.156497 0.075808 
2741.322390 0.075261 
2739.488283 0.075066 
2737.654177 0.074087 
2735.820070 0.073439 
2733.985963 0.073271 
2732.151857 0.072364 
2730.317750 0.071482 
2728.483643 0.069814 
2726.649537 0.068755 
2724.815430 0.067562 
2722.981323 0.066462 
2721.147216 0.064517 
2719.313110 0.062813 
2717.479003 0.061000 
2715.644896 0.059436 
2713.810790 0.057784 
2711.976683 0.055804 
2710.142576 0.053870 
2708.308469 0.052205 
2706.474363 0.050542 
2704.640256 0.048256 
2702.806149 0.046076 
2700.972043 0.045040 
2699.137936 0.043144 
2697.303829 0.041241 
2695.469723 0.039354 
2693.635616 0.037833 
2691.801509 0.036209 
2689.967402 0.034913 
2688.133296 0.033769 
2686.299189 0.032611 
2684.465082 0.031226 
2682.630976 0.030006 
2680.796869 0.029320 
2678.962762 0.028523 
2677.128656 0.027675 
2675.294549 0.027218 
2673.460442 0.026485 
2671.626335 0.026067 
2669.792229 0.025936 
2667.958122 0.025637 
2666.124015 0.025402 
2664.289909 0.025180 
2662.455802 0.025449 
2660.621695 0.025471 
2658.787589 0.025870 
2656.953482 0.025992 
2655.119375 0.026388 
2653.285268 0.026793 
2651.451162 0.027125 
2649.617055 0.027939 
2647.782948 0.028617 
2645.948842 0.029475 
2644.114735 0.030294 
2642.280628 0.031256 
2640.446522 0.032463 
2638.612415 0.033599 
2636.778308 0.035044 
2634.944201 0.036273 
2633.110095 0.037736 
2631.275988 0.039112 
2629.441881 0.040736 
2627.607775 0.042077 
2625.773668 0.043361 
2623.939561 0.044480 
2622.105454 0.045499 
2620.271348 0.046871 
2618.437241 0.047875 
2616.603134 0.048737 
2614.769028 0.049859 
2612.934921 0.050701 
2611.100814 0.051668 
2609.266708 0.053061 
2607.432601 0.054192 
2605.598494 0.055627 
2603.764387 0.057388 
2601.930281 0.058997 
2600.096174 0.060204 
2598.262067 0.062236 
2596.427961 0.064281 
2594.593854 0.066086 
2592.759747 0.067912 
2590.925641 0.069789 
2589.091534 0.071497 
2587.257427 0.072788 
2585.423320 0.073929 
2583.589214 0.074760 
2581.755107 0.075069 
2579.921000 0.075244 
2578.086894 0.074875 
2576.252787 0.074758 
2574.418680 0.073957 
2572.584574 0.072816 
2570.750467 0.071318 
2568.916360 0.069752 
2567.082253 0.068299 
2565.248147 0.066245 
2563.414040 0.064331 
2561.579933 0.062122 
2559.745827 0.060468 
2557.911720 0.058457 
2556.077613 0.056365 
2554.243507 0.054912 
2552.409400 0.052473 
2550.575293 0.050888 
2548.741186 0.048895 
2546.907080 0.046915 
2545.072973 0.044884 
2543.238866 0.043365 
2541.404760 0.041487 
2539.570653 0.040217 
2537.736546 0.038623 
2535.902439 0.036872 
2534.068333 0.035095 
2532.234226 0.033681 
2530.400119 0.032623 
2528.566013 0.031232 
2526.731906 0.029845 
2524.897799 0.028573 
2523.063693 0.027226 
2521.229586 0.026609 
2519.395479 0.025378 
2517.561372 0.024669 
2515.727266 0.023694 
2513.893159 0.022995 
2512.059052 0.022212 
2510.224946 0.021816 
2508.390839 0.021013 
2506.556732 0.020515 
2504.722626 0.020081 
2502.888519 0.019613 
2501.054412 0.019352 
2499.220305 0.018745 
2497.386199 0.018275 
2495.552092 0.017760 
2493.717985 0.017930 
2491.883879 0.017567 
2490.049772 0.017249 
2488.215665 0.017121 
2486.381559 0.016712 
2484.547452 0.016320 
2482.713345 0.016391 
2480.879238 0.016405 
2479.045132 0.015580 
2477.211025 0.015817 
2475.376918 0.015471 
2473.542812 0.015540 
2471.708705 0.015226 
2469.874598 0.015470 
2468.040491 0.014881 
2466.206385 0.014937 
2464.372278 0.014717 
2462.538171 0.014337 
2460.704065 0.014543 
2458.869958 0.014187 
2457.035851 0.014061 
2455.201745 0.013845 
2453.367638 0.013350 
2451.533531 0.013486 
2449.699424 0.013175 
2447.865318 0.012969 
2446.031211 0.012830 
2444.197104 0.012457 
2442.362998 0.012131 
2440.528891 0.012083 
2438.694784 0.011485 
2436.860678 0.011394 
2435.026571 0.011231 
2433.192464 0.010749 
2431.358357 0.010532 
2429.524251 0.010306 
2427.690144 0.009806 
2425.856037 0.009845 
2424.021931 0.009649 
2422.187824 0.009224 
2420.353717 0.008932 
2418.519611 0.008770 
2416.685504 0.008377 
2414.851397 0.008148 
2413.017290 0.007932 
2411.183184 0.007684 
2409.349077 0.007323 
2407.514970 0.006920 
2405.680864 0.006917 
2403.846757 0.006490 
2402.012650 0.006164 
2400.178544 0.006169 
2398.344437 0.005988 
2396.510330 0.005751 
2394.676223 0.005417 
2392.842117 0.005428 
2391.008010 0.005161 
2389.173903 0.004978 
2387.339797 0.004579 
2385.505690 0.004289 
2383.671583 0.004096 
2381.837476 0.004004 
2380.003370 0.004251 
2378.169263 0.004164 
2376.335156 0.004193 
2374.501050 0.004201 
2372.666943 0.004262 
2370.832836 0.004020 
2368.998730 0.004322 
2367.164623 0.004128 
2365.330516 0.004058 
2363.496409 0.003727 
2361.662303 0.003835 
2359.828196 0.004069 
2357.994089 0.003558 
2356.159983 0.003760 
2354.325876 0.003770 
2352.491769 0.003529 
2350.657663 0.003187 
2348.823556 0.003337 
2346.989449 0.004387 
2345.155342 0.005632 
2343.321236 0.006323 
2341.487129 0.005581 
2339.653022 0.004698 
2337.818916 0.003627 
2335.984809 0.003157 
2334.150702 0.002792 
2332.316596 0.002944 
2330.482489 0.002804 
2328.648382 0.002465 
2326.814275 0.002941 
2324.980169 0.002636 
2323.146062 0.002656 
2321.311955 0.002475 
2319.477849 0.002374 
2317.643742 0.002190 
2315.809635 0.001858 
2313.975529 0.001678 
2312.141422 0.001454 
2310.307315 0.001515 
2308.473208 0.001209 
2306.639102 0.001377 
2304.804995 0.001180 
2302.970888 0.001130 
2301.136782 0.001123 
2299.302675 0.000691 
2297.468568 0.000924 
2295.634461 0.000888 
2293.800355 0.000840 
2291.966248 0.000731 
2290.132141 0.000833 
2288.298035 0.000718 
2286.463928 0.000420 
2284.629821 0.000605 
2282.795715 0.000605 
2280.961608 0.000387 
2279.127501 0.000406 
2277.293394 -0.000062 
2275.459288 0.000499 
2273.625181 0.000440 
2271.791074 0.000266 
2269.956968 0.000119 
2268.122861 0.000070 
2266.288754 0.000065 
2264.454648 0.000417 
2262.620541 0.000311 
2260.786434 -0.000044 
2258.952327 -0.000013 
2257.118221 0.000085 
2255.284114 0.000077 
2253.450007 0.000113 
2251.615901 -0.000176 
2249.781794 0.000074 
2247.947687 0.000119 
2246.113581 -0.000165 
2244.279474 -0.000242 
2242.445367 -0.000012 
2240.611260 -0.000154 
2238.777154 0.000221 
2236.943047 -0.000014 
2235.108940 -0.000127 
2233.274834 0.000210 
2231.440727 0.000113 
2229.606620 0.000183 
2227.772514 -0.000043 
2225.938407 0.000214 
2224.104300 0.000284 
2222.270193 0.000321 
2220.436087 0.000428 
2218.601980 0.000084 
2216.767873 0.000395 
2214.933767 0.000133 
2213.099660 0.000401 
2211.265553 0.000210 
2209.431446 0.000331 
2207.597340 0.000399 
2205.763233 0.000431 
2203.929126 0.000293 
2202.095020 0.000364 
2200.260913 0.000465 
2198.426806 0.000705 
2196.592700 0.000695 
2194.758593 0.000544 
2192.924486 0.000392 
2191.090379 0.000560 
2189.256273 0.000559 
2187.422166 0.000508 
2185.588059 0.000489 
2183.753953 0.000945 
2181.919846 0.000951 
2180.085739 0.000957 
2178.251633 0.000728 
2176.417526 0.000648 
2174.583419 0.001065 
2172.749312 0.000858 
2170.915206 0.000935 
2169.081099 0.001347 
2167.246992 0.001254 
2165.412886 0.001025 
2163.578779 0.001567 
2161.744672 0.001678 
2159.910566 0.001818 
2158.076459 0.001529 
2156.242352 0.001937 
2154.408245 0.001800 
2152.574139 0.002275 
2150.740032 0.002122 
2148.905925 0.002546 
2147.071819 0.002731 
2145.237712 0.002756 
2143.403605 0.003000 
2141.569498 0.002910 
2139.735392 0.002731 
2137.901285 0.002798 
2136.067178 0.002821 
2134.233072 0.002941 
2132.398965 0.003158 
2130.564858 0.002924 
2128.730752 0.003278 
2126.896645 0.003171 
2125.062538 0.003240 
2123.228431 0.003534 
2121.394325 0.003434 
2119.560218 0.003270 
2117.726111 0.003546 
2115.892005 0.003820 
2114.057898 0.003824 
2112.223791 0.003654 
2110.389685 0.003494 
2108.555578 0.003707 
2106.721471 0.003695 
2104.887364 0.003883 
2103.053258 0.004026 
2101.219151 0.003808 
2099.385044 0.004256 
2097.550938 0.004041 
2095.716831 0.003975 
2093.882724 0.004027 
2092.048618 0.003994 
2090.214511 0.004149 
2088.380404 0.004034 
2086.546297 0.004206 
2084.712191 0.004290 
2082.878084 0.003955 
2081.043977 0.004000 
2079.209871 0.003940 
2077.375764 0.004042 
2075.541657 0.004152 
2073.707551 0.004060 
2071.873444 0.004200 
2070.039337 0.004145 
2068.205230 0.004156 
2066.371124 0.004794 
2064.537017 0.004219 
2062.702910 0.004539 
2060.868804 0.004604 
2059.034697 0.004281 
2057.200590 0.004490 
2055.366483 0.004338 
2053.532377 0.004261 
2051.698270 0.004151 
2049.864163 0.004266 
2048.030057 0.004255 
2046.195950 0.004059 
2044.361843 0.004111 
2042.527737 0.003989 
2040.693630 0.003869 
2038.859523 0.003823 
2037.025416 0.003934 
2035.191310 0.003989 
2033.357203 0.003917 
2031.523096 0.003610 
2029.688990 0.003699 
2027.854883 0.003558 
2026.020776 0.003719 
2024.186670 0.003651 
2022.352563 0.003530 
2020.518456 0.003572 
2018.684349 0.003384 
2016.850243 0.003301 
2015.016136 0.003263 
2013.182029 0.003436 
2011.347923 0.003146 
2009.513816 0.003287 
2007.679709 0.003326 
2005.845603 0.002999 
2004.011496 0.003412 
2002.177389 0.003314 
2000.343282 0.003439 
1998.509176 0.003528 
1996.675069 0.003172 
1994.840962 0.002986 
1993.006856 0.003379 
1991.172749 0.003238 
1989.338642 0.003444 
1987.504536 0.003497 
1985.670429 0.003631 
1983.836322 0.003602 
1982.002215 0.003599 
1980.168109 0.003799 
1978.334002 0.003870 
1976.499895 0.003580 
1974.665789 0.003930 
1972.831682 0.003660 
1970.997575 0.003961 
1969.163468 0.004233 
1967.329362 0.004114 
1965.495255 0.004416 
1963.661148 0.004048 
1961.827042 0.004368 
1959.992935 0.004600 
1958.158828 0.004544 
1956.324722 0.004721 
1954.490615 0.004742 
1952.656508 0.004847 
1950.822401 0.005043 
1948.988295 0.005015 
1947.154188 0.005016 
1945.320081 0.005360 
1943.485975 0.005530 
1941.651868 0.005743 
1939.817761 0.005807 
1937.983655 0.006055 
1936.149548 0.006135 
1934.315441 0.005958 
1932.481334 0.006584 
1930.647228 0.006696 
1928.813121 0.006937 
1926.979014 0.006897 
1925.144908 0.006834 
1923.310801 0.007148 
1921.476694 0.007134 
1919.642588 0.007551 
1917.808481 0.007323 
1915.974374 0.007545 
1914.140267 0.007626 
1912.306161 0.007879 
1910.472054 0.007986 
1908.637947 0.008318 
1906.803841 0.008164 
1904.969734 0.008402 
1903.135627 0.008016 
1901.301521 0.007997 
1899.467414 0.008167 
1897.633307 0.008343 
1895.799200 0.008277 
1893.965094 0.008657 
1892.130987 0.008680 
1890.296880 0.008738 
1888.462774 0.008540 
1886.628667 0.008711 
1884.794560 0.008470 
1882.960453 0.008477 
1881.126347 0.008520 
1879.292240 0.008367 
1877.458133 0.008235 
1875.624027 0.008173 
1873.789920 0.008245 
1871.955813 0.008263 
1870.121707 0.008132 
1868.287600 0.007974 
1866.453493 0.008212 
1864.619386 0.008236 
1862.785280 0.008050 
1860.951173 0.008078 
1859.117066 0.008029 
1857.282960 0.008116 
1855.448853 0.007865 
1853.614746 0.007744 
1851.780640 0.007838 
1849.946533 0.007683 
1848.112426 0.007697 
1846.278319 0.007536 
1844.444213 0.007928 
1842.610106 0.007634 
1840.775999 0.007874 
1838.941893 0.007543 
1837.107786 0.007862 
1835.273679 0.007522 
1833.439573 0.007650 
1831.605466 0.007873 
1829.771359 0.007570 
1827.937252 0.007546 
1826.103146 0.007489 
1824.269039 0.007811 
1822.434932 0.007594 
1820.600826 0.007882 
1818.766719 0.007893 
1816.932612 0.008002 
1815.098506 0.008006 
1813.264399 0.008112 
1811.430292 0.008310 
1809.596185 0.008231 
1807.762079 0.008466 
1805.927972 0.008505 
1804.093865 0.008802 
1802.259759 0.008704 
1800.425652 0.008525 
1798.591545 0.009034 
1796.757438 0.009192 
1794.923332 0.008842 
1793.089225 0.009148 
1791.255118 0.009480 
1789.421012 0.009536 
1787.586905 0.009681 
1785.752798 0.010230 
1783.918692 0.010305 
1782.084585 0.010603 
1780.250478 0.011182 
1778.416371 0.011387 
1776.582265 0.011533 
1774.748158 0.011920 
1772.914051 0.012457 
1771.079945 0.012842 
1769.245838 0.013056 
1767.411731 0.014080 
1765.577625 0.014631 
1763.743518 0.015689 
1761.909411 0.016408 
1760.075304 0.017743 
1758.241198 0.019052 
1756.407091 0.020361 
1754.572984 0.022198 
1752.738878 0.024640 
1750.904771 0.028090 
1749.070664 0.032651 
1747.236558 0.039707 
1745.402451 0.050057 
1743.568344 0.063017 
1741.734237 0.076821 
1739.900131 0.090077 
1738.066024 0.102345 
1736.231917 0.113891 
1734.397811 0.125070 
1732.563704 0.135801 
1730.729597 0.146200 
1728.895490 0.157273 
1727.061384 0.168273 
1725.227277 0.179331 
1723.393170 0.190782 
1721.559064 0.202763 
1719.724957 0.214305 
1717.890850 0.225329 
1716.056744 0.235338 
1714.222637 0.244659 
1712.388530 0.251661 
1710.554423 0.257007 
1708.720317 0.260360 
1706.886210 0.260520 
1705.052103 0.258045 
1703.217997 0.253226 
1701.383890 0.245269 
1699.549783 0.235303 
1697.715677 0.223723 
1695.881570 0.210925 
1694.047463 0.198164 
1692.213356 0.185304 
1690.379250 0.173180 
1688.545143 0.162433 
1686.711036 0.152176 
1684.876930 0.143596 
1683.042823 0.136206 
1681.208716 0.130127 
1679.374610 0.124637 
1677.540503 0.120232 
1675.706396 0.116017 
1673.872289 0.113200 
1672.038183 0.110357 
1670.204076 0.107541 
1668.369969 0.105510 
1666.535863 0.103475 
1664.701756 0.102058 
1662.867649 0.100545 
1661.033543 0.099091 
1659.199436 0.098188 
1657.365329 0.097183 
1655.531222 0.096052 
1653.697116 0.095447 
1651.863009 0.094882 
1650.028902 0.094393 
1648.194796 0.093892 
1646.360689 0.093540 
1644.526582 0.093090 
1642.692475 0.092587 
1640.858369 0.092210 
1639.024262 0.092045 
1637.190155 0.091782 
1635.356049 0.091739 
1633.521942 0.091942 
1631.687835 0.091842 
1629.853729 0.091600 
1628.019622 0.091471 
1626.185515 0.090893 
1624.351408 0.089861 
1622.517302 0.088404 
1620.683195 0.086622 
1618.849088 0.084060 
1617.014982 0.081082 
1615.180875 0.078173 
1613.346768 0.075103 
1611.512662 0.072361 
1609.678555 0.069897 
1607.844448 0.067350 
1606.010341 0.064267 
1604.176235 0.061432 
1602.342128 0.058296 
1600.508021 0.054932 
1598.673915 0.051128 
1596.839808 0.047172 
1595.005701 0.043024 
1593.171595 0.038937 
1591.337488 0.035082 
1589.503381 0.031433 
1587.669274 0.028115 
1585.835168 0.025011 
1584.001061 0.022155 
1582.166954 0.019441 
1580.332848 0.017356 
1578.498741 0.015036 
1576.664634 0.013608 
1574.830528 0.011980 
1572.996421 0.010739 
1571.162314 0.009776 
1569.328207 0.008148 
1567.494101 0.007400 
1565.659994 0.006738 
1563.825887 0.005989 
1561.991781 0.005619 
1560.157674 0.004994 
1558.323567 0.004539 
1556.489460 0.003862 
1554.655354 0.003769 
1552.821247 0.003473 
1550.987140 0.002929 
1549.153034 0.002748 
1547.318927 0.002314 
1545.484820 0.002208 
1543.650714 0.001752 
1541.816607 0.001594 
1539.982500 0.001658 
1538.148393 0.001445 
1536.314287 0.001417 
1534.480180 0.001248 
1532.646073 0.000807 
1530.811967 0.000763 
1528.977860 0.000832 
1527.143753 0.000669 
1525.309647 0.000440 
1523.475540 0.000580 
1521.641433 0.000313 
1519.807326 0.000401 
1517.973220 0.000331 
1516.139113 0.000361 
1514.305006 0.000175 
1512.470900 0.000323 
1510.636793 0.000248 
1508.802686 0.000208 
1506.968580 -0.000006 
1505.134473 0.000151 
1503.300366 0.000210 
1501.466259 0.000182 
1499.632153 0.000024 
1497.798046 0.000203 
1495.963939 0.000192 
1494.129833 0.000120 
1492.295726 -0.000073 
1490.461619 0.000120 
1488.627513 0.000045 
1486.793406 0.000243 
1484.959299 0.000085 
1483.125192 0.000367 
1481.291086 0.000146 
1479.456979 0.000102 
1477.622872 0.000078 
1475.788766 0.000104 
1473.954659 0.000350 
1472.120552 0.000320 
1470.286445 0.000211 
1468.452339 0.000262 
1466.618232 0.000052 
1464.784125 0.000175 
1462.950019 0.000100 
1461.115912 0.000182 
1459.281805 0.000269 
1457.447699 0.000178 
1455.613592 0.000378 
1453.779485 0.000457 
1451.945378 0.000485 
1450.111272 0.000534 
1448.277165 0.000821 
1446.443058 0.001299 
1444.608952 0.001099 
1442.774845 0.001424 
1440.940738 0.001927 
1439.106632 0.002376 
1437.272525 0.002522 
1435.438418 0.002741 
1433.604311 0.003377 
1431.770205 0.003674 
1429.936098 0.003723 
1428.101991 0.004477 
1426.267885 0.004971 
1424.433778 0.005547 
1422.599671 0.005873 
1420.765565 0.007227 
1418.931458 0.008796 
1417.097351 0.009737 
1415.263244 0.010782 
1413.429138 0.011995 
1411.595031 0.013584 
1409.760924 0.014404 
1407.926818 0.015718 
1406.092711 0.016725 
1404.258604 0.016468 
1402.424497 0.017977 
1400.590391 0.018833 
1398.756284 0.019947 
1396.922177 0.021473 
1395.088071 0.022923 
1393.253964 0.024526 
1391.419857 0.025664 
1389.585751 0.025735 
1387.751644 0.025373 
1385.917537 0.024388 
1384.083430 0.023407 
1382.249324 0.024097 
1380.415217 0.026364 
1378.581110 0.026815 
1376.747004 0.028125 
1374.912897 0.026942 
1373.078790 0.024515 
1371.244684 0.021828 
1369.410577 0.019437 
1367.576470 0.017257 
1365.742363 0.014109 
1363.908257 0.012118 
1362.074150 0.009516 
1360.240043 0.007028 
1358.405937 0.005445 
1356.571830 0.003791 
1354.737723 0.000419 
1352.903617 0.001937 
1351.069510 0.000053 
1349.235403 -0.006892 
1347.401296 -0.004827 
1345.567190 0.000690 
1343.733083 0.000475 
1341.898976 -0.000573 
1340.064870 -0.003250 
1338.230763 -0.002886 
1336.396656 -0.000901 
1334.562550 0.001010 
1332.728443 0.000467 
1330.894336 0.000308 
1329.060229 -0.000118 
1327.226123 -0.000323 
1325.392016 -0.000015 
1323.557909 0.000056 
1321.723803 0.000227 
1319.889696 0.000162 
1318.055589 0.000444 
1316.221482 0.000559 
1314.387376 0.001102 
1312.553269 0.000802 
1310.719162 0.000991 
1308.885056 0.000859 
1307.050949 0.001152 
1305.216842 0.001428 
1303.382736 0.001658 
1301.548629 0.001720 
1299.714522 0.001950 
1297.880415 0.002286 
1296.046309 0.002468 
1294.212202 0.002756 
1292.378095 0.003320 
1290.543989 0.003758 
1288.709882 0.004323 
1286.875775 0.004409 
1285.041669 0.005203 
1283.207562 0.005683 
1281.373455 0.006193 
1279.539348 0.007197 
1277.705242 0.008195 
1275.871135 0.010003 
1274.037028 0.011547 
1272.202922 0.013835 
1270.368815 0.016623 
1268.534708 0.020191 
1266.700602 0.024559 
1264.866495 0.029947 
1263.032388 0.035770 
1261.198281 0.042106 
1259.364175 0.048935 
1257.530068 0.054901 
1255.695961 0.060614 
1253.861855 0.066483 
1252.027748 0.071863 
1250.193641 0.074792 
1248.359535 0.079446 
1246.525428 0.083652 
1244.691321 0.086750 
1242.857214 0.089614 
1241.023108 0.093230 
1239.189001 0.096695 
1237.354894 0.100230 
1235.520788 0.103626 
1233.686681 0.102617 
1231.852574 0.111831 
1230.018467 0.116322 
1228.184361 0.119648 
1226.350254 0.123807 
1224.516147 0.127027 
1222.682041 0.129979 
1220.847934 0.133087 
1219.013827 0.134847 
1217.179721 0.135730 
1215.345614 0.135897 
1213.511507 0.134973 
1211.677400 0.132984 
1209.843294 0.129672 
1208.009187 0.124873 
1206.175080 0.118588 
1204.340974 0.111408 
1202.506867 0.102979 
1200.672760 0.094930 
1198.838654 0.085862 
1197.004547 0.077585 
1195.170440 0.070426 
1193.336333 0.063702 
1191.502227 0.057983 
1189.668120 0.053076 
1187.834013 0.049617 
1185.999907 0.045876 
1184.165800 0.042917 
1182.331693 0.039818 
1180.497587 0.037414 
1178.663480 0.034787 
1176.829373 0.031903 
1174.995266 0.029325 
1173.161160 0.026107 
1171.327053 0.023857 
1169.492946 0.021283 
1167.658840 0.018280 
1165.824733 0.016179 
1163.990626 0.014134 
1162.156520 0.012096 
1160.322413 0.010271 
1158.488306 0.008559 
1156.654199 0.007270 
1154.820093 0.006150 
1152.985986 0.004429 
1151.151879 0.002951 
1149.317773 0.002804 
1147.483666 0.001942 
1145.649559 0.001298 
1143.815452 0.000813 
1141.981346 0.000695 
1140.147239 0.000536 
1138.313132 0.000105 
1136.479026 0.000720 
1134.644919 -0.000377 
1132.810812 -0.000145 
1130.976706 -0.000349 
1129.142599 -0.000358 
1127.308492 -0.000248 
1125.474385 -0.000106 
1123.640279 0.000112 
1121.806172 -0.000340 
1119.972065 -0.000370 
1118.137959 -0.000320 
1116.303852 -0.000408 
1114.469745 -0.000302 
1112.635639 -0.000207 
1110.801532 0.000122 
1108.967425 0.000761 
1107.133318 0.000630 
1105.299212 0.000814 
1103.465105 0.001046 
1101.630998 0.001489 
1099.796892 0.001591 
1097.962785 0.001985 
1096.128678 0.002063 
1094.294572 0.003714 
1092.460465 0.005068 
1090.626358 0.006046 
1088.792251 0.007055 
1086.958145 0.008143 
1085.124038 0.009925 
1083.289931 0.011706 
1081.455825 0.013751 
1079.621718 0.014813 
1077.787611 0.016229 
1075.953505 0.017657 
1074.119398 0.018750 
1072.285291 0.018311 
1070.451184 0.017644 
1068.617078 0.016830 
1066.782971 0.014428 
1064.948864 0.012060 
1063.114758 0.009530 
1061.280651 0.007334 
1059.446544 0.005270 
1057.612437 0.004169 
1055.778331 0.002814 
1053.944224 0.002981 
1052.110117 -0.003154 
1050.276011 -0.000840 
1048.441904 -0.000394 
1046.607797 -0.000399 
1044.773691 -0.000427 
1042.939584 0.000082 
1041.105477 -0.000032 
1039.271370 0.000484 
1037.437264 0.000193 
1035.603157 0.000097 
1033.769050 0.000223 
1031.934944 0.000601 
1030.100837 0.001002 
1028.266730 0.001324 
1026.432624 0.001407 
1024.598517 0.002907 
1022.764410 0.001410 
1020.930303 0.001874 
1019.096197 0.002186 
1017.262090 0.002323 
1015.427983 0.003162 
1013.593877 0.003260 
1011.759770 0.004215 
1009.925663 0.003657 
1008.091557 0.004400 
1006.257450 0.004821 
1004.423343 0.005583 
1002.589236 0.006201 
1000.755130 0.006492 
998.921023 0.007218 
997.086916 0.007718 
995.252810 0.008679 
993.418703 0.009163 
991.584596 0.010641 
989.750489 0.011825 
987.916383 0.012202 
986.082276 0.013023 
984.248169 0.013775 
982.414063 0.015575 
980.579956 0.015863 
978.745849 0.016506 
976.911743 0.017489 
975.077636 0.019736 
973.243529 0.019875 
971.409422 0.020806 
969.575316 0.021851 
967.741209 0.023608 
965.907102 0.023756 
964.072996 0.025406 
962.238889 0.026685 
960.404782 0.027811 
958.570676 0.028862 
956.736569 0.029924 
954.902462 0.032319 
953.068355 0.031811 
951.234249 0.033092 
949.400142 0.033964 
947.566035 0.035905 
945.731929 0.036693 
943.897822 0.037480 
942.063715 0.038156 
940.229609 0.038765 
938.395502 0.039208 
936.561395 0.039751 
934.727288 0.040068 
932.893182 0.039828 
931.059075 0.039822 
929.224968 0.039973 
927.390862 0.040810 
925.556755 0.038712 
923.722648 0.038366 
921.888542 0.037364 
920.054435 0.037047 
918.220328 0.036495 
916.386221 0.035409 
914.552115 0.034442 
912.718008 0.033027 
910.883901 0.033160 
909.049795 0.032361 
907.215688 0.031622 
905.381581 0.030730 
903.547474 0.029786 
901.713368 0.029067 
899.879261 0.028486 
898.045154 0.027933 
896.211048 0.027597 
894.376941 0.026722 
892.542834 0.026174 
890.708728 0.024963 
888.874621 0.024722 
887.040514 0.024271 
885.206407 0.022719 
883.372301 0.022871 
881.538194 0.022710 
879.704087 0.021652 
877.869981 0.020553 
876.035874 0.020091 
874.201767 0.019445 
872.367661 0.018878 
870.533554 0.017880 
868.699447 0.017660 
866.865340 0.016887 
865.031234 0.016346 
863.197127 0.015681 
861.363020 0.014989 
859.528914 0.014220 
857.694807 0.013471 
855.860700 0.012880 
854.026594 0.012313 
852.192487 0.011763 
850.358380 0.011248 
848.524273 0.010326 
846.690167 0.010148 
844.856060 0.009732 
843.021953 0.009404 
841.187847 0.008691 
839.353740 0.008207 
837.519633 0.007520 
835.685527 0.006805 
833.851420 0.007197 
832.017313 0.006638 
830.183206 0.006016 
828.349100 0.006604 
826.514993 0.005590 
824.680886 0.004957 
822.846780 0.004800 
821.012673 0.004698 
819.178566 0.004385 
817.344459 0.003810 
815.510353 0.003431 
813.676246 0.003504 
811.842139 0.003117 
810.008033 0.003092 
808.173926 0.001992 
806.339819 0.003150 
804.505713 0.002658 
802.671606 0.002370 
800.837499 0.001046 
799.003392 0.001768 
797.169286 0.001787 
795.335179 0.001746 
793.501072 0.001076 
791.666966 0.001769 
789.832859 0.001859 
787.998752 0.001601 
786.164646 -0.001062 
784.330539 0.001242 
782.496432 0.000565 
780.662325 0.001057 
778.828219 0.001154 
776.994112 0.001010 
775.160005 0.001118 
773.325899 0.001391 
771.491792 -0.000077 
769.657685 0.000512 
767.823579 0.000562 
765.989472 0.000877 
764.155365 0.000572 
762.321258 0.001329 
760.487152 0.000745 
758.653045 0.000258 
756.818938 0.000416 
754.984832 0.001375 
753.150725 0.000790 
751.316618 0.000845 
749.482512 0.000677 
747.648405 0.000701 
745.814298 0.000706 
743.980191 0.003120 
742.146085 0.001989 
740.311978 0.002356 
738.477871 0.002723 
736.643765 0.001831 
734.809658 0.002907 
732.975551 0.003771 
731.141444 0.004946 
729.307338 0.010935 
727.473231 0.013428 
725.639124 0.017451 
723.805018 0.021705 
721.970911 0.025497 
720.136804 0.029977 
718.302698 0.033500 
716.468591 0.037760 
714.634484 0.037849 
712.800377 0.038447 
710.966271 0.037228 
709.132164 0.035054 
707.298057 0.031296 
705.463951 0.028042 
703.629844 0.016961 
701.795737 0.069366 
699.961631 0.042503 
698.127524 0.037666 
696.293417 0.034781 
694.459310 0.032090 
692.625204 0.030220 
690.791097 0.027242 
688.956990 0.023445 
687.122884 0.022724 
685.288777 0.020643 
683.454670 0.019649 
681.620564 0.018771 
679.786457 0.014383 
677.952350 0.012532 
676.118243 0.010817 
674.284137 0.004534 
672.450030 0.006199 
670.615923 0.005564 
668.781817 0.005267 
666.947710 0.004788 
665.113603 0.002409 
663.279496 0.002400 
661.445390 0.002251 
659.611283 -0.000030 
657.777176 0.000712 
655.943070 0.000621 
654.108963 0.000324 
652.274856 -0.002707 
650.440750 -0.000112 
648.606643 0.000562 
646.772536 0.003035 
644.938429 -0.001063 
643.104323 -0.000358 
641.270216 -0.001390 
639.436109 -0.005032 
637.602003 0.001813 
635.767896 0.001302 
633.933789 -0.000333 
632.099683 0.007118 
630.265576 0.001591 
628.431469 0.000935 
626.597362 0.000926 
624.763256 -0.005640 
622.929149 -0.001187 
621.095042 0.000563 
619.260936 0.000857 
617.426829 -0.001892 
615.592722 -0.000597 
613.758616 0.000388 
611.924509 0.001631 
610.090402 0.000851 
608.256295 0.000656 
606.422189 0.000629 
604.588082 -0.000446 
602.753975 -0.001010 
600.919869 0.000045 
599.085762 0.001298 
597.251655 -0.003913 
595.417549 0.001203 
593.583442 0.001673 
591.749335 0.000437 
589.915228 -0.002139 
588.081122 0.001474 
586.247015 0.001323 
584.412908 0.001395 
582.578802 0.001481 
580.744695 0.000252 
578.910588 0.000888 
577.076481 -0.000955 
575.242375 0.003484 
573.408268 0.001428 
571.574161 0.001215 
569.740055 0.000716 
567.905948 0.000870 
566.071841 0.001423 
564.237735 0.001945 
562.403628 0.003167 
560.569521 0.001954 
558.735414 0.000894 
556.901308 0.000821 
555.067201 0.001381 
553.233094 -0.000012 
551.398988 0.001431 
549.564881 0.002809 
547.730774 0.002039 
545.896668 0.001102 
544.062561 0.001806 
542.228454 0.002831 
540.394347 0.015361 
538.560241 0.000989 
536.726134 0.001482 
534.892027 0.002317 
533.057921 0.000430 
531.223814 0.000800 
529.389707 0.003400 
527.555601 0.003875 
525.721494 -0.007317 
523.887387 -0.000468 
522.053280 -0.000433 
520.219174 -0.008103 
518.385067 0.002477 
516.550960 0.001929 
514.716854 0.002153 
512.882747 -0.005356 
511.048640 0.001347 
509.214534 0.000579 
507.380427 -0.000195 
505.546320 0.005748 
503.712213 0.003094 
501.878107 0.001435 
500.044000 0.000698 
