4479.01142	-0.00176
4476.24717	-1.76283E-4
4460.95167	0.00132
4458.74027	-0.00272
4458.74027	0.00274
4458.74027	0.00364
4458.74027	0.00455
4458.74027	0.0072
4458.74027	0.00545
4458.74027	0.00636
4453.21177	-0.00176
4443.99761	4.80624E-5
4442.15478	0.00166
4408.98381	-0.00133
4389.63407	1.10401E-4
4388.71265	-0.00213
4373.04858	-0.00642
4373.04858	-0.00554
4373.04858	-0.00465
4373.04858	-0.00287
4366.59867	-0.00376
4360.60947	-0.00131
4359.22734	0.00165
4348.17035	-0.00369
4348.17035	-0.0028
4326.05637	1.8522E-4
4308.54946	-0.00112
4291.04256	-0.00243
4283.67123	9.59098E-4
4259.71442	0.00176
4259.71442	6.34401E-4
4256.02875	-0.00127
4224.70061	0.00133
4216.59215	-0.00198
4209.95795	-0.00324
4187.84397	-0.00108
4171.25848	-0.00246
4168.49423	2.22634E-4
4151.90875	-0.00101
4138.08751	6.34401E-4
4117.35565	-5.47445E-4
4099.38804	-0.00172
4060.68856	3.72322E-4
4053.31724	-0.00118
4045.94591	-3.88059E-4
4009.54998	-8.42405E-4
3991.58237	-0.00202
3975.54973	-3.17312E-4
3951.96148	-0.00133
3941.8259	1.10401E-4
3933.53316	-0.0019
3930.76891	-9.58094E-4
3908.10208	-3.3214E-5
3878.2482	9.34113E-4
3872.7197	-0.0022
3872.7197	1.47809E-4
3861.66271	-0.00112
3836.78448	-0.0015
3822.96324	0.00101
3813.28837	5.42958E-5
3795.32076	-7.86415E-4
3785.64589	-1.70053E-4
3770.44253	-0.00112
3759.38554	0.00155
3753.85704	1.10401E-4
3751.09279	0.00402
3740.0358	0.00281
3734.50731	0.00175
3720.68607	0.00251
3705.02199	0.00373
3695.80783	0.0044
3690.27934	0.00636
3680.01213	0.00565
3662.63686	0.00427
3643.28712	0.0033
3642.73427	0.00511
3626.70164	0.0047
3621.17314	0.00561
3603.20553	0.00703
3579.70942	0.00851
3574.18093	0.00935
3565.88818	0.01071
3554.83119	0.01263
3538.2457	0.01433
3532.71721	0.01553
3529.95296	0.01656
3518.89597	0.01828
3511.52464	0.01902
3502.31048	0.02072
3499.54623	0.02193
3491.25349	0.02347
3487.56782	0.02484
3480.19649	0.02569
3478.35366	0.02688
3474.668	0.02744
3469.1395	0.02887
3460.84676	0.02987
3458.08251	0.03112
3452.55402	0.032
3447.02552	0.03265
3438.73278	0.03426
3433.20428	0.03523
3419.38304	0.03756
3411.0903	0.03869
3387.79163	0.04104
3367.78374	0.04217
3366.86233	0.04311
3339.21985	0.0439
3314.34162	0.04583
3294.99188	0.04417
3292.22763	0.04359
3272.32505	0.04238
3251.68533	0.0407
3242.47117	0.04202
3234.17843	0.03784
3223.12144	0.03588
3217.59294	0.03483
3206.53595	0.03285
3198.2432	0.03088
3192.71471	0.02999
3187.18621	0.02863
3178.89347	0.0274
3170.60072	0.02648
3154.01524	0.02213
3137.42975	0.01931
3115.31577	0.01333
3104.25877	0.01194
3087.67329	0.01021
3082.14479	0.00842
3068.32355	0.00682
3044.82744	0.00474
3043.44532	0.00561
3013.96001	0.00316
2995.90025	0.00204
2977.10337	0.0036
2967.4285	0.0021
2943.93239	0.00128
2910.76142	0.00173
2902.46867	0.00123
2883.11894	0.0018
2853.1071	0.00118
2847.18371	0.00172
2813.61785	0.00117
2782.22389	0.00123
2754.1207	4.34707E-4
2747.67079	0.00114
2716.47428	0.00158
2681.32884	0.0012
2671.93039	0.00174
2635.91619	0.00119
2603.92989	0.00153
2575.366	0.00101
2565.23042	0.00167
2532.05945	0.00168
2499.28337	0.00189
2465.3226	0.00212
2441.76068	0.00299
2420.30485	0.00206
2388.71345	0.00286
2367.12599	0.00246
2343.16917	0.00556
2341.32634	0.00349
2309.73493	0.00325
2278.67005	0.00305
2270.56159	0.0037
2237.0747	0.00358
2206.79961	0.00435
2198.69115	0.00362
2167.17872	0.00367
2134.40264	0.00381
2100.44188	0.00399
2069.04792	0.0034
2067.66579	0.00394
2034.49482	0.00384
2015.14508	0.0045
2000.77099	0.00398
1966.31003	0.00379
1958.478	0.00451
1926.68915	0.00455
1893.51817	0.00447
1890.75392	0.00521
1859.55741	0.00519
1843.76171	0.00558
1816.11923	0.00455
1813.35498	0.00552
1782.94825	0.00623
1756.41147	0.00703
1730.42754	0.00783
1716.6063	0.00895
1705.54931	0.00992
1686.19958	0.01156
1670.16694	0.01217
1650.26435	0.0132
1641.05019	0.01397
1625.38612	0.01468
1614.32913	0.01367
1600.50789	0.01176
1581.15815	0.01048
1553.51567	0.00922
1520.3447	0.00891
1487.17372	0.00869
1456.767	0.00842
1453.4499	0.00914
1420.83177	0.00923
1387.6608	0.00959
1357.25407	0.00976
1328.03202	0.00931
1295.65083	0.00951
1268.79813	0.00898
1261.05824	0.01019
1238.39141	0.01079
1219.04167	0.01226
1207.98468	0.0134
1194.16344	0.01452
1192.78132	0.01557
1177.57795	0.01716
1163.75671	0.0191
1149.93547	0.02123
1136.11423	0.02272
1136.11423	0.02373
1122.29299	0.02549
1114.00025	0.02664
1105.70751	0.02867
1100.17901	0.02947
1089.12202	0.03105
1080.82927	0.03256
1069.77228	0.03458
1058.71529	0.0361
1050.42255	0.03725
1032.91564	0.03868
1021.39794	0.03629
1006.19458	0.03507
997.90184	0.0341
978.5521	0.03224
975.78785	0.03141
970.25936	0.03026
950.90962	0.02796
942.61688	0.02672
931.55989	0.02552
916.0801	0.0242
904.83882	0.02472
887.33192	0.0262
884.56767	0.02497
871.66785	0.02395
858.58374	0.02256
854.16094	0.02009
843.10395	0.0245
840.3397	0.02148
834.81121	0.02335
822.8328	0.02247
809.93298	0.02481
805.7866	0.02136
801.64023	0.02038
798.87598	0.0237
788.60878	0.02251
771.2335	0.0213
761.55864	0.0228
760.17651	0.02534
749.11952	0.02656
749.11952	0.02017
749.11952	0.02779
749.11952	0.02391
743.59102	0.02154
726.21575	0.02288
721.47704	0.02466
718.71279	0.02387
711.34147	0.01989
707.6558	0.02182
706.47112	0.02113
695.21669	0.01829
677.24907	0.02474
675.86695	0.02114
668.95633	0.02335
666.19208	0.01963
650.98872	0.01887
642.9724	0.02241
640.39243	0.02079
638.5496	0.01776
637.4439	0.01988
621.96411	0.02556
619.75272	0.02418
612.74995	0.02204
610.90712	0.01868
609.06429	0.02022
605.37863	0.01813
599.85013	0.02323
599.85013	0.02418
599.85013	0.02541
