5000.200000 -0.017482 
4998.699367 -0.025652 
4997.198735 -0.019750 
4995.698102 -0.015088 
4994.197470 -0.015687 
4992.696837 -0.017532 
4991.196205 -0.015795 
4989.695572 -0.017383 
4988.194940 -0.017128 
4986.694307 -0.014566 
4985.193675 -0.025272 
4983.693042 -0.022069 
4982.192409 -0.024622 
4980.691777 -0.011002 
4979.191144 -0.015030 
4977.690512 -0.013300 
4976.189879 -0.024325 
4974.689247 -0.021908 
4973.188614 -0.018700 
4971.687982 -0.029101 
4970.187349 -0.020408 
4968.686717 -0.017035 
4967.186084 -0.022002 
4965.685451 -0.018822 
4964.184819 -0.014317 
4962.684186 -0.023371 
4961.183554 -0.017144 
4959.682921 -0.016686 
4958.182289 -0.011485 
4956.681656 -0.008616 
4955.181024 -0.010495 
4953.680391 -0.016906 
4952.179759 -0.032008 
4950.679126 -0.011456 
4949.178493 -0.019356 
4947.677861 -0.018923 
4946.177228 -0.015742 
4944.676596 -0.008776 
4943.175963 -0.020867 
4941.675331 -0.022558 
4940.174698 -0.013514 
4938.674066 -0.014652 
4937.173433 -0.028393 
4935.672801 -0.018503 
4934.172168 -0.011442 
4932.671536 -0.011617 
4931.170903 -0.016634 
4929.670270 -0.012913 
4928.169638 -0.016763 
4926.669005 -0.012074 
4925.168373 -0.024146 
4923.667740 -0.018886 
4922.167108 -0.022480 
4920.666475 -0.022483 
4919.165843 -0.011128 
4917.665210 -0.016754 
4916.164578 -0.013903 
4914.663945 -0.019854 
4913.163312 -0.010252 
4911.662680 -0.016689 
4910.162047 -0.014625 
4908.661415 -0.011978 
4907.160782 -0.014514 
4905.660150 -0.006718 
4904.159517 -0.024675 
4902.658885 -0.014251 
4901.158252 -0.017830 
4899.657620 -0.029017 
4898.156987 -0.017240 
4896.656354 -0.012764 
4895.155722 -0.012530 
4893.655089 -0.014276 
4892.154457 -0.020660 
4890.653824 -0.015578 
4889.153192 -0.014601 
4887.652559 -0.018687 
4886.151927 -0.009357 
4884.651294 -0.015110 
4883.150662 -0.004893 
4881.650029 -0.017437 
4880.149396 -0.019119 
4878.648764 -0.011817 
4877.148131 -0.020000 
4875.647499 -0.012528 
4874.146866 -0.021538 
4872.646234 -0.010798 
4871.145601 -0.016469 
4869.644969 -0.012416 
4868.144336 -0.009879 
4866.643704 -0.008421 
4865.143071 -0.008974 
4863.642438 -0.017825 
4862.141806 -0.011461 
4860.641173 -0.008124 
4859.140541 -0.015117 
4857.639908 0.000340 
4856.139276 -0.016043 
4854.638643 -0.014952 
4853.138011 -0.005897 
4851.637378 -0.009058 
4850.136746 -0.011753 
4848.636113 -0.016982 
4847.135480 -0.007776 
4845.634848 -0.013770 
4844.134215 -0.015467 
4842.633583 -0.012578 
4841.132950 -0.007427 
4839.632318 -0.007552 
4838.131685 -0.013007 
4836.631053 -0.009651 
4835.130420 -0.009335 
4833.629788 -0.011888 
4832.129155 -0.012890 
4830.628523 -0.016477 
4829.127890 -0.013514 
4827.627257 -0.009932 
4826.126625 -0.009768 
4824.625992 -0.008735 
4823.125360 -0.007758 
4821.624727 -0.006150 
4820.124095 -0.009007 
4818.623462 -0.012021 
4817.122830 -0.006691 
4815.622197 -0.011379 
4814.121565 -0.012492 
4812.620932 -0.010981 
4811.120299 -0.011219 
4809.619667 -0.011114 
4808.119034 -0.019076 
4806.618402 -0.008219 
4805.117769 -0.015163 
4803.617137 -0.005943 
4802.116504 -0.005067 
4800.615872 -0.014114 
4799.115239 -0.008739 
4797.614607 -0.010534 
4796.113974 -0.006363 
4794.613341 -0.011413 
4793.112709 -0.012072 
4791.612076 -0.010767 
4790.111444 -0.015036 
4788.610811 -0.014087 
4787.110179 -0.011294 
4785.609546 -0.013843 
4784.108914 -0.008277 
4782.608281 -0.013642 
4781.107649 -0.010621 
4779.607016 -0.014979 
4778.106383 -0.007919 
4776.605751 -0.006780 
4775.105118 -0.008120 
4773.604486 -0.009098 
4772.103853 -0.010073 
4770.603221 -0.008638 
4769.102588 -0.010481 
4767.601956 -0.015784 
4766.101323 -0.004057 
4764.600691 -0.011374 
4763.100058 -0.016701 
4761.599425 -0.012271 
4760.098793 -0.015969 
4758.598160 -0.003569 
4757.097528 -0.008244 
4755.596895 -0.007160 
4754.096263 -0.007863 
4752.595630 -0.013506 
4751.094998 -0.004588 
4749.594365 -0.013133 
4748.093733 -0.010591 
4746.593100 -0.007011 
4745.092467 -0.007555 
4743.591835 -0.013396 
4742.091202 -0.009464 
4740.590570 -0.012275 
4739.089937 -0.008342 
4737.589305 -0.006189 
4736.088672 -0.012638 
4734.588040 -0.012860 
4733.087407 -0.010792 
4731.586775 -0.010684 
4730.086142 -0.007653 
4728.585510 -0.008744 
4727.084877 -0.007818 
4725.584244 -0.001138 
4724.083612 -0.013021 
4722.582979 -0.011751 
4721.082347 -0.016067 
4719.581714 -0.011200 
4718.081082 -0.010206 
4716.580449 -0.010384 
4715.079817 -0.005209 
4713.579184 -0.012144 
4712.078552 -0.014072 
4710.577919 -0.004427 
4709.077286 -0.010441 
4707.576654 -0.005862 
4706.076021 -0.002737 
4704.575389 -0.008290 
4703.074756 -0.009767 
4701.574124 -0.008359 
4700.073491 -0.011034 
4698.572859 -0.011367 
4697.072226 -0.008917 
4695.571594 -0.005952 
4694.070961 -0.007926 
4692.570328 -0.007668 
4691.069696 -0.009048 
4689.569063 -0.003023 
4688.068431 -0.005968 
4686.567798 -0.007677 
4685.067166 -0.011191 
4683.566533 -0.011124 
4682.065901 -0.008877 
4680.565268 -0.003062 
4679.064636 -0.011080 
4677.564003 -0.011326 
4676.063370 -0.008726 
4674.562738 -0.015899 
4673.062105 -0.010326 
4671.561473 -0.004979 
4670.060840 -0.011424 
4668.560208 -0.011791 
4667.059575 -0.011110 
4665.558943 -0.015163 
4664.058310 -0.012494 
4662.557678 -0.006372 
4661.057045 -0.011930 
4659.556412 -0.002662 
4658.055780 -0.008459 
4656.555147 -0.012046 
4655.054515 -0.008094 
4653.553882 -0.011834 
4652.053250 -0.014710 
4650.552617 -0.009305 
4649.051985 -0.007819 
4647.551352 -0.011507 
4646.050720 -0.018957 
4644.550087 -0.008590 
4643.049454 -0.009531 
4641.548822 -0.014928 
4640.048189 -0.011107 
4638.547557 -0.018351 
4637.046924 -0.015316 
4635.546292 -0.012356 
4634.045659 -0.014644 
4632.545027 -0.013488 
4631.044394 -0.019350 
4629.543762 -0.019827 
4628.043129 -0.011892 
4626.542496 -0.007190 
4625.041864 -0.015186 
4623.541231 -0.015885 
4622.040599 -0.017447 
4620.539966 -0.005884 
4619.039334 -0.003882 
4617.538701 -0.022037 
4616.038069 -0.011576 
4614.537436 -0.018696 
4613.036804 -0.010880 
4611.536171 -0.016180 
4610.035539 -0.017600 
4608.534906 -0.015242 
4607.034273 -0.016789 
4605.533641 -0.009796 
4604.033008 -0.015565 
4602.532376 -0.014747 
4601.031743 -0.005144 
4599.531111 -0.011316 
4598.030478 -0.010908 
4596.529846 -0.008206 
4595.029213 -0.017418 
4593.528581 -0.017351 
4592.027948 -0.012541 
4590.527315 -0.011331 
4589.026683 -0.009491 
4587.526050 -0.010434 
4586.025418 -0.008709 
4584.524785 -0.014756 
4583.024153 -0.015017 
4581.523520 -0.005435 
4580.022888 -0.012920 
4578.522255 -0.013867 
4577.021623 -0.017743 
4575.520990 -0.010320 
4574.020357 -0.016480 
4572.519725 -0.010662 
4571.019092 -0.018075 
4569.518460 -0.019722 
4568.017827 -0.018178 
4566.517195 -0.010048 
4565.016562 -0.018038 
4563.515930 -0.013110 
4562.015297 -0.017580 
4560.514665 -0.015983 
4559.014032 -0.010311 
4557.513399 -0.011334 
4556.012767 -0.019337 
4554.512134 -0.012469 
4553.011502 -0.009127 
4551.510869 -0.013314 
4550.010237 -0.008690 
4548.509604 -0.011876 
4547.008972 -0.011042 
4545.508339 -0.013464 
4544.007707 -0.013448 
4542.507074 -0.010653 
4541.006441 -0.005065 
4539.505809 -0.007819 
4538.005176 -0.018447 
4536.504544 -0.020741 
4535.003911 -0.011284 
4533.503279 -0.011698 
4532.002646 -0.015163 
4530.502014 -0.011117 
4529.001381 -0.017679 
4527.500749 -0.014477 
4526.000116 -0.012048 
4524.499483 -0.014401 
4522.998851 -0.009324 
4521.498218 -0.012178 
4519.997586 -0.018231 
4518.496953 -0.010829 
4516.996321 -0.012051 
4515.495688 -0.014243 
4513.995056 -0.020793 
4512.494423 -0.007578 
4510.993791 -0.015953 
4509.493158 -0.009611 
4507.992526 -0.013302 
4506.491893 -0.011744 
4504.991260 -0.019164 
4503.490628 -0.012942 
4501.989995 -0.007169 
4500.489363 -0.013447 
4498.988730 -0.009549 
4497.488098 -0.016158 
4495.987465 -0.005278 
4494.486833 -0.007182 
4492.986200 -0.008388 
4491.485568 -0.015142 
4489.984935 -0.012576 
4488.484302 -0.011441 
4486.983670 -0.015712 
4485.483037 -0.005991 
4483.982405 -0.010412 
4482.481772 -0.011067 
4480.981140 -0.005145 
4479.480507 -0.015254 
4477.979875 -0.007399 
4476.479242 -0.009329 
4474.978610 -0.004375 
4473.477977 -0.004879 
4471.977344 -0.012814 
4470.476712 -0.011813 
4468.976079 -0.006701 
4467.475447 -0.009470 
4465.974814 -0.007141 
4464.474182 -0.004478 
4462.973549 -0.014807 
4461.472917 -0.014397 
4459.972284 -0.010258 
4458.471652 -0.003413 
4456.971019 -0.001543 
4455.470386 -0.007703 
4453.969754 -0.007307 
4452.469121 -0.008420 
4450.968489 -0.005746 
4449.467856 -0.008684 
4447.967224 -0.008841 
4446.466591 -0.004728 
4444.965959 -0.004284 
4443.465326 -0.012828 
4441.964694 -0.005145 
4440.464061 -0.005226 
4438.963428 -0.010298 
4437.462796 -0.003694 
4435.962163 -0.005941 
4434.461531 -0.008660 
4432.960898 -0.000002 
4431.460266 -0.006765 
4429.959633 -0.005552 
4428.459001 -0.003228 
4426.958368 -0.002420 
4425.457736 -0.002851 
4423.957103 -0.004063 
4422.456470 -0.006224 
4420.955838 -0.003613 
4419.455205 0.003810 
4417.954573 -0.001760 
4416.453940 -0.006994 
4414.953308 -0.009293 
4413.452675 -0.001743 
4411.952043 -0.007663 
4410.451410 -0.004416 
4408.950778 -0.000719 
4407.450145 -0.003039 
4405.949513 0.000095 
4404.448880 -0.012435 
4402.948247 -0.005625 
4401.447615 0.001898 
4399.946982 -0.001228 
4398.446350 -0.003845 
4396.945717 -0.008612 
4395.445085 -0.001661 
4393.944452 -0.005208 
4392.443820 -0.008045 
4390.943187 -0.004227 
4389.442555 -0.001818 
4387.941922 -0.001761 
4386.441289 -0.003001 
4384.940657 0.000943 
4383.440024 0.000255 
4381.939392 -0.006228 
4380.438759 -0.004331 
4378.938127 -0.005127 
4377.437494 0.003392 
4375.936862 -0.003707 
4374.436229 -0.003272 
4372.935597 0.000404 
4371.434964 -0.005298 
4369.934331 -0.001346 
4368.433699 -0.002639 
4366.933066 -0.002474 
4365.432434 -0.000453 
4363.931801 0.004750 
4362.431169 0.000199 
4360.930536 -0.003912 
4359.429904 -0.002473 
4357.929271 0.001175 
4356.428639 -0.007028 
4354.928006 0.001468 
4353.427373 0.001591 
4351.926741 -0.002607 
4350.426108 0.001041 
4348.925476 0.004799 
4347.424843 -0.004155 
4345.924211 0.001820 
4344.423578 -0.007125 
4342.922946 0.000826 
4341.422313 0.000161 
4339.921681 -0.005313 
4338.421048 -0.003865 
4336.920415 0.003159 
4335.419783 -0.003036 
4333.919150 0.001362 
4332.418518 -0.000440 
4330.917885 0.002424 
4329.417253 -0.002424 
4327.916620 0.002349 
4326.415988 0.001780 
4324.915355 0.001927 
4323.414723 -0.002391 
4321.914090 0.004037 
4320.413457 0.004735 
4318.912825 -0.006354 
4317.412192 -0.001927 
4315.911560 0.000648 
4314.410927 -0.009112 
4312.910295 0.001564 
4311.409662 0.001035 
4309.909030 0.000959 
4308.408397 -0.004683 
4306.907765 -0.002776 
4305.407132 0.001194 
4303.906499 0.000835 
4302.405867 0.000215 
4300.905234 0.001404 
4299.404602 0.002724 
4297.903969 0.005777 
4296.403337 0.003005 
4294.902704 -0.001229 
4293.402072 0.001618 
4291.901439 0.000907 
4290.400807 0.003600 
4288.900174 0.002521 
4287.399542 0.008286 
4285.898909 -0.001054 
4284.398276 -0.001937 
4282.897644 0.000438 
4281.397011 -0.004635 
4279.896379 0.006068 
4278.395746 -0.003713 
4276.895114 -0.002464 
4275.394481 0.002201 
4273.893849 -0.000194 
4272.393216 -0.000861 
4270.892584 0.002070 
4269.391951 0.002049 
4267.891318 0.002860 
4266.390686 0.002108 
4264.890053 -0.001030 
4263.389421 -0.006241 
4261.888788 0.005901 
4260.388156 -0.000888 
4258.887523 0.005037 
4257.386891 0.003474 
4255.886258 0.004327 
4254.385626 0.007019 
4252.884993 0.002033 
4251.384360 0.004501 
4249.883728 -0.002784 
4248.383095 0.003571 
4246.882463 0.000805 
4245.381830 -0.001574 
4243.881198 -0.006145 
4242.380565 0.001213 
4240.879933 -0.000483 
4239.379300 -0.000735 
4237.878668 0.001785 
4236.378035 0.004384 
4234.877402 -0.002571 
4233.376770 0.003405 
4231.876137 -0.001136 
4230.375505 0.004132 
4228.874872 0.002988 
4227.374240 0.002127 
4225.873607 0.001265 
4224.372975 -0.000038 
4222.872342 -0.001364 
4221.371710 0.002741 
4219.871077 -0.002201 
4218.370444 -0.000461 
4216.869812 -0.001827 
4215.369179 -0.000262 
4213.868547 0.000529 
4212.367914 0.003312 
4210.867282 0.006456 
4209.366649 -0.000121 
4207.866017 -0.001706 
4206.365384 0.001928 
4204.864752 -0.002714 
4203.364119 -0.000162 
4201.863486 0.001235 
4200.362854 -0.000904 
4198.862221 0.001349 
4197.361589 -0.003047 
4195.860956 0.000214 
4194.360324 -0.001087 
4192.859691 0.005535 
4191.359059 -0.000240 
4189.858426 0.001611 
4188.357794 0.003207 
4186.857161 -0.004166 
4185.356529 -0.002147 
4183.855896 0.001277 
4182.355263 0.003177 
4180.854631 0.003034 
4179.353998 0.000261 
4177.853366 0.001682 
4176.352733 -0.005004 
4174.852101 -0.002005 
4173.351468 0.000890 
4171.850836 -0.002520 
4170.350203 0.004937 
4168.849571 0.003429 
4167.348938 -0.001287 
4165.848305 0.000985 
4164.347673 0.004882 
4162.847040 -0.000061 
4161.346408 -0.000703 
4159.845775 0.003356 
4158.345143 0.002433 
4156.844510 0.002777 
4155.343878 0.001747 
4153.843245 -0.000090 
4152.342613 -0.000872 
4150.841980 0.002953 
4149.341347 -0.001076 
4147.840715 -0.002412 
4146.340082 0.003308 
4144.839450 -0.000913 
4143.338817 0.001608 
4141.838185 0.002812 
4140.337552 -0.000474 
4138.836920 -0.002047 
4137.336287 -0.001237 
4135.835655 0.001253 
4134.335022 -0.002703 
4132.834389 -0.001145 
4131.333757 0.005124 
4129.833124 -0.000226 
4128.332492 -0.001321 
4126.831859 0.000311 
4125.331227 0.003404 
4123.830594 -0.000621 
4122.329962 -0.000051 
4120.829329 -0.001085 
4119.328697 -0.001244 
4117.828064 -0.002309 
4116.327431 -0.000059 
4114.826799 -0.000649 
4113.326166 -0.002918 
4111.825534 -0.004538 
4110.324901 0.001530 
4108.824269 0.001303 
4107.323636 0.003207 
4105.823004 -0.001669 
4104.322371 0.000774 
4102.821739 0.001469 
4101.321106 0.001680 
4099.820473 0.002291 
4098.319841 0.002093 
4096.819208 0.000229 
4095.318576 0.002729 
4093.817943 0.000272 
4092.317311 -0.001423 
4090.816678 0.004113 
4089.316046 0.001495 
4087.815413 -0.000227 
4086.314781 -0.001940 
4084.814148 0.001327 
4083.313516 -0.000040 
4081.812883 0.000693 
4080.312250 0.000933 
4078.811618 -0.001875 
4077.310985 0.001469 
4075.810353 -0.003244 
4074.309720 -0.000173 
4072.809088 0.002450 
4071.308455 0.001313 
4069.807823 0.001966 
4068.307190 -0.000420 
4066.806558 -0.000385 
4065.305925 0.001621 
4063.805292 -0.001488 
4062.304660 0.000346 
4060.804027 0.001566 
4059.303395 0.002933 
4057.802762 -0.000129 
4056.302130 -0.005752 
4054.801497 -0.000474 
4053.300865 0.000328 
4051.800232 0.002731 
4050.299600 -0.000108 
4048.798967 -0.000243 
4047.298334 -0.003088 
4045.797702 -0.000043 
4044.297069 -0.001343 
4042.796437 -0.001630 
4041.295804 0.001898 
4039.795172 0.000033 
4038.294539 0.001225 
4036.793907 -0.000789 
4035.293274 -0.001207 
4033.792642 -0.004613 
4032.292009 0.004216 
4030.791376 -0.003017 
4029.290744 0.001962 
4027.790111 -0.001367 
4026.289479 -0.001912 
4024.788846 0.002058 
4023.288214 0.001334 
4021.787581 0.001166 
4020.286949 0.000349 
4018.786316 0.002852 
4017.285684 0.001973 
4015.785051 0.000284 
4014.284418 0.002368 
4012.783786 -0.001844 
4011.283153 -0.000377 
4009.782521 -0.001641 
4008.281888 -0.001186 
4006.781256 -0.000498 
4005.280623 -0.001226 
4003.779991 -0.002189 
4002.279358 0.000979 
4000.778726 0.000148 
3999.278093 -0.004162 
3997.777460 -0.001441 
3996.276828 -0.002823 
3994.776195 0.002519 
3993.275563 -0.000186 
3991.774930 0.002192 
3990.274298 0.002085 
3988.773665 -0.001894 
3987.273033 -0.000932 
3985.772400 0.001592 
3984.271768 -0.000032 
3982.771135 -0.001074 
3981.270503 0.000278 
3979.769870 -0.001317 
3978.269237 -0.000520 
3976.768605 0.000628 
3975.267972 0.000795 
3973.767340 0.001809 
3972.266707 0.003157 
3970.766075 0.000696 
3969.265442 0.002630 
3967.764810 0.001609 
3966.264177 -0.001226 
3964.763545 0.000615 
3963.262912 -0.001957 
3961.762279 -0.000240 
3960.261647 0.000741 
3958.761014 -0.001069 
3957.260382 0.000710 
3955.759749 -0.000255 
3954.259117 -0.000144 
3952.758484 -0.002920 
3951.257852 0.000440 
3949.757219 -0.002670 
3948.256587 -0.000714 
3946.755954 0.001087 
3945.255321 0.000431 
3943.754689 -0.002850 
3942.254056 -0.000147 
3940.753424 0.002762 
3939.252791 0.000812 
3937.752159 0.002755 
3936.251526 -0.001391 
3934.750894 -0.001384 
3933.250261 -0.000249 
3931.749629 0.002032 
3930.248996 -0.000190 
3928.748363 -0.000913 
3927.247731 0.000033 
3925.747098 0.000787 
3924.246466 0.001500 
3922.745833 -0.002735 
3921.245201 -0.000929 
3919.744568 -0.000529 
3918.243936 -0.000058 
3916.743303 -0.000325 
3915.242671 0.001765 
3913.742038 0.001884 
3912.241405 0.000077 
3910.740773 -0.002318 
3909.240140 -0.005412 
3907.739508 -0.000521 
3906.238875 0.001528 
3904.738243 -0.001203 
3903.237610 -0.001737 
3901.736978 -0.000706 
3900.236345 0.000101 
3898.735713 -0.000220 
3897.235080 -0.001614 
3895.734447 -0.000018 
3894.233815 0.000160 
3892.733182 -0.000716 
3891.232550 -0.002857 
3889.731917 0.002826 
3888.231285 -0.001689 
3886.730652 -0.000031 
3885.230020 -0.000858 
3883.729387 -0.001214 
3882.228755 -0.003074 
3880.728122 -0.000273 
3879.227489 -0.000141 
3877.726857 -0.000703 
3876.226224 -0.000896 
3874.725592 -0.003683 
3873.224959 0.001466 
3871.724327 -0.002293 
3870.223694 -0.002294 
3868.723062 -0.001489 
3867.222429 -0.000379 
3865.721797 -0.002525 
3864.221164 0.000099 
3862.720532 0.000123 
3861.219899 -0.000381 
3859.719266 -0.000964 
3858.218634 -0.004479 
3856.718001 -0.000475 
3855.217369 -0.000424 
3853.716736 -0.000307 
3852.216104 -0.002773 
3850.715471 -0.001808 
3849.214839 -0.001354 
3847.714206 -0.003294 
3846.213574 0.000024 
3844.712941 -0.000954 
3843.212308 -0.001380 
3841.711676 -0.002449 
3840.211043 -0.000221 
3838.710411 -0.000487 
3837.209778 -0.000196 
3835.709146 -0.002802 
3834.208513 -0.002425 
3832.707881 -0.000540 
3831.207248 -0.004001 
3829.706616 -0.002318 
3828.205983 0.002320 
3826.705350 -0.000995 
3825.204718 -0.001131 
3823.704085 0.000691 
3822.203453 0.000999 
3820.702820 0.000498 
3819.202188 0.000213 
3817.701555 -0.001715 
3816.200923 -0.005259 
3814.700290 0.001237 
3813.199658 0.000156 
3811.699025 0.001350 
3810.198392 -0.001730 
3808.697760 -0.001963 
3807.197127 -0.002293 
3805.696495 -0.001973 
3804.195862 0.001256 
3802.695230 -0.000718 
3801.194597 -0.001584 
3799.693965 -0.000276 
3798.193332 -0.000680 
3796.692700 -0.000381 
3795.192067 -0.004202 
3793.691434 -0.000820 
3792.190802 -0.002012 
3790.690169 -0.002868 
3789.189537 0.001287 
3787.688904 -0.001482 
3786.188272 0.001005 
3784.687639 -0.002835 
3783.187007 0.000115 
3781.686374 -0.001891 
3780.185742 -0.000117 
3778.685109 0.000500 
3777.184476 -0.000837 
3775.683844 -0.001321 
3774.183211 -0.002541 
3772.682579 -0.003620 
3771.181946 -0.000058 
3769.681314 -0.000565 
3768.180681 -0.001913 
3766.680049 -0.003028 
3765.179416 -0.000448 
3763.678784 -0.001804 
3762.178151 -0.001550 
3760.677519 -0.003215 
3759.176886 -0.001309 
3757.676253 0.000114 
3756.175621 -0.000682 
3754.674988 -0.000022 
3753.174356 0.000177 
3751.673723 -0.001104 
3750.173091 0.001618 
3748.672458 -0.000344 
3747.171826 -0.001148 
3745.671193 -0.004150 
3744.170561 -0.000789 
3742.669928 -0.003361 
3741.169295 -0.001079 
3739.668663 -0.000928 
3738.168030 -0.002897 
3736.667398 -0.000780 
3735.166765 -0.000356 
3733.666133 -0.002979 
3732.165500 -0.001362 
3730.664868 0.000209 
3729.164235 -0.002288 
3727.663603 -0.001036 
3726.162970 -0.002155 
3724.662337 -0.001276 
3723.161705 -0.002205 
3721.661072 -0.000649 
3720.160440 -0.002476 
3718.659807 0.000586 
3717.159175 0.002126 
3715.658542 -0.001849 
3714.157910 -0.002913 
3712.657277 -0.002561 
3711.156645 -0.000230 
3709.656012 -0.002925 
3708.155379 -0.000324 
3706.654747 0.002054 
3705.154114 0.001363 
3703.653482 0.001874 
3702.152849 0.005442 
3700.652217 0.003038 
3699.151584 0.004921 
3697.650952 0.000800 
3696.150319 -0.001359 
3694.649687 -0.000064 
3693.149054 -0.001072 
3691.648421 -0.001944 
3690.147789 0.001290 
3688.647156 -0.000655 
3687.146524 -0.005580 
3685.645891 -0.002386 
3684.145259 -0.002895 
3682.644626 -0.001997 
3681.143994 0.000528 
3679.643361 -0.000849 
3678.142729 -0.001065 
3676.642096 -0.000572 
3675.141463 -0.000861 
3673.640831 0.002055 
3672.140198 -0.002458 
3670.639566 -0.001068 
3669.138933 -0.000818 
3667.638301 -0.001691 
3666.137668 -0.003109 
3664.637036 -0.000635 
3663.136403 -0.001701 
3661.635771 -0.002311 
3660.135138 -0.001541 
3658.634506 0.000330 
3657.133873 -0.001346 
3655.633240 -0.000238 
3654.132608 0.002587 
3652.631975 -0.002661 
3651.131343 0.000697 
3649.630710 0.000368 
3648.130078 0.001711 
3646.629445 0.000225 
3645.128813 -0.001009 
3643.628180 0.001336 
3642.127548 0.001065 
3640.626915 -0.001614 
3639.126282 -0.000627 
3637.625650 0.001274 
3636.125017 0.001326 
3634.624385 0.004729 
3633.123752 0.002212 
3631.623120 0.003034 
3630.122487 0.003443 
3628.621855 0.003472 
3627.121222 0.002580 
3625.620590 0.002467 
3624.119957 0.002728 
3622.619324 0.001400 
3621.118692 0.003765 
3619.618059 0.002590 
3618.117427 0.005416 
3616.616794 0.002599 
3615.116162 0.006026 
3613.615529 0.005853 
3612.114897 0.007031 
3610.614264 0.006313 
3609.113632 0.006235 
3607.612999 0.007172 
3606.112366 0.007284 
3604.611734 0.003636 
3603.111101 0.004691 
3601.610469 0.007032 
3600.109836 0.006753 
3598.609204 0.007740 
3597.108571 0.009441 
3595.607939 0.008100 
3594.107306 0.007971 
3592.606674 0.009990 
3591.106041 0.009818 
3589.605408 0.008406 
3588.104776 0.010694 
3586.604143 0.011038 
3585.103511 0.009782 
3583.602878 0.012111 
3582.102246 0.009721 
3580.601613 0.010899 
3579.100981 0.009079 
3577.600348 0.009945 
3576.099716 0.009217 
3574.599083 0.010570 
3573.098450 0.010302 
3571.597818 0.009239 
3570.097185 0.012068 
3568.596553 0.012370 
3567.095920 0.010547 
3565.595288 0.009567 
3564.094655 0.011718 
3562.594023 0.013587 
3561.093390 0.011827 
3559.592758 0.013245 
3558.092125 0.013944 
3556.591492 0.014865 
3555.090860 0.013756 
3553.590227 0.013758 
3552.089595 0.012498 
3550.588962 0.016890 
3549.088330 0.014939 
3547.587697 0.015531 
3546.087065 0.014725 
3544.586432 0.016274 
3543.085800 0.012837 
3541.585167 0.012995 
3540.084535 0.018290 
3538.583902 0.012609 
3537.083269 0.015631 
3535.582637 0.017918 
3534.082004 0.019063 
3532.581372 0.017878 
3531.080739 0.014956 
3529.580107 0.015804 
3528.079474 0.015770 
3526.578842 0.016784 
3525.078209 0.017488 
3523.577577 0.017933 
3522.076944 0.018878 
3520.576311 0.017144 
3519.075679 0.020213 
3517.575046 0.019612 
3516.074414 0.016849 
3514.573781 0.019862 
3513.073149 0.020694 
3511.572516 0.019293 
3510.071884 0.019571 
3508.571251 0.021349 
3507.070619 0.018289 
3505.569986 0.020580 
3504.069353 0.022272 
3502.568721 0.018714 
3501.068088 0.018526 
3499.567456 0.021308 
3498.066823 0.019989 
3496.566191 0.020874 
3495.065558 0.022777 
3493.564926 0.021595 
3492.064293 0.021319 
3490.563661 0.020797 
3489.063028 0.020909 
3487.562395 0.022418 
3486.061763 0.022415 
3484.561130 0.022095 
3483.060498 0.021090 
3481.559865 0.022289 
3480.059233 0.022426 
3478.558600 0.022226 
3477.057968 0.024025 
3475.557335 0.022537 
3474.056703 0.021976 
3472.556070 0.023075 
3471.055437 0.022890 
3469.554805 0.023781 
3468.054172 0.025379 
3466.553540 0.022905 
3465.052907 0.023992 
3463.552275 0.020423 
3462.051642 0.024592 
3460.551010 0.023820 
3459.050377 0.021622 
3457.549745 0.022610 
3456.049112 0.025101 
3454.548479 0.024658 
3453.047847 0.022864 
3451.547214 0.024974 
3450.046582 0.021736 
3448.545949 0.023997 
3447.045317 0.022466 
3445.544684 0.024304 
3444.044052 0.024529 
3442.543419 0.024601 
3441.042787 0.026188 
3439.542154 0.024069 
3438.041522 0.024796 
3436.540889 0.021844 
3435.040256 0.026192 
3433.539624 0.024794 
3432.038991 0.026340 
3430.538359 0.025584 
3429.037726 0.024260 
3427.537094 0.022885 
3426.036461 0.025701 
3424.535829 0.026309 
3423.035196 0.026431 
3421.534564 0.025850 
3420.033931 0.023872 
3418.533298 0.024288 
3417.032666 0.024735 
3415.532033 0.026502 
3414.031401 0.026719 
3412.530768 0.028377 
3411.030136 0.028032 
3409.529503 0.024002 
3408.028871 0.027204 
3406.528238 0.025154 
3405.027606 0.026704 
3403.526973 0.028149 
3402.026340 0.025662 
3400.525708 0.027488 
3399.025075 0.027676 
3397.524443 0.025067 
3396.023810 0.027828 
3394.523178 0.028152 
3393.022545 0.025978 
3391.521913 0.026413 
3390.021280 0.027656 
3388.520648 0.025875 
3387.020015 0.027185 
3385.519382 0.026228 
3384.018750 0.027684 
3382.518117 0.027504 
3381.017485 0.028535 
3379.516852 0.028598 
3378.016220 0.029676 
3376.515587 0.030325 
3375.014955 0.028225 
3373.514322 0.027075 
3372.013690 0.029853 
3370.513057 0.029153 
3369.012424 0.029671 
3367.511792 0.028100 
3366.011159 0.030591 
3364.510527 0.029201 
3363.009894 0.029147 
3361.509262 0.029644 
3360.008629 0.031280 
3358.507997 0.030997 
3357.007364 0.030543 
3355.506732 0.032304 
3354.006099 0.032653 
3352.505466 0.033793 
3351.004834 0.032042 
3349.504201 0.033511 
3348.003569 0.033764 
3346.502936 0.034925 
3345.002304 0.032199 
3343.501671 0.035515 
3342.001039 0.035097 
3340.500406 0.035508 
3338.999774 0.036935 
3337.499141 0.036487 
3335.998509 0.040330 
3334.497876 0.038424 
3332.997243 0.037760 
3331.496611 0.037808 
3329.995978 0.040733 
3328.495346 0.040661 
3326.994713 0.040226 
3325.494081 0.041311 
3323.993448 0.041488 
3322.492816 0.041956 
3320.992183 0.044338 
3319.491551 0.042307 
3317.990918 0.042893 
3316.490285 0.043848 
3314.989653 0.044112 
3313.489020 0.045576 
3311.988388 0.046325 
3310.487755 0.047210 
3308.987123 0.045384 
3307.486490 0.046864 
3305.985858 0.049231 
3304.485225 0.050639 
3302.984593 0.051063 
3301.483960 0.052430 
3299.983327 0.051120 
3298.482695 0.052255 
3296.982062 0.052350 
3295.481430 0.053360 
3293.980797 0.054056 
3292.480165 0.056026 
3290.979532 0.055784 
3289.478900 0.056577 
3287.978267 0.057734 
3286.477635 0.058305 
3284.977002 0.062245 
3283.476369 0.059797 
3281.975737 0.063081 
3280.475104 0.060407 
3278.974472 0.063787 
3277.473839 0.066934 
3275.973207 0.066025 
3274.472574 0.069938 
3272.971942 0.069339 
3271.471309 0.067911 
3269.970677 0.067412 
3268.470044 0.070772 
3266.969411 0.072705 
3265.468779 0.070739 
3263.968146 0.071985 
3262.467514 0.072529 
3260.966881 0.075072 
3259.466249 0.076820 
3257.965616 0.079463 
3256.464984 0.079907 
3254.964351 0.078882 
3253.463719 0.079649 
3251.963086 0.080580 
3250.462453 0.082293 
3248.961821 0.082826 
3247.461188 0.083294 
3245.960556 0.084699 
3244.459923 0.086694 
3242.959291 0.086244 
3241.458658 0.088172 
3239.958026 0.089831 
3238.457393 0.091501 
3236.956761 0.090584 
3235.456128 0.090308 
3233.955495 0.093389 
3232.454863 0.094282 
3230.954230 0.092614 
3229.453598 0.095915 
3227.952965 0.096192 
3226.452333 0.096455 
3224.951700 0.097441 
3223.451068 0.099283 
3221.950435 0.099131 
3220.449803 0.101419 
3218.949170 0.100474 
3217.448538 0.102117 
3215.947905 0.104649 
3214.447272 0.104822 
3212.946640 0.105733 
3211.446007 0.108442 
3209.945375 0.110807 
3208.444742 0.108576 
3206.944110 0.112432 
3205.443477 0.111877 
3203.942845 0.111978 
3202.442212 0.115233 
3200.941580 0.114866 
3199.440947 0.116308 
3197.940314 0.117335 
3196.439682 0.119532 
3194.939049 0.120350 
3193.438417 0.121140 
3191.937784 0.123074 
3190.437152 0.123972 
3188.936519 0.126678 
3187.435887 0.125787 
3185.935254 0.131222 
3184.434622 0.129811 
3182.933989 0.133766 
3181.433356 0.134679 
3179.932724 0.136132 
3178.432091 0.138317 
3176.931459 0.137941 
3175.430826 0.141372 
3173.930194 0.142062 
3172.429561 0.146267 
3170.928929 0.144324 
3169.428296 0.144661 
3167.927664 0.145354 
3166.427031 0.149500 
3164.926398 0.150053 
3163.425766 0.151990 
3161.925133 0.153112 
3160.424501 0.154393 
3158.923868 0.157029 
3157.423236 0.157819 
3155.922603 0.160591 
3154.421971 0.162138 
3152.921338 0.160109 
3151.420706 0.161270 
3149.920073 0.160646 
3148.419440 0.163399 
3146.918808 0.165141 
3145.418175 0.166180 
3143.917543 0.164719 
3142.416910 0.167243 
3140.916278 0.165124 
3139.415645 0.171119 
3137.915013 0.170581 
3136.414380 0.173559 
3134.913748 0.174678 
3133.413115 0.174364 
3131.912482 0.176662 
3130.411850 0.178028 
3128.911217 0.178004 
3127.410585 0.181710 
3125.909952 0.182439 
3124.409320 0.181951 
3122.908687 0.182445 
3121.408055 0.186739 
3119.907422 0.184139 
3118.406790 0.188014 
3116.906157 0.190135 
3115.405525 0.188911 
3113.904892 0.190928 
3112.404259 0.192510 
3110.903627 0.194739 
3109.402994 0.194908 
3107.902362 0.195505 
3106.401729 0.196217 
3104.901097 0.198201 
3103.400464 0.196453 
3101.899832 0.195557 
3100.399199 0.199459 
3098.898567 0.200688 
3097.397934 0.199521 
3095.897301 0.201307 
3094.396669 0.201801 
3092.896036 0.205055 
3091.395404 0.206181 
3089.894771 0.209633 
3088.394139 0.209373 
3086.893506 0.211700 
3085.392874 0.216669 
3083.892241 0.216817 
3082.391609 0.220880 
3080.890976 0.227605 
3079.390343 0.230591 
3077.889711 0.232784 
3076.389078 0.235750 
3074.888446 0.240084 
3073.387813 0.244548 
3071.887181 0.250478 
3070.386548 0.248883 
3068.885916 0.256438 
3067.385283 0.255609 
3065.884651 0.259857 
3064.384018 0.261204 
3062.883385 0.262458 
3061.382753 0.264174 
3059.882120 0.260522 
3058.381488 0.265068 
3056.880855 0.261989 
3055.380223 0.262945 
3053.879590 0.265369 
3052.378958 0.264850 
3050.878325 0.261988 
3049.377693 0.258631 
3047.877060 0.261461 
3046.376427 0.260250 
3044.875795 0.258736 
3043.375162 0.256114 
3041.874530 0.253906 
3040.373897 0.253470 
3038.873265 0.251096 
3037.372632 0.244957 
3035.872000 0.245071 
3034.371367 0.239701 
3032.870735 0.237853 
3031.370102 0.230698 
3029.869469 0.226189 
3028.368837 0.225020 
3026.868204 0.220432 
3025.367572 0.216390 
3023.866939 0.215659 
3022.366307 0.211916 
3020.865674 0.213095 
3019.365042 0.209312 
3017.864409 0.206543 
3016.363777 0.204397 
3014.863144 0.206765 
3013.362512 0.206777 
3011.861879 0.207712 
3010.361246 0.205904 
3008.860614 0.206831 
3007.359981 0.210832 
3005.859349 0.213104 
3004.358716 0.213468 
3002.858084 0.212583 
3001.357451 0.215688 
2999.856819 0.220886 
2998.356186 0.223176 
2996.855554 0.225346 
2995.354921 0.229533 
2993.854288 0.230147 
2992.353656 0.235255 
2990.853023 0.236293 
2989.352391 0.239716 
2987.851758 0.242920 
2986.351126 0.245532 
2984.850493 0.246704 
2983.349861 0.250041 
2981.849228 0.252648 
2980.348596 0.251466 
2978.847963 0.252604 
2977.347330 0.253753 
2975.846698 0.257597 
2974.346065 0.256430 
2972.845433 0.258466 
2971.344800 0.258177 
2969.844168 0.259599 
2968.343535 0.260354 
2966.842903 0.261607 
2965.342270 0.259890 
2963.841638 0.262507 
2962.341005 0.265222 
2960.840372 0.263845 
2959.339740 0.267087 
2957.839107 0.266319 
2956.338475 0.268742 
2954.837842 0.269072 
2953.337210 0.268697 
2951.836577 0.267013 
2950.335945 0.263508 
2948.835312 0.263997 
2947.334680 0.262718 
2945.834047 0.258077 
2944.333414 0.259392 
2942.832782 0.256112 
2941.332149 0.255956 
2939.831517 0.252310 
2938.330884 0.248927 
2936.830252 0.245345 
2935.329619 0.244488 
2933.828987 0.242214 
2932.328354 0.238855 
2930.827722 0.240031 
2929.327089 0.233645 
2927.826456 0.237133 
2926.325824 0.233681 
2924.825191 0.233919 
2923.324559 0.228507 
2921.823926 0.227289 
2920.323294 0.226674 
2918.822661 0.227162 
2917.322029 0.223539 
2915.821396 0.222247 
2914.320764 0.224384 
2912.820131 0.218097 
2911.319498 0.217268 
2909.818866 0.215892 
2908.318233 0.213513 
2906.817601 0.210563 
2905.316968 0.213300 
2903.816336 0.209952 
2902.315703 0.206135 
2900.815071 0.203883 
2899.314438 0.201153 
2897.813806 0.199110 
2896.313173 0.195160 
2894.812541 0.190977 
2893.311908 0.188923 
2891.811275 0.183983 
2890.310643 0.180507 
2888.810010 0.179611 
2887.309378 0.172109 
2885.808745 0.170823 
2884.308113 0.166012 
2882.807480 0.161160 
2881.306848 0.160055 
2879.806215 0.156935 
2878.305583 0.154737 
2876.804950 0.147983 
2875.304317 0.146918 
2873.803685 0.146531 
2872.303052 0.141982 
2870.802420 0.140395 
2869.301787 0.139350 
2867.801155 0.137699 
2866.300522 0.134432 
2864.799890 0.132555 
2863.299257 0.133121 
2861.798625 0.131690 
2860.297992 0.128909 
2858.797359 0.128164 
2857.296727 0.128240 
2855.796094 0.126056 
2854.295462 0.128163 
2852.794829 0.125050 
2851.294197 0.122550 
2849.793564 0.122842 
2848.292932 0.121038 
2846.792299 0.118670 
2845.291667 0.119322 
2843.791034 0.118253 
2842.290401 0.117816 
2840.789769 0.115696 
2839.289136 0.116515 
2837.788504 0.115496 
2836.287871 0.117238 
2834.787239 0.119536 
2833.286606 0.118492 
2831.785974 0.121355 
2830.285341 0.121003 
2828.784709 0.121898 
2827.284076 0.123954 
2825.783443 0.125385 
2824.282811 0.123187 
2822.782178 0.123721 
2821.281546 0.125081 
2819.780913 0.126039 
2818.280281 0.127781 
2816.779648 0.123183 
2815.279016 0.124320 
2813.778383 0.124608 
2812.277751 0.124248 
2810.777118 0.125205 
2809.276485 0.126817 
2807.775853 0.125649 
2806.275220 0.128373 
2804.774588 0.127766 
2803.273955 0.130342 
2801.773323 0.132345 
2800.272690 0.135596 
2798.772058 0.138263 
2797.271425 0.138597 
2795.770793 0.140814 
2794.270160 0.143381 
2792.769528 0.146534 
2791.268895 0.148820 
2789.768262 0.150099 
2788.267630 0.154143 
2786.766997 0.155086 
2785.266365 0.154632 
2783.765732 0.159169 
2782.265100 0.159316 
2780.764467 0.161479 
2779.263835 0.162624 
2777.763202 0.164462 
2776.262570 0.166737 
2774.761937 0.168628 
2773.261304 0.169951 
2771.760672 0.169302 
2770.260039 0.170065 
2768.759407 0.168052 
2767.258774 0.168183 
2765.758142 0.169148 
2764.257509 0.165896 
2762.756877 0.166275 
2761.256244 0.165388 
2759.755612 0.163833 
2758.254979 0.163865 
2756.754346 0.161789 
2755.253714 0.159436 
2753.753081 0.157921 
2752.252449 0.157440 
2750.751816 0.155708 
2749.251184 0.154538 
2747.750551 0.154942 
2746.249919 0.152468 
2744.749286 0.151860 
2743.248654 0.151455 
2741.748021 0.149242 
2740.247388 0.146889 
2738.746756 0.145014 
2737.246123 0.141467 
2735.745491 0.139752 
2734.244858 0.136418 
2732.744226 0.133163 
2731.243593 0.130666 
2729.742961 0.127589 
2728.242328 0.123249 
2726.741696 0.121216 
2725.241063 0.118519 
2723.740430 0.115518 
2722.239798 0.111503 
2720.739165 0.108712 
2719.238533 0.107313 
2717.737900 0.102868 
2716.237268 0.099300 
2714.736635 0.096580 
2713.236003 0.093436 
2711.735370 0.091362 
2710.234738 0.085815 
2708.734105 0.085307 
2707.233472 0.082414 
2705.732840 0.080315 
2704.232207 0.077291 
2702.731575 0.074995 
2701.230942 0.073553 
2699.730310 0.070302 
2698.229677 0.067919 
2696.729045 0.064428 
2695.228412 0.064770 
2693.727780 0.061711 
2692.227147 0.061365 
2690.726515 0.057136 
2689.225882 0.057630 
2687.725249 0.055526 
2686.224617 0.053803 
2684.723984 0.052305 
2683.223352 0.051781 
2681.722719 0.051727 
2680.222087 0.050247 
2678.721454 0.049177 
2677.220822 0.049744 
2675.720189 0.047778 
2674.219557 0.046867 
2672.718924 0.048670 
2671.218291 0.046894 
2669.717659 0.046651 
2668.217026 0.047004 
2666.716394 0.046914 
2665.215761 0.047375 
2663.715129 0.047971 
2662.214496 0.047835 
2660.713864 0.049479 
2659.213231 0.048330 
2657.712599 0.050208 
2656.211966 0.050228 
2654.711333 0.050945 
2653.210701 0.051858 
2651.710068 0.052538 
2650.209436 0.056154 
2648.708803 0.057126 
2647.208171 0.057284 
2645.707538 0.059158 
2644.206906 0.060297 
2642.706273 0.063452 
2641.205641 0.064698 
2639.705008 0.066314 
2638.204375 0.067336 
2636.703743 0.072233 
2635.203110 0.071692 
2633.702478 0.073534 
2632.201845 0.075993 
2630.701213 0.078087 
2629.200580 0.079770 
2627.699948 0.081036 
2626.199315 0.082166 
2624.698683 0.084277 
2623.198050 0.084308 
2621.697417 0.084845 
2620.196785 0.086455 
2618.696152 0.087102 
2617.195520 0.085304 
2615.694887 0.086044 
2614.194255 0.086572 
2612.693622 0.086899 
2611.192990 0.086488 
2609.692357 0.087113 
2608.191725 0.086853 
2606.691092 0.089824 
2605.190459 0.089902 
2603.689827 0.091048 
2602.189194 0.092267 
2600.688562 0.093967 
2599.187929 0.095556 
2597.687297 0.096362 
2596.186664 0.097033 
2594.686032 0.100521 
2593.185399 0.103183 
2591.684767 0.106067 
2590.184134 0.106399 
2588.683502 0.110047 
2587.182869 0.109163 
2585.682236 0.111739 
2584.181604 0.113178 
2582.680971 0.113626 
2581.180339 0.113390 
2579.679706 0.112848 
2578.179074 0.113633 
2576.678441 0.112587 
2575.177809 0.109858 
2573.677176 0.108646 
2572.176544 0.104994 
2570.675911 0.102615 
2569.175278 0.100983 
2567.674646 0.097869 
2566.174013 0.096077 
2564.673381 0.092021 
2563.172748 0.088159 
2561.672116 0.087329 
2560.171483 0.084167 
2558.670851 0.081602 
2557.170218 0.079890 
2555.669586 0.075637 
2554.168953 0.074006 
2552.668320 0.071239 
2551.167688 0.070390 
2549.667055 0.067643 
2548.166423 0.066491 
2546.665790 0.062986 
2545.165158 0.061028 
2543.664525 0.059753 
2542.163893 0.055707 
2540.663260 0.055301 
2539.162628 0.053447 
2537.661995 0.051478 
2536.161362 0.049232 
2534.660730 0.047170 
2533.160097 0.046939 
2531.659465 0.045243 
2530.158832 0.043880 
2528.658200 0.041675 
2527.157567 0.041138 
2525.656935 0.039330 
2524.156302 0.036930 
2522.655670 0.037972 
2521.155037 0.036173 
2519.654404 0.034682 
2518.153772 0.033426 
2516.653139 0.031414 
2515.152507 0.035310 
2513.651874 0.030467 
2512.151242 0.029007 
2510.650609 0.029451 
2509.149977 0.028717 
2507.649344 0.027588 
2506.148712 0.026624 
2504.648079 0.025509 
2503.147446 0.027406 
2501.646814 0.026373 
2500.146181 0.024844 
2498.645549 0.025239 
2497.144916 0.024104 
2495.644284 0.024980 
2494.143651 0.023986 
2492.643019 0.023840 
2491.142386 0.022775 
2489.641754 0.023515 
2488.141121 0.023552 
2486.640488 0.021963 
2485.139856 0.021009 
2483.639223 0.021722 
2482.138591 0.020367 
2480.637958 0.020073 
2479.137326 0.019868 
2477.636693 0.018893 
2476.136061 0.019267 
2474.635428 0.019947 
2473.134796 0.017651 
2471.634163 0.017434 
2470.133531 0.018147 
2468.632898 0.019005 
2467.132265 0.017671 
2465.631633 0.017208 
2464.131000 0.016497 
2462.630368 0.015312 
2461.129735 0.016505 
2459.629103 0.014238 
2458.128470 0.015477 
2456.627838 0.015434 
2455.127205 0.014821 
2453.626573 0.014327 
2452.125940 0.014514 
2450.625307 0.014645 
2449.124675 0.014993 
2447.624042 0.013180 
2446.123410 0.013278 
2444.622777 0.011823 
2443.122145 0.012876 
2441.621512 0.012518 
2440.120880 0.013100 
2438.620247 0.011555 
2437.119615 0.011221 
2435.618982 0.011570 
2434.118349 0.009534 
2432.617717 0.010297 
2431.117084 0.010944 
2429.616452 0.010025 
2428.115819 0.009683 
2426.615187 0.009973 
2425.114554 0.009328 
2423.613922 0.008037 
2422.113289 0.007758 
2420.612657 0.008656 
2419.112024 0.007542 
2417.611391 0.006969 
2416.110759 0.006557 
2414.610126 0.005835 
2413.109494 0.005788 
2411.608861 0.003807 
2410.108229 0.004238 
2408.607596 0.003706 
2407.106964 0.003066 
2405.606331 0.002960 
2404.105699 0.002533 
2402.605066 0.001513 
2401.104433 0.000586 
2399.603801 0.002277 
2398.103168 0.000094 
2396.602536 -0.001191 
2395.101903 -0.000549 
2393.601271 -0.001475 
2392.100638 -0.001940 
2390.600006 -0.002225 
2389.099373 -0.002527 
2387.598741 -0.003171 
2386.098108 -0.004268 
2384.597475 -0.003121 
2383.096843 -0.004906 
2381.596210 -0.004631 
2380.095578 -0.005400 
2378.594945 -0.005049 
2377.094313 -0.007617 
2375.593680 -0.005130 
2374.093048 -0.009473 
2372.592415 -0.008936 
2371.091783 -0.008617 
2369.591150 -0.011649 
2368.090518 -0.011733 
2366.589885 -0.008671 
2365.089252 -0.008677 
2363.588620 -0.009332 
2362.087987 -0.009553 
2360.587355 -0.014327 
2359.086722 -0.013512 
2357.586090 -0.012310 
2356.085457 -0.006533 
2354.584825 -0.001528 
2353.084192 0.012574 
2351.583560 0.034305 
2350.082927 0.063948 
2348.582294 0.105555 
2347.081662 0.154105 
2345.581029 0.202741 
2344.080397 0.232053 
2342.579764 0.233406 
2341.079132 0.192500 
2339.578499 0.124224 
2338.077867 0.065708 
2336.577234 0.031629 
2335.076602 0.011002 
2333.575969 -0.000482 
2332.075336 -0.006343 
2330.574704 -0.009849 
2329.074071 -0.013448 
2327.573439 -0.010305 
2326.072806 -0.009203 
2324.572174 -0.010704 
2323.071541 -0.012196 
2321.570909 -0.014844 
2320.070276 -0.012020 
2318.569644 -0.011034 
2317.069011 -0.013476 
2315.568378 -0.015277 
2314.067746 -0.012911 
2312.567113 -0.013001 
2311.066481 -0.014288 
2309.565848 -0.014302 
2308.065216 -0.015116 
2306.564583 -0.013120 
2305.063951 -0.014650 
2303.563318 -0.014283 
2302.062686 -0.015156 
2300.562053 -0.015402 
2299.061420 -0.014642 
2297.560788 -0.016168 
2296.060155 -0.016493 
2294.559523 -0.015565 
2293.058890 -0.015522 
2291.558258 -0.015384 
2290.057625 -0.016925 
2288.556993 -0.016324 
2287.056360 -0.015995 
2285.555728 -0.016030 
2284.055095 -0.016017 
2282.554462 -0.016758 
2281.053830 -0.014390 
2279.553197 -0.013557 
2278.052565 -0.013611 
2276.551932 -0.013884 
2275.051300 -0.015331 
2273.550667 -0.017281 
2272.050035 -0.017848 
2270.549402 -0.018632 
2269.048770 -0.016876 
2267.548137 -0.018078 
2266.047505 -0.017157 
2264.546872 -0.019054 
2263.046239 -0.018686 
2261.545607 -0.018645 
2260.044974 -0.017952 
2258.544342 -0.018072 
2257.043709 -0.019026 
2255.543077 -0.018493 
2254.042444 -0.018825 
2252.541812 -0.018967 
2251.041179 -0.019734 
2249.540547 -0.018285 
2248.039914 -0.018387 
2246.539281 -0.018705 
2245.038649 -0.019337 
2243.538016 -0.018436 
2242.037384 -0.019134 
2240.536751 -0.018772 
2239.036119 -0.019583 
2237.535486 -0.019593 
2236.034854 -0.020006 
2234.534221 -0.019885 
2233.033589 -0.018159 
2231.532956 -0.018830 
2230.032323 -0.020098 
2228.531691 -0.019045 
2227.031058 -0.019893 
2225.530426 -0.019168 
2224.029793 -0.019893 
2222.529161 -0.019556 
2221.028528 -0.020028 
2219.527896 -0.019959 
2218.027263 -0.019333 
2216.526631 -0.018971 
2215.025998 -0.020117 
2213.525365 -0.020734 
2212.024733 -0.020139 
2210.524100 -0.020095 
2209.023468 -0.018973 
2207.522835 -0.019798 
2206.022203 -0.019988 
2204.521570 -0.020297 
2203.020938 -0.020637 
2201.520305 -0.019246 
2200.019673 -0.019370 
2198.519040 -0.019518 
2197.018407 -0.019855 
2195.517775 -0.020697 
2194.017142 -0.020281 
2192.516510 -0.019930 
2191.015877 -0.019571 
2189.515245 -0.020361 
2188.014612 -0.019676 
2186.513980 -0.020232 
2185.013347 -0.018736 
2183.512715 -0.020101 
2182.012082 -0.019193 
2180.511449 -0.019580 
2179.010817 -0.019505 
2177.510184 -0.019551 
2176.009552 -0.019567 
2174.508919 -0.018982 
2173.008287 -0.018586 
2171.507654 -0.019612 
2170.007022 -0.018869 
2168.506389 -0.017351 
2167.005757 -0.019201 
2165.505124 -0.017546 
2164.004491 -0.017691 
2162.503859 -0.017643 
2161.003226 -0.016533 
2159.502594 -0.017343 
2158.001961 -0.017114 
2156.501329 -0.017138 
2155.000696 -0.016796 
2153.500064 -0.016119 
2151.999431 -0.016869 
2150.498799 -0.016342 
2148.998166 -0.016536 
2147.497534 -0.015590 
2145.996901 -0.016997 
2144.496268 -0.016417 
2142.995636 -0.017317 
2141.495003 -0.016193 
2139.994371 -0.015488 
2138.493738 -0.015834 
2136.993106 -0.016383 
2135.492473 -0.015794 
2133.991841 -0.015734 
2132.491208 -0.017038 
2130.990576 -0.015861 
2129.489943 -0.015831 
2127.989310 -0.016723 
2126.488678 -0.016151 
2124.988045 -0.016344 
2123.487413 -0.015968 
2121.986780 -0.015762 
2120.486148 -0.016996 
2118.985515 -0.016211 
2117.484883 -0.016250 
2115.984250 -0.016962 
2114.483618 -0.017551 
2112.982985 -0.014761 
2111.482352 -0.016224 
2109.981720 -0.015909 
2108.481087 -0.014825 
2106.980455 -0.015229 
2105.479822 -0.014899 
2103.979190 -0.016187 
2102.478557 -0.014423 
2100.977925 -0.013808 
2099.477292 -0.014060 
2097.976660 -0.015968 
2096.476027 -0.015214 
2094.975394 -0.014500 
2093.474762 -0.014491 
2091.974129 -0.014703 
2090.473497 -0.014715 
2088.972864 -0.015588 
2087.472232 -0.014423 
2085.971599 -0.015211 
2084.470967 -0.014699 
2082.970334 -0.015299 
2081.469702 -0.015521 
2079.969069 -0.015204 
2078.468436 -0.015215 
2076.967804 -0.015705 
2075.467171 -0.015200 
2073.966539 -0.015276 
2072.465906 -0.015009 
2070.965274 -0.015006 
2069.464641 -0.015575 
2067.964009 -0.014482 
2066.463376 -0.013992 
2064.962744 -0.014284 
2063.462111 -0.015312 
2061.961478 -0.014312 
2060.460846 -0.014283 
2058.960213 -0.014744 
2057.459581 -0.014803 
2055.958948 -0.015703 
2054.458316 -0.015225 
2052.957683 -0.013091 
2051.457051 -0.012569 
2049.956418 -0.014598 
2048.455786 -0.014353 
2046.955153 -0.013679 
2045.454521 -0.014605 
2043.953888 -0.014201 
2042.453255 -0.014890 
2040.952623 -0.014072 
2039.451990 -0.013161 
2037.951358 -0.014585 
2036.450725 -0.013940 
2034.950093 -0.013423 
2033.449460 -0.016014 
2031.948828 -0.014761 
2030.448195 -0.014833 
2028.947563 -0.015089 
2027.446930 -0.014772 
2025.946297 -0.014562 
2024.445665 -0.014556 
2022.945032 -0.014696 
2021.444400 -0.015765 
2019.943767 -0.016231 
2018.443135 -0.014884 
2016.942502 -0.016292 
2015.441870 -0.014738 
2013.941237 -0.016411 
2012.440605 -0.016421 
2010.939972 -0.015343 
2009.439339 -0.017075 
2007.938707 -0.016617 
2006.438074 -0.015186 
2004.937442 -0.016216 
2003.436809 -0.015645 
2001.936177 -0.015943 
2000.435544 -0.017217 
1998.934912 -0.015246 
1997.434279 -0.016027 
1995.933647 -0.016051 
1994.433014 -0.016843 
1992.932381 -0.016190 
1991.431749 -0.015866 
1989.931116 -0.016580 
1988.430484 -0.016071 
1986.929851 -0.016605 
1985.429219 -0.016079 
1983.928586 -0.016247 
1982.427954 -0.014898 
1980.927321 -0.016174 
1979.426689 -0.016369 
1977.926056 -0.016107 
1976.425423 -0.016573 
1974.924791 -0.015616 
1973.424158 -0.015590 
1971.923526 -0.015268 
1970.422893 -0.016110 
1968.922261 -0.016848 
1967.421628 -0.015251 
1965.920996 -0.014668 
1964.420363 -0.015114 
1962.919731 -0.015927 
1961.419098 -0.015460 
1959.918465 -0.015997 
1958.417833 -0.016290 
1956.917200 -0.015960 
1955.416568 -0.015828 
1953.915935 -0.016099 
1952.415303 -0.015425 
1950.914670 -0.014364 
1949.414038 -0.014903 
1947.913405 -0.014808 
1946.412773 -0.015094 
1944.912140 -0.014929 
1943.411508 -0.014256 
1941.910875 -0.015440 
1940.410242 -0.014878 
1938.909610 -0.014145 
1937.408977 -0.013597 
1935.908345 -0.013237 
1934.407712 -0.013224 
1932.907080 -0.012504 
1931.406447 -0.011931 
1929.905815 -0.012849 
1928.405182 -0.011945 
1926.904550 -0.011675 
1925.403917 -0.010887 
1923.903284 -0.010492 
1922.402652 -0.010985 
1920.902019 -0.010515 
1919.401387 -0.009562 
1917.900754 -0.009971 
1916.400122 -0.010087 
1914.899489 -0.008462 
1913.398857 -0.009825 
1911.898224 -0.008797 
1910.397592 -0.009630 
1908.896959 -0.007532 
1907.396326 -0.008469 
1905.895694 -0.007821 
1904.395061 -0.007738 
1902.894429 -0.007557 
1901.393796 -0.006798 
1899.893164 -0.007977 
1898.392531 -0.008675 
1896.891899 -0.007395 
1895.391266 -0.006707 
1893.890634 -0.007877 
1892.390001 -0.007454 
1890.889368 -0.007064 
1889.388736 -0.009016 
1887.888103 -0.007351 
1886.387471 -0.007440 
1884.886838 -0.008156 
1883.386206 -0.008498 
1881.885573 -0.007784 
1880.384941 -0.009087 
1878.884308 -0.007778 
1877.383676 -0.008353 
1875.883043 -0.008311 
1874.382410 -0.008751 
1872.881778 -0.008936 
1871.381145 -0.009830 
1869.880513 -0.009024 
1868.379880 -0.008403 
1866.879248 -0.008967 
1865.378615 -0.009235 
1863.877983 -0.009878 
1862.377350 -0.008624 
1860.876718 -0.008770 
1859.376085 -0.010758 
1857.875452 -0.009370 
1856.374820 -0.009589 
1854.874187 -0.010084 
1853.373555 -0.009776 
1851.872922 -0.008971 
1850.372290 -0.008574 
1848.871657 -0.008325 
1847.371025 -0.008817 
1845.870392 -0.009058 
1844.369760 -0.008619 
1842.869127 -0.008765 
1841.368494 -0.009043 
1839.867862 -0.007602 
1838.367229 -0.008422 
1836.866597 -0.008443 
1835.365964 -0.007168 
1833.865332 -0.007009 
1832.364699 -0.008432 
1830.864067 -0.005723 
1829.363434 -0.006425 
1827.862802 -0.007106 
1826.362169 -0.006522 
1824.861537 -0.006715 
1823.360904 -0.005371 
1821.860271 -0.006258 
1820.359639 -0.005363 
1818.859006 -0.004669 
1817.358374 -0.004592 
1815.857741 -0.003897 
1814.357109 -0.003541 
1812.856476 -0.003231 
1811.355844 -0.002761 
1809.855211 -0.002508 
1808.354579 -0.002913 
1806.853946 -0.001867 
1805.353313 -0.001336 
1803.852681 -0.001158 
1802.352048 0.000441 
1800.851416 -0.000891 
1799.350783 0.000033 
1797.850151 0.000585 
1796.349518 0.000823 
1794.848886 0.001064 
1793.348253 0.001901 
1791.847621 0.001424 
1790.346988 0.003133 
1788.846355 0.003807 
1787.345723 0.004384 
1785.845090 0.005175 
1784.344458 0.004448 
1782.843825 0.005391 
1781.343193 0.006978 
1779.842560 0.007437 
1778.341928 0.008354 
1776.841295 0.010008 
1775.340663 0.010073 
1773.840030 0.011613 
1772.339397 0.012430 
1770.838765 0.013804 
1769.338132 0.016403 
1767.837500 0.018452 
1766.336867 0.020166 
1764.836235 0.022679 
1763.335602 0.024479 
1761.834970 0.029138 
1760.334337 0.033116 
1758.833705 0.040076 
1757.333072 0.046699 
1755.832439 0.055999 
1754.331807 0.068003 
1752.831174 0.081646 
1751.330542 0.103295 
1749.829909 0.131916 
1748.329277 0.165334 
1746.828644 0.202282 
1745.328012 0.237323 
1743.827379 0.272683 
1742.326747 0.303837 
1740.826114 0.335414 
1739.325481 0.368130 
1737.824849 0.394365 
1736.324216 0.419200 
1734.823584 0.445505 
1733.322951 0.471846 
1731.822319 0.494274 
1730.321686 0.518220 
1728.821054 0.539443 
1727.320421 0.559429 
1725.819789 0.583175 
1724.319156 0.604410 
1722.818524 0.627981 
1721.317891 0.647374 
1719.817258 0.667630 
1718.316626 0.682969 
1716.815993 0.697069 
1715.315361 0.718298 
1713.814728 0.735430 
1712.314096 0.744058 
1710.813463 0.758523 
1709.312831 0.764855 
1707.812198 0.769121 
1706.311566 0.764582 
1704.810933 0.760123 
1703.310300 0.752055 
1701.809668 0.731716 
1700.309035 0.714731 
1698.808403 0.689753 
1697.307770 0.656354 
1695.807138 0.617506 
1694.306505 0.578518 
1692.805873 0.535078 
1691.305240 0.492064 
1689.804608 0.452174 
1688.303975 0.412911 
1686.803342 0.379639 
1685.302710 0.348170 
1683.802077 0.320233 
1682.301445 0.296384 
1680.800812 0.277165 
1679.300180 0.260212 
1677.799547 0.248035 
1676.298915 0.234367 
1674.798282 0.227258 
1673.297650 0.217316 
1671.797017 0.210304 
1670.296384 0.202705 
1668.795752 0.195768 
1667.295119 0.190339 
1665.794487 0.185602 
1664.293854 0.180450 
1662.793222 0.175672 
1661.292589 0.171981 
1659.791957 0.167684 
1658.291324 0.164611 
1656.790692 0.161065 
1655.290059 0.157015 
1653.789426 0.154619 
1652.288794 0.150840 
1650.788161 0.149181 
1649.287529 0.144692 
1647.786896 0.142752 
1646.286264 0.138738 
1644.785631 0.134828 
1643.284999 0.132217 
1641.784366 0.127707 
1640.283734 0.124371 
1638.783101 0.120844 
1637.282468 0.117766 
1635.781836 0.114298 
1634.281203 0.110746 
1632.780571 0.108281 
1631.279938 0.105543 
1629.779306 0.102401 
1628.278673 0.099944 
1626.778041 0.098751 
1625.277408 0.095801 
1623.776776 0.094526 
1622.276143 0.091526 
1620.775511 0.086966 
1619.274878 0.086607 
1617.774245 0.082996 
1616.273613 0.080295 
1614.772980 0.076884 
1613.272348 0.073356 
1611.771715 0.070341 
1610.271083 0.068192 
1608.770450 0.064841 
1607.269818 0.062555 
1605.769185 0.060230 
1604.268553 0.056441 
1602.767920 0.053562 
1601.267287 0.051191 
1599.766655 0.047270 
1598.266022 0.044235 
1596.765390 0.039186 
1595.264757 0.036252 
1593.764125 0.031127 
1592.263492 0.028271 
1590.762860 0.023899 
1589.262227 0.021346 
1587.761595 0.018583 
1586.260962 0.015151 
1584.760329 0.012566 
1583.259697 0.009838 
1581.759064 0.007473 
1580.258432 0.006012 
1578.757799 0.003189 
1577.257167 0.001683 
1575.756534 -0.000510 
1574.255902 -0.002316 
1572.755269 -0.002559 
1571.254637 -0.004559 
1569.754004 -0.006141 
1568.253371 -0.007425 
1566.752739 -0.008185 
1565.252106 -0.008627 
1563.751474 -0.009723 
1562.250841 -0.010400 
1560.750209 -0.010608 
1559.249576 -0.011994 
1557.748944 -0.012912 
1556.248311 -0.013824 
1554.747679 -0.013896 
1553.247046 -0.013885 
1551.746413 -0.014798 
1550.245781 -0.014860 
1548.745148 -0.015386 
1547.244516 -0.016238 
1545.743883 -0.017960 
1544.243251 -0.017306 
1542.742618 -0.017040 
1541.241986 -0.017844 
1539.741353 -0.018825 
1538.240721 -0.018576 
1536.740088 -0.018947 
1535.239455 -0.018078 
1533.738823 -0.019104 
1532.238190 -0.019923 
1530.737558 -0.019983 
1529.236925 -0.019701 
1527.736293 -0.017949 
1526.235660 -0.016065 
1524.735028 -0.013962 
1523.234395 -0.009508 
1521.733763 -0.009807 
1520.233130 -0.009197 
1518.732497 -0.011432 
1517.231865 -0.014920 
1515.731232 -0.017323 
1514.230600 -0.018913 
1512.729967 -0.020780 
1511.229335 -0.020499 
1509.728702 -0.020975 
1508.228070 -0.021445 
1506.727437 -0.022021 
1505.226805 -0.022009 
1503.726172 -0.021785 
1502.225540 -0.023407 
1500.724907 -0.021955 
1499.224274 -0.022126 
1497.723642 -0.022138 
1496.223009 -0.022859 
1494.722377 -0.022106 
1493.221744 -0.022992 
1491.721112 -0.022777 
1490.220479 -0.022058 
1488.719847 -0.022819 
1487.219214 -0.022738 
1485.718582 -0.022507 
1484.217949 -0.023541 
1482.717316 -0.023080 
1481.216684 -0.022192 
1479.716051 -0.022834 
1478.215419 -0.023329 
1476.714786 -0.021480 
1475.214154 -0.023228 
1473.713521 -0.022758 
1472.212889 -0.022440 
1470.712256 -0.023122 
1469.211624 -0.023398 
1467.710991 -0.022449 
1466.210358 -0.023308 
1464.709726 -0.023145 
1463.209093 -0.022546 
1461.708461 -0.022669 
1460.207828 -0.021582 
1458.707196 -0.022514 
1457.206563 -0.022190 
1455.705931 -0.021659 
1454.205298 -0.021230 
1452.704666 -0.021216 
1451.204033 -0.020431 
1449.703400 -0.021639 
1448.202768 -0.019058 
1446.702135 -0.020368 
1445.201503 -0.019110 
1443.700870 -0.018567 
1442.200238 -0.017768 
1440.699605 -0.017094 
1439.198973 -0.016675 
1437.698340 -0.015853 
1436.197708 -0.014967 
1434.697075 -0.014875 
1433.196442 -0.014466 
1431.695810 -0.012717 
1430.195177 -0.012870 
1428.694545 -0.011772 
1427.193912 -0.009513 
1425.693280 -0.010044 
1424.192647 -0.008284 
1422.692015 -0.005019 
1421.191382 -0.001641 
1419.690750 0.001308 
1418.190117 0.004541 
1416.689484 0.008252 
1415.188852 0.014189 
1413.688219 0.017106 
1412.187587 0.021814 
1410.686954 0.025441 
1409.186322 0.027741 
1407.685689 0.030712 
1406.185057 0.029659 
1404.684424 0.030010 
1403.183792 0.032198 
1401.683159 0.030497 
1400.182527 0.028883 
1398.681894 0.029098 
1397.181261 0.027936 
1395.680629 0.028273 
1394.179996 0.029506 
1392.679364 0.029882 
1391.178731 0.030701 
1389.678099 0.030488 
1388.177466 0.030281 
1386.676834 0.030897 
1385.176201 0.031286 
1383.675569 0.031561 
1382.174936 0.032558 
1380.674303 0.037207 
1379.173671 0.038764 
1377.673038 0.044946 
1376.172406 0.050388 
1374.671773 0.056346 
1373.171141 0.060857 
1371.670508 0.061218 
1370.169876 0.058493 
1368.669243 0.052677 
1367.168611 0.045069 
1365.667978 0.038342 
1364.167345 0.031823 
1362.666713 0.024850 
1361.166080 0.018460 
1359.665448 0.012754 
1358.164815 0.010739 
1356.664183 0.005172 
1355.163550 0.002973 
1353.662918 0.000354 
1352.162285 -0.001653 
1350.661653 -0.003710 
1349.161020 -0.004501 
1347.660387 -0.006660 
1346.159755 -0.008425 
1344.659122 -0.010221 
1343.158490 -0.010926 
1341.657857 -0.010602 
1340.157225 -0.011721 
1338.656592 -0.012894 
1337.155960 -0.013488 
1335.655327 -0.013182 
1334.154695 -0.012923 
1332.654062 -0.014290 
1331.153429 -0.014392 
1329.652797 -0.014954 
1328.152164 -0.015742 
1326.651532 -0.015328 
1325.150899 -0.015589 
1323.650267 -0.014521 
1322.149634 -0.016027 
1320.649002 -0.016647 
1319.148369 -0.015883 
1317.647737 -0.015933 
1316.147104 -0.015081 
1314.646471 -0.015871 
1313.145839 -0.015688 
1311.645206 -0.015873 
1310.144574 -0.015638 
1308.643941 -0.015351 
1307.143309 -0.015688 
1305.642676 -0.013784 
1304.142044 -0.013745 
1302.641411 -0.014435 
1301.140779 -0.013624 
1299.640146 -0.011724 
1298.139514 -0.011924 
1296.638881 -0.011200 
1295.138248 -0.010838 
1293.637616 -0.009559 
1292.136983 -0.009074 
1290.636351 -0.008337 
1289.135718 -0.008197 
1287.635086 -0.007950 
1286.134453 -0.005885 
1284.633821 -0.005197 
1283.133188 -0.003687 
1281.632556 -0.002738 
1280.131923 -0.001979 
1278.631290 -0.000675 
1277.130658 0.001583 
1275.630025 0.004178 
1274.129393 0.007235 
1272.628760 0.009588 
1271.128128 0.014786 
1269.627495 0.020601 
1268.126863 0.024723 
1266.626230 0.031072 
1265.125598 0.040462 
1263.624965 0.047553 
1262.124332 0.055845 
1260.623700 0.064442 
1259.123067 0.075721 
1257.622435 0.083270 
1256.121802 0.092607 
1254.621170 0.101078 
1253.120537 0.106563 
1251.619905 0.114090 
1250.119272 0.121208 
1248.618640 0.129628 
1247.118007 0.136312 
1245.617374 0.143697 
1244.116742 0.153255 
1242.616109 0.164587 
1241.115477 0.173789 
1239.614844 0.184050 
1238.114212 0.196661 
1236.613579 0.207317 
1235.112947 0.221274 
1233.612314 0.231103 
1232.111682 0.242763 
1230.611049 0.253867 
1229.110416 0.261257 
1227.609784 0.270647 
1226.109151 0.278833 
1224.608519 0.284862 
1223.107886 0.292530 
1221.607254 0.298540 
1220.106621 0.305585 
1218.605989 0.311865 
1217.105356 0.315496 
1215.604724 0.321040 
1214.104091 0.322591 
1212.603458 0.324909 
1211.102826 0.324268 
1209.602193 0.324608 
1208.101561 0.319264 
1206.600928 0.312407 
1205.100296 0.304379 
1203.599663 0.292616 
1202.099031 0.276829 
1200.598398 0.260880 
1199.097766 0.246241 
1197.597133 0.228339 
1196.096501 0.212943 
1194.595868 0.198084 
1193.095235 0.185297 
1191.594603 0.173185 
1190.093970 0.165235 
1188.593338 0.156629 
1187.092705 0.149078 
1185.592073 0.143962 
1184.091440 0.138379 
1182.590808 0.136338 
1181.090175 0.132368 
1179.589543 0.130219 
1178.088910 0.127815 
1176.588277 0.123392 
1175.087645 0.119842 
1173.587012 0.115189 
1172.086380 0.112504 
1170.585747 0.107492 
1169.085115 0.102085 
1167.584482 0.096143 
1166.083850 0.091284 
1164.583217 0.085019 
1163.082585 0.078397 
1161.581952 0.071484 
1160.081319 0.064738 
1158.580687 0.059077 
1157.080054 0.053436 
1155.579422 0.046336 
1154.078789 0.040344 
1152.578157 0.036298 
1151.077524 0.031298 
1149.576892 0.025679 
1148.076259 0.020993 
1146.575627 0.017367 
1145.074994 0.015375 
1143.574361 0.011945 
1142.073729 0.009953 
1140.573096 0.007945 
1139.072464 0.004344 
1137.571831 0.004604 
1136.071199 0.000800 
1134.570566 0.000853 
1133.069934 -0.001430 
1131.569301 -0.001324 
1130.068669 -0.001784 
1128.568036 -0.003245 
1127.067403 -0.004202 
1125.566771 -0.003255 
1124.066138 -0.005577 
1122.565506 -0.006883 
1121.064873 -0.005736 
1119.564241 -0.006399 
1118.063608 -0.004069 
1116.562976 -0.006342 
1115.062343 -0.007172 
1113.561711 -0.006075 
1112.061078 -0.004987 
1110.560445 -0.004593 
1109.059813 -0.005055 
1107.559180 -0.006767 
1106.058548 -0.004485 
1104.557915 -0.006053 
1103.057283 -0.006643 
1101.556650 -0.005136 
1100.056018 -0.004382 
1098.555385 -0.002315 
1097.054753 -0.002957 
1095.554120 -0.001160 
1094.053487 -0.001252 
1092.552855 0.001100 
1091.052222 0.003442 
1089.551590 0.005499 
1088.050957 0.007478 
1086.550325 0.010984 
1085.049692 0.012797 
1083.549060 0.014635 
1082.048427 0.015812 
1080.547795 0.019224 
1079.047162 0.021196 
1077.546530 0.021270 
1076.045897 0.023692 
1074.545264 0.024091 
1073.044632 0.023413 
1071.543999 0.022284 
1070.043367 0.021377 
1068.542734 0.018791 
1067.042102 0.016986 
1065.541469 0.013897 
1064.040837 0.012006 
1062.540204 0.009580 
1061.039572 0.006274 
1059.538939 0.004045 
1058.038306 0.001952 
1056.537674 -0.000190 
1055.037041 -0.003030 
1053.536409 -0.004856 
1052.035776 -0.005940 
1050.535144 -0.008244 
1049.034511 -0.009981 
1047.533879 -0.011872 
1046.033246 -0.012359 
1044.532614 -0.012470 
1043.031981 -0.012111 
1041.531348 -0.012191 
1040.030716 -0.013182 
1038.530083 -0.012603 
1037.029451 -0.012888 
1035.528818 -0.013062 
1034.028186 -0.013258 
1032.527553 -0.013974 
1031.026921 -0.013483 
1029.526288 -0.011918 
1028.025656 -0.012361 
1026.525023 -0.012251 
1025.024390 -0.013876 
1023.523758 -0.013144 
1022.023125 -0.010931 
1020.522493 -0.010980 
1019.021860 -0.011663 
1017.521228 -0.010225 
1016.020595 -0.011246 
1014.519963 -0.012463 
1013.019330 -0.010779 
1011.518698 -0.010384 
1010.018065 -0.010249 
1008.517432 -0.009425 
1007.016800 -0.009035 
1005.516167 -0.009882 
1004.015535 -0.009427 
1002.514902 -0.009343 
1001.014270 -0.007769 
999.513637 -0.007659 
998.013005 -0.007616 
996.512372 -0.007287 
995.011740 -0.005523 
993.511107 -0.005735 
992.010474 -0.004566 
990.509842 -0.004618 
989.009209 -0.004373 
987.508577 -0.003907 
986.007944 -0.002792 
984.507312 -0.001356 
983.006679 -0.000912 
981.506047 0.000325 
980.005414 0.002117 
978.504782 0.003080 
977.004149 0.004078 
975.503517 0.004237 
974.002884 0.006228 
972.502251 0.007683 
971.001619 0.009264 
969.500986 0.011475 
968.000354 0.012483 
966.499721 0.015393 
964.999089 0.016733 
963.498456 0.018426 
961.997824 0.022267 
960.497191 0.023866 
958.996559 0.026437 
957.495926 0.030570 
955.995293 0.032145 
954.494661 0.035437 
952.994028 0.038632 
951.493396 0.039859 
949.992763 0.043432 
948.492131 0.045664 
946.991498 0.047707 
945.490866 0.051257 
943.990233 0.054448 
942.489601 0.057322 
940.988968 0.056032 
939.488335 0.060576 
937.987703 0.062624 
936.487070 0.062616 
934.986438 0.065051 
933.485805 0.065310 
931.985173 0.067320 
930.484540 0.067302 
928.983908 0.066140 
927.483275 0.066539 
925.982643 0.066196 
924.482010 0.062789 
922.981377 0.063110 
921.480745 0.062443 
919.980112 0.060664 
918.479480 0.059113 
916.978847 0.058483 
915.478215 0.055791 
913.977582 0.054010 
912.476950 0.052310 
910.976317 0.050060 
909.475685 0.049686 
907.975052 0.046925 
906.474419 0.045618 
904.973787 0.044647 
903.473154 0.043563 
901.972522 0.043735 
900.471889 0.042374 
898.971257 0.042688 
897.470624 0.039971 
895.969992 0.040868 
894.469359 0.040035 
892.968727 0.039907 
891.468094 0.037710 
889.967461 0.038066 
888.466829 0.038573 
886.966196 0.036970 
885.465564 0.036778 
883.964931 0.037179 
882.464299 0.037290 
880.963666 0.035620 
879.463034 0.036799 
877.962401 0.035503 
876.461769 0.036236 
874.961136 0.037012 
873.460504 0.036888 
871.959871 0.035423 
870.459238 0.034516 
868.958606 0.031994 
867.457973 0.032700 
865.957341 0.030574 
864.456708 0.030131 
862.956076 0.029154 
861.455443 0.027661 
859.954811 0.026819 
858.454178 0.026237 
856.953546 0.024457 
855.452913 0.023830 
853.952280 0.023134 
852.451648 0.022588 
850.951015 0.021744 
849.450383 0.019193 
847.949750 0.019224 
846.449118 0.017648 
844.948485 0.018919 
843.447853 0.016003 
841.947220 0.014684 
840.446588 0.015007 
838.945955 0.012402 
837.445322 0.012233 
835.944690 0.011250 
834.444057 0.010196 
832.943425 0.011091 
831.442792 0.008743 
829.942160 0.007759 
828.441527 0.008535 
826.940895 0.005882 
825.440262 0.005338 
823.939630 0.005034 
822.438997 0.003570 
820.938364 0.005291 
819.437732 0.002163 
817.937099 0.002334 
816.436467 0.001167 
814.935834 0.000442 
813.435202 0.000396 
811.934569 -0.000078 
810.433937 -0.001340 
808.933304 -0.002681 
807.432672 -0.002261 
805.932039 -0.001403 
804.431406 -0.001892 
802.930774 -0.004101 
801.430141 -0.003875 
799.929509 -0.003366 
798.428876 -0.004680 
796.928244 -0.003864 
795.427611 -0.004821 
793.926979 -0.005340 
792.426346 -0.004826 
790.925714 -0.006034 
789.425081 -0.006303 
787.924448 -0.007366 
786.423816 -0.005657 
784.923183 -0.006889 
783.422551 -0.007900 
781.921918 -0.007355 
780.421286 -0.008183 
778.920653 -0.008535 
777.420021 -0.008332 
775.919388 -0.007942 
774.418756 -0.008784 
772.918123 -0.009533 
771.417490 -0.007655 
769.916858 -0.009577 
768.416225 -0.009450 
766.915593 -0.010459 
765.414960 -0.008939 
763.914328 -0.008039 
762.413695 -0.009384 
760.913063 -0.009265 
759.412430 -0.009129 
757.911798 -0.009096 
756.411165 -0.008807 
754.910533 -0.008592 
753.409900 -0.010306 
751.909267 -0.008066 
750.408635 -0.008593 
748.908002 -0.010472 
747.407370 -0.008412 
745.906737 -0.009592 
744.406105 -0.009885 
742.905472 -0.009101 
741.404840 -0.008800 
739.904207 -0.008856 
738.403575 -0.007990 
736.902942 -0.006657 
735.402309 -0.008499 
733.901677 -0.006926 
732.401044 -0.005592 
730.900412 -0.002347 
729.399779 -0.001971 
727.899147 0.001803 
726.398514 0.005424 
724.897882 0.009356 
723.397249 0.012901 
721.896617 0.017005 
720.395984 0.019940 
718.895351 0.027415 
717.394719 0.032713 
715.894086 0.035302 
714.393454 0.041561 
712.892821 0.042541 
711.392189 0.044774 
709.891556 0.043058 
708.390924 0.036184 
706.890291 0.032239 
705.389659 0.027389 
703.889026 0.022078 
702.388393 0.019102 
700.887761 0.016043 
699.387128 0.014162 
697.886496 0.010730 
696.385863 0.013128 
694.885231 0.012505 
693.384598 0.009289 
691.883966 0.010763 
690.383333 0.009407 
688.882701 0.008932 
687.382068 0.009380 
685.881435 0.008616 
684.380803 0.009176 
682.880170 0.008275 
681.379538 0.007539 
679.878905 0.010261 
678.378273 0.007552 
676.877640 0.006877 
675.377008 0.006438 
673.876375 0.005248 
672.375743 0.004026 
670.875110 0.003373 
669.374477 0.001278 
667.873845 -0.006050 
666.373212 -0.002156 
664.872580 -0.001738 
663.371947 -0.002683 
661.871315 -0.001691 
660.370682 0.001928 
658.870050 0.002494 
657.369417 0.000491 
655.868785 0.000124 
654.368152 0.000088 
652.867520 -0.000361 
651.366887 0.001966 
649.866254 -0.000384 
648.365622 -0.002949 
646.864989 -0.004199 
645.364357 -0.003039 
643.863724 -0.005003 
642.363092 -0.005604 
640.862459 -0.006854 
639.361827 -0.005490 
637.861194 -0.008053 
636.360562 -0.006709 
634.859929 -0.006762 
633.359296 -0.007037 
631.858664 -0.007153 
630.358031 -0.006265 
628.857399 -0.006528 
627.356766 -0.006668 
625.856134 -0.006463 
624.355501 -0.008031 
622.854869 -0.006436 
621.354236 -0.008083 
619.853604 -0.006654 
618.352971 -0.008591 
616.852338 -0.008612 
615.351706 -0.007530 
613.851073 -0.009588 
612.350441 -0.007056 
610.849808 -0.006784 
609.349176 -0.005854 
607.848543 -0.007948 
606.347911 -0.007840 
604.847278 -0.007153 
603.346646 -0.007584 
601.846013 -0.007239 
600.345380 -0.010703 
598.844748 -0.006845 
597.344115 -0.007545 
595.843483 -0.006941 
594.342850 -0.008511 
592.842218 -0.005596 
591.341585 -0.007564 
589.840953 -0.008693 
588.340320 -0.006851 
586.839688 -0.007037 
585.339055 -0.007298 
583.838422 -0.008864 
582.337790 -0.008315 
580.837157 -0.008518 
579.336525 -0.007081 
577.835892 -0.006956 
576.335260 -0.007051 
574.834627 -0.008032 
573.333995 -0.007599 
571.833362 -0.006453 
570.332730 -0.008144 
568.832097 -0.007721 
567.331464 -0.006111 
565.830832 -0.007876 
564.330199 -0.008166 
562.829567 -0.007427 
561.328934 -0.007568 
559.828302 -0.008539 
558.327669 -0.007745 
556.827037 -0.007009 
555.326404 -0.006489 
553.825772 -0.008570 
552.325139 -0.007507 
550.824507 -0.007717 
549.323874 -0.007094 
547.823241 -0.008301 
546.322609 -0.006868 
544.821976 -0.006648 
543.321344 -0.007122 
541.820711 -0.005265 
540.320079 -0.010765 
538.819446 -0.009814 
537.318814 -0.006876 
535.818181 -0.006362 
534.317549 -0.007976 
532.816916 -0.008510 
531.316283 -0.007185 
529.815651 -0.006606 
528.315018 -0.007493 
526.814386 -0.009157 
525.313753 -0.006499 
523.813121 -0.008624 
522.312488 -0.007813 
520.811856 -0.009438 
519.311223 -0.007708 
517.810591 -0.007886 
516.309958 -0.007752 
514.809325 -0.008918 
513.308693 -0.008012 
511.808060 -0.005919 
510.307428 -0.007776 
508.806795 -0.008714 
507.306163 -0.006602 
505.805530 -0.007844 
504.304898 -0.007818 
502.804265 -0.007649 
501.303633 -0.006661 
499.803000 -0.008061 
