5000.200000 -0.014103 
4998.699367 -0.029315 
4997.198735 -0.023138 
4995.698102 -0.027955 
4994.197470 -0.012315 
4992.696837 -0.024745 
4991.196205 -0.022277 
4989.695572 -0.033874 
4988.194940 -0.033074 
4986.694307 -0.021287 
4985.193675 -0.026801 
4983.693042 -0.022337 
4982.192409 -0.022275 
4980.691777 -0.027903 
4979.191144 -0.016421 
4977.690512 -0.021335 
4976.189879 -0.031369 
4974.689247 -0.035297 
4973.188614 -0.025144 
4971.687982 -0.022582 
4970.187349 -0.025090 
4968.686717 -0.019857 
4967.186084 -0.027168 
4965.685451 -0.029045 
4964.184819 -0.015178 
4962.684186 -0.023612 
4961.183554 -0.017445 
4959.682921 -0.019793 
4958.182289 -0.030671 
4956.681656 -0.017844 
4955.181024 -0.021763 
4953.680391 -0.027960 
4952.179759 -0.023031 
4950.679126 -0.016743 
4949.178493 -0.023391 
4947.677861 -0.027228 
4946.177228 -0.019861 
4944.676596 -0.024129 
4943.175963 -0.023877 
4941.675331 -0.022726 
4940.174698 -0.017445 
4938.674066 -0.013478 
4937.173433 -0.026967 
4935.672801 -0.021867 
4934.172168 -0.011174 
4932.671536 -0.022136 
4931.170903 -0.020118 
4929.670270 -0.015204 
4928.169638 -0.021310 
4926.669005 -0.012109 
4925.168373 -0.026422 
4923.667740 -0.023062 
4922.167108 -0.028409 
4920.666475 -0.013923 
4919.165843 -0.015912 
4917.665210 -0.026251 
4916.164578 -0.009977 
4914.663945 -0.023139 
4913.163312 -0.012063 
4911.662680 -0.016899 
4910.162047 -0.008357 
4908.661415 -0.017135 
4907.160782 -0.022589 
4905.660150 -0.008391 
4904.159517 -0.028074 
4902.658885 -0.016375 
4901.158252 -0.018262 
4899.657620 -0.024635 
4898.156987 -0.015755 
4896.656354 -0.014591 
4895.155722 -0.014779 
4893.655089 -0.021843 
4892.154457 -0.024227 
4890.653824 -0.010745 
4889.153192 -0.015033 
4887.652559 -0.017789 
4886.151927 -0.009233 
4884.651294 -0.015341 
4883.150662 -0.009879 
4881.650029 -0.014641 
4880.149396 -0.020814 
4878.648764 -0.009830 
4877.148131 -0.017936 
4875.647499 -0.013367 
4874.146866 -0.012153 
4872.646234 -0.011072 
4871.145601 -0.023238 
4869.644969 -0.018129 
4868.144336 -0.010744 
4866.643704 -0.015999 
4865.143071 -0.014602 
4863.642438 -0.015715 
4862.141806 -0.012656 
4860.641173 -0.009299 
4859.140541 -0.015578 
4857.639908 -0.005311 
4856.139276 -0.021737 
4854.638643 -0.014307 
4853.138011 -0.003442 
4851.637378 -0.015142 
4850.136746 -0.008929 
4848.636113 -0.013402 
4847.135480 -0.010350 
4845.634848 -0.017548 
4844.134215 -0.016323 
4842.633583 -0.011236 
4841.132950 -0.007837 
4839.632318 -0.014770 
4838.131685 -0.006644 
4836.631053 -0.006866 
4835.130420 -0.011634 
4833.629788 -0.010730 
4832.129155 -0.009131 
4830.628523 -0.014136 
4829.127890 -0.009489 
4827.627257 -0.009193 
4826.126625 -0.006211 
4824.625992 -0.008005 
4823.125360 -0.012358 
4821.624727 -0.013147 
4820.124095 -0.004504 
4818.623462 -0.009989 
4817.122830 -0.007791 
4815.622197 -0.009535 
4814.121565 -0.007511 
4812.620932 -0.013719 
4811.120299 -0.005014 
4809.619667 -0.004610 
4808.119034 -0.012210 
4806.618402 -0.009718 
4805.117769 -0.008604 
4803.617137 -0.006760 
4802.116504 -0.000562 
4800.615872 -0.011395 
4799.115239 -0.013398 
4797.614607 -0.001875 
4796.113974 -0.008845 
4794.613341 -0.008187 
4793.112709 -0.006494 
4791.612076 -0.006761 
4790.111444 -0.009067 
4788.610811 -0.007360 
4787.110179 -0.008823 
4785.609546 -0.004839 
4784.108914 -0.000532 
4782.608281 -0.011794 
4781.107649 -0.007183 
4779.607016 -0.008612 
4778.106383 -0.010284 
4776.605751 0.000213 
4775.105118 -0.003610 
4773.604486 -0.003432 
4772.103853 -0.004131 
4770.603221 -0.002069 
4769.102588 -0.013525 
4767.601956 -0.012436 
4766.101323 -0.002593 
4764.600691 -0.001982 
4763.100058 -0.006295 
4761.599425 -0.006252 
4760.098793 -0.004135 
4758.598160 -0.004168 
4757.097528 -0.005365 
4755.596895 -0.006344 
4754.096263 -0.004468 
4752.595630 -0.007165 
4751.094998 0.004966 
4749.594365 -0.005784 
4748.093733 -0.003460 
4746.593100 -0.004768 
4745.092467 -0.000769 
4743.591835 -0.002257 
4742.091202 -0.003682 
4740.590570 -0.007892 
4739.089937 -0.004785 
4737.589305 0.000517 
4736.088672 -0.009005 
4734.588040 -0.000730 
4733.087407 -0.010329 
4731.586775 -0.006270 
4730.086142 -0.001339 
4728.585510 -0.002457 
4727.084877 -0.002340 
4725.584244 0.002131 
4724.083612 -0.006816 
4722.582979 -0.005418 
4721.082347 -0.009380 
4719.581714 -0.006996 
4718.081082 -0.005925 
4716.580449 -0.002711 
4715.079817 -0.002648 
4713.579184 -0.007388 
4712.078552 -0.007360 
4710.577919 -0.001765 
4709.077286 -0.005245 
4707.576654 -0.000277 
4706.076021 0.001446 
4704.575389 -0.007492 
4703.074756 -0.007374 
4701.574124 -0.002682 
4700.073491 -0.006016 
4698.572859 -0.008568 
4697.072226 -0.002413 
4695.571594 -0.003132 
4694.070961 -0.002540 
4692.570328 -0.003577 
4691.069696 -0.003374 
4689.569063 -0.002264 
4688.068431 0.001281 
4686.567798 -0.004792 
4685.067166 -0.002273 
4683.566533 -0.008690 
4682.065901 -0.002535 
4680.565268 0.000853 
4679.064636 -0.003922 
4677.564003 -0.003709 
4676.063370 -0.008422 
4674.562738 -0.010172 
4673.062105 -0.000001 
4671.561473 -0.003264 
4670.060840 -0.009400 
4668.560208 -0.005614 
4667.059575 -0.008931 
4665.558943 -0.006868 
4664.058310 -0.006783 
4662.557678 -0.003281 
4661.057045 -0.007256 
4659.556412 -0.000016 
4658.055780 -0.002261 
4656.555147 -0.009384 
4655.054515 -0.002170 
4653.553882 -0.004884 
4652.053250 -0.010454 
4650.552617 -0.005365 
4649.051985 -0.010146 
4647.551352 -0.002356 
4646.050720 -0.010304 
4644.550087 -0.007537 
4643.049454 -0.004988 
4641.548822 -0.007749 
4640.048189 -0.007876 
4638.547557 -0.010133 
4637.046924 -0.011568 
4635.546292 -0.007792 
4634.045659 -0.008226 
4632.545027 -0.014353 
4631.044394 -0.010926 
4629.543762 -0.011529 
4628.043129 -0.002576 
4626.542496 -0.007786 
4625.041864 -0.012387 
4623.541231 -0.014069 
4622.040599 -0.013408 
4620.539966 -0.007607 
4619.039334 0.000819 
4617.538701 -0.018636 
4616.038069 -0.007979 
4614.537436 -0.012339 
4613.036804 -0.007354 
4611.536171 -0.013048 
4610.035539 -0.007126 
4608.534906 -0.007864 
4607.034273 -0.012681 
4605.533641 -0.009189 
4604.033008 -0.011248 
4602.532376 -0.014803 
4601.031743 -0.008724 
4599.531111 -0.013083 
4598.030478 -0.011438 
4596.529846 -0.004389 
4595.029213 -0.010671 
4593.528581 -0.014105 
4592.027948 -0.005519 
4590.527315 -0.009704 
4589.026683 -0.011209 
4587.526050 -0.015332 
4586.025418 -0.014277 
4584.524785 -0.017668 
4583.024153 -0.018209 
4581.523520 -0.005107 
4580.022888 -0.007345 
4578.522255 -0.014476 
4577.021623 -0.014639 
4575.520990 -0.011822 
4574.020357 -0.013904 
4572.519725 -0.012315 
4571.019092 -0.010874 
4569.518460 -0.020180 
4568.017827 -0.016945 
4566.517195 -0.012673 
4565.016562 -0.014221 
4563.515930 -0.008682 
4562.015297 -0.010082 
4560.514665 -0.013047 
4559.014032 -0.011188 
4557.513399 -0.006511 
4556.012767 -0.012453 
4554.512134 -0.013763 
4553.011502 -0.015095 
4551.510869 -0.006840 
4550.010237 -0.011267 
4548.509604 -0.009892 
4547.008972 -0.005004 
4545.508339 -0.011184 
4544.007707 -0.016842 
4542.507074 -0.007618 
4541.006441 -0.007616 
4539.505809 -0.004077 
4538.005176 -0.012416 
4536.504544 -0.017375 
4535.003911 -0.010785 
4533.503279 -0.015377 
4532.002646 -0.013437 
4530.502014 -0.011384 
4529.001381 -0.014080 
4527.500749 -0.011646 
4526.000116 -0.010693 
4524.499483 -0.014047 
4522.998851 -0.010300 
4521.498218 -0.016182 
4519.997586 -0.014092 
4518.496953 -0.005798 
4516.996321 -0.013249 
4515.495688 -0.011288 
4513.995056 -0.019772 
4512.494423 -0.014404 
4510.993791 -0.009755 
4509.493158 -0.013351 
4507.992526 -0.015276 
4506.491893 -0.015733 
4504.991260 -0.010057 
4503.490628 -0.010582 
4501.989995 -0.007888 
4500.489363 -0.013449 
4498.988730 -0.010758 
4497.488098 -0.016775 
4495.987465 -0.008848 
4494.486833 -0.006189 
4492.986200 -0.006894 
4491.485568 -0.015727 
4489.984935 -0.009822 
4488.484302 -0.015702 
4486.983670 -0.014169 
4485.483037 -0.007839 
4483.982405 -0.012362 
4482.481772 -0.013592 
4480.981140 -0.010454 
4479.480507 -0.011796 
4477.979875 -0.010629 
4476.479242 -0.015466 
4474.978610 -0.007841 
4473.477977 -0.015262 
4471.977344 -0.010548 
4470.476712 -0.013945 
4468.976079 -0.008965 
4467.475447 -0.010607 
4465.974814 -0.011174 
4464.474182 -0.006383 
4462.973549 -0.008596 
4461.472917 -0.016426 
4459.972284 -0.009472 
4458.471652 -0.011441 
4456.971019 -0.007477 
4455.470386 -0.009089 
4453.969754 -0.006689 
4452.469121 -0.011188 
4450.968489 -0.007372 
4449.467856 -0.003489 
4447.967224 -0.008803 
4446.466591 -0.003824 
4444.965959 -0.006660 
4443.465326 -0.011705 
4441.964694 -0.001976 
4440.464061 -0.008847 
4438.963428 -0.014500 
4437.462796 -0.002903 
4435.962163 -0.011727 
4434.461531 -0.005657 
4432.960898 -0.002150 
4431.460266 -0.013867 
4429.959633 -0.005602 
4428.459001 -0.004660 
4426.958368 -0.004610 
4425.457736 -0.004142 
4423.957103 -0.007118 
4422.456470 -0.007502 
4420.955838 -0.006775 
4419.455205 -0.006353 
4417.954573 -0.002123 
4416.453940 -0.010708 
4414.953308 -0.011106 
4413.452675 -0.003820 
4411.952043 -0.001988 
4410.451410 -0.004182 
4408.950778 -0.003465 
4407.450145 -0.000808 
4405.949513 -0.003008 
4404.448880 -0.006226 
4402.948247 -0.003340 
4401.447615 -0.002614 
4399.946982 -0.010318 
4398.446350 -0.003785 
4396.945717 -0.007162 
4395.445085 -0.004283 
4393.944452 -0.010085 
4392.443820 -0.004066 
4390.943187 -0.001106 
4389.442555 0.001109 
4387.941922 -0.004264 
4386.441289 -0.006409 
4384.940657 0.001340 
4383.440024 -0.001427 
4381.939392 -0.005967 
4380.438759 -0.002783 
4378.938127 -0.004240 
4377.437494 0.000273 
4375.936862 -0.003191 
4374.436229 -0.008152 
4372.935597 -0.000080 
4371.434964 -0.006012 
4369.934331 -0.000719 
4368.433699 -0.000501 
4366.933066 0.002459 
4365.432434 0.000531 
4363.931801 -0.000033 
4362.431169 -0.005302 
4360.930536 -0.003106 
4359.429904 -0.004208 
4357.929271 -0.001969 
4356.428639 0.001693 
4354.928006 0.002571 
4353.427373 -0.000330 
4351.926741 -0.001854 
4350.426108 -0.000230 
4348.925476 -0.000393 
4347.424843 -0.001609 
4345.924211 0.000350 
4344.423578 -0.004551 
4342.922946 -0.006761 
4341.422313 -0.000887 
4339.921681 -0.004330 
4338.421048 -0.001267 
4336.920415 0.000054 
4335.419783 -0.003340 
4333.919150 -0.000366 
4332.418518 -0.000296 
4330.917885 0.006212 
4329.417253 -0.000546 
4327.916620 0.001705 
4326.415988 0.001262 
4324.915355 0.001194 
4323.414723 0.000562 
4321.914090 0.002824 
4320.413457 0.003168 
4318.912825 -0.004211 
4317.412192 0.001108 
4315.911560 -0.000116 
4314.410927 0.000326 
4312.910295 -0.001143 
4311.409662 -0.001213 
4309.909030 -0.004159 
4308.408397 -0.006991 
4306.907765 0.005392 
4305.407132 -0.000473 
4303.906499 0.002066 
4302.405867 0.000568 
4300.905234 0.000880 
4299.404602 0.005991 
4297.903969 0.005899 
4296.403337 0.005175 
4294.902704 0.000735 
4293.402072 -0.000069 
4291.901439 0.002228 
4290.400807 0.009162 
4288.900174 0.005015 
4287.399542 0.004510 
4285.898909 -0.001388 
4284.398276 0.003687 
4282.897644 0.004069 
4281.397011 0.000956 
4279.896379 0.009601 
4278.395746 0.007246 
4276.895114 -0.000431 
4275.394481 -0.003288 
4273.893849 -0.004176 
4272.393216 -0.002865 
4270.892584 0.007036 
4269.391951 -0.002114 
4267.891318 0.004724 
4266.390686 0.003742 
4264.890053 -0.001512 
4263.389421 -0.000292 
4261.888788 0.008153 
4260.388156 -0.001173 
4258.887523 0.006390 
4257.386891 0.006170 
4255.886258 0.004376 
4254.385626 0.013498 
4252.884993 0.003889 
4251.384360 0.005105 
4249.883728 -0.000108 
4248.383095 0.003237 
4246.882463 0.004499 
4245.381830 -0.005905 
4243.881198 -0.001582 
4242.380565 -0.001622 
4240.879933 -0.004656 
4239.379300 0.003804 
4237.878668 0.004915 
4236.378035 0.002945 
4234.877402 -0.000638 
4233.376770 0.004105 
4231.876137 0.003213 
4230.375505 0.006834 
4228.874872 0.011035 
4227.374240 0.003987 
4225.873607 0.001461 
4224.372975 0.001406 
4222.872342 0.010277 
4221.371710 0.002847 
4219.871077 0.003302 
4218.370444 0.003410 
4216.869812 0.001881 
4215.369179 0.001001 
4213.868547 0.006328 
4212.367914 0.002590 
4210.867282 0.007391 
4209.366649 0.004327 
4207.866017 0.000338 
4206.365384 0.001191 
4204.864752 0.006775 
4203.364119 0.006730 
4201.863486 0.004031 
4200.362854 -0.000415 
4198.862221 0.001750 
4197.361589 0.004321 
4195.860956 -0.000941 
4194.360324 0.002360 
4192.859691 0.007005 
4191.359059 0.004783 
4189.858426 0.003606 
4188.357794 0.003444 
4186.857161 -0.001979 
4185.356529 0.000846 
4183.855896 0.007870 
4182.355263 0.006751 
4180.854631 0.004066 
4179.353998 0.001646 
4177.853366 0.001444 
4176.352733 -0.000059 
4174.852101 0.001847 
4173.351468 0.001680 
4171.850836 0.004904 
4170.350203 0.007669 
4168.849571 0.002459 
4167.348938 0.001069 
4165.848305 0.002071 
4164.347673 0.007480 
4162.847040 0.002680 
4161.346408 0.001348 
4159.845775 0.006786 
4158.345143 0.002198 
4156.844510 0.002636 
4155.343878 0.002451 
4153.843245 0.002948 
4152.342613 0.002575 
4150.841980 0.003971 
4149.341347 0.007345 
4147.840715 0.000988 
4146.340082 0.002333 
4144.839450 0.000926 
4143.338817 0.006775 
4141.838185 0.007811 
4140.337552 0.002388 
4138.836920 -0.000326 
4137.336287 0.004001 
4135.835655 0.002663 
4134.335022 0.000710 
4132.834389 0.003782 
4131.333757 0.001277 
4129.833124 -0.000351 
4128.332492 0.004277 
4126.831859 0.004065 
4125.331227 0.006045 
4123.830594 0.002294 
4122.329962 0.001352 
4120.829329 0.003521 
4119.328697 -0.000152 
4117.828064 0.002121 
4116.327431 0.003088 
4114.826799 0.004589 
4113.326166 0.002279 
4111.825534 0.001734 
4110.324901 0.004095 
4108.824269 0.002514 
4107.323636 0.005441 
4105.823004 -0.000442 
4104.322371 0.000109 
4102.821739 0.003215 
4101.321106 0.003353 
4099.820473 0.000899 
4098.319841 0.001850 
4096.819208 0.003907 
4095.318576 0.001539 
4093.817943 0.000289 
4092.317311 0.000592 
4090.816678 0.006423 
4089.316046 0.005864 
4087.815413 0.004227 
4086.314781 0.001163 
4084.814148 0.004851 
4083.313516 0.003977 
4081.812883 0.000841 
4080.312250 0.004132 
4078.811618 0.000964 
4077.310985 0.003518 
4075.810353 -0.000231 
4074.309720 0.002489 
4072.809088 0.007361 
4071.308455 0.002049 
4069.807823 0.004904 
4068.307190 0.003207 
4066.806558 -0.000378 
4065.305925 0.001335 
4063.805292 0.001826 
4062.304660 -0.000916 
4060.804027 0.004472 
4059.303395 0.003863 
4057.802762 0.000131 
4056.302130 -0.002341 
4054.801497 -0.001021 
4053.300865 0.002163 
4051.800232 0.001878 
4050.299600 0.001862 
4048.798967 0.003055 
4047.298334 0.001447 
4045.797702 0.004380 
4044.297069 0.001326 
4042.796437 0.001061 
4041.295804 0.005975 
4039.795172 0.001612 
4038.294539 0.003325 
4036.793907 0.001880 
4035.293274 0.002919 
4033.792642 -0.000541 
4032.292009 0.002230 
4030.791376 -0.001761 
4029.290744 0.001268 
4027.790111 0.001202 
4026.289479 0.001648 
4024.788846 0.004479 
4023.288214 0.002622 
4021.787581 0.000672 
4020.286949 0.002457 
4018.786316 0.004736 
4017.285684 0.003745 
4015.785051 0.003280 
4014.284418 0.001659 
4012.783786 0.000573 
4011.283153 0.000906 
4009.782521 0.002735 
4008.281888 0.000863 
4006.781256 0.000917 
4005.280623 0.003525 
4003.779991 -0.004141 
4002.279358 0.001881 
4000.778726 0.003410 
3999.278093 0.000729 
3997.777460 0.003070 
3996.276828 0.001804 
3994.776195 0.003526 
3993.275563 -0.000136 
3991.774930 0.004682 
3990.274298 0.001613 
3988.773665 0.000517 
3987.273033 -0.001085 
3985.772400 0.004824 
3984.271768 0.000113 
3982.771135 -0.000710 
3981.270503 0.000986 
3979.769870 0.002900 
3978.269237 0.000874 
3976.768605 -0.001648 
3975.267972 0.003421 
3973.767340 0.002664 
3972.266707 0.005706 
3970.766075 0.002895 
3969.265442 0.006552 
3967.764810 0.001020 
3966.264177 -0.002232 
3964.763545 0.001946 
3963.262912 0.000659 
3961.762279 0.001091 
3960.261647 -0.000828 
3958.761014 0.001082 
3957.260382 0.001948 
3955.759749 -0.000153 
3954.259117 0.001927 
3952.758484 -0.001667 
3951.257852 0.000441 
3949.757219 -0.000862 
3948.256587 0.000401 
3946.755954 0.002307 
3945.255321 -0.000228 
3943.754689 -0.003353 
3942.254056 -0.000291 
3940.753424 0.000943 
3939.252791 0.001952 
3937.752159 0.001136 
3936.251526 -0.001879 
3934.750894 -0.001317 
3933.250261 0.000922 
3931.749629 0.000514 
3930.248996 0.002131 
3928.748363 -0.000725 
3927.247731 0.000460 
3925.747098 0.001574 
3924.246466 -0.000122 
3922.745833 -0.002300 
3921.245201 -0.002974 
3919.744568 0.000462 
3918.243936 0.001637 
3916.743303 -0.001469 
3915.242671 0.000391 
3913.742038 0.001742 
3912.241405 -0.001203 
3910.740773 -0.000378 
3909.240140 -0.004805 
3907.739508 0.001928 
3906.238875 0.001719 
3904.738243 -0.001958 
3903.237610 0.000485 
3901.736978 -0.002703 
3900.236345 0.001499 
3898.735713 -0.001307 
3897.235080 0.000067 
3895.734447 -0.001082 
3894.233815 0.001007 
3892.733182 0.001459 
3891.232550 -0.002198 
3889.731917 0.002826 
3888.231285 -0.002040 
3886.730652 0.000866 
3885.230020 -0.001405 
3883.729387 0.003832 
3882.228755 0.000636 
3880.728122 -0.003336 
3879.227489 0.002873 
3877.726857 -0.000024 
3876.226224 0.000502 
3874.725592 -0.002285 
3873.224959 0.001315 
3871.724327 -0.003482 
3870.223694 -0.004919 
3868.723062 -0.002455 
3867.222429 0.000838 
3865.721797 -0.003408 
3864.221164 -0.002429 
3862.720532 0.000428 
3861.219899 -0.001431 
3859.719266 0.000228 
3858.218634 -0.004300 
3856.718001 -0.000147 
3855.217369 -0.002130 
3853.716736 0.001007 
3852.216104 -0.003127 
3850.715471 -0.002826 
3849.214839 -0.001080 
3847.714206 -0.001925 
3846.213574 -0.000484 
3844.712941 -0.000451 
3843.212308 -0.001685 
3841.711676 -0.003541 
3840.211043 0.000954 
3838.710411 0.001046 
3837.209778 0.000987 
3835.709146 -0.001837 
3834.208513 -0.002359 
3832.707881 0.000260 
3831.207248 -0.003319 
3829.706616 -0.000567 
3828.205983 0.001147 
3826.705350 -0.000690 
3825.204718 0.000037 
3823.704085 0.001405 
3822.203453 -0.001318 
3820.702820 0.001781 
3819.202188 -0.000831 
3817.701555 -0.001940 
3816.200923 -0.004294 
3814.700290 0.001018 
3813.199658 0.001250 
3811.699025 -0.001213 
3810.198392 -0.004171 
3808.697760 -0.000356 
3807.197127 -0.003797 
3805.696495 -0.000136 
3804.195862 -0.001160 
3802.695230 -0.000500 
3801.194597 -0.001798 
3799.693965 -0.002557 
3798.193332 -0.001189 
3796.692700 -0.001003 
3795.192067 -0.004040 
3793.691434 -0.003076 
3792.190802 0.001259 
3790.690169 -0.001788 
3789.189537 -0.002298 
3787.688904 -0.000861 
3786.188272 -0.001425 
3784.687639 -0.002366 
3783.187007 -0.003167 
3781.686374 -0.004195 
3780.185742 -0.001369 
3778.685109 0.001059 
3777.184476 -0.002114 
3775.683844 -0.004221 
3774.183211 -0.002200 
3772.682579 -0.002936 
3771.181946 -0.000785 
3769.681314 -0.001482 
3768.180681 -0.003774 
3766.680049 -0.003864 
3765.179416 0.000009 
3763.678784 -0.002155 
3762.178151 -0.002899 
3760.677519 -0.003633 
3759.176886 -0.001866 
3757.676253 -0.000841 
3756.175621 -0.000268 
3754.674988 -0.000296 
3753.174356 -0.003071 
3751.673723 -0.004332 
3750.173091 0.000727 
3748.672458 -0.001060 
3747.171826 -0.000168 
3745.671193 -0.004163 
3744.170561 -0.000585 
3742.669928 -0.005354 
3741.169295 -0.003711 
3739.668663 -0.002483 
3738.168030 -0.002479 
3736.667398 -0.001893 
3735.166765 -0.001064 
3733.666133 -0.003104 
3732.165500 -0.001013 
3730.664868 -0.002120 
3729.164235 -0.003263 
3727.663603 -0.001578 
3726.162970 -0.000611 
3724.662337 -0.000271 
3723.161705 -0.001940 
3721.661072 -0.002096 
3720.160440 -0.004677 
3718.659807 -0.002620 
3717.159175 0.000373 
3715.658542 -0.001559 
3714.157910 -0.002129 
3712.657277 -0.000439 
3711.156645 0.001377 
3709.656012 -0.005018 
3708.155379 -0.000560 
3706.654747 -0.001028 
3705.154114 -0.000670 
3703.653482 -0.000168 
3702.152849 0.002061 
3700.652217 0.002799 
3699.151584 0.001948 
3697.650952 -0.000841 
3696.150319 -0.000857 
3694.649687 -0.000544 
3693.149054 -0.001150 
3691.648421 -0.004503 
3690.147789 -0.002317 
3688.647156 -0.003082 
3687.146524 -0.004524 
3685.645891 -0.001716 
3684.145259 -0.001635 
3682.644626 -0.000789 
3681.143994 0.000028 
3679.643361 -0.002764 
3678.142729 -0.002977 
3676.642096 -0.003699 
3675.141463 -0.002513 
3673.640831 -0.000882 
3672.140198 -0.003138 
3670.639566 -0.001980 
3669.138933 -0.001965 
3667.638301 -0.002917 
3666.137668 -0.004833 
3664.637036 -0.002146 
3663.136403 -0.004072 
3661.635771 -0.004965 
3660.135138 -0.002820 
3658.634506 -0.002792 
3657.133873 -0.001345 
3655.633240 -0.002788 
3654.132608 -0.002175 
3652.631975 -0.001714 
3651.131343 -0.002987 
3649.630710 -0.002889 
3648.130078 -0.000839 
3646.629445 0.000161 
3645.128813 -0.001543 
3643.628180 -0.002083 
3642.127548 -0.002922 
3640.626915 -0.002694 
3639.126282 -0.003108 
3637.625650 -0.001509 
3636.125017 -0.001439 
3634.624385 0.000378 
3633.123752 -0.001921 
3631.623120 0.000883 
3630.122487 -0.000763 
3628.621855 0.001024 
3627.121222 -0.001076 
3625.620590 -0.000746 
3624.119957 0.001313 
3622.619324 -0.002149 
3621.118692 -0.001042 
3619.618059 -0.001096 
3618.117427 0.000219 
3616.616794 0.001525 
3615.116162 0.000729 
3613.615529 0.002270 
3612.114897 0.002485 
3610.614264 0.002852 
3609.113632 0.001798 
3607.612999 0.002700 
3606.112366 0.002889 
3604.611734 0.002625 
3603.111101 0.002112 
3601.610469 0.002953 
3600.109836 0.001817 
3598.609204 0.005274 
3597.108571 0.004482 
3595.607939 0.004498 
3594.107306 0.005639 
3592.606674 0.007195 
3591.106041 0.004538 
3589.605408 0.006309 
3588.104776 0.007428 
3586.604143 0.007216 
3585.103511 0.005836 
3583.602878 0.006512 
3582.102246 0.006002 
3580.601613 0.005249 
3579.100981 0.007909 
3577.600348 0.006359 
3576.099716 0.005556 
3574.599083 0.006156 
3573.098450 0.006064 
3571.597818 0.006515 
3570.097185 0.006778 
3568.596553 0.008164 
3567.095920 0.008283 
3565.595288 0.005151 
3564.094655 0.006962 
3562.594023 0.010608 
3561.093390 0.007265 
3559.592758 0.009679 
3558.092125 0.010732 
3556.591492 0.009471 
3555.090860 0.010138 
3553.590227 0.009161 
3552.089595 0.011620 
3550.588962 0.012898 
3549.088330 0.009675 
3547.587697 0.012954 
3546.087065 0.011252 
3544.586432 0.013031 
3543.085800 0.011748 
3541.585167 0.011489 
3540.084535 0.014051 
3538.583902 0.011849 
3537.083269 0.013583 
3535.582637 0.015139 
3534.082004 0.014338 
3532.581372 0.014599 
3531.080739 0.010923 
3529.580107 0.012813 
3528.079474 0.014113 
3526.578842 0.017618 
3525.078209 0.016311 
3523.577577 0.015474 
3522.076944 0.016051 
3520.576311 0.013888 
3519.075679 0.016244 
3517.575046 0.014829 
3516.074414 0.014060 
3514.573781 0.016552 
3513.073149 0.016318 
3511.572516 0.016902 
3510.071884 0.017089 
3508.571251 0.017593 
3507.070619 0.016130 
3505.569986 0.016255 
3504.069353 0.019508 
3502.568721 0.016688 
3501.068088 0.017086 
3499.567456 0.019310 
3498.066823 0.017774 
3496.566191 0.019509 
3495.065558 0.021080 
3493.564926 0.018260 
3492.064293 0.018399 
3490.563661 0.019910 
3489.063028 0.020036 
3487.562395 0.021543 
3486.061763 0.020236 
3484.561130 0.020609 
3483.060498 0.019407 
3481.559865 0.022200 
3480.059233 0.022374 
3478.558600 0.018165 
3477.057968 0.022075 
3475.557335 0.022776 
3474.056703 0.020944 
3472.556070 0.021912 
3471.055437 0.021979 
3469.554805 0.022068 
3468.054172 0.022819 
3466.553540 0.021706 
3465.052907 0.021955 
3463.552275 0.020079 
3462.051642 0.023780 
3460.551010 0.025101 
3459.050377 0.023379 
3457.549745 0.022350 
3456.049112 0.022467 
3454.548479 0.023534 
3453.047847 0.020831 
3451.547214 0.024068 
3450.046582 0.021098 
3448.545949 0.024378 
3447.045317 0.022070 
3445.544684 0.024487 
3444.044052 0.024638 
3442.543419 0.025441 
3441.042787 0.024438 
3439.542154 0.025253 
3438.041522 0.024328 
3436.540889 0.022845 
3435.040256 0.024179 
3433.539624 0.025019 
3432.038991 0.027851 
3430.538359 0.026813 
3429.037726 0.024439 
3427.537094 0.024507 
3426.036461 0.024487 
3424.535829 0.024514 
3423.035196 0.027683 
3421.534564 0.024736 
3420.033931 0.025549 
3418.533298 0.027331 
3417.032666 0.026887 
3415.532033 0.026164 
3414.031401 0.027379 
3412.530768 0.027460 
3411.030136 0.027345 
3409.529503 0.026746 
3408.028871 0.028582 
3406.528238 0.028320 
3405.027606 0.028405 
3403.526973 0.027095 
3402.026340 0.027715 
3400.525708 0.027218 
3399.025075 0.027261 
3397.524443 0.025792 
3396.023810 0.029673 
3394.523178 0.030313 
3393.022545 0.028880 
3391.521913 0.027303 
3390.021280 0.028047 
3388.520648 0.026541 
3387.020015 0.029015 
3385.519382 0.027251 
3384.018750 0.028344 
3382.518117 0.028030 
3381.017485 0.028624 
3379.516852 0.030206 
3378.016220 0.031063 
3376.515587 0.030811 
3375.014955 0.030622 
3373.514322 0.028155 
3372.013690 0.028211 
3370.513057 0.031035 
3369.012424 0.031265 
3367.511792 0.028247 
3366.011159 0.032311 
3364.510527 0.029434 
3363.009894 0.029363 
3361.509262 0.028193 
3360.008629 0.030741 
3358.507997 0.030680 
3357.007364 0.030671 
3355.506732 0.032582 
3354.006099 0.032320 
3352.505466 0.032206 
3351.004834 0.031152 
3349.504201 0.033294 
3348.003569 0.033691 
3346.502936 0.034965 
3345.002304 0.032907 
3343.501671 0.033762 
3342.001039 0.034783 
3340.500406 0.035277 
3338.999774 0.037917 
3337.499141 0.037142 
3335.998509 0.038225 
3334.497876 0.035936 
3332.997243 0.035498 
3331.496611 0.035752 
3329.995978 0.038626 
3328.495346 0.039651 
3326.994713 0.038251 
3325.494081 0.040227 
3323.993448 0.041221 
3322.492816 0.038819 
3320.992183 0.040470 
3319.491551 0.041095 
3317.990918 0.040069 
3316.490285 0.040956 
3314.989653 0.042521 
3313.489020 0.043136 
3311.988388 0.042621 
3310.487755 0.045879 
3308.987123 0.041257 
3307.486490 0.043819 
3305.985858 0.047768 
3304.485225 0.047157 
3302.984593 0.048328 
3301.483960 0.048948 
3299.983327 0.047992 
3298.482695 0.047957 
3296.982062 0.050383 
3295.481430 0.050720 
3293.980797 0.051897 
3292.480165 0.052905 
3290.979532 0.053468 
3289.478900 0.053035 
3287.978267 0.053059 
3286.477635 0.052634 
3284.977002 0.057413 
3283.476369 0.055805 
3281.975737 0.057058 
3280.475104 0.056833 
3278.974472 0.057902 
3277.473839 0.059487 
3275.973207 0.060137 
3274.472574 0.063356 
3272.971942 0.063853 
3271.471309 0.061497 
3269.970677 0.061856 
3268.470044 0.065115 
3266.969411 0.065530 
3265.468779 0.064266 
3263.968146 0.065532 
3262.467514 0.067359 
3260.966881 0.070560 
3259.466249 0.071134 
3257.965616 0.069949 
3256.464984 0.072344 
3254.964351 0.070783 
3253.463719 0.074029 
3251.963086 0.074352 
3250.462453 0.075281 
3248.961821 0.077651 
3247.461188 0.078126 
3245.960556 0.078917 
3244.459923 0.080264 
3242.959291 0.080920 
3241.458658 0.081092 
3239.958026 0.082597 
3238.457393 0.084162 
3236.956761 0.083086 
3235.456128 0.083446 
3233.955495 0.085132 
3232.454863 0.087299 
3230.954230 0.086223 
3229.453598 0.089103 
3227.952965 0.087436 
3226.452333 0.089828 
3224.951700 0.090789 
3223.451068 0.091664 
3221.950435 0.090766 
3220.449803 0.093077 
3218.949170 0.093951 
3217.448538 0.095361 
3215.947905 0.095749 
3214.447272 0.097050 
3212.946640 0.098447 
3211.446007 0.100497 
3209.945375 0.100785 
3208.444742 0.102541 
3206.944110 0.103144 
3205.443477 0.104123 
3203.942845 0.105235 
3202.442212 0.107543 
3200.941580 0.108198 
3199.440947 0.107436 
3197.940314 0.108687 
3196.439682 0.111060 
3194.939049 0.114415 
3193.438417 0.110841 
3191.937784 0.113361 
3190.437152 0.116040 
3188.936519 0.117635 
3187.435887 0.118152 
3185.935254 0.118713 
3184.434622 0.121609 
3182.933989 0.124602 
3181.433356 0.125753 
3179.932724 0.125498 
3178.432091 0.127342 
3176.931459 0.127838 
3175.430826 0.129819 
3173.930194 0.133672 
3172.429561 0.135384 
3170.928929 0.136446 
3169.428296 0.136907 
3167.927664 0.138447 
3166.427031 0.141016 
3164.926398 0.140169 
3163.425766 0.143011 
3161.925133 0.145183 
3160.424501 0.144544 
3158.923868 0.147126 
3157.423236 0.150981 
3155.922603 0.152274 
3154.421971 0.152019 
3152.921338 0.151315 
3151.420706 0.153310 
3149.920073 0.153510 
3148.419440 0.154496 
3146.918808 0.156436 
3145.418175 0.155271 
3143.917543 0.158242 
3142.416910 0.160396 
3140.916278 0.159290 
3139.415645 0.162524 
3137.915013 0.162954 
3136.414380 0.167025 
3134.913748 0.165288 
3133.413115 0.166161 
3131.912482 0.167607 
3130.411850 0.168993 
3128.911217 0.169941 
3127.410585 0.172370 
3125.909952 0.171652 
3124.409320 0.174217 
3122.908687 0.174694 
3121.408055 0.175883 
3119.907422 0.177942 
3118.406790 0.179917 
3116.906157 0.180509 
3115.405525 0.180938 
3113.904892 0.182988 
3112.404259 0.182646 
3110.903627 0.185104 
3109.402994 0.184590 
3107.902362 0.187080 
3106.401729 0.187424 
3104.901097 0.191465 
3103.400464 0.190243 
3101.899832 0.189335 
3100.399199 0.190850 
3098.898567 0.190398 
3097.397934 0.190309 
3095.897301 0.192661 
3094.396669 0.194132 
3092.896036 0.196067 
3091.395404 0.194419 
3089.894771 0.196386 
3088.394139 0.199729 
3086.893506 0.202615 
3085.392874 0.207190 
3083.892241 0.205911 
3082.391609 0.209453 
3080.890976 0.212423 
3079.390343 0.217716 
3077.889711 0.218741 
3076.389078 0.223895 
3074.888446 0.227076 
3073.387813 0.230700 
3071.887181 0.231515 
3070.386548 0.237667 
3068.885916 0.239650 
3067.385283 0.242634 
3065.884651 0.245911 
3064.384018 0.247356 
3062.883385 0.248849 
3061.382753 0.250691 
3059.882120 0.250569 
3058.381488 0.251752 
3056.880855 0.250149 
3055.380223 0.250709 
3053.879590 0.252354 
3052.378958 0.248939 
3050.878325 0.248767 
3049.377693 0.250017 
3047.877060 0.248951 
3046.376427 0.251474 
3044.875795 0.247876 
3043.375162 0.249043 
3041.874530 0.248922 
3040.373897 0.246725 
3038.873265 0.245312 
3037.372632 0.242258 
3035.872000 0.239060 
3034.371367 0.237695 
3032.870735 0.234715 
3031.370102 0.231570 
3029.869469 0.227251 
3028.368837 0.227281 
3026.868204 0.223898 
3025.367572 0.219593 
3023.866939 0.219988 
3022.366307 0.217846 
3020.865674 0.217803 
3019.365042 0.214780 
3017.864409 0.212452 
3016.363777 0.210903 
3014.863144 0.213470 
3013.362512 0.213871 
3011.861879 0.215460 
3010.361246 0.213963 
3008.860614 0.215897 
3007.359981 0.218562 
3005.859349 0.218193 
3004.358716 0.221883 
3002.858084 0.222602 
3001.357451 0.223672 
2999.856819 0.225618 
2998.356186 0.231013 
2996.855554 0.230083 
2995.354921 0.233047 
2993.854288 0.233708 
2992.353656 0.238396 
2990.853023 0.240579 
2989.352391 0.242202 
2987.851758 0.247598 
2986.351126 0.245657 
2984.850493 0.249505 
2983.349861 0.252270 
2981.849228 0.253993 
2980.348596 0.254686 
2978.847963 0.255409 
2977.347330 0.257650 
2975.846698 0.258214 
2974.346065 0.262703 
2972.845433 0.259985 
2971.344800 0.260478 
2969.844168 0.264766 
2968.343535 0.263113 
2966.842903 0.264962 
2965.342270 0.267932 
2963.841638 0.267274 
2962.341005 0.270039 
2960.840372 0.270763 
2959.339740 0.274303 
2957.839107 0.273220 
2956.338475 0.273307 
2954.837842 0.273768 
2953.337210 0.271689 
2951.836577 0.271235 
2950.335945 0.271056 
2948.835312 0.271104 
2947.334680 0.267472 
2945.834047 0.266951 
2944.333414 0.266590 
2942.832782 0.263755 
2941.332149 0.261740 
2939.831517 0.258543 
2938.330884 0.258674 
2936.830252 0.256346 
2935.329619 0.256031 
2933.828987 0.252751 
2932.328354 0.251208 
2930.827722 0.249850 
2929.327089 0.246476 
2927.826456 0.247081 
2926.325824 0.244874 
2924.825191 0.245859 
2923.324559 0.243256 
2921.823926 0.239346 
2920.323294 0.239988 
2918.822661 0.238760 
2917.322029 0.236703 
2915.821396 0.236421 
2914.320764 0.236703 
2912.820131 0.232777 
2911.319498 0.232313 
2909.818866 0.233330 
2908.318233 0.231007 
2906.817601 0.228854 
2905.316968 0.229201 
2903.816336 0.227795 
2902.315703 0.222764 
2900.815071 0.222097 
2899.314438 0.219278 
2897.813806 0.215298 
2896.313173 0.213218 
2894.812541 0.209655 
2893.311908 0.207838 
2891.811275 0.203011 
2890.310643 0.199928 
2888.810010 0.197461 
2887.309378 0.191770 
2885.808745 0.189765 
2884.308113 0.184605 
2882.807480 0.182137 
2881.306848 0.178487 
2879.806215 0.175135 
2878.305583 0.171020 
2876.804950 0.167520 
2875.304317 0.164451 
2873.803685 0.161698 
2872.303052 0.158659 
2870.802420 0.156430 
2869.301787 0.154472 
2867.801155 0.152250 
2866.300522 0.150070 
2864.799890 0.148119 
2863.299257 0.147061 
2861.798625 0.144242 
2860.297992 0.139284 
2858.797359 0.139577 
2857.296727 0.140437 
2855.796094 0.138059 
2854.295462 0.136362 
2852.794829 0.134611 
2851.294197 0.133875 
2849.793564 0.131853 
2848.292932 0.129612 
2846.792299 0.128444 
2845.291667 0.125830 
2843.791034 0.127363 
2842.290401 0.125456 
2840.789769 0.123976 
2839.289136 0.126454 
2837.788504 0.124838 
2836.287871 0.125752 
2834.787239 0.124787 
2833.286606 0.124467 
2831.785974 0.125456 
2830.285341 0.126550 
2828.784709 0.126364 
2827.284076 0.129303 
2825.783443 0.128565 
2824.282811 0.126885 
2822.782178 0.127256 
2821.281546 0.129962 
2819.780913 0.130301 
2818.280281 0.129827 
2816.779648 0.130025 
2815.279016 0.128512 
2813.778383 0.130086 
2812.277751 0.129434 
2810.777118 0.132264 
2809.276485 0.131425 
2807.775853 0.133846 
2806.275220 0.133898 
2804.774588 0.135628 
2803.273955 0.136329 
2801.773323 0.139216 
2800.272690 0.140813 
2798.772058 0.143037 
2797.271425 0.145178 
2795.770793 0.145390 
2794.270160 0.149482 
2792.769528 0.151964 
2791.268895 0.153851 
2789.768262 0.154368 
2788.267630 0.156798 
2786.766997 0.158972 
2785.266365 0.158789 
2783.765732 0.162057 
2782.265100 0.162986 
2780.764467 0.166941 
2779.263835 0.166331 
2777.763202 0.168632 
2776.262570 0.170733 
2774.761937 0.171847 
2773.261304 0.174614 
2771.760672 0.174478 
2770.260039 0.176492 
2768.759407 0.178472 
2767.258774 0.177716 
2765.758142 0.178920 
2764.257509 0.177929 
2762.756877 0.178938 
2761.256244 0.178231 
2759.755612 0.176366 
2758.254979 0.176496 
2756.754346 0.175719 
2755.253714 0.175798 
2753.753081 0.175662 
2752.252449 0.174625 
2750.751816 0.174158 
2749.251184 0.173595 
2747.750551 0.171817 
2746.249919 0.170554 
2744.749286 0.171768 
2743.248654 0.171535 
2741.748021 0.169626 
2740.247388 0.166191 
2738.746756 0.163826 
2737.246123 0.162443 
2735.745491 0.161224 
2734.244858 0.158821 
2732.744226 0.154872 
2731.243593 0.154163 
2729.742961 0.149604 
2728.242328 0.146183 
2726.741696 0.143924 
2725.241063 0.140653 
2723.740430 0.138630 
2722.239798 0.135618 
2720.739165 0.131613 
2719.238533 0.127774 
2717.737900 0.123054 
2716.237268 0.121289 
2714.736635 0.118597 
2713.236003 0.114590 
2711.735370 0.111002 
2710.234738 0.106563 
2708.734105 0.104322 
2707.233472 0.102338 
2705.732840 0.097441 
2704.232207 0.094273 
2702.731575 0.091752 
2701.230942 0.089293 
2699.730310 0.086399 
2698.229677 0.082645 
2696.729045 0.078472 
2695.228412 0.078302 
2693.727780 0.074286 
2692.227147 0.072586 
2690.726515 0.069981 
2689.225882 0.068894 
2687.725249 0.065847 
2686.224617 0.064347 
2684.723984 0.062683 
2683.223352 0.061969 
2681.722719 0.061195 
2680.222087 0.058073 
2678.721454 0.056606 
2677.220822 0.057958 
2675.720189 0.056134 
2674.219557 0.054261 
2672.718924 0.055372 
2671.218291 0.054083 
2669.717659 0.052715 
2668.217026 0.052921 
2666.716394 0.054037 
2665.215761 0.054168 
2663.715129 0.053816 
2662.214496 0.053743 
2660.713864 0.054589 
2659.213231 0.053564 
2657.712599 0.054277 
2656.211966 0.057987 
2654.711333 0.056223 
2653.210701 0.055290 
2651.710068 0.056836 
2650.209436 0.059930 
2648.708803 0.061955 
2647.208171 0.061990 
2645.707538 0.063729 
2644.206906 0.064944 
2642.706273 0.068527 
2641.205641 0.069327 
2639.705008 0.071441 
2638.204375 0.072688 
2636.703743 0.074962 
2635.203110 0.077466 
2633.702478 0.080337 
2632.201845 0.081146 
2630.701213 0.086593 
2629.200580 0.087791 
2627.699948 0.088045 
2626.199315 0.090164 
2624.698683 0.092714 
2623.198050 0.092529 
2621.697417 0.094290 
2620.196785 0.095668 
2618.696152 0.097077 
2617.195520 0.097677 
2615.694887 0.098002 
2614.194255 0.099711 
2612.693622 0.100053 
2611.192990 0.099500 
2609.692357 0.101868 
2608.191725 0.102327 
2606.691092 0.104679 
2605.190459 0.104711 
2603.689827 0.106709 
2602.189194 0.108961 
2600.688562 0.112049 
2599.187929 0.114165 
2597.687297 0.116113 
2596.186664 0.117146 
2594.686032 0.120385 
2593.185399 0.123819 
2591.684767 0.127159 
2590.184134 0.129105 
2588.683502 0.131867 
2587.182869 0.133169 
2585.682236 0.135684 
2584.181604 0.136398 
2582.680971 0.139149 
2581.180339 0.138454 
2579.679706 0.137673 
2578.179074 0.140795 
2576.678441 0.138352 
2575.177809 0.134705 
2573.677176 0.135624 
2572.176544 0.132175 
2570.675911 0.128885 
2569.175278 0.126261 
2567.674646 0.123173 
2566.174013 0.120444 
2564.673381 0.117247 
2563.172748 0.113822 
2561.672116 0.110901 
2560.171483 0.107796 
2558.670851 0.105798 
2557.170218 0.103394 
2555.669586 0.098769 
2554.168953 0.095085 
2552.668320 0.092865 
2551.167688 0.090873 
2549.667055 0.088364 
2548.166423 0.084075 
2546.665790 0.082496 
2545.165158 0.079873 
2543.664525 0.077176 
2542.163893 0.073008 
2540.663260 0.071011 
2539.162628 0.068791 
2537.661995 0.066647 
2536.161362 0.062949 
2534.660730 0.062382 
2533.160097 0.060692 
2531.659465 0.058631 
2530.158832 0.057454 
2528.658200 0.054926 
2527.157567 0.052601 
2525.656935 0.050586 
2524.156302 0.047863 
2522.655670 0.048837 
2521.155037 0.045772 
2519.654404 0.044140 
2518.153772 0.041972 
2516.653139 0.040194 
2515.152507 0.040131 
2513.651874 0.039281 
2512.151242 0.037496 
2510.650609 0.038219 
2509.149977 0.037241 
2507.649344 0.035417 
2506.148712 0.034931 
2504.648079 0.032610 
2503.147446 0.034460 
2501.646814 0.033056 
2500.146181 0.030721 
2498.645549 0.031442 
2497.144916 0.029872 
2495.644284 0.030864 
2494.143651 0.029646 
2492.643019 0.028993 
2491.142386 0.028048 
2489.641754 0.028412 
2488.141121 0.028469 
2486.640488 0.026901 
2485.139856 0.025490 
2483.639223 0.026790 
2482.138591 0.024583 
2480.637958 0.025098 
2479.137326 0.025632 
2477.636693 0.024241 
2476.136061 0.024904 
2474.635428 0.025038 
2473.134796 0.024000 
2471.634163 0.023373 
2470.133531 0.023091 
2468.632898 0.022751 
2467.132265 0.023900 
2465.631633 0.021627 
2464.131000 0.021495 
2462.630368 0.020366 
2461.129735 0.021739 
2459.629103 0.020631 
2458.128470 0.019188 
2456.627838 0.020481 
2455.127205 0.019560 
2453.626573 0.019138 
2452.125940 0.019068 
2450.625307 0.019129 
2449.124675 0.019883 
2447.624042 0.018353 
2446.123410 0.018108 
2444.622777 0.017564 
2443.122145 0.017131 
2441.621512 0.016951 
2440.120880 0.016970 
2438.620247 0.017044 
2437.119615 0.017025 
2435.618982 0.014833 
2434.118349 0.014301 
2432.617717 0.015098 
2431.117084 0.013954 
2429.616452 0.013227 
2428.115819 0.013438 
2426.615187 0.013366 
2425.114554 0.013279 
2423.613922 0.012069 
2422.113289 0.010879 
2420.612657 0.012116 
2419.112024 0.010597 
2417.611391 0.010087 
2416.110759 0.010227 
2414.610126 0.009015 
2413.109494 0.009255 
2411.608861 0.007883 
2410.108229 0.007194 
2408.607596 0.007015 
2407.106964 0.006755 
2405.606331 0.006049 
2404.105699 0.004959 
2402.605066 0.003868 
2401.104433 0.003060 
2399.603801 0.003736 
2398.103168 0.003139 
2396.602536 0.002052 
2395.101903 0.002865 
2393.601271 0.000671 
2392.100638 0.001103 
2390.600006 -0.000195 
2389.099373 -0.000879 
2387.598741 0.000509 
2386.098108 -0.001896 
2384.597475 -0.001537 
2383.096843 -0.000653 
2381.596210 -0.001863 
2380.095578 -0.002853 
2378.594945 -0.002684 
2377.094313 -0.004439 
2375.593680 -0.003417 
2374.093048 -0.005862 
2372.592415 -0.005827 
2371.091783 -0.005527 
2369.591150 -0.008148 
2368.090518 -0.008004 
2366.589885 -0.005800 
2365.089252 -0.007046 
2363.588620 -0.006591 
2362.087987 -0.007754 
2360.587355 -0.010718 
2359.086722 -0.010478 
2357.586090 -0.007753 
2356.085457 -0.003208 
2354.584825 0.000225 
2353.084192 0.013166 
2351.583560 0.033338 
2350.082927 0.061400 
2348.582294 0.102275 
2347.081662 0.147412 
2345.581029 0.196170 
2344.080397 0.229768 
2342.579764 0.235149 
2341.079132 0.197614 
2339.578499 0.130816 
2338.077867 0.071915 
2336.577234 0.036044 
2335.076602 0.013713 
2333.575969 0.002186 
2332.075336 -0.004086 
2330.574704 -0.007340 
2329.074071 -0.010124 
2327.573439 -0.007300 
2326.072806 -0.007338 
2324.572174 -0.008270 
2323.071541 -0.009979 
2321.570909 -0.011664 
2320.070276 -0.010326 
2318.569644 -0.009592 
2317.069011 -0.011765 
2315.568378 -0.012915 
2314.067746 -0.011428 
2312.567113 -0.011612 
2311.066481 -0.012786 
2309.565848 -0.012590 
2308.065216 -0.013806 
2306.564583 -0.011429 
2305.063951 -0.012594 
2303.563318 -0.012091 
2302.062686 -0.012856 
2300.562053 -0.013894 
2299.061420 -0.013856 
2297.560788 -0.014280 
2296.060155 -0.014389 
2294.559523 -0.013884 
2293.058890 -0.013958 
2291.558258 -0.014539 
2290.057625 -0.015123 
2288.556993 -0.014653 
2287.056360 -0.015214 
2285.555728 -0.015450 
2284.055095 -0.014710 
2282.554462 -0.015956 
2281.053830 -0.012987 
2279.553197 -0.013505 
2278.052565 -0.012396 
2276.551932 -0.012727 
2275.051300 -0.013671 
2273.550667 -0.016680 
2272.050035 -0.017576 
2270.549402 -0.017277 
2269.048770 -0.016060 
2267.548137 -0.015680 
2266.047505 -0.015936 
2264.546872 -0.016885 
2263.046239 -0.017519 
2261.545607 -0.016617 
2260.044974 -0.016613 
2258.544342 -0.017137 
2257.043709 -0.017558 
2255.543077 -0.018292 
2254.042444 -0.017150 
2252.541812 -0.017682 
2251.041179 -0.017999 
2249.540547 -0.017380 
2248.039914 -0.017557 
2246.539281 -0.017759 
2245.038649 -0.018149 
2243.538016 -0.017967 
2242.037384 -0.017280 
2240.536751 -0.017939 
2239.036119 -0.018210 
2237.535486 -0.017556 
2236.034854 -0.018418 
2234.534221 -0.018469 
2233.033589 -0.017817 
2231.532956 -0.018003 
2230.032323 -0.019313 
2228.531691 -0.019657 
2227.031058 -0.018272 
2225.530426 -0.017603 
2224.029793 -0.017990 
2222.529161 -0.018268 
2221.028528 -0.018752 
2219.527896 -0.018509 
2218.027263 -0.018449 
2216.526631 -0.017870 
2215.025998 -0.019813 
2213.525365 -0.019064 
2212.024733 -0.018521 
2210.524100 -0.019484 
2209.023468 -0.018175 
2207.522835 -0.019405 
2206.022203 -0.019245 
2204.521570 -0.019222 
2203.020938 -0.018654 
2201.520305 -0.018674 
2200.019673 -0.017466 
2198.519040 -0.019580 
2197.018407 -0.019027 
2195.517775 -0.018923 
2194.017142 -0.018466 
2192.516510 -0.018655 
2191.015877 -0.018764 
2189.515245 -0.018931 
2188.014612 -0.017736 
2186.513980 -0.018466 
2185.013347 -0.017893 
2183.512715 -0.018884 
2182.012082 -0.017717 
2180.511449 -0.018164 
2179.010817 -0.018021 
2177.510184 -0.018017 
2176.009552 -0.017479 
2174.508919 -0.017493 
2173.008287 -0.017275 
2171.507654 -0.018024 
2170.007022 -0.017226 
2168.506389 -0.016439 
2167.005757 -0.018348 
2165.505124 -0.016572 
2164.004491 -0.016917 
2162.503859 -0.016436 
2161.003226 -0.016004 
2159.502594 -0.015192 
2158.001961 -0.016006 
2156.501329 -0.014988 
2155.000696 -0.015005 
2153.500064 -0.015572 
2151.999431 -0.015621 
2150.498799 -0.015277 
2148.998166 -0.015822 
2147.497534 -0.015005 
2145.996901 -0.015800 
2144.496268 -0.014541 
2142.995636 -0.016308 
2141.495003 -0.015130 
2139.994371 -0.014501 
2138.493738 -0.013976 
2136.993106 -0.015194 
2135.492473 -0.014909 
2133.991841 -0.013578 
2132.491208 -0.014558 
2130.990576 -0.013417 
2129.489943 -0.014546 
2127.989310 -0.014739 
2126.488678 -0.014561 
2124.988045 -0.014318 
2123.487413 -0.014325 
2121.986780 -0.014219 
2120.486148 -0.014226 
2118.985515 -0.013677 
2117.484883 -0.014439 
2115.984250 -0.014226 
2114.483618 -0.014329 
2112.982985 -0.012545 
2111.482352 -0.013604 
2109.981720 -0.014755 
2108.481087 -0.012794 
2106.980455 -0.012643 
2105.479822 -0.012664 
2103.979190 -0.011869 
2102.478557 -0.012940 
2100.977925 -0.011735 
2099.477292 -0.012097 
2097.976660 -0.014192 
2096.476027 -0.012374 
2094.975394 -0.011467 
2093.474762 -0.011484 
2091.974129 -0.011593 
2090.473497 -0.011292 
2088.972864 -0.012514 
2087.472232 -0.012419 
2085.971599 -0.012172 
2084.470967 -0.011837 
2082.970334 -0.013577 
2081.469702 -0.012218 
2079.969069 -0.012499 
2078.468436 -0.012844 
2076.967804 -0.012409 
2075.467171 -0.012276 
2073.966539 -0.012847 
2072.465906 -0.012125 
2070.965274 -0.012750 
2069.464641 -0.013090 
2067.964009 -0.012054 
2066.463376 -0.011602 
2064.962744 -0.012244 
2063.462111 -0.013607 
2061.961478 -0.012380 
2060.460846 -0.011971 
2058.960213 -0.012151 
2057.459581 -0.012577 
2055.958948 -0.012813 
2054.458316 -0.011280 
2052.957683 -0.010832 
2051.457051 -0.011032 
2049.956418 -0.011545 
2048.455786 -0.012061 
2046.955153 -0.010658 
2045.454521 -0.012152 
2043.953888 -0.012207 
2042.453255 -0.011987 
2040.952623 -0.011901 
2039.451990 -0.012268 
2037.951358 -0.012445 
2036.450725 -0.012549 
2034.950093 -0.011970 
2033.449460 -0.013474 
2031.948828 -0.012799 
2030.448195 -0.012482 
2028.947563 -0.014198 
2027.446930 -0.012974 
2025.946297 -0.012538 
2024.445665 -0.013395 
2022.945032 -0.013935 
2021.444400 -0.014119 
2019.943767 -0.014374 
2018.443135 -0.013304 
2016.942502 -0.014539 
2015.441870 -0.013449 
2013.941237 -0.014720 
2012.440605 -0.015220 
2010.939972 -0.014388 
2009.439339 -0.014959 
2007.938707 -0.015352 
2006.438074 -0.014365 
2004.937442 -0.014564 
2003.436809 -0.014277 
2001.936177 -0.014365 
2000.435544 -0.014445 
1998.934912 -0.013383 
1997.434279 -0.014488 
1995.933647 -0.014519 
1994.433014 -0.015507 
1992.932381 -0.015487 
1991.431749 -0.014415 
1989.931116 -0.014656 
1988.430484 -0.014708 
1986.929851 -0.015102 
1985.429219 -0.013808 
1983.928586 -0.014723 
1982.427954 -0.014415 
1980.927321 -0.015190 
1979.426689 -0.014943 
1977.926056 -0.015213 
1976.425423 -0.014147 
1974.924791 -0.014307 
1973.424158 -0.013727 
1971.923526 -0.013936 
1970.422893 -0.014887 
1968.922261 -0.015097 
1967.421628 -0.014718 
1965.920996 -0.013929 
1964.420363 -0.014095 
1962.919731 -0.014215 
1961.419098 -0.013684 
1959.918465 -0.013723 
1958.417833 -0.014760 
1956.917200 -0.014614 
1955.416568 -0.014653 
1953.915935 -0.014761 
1952.415303 -0.013406 
1950.914670 -0.013251 
1949.414038 -0.012164 
1947.913405 -0.013540 
1946.412773 -0.013121 
1944.912140 -0.013131 
1943.411508 -0.012637 
1941.910875 -0.013530 
1940.410242 -0.013120 
1938.909610 -0.012283 
1937.408977 -0.011385 
1935.908345 -0.011588 
1934.407712 -0.010988 
1932.907080 -0.010570 
1931.406447 -0.010757 
1929.905815 -0.010901 
1928.405182 -0.010737 
1926.904550 -0.009927 
1925.403917 -0.009663 
1923.903284 -0.009760 
1922.402652 -0.009028 
1920.902019 -0.009174 
1919.401387 -0.008205 
1917.900754 -0.008484 
1916.400122 -0.008186 
1914.899489 -0.007715 
1913.398857 -0.008127 
1911.898224 -0.007507 
1910.397592 -0.008144 
1908.896959 -0.006775 
1907.396326 -0.006396 
1905.895694 -0.007480 
1904.395061 -0.007261 
1902.894429 -0.006284 
1901.393796 -0.005543 
1899.893164 -0.006914 
1898.392531 -0.007153 
1896.891899 -0.006416 
1895.391266 -0.006608 
1893.890634 -0.006467 
1892.390001 -0.006130 
1890.889368 -0.005885 
1889.388736 -0.007441 
1887.888103 -0.005318 
1886.387471 -0.007437 
1884.886838 -0.007652 
1883.386206 -0.007164 
1881.885573 -0.006992 
1880.384941 -0.007550 
1878.884308 -0.006905 
1877.383676 -0.007127 
1875.883043 -0.007499 
1874.382410 -0.007298 
1872.881778 -0.007781 
1871.381145 -0.008069 
1869.880513 -0.007681 
1868.379880 -0.007522 
1866.879248 -0.008584 
1865.378615 -0.008482 
1863.877983 -0.009456 
1862.377350 -0.008011 
1860.876718 -0.007638 
1859.376085 -0.009323 
1857.875452 -0.007972 
1856.374820 -0.009062 
1854.874187 -0.009234 
1853.373555 -0.009710 
1851.872922 -0.008524 
1850.372290 -0.008104 
1848.871657 -0.007629 
1847.371025 -0.008640 
1845.870392 -0.008642 
1844.369760 -0.008149 
1842.869127 -0.008861 
1841.368494 -0.009302 
1839.867862 -0.007711 
1838.367229 -0.008296 
1836.866597 -0.008635 
1835.365964 -0.007665 
1833.865332 -0.007786 
1832.364699 -0.008208 
1830.864067 -0.006549 
1829.363434 -0.006802 
1827.862802 -0.007415 
1826.362169 -0.006546 
1824.861537 -0.007443 
1823.360904 -0.006173 
1821.860271 -0.005997 
1820.359639 -0.006731 
1818.859006 -0.005628 
1817.358374 -0.004955 
1815.857741 -0.004981 
1814.357109 -0.004560 
1812.856476 -0.003597 
1811.355844 -0.004134 
1809.855211 -0.003477 
1808.354579 -0.004655 
1806.853946 -0.002924 
1805.353313 -0.003373 
1803.852681 -0.003705 
1802.352048 -0.002170 
1800.851416 -0.001991 
1799.350783 -0.001423 
1797.850151 -0.001630 
1796.349518 -0.001097 
1794.848886 0.000174 
1793.348253 0.000807 
1791.847621 -0.000624 
1790.346988 0.001726 
1788.846355 0.000897 
1787.345723 0.002173 
1785.845090 0.002742 
1784.344458 0.002292 
1782.843825 0.003209 
1781.343193 0.005601 
1779.842560 0.004869 
1778.341928 0.006324 
1776.841295 0.007131 
1775.340663 0.008912 
1773.840030 0.008832 
1772.339397 0.010226 
1770.838765 0.011626 
1769.338132 0.014079 
1767.837500 0.014818 
1766.336867 0.017640 
1764.836235 0.018887 
1763.335602 0.021331 
1761.834970 0.024720 
1760.334337 0.028423 
1758.833705 0.032452 
1757.333072 0.036820 
1755.832439 0.043367 
1754.331807 0.051697 
1752.831174 0.062673 
1751.330542 0.077294 
1749.829909 0.097520 
1748.329277 0.125255 
1746.828644 0.160300 
1745.328012 0.195180 
1743.827379 0.231625 
1742.326747 0.267948 
1740.826114 0.297918 
1739.325481 0.330300 
1737.824849 0.356616 
1736.324216 0.385749 
1734.823584 0.412951 
1733.322951 0.439960 
1731.822319 0.462796 
1730.321686 0.487905 
1728.821054 0.508871 
1727.320421 0.536226 
1725.819789 0.561600 
1724.319156 0.582256 
1722.818524 0.605766 
1721.317891 0.629351 
1719.817258 0.649268 
1718.316626 0.668978 
1716.815993 0.689691 
1715.315361 0.711431 
1713.814728 0.722220 
1712.314096 0.731902 
1710.813463 0.746944 
1709.312831 0.758372 
1707.812198 0.761071 
1706.311566 0.758875 
1704.810933 0.749535 
1703.310300 0.746376 
1701.809668 0.725019 
1700.309035 0.707570 
1698.808403 0.683429 
1697.307770 0.650989 
1695.807138 0.617591 
1694.306505 0.579456 
1692.805873 0.542036 
1691.305240 0.502188 
1689.804608 0.467238 
1688.303975 0.433725 
1686.803342 0.400513 
1685.302710 0.372486 
1683.802077 0.347803 
1682.301445 0.326076 
1680.800812 0.309863 
1679.300180 0.294913 
1677.799547 0.282019 
1676.298915 0.271642 
1674.798282 0.262296 
1673.297650 0.254488 
1671.797017 0.247323 
1670.296384 0.242000 
1668.795752 0.236566 
1667.295119 0.229947 
1665.794487 0.224848 
1664.293854 0.221641 
1662.793222 0.217176 
1661.292589 0.211948 
1659.791957 0.208508 
1658.291324 0.204365 
1656.790692 0.201454 
1655.290059 0.198873 
1653.789426 0.196623 
1652.288794 0.192700 
1650.788161 0.191512 
1649.287529 0.186886 
1647.786896 0.185347 
1646.286264 0.182159 
1644.785631 0.178858 
1643.284999 0.175706 
1641.784366 0.172921 
1640.283734 0.168958 
1638.783101 0.166246 
1637.282468 0.162067 
1635.781836 0.159127 
1634.281203 0.156984 
1632.780571 0.154031 
1631.279938 0.150686 
1629.779306 0.148847 
1628.278673 0.145184 
1626.778041 0.142318 
1625.277408 0.139270 
1623.776776 0.136981 
1622.276143 0.131830 
1620.775511 0.128551 
1619.274878 0.125503 
1617.774245 0.120201 
1616.273613 0.116269 
1614.772980 0.111612 
1613.272348 0.107450 
1611.771715 0.103218 
1610.271083 0.101067 
1608.770450 0.095799 
1607.269818 0.092210 
1605.769185 0.088835 
1604.268553 0.083573 
1602.767920 0.079386 
1601.267287 0.075759 
1599.766655 0.071018 
1598.266022 0.067165 
1596.765390 0.061742 
1595.264757 0.056453 
1593.764125 0.050729 
1592.263492 0.046769 
1590.762860 0.042004 
1589.262227 0.037481 
1587.761595 0.033865 
1586.260962 0.029139 
1584.760329 0.025921 
1583.259697 0.023541 
1581.759064 0.019327 
1580.258432 0.017071 
1578.757799 0.013349 
1577.257167 0.011004 
1575.756534 0.008729 
1574.255902 0.006824 
1572.755269 0.004829 
1571.254637 0.004498 
1569.754004 0.001845 
1568.253371 -0.000164 
1566.752739 -0.001207 
1565.252106 -0.001734 
1563.751474 -0.004268 
1562.250841 -0.003920 
1560.750209 -0.005784 
1559.249576 -0.006099 
1557.748944 -0.007329 
1556.248311 -0.008527 
1554.747679 -0.008322 
1553.247046 -0.009329 
1551.746413 -0.010641 
1550.245781 -0.010240 
1548.745148 -0.011528 
1547.244516 -0.011914 
1545.743883 -0.013195 
1544.243251 -0.012853 
1542.742618 -0.013360 
1541.241986 -0.014037 
1539.741353 -0.015580 
1538.240721 -0.014891 
1536.740088 -0.014693 
1535.239455 -0.015063 
1533.738823 -0.015181 
1532.238190 -0.016386 
1530.737558 -0.016995 
1529.236925 -0.017205 
1527.736293 -0.016080 
1526.235660 -0.013730 
1524.735028 -0.011309 
1523.234395 -0.007472 
1521.733763 -0.006497 
1520.233130 -0.007084 
1518.732497 -0.008432 
1517.231865 -0.011547 
1515.731232 -0.015056 
1514.230600 -0.016365 
1512.729967 -0.018696 
1511.229335 -0.018694 
1509.728702 -0.018084 
1508.228070 -0.019581 
1506.727437 -0.019531 
1505.226805 -0.020335 
1503.726172 -0.019090 
1502.225540 -0.020524 
1500.724907 -0.019878 
1499.224274 -0.020043 
1497.723642 -0.020410 
1496.223009 -0.019704 
1494.722377 -0.020704 
1493.221744 -0.020303 
1491.721112 -0.020344 
1490.220479 -0.020760 
1488.719847 -0.019940 
1487.219214 -0.021275 
1485.718582 -0.019982 
1484.217949 -0.020652 
1482.717316 -0.020934 
1481.216684 -0.020707 
1479.716051 -0.021818 
1478.215419 -0.022190 
1476.714786 -0.019852 
1475.214154 -0.020782 
1473.713521 -0.020748 
1472.212889 -0.019929 
1470.712256 -0.021490 
1469.211624 -0.021434 
1467.710991 -0.020604 
1466.210358 -0.021655 
1464.709726 -0.021717 
1463.209093 -0.020497 
1461.708461 -0.020905 
1460.207828 -0.020934 
1458.707196 -0.020843 
1457.206563 -0.020297 
1455.705931 -0.019975 
1454.205298 -0.020224 
1452.704666 -0.019991 
1451.204033 -0.019469 
1449.703400 -0.019728 
1448.202768 -0.018615 
1446.702135 -0.019583 
1445.201503 -0.016995 
1443.700870 -0.018078 
1442.200238 -0.016545 
1440.699605 -0.015620 
1439.198973 -0.015659 
1437.698340 -0.015363 
1436.197708 -0.013615 
1434.697075 -0.014188 
1433.196442 -0.013160 
1431.695810 -0.011508 
1430.195177 -0.011054 
1428.694545 -0.009717 
1427.193912 -0.008876 
1425.693280 -0.007385 
1424.192647 -0.006863 
1422.692015 -0.003385 
1421.191382 -0.000513 
1419.690750 0.003245 
1418.190117 0.006349 
1416.689484 0.007752 
1415.188852 0.014738 
1413.688219 0.017467 
1412.187587 0.021497 
1410.686954 0.025011 
1409.186322 0.026395 
1407.685689 0.030802 
1406.185057 0.030699 
1404.684424 0.032630 
1403.183792 0.032565 
1401.683159 0.031607 
1400.182527 0.032495 
1398.681894 0.031956 
1397.181261 0.033104 
1395.680629 0.034354 
1394.179996 0.035388 
1392.679364 0.036531 
1391.178731 0.037703 
1389.678099 0.039566 
1388.177466 0.039398 
1386.676834 0.039621 
1385.176201 0.038564 
1383.675569 0.038794 
1382.174936 0.039105 
1380.674303 0.042030 
1379.173671 0.042697 
1377.673038 0.046826 
1376.172406 0.051125 
1374.671773 0.054372 
1373.171141 0.057639 
1371.670508 0.056222 
1370.169876 0.053629 
1368.669243 0.048055 
1367.168611 0.041198 
1365.667978 0.034706 
1364.167345 0.027329 
1362.666713 0.021056 
1361.166080 0.015716 
1359.665448 0.010247 
1358.164815 0.007631 
1356.664183 0.003057 
1355.163550 0.000609 
1353.662918 -0.002120 
1352.162285 -0.003545 
1350.661653 -0.006149 
1349.161020 -0.006910 
1347.660387 -0.008808 
1346.159755 -0.009993 
1344.659122 -0.011434 
1343.158490 -0.011570 
1341.657857 -0.012951 
1340.157225 -0.012531 
1338.656592 -0.013585 
1337.155960 -0.014218 
1335.655327 -0.014642 
1334.154695 -0.013627 
1332.654062 -0.013581 
1331.153429 -0.015470 
1329.652797 -0.014511 
1328.152164 -0.016005 
1326.651532 -0.015470 
1325.150899 -0.015433 
1323.650267 -0.014643 
1322.149634 -0.015661 
1320.649002 -0.015823 
1319.148369 -0.015147 
1317.647737 -0.015599 
1316.147104 -0.014071 
1314.646471 -0.015579 
1313.145839 -0.014929 
1311.645206 -0.014900 
1310.144574 -0.014468 
1308.643941 -0.014463 
1307.143309 -0.014959 
1305.642676 -0.012792 
1304.142044 -0.012075 
1302.641411 -0.013333 
1301.140779 -0.012864 
1299.640146 -0.010954 
1298.139514 -0.010403 
1296.638881 -0.009914 
1295.138248 -0.009950 
1293.637616 -0.007697 
1292.136983 -0.007327 
1290.636351 -0.007310 
1289.135718 -0.006288 
1287.635086 -0.005658 
1286.134453 -0.004233 
1284.633821 -0.003789 
1283.133188 -0.002149 
1281.632556 -0.000766 
1280.131923 0.000725 
1278.631290 0.002806 
1277.130658 0.004820 
1275.630025 0.007425 
1274.129393 0.009831 
1272.628760 0.014467 
1271.128128 0.019922 
1269.627495 0.025438 
1268.126863 0.030543 
1266.626230 0.038152 
1265.125598 0.047276 
1263.624965 0.056077 
1262.124332 0.065147 
1260.623700 0.075669 
1259.123067 0.086291 
1257.622435 0.094740 
1256.121802 0.104859 
1254.621170 0.114550 
1253.120537 0.122494 
1251.619905 0.130924 
1250.119272 0.139231 
1248.618640 0.146454 
1247.118007 0.153601 
1245.617374 0.163032 
1244.116742 0.171709 
1242.616109 0.182123 
1241.115477 0.193372 
1239.614844 0.201989 
1238.114212 0.213784 
1236.613579 0.226197 
1235.112947 0.236933 
1233.612314 0.246670 
1232.111682 0.257649 
1230.611049 0.269348 
1229.110416 0.277424 
1227.609784 0.288024 
1226.109151 0.294804 
1224.608519 0.302671 
1223.107886 0.309782 
1221.607254 0.315856 
1220.106621 0.321210 
1218.605989 0.328160 
1217.105356 0.328753 
1215.604724 0.335033 
1214.104091 0.335955 
1212.603458 0.338550 
1211.102826 0.334343 
1209.602193 0.329453 
1208.101561 0.325671 
1206.600928 0.315854 
1205.100296 0.308938 
1203.599663 0.295827 
1202.099031 0.278955 
1200.598398 0.262843 
1199.097766 0.246552 
1197.597133 0.229427 
1196.096501 0.214203 
1194.595868 0.200315 
1193.095235 0.185996 
1191.594603 0.174958 
1190.093970 0.163566 
1188.593338 0.153548 
1187.092705 0.148206 
1185.592073 0.141248 
1184.091440 0.134947 
1182.590808 0.129982 
1181.090175 0.123749 
1179.589543 0.119593 
1178.088910 0.115580 
1176.588277 0.110659 
1175.087645 0.105926 
1173.587012 0.099387 
1172.086380 0.095607 
1170.585747 0.089962 
1169.085115 0.084339 
1167.584482 0.077279 
1166.083850 0.072106 
1164.583217 0.065978 
1163.082585 0.059259 
1161.581952 0.053741 
1160.081319 0.046475 
1158.580687 0.043233 
1157.080054 0.037794 
1155.579422 0.032351 
1154.078789 0.027569 
1152.578157 0.022716 
1151.077524 0.020002 
1149.576892 0.015059 
1148.076259 0.012228 
1146.575627 0.009527 
1145.074994 0.008112 
1143.574361 0.006807 
1142.073729 0.004927 
1140.573096 0.003257 
1139.072464 0.000845 
1137.571831 0.001152 
1136.071199 -0.000045 
1134.570566 -0.001414 
1133.069934 -0.001891 
1131.569301 -0.001907 
1130.068669 -0.002830 
1128.568036 -0.003134 
1127.067403 -0.004250 
1125.566771 -0.002677 
1124.066138 -0.004195 
1122.565506 -0.005072 
1121.064873 -0.004249 
1119.564241 -0.004945 
1118.063608 -0.004112 
1116.562976 -0.005154 
1115.062343 -0.004865 
1113.561711 -0.004973 
1112.061078 -0.004589 
1110.560445 -0.003499 
1109.059813 -0.004210 
1107.559180 -0.005750 
1106.058548 -0.004266 
1104.557915 -0.004810 
1103.057283 -0.004989 
1101.556650 -0.004446 
1100.056018 -0.003631 
1098.555385 -0.002057 
1097.054753 -0.001771 
1095.554120 -0.000869 
1094.053487 0.000416 
1092.552855 0.002176 
1091.052222 0.003024 
1089.551590 0.006759 
1088.050957 0.007564 
1086.550325 0.012051 
1085.049692 0.012250 
1083.549060 0.015500 
1082.048427 0.017747 
1080.547795 0.021934 
1079.047162 0.023458 
1077.546530 0.025087 
1076.045897 0.027374 
1074.545264 0.027997 
1073.044632 0.026730 
1071.543999 0.026154 
1070.043367 0.023570 
1068.542734 0.023910 
1067.042102 0.020254 
1065.541469 0.017334 
1064.040837 0.014471 
1062.540204 0.010911 
1061.039572 0.007853 
1059.538939 0.005184 
1058.038306 0.002454 
1056.537674 -0.000427 
1055.037041 -0.002859 
1053.536409 -0.005928 
1052.035776 -0.006283 
1050.535144 -0.008264 
1049.034511 -0.009306 
1047.533879 -0.011151 
1046.033246 -0.010310 
1044.532614 -0.010722 
1043.031981 -0.010948 
1041.531348 -0.010836 
1040.030716 -0.012299 
1038.530083 -0.012242 
1037.029451 -0.011922 
1035.528818 -0.011698 
1034.028186 -0.012003 
1032.527553 -0.011989 
1031.026921 -0.011742 
1029.526288 -0.010926 
1028.025656 -0.011060 
1026.525023 -0.010353 
1025.024390 -0.011084 
1023.523758 -0.011184 
1022.023125 -0.009922 
1020.522493 -0.009786 
1019.021860 -0.009874 
1017.521228 -0.009548 
1016.020595 -0.009341 
1014.519963 -0.011144 
1013.019330 -0.009568 
1011.518698 -0.008320 
1010.018065 -0.008440 
1008.517432 -0.007136 
1007.016800 -0.006653 
1005.516167 -0.006820 
1004.015535 -0.006463 
1002.514902 -0.006958 
1001.014270 -0.005404 
999.513637 -0.004385 
998.013005 -0.003741 
996.512372 -0.004204 
995.011740 -0.001602 
993.511107 -0.002579 
992.010474 -0.002679 
990.509842 -0.000520 
989.009209 -0.001417 
987.508577 -0.000222 
986.007944 0.002471 
984.507312 0.003021 
983.006679 0.001707 
981.506047 0.004167 
980.005414 0.007301 
978.504782 0.008177 
977.004149 0.008527 
975.503517 0.009364 
974.002884 0.011016 
972.502251 0.013362 
971.001619 0.015468 
969.500986 0.016579 
968.000354 0.017351 
966.499721 0.020455 
964.999089 0.021440 
963.498456 0.023408 
961.997824 0.026178 
960.497191 0.028664 
958.996559 0.030928 
957.495926 0.034184 
955.995293 0.036922 
954.494661 0.037820 
952.994028 0.041463 
951.493396 0.043689 
949.992763 0.046702 
948.492131 0.048682 
946.991498 0.051925 
945.490866 0.053615 
943.990233 0.056962 
942.489601 0.059291 
940.988968 0.060268 
939.488335 0.062171 
937.987703 0.064454 
936.487070 0.065872 
934.986438 0.067480 
933.485805 0.068008 
931.985173 0.069707 
930.484540 0.068258 
928.983908 0.069028 
927.483275 0.067465 
925.982643 0.068663 
924.482010 0.065781 
922.981377 0.065500 
921.480745 0.065196 
919.980112 0.063249 
918.479480 0.062212 
916.978847 0.061339 
915.478215 0.058861 
913.977582 0.058077 
912.476950 0.057070 
910.976317 0.054403 
909.475685 0.052831 
907.975052 0.051380 
906.474419 0.051032 
904.973787 0.049603 
903.473154 0.047960 
901.972522 0.047673 
900.471889 0.046848 
898.971257 0.045884 
897.470624 0.044115 
895.969992 0.043310 
894.469359 0.043898 
892.968727 0.043083 
891.468094 0.040688 
889.967461 0.040604 
888.466829 0.042512 
886.966196 0.039378 
885.465564 0.038960 
883.964931 0.040211 
882.464299 0.038454 
880.963666 0.037465 
879.463034 0.036822 
877.962401 0.035811 
876.461769 0.035735 
874.961136 0.035544 
873.460504 0.035611 
871.959871 0.035904 
870.459238 0.034318 
868.958606 0.031978 
867.457973 0.032304 
865.957341 0.029345 
864.456708 0.028558 
862.956076 0.028302 
861.455443 0.026311 
859.954811 0.025144 
858.454178 0.024700 
856.953546 0.022481 
855.452913 0.021807 
853.952280 0.021165 
852.451648 0.019360 
850.951015 0.019599 
849.450383 0.017699 
847.949750 0.017030 
846.449118 0.015617 
844.948485 0.015222 
843.447853 0.014264 
841.947220 0.012230 
840.446588 0.012245 
838.945955 0.011168 
837.445322 0.010262 
835.944690 0.009668 
834.444057 0.008359 
832.943425 0.007877 
831.442792 0.006108 
829.942160 0.004497 
828.441527 0.007089 
826.940895 0.004756 
825.440262 0.003035 
823.939630 0.004034 
822.438997 0.000830 
820.938364 0.002058 
819.437732 0.000176 
817.937099 -0.000743 
816.436467 -0.000536 
814.935834 -0.001531 
813.435202 -0.001366 
811.934569 -0.002476 
810.433937 -0.003017 
808.933304 -0.003541 
807.432672 -0.003020 
805.932039 -0.004160 
804.431406 -0.002936 
802.930774 -0.004678 
801.430141 -0.004906 
799.929509 -0.004129 
798.428876 -0.005424 
796.928244 -0.005016 
795.427611 -0.006960 
793.926979 -0.006095 
792.426346 -0.005771 
790.925714 -0.006702 
789.425081 -0.006873 
787.924448 -0.007499 
786.423816 -0.007848 
784.923183 -0.006512 
783.422551 -0.008608 
781.921918 -0.007708 
780.421286 -0.008512 
778.920653 -0.008723 
777.420021 -0.009035 
775.919388 -0.008100 
774.418756 -0.009266 
772.918123 -0.009264 
771.417490 -0.007788 
769.916858 -0.009540 
768.416225 -0.010112 
766.915593 -0.010365 
765.414960 -0.009653 
763.914328 -0.008103 
762.413695 -0.009260 
760.913063 -0.009255 
759.412430 -0.009917 
757.911798 -0.010144 
756.411165 -0.008468 
754.910533 -0.009821 
753.409900 -0.010863 
751.909267 -0.008465 
750.408635 -0.008919 
748.908002 -0.009794 
747.407370 -0.008663 
745.906737 -0.009664 
744.406105 -0.009334 
742.905472 -0.009479 
741.404840 -0.007909 
739.904207 -0.008337 
738.403575 -0.009281 
736.902942 -0.007253 
735.402309 -0.008075 
733.901677 -0.007019 
732.401044 -0.004884 
730.900412 -0.004078 
729.399779 -0.001273 
727.899147 0.001807 
726.398514 0.006253 
724.897882 0.008488 
723.397249 0.014108 
721.896617 0.017318 
720.395984 0.022314 
718.895351 0.028140 
717.394719 0.031840 
715.894086 0.036473 
714.393454 0.041935 
712.892821 0.043015 
711.392189 0.043960 
709.891556 0.042249 
708.390924 0.036199 
706.890291 0.033872 
705.389659 0.029454 
703.889026 0.025827 
702.388393 0.023314 
700.887761 0.022412 
699.387128 0.022164 
697.886496 0.018752 
696.385863 0.021175 
694.885231 0.018132 
693.384598 0.015754 
691.883966 0.016543 
690.383333 0.014776 
688.882701 0.014648 
687.382068 0.012893 
685.881435 0.012195 
684.380803 0.012406 
682.880170 0.012307 
681.379538 0.009439 
679.878905 0.009981 
678.378273 0.008555 
676.877640 0.006901 
675.377008 0.005778 
673.876375 0.004510 
672.375743 0.002651 
670.875110 0.001589 
669.374477 -0.000479 
667.873845 -0.005719 
666.373212 -0.001867 
664.872580 -0.004013 
663.371947 -0.003670 
661.871315 -0.002079 
660.370682 0.000360 
658.870050 0.001282 
657.369417 0.000903 
655.868785 -0.002090 
654.368152 -0.000485 
652.867520 0.000156 
651.366887 0.003457 
649.866254 0.000043 
648.365622 -0.002110 
646.864989 -0.004970 
645.364357 -0.004648 
643.863724 -0.006282 
642.363092 -0.006034 
640.862459 -0.007309 
639.361827 -0.006799 
637.861194 -0.006701 
636.360562 -0.005379 
634.859929 -0.006642 
633.359296 -0.007032 
631.858664 -0.007302 
630.358031 -0.006710 
628.857399 -0.007633 
627.356766 -0.006151 
625.856134 -0.006620 
624.355501 -0.009853 
622.854869 -0.007354 
621.354236 -0.007663 
619.853604 -0.006673 
618.352971 -0.007733 
616.852338 -0.008952 
615.351706 -0.006178 
613.851073 -0.009764 
612.350441 -0.008363 
610.849808 -0.008544 
609.349176 -0.007370 
607.848543 -0.006873 
606.347911 -0.008380 
604.847278 -0.007126 
603.346646 -0.008480 
601.846013 -0.007377 
600.345380 -0.010297 
598.844748 -0.007831 
597.344115 -0.008268 
595.843483 -0.007348 
594.342850 -0.008973 
592.842218 -0.007600 
591.341585 -0.008474 
589.840953 -0.008201 
588.340320 -0.007461 
586.839688 -0.006735 
585.339055 -0.007863 
583.838422 -0.008439 
582.337790 -0.007309 
580.837157 -0.009877 
579.336525 -0.006993 
577.835892 -0.007491 
576.335260 -0.008196 
574.834627 -0.008952 
573.333995 -0.006933 
571.833362 -0.005352 
570.332730 -0.007950 
568.832097 -0.007023 
567.331464 -0.007480 
565.830832 -0.008324 
564.330199 -0.007488 
562.829567 -0.006950 
561.328934 -0.008894 
559.828302 -0.007727 
558.327669 -0.008562 
556.827037 -0.008332 
555.326404 -0.006288 
553.825772 -0.007695 
552.325139 -0.008399 
550.824507 -0.007225 
549.323874 -0.005761 
547.823241 -0.009496 
546.322609 -0.007640 
544.821976 -0.007559 
543.321344 -0.008894 
541.820711 -0.006421 
540.320079 -0.007979 
538.819446 -0.008045 
537.318814 -0.006850 
535.818181 -0.007270 
534.317549 -0.007819 
532.816916 -0.006266 
531.316283 -0.006618 
529.815651 -0.006328 
528.315018 -0.009936 
526.814386 -0.009516 
525.313753 -0.007258 
523.813121 -0.008365 
522.312488 -0.006973 
520.811856 -0.007009 
519.311223 -0.007492 
517.810591 -0.008497 
516.309958 -0.006555 
514.809325 -0.010534 
513.308693 -0.006926 
511.808060 -0.007487 
510.307428 -0.008638 
508.806795 -0.008326 
507.306163 -0.006725 
505.805530 -0.009907 
504.304898 -0.006690 
502.804265 -0.005466 
501.303633 -0.006340 
499.803000 -0.007671 
