399.1926	0
401.1211	0
403.0496	0
404.978	0
406.9065	0
408.835	0
410.7634	0
412.6919	0
414.6204	0
416.5488	0
418.4773	0
420.4058	0
422.3342	0
424.2627	0
426.1912	0
428.1196	0
430.0481	0
431.9766	0
433.905	0
435.8335	0
437.762	0
439.6904	0
441.6189	0
443.5474	0
445.4758	0
447.4043	0
449.3328	0
451.2612	0
453.1897	0
455.1182	0
457.0466	0
458.9751	0
460.9036	0
462.832	0
464.7605	0
466.689	0
468.6174	0
470.5459	0
472.4744	0
474.4028	0
476.3313	0
478.2598	0
480.1882	0
482.1167	0
484.0452	0
485.9736	0
487.9021	0
489.8306	0
491.759	0
493.6875	0
495.616	0
497.5444	0
499.4729	0
501.4014	0
503.3298	9.70173E-5
505.2583	4.96684E-4
507.1868	2.20705E-4
509.1152	7.19711E-4
511.0437	6.71221E-4
512.9722	3.74338E-4
514.9006	6.18385E-4
516.8291	0.00108
518.7576	8.31386E-4
520.686	0.00111
522.6145	0.00128
524.543	0.00174
526.4714	0.00187
528.3999	0.00204
530.3284	0.00269
532.2568	0.0027
534.1853	0.00184
536.1138	0.00244
538.0422	0.00234
539.9707	0.00287
541.8992	0.00293
543.8276	0.00369
545.7561	0.00338
547.6846	0.00336
549.613	0.0038
551.5415	0.00382
553.47	0.00407
555.3984	0.00453
557.3269	0.00459
559.2554	0.00469
561.1838	0.00496
563.1123	0.00489
565.0408	0.00572
566.9692	0.00524
568.8977	0.00563
570.8262	0.00585
572.7546	0.00639
574.6831	0.00634
576.6116	0.00664
578.54	0.00673
580.4685	0.0068
582.397	0.00659
584.3254	0.00742
586.2539	0.00722
588.1824	0.0076
590.1108	0.00746
592.0393	0.00809
593.9678	0.0084
595.8962	0.00806
597.8247	0.00859
599.7532	0.00878
601.6816	0.00927
603.6101	0.00928
605.5386	0.0095
607.467	0.00972
609.3955	0.00997
611.324	0.01039
613.2524	0.01019
615.1809	0.01059
617.1094	0.01082
619.0378	0.01108
620.9663	0.01144
622.8948	0.01199
624.8232	0.01243
626.7517	0.01239
628.6802	0.01288
630.6086	0.01308
632.5371	0.01376
634.4656	0.01382
636.394	0.0142
638.3225	0.01462
640.251	0.01515
642.1794	0.01539
644.1079	0.01587
646.0364	0.01625
647.9648	0.01668
649.8933	0.01717
651.8218	0.01759
653.7502	0.01815
655.6787	0.01856
657.6072	0.01895
659.5356	0.01947
661.4641	0.02013
663.3926	0.02051
665.321	0.02105
667.2495	0.02206
669.178	0.02222
671.1064	0.02284
673.0349	0.02341
674.9634	0.02428
676.8918	0.02453
678.8203	0.02524
680.7488	0.02586
682.6772	0.02653
684.6057	0.02722
686.5342	0.02802
688.4626	0.02828
690.3911	0.02914
692.3196	0.02983
694.248	0.03053
696.1765	0.0313
698.105	0.03193
700.0334	0.03265
701.9619	0.03318
703.8904	0.0338
705.8188	0.03476
707.7473	0.03553
709.6758	0.03616
711.6042	0.03692
713.5327	0.03759
715.4612	0.03806
717.3896	0.03932
719.3181	0.03999
721.2466	0.0405
723.175	0.04143
725.1035	0.04216
727.032	0.04285
728.9604	0.04365
730.8889	0.04429
732.8174	0.0453
734.7458	0.04575
736.6743	0.04648
738.6028	0.04692
740.5312	0.04768
742.4597	0.04841
744.3882	0.04917
746.3167	0.0496
748.2451	0.05045
750.1736	0.0509
752.1021	0.05158
754.0305	0.0523
755.959	0.05309
757.8875	0.05339
759.8159	0.05377
761.7444	0.05456
763.6729	0.05487
765.6013	0.05558
767.5298	0.05603
769.4583	0.05634
771.3867	0.0568
773.3152	0.057
775.2437	0.05757
777.1721	0.0578
779.1006	0.05835
781.0291	0.05858
782.9575	0.05885
784.886	0.05901
786.8145	0.05937
788.7429	0.05964
790.6714	0.05974
792.5999	0.05982
794.5283	0.05983
796.4568	0.06037
798.3853	0.06042
800.3137	0.06012
802.2422	0.06038
804.1707	0.06038
806.0991	0.06038
808.0276	0.06038
809.9561	0.06039
811.8845	0.06039
813.813	0.05992
815.7415	0.0599
817.6699	0.05989
819.5984	0.05944
821.5269	0.05942
823.4553	0.05926
825.3838	0.05895
827.3123	0.05848
829.2407	0.05841
831.1692	0.05798
833.0977	0.05768
835.0261	0.05743
836.9546	0.05704
838.8831	0.05655
840.8115	0.05595
842.74	0.05558
844.6685	0.05505
846.5969	0.0545
848.5254	0.05382
850.4539	0.05334
852.3823	0.05288
854.3108	0.05235
856.2393	0.05143
858.1677	0.05092
860.0962	0.04991
862.0247	0.04947
863.9531	0.04869
865.8816	0.0481
867.8101	0.04672
869.7385	0.0463
871.667	0.04563
873.5955	0.04467
875.5239	0.04371
877.4524	0.0427
879.3809	0.04217
881.3093	0.04103
883.2378	0.04034
885.1663	0.03943
887.0947	0.03848
889.0232	0.03753
890.9517	0.0366
892.8801	0.03565
894.8086	0.03471
896.7371	0.03378
898.6655	0.03256
900.594	0.03191
902.5225	0.03054
904.4509	0.02959
906.3794	0.02867
908.3079	0.02774
910.2363	0.02682
912.1648	0.02577
914.0933	0.02496
916.0217	0.02408
917.9502	0.02301
919.8787	0.02197
921.8071	0.02139
923.7356	0.01998
925.6641	0.01907
927.5925	0.01811
929.521	0.0177
931.4495	0.01638
933.3779	0.01591
935.3064	0.01457
937.2349	0.01406
939.1633	0.01322
941.0918	0.01234
943.0203	0.01144
944.9487	0.01073
946.8772	0.01012
948.8057	0.00945
950.7341	0.00878
952.6626	0.00834
954.5911	0.00731
956.5195	0.00671
958.448	0.00613
960.3765	0.00566
962.3049	0.00483
964.2334	0.00453
966.1619	0.00418
968.0903	0.00363
970.0188	0.00327
971.9473	0.00286
973.8757	0.00232
975.8042	0.00195
977.7327	0.00168
979.6611	0.00146
981.5896	0.0015
983.5181	0.00126
985.4465	0.00146
987.375	0.00147
989.3035	0.00143
991.2319	0.00201
993.1604	0.00245
995.0889	0.00382
997.0173	0.00628
998.9458	0.01029
1000.874	0.01657
1002.803	0.02531
1004.731	0.03519
1006.66	0.04546
1008.588	0.05329
1010.517	0.05772
1012.445	0.05905
1014.374	0.05782
1016.302	0.05595
1018.23	0.05566
1020.159	0.05877
1022.087	0.06585
1024.016	0.07516
1025.944	0.08319
1027.873	0.08825
1029.801	0.08977
1031.73	0.08702
1033.658	0.08144
1035.587	0.07301
1037.515	0.0626
1039.444	0.05025
1041.372	0.03732
1043.301	0.02527
1045.229	0.01569
1047.157	0.00935
1049.086	0.00595
1051.014	0.00399
1052.943	0.00288
1054.871	0.00243
1056.8	0.00225
1058.728	0.00192
1060.657	0.00171
1062.585	0.00149
1064.514	0.00149
1066.442	0.00149
1068.371	0.00149
1070.299	0.00153
1072.228	0.00131
1074.156	0.0015
1076.084	0.00126
1078.013	0.00145
1079.941	0.0015
1081.87	0.00149
1083.798	0.00149
1085.727	0.00149
1087.655	0.00144
1089.584	0.0019
1091.512	0.00193
1093.441	0.00192
1095.369	0.00204
1097.298	0.00209
1099.226	0.00236
1101.155	0.00246
1103.083	0.00292
1105.011	0.00354
1106.94	0.0042
1108.868	0.00543
1110.797	0.00671
1112.725	0.00825
1114.654	0.0104
1116.582	0.0125
1118.511	0.01401
1120.439	0.01549
1122.368	0.01629
1124.296	0.01643
1126.225	0.01553
1128.153	0.01468
1130.082	0.0132
1132.01	0.01142
1133.938	0.00962
1135.867	0.00829
1137.795	0.0065
1139.724	0.00532
1141.652	0.00444
1143.581	0.00378
1145.509	0.00312
1147.438	0.00278
1149.366	0.00258
1151.295	0.00234
1153.223	0.00235
1155.152	0.00234
1157.08	0.00235
1159.009	0.00273
1160.937	0.00282
1162.865	0.00234
1164.794	0.00237
1166.722	0.00196
1168.651	0.0019
1170.579	0.00194
1172.508	0.0017
1174.436	0.0019
1176.365	0.00171
1178.293	0.00144
1180.222	0.00177
1182.15	0.00146
1184.079	0.00145
1186.007	0.00146
1187.936	0.00146
1189.864	0.00145
1191.792	0.00145
1193.721	0.00145
1195.649	0.00144
1197.578	0.00145
1199.506	0.00144
1201.435	0.00145
1203.363	0.00144
1205.292	0.00144
1207.22	0.00144
1209.149	0.00143
1211.077	0.00144
1213.006	0.00143
1214.934	0.00106
1216.863	0.00119
1218.791	0.00135
1220.719	0.00121
1222.648	0.00121
1224.576	0.00142
1226.505	0.00143
1228.433	0.00142
1230.362	0.00143
1232.29	0.0012
1234.219	-1.60044E-4
1236.147	0.00133
1238.076	0.00141
1240.004	0.0013
1241.933	0.00137
1243.861	0.00115
1245.79	0.00141
1247.718	0.0014
1249.646	0.0014
1251.575	0.00139
1253.503	0.00138
1255.432	0.00138
1257.36	0.00137
1259.289	0.00136
1261.217	0.00135
1263.146	0.00134
1265.074	0.00134
1267.003	0.0011
1268.931	0.00132
1270.86	9.0526E-4
1272.788	0.0011
1274.717	8.6116E-4
1276.645	0.00122
1278.573	0.00129
1280.502	0.00128
1282.43	0.0011
1284.359	0.00126
1286.287	0.00125
1288.216	0.00125
1290.144	0.00124
1292.073	0.00123
1294.001	0.00122
1295.93	0.0012
1297.858	0.00117
1299.787	0.00115
1301.715	0.00112
1303.644	0.0011
1305.572	0.00107
1307.5	0.00105
1309.429	0.00102
1311.357	9.97127E-4
1313.286	9.74738E-4
1315.214	9.52348E-4
1317.143	9.30968E-4
1319.071	8.97927E-4
1321	8.75181E-4
1322.928	8.52792E-4
1324.857	8.30402E-4
1326.785	8.01329E-4
1328.714	7.75624E-4
1330.642	7.53235E-4
1332.571	7.30845E-4
1334.499	7.09114E-4
1336.427	6.77208E-4
1338.356	6.53678E-4
1340.284	6.31289E-4
1342.213	6.33919E-4
1344.141	1.67478E-4
1346.07	5.54121E-4
1347.998	5.31732E-4
1349.927	5.09342E-4
1351.855	4.8649E-4
1353.784	4.54564E-4
1355.712	4.32175E-4
1357.641	4.09786E-4
1359.569	3.79823E-4
1361.498	3.19627E-4
1363.426	6.71706E-4
1365.354	2.67067E-4
1367.283	6.72243E-4
1369.211	6.9545E-4
1371.14	6.66233E-4
1373.068	6.40672E-4
1374.997	6.18283E-4
1376.925	5.89465E-4
1378.854	6.69844E-4
1380.782	9.81841E-4
1382.711	9.48726E-4
1384.639	9.11336E-4
1386.568	0.00142
1388.496	0.0017
1390.425	0.00216
1392.353	0.00249
1394.281	0.00286
1396.21	0.00345
1398.138	0.00393
1400.067	0.00454
1401.995	0.00514
1403.924	0.00599
1405.852	0.00684
1407.781	0.00771
1409.709	0.00853
1411.638	0.00982
1413.566	0.01074
1415.495	0.01161
1417.423	0.01248
1419.352	0.01336
1421.28	0.01366
1423.208	0.0141
1425.137	0.01411
1427.065	0.01408
1428.994	0.01398
1430.922	0.01348
1432.851	0.01261
1434.779	0.01169
1436.708	0.01119
1438.636	0.01006
1440.565	0.00992
1442.493	0.01092
1444.422	0.01286
1446.35	0.0144
1448.279	0.01541
1450.207	0.01468
1452.135	0.01319
1454.064	0.01188
1455.992	0.01127
1457.921	0.01107
1459.849	0.01178
1461.778	0.01185
1463.706	0.01163
1465.635	0.01057
1467.563	0.00943
1469.492	0.00903
1471.42	0.00952
1473.349	0.0105
1475.277	0.0116
1477.206	0.01149
1479.134	0.01066
1481.062	0.00921
1482.991	0.00779
1484.919	0.00607
1486.848	0.00442
1488.776	0.00307
1490.705	0.00203
1492.633	7.15647E-4
1494.562	1.64604E-4
1496.49	-1.80301E-4
1498.419	-9.15173E-4
1500.347	-0.00141
1502.276	-0.00157
1504.204	-0.00201
1506.133	-0.00162
1508.061	-0.00155
1509.99	-0.0019
1511.918	-0.0018
1513.846	-0.00192
1515.775	-0.00157
1517.703	-0.0015
1519.632	-0.00137
1521.56	-0.00125
1523.489	-0.00103
1525.417	-9.94423E-4
1527.346	-0.00103
1529.274	-5.96374E-4
1531.203	-8.24785E-4
1533.131	-2.74985E-4
1535.06	-4.8118E-4
1536.988	-2.66943E-4
1538.917	7.75601E-5
1540.845	3.83109E-4
1542.773	2.21414E-4
1544.702	1.82703E-4
1546.63	4.70245E-4
1548.559	4.3839E-4
1550.487	7.14412E-4
1552.416	5.08699E-4
1554.344	8.91161E-4
1556.273	9.5566E-4
1558.201	0.00141
1560.13	0.0015
1562.058	0.0012
1563.987	0.0015
1565.915	0.00152
1567.844	0.00152
1569.772	0.00194
1571.7	0.002
1573.629	0.002
1575.557	0.00229
1577.486	0.00258
1579.414	0.00251
1581.343	0.00253
1583.271	0.00255
1585.2	0.00257
1587.128	0.00299
1589.057	0.00285
1590.985	0.00306
1592.914	0.00308
1594.842	0.00305
1596.771	0.00354
1598.699	0.00357
1600.627	0.00359
1602.556	0.00361
1604.484	0.00363
1606.413	0.00379
1608.341	0.00379
1610.27	0.00393
1612.198	0.00413
1614.127	0.00425
1616.055	0.00489
1617.984	0.00432
1619.912	0.00465
1621.841	0.00461
1623.769	0.00512
1625.698	0.00514
1627.626	0.00516
1629.554	0.00521
1631.483	0.00564
1633.411	0.0056
1635.34	0.00611
1637.268	0.00613
1639.197	0.00631
1641.125	0.0066
1643.054	0.00677
1644.982	0.00723
1646.911	0.00753
1648.839	0.00791
1650.768	0.00794
1652.696	0.00886
1654.625	0.00894
1656.553	0.00894
1658.481	0.00938
1660.41	0.00938
1662.338	0.00985
1664.267	0.01002
1666.195	0.01032
1668.124	0.01083
1670.052	0.01086
1671.981	0.01087
1673.909	0.01093
1675.838	0.01161
1677.766	0.01138
1679.695	0.01136
1681.623	0.01093
1683.552	0.01114
1685.48	0.01137
1687.408	0.01056
1689.337	0.01043
1691.265	0.01017
1693.194	0.00981
1695.122	0.00997
1697.051	0.00939
1698.979	0.00914
1700.908	0.00911
1702.836	0.00849
1704.765	0.00834
1706.693	0.00798
1708.622	0.00767
1710.55	0.00732
1712.479	0.00717
1714.407	0.00681
1716.335	0.00683
1718.264	0.00681
1720.192	0.00605
1722.121	0.00584
1724.049	0.00558
1725.978	0.00523
1727.906	0.00501
1729.835	0.00476
1731.763	0.00437
1733.692	0.00455
1735.62	0.00432
1737.549	0.0038
1739.477	0.00353
1741.406	0.00348
1743.334	0.00311
1745.262	0.003
1747.191	0.00272
1749.119	0.00273
1751.048	0.00277
1752.976	0.00237
1754.905	0.00213
1756.833	0.00224
1758.762	0.00194
1760.69	0.00196
1762.619	0.00192
1764.547	0.00156
1766.476	0.00158
1768.404	0.00159
1770.333	0.0016
1772.261	0.00167
1774.189	0.00119
1776.118	0.00119
1778.046	0.00119
1779.975	0.00119
1781.903	0.0012
1783.832	0.0012
1785.76	0.00121
1787.689	8.54782E-4
1789.617	7.31202E-4
1791.546	0.00118
1793.474	0.00106
1795.403	7.79791E-4
1797.331	7.83221E-4
1799.26	7.80515E-4
1801.188	7.80081E-4
1803.116	7.83511E-4
1805.045	7.86942E-4
1806.973	7.90372E-4
1808.902	7.93802E-4
1810.83	7.97232E-4
1812.759	8.00662E-4
1814.687	8.05119E-4
1816.616	7.97522E-4
1818.544	8.00952E-4
1820.473	8.04383E-4
1822.401	8.07813E-4
1824.33	8.11243E-4
1826.258	8.49695E-4
1828.187	4.21149E-4
1830.115	7.96402E-4
1832.043	6.47065E-4
1833.972	6.0941E-4
1835.9	3.84203E-4
1837.829	3.43102E-4
1839.757	6.37869E-4
1841.686	3.92969E-4
1843.614	5.82797E-4
1845.543	4.54039E-4
1847.471	3.93538E-4
1849.4	3.95834E-4
1851.328	4.79485E-4
1853.257	5.44549E-4
1855.185	6.82503E-4
1857.114	4.56935E-4
1859.042	5.73479E-4
1860.97	8.46415E-4
1862.899	8.29669E-4
1864.827	6.44999E-4
1866.756	7.53151E-4
1868.684	8.50135E-4
1870.613	8.53565E-4
1872.541	8.56995E-4
1874.47	8.60425E-4
1876.398	7.0389E-4
1878.327	7.72762E-4
1880.255	8.66579E-4
1882.184	6.58487E-4
1884.112	8.67576E-4
1886.041	8.71006E-4
1887.969	8.67998E-4
1889.897	8.92067E-4
1891.826	5.41751E-4
1893.754	8.74727E-4
1895.683	8.91421E-4
1897.611	5.74836E-4
1899.54	9.21747E-4
1901.468	4.81371E-4
1903.397	8.18493E-4
1905.325	6.86197E-4
1907.254	8.60836E-4
1909.182	8.93217E-4
1911.111	8.85597E-4
1913.039	8.89027E-4
1914.968	8.92457E-4
1916.896	8.95888E-4
1918.824	8.99318E-4
1920.753	9.03929E-4
1922.681	8.96178E-4
1924.61	8.99608E-4
1926.538	9.03038E-4
1928.467	9.06468E-4
1930.395	9.10422E-4
1932.324	9.03328E-4
1934.252	9.33367E-4
1936.181	5.69162E-4
1938.109	9.13619E-4
1940.038	8.0162E-4
1941.966	8.59605E-4
1943.895	7.71464E-4
1945.823	4.71249E-4
1947.751	8.58804E-4
1949.68	9.25409E-4
1951.608	9.20072E-4
1953.537	6.4541E-4
1955.465	9.2449E-4
1957.394	9.2792E-4
1959.322	9.32449E-4
1961.251	9.2478E-4
1963.179	9.2821E-4
1965.108	9.3164E-4
1967.036	9.3507E-4
1968.965	9.38791E-4
1970.893	9.31931E-4
1972.822	9.70377E-4
1974.75	5.62859E-4
1976.678	9.42221E-4
1978.607	9.42822E-4
1980.535	9.39081E-4
1982.464	9.42511E-4
1984.392	9.45941E-4
1986.321	9.49372E-4
1988.249	9.46893E-4
1990.178	9.46232E-4
1992.106	9.49662E-4
1994.035	9.53092E-4
1995.963	9.5688E-4
1997.892	9.51662E-4
1999.82	9.53382E-4
2001.749	9.56812E-4
2003.677	9.60242E-4
2005.605	9.59128E-4
2007.534	9.57103E-4
2009.462	9.54058E-4
2011.391	9.43963E-4
2013.319	9.47616E-4
2015.248	9.42017E-4
2017.176	9.30706E-4
2019.105	9.27683E-4
2021.033	9.25468E-4
2022.962	9.15394E-4
2024.89	9.08706E-4
2026.819	9.12651E-4
2028.747	0.00103
2030.676	9.77821E-4
2032.604	0.00133
2034.532	0.00132
2036.461	0.00132
2038.389	0.00132
2040.318	0.0013
2042.246	0.0014
2044.175	0.00141
2046.103	0.00129
2048.032	0.00129
2049.96	0.00129
2051.889	0.00128
2053.817	0.00115
2055.746	0.00103
2057.674	8.27915E-4
2059.603	8.22326E-4
2061.531	8.1941E-4
2063.459	8.16914E-4
2065.388	8.46538E-4
2067.316	5.90641E-4
2069.245	7.7717E-4
2071.173	3.61539E-4
2073.102	3.20499E-4
2075.03	7.59553E-4
2076.959	4.46496E-4
2078.887	4.33572E-4
2080.816	7.67447E-4
2082.744	7.66323E-4
2084.673	7.54307E-4
2086.601	7.58647E-4
2088.53	7.45817E-4
2090.458	7.43621E-4
2092.386	7.39037E-4
2094.315	7.32626E-4
2096.243	7.23051E-4
2098.172	8.15821E-4
2100.1	0.00116
2102.029	0.00115
2103.957	0.00114
2105.886	0.00114
2107.814	0.00114
2109.743	0.00113
2111.671	0.00108
2113.6	0.00153
2115.528	0.00155
2117.457	0.00154
2119.385	0.00154
2121.313	0.00153
2123.242	0.0015
2125.17	0.00191
2127.099	0.00196
2129.027	0.00192
2130.956	0.0023
2132.884	0.0027
2134.813	0.0028
2136.741	0.0028
2138.67	0.0028
2140.598	0.00279
2142.527	0.00279
2144.455	0.00278
2146.384	0.00277
2148.312	0.00286
2150.24	0.0032
2152.169	0.00319
2154.097	0.00319
2156.026	0.00331
2157.954	0.00361
2159.883	0.00358
2161.811	0.00394
2163.74	0.00405
2165.668	0.00403
2167.597	0.00413
2169.525	0.00446
2171.454	0.00446
2173.382	0.00443
2175.311	0.00483
2177.239	0.00488
2179.167	0.00488
2181.096	0.00488
2183.024	0.005
2184.953	0.0053
2186.881	0.0053
2188.81	0.00529
2190.738	0.00528
2192.667	0.00528
2194.595	0.00523
2196.524	0.00569
2198.452	0.00545
2200.381	0.0057
2202.309	0.00569
2204.238	0.00569
2206.166	0.00568
2208.094	0.00568
2210.023	0.00567
2211.951	0.00566
2213.88	0.00569
2215.808	0.00589
2217.737	0.00598
2219.665	0.00604
2221.594	0.00608
2223.522	0.00608
2225.451	0.00608
2227.379	0.00607
2229.308	0.00605
2231.236	0.00635
2233.165	0.00637
2235.093	0.00648
2237.021	0.00649
2238.95	0.00647
2240.878	0.00647
2242.807	0.00647
2244.735	0.0065
2246.664	0.00604
2248.592	0.00601
2250.521	0.00601
2252.449	0.006
2254.378	0.00603
2256.306	0.00566
2258.235	0.00554
2260.163	0.00554
2262.092	0.00556
2264.02	0.00513
2265.948	0.00509
2267.877	0.00508
2269.805	0.00509
2271.734	0.00475
2273.662	0.00462
2275.591	0.00462
2277.519	0.00466
2279.448	0.00424
2281.376	0.00417
2283.305	0.00416
2285.233	0.00415
2287.162	0.00398
2289.09	0.0037
2291.019	0.0037
2292.947	0.0037
2294.875	0.00369
2296.804	0.0037
2298.732	0.00325
2300.661	0.00324
2302.589	0.00323
2304.518	0.00322
2306.446	0.00322
2308.375	0.0032
2310.303	0.00277
2312.232	0.00277
2314.16	0.00276
2316.089	0.00276
2318.017	0.00275
2319.946	0.00271
2321.874	0.0023
2323.802	0.0023
2325.731	0.00229
2327.659	0.00229
2329.588	0.00228
2331.516	0.0023
2333.445	0.00196
2335.373	0.00183
2337.302	0.00183
2339.23	0.00182
2341.159	0.00181
2343.087	0.00185
2345.016	0.00149
2346.944	0.00136
2348.873	0.00136
2350.801	0.00135
2352.729	0.00135
2354.658	0.00134
2356.586	0.00125
2358.515	8.9702E-4
2360.443	8.96055E-4
2362.372	8.86567E-4
2364.3	8.8256E-4
2366.229	8.76321E-4
2368.157	8.83739E-4
2370.086	5.0922E-4
2372.014	4.2041E-4
2373.943	4.18982E-4
2375.871	4.14316E-4
2377.8	4.11175E-4
2379.728	4.0932E-4
2381.656	5.94964E-5
2383.585	-4.05138E-5
2385.513	-4.53243E-5
2387.442	-5.11822E-5
2389.37	-5.60165E-5
2391.299	-6.0808E-5
2393.227	-6.59991E-5
2395.156	-3.53768E-5
2397.084	-4.89919E-4
2399.013	-8.10614E-5
2400.941	-1.75055E-4
2402.87	-5.29088E-4
2404.798	-3.61141E-4
2406.727	-2.03964E-4
2408.655	-1.07441E-4
2410.583	-1.11067E-4
2412.512	-1.17024E-4
2414.44	-1.21859E-4
2416.369	-1.26693E-4
2418.297	-1.31504E-4
2420.226	-1.37272E-4
2422.154	-1.41081E-4
2424.083	-1.47026E-4
2426.011	-1.52748E-4
2427.94	-1.57117E-4
2429.868	-1.62548E-4
2431.797	-1.67101E-4
2433.725	-1.72668E-4
2435.654	-1.77039E-4
2437.582	-1.82868E-4
2439.51	-1.87295E-4
2441.439	-1.9247E-4
2443.367	-1.9737E-4
2445.296	-2.01716E-4
2447.224	-2.00741E-4
2449.153	-1.98022E-4
2451.081	-1.95182E-4
2453.01	-1.92463E-4
2454.938	-1.89989E-4
2456.867	-1.87636E-4
2458.795	-1.85103E-4
2460.724	-1.82234E-4
2462.652	-1.69968E-4
2464.581	-4.80799E-4
2466.509	-5.19667E-4
2468.438	-2.63234E-4
2470.366	-6.30257E-4
2472.294	-4.17153E-4
2474.223	-6.09961E-4
2476.151	-2.57261E-4
2478.08	-4.50797E-4
2480.008	-2.13923E-4
2481.937	-2.69657E-4
2483.865	-2.97217E-4
2485.794	-1.66812E-4
2487.722	-1.65997E-4
2489.651	-1.65384E-4
2491.579	-1.63647E-4
2493.508	-7.09508E-5
2495.436	2.78504E-4
2497.365	2.70662E-4
2499.293	2.32703E-4
2501.221	6.0552E-4
2503.15	7.14774E-4
2505.078	7.16511E-4
2507.007	7.6464E-4
2508.935	0.00115
2510.864	0.00126
2512.792	0.00159
2514.721	0.00163
2516.649	0.00203
2518.578	0.00203
2520.506	0.00247
2522.435	0.00258
2524.363	0.0029
2526.292	0.00324
2528.22	0.00335
2530.148	0.00333
2532.077	0.00379
2534.005	0.00379
2535.934	0.00377
2537.862	0.00424
2539.791	0.00423
2541.719	0.00424
2543.648	0.00392
2545.576	0.00379
2547.505	0.00379
2549.433	0.00383
2551.362	0.00347
2553.29	0.00336
2555.219	0.00336
2557.147	0.00333
2559.075	0.00293
2561.004	0.00293
2562.932	0.00293
2564.861	0.00289
2566.789	0.00264
2568.718	0.00256
2570.646	0.0025
2572.575	0.0025
2574.503	0.0025
2576.432	0.00218
2578.36	0.00206
2580.289	0.00206
2582.217	0.00207
2584.146	0.00203
2586.074	0.00249
2588.002	0.00238
2589.931	0.00251
2591.859	0.00251
2593.788	0.00252
2595.716	0.00252
2597.645	0.00252
2599.573	0.00252
2601.502	0.00252
2603.43	0.00253
2605.359	0.00239
2607.287	0.00245
2609.216	0.00218
2611.144	0.00209
2613.073	0.00209
2615.001	0.00176
2616.929	0.00166
2618.858	0.00166
2620.786	0.0016
2622.715	0.00122
2624.643	0.00124
2626.572	0.00104
2628.5	7.97667E-4
2630.429	8.2583E-4
2632.357	3.62266E-4
2634.286	3.62878E-4
2636.214	3.64614E-4
2638.143	2.80748E-4
2640.071	-6.70906E-5
2642	-6.61751E-5
2643.928	-6.44382E-5
2645.856	-6.27014E-5
2647.785	-6.09646E-5
2649.713	-5.97349E-5
2651.642	-5.8491E-5
2653.57	-5.67541E-5
2655.499	-5.50172E-5
2657.427	-5.32804E-5
2659.356	-5.15436E-5
2661.284	-5.02182E-5
2663.213	-4.909E-5
2665.141	-2.22257E-5
2667.07	-3.73694E-4
2668.998	-1.07131E-4
2670.927	-4.21227E-5
2672.855	-4.03859E-5
2674.783	-3.86491E-5
2676.712	-3.69123E-5
2678.64	-3.51755E-5
2680.569	-3.34386E-5
2682.497	-3.17018E-5
2684.426	-2.9965E-5
2686.354	-2.82282E-5
2688.283	-2.64914E-5
2690.211	-2.47544E-5
2692.14	-2.30176E-5
2694.068	-2.12808E-5
2695.997	-1.94609E-5
2697.925	-3.26891E-5
2699.854	1.7806E-4
2701.782	-1.65168E-5
2703.71	3.46529E-4
2705.639	2.34312E-4
2707.567	4.24572E-4
2709.496	4.28614E-4
2711.424	4.3073E-4
2713.353	4.33087E-4
2715.281	4.34824E-4
2717.21	4.36561E-4
2719.138	4.35808E-4
2721.067	7.446E-4
2722.995	8.72772E-4
2724.924	8.74508E-4
2726.852	8.76245E-4
2728.781	8.79528E-4
2730.709	8.65927E-4
2732.637	0.00132
2734.566	0.00132
2736.494	0.0013
2738.423	0.00161
2740.351	0.00174
2742.28	0.00173
2744.208	0.00182
2746.137	0.00216
2748.065	0.00214
2749.994	0.00244
2751.922	0.00258
2753.851	0.00291
2755.779	0.00297
2757.708	0.00336
2759.636	0.00341
2761.564	0.00372
2763.493	0.00384
2765.421	0.00435
2767.35	0.00481
2769.278	0.00515
2771.207	0.00543
2773.135	0.00596
2775.064	0.00643
2776.992	0.00695
2778.921	0.00762
2780.849	0.00813
2782.778	0.00904
2784.706	0.00957
2786.635	0.01033
2788.563	0.01121
2790.491	0.01209
2792.42	0.01335
2794.348	0.01429
2796.277	0.01557
2798.205	0.01658
2800.134	0.01802
2802.062	0.01926
2803.991	0.02068
2805.919	0.02206
2807.848	0.02372
2809.776	0.02522
2811.705	0.02694
2813.633	0.02878
2815.562	0.03064
2817.49	0.0326
2819.418	0.03484
2821.347	0.0371
2823.275	0.03995
2825.204	0.04285
2827.132	0.04516
2829.061	0.04719
2830.989	0.04752
2832.918	0.04662
2834.846	0.04445
2836.775	0.04155
2838.703	0.03869
2840.632	0.03585
2842.56	0.03385
2844.489	0.03201
2846.417	0.0309
2848.345	0.02999
2850.274	0.02946
2852.202	0.02892
2854.131	0.0286
2856.059	0.02817
2857.988	0.02758
2859.916	0.0272
2861.845	0.02677
2863.773	0.02617
2865.702	0.02581
2867.63	0.02536
2869.559	0.02476
2871.487	0.02473
2873.416	0.02438
2875.344	0.02422
2877.272	0.02422
2879.201	0.0242
2881.129	0.02459
2883.058	0.02463
2884.986	0.02498
2886.915	0.02549
2888.843	0.02566
2890.772	0.02602
2892.7	0.02648
2894.629	0.0272
2896.557	0.02776
2898.486	0.02834
2900.414	0.02917
2902.343	0.02969
2904.271	0.03052
2906.199	0.03145
2908.128	0.0324
2910.056	0.03279
2911.985	0.03324
2913.913	0.03383
2915.842	0.0339
2917.77	0.03393
2919.699	0.03472
2921.627	0.0353
2923.556	0.03641
2925.484	0.0379
2927.413	0.03951
2929.341	0.04088
2931.27	0.04227
2933.198	0.04315
2935.126	0.04372
2937.055	0.04385
2938.983	0.04384
2940.912	0.04383
2942.84	0.04381
2944.769	0.04408
2946.697	0.04466
2948.626	0.04565
2950.554	0.04706
2952.483	0.04803
2954.411	0.049
2956.34	0.05001
2958.268	0.05054
2960.197	0.05108
2962.125	0.0511
2964.053	0.05066
2965.982	0.05054
2967.91	0.04978
2969.839	0.0492
2971.767	0.04853
2973.696	0.04812
2975.624	0.04809
2977.553	0.04865
2979.481	0.04942
2981.41	0.05076
2983.338	0.05217
2985.267	0.05334
2987.195	0.05471
2989.124	0.05549
2991.052	0.0563
2992.98	0.05643
2994.909	0.05642
2996.837	0.05642
2998.766	0.05608
3000.694	0.05591
3002.623	0.05592
3004.551	0.05591
3006.48	0.05598
3008.408	0.05633
3010.337	0.05724
3012.265	0.05821
3014.194	0.05964
3016.122	0.0608
3018.051	0.06224
3019.979	0.0641
3021.907	0.06578
3023.836	0.06762
3025.764	0.06965
3027.693	0.07166
3029.621	0.07412
3031.55	0.07634
3033.478	0.07894
3035.407	0.08102
3037.335	0.08364
3039.264	0.08609
3041.192	0.08841
3043.121	0.09113
3045.049	0.09388
3046.978	0.09645
3048.906	0.09923
3050.834	0.10227
3052.763	0.10513
3054.691	0.10812
3056.62	0.1109
3058.548	0.11411
3060.477	0.11694
3062.405	0.11996
3064.334	0.12327
3066.262	0.12616
3068.191	0.12922
3070.119	0.13257
3072.048	0.13574
3073.976	0.13909
3075.905	0.14213
3077.833	0.14536
3079.761	0.1488
3081.69	0.1519
3083.618	0.15525
3085.547	0.15824
3087.475	0.16182
3089.404	0.16496
3091.332	0.16773
3093.261	0.17102
3095.189	0.17432
3097.118	0.17745
3099.046	0.18049
3100.975	0.18382
3102.903	0.18669
3104.832	0.19005
3106.76	0.19323
3108.688	0.19621
3110.617	0.19904
3112.545	0.2024
3114.474	0.20519
3116.402	0.20798
3118.331	0.2108
3120.259	0.21364
3122.188	0.2165
3124.116	0.21937
3126.045	0.22283
3127.973	0.22518
3129.902	0.22811
3131.83	0.23105
3133.759	0.23329
3135.687	0.23628
3137.615	0.23925
3139.544	0.2416
3141.472	0.24401
3143.401	0.24694
3145.329	0.24957
3147.258	0.2517
3149.186	0.25457
3151.115	0.25692
3153.043	0.25941
3154.972	0.2621
3156.9	0.26447
3158.829	0.2667
3160.757	0.26934
3162.686	0.2717
3164.614	0.27409
3166.542	0.27582
3168.471	0.27878
3170.399	0.28069
3172.328	0.28289
3174.256	0.2849
3176.185	0.28721
3178.113	0.28912
3180.042	0.29079
3181.97	0.29338
3183.899	0.2951
3185.827	0.29683
3187.756	0.2986
3189.684	0.30117
3191.613	0.30291
3193.541	0.30467
3195.469	0.30643
3197.398	0.30826
3199.326	0.30955
3201.255	0.31087
3203.183	0.31267
3205.112	0.31391
3207.04	0.31535
3208.969	0.31716
3210.897	0.31885
3212.826	0.3199
3214.754	0.321
3216.683	0.3225
3218.611	0.32356
3220.54	0.32451
3222.468	0.32545
3224.396	0.32659
3226.325	0.32756
3228.253	0.32856
3230.182	0.33007
3232.11	0.33039
3234.039	0.33123
3235.967	0.332
3237.896	0.33229
3239.824	0.33317
3241.753	0.33311
3243.681	0.33412
3245.61	0.33408
3247.538	0.33486
3249.467	0.33507
3251.395	0.33507
3253.323	0.33507
3255.252	0.33507
3257.18	0.33509
3259.109	0.33427
3261.037	0.33454
3262.966	0.33415
3264.894	0.3342
3266.823	0.33328
3268.751	0.33258
3270.68	0.3323
3272.608	0.33121
3274.537	0.33044
3276.465	0.32977
3278.394	0.32843
3280.322	0.32773
3282.25	0.32673
3284.179	0.32533
3286.107	0.32426
3288.036	0.32253
3289.964	0.32155
3291.893	0.31973
3293.821	0.31801
3295.75	0.31702
3297.678	0.31523
3299.607	0.31343
3301.535	0.31165
3303.464	0.30987
3305.392	0.30817
3307.321	0.30579
3309.249	0.3037
3311.177	0.30197
3313.106	0.30024
3315.034	0.29765
3316.963	0.29597
3318.891	0.2936
3320.82	0.29168
3322.748	0.28947
3324.677	0.28744
3326.605	0.28493
3328.534	0.2828
3330.462	0.28012
3332.391	0.27776
3334.319	0.27531
3336.248	0.27332
3338.176	0.27124
3340.104	0.2688
3342.033	0.26692
3343.961	0.26449
3345.89	0.26239
3347.818	0.25985
3349.747	0.25763
3351.675	0.25574
3353.604	0.25364
3355.532	0.25112
3357.461	0.24903
3359.389	0.24725
3361.318	0.24481
3363.246	0.24266
3365.175	0.24042
3367.103	0.23848
3369.031	0.23609
3370.96	0.23439
3372.888	0.23186
3374.817	0.22829
3376.745	0.22694
3378.674	0.22469
3380.602	0.2228
3382.531	0.21858
3384.459	0.21758
3386.388	0.21564
3388.316	0.21283
3390.245	0.21
3392.173	0.20713
3394.102	0.2051
3396.03	0.20232
3397.958	0.19956
3399.887	0.19682
3401.815	0.1941
3403.744	0.19074
3405.672	0.18798
3407.601	0.18578
3409.529	0.18339
3411.458	0.17985
3413.386	0.17663
3415.315	0.17486
3417.243	0.17203
3419.172	0.16921
3421.1	0.16687
3423.029	0.16393
3424.957	0.16141
3426.885	0.1589
3428.814	0.1564
3430.742	0.15392
3432.671	0.15145
3434.599	0.149
3436.528	0.14655
3438.456	0.14412
3440.385	0.14172
3442.313	0.13931
3444.242	0.13702
3446.17	0.1348
3448.099	0.13276
3450.027	0.13043
3451.956	0.1281
3453.884	0.12577
3455.812	0.12342
3457.741	0.12153
3459.669	0.11942
3461.598	0.11773
3463.526	0.11546
3465.455	0.11357
3467.383	0.11151
3469.312	0.10929
3471.24	0.1074
3473.169	0.10537
3475.097	0.10363
3477.026	0.10096
3478.954	0.0991
3480.883	0.09718
3482.811	0.09505
3484.74	0.09257
3486.668	0.09018
3488.596	0.08809
3490.525	0.08563
3492.453	0.08331
3494.382	0.08095
3496.31	0.07829
3498.239	0.07605
3500.167	0.07346
3502.096	0.07107
3504.024	0.06836
3505.953	0.06581
3507.881	0.06346
3509.81	0.06079
3511.738	0.05822
3513.667	0.05582
3515.595	0.05353
3517.523	0.05141
3519.452	0.0491
3521.38	0.04704
3523.309	0.04488
3525.237	0.04315
3527.166	0.04104
3529.094	0.03909
3531.023	0.03734
3532.951	0.03562
3534.88	0.03419
3536.808	0.0331
3538.737	0.03139
3540.665	0.03025
3542.594	0.02889
3544.522	0.02769
3546.45	0.02655
3548.379	0.02567
3550.307	0.02426
3552.236	0.02335
3554.164	0.02244
3556.093	0.02153
3558.021	0.02061
3559.95	0.01986
3561.878	0.01927
3563.807	0.01837
3565.735	0.01776
3567.664	0.01707
3569.592	0.01656
3571.521	0.01571
3573.449	0.01523
3575.377	0.01467
3577.306	0.01416
3579.234	0.0135
3581.163	0.01296
3583.091	0.01263
3585.02	0.01216
3586.948	0.01201
3588.877	0.0115
3590.805	0.01082
3592.734	0.0107
3594.662	0.00997
3596.591	0.00978
3598.519	0.00937
3600.448	0.00913
3602.376	0.00861
3604.304	0.00845
3606.233	0.00802
3608.161	0.0077
3610.09	0.00754
3612.018	0.00712
3613.947	0.00679
3615.875	0.00664
3617.804	0.00621
3619.732	0.00624
3621.661	0.00574
3623.589	0.00533
3625.518	0.00495
3627.446	0.00507
3629.375	0.00487
3631.303	0.00454
3633.231	0.00438
3635.16	0.00398
3637.088	0.00403
3639.017	0.00356
3640.945	0.00327
3642.874	0.00309
3644.802	0.00311
3646.731	0.00282
3648.659	0.00263
3650.588	0.00288
3652.516	0.00236
3654.445	0.0022
3656.373	0.00222
3658.302	0.00191
3660.23	0.00175
3662.158	0.00177
3664.087	0.00146
3666.015	0.0013
3667.944	0.0013
3669.872	0.00126
3671.801	0.00148
3673.729	8.76358E-4
3675.658	0.00127
3677.586	0.00106
3679.515	8.52233E-4
3681.443	8.9919E-4
3683.372	4.11681E-4
3685.3	4.09545E-4
3687.229	3.96167E-4
3689.157	5.79662E-4
3691.085	4.12998E-4
3693.014	4.00373E-4
3694.942	3.97682E-4
3696.871	3.96166E-4
3698.799	3.93668E-4
3700.728	3.90975E-4
3702.656	3.89543E-4
3704.585	1.1957E-4
3706.513	-1.14681E-5
3708.442	3.59442E-4
3710.37	3.53834E-4
3712.299	1.25996E-4
3714.227	-7.20317E-5
3716.156	1.38478E-4
3718.084	-6.21173E-5
3720.012	-6.46303E-5
3721.941	-1.51235E-5
3723.869	1.42689E-4
3725.798	-6.93093E-5
3727.726	-7.19888E-5
3729.655	-7.35577E-5
3731.583	-1.16703E-4
3733.512	1.16929E-4
3735.44	1.79063E-4
3737.369	2.98186E-4
3739.297	-8.1311E-5
3741.226	-8.39115E-5
3743.154	-1.1475E-4
3745.083	2.47149E-4
3747.011	-4.94432E-5
3748.939	-8.89404E-5
3750.868	9.41436E-5
3752.796	5.30024E-4
3754.725	-7.79513E-5
3756.653	-9.44708E-5
3758.582	-9.70368E-5
3760.51	-9.69948E-5
3762.439	-8.67745E-5
3764.367	-4.39479E-4
3766.296	-1.01483E-4
3768.224	-1.01935E-4
3770.153	-1.03611E-4
3772.081	-1.04522E-4
3774.01	-1.06646E-4
3775.938	-4.21883E-4
3777.866	-3.296E-4
3779.795	-1.09348E-4
3781.723	-4.30316E-4
3783.652	-3.12055E-4
3785.58	-3.74614E-4
3787.509	-4.33333E-4
3789.437	-5.08864E-4
3791.366	-1.10643E-4
3793.294	-2.50414E-4
3795.223	-9.38419E-5
3797.151	-3.86577E-4
3799.08	-5.70747E-4
3801.008	-2.97671E-4
3802.937	1.16184E-5
3804.865	-3.6283E-4
3806.793	-5.27469E-4
3808.722	-1.07425E-4
3810.65	-5.56055E-4
3812.579	-5.56041E-4
3814.507	-6.05832E-4
3816.436	1.00578E-4
3818.364	-3.39709E-4
3820.293	-2.57614E-4
3822.221	-1.53005E-4
3824.15	-5.50129E-4
3826.078	-6.04124E-4
3828.007	-3.3215E-4
3829.935	-5.60292E-4
3831.864	-2.06011E-4
3833.792	-5.98191E-4
3835.72	-3.23571E-4
3837.649	-2.90268E-4
3839.577	-3.57452E-4
3841.506	-2.33627E-4
3843.434	-2.12701E-4
3845.363	-4.09081E-4
3847.291	-2.889E-4
3849.22	-2.81293E-4
3851.148	-2.53901E-4
3853.077	-2.29351E-4
3855.005	9.53858E-5
3856.934	-3.50254E-4
3858.862	-3.67495E-4
3860.791	-3.84251E-4
3862.719	-4.01017E-4
3864.647	-4.18432E-4
3866.576	-4.35456E-4
3868.504	-4.52696E-4
3870.433	-4.69072E-4
3872.361	-4.8679E-4
3874.29	-5.03446E-4
3876.218	-8.75127E-4
3878.147	-5.95156E-4
3880.075	-7.33191E-4
3882.004	-5.38621E-4
3883.932	-8.24023E-4
3885.861	-6.03858E-4
3887.789	-8.98939E-4
3889.718	-0.00104
3891.646	-6.78165E-4
3893.574	-9.28461E-4
3895.503	-0.00108
3897.431	-0.001
3899.36	-8.96461E-4
3901.288	-8.96978E-4
3903.217	-0.0011
3905.145	-7.98658E-4
3907.074	-0.00103
3909.002	-0.0012
3910.931	-0.00126
3912.859	-0.00127
3914.788	-0.00133
3916.716	-0.00102
3918.645	-0.00111
3920.573	-0.00103
3922.501	-0.00108
3924.43	-9.44008E-4
3926.358	-9.36399E-4
3928.287	-0.00112
3930.215	-9.98088E-4
3932.144	-0.0013
3934.072	-0.00115
3936.001	-0.00133
3937.929	-0.00106
3939.858	-0.00111
3941.786	-0.00122
3943.715	-0.00109
3945.643	-0.00111
3947.572	-0.00112
3949.5	-0.00114
3951.428	-0.00115
3953.357	-0.00117
3955.285	-0.00118
3957.214	-0.0012
3959.142	-0.00122
3961.071	-0.00123
3962.999	-0.00125
3964.928	-0.00126
3966.856	-0.00128
3968.785	-0.00129
3970.713	-0.00131
3972.642	-0.00132
3974.57	-0.00134
3976.499	-0.00135
3978.427	-0.00137
3980.355	-0.00138
3982.284	-0.0014
3984.212	-0.00141
3986.141	-0.00141
3988.069	-0.00141
3989.998	-0.00141
3991.926	-0.00141
3993.855	-0.00117
3995.783	-0.00141
3997.712	-0.00141
3999.64	0
4001.569	0
