5000.111000 0.000000 
4998.643809 0.000032 
4997.176617 -0.000093 
4995.709426 -0.001276 
4994.242234 -0.000296 
4992.775043 -0.000083 
4991.307851 -0.000512 
4989.840660 -0.001308 
4988.373468 -0.000932 
4986.906277 -0.001089 
4985.439085 -0.000764 
4983.971894 -0.000488 
4982.504702 -0.000585 
4981.037511 -0.000892 
4979.570319 -0.000910 
4978.103128 -0.000978 
4976.635936 -0.000247 
4975.168745 0.000463 
4973.701553 0.000277 
4972.234362 0.000324 
4970.767170 0.000291 
4969.299979 0.000001 
4967.832787 0.000531 
4966.365596 0.000435 
4964.898404 -0.000904 
4963.431213 -0.001117 
4961.964021 -0.000711 
4960.496830 -0.000540 
4959.029638 -0.001132 
4957.562447 -0.001121 
4956.095255 -0.001222 
4954.628064 -0.000444 
4953.160872 -0.001349 
4951.693681 -0.000612 
4950.226489 -0.001292 
4948.759298 -0.000720 
4947.292106 -0.000686 
4945.824915 -0.000361 
4944.357723 -0.000035 
4942.890532 -0.000432 
4941.423340 0.000355 
4939.956149 0.000194 
4938.488957 -0.000267 
4937.021766 -0.000783 
4935.554574 -0.000482 
4934.087383 -0.000289 
4932.620191 0.000197 
4931.153000 -0.000110 
4929.685808 -0.000117 
4928.218617 0.001105 
4926.751425 0.000915 
4925.284234 0.001467 
4923.817042 0.001549 
4922.349851 0.001640 
4920.882659 0.001948 
4919.415468 0.001751 
4917.948276 0.001949 
4916.481085 0.001897 
4915.013893 0.001933 
4913.546702 0.001507 
4912.079510 0.002741 
4910.612319 0.001675 
4909.145127 0.001243 
4907.677936 0.001178 
4906.210744 0.001562 
4904.743553 0.000659 
4903.276361 0.000057 
4901.809170 0.000453 
4900.341978 0.000965 
4898.874787 0.001573 
4897.407595 0.001089 
4895.940404 0.000867 
4894.473212 0.001589 
4893.006021 0.002079 
4891.538829 0.002011 
4890.071638 0.001822 
4888.604446 0.001700 
4887.137255 0.001780 
4885.670063 0.002479 
4884.202872 0.002122 
4882.735680 0.001902 
4881.268489 0.001902 
4879.801297 0.002311 
4878.334106 0.002541 
4876.866914 0.001629 
4875.399723 0.002034 
4873.932531 0.002216 
4872.465340 0.001194 
4870.998148 0.002542 
4869.530957 0.001943 
4868.063765 0.001958 
4866.596574 0.001527 
4865.129382 0.001383 
4863.662191 0.001028 
4862.194999 0.000705 
4860.727808 0.000526 
4859.260616 0.000180 
4857.793425 0.000746 
4856.326233 0.000945 
4854.859042 0.000136 
4853.391850 -0.000245 
4851.924659 -0.000140 
4850.457467 0.000099 
4848.990276 -0.000264 
4847.523084 -0.000445 
4846.055893 -0.000429 
4844.588701 -0.000101 
4843.121510 -0.000495 
4841.654318 -0.000118 
4840.187127 -0.000429 
4838.719935 -0.000180 
4837.252744 -0.000581 
4835.785552 -0.000647 
4834.318361 -0.000767 
4832.851169 -0.000759 
4831.383978 -0.000949 
4829.916786 0.000201 
4828.449595 -0.000726 
4826.982403 -0.001073 
4825.515212 -0.000101 
4824.048020 -0.000245 
4822.580829 -0.001351 
4821.113637 -0.000423 
4819.646446 -0.000645 
4818.179254 -0.000975 
4816.712063 -0.001156 
4815.244871 -0.000308 
4813.777680 -0.000867 
4812.310488 -0.000568 
4810.843297 -0.000869 
4809.376105 -0.000556 
4807.908914 -0.000518 
4806.441722 -0.000771 
4804.974531 0.000054 
4803.507339 -0.000301 
4802.040148 -0.000574 
4800.572956 -0.000166 
4799.105765 0.000121 
4797.638573 0.000060 
4796.171382 0.000120 
4794.704190 -0.000121 
4793.236999 0.000286 
4791.769807 -0.000274 
4790.302616 0.000216 
4788.835424 -0.000187 
4787.368233 -0.000510 
4785.901041 -0.000492 
4784.433850 -0.000740 
4782.966658 -0.000750 
4781.499467 -0.000934 
4780.032275 -0.000915 
4778.565084 -0.000921 
4777.097892 -0.001127 
4775.630701 -0.001692 
4774.163509 -0.000997 
4772.696318 -0.000434 
4771.229126 -0.000866 
4769.761935 -0.000686 
4768.294743 -0.000797 
4766.827552 -0.000765 
4765.360360 -0.000044 
4763.893169 -0.000267 
4762.425977 -0.000479 
4760.958786 -0.001006 
4759.491594 -0.000362 
4758.024403 -0.000333 
4756.557211 -0.001002 
4755.090020 -0.000813 
4753.622828 -0.000333 
4752.155637 -0.000749 
4750.688445 -0.000923 
4749.221254 0.000402 
4747.754062 -0.000337 
4746.286871 -0.000476 
4744.819679 -0.000418 
4743.352488 -0.000016 
4741.885296 -0.000628 
4740.418105 -0.000834 
4738.950914 -0.001064 
4737.483722 -0.001294 
4736.016531 -0.000404 
4734.549339 -0.000571 
4733.082148 -0.001332 
4731.614956 -0.000886 
4730.147765 -0.001047 
4728.680573 -0.001393 
4727.213382 -0.001435 
4725.746190 -0.000600 
4724.278999 -0.000523 
4722.811807 -0.000531 
4721.344616 -0.000076 
4719.877424 -0.000123 
4718.410233 0.000326 
4716.943041 -0.000533 
4715.475850 -0.000435 
4714.008658 -0.000320 
4712.541467 -0.000685 
4711.074275 -0.000977 
4709.607084 -0.000880 
4708.139892 -0.001583 
4706.672701 -0.001394 
4705.205509 -0.001565 
4703.738318 -0.001314 
4702.271126 -0.001238 
4700.803935 -0.000896 
4699.336743 -0.000794 
4697.869552 -0.000946 
4696.402360 -0.000296 
4694.935169 -0.000112 
4693.467977 -0.000222 
4692.000786 0.000310 
4690.533594 0.001337 
4689.066403 0.000964 
4687.599211 0.001289 
4686.132020 0.001818 
4684.664828 0.002129 
4683.197637 0.003101 
4681.730445 0.002592 
4680.263254 0.002876 
4678.796062 0.001827 
4677.328871 0.001280 
4675.861679 0.000352 
4674.394488 0.000859 
4672.927296 0.000603 
4671.460105 0.001260 
4669.992913 0.001299 
4668.525722 0.000734 
4667.058530 0.001301 
4665.591339 0.000807 
4664.124147 0.001118 
4662.656956 0.001285 
4661.189764 0.000660 
4659.722573 0.000853 
4658.255381 0.001491 
4656.788190 0.002310 
4655.320998 0.001688 
4653.853807 0.001643 
4652.386615 0.002066 
4650.919424 0.001796 
4649.452232 0.001921 
4647.985041 0.002383 
4646.517849 0.002654 
4645.050658 0.002276 
4643.583466 0.002441 
4642.116275 0.002203 
4640.649083 0.002381 
4639.181892 0.002338 
4637.714700 0.002165 
4636.247509 0.001968 
4634.780317 0.001911 
4633.313126 0.001234 
4631.845934 0.001263 
4630.378743 0.001396 
4628.911551 0.000915 
4627.444360 0.000857 
4625.977168 0.000308 
4624.509977 -0.000077 
4623.042785 -0.000312 
4621.575594 -0.000403 
4620.108402 -0.000105 
4618.641211 -0.000146 
4617.174019 -0.000274 
4615.706828 -0.000279 
4614.239636 -0.000378 
4612.772445 -0.000131 
4611.305253 0.000120 
4609.838062 0.000450 
4608.370870 -0.000018 
4606.903679 0.000329 
4605.436487 0.000057 
4603.969296 0.000431 
4602.502104 0.000213 
4601.034913 0.000362 
4599.567721 0.000359 
4598.100530 0.001009 
4596.633338 0.000932 
4595.166147 0.000794 
4593.698955 0.000993 
4592.231764 0.000753 
4590.764572 0.001245 
4589.297381 0.000289 
4587.830189 0.000891 
4586.362998 0.001155 
4584.895806 0.000686 
4583.428615 0.001136 
4581.961423 0.000764 
4580.494232 0.000689 
4579.027040 0.000553 
4577.559849 0.000642 
4576.092657 0.000422 
4574.625466 0.000365 
4573.158274 0.000946 
4571.691083 0.000238 
4570.223891 0.000145 
4568.756700 0.000245 
4567.289508 0.000339 
4565.822317 0.000263 
4564.355125 0.000201 
4562.887934 -0.000037 
4561.420742 0.000324 
4559.953551 0.000669 
4558.486359 0.000235 
4557.019168 0.000698 
4555.551976 0.000161 
4554.084785 0.000139 
4552.617593 0.000604 
4551.150402 0.000375 
4549.683210 0.000228 
4548.216019 0.000146 
4546.748827 0.000583 
4545.281636 0.000660 
4543.814444 0.000545 
4542.347253 0.000451 
4540.880061 0.000597 
4539.412870 0.000667 
4537.945678 -0.000261 
4536.478487 -0.000257 
4535.011295 0.000193 
4533.544104 0.000107 
4532.076912 0.000216 
4530.609721 0.000140 
4529.142529 -0.000050 
4527.675338 -0.000150 
4526.208146 0.000083 
4524.740955 -0.000086 
4523.273763 0.000282 
4521.806572 -0.000134 
4520.339380 -0.000406 
4518.872189 0.000280 
4517.404997 -0.000098 
4515.937806 -0.000032 
4514.470614 0.000054 
4513.003423 0.000134 
4511.536231 -0.000172 
4510.069040 0.000330 
4508.601848 0.000590 
4507.134657 -0.000108 
4505.667465 -0.000136 
4504.200274 -0.000172 
4502.733082 -0.000292 
4501.265891 0.000175 
4499.798699 -0.000076 
4498.331508 -0.000218 
4496.864316 -0.000041 
4495.397125 -0.000035 
4493.929933 -0.000145 
4492.462742 -0.000229 
4490.995550 -0.000304 
4489.528359 -0.000149 
4488.061167 -0.000251 
4486.593976 -0.000394 
4485.126784 -0.000007 
4483.659593 -0.000229 
4482.192402 -0.000022 
4480.725210 -0.000073 
4479.258019 -0.000263 
4477.790827 -0.000053 
4476.323636 0.000123 
4474.856444 -0.000238 
4473.389253 -0.000232 
4471.922061 -0.000423 
4470.454870 -0.000280 
4468.987678 -0.000609 
4467.520487 -0.000158 
4466.053295 -0.000511 
4464.586104 -0.000131 
4463.118912 -0.000098 
4461.651721 -0.000064 
4460.184529 -0.000523 
4458.717338 -0.000416 
4457.250146 -0.000072 
4455.782955 0.000096 
4454.315763 -0.000142 
4452.848572 0.000003 
4451.381380 -0.000480 
4449.914189 -0.000549 
4448.446997 -0.000292 
4446.979806 -0.000564 
4445.512614 -0.000171 
4444.045423 -0.000548 
4442.578231 -0.000353 
4441.111040 -0.000145 
4439.643848 -0.000530 
4438.176657 -0.000304 
4436.709465 -0.000863 
4435.242274 -0.000511 
4433.775082 -0.000454 
4432.307891 -0.000331 
4430.840699 -0.000429 
4429.373508 -0.000188 
4427.906316 -0.000425 
4426.439125 -0.000365 
4424.971933 -0.000201 
4423.504742 0.000076 
4422.037550 -0.000604 
4420.570359 -0.000298 
4419.103167 -0.000593 
4417.635976 -0.000475 
4416.168784 -0.000545 
4414.701593 -0.000391 
4413.234401 0.000130 
4411.767210 -0.000101 
4410.300018 -0.000264 
4408.832827 -0.000724 
4407.365635 -0.000331 
4405.898444 -0.000717 
4404.431252 -0.000695 
4402.964061 0.000096 
4401.496869 -0.000288 
4400.029678 -0.000422 
4398.562486 -0.000323 
4397.095295 -0.000315 
4395.628103 -0.000077 
4394.160912 -0.000546 
4392.693720 -0.000529 
4391.226529 -0.000584 
4389.759337 -0.000543 
4388.292146 -0.000301 
4386.824954 -0.000425 
4385.357763 -0.000504 
4383.890571 -0.000575 
4382.423380 -0.000499 
4380.956188 -0.000705 
4379.488997 -0.000051 
4378.021805 -0.000407 
4376.554614 -0.000663 
4375.087422 -0.000407 
4373.620231 -0.000111 
4372.153039 -0.000569 
4370.685848 -0.000768 
4369.218656 -0.000180 
4367.751465 -0.000307 
4366.284273 -0.000034 
4364.817082 -0.000374 
4363.349890 -0.000098 
4361.882699 -0.000496 
4360.415507 -0.000680 
4358.948316 -0.000285 
4357.481124 -0.000307 
4356.013933 -0.000128 
4354.546741 -0.000380 
4353.079550 0.000194 
4351.612358 0.000031 
4350.145167 -0.000699 
4348.677975 -0.000453 
4347.210784 -0.000361 
4345.743592 -0.000394 
4344.276401 -0.000642 
4342.809209 -0.000150 
4341.342018 -0.000548 
4339.874826 0.000324 
4338.407635 -0.000458 
4336.940443 -0.000567 
4335.473252 -0.000193 
4334.006060 -0.000180 
4332.538869 -0.000453 
4331.071677 -0.000317 
4329.604486 -0.000650 
4328.137294 -0.000149 
4326.670103 -0.000263 
4325.202911 0.000000 
4323.735720 -0.000127 
4322.268528 -0.000012 
4320.801337 -0.000215 
4319.334145 -0.000489 
4317.866954 -0.000457 
4316.399762 0.000098 
4314.932571 -0.000355 
4313.465379 0.000142 
4311.998188 -0.000314 
4310.530996 -0.000064 
4309.063805 0.000155 
4307.596613 -0.000142 
4306.129422 0.000104 
4304.662230 0.000193 
4303.195039 0.000120 
4301.727847 0.000107 
4300.260656 -0.000112 
4298.793464 -0.000692 
4297.326273 -0.000413 
4295.859081 -0.000018 
4294.391890 -0.000169 
4292.924698 -0.000315 
4291.457507 -0.000172 
4289.990315 0.000155 
4288.523124 -0.000048 
4287.055932 -0.000153 
4285.588741 0.000079 
4284.121549 0.000301 
4282.654358 0.000470 
4281.187166 0.000616 
4279.719975 0.000098 
4278.252783 0.000016 
4276.785592 -0.000194 
4275.318400 -0.000286 
4273.851209 -0.000723 
4272.384017 -0.000835 
4270.916826 -0.000546 
4269.449634 -0.000943 
4267.982443 -0.001031 
4266.515251 -0.000606 
4265.048060 -0.000164 
4263.580868 0.000063 
4262.113677 -0.000199 
4260.646485 0.000180 
4259.179294 0.000178 
4257.712102 -0.000136 
4256.244911 -0.000517 
4254.777719 0.000152 
4253.310528 0.000038 
4251.843336 0.000296 
4250.376145 0.000310 
4248.908953 0.000016 
4247.441762 -0.000123 
4245.974570 0.000077 
4244.507379 -0.000409 
4243.040187 -0.000518 
4241.572996 -0.000026 
4240.105804 -0.000292 
4238.638613 -0.000001 
4237.171421 -0.000035 
4235.704230 -0.000546 
4234.237038 -0.000299 
4232.769847 -0.000277 
4231.302655 -0.000310 
4229.835464 -0.000377 
4228.368272 0.000133 
4226.901081 -0.000239 
4225.433889 -0.000569 
4223.966698 -0.000269 
4222.499507 -0.000041 
4221.032315 -0.000623 
4219.565124 -0.000521 
4218.097932 -0.000308 
4216.630741 -0.000204 
4215.163549 -0.000406 
4213.696358 -0.000368 
4212.229166 -0.000350 
4210.761975 0.000063 
4209.294783 0.000057 
4207.827592 -0.000327 
4206.360400 0.000000 
4204.893209 -0.000054 
4203.426017 -0.000088 
4201.958826 -0.000261 
4200.491634 -0.000331 
4199.024443 -0.000413 
4197.557251 -0.000166 
4196.090060 -0.000385 
4194.622868 -0.000431 
4193.155677 -0.000196 
4191.688485 -0.000352 
4190.221294 -0.000473 
4188.754102 -0.000267 
4187.286911 -0.000402 
4185.819719 -0.000409 
4184.352528 -0.000355 
4182.885336 -0.000492 
4181.418145 -0.000397 
4179.950953 -0.000085 
4178.483762 -0.000626 
4177.016570 -0.000572 
4175.549379 -0.000448 
4174.082187 -0.000324 
4172.614996 -0.000584 
4171.147804 -0.000531 
4169.680613 -0.000467 
4168.213421 -0.000209 
4166.746230 -0.000587 
4165.279038 -0.000615 
4163.811847 -0.000457 
4162.344655 -0.000584 
4160.877464 -0.000193 
4159.410272 -0.000699 
4157.943081 -0.000448 
4156.475889 -0.000086 
4155.008698 -0.000439 
4153.541506 -0.000439 
4152.074315 -0.000434 
4150.607123 -0.000349 
4149.139932 -0.000517 
4147.672740 -0.000158 
4146.205549 -0.000029 
4144.738357 -0.000174 
4143.271166 -0.000037 
4141.803974 -0.000667 
4140.336783 -0.000524 
4138.869591 -0.000282 
4137.402400 -0.000074 
4135.935208 -0.000698 
4134.468017 -0.000584 
4133.000825 -0.000364 
4131.533634 -0.000409 
4130.066442 -0.000361 
4128.599251 -0.000584 
4127.132059 -0.000337 
4125.664868 -0.000352 
4124.197676 -0.000286 
4122.730485 -0.000400 
4121.263293 -0.000391 
4119.796102 -0.000438 
4118.328910 -0.000555 
4116.861719 -0.000428 
4115.394527 -0.000292 
4113.927336 -0.000409 
4112.460144 -0.000539 
4110.992953 -0.000399 
4109.525761 0.000070 
4108.058570 -0.000413 
4106.591378 -0.000039 
4105.124187 -0.000362 
4103.656995 0.000093 
4102.189804 -0.000015 
4100.722612 -0.000596 
4099.255421 -0.000131 
4097.788229 -0.000307 
4096.321038 -0.000079 
4094.853846 -0.000077 
4093.386655 -0.000175 
4091.919463 -0.000072 
4090.452272 -0.000223 
4088.985080 -0.000183 
4087.517889 0.000060 
4086.050697 -0.000050 
4084.583506 -0.000418 
4083.116314 -0.000210 
4081.649123 0.000361 
4080.181931 0.000276 
4078.714740 -0.000028 
4077.247548 -0.000051 
4075.780357 -0.000126 
4074.313165 0.000000 
4072.845974 -0.000139 
4071.378782 0.000126 
4069.911591 0.000237 
4068.444399 -0.000239 
4066.977208 0.000000 
4065.510016 -0.000083 
4064.042825 0.000070 
4062.575633 0.000329 
4061.108442 0.000223 
4059.641250 0.000222 
4058.174059 0.000042 
4056.706867 -0.000074 
4055.239676 0.000107 
4053.772484 0.000207 
4052.305293 0.000034 
4050.838101 -0.000153 
4049.370910 -0.000126 
4047.903718 -0.000118 
4046.436527 0.000171 
4044.969335 -0.000117 
4043.502144 0.000128 
4042.034952 -0.000076 
4040.567761 0.000124 
4039.100569 0.000118 
4037.633378 0.000253 
4036.166186 -0.000299 
4034.698995 0.000028 
4033.231803 -0.000146 
4031.764612 0.000099 
4030.297420 0.000051 
4028.830229 0.000152 
4027.363037 0.000124 
4025.895846 0.000117 
4024.428654 -0.000006 
4022.961463 -0.000146 
4021.494271 0.000058 
4020.027080 0.000095 
4018.559888 0.000085 
4017.092697 0.000581 
4015.625505 0.000352 
4014.158314 -0.000019 
4012.691122 -0.000117 
4011.223931 0.000168 
4009.756739 0.000031 
4008.289548 0.000120 
4006.822356 0.000124 
4005.355165 0.000168 
4003.887973 0.000136 
4002.420782 0.000066 
4000.953590 -0.000124 
3999.486399 0.000000 
3998.019207 -0.000207 
3996.552016 0.000072 
3995.084824 0.000220 
3993.617633 0.000355 
3992.150441 0.000219 
3990.683250 0.000199 
3989.216058 0.000292 
3987.748867 -0.000064 
3986.281675 0.000190 
3984.814484 0.000172 
3983.347292 0.000058 
3981.880101 0.000577 
3980.412909 0.000105 
3978.945718 0.000153 
3977.478526 -0.000067 
3976.011335 0.000288 
3974.544143 -0.000226 
3973.076952 0.000159 
3971.609760 0.000072 
3970.142569 -0.000029 
3968.675377 -0.000034 
3967.208186 0.000218 
3965.740994 0.000415 
3964.273803 0.000337 
3962.806612 0.000384 
3961.339420 -0.000093 
3959.872229 -0.000146 
3958.405037 0.000120 
3956.937846 0.000404 
3955.470654 0.000039 
3954.003463 -0.000072 
3952.536271 0.000013 
3951.069080 0.000219 
3949.601888 0.000171 
3948.134697 -0.000169 
3946.667505 0.000070 
3945.200314 -0.000168 
3943.733122 0.000023 
3942.265931 0.000146 
3940.798739 -0.000015 
3939.331548 -0.000273 
3937.864356 -0.000171 
3936.397165 -0.000146 
3934.929973 -0.000187 
3933.462782 -0.000069 
3931.995590 0.000073 
3930.528399 -0.000069 
3929.061207 -0.000267 
3927.594016 -0.000003 
3926.126824 -0.000001 
3924.659633 -0.000180 
3923.192441 -0.000480 
3921.725250 -0.000283 
3920.258058 -0.000289 
3918.790867 -0.000365 
3917.323675 -0.000169 
3915.856484 -0.000413 
3914.389292 -0.000371 
3912.922101 -0.000315 
3911.454909 -0.000073 
3909.987718 -0.000438 
3908.520526 -0.000480 
3907.053335 -0.000200 
3905.586143 -0.000346 
3904.118952 -0.000403 
3902.651760 -0.000439 
3901.184569 -0.000302 
3899.717377 -0.000292 
3898.250186 -0.000593 
3896.782994 -0.000472 
3895.315803 -0.000102 
3893.848611 -0.000659 
3892.381420 -0.000342 
3890.914228 -0.000549 
3889.447037 -0.000390 
3887.979845 -0.000629 
3886.512654 -0.000235 
3885.045462 -0.000476 
3883.578271 -0.000902 
3882.111079 -0.000413 
3880.643888 -0.000599 
3879.176696 -0.000523 
3877.709505 -0.000413 
3876.242313 -0.000536 
3874.775122 -0.000756 
3873.307930 -0.000342 
3871.840739 -0.000339 
3870.373547 -0.000634 
3868.906356 -0.000594 
3867.439164 -0.000439 
3865.971973 -0.000748 
3864.504781 -0.000416 
3863.037590 -0.000237 
3861.570398 -0.000426 
3860.103207 -0.000825 
3858.636015 -0.000584 
3857.168824 -0.000907 
3855.701632 -0.000870 
3854.234441 -0.001603 
3852.767249 -0.000729 
3851.300058 -0.000334 
3849.832866 -0.000575 
3848.365675 -0.000469 
3846.898483 -0.000391 
3845.431292 -0.000750 
3843.964100 -0.000812 
3842.496909 -0.000880 
3841.029717 -0.000805 
3839.562526 -0.000677 
3838.095334 -0.000567 
3836.628143 -0.000997 
3835.160951 -0.000807 
3833.693760 -0.000926 
3832.226568 -0.000569 
3830.759377 -0.000756 
3829.292185 -0.000523 
3827.824994 -0.000483 
3826.357802 -0.000667 
3824.890611 -0.000353 
3823.423419 -0.000688 
3821.956228 -0.000514 
3820.489036 -0.000756 
3819.021845 -0.000606 
3817.554653 -0.000531 
3816.087462 -0.000978 
3814.620270 -0.000491 
3813.153079 -0.000610 
3811.685887 -0.000527 
3810.218696 -0.000531 
3808.751504 -0.000613 
3807.284313 -0.000696 
3805.817121 -0.000853 
3804.349930 -0.000526 
3802.882738 -0.000677 
3801.415547 -0.000575 
3799.948355 -0.000774 
3798.481164 -0.000565 
3797.013972 -0.000568 
3795.546781 -0.000438 
3794.079589 -0.000412 
3792.612398 -0.000371 
3791.145206 -0.000438 
3789.678015 -0.000312 
3788.210823 -0.000418 
3786.743632 -0.000622 
3785.276440 -0.000311 
3783.809249 -0.000310 
3782.342057 -0.000091 
3780.874866 -0.000085 
3779.407674 -0.000482 
3777.940483 -0.000190 
3776.473291 -0.000292 
3775.006100 -0.000416 
3773.538908 -0.000171 
3772.071717 0.000028 
3770.604525 0.000022 
3769.137334 -0.000245 
3767.670142 0.000035 
3766.202951 -0.000178 
3764.735759 -0.000140 
3763.268568 -0.000146 
3761.801376 0.000104 
3760.334185 0.000228 
3758.866993 -0.000164 
3757.399802 0.000396 
3755.932610 0.000076 
3754.465419 -0.000204 
3752.998227 0.000241 
3751.531036 -0.000257 
3750.063844 -0.000083 
3748.596653 -0.000428 
3747.129461 -0.000114 
3745.662270 -0.000247 
3744.195078 -0.000089 
3742.727887 0.000299 
3741.260695 -0.000074 
3739.793504 -0.000020 
3738.326312 0.000060 
3736.859121 -0.000057 
3735.391929 -0.000260 
3733.924738 -0.000291 
3732.457546 0.000180 
3730.990355 -0.000320 
3729.523163 -0.000111 
3728.055972 -0.000118 
3726.588780 0.000066 
3725.121589 -0.000317 
3723.654397 0.000166 
3722.187206 -0.000035 
3720.720014 0.000104 
3719.252823 0.000118 
3717.785631 -0.000001 
3716.318440 0.000162 
3714.851248 0.000134 
3713.384057 0.000358 
3711.916865 0.000232 
3710.449674 0.000609 
3708.982482 0.001105 
3707.515291 0.001600 
3706.048099 0.002622 
3704.580908 0.003268 
3703.113717 0.003906 
3701.646525 0.004320 
3700.179334 0.004417 
3698.712142 0.003929 
3697.244951 0.003625 
3695.777759 0.003091 
3694.310568 0.002843 
3692.843376 0.002720 
3691.376185 0.002418 
3689.908993 0.002624 
3688.441802 0.002162 
3686.974610 0.002237 
3685.507419 0.002644 
3684.040227 0.002850 
3682.573036 0.002621 
3681.105844 0.002900 
3679.638653 0.002891 
3678.171461 0.003065 
3676.704270 0.003066 
3675.237078 0.003326 
3673.769887 0.004028 
3672.302695 0.004474 
3670.835504 0.004680 
3669.368312 0.005220 
3667.901121 0.005905 
3666.433929 0.006179 
3664.966738 0.006713 
3663.499546 0.007076 
3662.032355 0.007382 
3660.565163 0.007987 
3659.097972 0.008479 
3657.630780 0.008853 
3656.163589 0.009329 
3654.696397 0.010104 
3653.229206 0.010781 
3651.762014 0.010951 
3650.294823 0.011590 
3648.827631 0.012068 
3647.360440 0.012710 
3645.893248 0.013420 
3644.426057 0.014194 
3642.958865 0.014735 
3641.491674 0.015091 
3640.024482 0.015827 
3638.557291 0.016315 
3637.090099 0.016771 
3635.622908 0.017391 
3634.155716 0.017926 
3632.688525 0.018628 
3631.221333 0.019489 
3629.754142 0.019872 
3628.286950 0.020342 
3626.819759 0.021316 
3625.352567 0.022450 
3623.885376 0.023164 
3622.418184 0.023775 
3620.950993 0.024959 
3619.483801 0.025598 
3618.016610 0.026771 
3616.549418 0.027775 
3615.082227 0.028551 
3613.615035 0.029584 
3612.147844 0.030510 
3610.680652 0.031725 
3609.213461 0.032706 
3607.746269 0.033721 
3606.279078 0.034909 
3604.811886 0.036540 
3603.344695 0.037720 
3601.877503 0.038984 
3600.410312 0.040767 
3598.943120 0.042093 
3597.475929 0.043905 
3596.008737 0.045749 
3594.541546 0.046946 
3593.074354 0.048386 
3591.607163 0.049700 
3590.139971 0.051378 
3588.672780 0.052626 
3587.205588 0.054404 
3585.738397 0.055867 
3584.271205 0.057335 
3582.804014 0.058976 
3581.336822 0.060727 
3579.869631 0.062540 
3578.402439 0.064434 
3576.935248 0.065964 
3575.468056 0.068069 
3574.000865 0.070467 
3572.533673 0.071984 
3571.066482 0.074583 
3569.599290 0.076645 
3568.132099 0.078932 
3566.664907 0.081123 
3565.197716 0.083469 
3563.730524 0.085664 
3562.263333 0.088204 
3560.796141 0.090864 
3559.328950 0.093008 
3557.861758 0.095779 
3556.394567 0.098632 
3554.927375 0.101314 
3553.460184 0.104001 
3551.992992 0.107064 
3550.525801 0.109727 
3549.058609 0.112758 
3547.591418 0.115826 
3546.124226 0.118637 
3544.657035 0.121604 
3543.189843 0.125477 
3541.722652 0.128396 
3540.255460 0.131499 
3538.788269 0.135273 
3537.321077 0.138494 
3535.853886 0.141943 
3534.386694 0.145616 
3532.919503 0.149286 
3531.452311 0.153070 
3529.985120 0.156802 
3528.517928 0.160655 
3527.050737 0.164456 
3525.583545 0.168638 
3524.116354 0.172784 
3522.649162 0.176652 
3521.181971 0.180908 
3519.714779 0.185112 
3518.247588 0.189213 
3516.780396 0.193808 
3515.313205 0.198293 
3513.846013 0.202513 
3512.378822 0.207299 
3510.911630 0.211577 
3509.444439 0.216543 
3507.977247 0.220969 
3506.510056 0.225955 
3505.042864 0.230859 
3503.575673 0.235790 
3502.108481 0.240519 
3500.641290 0.245584 
3499.174098 0.250712 
3497.706907 0.256043 
3496.239715 0.261251 
3494.772524 0.266356 
3493.305332 0.271875 
3491.838141 0.277938 
3490.370949 0.283693 
3488.903758 0.288913 
3487.436566 0.294567 
3485.969375 0.300292 
3484.502183 0.305930 
3483.034992 0.312181 
3481.567800 0.318145 
3480.100609 0.324076 
3478.633417 0.329922 
3477.166226 0.336238 
3475.699034 0.342837 
3474.231843 0.349344 
3472.764651 0.355693 
3471.297460 0.362110 
3469.830268 0.368276 
3468.363077 0.374137 
3466.895885 0.380665 
3465.428694 0.387076 
3463.961502 0.394297 
3462.494311 0.401135 
3461.027119 0.408089 
3459.559928 0.414460 
3458.092736 0.421280 
3456.625545 0.428144 
3455.158353 0.434676 
3453.691162 0.441670 
3452.223970 0.448163 
3450.756779 0.455315 
3449.289587 0.462059 
3447.822396 0.468508 
3446.355205 0.475690 
3444.888013 0.482237 
3443.420822 0.489114 
3441.953630 0.495502 
3440.486439 0.502730 
3439.019247 0.509488 
3437.552056 0.515787 
3436.084864 0.522309 
3434.617673 0.527772 
3433.150481 0.535222 
3431.683290 0.542335 
3430.216098 0.548079 
3428.748907 0.554499 
3427.281715 0.560795 
3425.814524 0.567908 
3424.347332 0.574265 
3422.880141 0.580387 
3421.412949 0.586504 
3419.945758 0.592509 
3418.478566 0.599036 
3417.011375 0.604751 
3415.544183 0.610411 
3414.076992 0.616694 
3412.609800 0.621907 
3411.142609 0.627908 
3409.675417 0.633925 
3408.208226 0.638928 
3406.741034 0.645183 
3405.273843 0.650710 
3403.806651 0.656267 
3402.339460 0.661681 
3400.872268 0.664895 
3399.405077 0.669503 
3397.937885 0.675620 
3396.470694 0.681586 
3395.003502 0.686187 
3393.536311 0.691353 
3392.069119 0.694334 
3390.601928 0.698703 
3389.134736 0.704943 
3387.667545 0.710058 
3386.200353 0.714490 
3384.733162 0.719556 
3383.265970 0.723665 
3381.798779 0.727496 
3380.331587 0.731711 
3378.864396 0.735762 
3377.397204 0.740008 
3375.930013 0.743923 
3374.462821 0.747977 
3372.995630 0.751916 
3371.528438 0.756353 
3370.061247 0.759581 
3368.594055 0.761285 
3367.126864 0.766276 
3365.659672 0.769715 
3364.192481 0.774867 
3362.725289 0.777945 
3361.258098 0.781946 
3359.790906 0.785665 
3358.323715 0.788989 
3356.856523 0.792546 
3355.389332 0.796944 
3353.922140 0.800252 
3352.454949 0.804224 
3350.987757 0.806861 
3349.520566 0.809977 
3348.053374 0.815068 
3346.586183 0.818708 
3345.118991 0.822313 
3343.651800 0.825573 
3342.184608 0.828987 
3340.717417 0.833170 
3339.250225 0.836206 
3337.783034 0.838898 
3336.315842 0.843027 
3334.848651 0.846810 
3333.381459 0.851173 
3331.914268 0.855952 
3330.447076 0.859697 
3328.979885 0.862594 
3327.512693 0.866269 
3326.045502 0.869925 
3324.578310 0.872882 
3323.111119 0.878466 
3321.643927 0.881851 
3320.176736 0.886017 
3318.709544 0.889493 
3317.242353 0.893835 
3315.775161 0.898027 
3314.307970 0.901847 
3312.840778 0.905374 
3311.373587 0.909727 
3309.906395 0.914861 
3308.439204 0.916708 
3306.972012 0.919733 
3305.504821 0.921396 
3304.037629 0.924992 
3302.570438 0.932773 
3301.103246 0.936676 
3299.636055 0.940434 
3298.168863 0.944663 
3296.701672 0.947424 
3295.234480 0.952240 
3293.767289 0.955388 
3292.300097 0.958313 
3290.832906 0.960918 
3289.365714 0.965165 
3287.898523 0.968658 
3286.431331 0.971588 
3284.964140 0.974428 
3283.496948 0.976135 
3282.029757 0.979309 
3280.562565 0.982350 
3279.095374 0.984501 
3277.628182 0.987651 
3276.160991 0.988892 
3274.693799 0.989771 
3273.226608 0.992599 
3271.759416 0.992605 
3270.292225 0.993285 
3268.825033 0.995370 
3267.357842 0.997214 
3265.890650 0.997769 
3264.423459 0.998849 
3262.956267 0.998463 
3261.489076 0.998527 
3260.021884 1.000000 
3258.554693 0.999216 
3257.087501 0.998965 
3255.620310 0.997451 
3254.153118 0.997388 
3252.685927 0.997681 
3251.218735 0.996001 
3249.751544 0.994272 
3248.284352 0.993273 
3246.817161 0.990007 
3245.349969 0.988683 
3243.882778 0.987121 
3242.415586 0.984727 
3240.948395 0.982673 
3239.481203 0.979789 
3238.014012 0.977091 
3236.546820 0.974520 
3235.079629 0.971077 
3233.612437 0.964498 
3232.145246 0.961914 
3230.678054 0.959961 
3229.210863 0.956456 
3227.743671 0.952652 
3226.276480 0.948241 
3224.809288 0.943896 
3223.342097 0.939906 
3221.874905 0.935357 
3220.407714 0.931071 
3218.940522 0.925995 
3217.473331 0.921138 
3216.006139 0.916134 
3214.538948 0.911408 
3213.071756 0.906522 
3211.604565 0.900829 
3210.137373 0.896069 
3208.670182 0.891115 
3207.202990 0.885926 
3205.735799 0.879807 
3204.268607 0.874315 
3202.801416 0.868509 
3201.334224 0.862484 
3199.867033 0.856711 
3198.399841 0.851053 
3196.932650 0.845674 
3195.465458 0.839526 
3193.998267 0.832944 
3192.531075 0.827169 
3191.063884 0.821174 
3189.596692 0.814404 
3188.129501 0.808740 
3186.662310 0.801809 
3185.195118 0.795507 
3183.727927 0.788972 
3182.260735 0.782232 
3180.793544 0.775759 
3179.326352 0.769176 
3177.859161 0.762813 
3176.391969 0.755705 
3174.924778 0.748688 
3173.457586 0.741634 
3171.990395 0.734741 
3170.523203 0.727462 
3169.056012 0.720885 
3167.588820 0.713557 
3166.121629 0.706250 
3164.654437 0.699058 
3163.187246 0.691798 
3161.720054 0.684448 
3160.252863 0.677408 
3158.785671 0.669739 
3157.318480 0.662318 
3155.851288 0.655140 
3154.384097 0.647309 
3152.916905 0.639153 
3151.449714 0.630673 
3149.982522 0.624143 
3148.515331 0.616354 
3147.048139 0.609083 
3145.580948 0.601473 
3144.113756 0.593791 
3142.646565 0.585857 
3141.179373 0.577981 
3139.712182 0.569478 
3138.244990 0.562272 
3136.777799 0.554329 
3135.310607 0.546194 
3133.843416 0.538949 
3132.376224 0.530949 
3130.909033 0.522769 
3129.441841 0.514647 
3127.974650 0.507057 
3126.507458 0.498771 
3125.040267 0.491240 
3123.573075 0.483141 
3122.105884 0.475359 
3120.638692 0.466464 
3119.171501 0.458782 
3117.704309 0.451257 
3116.237118 0.442536 
3114.769926 0.434475 
3113.302735 0.427696 
3111.835543 0.420048 
3110.368352 0.412122 
3108.901160 0.404230 
3107.433969 0.396194 
3105.966777 0.388888 
3104.499586 0.381250 
3103.032394 0.373674 
3101.565203 0.366502 
3100.098011 0.358372 
3098.630820 0.351015 
3097.163628 0.343387 
3095.696437 0.336081 
3094.229245 0.328553 
3092.762054 0.321201 
3091.294862 0.313699 
3089.827671 0.306353 
3088.360479 0.299519 
3086.893288 0.292592 
3085.426096 0.285191 
3083.958905 0.277982 
3082.491713 0.271229 
3081.024522 0.264225 
3079.557330 0.257756 
3078.090139 0.250512 
3076.622947 0.244581 
3075.155756 0.238404 
3073.688564 0.231966 
3072.221373 0.226076 
3070.754181 0.220169 
3069.286990 0.214003 
3067.819798 0.208019 
3066.352607 0.202247 
3064.885415 0.196960 
3063.418224 0.191583 
3061.951032 0.186268 
3060.483841 0.181181 
3059.016649 0.176360 
3057.549458 0.171394 
3056.082266 0.166621 
3054.615075 0.162172 
3053.147883 0.157694 
3051.680692 0.153444 
3050.213500 0.149205 
3048.746309 0.145229 
3047.279117 0.141274 
3045.811926 0.137317 
3044.344734 0.133671 
3042.877543 0.130117 
3041.410351 0.126571 
3039.943160 0.123223 
3038.475968 0.120161 
3037.008777 0.117117 
3035.541585 0.113941 
3034.074394 0.110881 
3032.607202 0.108058 
3031.140011 0.105595 
3029.672819 0.102836 
3028.205628 0.100218 
3026.738436 0.098039 
3025.271245 0.095617 
3023.804053 0.093348 
3022.336862 0.091431 
3020.869670 0.089527 
3019.402479 0.088061 
3017.935287 0.086639 
3016.468096 0.085586 
3015.000904 0.084430 
3013.533713 0.082943 
3012.066521 0.080772 
3010.599330 0.078068 
3009.132138 0.075631 
3007.664947 0.073945 
3006.197755 0.072397 
3004.730564 0.071252 
3003.263372 0.069832 
3001.796181 0.068394 
3000.328989 0.066805 
2998.861798 0.064980 
2997.394606 0.063492 
2995.927415 0.062071 
2994.460223 0.060798 
2992.993032 0.059529 
2991.525840 0.058225 
2990.058649 0.057189 
2988.591457 0.055904 
2987.124266 0.054952 
2985.657074 0.053699 
2984.189883 0.052759 
2982.722691 0.051870 
2981.255500 0.051195 
2979.788308 0.050681 
2978.321117 0.049506 
2976.853925 0.048834 
2975.386734 0.047819 
2973.919542 0.046546 
2972.452351 0.045536 
2970.985159 0.044133 
2969.517968 0.043141 
2968.050776 0.042433 
2966.583585 0.041813 
2965.116393 0.041056 
2963.649202 0.040066 
2962.182010 0.039349 
2960.714819 0.038970 
2959.247627 0.038183 
2957.780436 0.037571 
2956.313244 0.037094 
2954.846053 0.036591 
2953.378861 0.036467 
2951.911670 0.035780 
2950.444478 0.035442 
2948.977287 0.034890 
2947.510095 0.034622 
2946.042904 0.034406 
2944.575712 0.034043 
2943.108521 0.033705 
2941.641329 0.033017 
2940.174138 0.032715 
2938.706946 0.032069 
2937.239755 0.031491 
2935.772563 0.031071 
2934.305372 0.030522 
2932.838180 0.030389 
2931.370989 0.029910 
2929.903797 0.029365 
2928.436606 0.029043 
2926.969415 0.029019 
2925.502223 0.028625 
2924.035032 0.028337 
2922.567840 0.028260 
2921.100649 0.028031 
2919.633457 0.027888 
2918.166266 0.027840 
2916.699074 0.027454 
2915.231883 0.027450 
2913.764691 0.027350 
2912.297500 0.027162 
2910.830308 0.027228 
2909.363117 0.027083 
2907.895925 0.027302 
2906.428734 0.027209 
2904.961542 0.027058 
2903.494351 0.027015 
2902.027159 0.027012 
2900.559968 0.026969 
2899.092776 0.027010 
2897.625585 0.027031 
2896.158393 0.027079 
2894.691202 0.027298 
2893.224010 0.027193 
2891.756819 0.027177 
2890.289627 0.027480 
2888.822436 0.027787 
2887.355244 0.027934 
2885.888053 0.028178 
2884.420861 0.028273 
2882.953670 0.028571 
2881.486478 0.028580 
2880.019287 0.028523 
2878.552095 0.028536 
2877.084904 0.028907 
2875.617712 0.028910 
2874.150521 0.029273 
2872.683329 0.029349 
2871.216138 0.029827 
2869.748946 0.029833 
2868.281755 0.029932 
2866.814563 0.030211 
2865.347372 0.030703 
2863.880180 0.030519 
2862.412989 0.030662 
2860.945797 0.031053 
2859.478606 0.031098 
2858.011414 0.031132 
2856.544223 0.031199 
2855.077031 0.031100 
2853.609840 0.030957 
2852.142648 0.030863 
2850.675457 0.030517 
2849.208265 0.030434 
2847.741074 0.030119 
2846.273882 0.030079 
2844.806691 0.029873 
2843.339499 0.029786 
2841.872308 0.029487 
2840.405116 0.029120 
2838.937925 0.028862 
2837.470733 0.028473 
2836.003542 0.028279 
2834.536350 0.027956 
2833.069159 0.027803 
2831.601967 0.027707 
2830.134776 0.027196 
2828.667584 0.026867 
2827.200393 0.026663 
2825.733201 0.026379 
2824.266010 0.025978 
2822.798818 0.025711 
2821.331627 0.025451 
2819.864435 0.024918 
2818.397244 0.024614 
2816.930052 0.024289 
2815.462861 0.023799 
2813.995669 0.023507 
2812.528478 0.023021 
2811.061286 0.022923 
2809.594095 0.022446 
2808.126903 0.021871 
2806.659712 0.021755 
2805.192520 0.021377 
2803.725329 0.021234 
2802.258137 0.020879 
2800.790946 0.020441 
2799.323754 0.020311 
2797.856563 0.019765 
2796.389371 0.019467 
2794.922180 0.019175 
2793.454988 0.019145 
2791.987797 0.018640 
2790.520605 0.018349 
2789.053414 0.018105 
2787.586222 0.017823 
2786.119031 0.017609 
2784.651839 0.017229 
2783.184648 0.017131 
2781.717456 0.016756 
2780.250265 0.016499 
2778.783073 0.016289 
2777.315882 0.016182 
2775.848690 0.016060 
2774.381499 0.015769 
2772.914307 0.015549 
2771.447116 0.015331 
2769.979924 0.015096 
2768.512733 0.014943 
2767.045541 0.014747 
2765.578350 0.014747 
2764.111158 0.014405 
2762.643967 0.014208 
2761.176775 0.014115 
2759.709584 0.013967 
2758.242392 0.013725 
2756.775201 0.013627 
2755.308009 0.013443 
2753.840818 0.013577 
2752.373626 0.013294 
2750.906435 0.013205 
2749.439243 0.012929 
2747.972052 0.012849 
2746.504860 0.012653 
2745.037669 0.012453 
2743.570477 0.012411 
2742.103286 0.012441 
2740.636094 0.012117 
2739.168903 0.012044 
2737.701711 0.012015 
2736.234520 0.011968 
2734.767328 0.011640 
2733.300137 0.011535 
2731.832945 0.011389 
2730.365754 0.011389 
2728.898562 0.011009 
2727.431371 0.011095 
2725.964179 0.010946 
2724.496988 0.010838 
2723.029796 0.010662 
2721.562605 0.010689 
2720.095413 0.010507 
2718.628222 0.010219 
2717.161030 0.010075 
2715.693839 0.010101 
2714.226647 0.009996 
2712.759456 0.009637 
2711.292264 0.009783 
2709.825073 0.009526 
2708.357881 0.009491 
2706.890690 0.009421 
2705.423498 0.009057 
2703.956307 0.008968 
2702.489115 0.008872 
2701.021924 0.008861 
2699.554732 0.008657 
2698.087541 0.008563 
2696.620349 0.008466 
2695.153158 0.008323 
2693.685966 0.007979 
2692.218775 0.007997 
2690.751583 0.007765 
2689.284392 0.007738 
2687.817200 0.007592 
2686.350009 0.007592 
2684.882817 0.007541 
2683.415626 0.007300 
2681.948434 0.007201 
2680.481243 0.007249 
2679.014051 0.007003 
2677.546860 0.006792 
2676.079668 0.006668 
2674.612477 0.006449 
2673.145285 0.006413 
2671.678094 0.006467 
2670.210903 0.006557 
2668.743711 0.006324 
2667.276520 0.006278 
2665.809328 0.006129 
2664.342137 0.006087 
2662.874945 0.005935 
2661.407754 0.005982 
2659.940562 0.005830 
2658.473371 0.005986 
2657.006179 0.005864 
2655.538988 0.005941 
2654.071796 0.005912 
2652.604605 0.006115 
2651.137413 0.005986 
2649.670222 0.005878 
2648.203030 0.005891 
2646.735839 0.005941 
2645.268647 0.005986 
2643.801456 0.005896 
2642.334264 0.006042 
2640.867073 0.005986 
2639.399881 0.006134 
2637.932690 0.006156 
2636.465498 0.006313 
2634.998307 0.006278 
2633.531115 0.006379 
2632.063924 0.006424 
2630.596732 0.006340 
2629.129541 0.006570 
2627.662349 0.006716 
2626.195158 0.006721 
2624.727966 0.006862 
2623.260775 0.006822 
2621.793583 0.007013 
2620.326392 0.007054 
2618.859200 0.007154 
2617.392009 0.007184 
2615.924817 0.007346 
2614.457626 0.007207 
2612.990434 0.007154 
2611.523243 0.007154 
2610.056051 0.007154 
2608.588860 0.007156 
2607.121668 0.007270 
2605.654477 0.007261 
2604.187285 0.007303 
2602.720094 0.007325 
2601.252902 0.007407 
2599.785711 0.007446 
2598.318519 0.007549 
2596.851328 0.007791 
2595.384136 0.007743 
2593.916945 0.007889 
2592.449753 0.007921 
2590.982562 0.007883 
2589.515370 0.007870 
2588.048179 0.008030 
2586.580987 0.008033 
2585.113796 0.008159 
2583.646604 0.008137 
2582.179413 0.008327 
2580.712221 0.008366 
2579.245030 0.008231 
2577.777838 0.008393 
2576.310647 0.008391 
2574.843455 0.008362 
2573.376264 0.008425 
2571.909072 0.008530 
2570.441881 0.008415 
2568.974689 0.008182 
2567.507498 0.008425 
2566.040306 0.008328 
2564.573115 0.008214 
2563.105923 0.008323 
2561.638732 0.008159 
2560.171540 0.008177 
2558.704349 0.008095 
2557.237157 0.008085 
2555.769966 0.008171 
2554.302774 0.008133 
2552.835583 0.008058 
2551.368391 0.008025 
2549.901200 0.007987 
2548.434008 0.007889 
2546.966817 0.007738 
2545.499625 0.007795 
2544.032434 0.007784 
2542.565242 0.007452 
2541.098051 0.007592 
2539.630859 0.007598 
2538.163668 0.007479 
2536.696476 0.007343 
2535.229285 0.007446 
2533.762093 0.007160 
2532.294902 0.007334 
2530.827710 0.007156 
2529.360519 0.007194 
2527.893327 0.007054 
2526.426136 0.007100 
2524.958944 0.006862 
2523.491753 0.006950 
2522.024561 0.006916 
2520.557370 0.006890 
2519.090178 0.006966 
2517.622987 0.006862 
2516.155795 0.006576 
2514.688604 0.006782 
2513.221412 0.006716 
2511.754221 0.006716 
2510.287029 0.006716 
2508.819838 0.006570 
2507.352646 0.006630 
2505.885455 0.006674 
2504.418263 0.006468 
2502.951072 0.006546 
2501.483880 0.006570 
2500.016689 0.006424 
2498.549497 0.006563 
2497.082306 0.006489 
2495.615114 0.006424 
2494.147923 0.006424 
2492.680731 0.006462 
2491.213540 0.006477 
2489.746348 0.006620 
2488.279157 0.006518 
2486.811965 0.006521 
2485.344774 0.006560 
2483.877582 0.006386 
2482.410391 0.006518 
2480.943199 0.006423 
2479.476008 0.006519 
2478.008816 0.006531 
2476.541625 0.006424 
2475.074433 0.006530 
2473.607242 0.006534 
2472.140050 0.006716 
2470.672859 0.006716 
2469.205667 0.006570 
2467.738476 0.006563 
2466.271284 0.006633 
2464.804093 0.006690 
2463.336901 0.006855 
2461.869710 0.006611 
2460.402518 0.006635 
2458.935327 0.006862 
2457.468135 0.006935 
2456.000944 0.006776 
2454.533752 0.006716 
2453.066561 0.006822 
2451.599369 0.006716 
2450.132178 0.006862 
2448.664986 0.006757 
2447.197795 0.006919 
2445.730603 0.006877 
2444.263412 0.007099 
2442.796220 0.006862 
2441.329029 0.006804 
2439.861837 0.006968 
2438.394646 0.007008 
2436.927454 0.007017 
2435.460263 0.007049 
2433.993071 0.007098 
2432.525880 0.007008 
2431.058688 0.007114 
2429.591497 0.007154 
2428.124305 0.007147 
2426.657114 0.007014 
2425.189922 0.007154 
2423.722731 0.007146 
2422.255539 0.007114 
2420.788348 0.007357 
2419.321156 0.007303 
2417.853965 0.007315 
2416.386773 0.007331 
2414.919582 0.007438 
2413.452390 0.007300 
2411.985199 0.007300 
2410.518008 0.007448 
2409.050816 0.007452 
2407.583625 0.007390 
2406.116433 0.007445 
2404.649242 0.007442 
2403.182050 0.007649 
2401.714859 0.007592 
2400.247667 0.007592 
2398.780476 0.007649 
2397.313284 0.007592 
2395.846093 0.007699 
2394.378901 0.007686 
2392.911710 0.007600 
2391.444518 0.007734 
2389.977327 0.007788 
2388.510135 0.007816 
2387.042944 0.007800 
2385.575752 0.007884 
2384.108561 0.007747 
2382.641369 0.007884 
2381.174178 0.007880 
2379.706986 0.007868 
2378.239795 0.007606 
2376.772603 0.007449 
2375.305412 0.007474 
2373.838220 0.007407 
2372.371029 0.008071 
2370.903837 0.009028 
2369.436646 0.010492 
2367.969454 0.013520 
2366.502263 0.015194 
2365.035071 0.020008 
2363.567880 0.022885 
2362.100688 0.028400 
2360.633497 0.031985 
2359.166305 0.037346 
2357.699114 0.044087 
2356.231922 0.048942 
2354.764731 0.056641 
2353.297539 0.064676 
2351.830348 0.073559 
2350.363156 0.085918 
2348.895965 0.102177 
2347.428773 0.125125 
2345.961582 0.158862 
2344.494390 0.202313 
2343.027199 0.254009 
2341.560007 0.302437 
2340.092816 0.324126 
2338.625624 0.277173 
2337.158433 0.182524 
2335.691241 0.113023 
2334.224050 0.081453 
2332.756858 0.060293 
2331.289667 0.044642 
2329.822475 0.031461 
2328.355284 0.021552 
2326.888092 0.015895 
2325.420901 0.014535 
2323.953709 0.013912 
2322.486518 0.012793 
2321.019326 0.011625 
2319.552135 0.011506 
2318.084943 0.011828 
2316.617752 0.011501 
2315.150560 0.011162 
2313.683369 0.011519 
2312.216177 0.011562 
2310.748986 0.011378 
2309.281794 0.011524 
2307.814603 0.011834 
2306.347411 0.011806 
2304.880220 0.011849 
2303.413028 0.012119 
2301.945837 0.012180 
2300.478645 0.012326 
2299.011454 0.012519 
2297.544262 0.012666 
2296.077071 0.012720 
2294.609879 0.013065 
2293.142688 0.012964 
2291.675496 0.013152 
2290.208305 0.013287 
2288.741113 0.013392 
2287.273922 0.013671 
2285.806730 0.013910 
2284.339539 0.014078 
2282.872347 0.014740 
2281.405156 0.015954 
2279.937964 0.017452 
2278.470773 0.018854 
2277.003581 0.019365 
2275.536390 0.019044 
2274.069198 0.018263 
2272.602007 0.016703 
2271.134815 0.015794 
2269.667624 0.015635 
2268.200432 0.015878 
2266.733241 0.015832 
2265.266049 0.016346 
2263.798858 0.016328 
2262.331666 0.016474 
2260.864475 0.016511 
2259.397283 0.016755 
2257.930092 0.016928 
2256.462900 0.016937 
2254.995709 0.017156 
2253.528517 0.017108 
2252.061326 0.017302 
2250.594134 0.017489 
2249.126943 0.017496 
2247.659751 0.017707 
2246.192560 0.017885 
2244.725368 0.017930 
2243.258177 0.018112 
2241.790985 0.018238 
2240.323794 0.018251 
2238.856602 0.018128 
2237.389411 0.018444 
2235.922219 0.018543 
2234.455028 0.018556 
2232.987836 0.018603 
2231.520645 0.018787 
2230.053453 0.018848 
2228.586262 0.018981 
2227.119070 0.019043 
2225.651879 0.019140 
2224.184687 0.019164 
2222.717496 0.019273 
2221.250304 0.019240 
2219.783113 0.019273 
2218.315921 0.019419 
2216.848730 0.019419 
2215.381538 0.019419 
2213.914347 0.019565 
2212.447155 0.019419 
2210.979964 0.019419 
2209.512772 0.019419 
2208.045581 0.019549 
2206.578389 0.019419 
2205.111198 0.019501 
2203.644006 0.019275 
2202.176815 0.019229 
2200.709623 0.019419 
2199.242432 0.019336 
2197.775240 0.019273 
2196.308049 0.019273 
2194.840857 0.019127 
2193.373666 0.019026 
2191.906474 0.019064 
2190.439283 0.018702 
2188.972091 0.018724 
2187.504900 0.018543 
2186.037708 0.018476 
2184.570517 0.018184 
2183.103325 0.017959 
2181.636134 0.017582 
2180.168942 0.017639 
2178.701751 0.017312 
2177.234559 0.017083 
2175.767368 0.016972 
2174.300176 0.016974 
2172.832985 0.016937 
2171.365793 0.016826 
2169.898602 0.016937 
2168.431410 0.016950 
2166.964219 0.016971 
2165.497027 0.017020 
2164.029836 0.016947 
2162.562644 0.016963 
2161.095453 0.016728 
2159.628261 0.016492 
2158.161070 0.016147 
2156.693878 0.015970 
2155.226687 0.015477 
2153.759495 0.015299 
2152.292304 0.015268 
2150.825113 0.014893 
2149.357921 0.014893 
2147.890730 0.015430 
2146.423538 0.017994 
2144.956347 0.024275 
2143.489155 0.035038 
2142.021964 0.061597 
2140.554772 0.094025 
2139.087581 0.114754 
2137.620389 0.113607 
2136.153198 0.088664 
2134.686006 0.050947 
2133.218815 0.028327 
2131.751623 0.021801 
2130.284432 0.018172 
2128.817240 0.015992 
2127.350049 0.014767 
2125.882857 0.013909 
2124.415666 0.013234 
2122.948474 0.012605 
2121.481283 0.012214 
2120.014091 0.011911 
2118.546900 0.011430 
2117.079708 0.011122 
2115.612517 0.010790 
2114.145325 0.010434 
2112.678134 0.010273 
2111.210942 0.010073 
2109.743751 0.009524 
2108.276559 0.009312 
2106.809368 0.009037 
2105.342176 0.008682 
2103.874985 0.008550 
2102.407793 0.008160 
2100.940602 0.007918 
2099.473410 0.007884 
2098.006219 0.007649 
2096.539027 0.007476 
2095.071836 0.007446 
2093.604644 0.007734 
2092.137453 0.008268 
2090.670261 0.007928 
2089.203070 0.007135 
2087.735878 0.006763 
2086.268687 0.006303 
2084.801495 0.005970 
2083.334304 0.005726 
2081.867112 0.005626 
2080.399921 0.005531 
2078.932729 0.005198 
2077.465538 0.005110 
2075.998346 0.005100 
2074.531155 0.004975 
2073.063963 0.004628 
2071.596772 0.004783 
2070.129580 0.004412 
2068.662389 0.004526 
2067.195197 0.004350 
2065.728006 0.004093 
2064.260814 0.003942 
2062.793623 0.003812 
2061.326431 0.003942 
2059.859240 0.003679 
2058.392048 0.003650 
2056.924857 0.003530 
2055.457665 0.003212 
2053.990474 0.003050 
2052.523282 0.003034 
2051.056091 0.002713 
2049.588899 0.002628 
2048.121708 0.002450 
2046.654516 0.002360 
2045.187325 0.002107 
2043.720133 0.002044 
2042.252942 0.002044 
2040.785750 0.001881 
2039.318559 0.001647 
2037.851367 0.001808 
2036.384176 0.001589 
2034.916984 0.001346 
2033.449793 0.001459 
2031.982601 0.001427 
2030.515410 0.001168 
2029.048218 0.001018 
2027.581027 0.001022 
2026.113835 0.000908 
2024.646644 0.000660 
2023.179452 0.000713 
2021.712261 0.000584 
2020.245069 0.000650 
2018.777878 0.000456 
2017.310686 0.000469 
2015.843495 0.000225 
2014.376303 0.000422 
2012.909112 0.000293 
2011.441920 0.000226 
2009.974729 0.000146 
2008.507537 0.000146 
2007.040346 0.000134 
2005.573154 -0.000018 
2004.105963 -0.000146 
2002.638771 0.000000 
2001.171580 -0.000133 
1999.704388 -0.000124 
1998.237197 -0.000269 
1996.770005 -0.000292 
1995.302814 -0.000292 
1993.835622 -0.000146 
1992.368431 -0.000425 
1990.901239 -0.000415 
1989.434048 -0.000438 
1987.966856 -0.000447 
1986.499665 -0.000552 
1985.032473 -0.000438 
1983.565282 -0.000438 
1982.098090 -0.000438 
1980.630899 -0.000340 
1979.163707 -0.000502 
1977.696516 -0.000584 
1976.229324 -0.000666 
1974.762133 -0.000584 
1973.294941 -0.000469 
1971.827750 -0.000517 
1970.360558 -0.000457 
1968.893367 -0.000816 
1967.426175 -0.000698 
1965.958984 -0.000548 
1964.491792 -0.000438 
1963.024601 -0.000438 
1961.557409 -0.000438 
1960.090218 -0.000438 
1958.623026 -0.000533 
1957.155835 -0.000273 
1955.688643 -0.000256 
1954.221452 -0.000310 
1952.754260 -0.000158 
1951.287069 -0.000146 
1949.819877 -0.000146 
1948.352686 -0.000146 
1946.885494 -0.000029 
1945.418303 -0.000146 
1943.951111 0.000000 
1942.483920 -0.000083 
1941.016728 -0.000079 
1939.549537 -0.000025 
1938.082345 -0.000156 
1936.615154 0.000048 
1935.147962 -0.000127 
1933.680771 0.000000 
1932.213579 -0.000247 
1930.746388 -0.000146 
1929.279196 -0.000089 
1927.812005 -0.000079 
1926.344813 0.000000 
1924.877622 -0.000117 
1923.410430 -0.000099 
1921.943239 0.000019 
1920.476047 0.000146 
1919.008856 -0.000120 
1917.541664 -0.000387 
1916.074473 -0.000012 
1914.607281 -0.000069 
1913.140090 0.000000 
1911.672898 0.000000 
1910.205707 0.000013 
1908.738515 -0.000126 
1907.271324 0.000000 
1905.804132 0.000000 
1904.336941 0.000092 
1902.869749 0.000003 
1901.402558 0.000077 
1899.935366 0.000133 
1898.468175 0.000127 
1897.000983 0.000069 
1895.533792 0.000018 
1894.066601 0.000026 
1892.599409 -0.000069 
1891.132218 0.000000 
1889.665026 0.000000 
1888.197835 0.000009 
1886.730643 -0.000041 
1885.263452 -0.000174 
1883.796260 -0.000171 
1882.329069 -0.000166 
1880.861877 -0.000174 
1879.394686 -0.000146 
1877.927494 -0.000146 
1876.460303 -0.000146 
1874.993111 -0.000120 
1873.525920 -0.000166 
1872.058728 -0.000174 
1870.591537 -0.000155 
1869.124345 -0.000418 
1867.657154 -0.000292 
1866.189962 -0.000146 
1864.722771 -0.000039 
1863.255579 -0.000165 
1861.788388 -0.000070 
1860.321196 -0.000272 
1858.854005 -0.000146 
1857.386813 0.000000 
1855.919622 0.000146 
1854.452430 0.000146 
1852.985239 0.000039 
1851.518047 0.000000 
1850.050856 0.000118 
1848.583664 0.000000 
1847.116473 -0.000126 
1845.649281 0.000000 
1844.182090 -0.000025 
1842.714898 0.000022 
1841.247707 0.000220 
1839.780515 0.000292 
1838.313324 0.000188 
1836.846132 0.000438 
1835.378941 0.000438 
1833.911749 0.000438 
1832.444558 0.000454 
1830.977366 0.000559 
1829.510175 0.000492 
1828.042983 0.000730 
1826.575792 0.000805 
1825.108600 0.000774 
1823.641409 0.001022 
1822.174217 0.001305 
1820.707026 0.001238 
1819.239834 0.001422 
1817.772643 0.001399 
1816.305451 0.001610 
1814.838260 0.001872 
1813.371068 0.001828 
1811.903877 0.001898 
1810.436685 0.002067 
1808.969494 0.002336 
1807.502302 0.002380 
1806.035111 0.002628 
1804.567919 0.002774 
1803.100728 0.002875 
1801.633536 0.002920 
1800.166345 0.003198 
1798.699153 0.003494 
1797.231962 0.003514 
1795.764770 0.003650 
1794.297579 0.003818 
1792.830387 0.003877 
1791.363196 0.004167 
1789.896004 0.004504 
1788.428813 0.004741 
1786.961621 0.005036 
1785.494430 0.005264 
1784.027238 0.005505 
1782.560047 0.005762 
1781.092855 0.006021 
1779.625664 0.006414 
1778.158472 0.006753 
1776.691281 0.007008 
1775.224089 0.007306 
1773.756898 0.007909 
1772.289706 0.007791 
1770.822515 0.008596 
1769.355323 0.009126 
1767.888132 0.009543 
1766.420940 0.010314 
1764.953749 0.010996 
1763.486557 0.011573 
1762.019366 0.011976 
1760.552174 0.013167 
1759.084983 0.014107 
1757.617791 0.014872 
1756.150600 0.015687 
1754.683408 0.016795 
1753.216217 0.017685 
1751.749025 0.018726 
1750.281834 0.020157 
1748.814642 0.021203 
1747.347451 0.022551 
1745.880259 0.023767 
1744.413068 0.025146 
1742.945876 0.026177 
1741.478685 0.027615 
1740.011493 0.028813 
1738.544302 0.030354 
1737.077110 0.031681 
1735.609919 0.033335 
1734.142727 0.034451 
1732.675536 0.036152 
1731.208344 0.038205 
1729.741153 0.039738 
1728.273961 0.041516 
1726.806770 0.043379 
1725.339578 0.045266 
1723.872387 0.047117 
1722.405195 0.048894 
1720.938004 0.050891 
1719.470812 0.052213 
1718.003621 0.053490 
1716.536429 0.054796 
1715.069238 0.055891 
1713.602046 0.057117 
1712.134855 0.058163 
1710.667663 0.058776 
1709.200472 0.059547 
1707.733280 0.060200 
1706.266089 0.060845 
1704.798897 0.061368 
1703.331706 0.062061 
1701.864514 0.062487 
1700.397323 0.062366 
1698.930131 0.063404 
1697.462940 0.064121 
1695.995748 0.064035 
1694.528557 0.065059 
1693.061365 0.065600 
1691.594174 0.065964 
1690.126982 0.066215 
1688.659791 0.066640 
1687.192599 0.066799 
1685.725408 0.066878 
1684.258216 0.066717 
1682.791025 0.067117 
1681.323833 0.067237 
1679.856642 0.066869 
1678.389450 0.066712 
1676.922259 0.066433 
1675.455067 0.065903 
1673.987876 0.065634 
1672.520684 0.065193 
1671.053493 0.064422 
1669.586301 0.063531 
1668.119110 0.063131 
1666.651918 0.062410 
1665.184727 0.061695 
1663.717535 0.060683 
1662.250344 0.059826 
1660.783152 0.059075 
1659.315961 0.058309 
1657.848769 0.057542 
1656.381578 0.056704 
1654.914386 0.055929 
1653.447195 0.055005 
1651.980003 0.054688 
1650.512812 0.054682 
1649.045620 0.054286 
1647.578429 0.054000 
1646.111237 0.053777 
1644.644046 0.054050 
1643.176854 0.054047 
1641.709663 0.054172 
1640.242471 0.054274 
1638.775280 0.054222 
1637.308088 0.054289 
1635.840897 0.053829 
1634.373706 0.053686 
1632.906514 0.053728 
1631.439323 0.053114 
1629.972131 0.052632 
1628.504940 0.051766 
1627.037748 0.051157 
1625.570557 0.050281 
1624.103365 0.049341 
1622.636174 0.048522 
1621.168982 0.047615 
1619.701791 0.046872 
1618.234599 0.045983 
1616.767408 0.044387 
1615.300216 0.044090 
1613.833025 0.043317 
1612.365833 0.042429 
1610.898642 0.041537 
1609.431450 0.040652 
1607.964259 0.039639 
1606.497067 0.038727 
1605.029876 0.037646 
1603.562684 0.036517 
1602.095493 0.035464 
1600.628301 0.034337 
1599.161110 0.033170 
1597.693918 0.032256 
1596.226727 0.031423 
1594.759535 0.030574 
1593.292344 0.029783 
1591.825152 0.029116 
1590.357961 0.028387 
1588.890769 0.027859 
1587.423578 0.027423 
1585.956386 0.027055 
1584.489195 0.026854 
1583.022003 0.026689 
1581.554812 0.026571 
1580.087620 0.026387 
1578.620429 0.026410 
1577.153237 0.026414 
1575.686046 0.026464 
1574.218854 0.027066 
1572.751663 0.027304 
1571.284471 0.027743 
1569.817280 0.027825 
1568.350088 0.028475 
1566.882897 0.028929 
1565.415705 0.029465 
1563.948514 0.029990 
1562.481322 0.030015 
1561.014131 0.030276 
1559.546939 0.030304 
1558.079748 0.030452 
1556.612556 0.031128 
1555.145365 0.031332 
1553.678173 0.031183 
1552.210982 0.031392 
1550.743790 0.031392 
1549.276599 0.031442 
1547.809407 0.031623 
1546.342216 0.031555 
1544.875024 0.031282 
1543.407833 0.031207 
1541.940641 0.030850 
1540.473450 0.030900 
1539.006258 0.030618 
1537.539067 0.031093 
1536.071875 0.031246 
1534.604684 0.030754 
1533.137492 0.030643 
1531.670301 0.030663 
1530.203109 0.030785 
1528.735918 0.030560 
1527.268726 0.030662 
1525.801535 0.030366 
1524.334343 0.030349 
1522.867152 0.030310 
1521.399960 0.029819 
1519.932769 0.030111 
1518.465577 0.030320 
1516.998386 0.029960 
1515.531194 0.030078 
1514.064003 0.030078 
1512.596811 0.029983 
1511.129620 0.029932 
1509.662428 0.030155 
1508.195237 0.030065 
1506.728045 0.029958 
1505.260854 0.030110 
1503.793662 0.030837 
1502.326471 0.030954 
1500.859279 0.031085 
1499.392088 0.031120 
1497.924896 0.031186 
1496.457705 0.030916 
1494.990513 0.030983 
1493.523322 0.030860 
1492.056130 0.030585 
1490.588939 0.030311 
1489.121747 0.030205 
1487.654556 0.030014 
1486.187364 0.029939 
1484.720173 0.029633 
1483.252981 0.029549 
1481.785790 0.029581 
1480.318598 0.029263 
1478.851407 0.028980 
1477.384215 0.029018 
1475.917024 0.028643 
1474.449832 0.028427 
1472.982641 0.027859 
1471.515449 0.027774 
1470.048258 0.027732 
1468.581066 0.027666 
1467.113875 0.027394 
1465.646683 0.027253 
1464.179492 0.027012 
1462.712300 0.026885 
1461.245109 0.026787 
1459.777917 0.026476 
1458.310726 0.026130 
1456.843534 0.025801 
1455.376343 0.025890 
1453.909151 0.026254 
1452.441960 0.026124 
1450.974768 0.026106 
1449.507577 0.026244 
1448.040385 0.026195 
1446.573194 0.026137 
1445.106002 0.026356 
1443.638811 0.026428 
1442.171619 0.026312 
1440.704428 0.026555 
1439.237236 0.026674 
1437.770045 0.026667 
1436.302853 0.026585 
1434.835662 0.026689 
1433.368470 0.026772 
1431.901279 0.026739 
1430.434087 0.026578 
1428.966896 0.026543 
1427.499704 0.026428 
1426.032513 0.026550 
1424.565321 0.026493 
1423.098130 0.026574 
1421.630938 0.026609 
1420.163747 0.026486 
1418.696555 0.026553 
1417.229364 0.026641 
1415.762172 0.026604 
1414.294981 0.026525 
1412.827789 0.026362 
1411.360598 0.026101 
1409.893406 0.026023 
1408.426215 0.025990 
1406.959023 0.025698 
1405.491832 0.025292 
1404.024640 0.024861 
1402.557449 0.024334 
1401.090257 0.023842 
1399.623066 0.023367 
1398.155874 0.022833 
1396.688683 0.022433 
1395.221491 0.021901 
1393.754300 0.021755 
1392.287108 0.021627 
1390.819917 0.021507 
1389.352725 0.021482 
1387.885534 0.021209 
1386.418342 0.021171 
1384.951151 0.021171 
1383.483959 0.021428 
1382.016768 0.021317 
1380.549576 0.021317 
1379.082385 0.021317 
1377.615193 0.021252 
1376.148002 0.021041 
1374.680811 0.020748 
1373.213619 0.020611 
1371.746428 0.020409 
1370.279236 0.020155 
1368.812045 0.019697 
1367.344853 0.019205 
1365.877662 0.018723 
1364.410470 0.018237 
1362.943279 0.017571 
1361.476087 0.017118 
1360.008896 0.016703 
1358.541704 0.016105 
1357.074513 0.015525 
1355.607321 0.014797 
1354.140130 0.014288 
1352.672938 0.013744 
1351.205747 0.013027 
1349.738555 0.012430 
1348.271364 0.011800 
1346.804172 0.011025 
1345.336981 0.010526 
1343.869789 0.009880 
1342.402598 0.009683 
1340.935406 0.009523 
1339.468215 0.009507 
1338.001023 0.009717 
1336.533832 0.009993 
1335.066640 0.010610 
1333.599449 0.010805 
1332.132257 0.011154 
1330.665066 0.011384 
1329.197874 0.011535 
1327.730683 0.011681 
1326.263491 0.011551 
1324.796300 0.011476 
1323.329108 0.011357 
1321.861917 0.011243 
1320.394725 0.011145 
1318.927534 0.010919 
1317.460342 0.010805 
1315.993151 0.010951 
1314.525959 0.010951 
1313.058768 0.011081 
1311.591576 0.011411 
1310.124385 0.012037 
1308.657193 0.013386 
1307.190002 0.016013 
1305.722810 0.018419 
1304.255619 0.019552 
1302.788427 0.017965 
1301.321236 0.014976 
1299.854044 0.011910 
1298.386853 0.008695 
1296.919661 0.006292 
1295.452470 0.006626 
1293.985278 0.008888 
1292.518087 0.009815 
1291.050895 0.009599 
1289.583704 0.009572 
1288.116512 0.009480 
1286.649321 0.009355 
1285.182129 0.009077 
1283.714938 0.009053 
1282.247746 0.008921 
1280.780555 0.008880 
1279.313363 0.008667 
1277.846172 0.008629 
1276.378980 0.008615 
1274.911789 0.008578 
1273.444597 0.008432 
1271.977406 0.008533 
1270.510214 0.008469 
1269.043023 0.008469 
1267.575831 0.008445 
1266.108640 0.008343 
1264.641448 0.008495 
1263.174257 0.008450 
1261.707065 0.008344 
1260.239874 0.008257 
1258.772682 0.008469 
1257.305491 0.008323 
1255.838299 0.008323 
1254.371108 0.008381 
1252.903916 0.008177 
1251.436725 0.008048 
1249.969533 0.008057 
1248.502342 0.007995 
1247.035150 0.008016 
1245.567959 0.008047 
1244.100767 0.007738 
1242.633576 0.007738 
1241.166384 0.007555 
1239.699193 0.007553 
1238.232001 0.007416 
1236.764810 0.007210 
1235.297618 0.006731 
1233.830427 0.005484 
1232.363235 0.005598 
1230.896044 0.006043 
1229.428852 0.006445 
1227.961661 0.006604 
1226.494469 0.006605 
1225.027278 0.006716 
1223.560086 0.006779 
1222.092895 0.006681 
1220.625703 0.006703 
1219.158512 0.006436 
1217.691320 0.006410 
1216.224129 0.006427 
1214.756937 0.006213 
1213.289746 0.006024 
1211.822554 0.005561 
1210.355363 0.005380 
1208.888171 0.005224 
1207.420980 0.004769 
1205.953788 0.004589 
1204.486597 0.004199 
1203.019405 0.003955 
1201.552214 0.003828 
1200.085022 0.003471 
1198.617831 0.003484 
1197.150639 0.003240 
1195.683448 0.003072 
1194.216256 0.002933 
1192.749065 0.002835 
1191.281873 0.002663 
1189.814682 0.002641 
1188.347490 0.002628 
1186.880299 0.002482 
1185.413107 0.002349 
1183.945916 0.002284 
1182.478724 0.002081 
1181.011533 0.002057 
1179.544341 0.001959 
1178.077150 0.001789 
1176.609958 0.001898 
1175.142767 0.001983 
1173.675575 0.001752 
1172.208384 0.001619 
1170.741192 0.001667 
1169.274001 0.001606 
1167.806809 0.001606 
1166.339618 0.001460 
1164.872426 0.001570 
1163.405235 0.001460 
1161.938043 0.001375 
1160.470852 0.001121 
1159.003660 0.001210 
1157.536469 0.001253 
1156.069277 0.001092 
1154.602086 0.001022 
1153.134894 0.000978 
1151.667703 0.000986 
1150.200511 0.000742 
1148.733320 0.000672 
1147.266128 0.000584 
1145.798937 0.000584 
1144.331745 0.000574 
1142.864554 0.000292 
1141.397362 0.000158 
1139.930171 0.000149 
1138.462979 0.000327 
1136.995788 0.000226 
1135.528596 0.000378 
1134.061405 0.000342 
1132.594213 0.000429 
1131.127022 0.000337 
1129.659830 0.000475 
1128.192639 0.000450 
1126.725447 0.000670 
1125.258256 0.000730 
1123.791064 0.000730 
1122.323873 0.000644 
1120.856681 0.000542 
1119.389490 0.000720 
1117.922298 0.000477 
1116.455107 0.000400 
1114.987916 0.000426 
1113.520724 0.000378 
1112.053533 0.000117 
1110.586341 -0.000134 
1109.119150 -0.000292 
1107.651958 -0.000223 
1106.184767 -0.000001 
1104.717575 0.000095 
1103.250384 0.000254 
1101.783192 0.000245 
1100.316001 0.000127 
1098.848809 0.000472 
1097.381618 0.000146 
1095.914426 0.000438 
1094.447235 0.000514 
1092.980043 0.000594 
1091.512852 0.000498 
1090.045660 0.000574 
1088.578469 0.000304 
1087.111277 0.000292 
1085.644086 0.000330 
1084.176894 0.000334 
1082.709703 0.000239 
1081.242511 0.000146 
1079.775320 -0.000124 
1078.308128 -0.000086 
1076.840937 -0.000209 
1075.373745 -0.000531 
1073.906554 -0.000489 
1072.439362 -0.000730 
1070.972171 -0.000866 
1069.504979 -0.000672 
1068.037788 -0.000568 
1066.570596 -0.000730 
1065.103405 -0.000642 
1063.636213 -0.000438 
1062.169022 -0.000574 
1060.701830 -0.000251 
1059.234639 -0.000038 
1057.767447 -0.000146 
1056.300256 -0.000028 
1054.833064 -0.000108 
1053.365873 0.000000 
1051.898681 -0.000134 
1050.431490 0.000074 
1048.964298 0.000128 
1047.497107 -0.000019 
1046.029915 -0.000161 
1044.562724 -0.000019 
1043.095532 0.000054 
1041.628341 -0.000253 
1040.161149 -0.000146 
1038.693958 0.000118 
1037.226766 0.000402 
1035.759575 0.000175 
1034.292383 0.000336 
1032.825192 0.000331 
1031.358000 0.000165 
1029.890809 0.000685 
1028.423617 0.001005 
1026.956426 0.001422 
1025.489234 0.000867 
1024.022043 0.001853 
1022.554851 0.001702 
1021.087660 0.001137 
1019.620468 0.001427 
1018.153277 0.002205 
1016.686085 0.001548 
1015.218894 0.001463 
1013.751702 0.001113 
1012.284511 0.000907 
1010.817319 0.000924 
1009.350128 0.000470 
1007.882936 0.000324 
1006.415745 0.000242 
1004.948553 0.000336 
1003.481362 0.000026 
1002.014170 0.000110 
1000.546979 0.000421 
999.079787 0.000407 
997.612596 0.000235 
996.145404 0.000454 
994.678213 0.000748 
993.211021 0.000850 
991.743830 0.001190 
990.276638 0.001606 
988.809447 0.002021 
987.342255 0.002472 
985.875064 0.002913 
984.407872 0.003558 
982.940681 0.004171 
981.473489 0.005100 
980.006298 0.005816 
978.539106 0.006270 
977.071915 0.007373 
975.604723 0.008133 
974.137532 0.009178 
972.670340 0.009996 
971.203149 0.011108 
969.735957 0.012084 
968.268766 0.013334 
966.801574 0.014493 
965.334383 0.015687 
963.867191 0.017074 
962.400000 0.018352 
960.932808 0.019516 
959.465617 0.020822 
957.998425 0.022360 
956.531234 0.023531 
955.064042 0.024884 
953.596851 0.026375 
952.129659 0.027483 
950.662468 0.028919 
949.195276 0.030269 
947.728085 0.031847 
946.260893 0.033204 
944.793702 0.034820 
943.326510 0.036155 
941.859319 0.037599 
940.392127 0.039201 
938.924936 0.040617 
937.457744 0.042293 
935.990553 0.043702 
934.523361 0.044945 
933.056170 0.046678 
931.588978 0.048342 
930.121787 0.049878 
928.654595 0.051407 
927.187404 0.052940 
925.720212 0.054705 
924.253021 0.056070 
922.785829 0.057824 
921.318638 0.059319 
919.851446 0.060705 
918.384255 0.062159 
916.917063 0.063629 
915.449872 0.065468 
913.982680 0.066948 
912.515489 0.068224 
911.048297 0.069521 
909.581106 0.071498 
908.113914 0.072829 
906.646723 0.074322 
905.179531 0.075790 
903.712340 0.077386 
902.245148 0.078851 
900.777957 0.080312 
899.310765 0.081460 
897.843574 0.083114 
896.376382 0.084694 
894.909191 0.086059 
893.441999 0.087401 
891.974808 0.088823 
890.507616 0.090352 
889.040425 0.091565 
887.573233 0.092916 
886.106042 0.094231 
884.638850 0.095328 
883.171659 0.096703 
881.704467 0.098153 
880.237276 0.099226 
878.770084 0.100492 
877.302893 0.101593 
875.835701 0.102795 
874.368510 0.103601 
872.901318 0.104256 
871.434127 0.105527 
869.966935 0.106649 
868.499744 0.107777 
867.032552 0.108558 
865.565361 0.109561 
864.098169 0.111009 
862.630978 0.111767 
861.163786 0.112647 
859.696595 0.113986 
858.229404 0.114880 
856.762212 0.115644 
855.295021 0.116502 
853.827829 0.117441 
852.360638 0.118245 
850.893446 0.119120 
849.426255 0.120176 
847.959063 0.120836 
846.491872 0.121551 
845.024680 0.121902 
843.557489 0.122064 
842.090297 0.122491 
840.623106 0.122954 
839.155914 0.123436 
837.688723 0.124267 
836.221531 0.125781 
834.754340 0.126412 
833.287148 0.127505 
831.819957 0.128432 
830.352765 0.129384 
828.885574 0.129938 
827.418382 0.131110 
825.951191 0.131791 
824.483999 0.131545 
823.016808 0.132664 
821.549616 0.133365 
820.082425 0.134197 
818.615233 0.134650 
817.148042 0.134956 
815.680850 0.135542 
814.213659 0.135507 
812.746467 0.136212 
811.279276 0.136615 
809.812084 0.136593 
808.344893 0.137170 
806.877701 0.137224 
805.410510 0.136837 
803.943318 0.137476 
802.476127 0.137844 
801.008935 0.137450 
799.541744 0.137494 
798.074552 0.137618 
796.607361 0.137816 
795.140169 0.137900 
793.672978 0.137841 
792.205786 0.137491 
790.738595 0.137812 
789.271403 0.137399 
787.804212 0.137504 
786.337020 0.137865 
784.869829 0.136943 
783.402637 0.136989 
781.935446 0.137267 
780.468254 0.136822 
779.001063 0.136691 
777.533871 0.135950 
776.066680 0.136689 
774.599488 0.136380 
773.132297 0.135949 
771.665105 0.136359 
770.197914 0.134813 
768.730722 0.134877 
767.263531 0.134706 
765.796339 0.134285 
764.329148 0.133971 
762.861956 0.132890 
761.394765 0.131705 
759.927573 0.131066 
758.460382 0.131004 
756.993190 0.130058 
755.525999 0.129177 
754.058807 0.128333 
752.591616 0.128094 
751.124424 0.126898 
749.657233 0.125787 
748.190041 0.126469 
746.722850 0.125306 
745.255658 0.121814 
743.788467 0.123550 
742.321275 0.121791 
740.854084 0.119850 
739.386892 0.119289 
737.919701 0.119333 
736.452509 0.117796 
734.985318 0.114389 
733.518126 0.113328 
732.050935 0.112598 
730.583743 0.111617 
729.116552 0.110345 
727.649360 0.109073 
726.182169 0.107404 
724.714977 0.106076 
723.247786 0.105687 
721.780594 0.104134 
720.313403 0.102119 
718.846211 0.099949 
717.379020 0.099879 
715.911828 0.098220 
714.444637 0.097476 
712.977445 0.095541 
711.510254 0.094609 
710.043062 0.092706 
708.575871 0.091940 
707.108679 0.088715 
705.641488 0.088684 
704.174296 0.086494 
702.707105 0.083960 
701.239913 0.082159 
699.772722 0.080451 
698.305530 0.080747 
696.838339 0.079041 
695.371147 0.074357 
693.903956 0.075133 
692.436764 0.076186 
690.969573 0.070062 
689.502381 0.068030 
688.035190 0.069951 
686.567998 0.067783 
685.100807 0.064811 
683.633615 0.061519 
682.166424 0.062080 
680.699232 0.059058 
679.232041 0.055663 
677.764849 0.059671 
676.297658 0.056197 
674.830466 0.053578 
673.363275 0.054920 
671.896083 0.049399 
670.428892 0.054940 
668.961700 0.053108 
667.494509 0.049523 
666.027317 0.057805 
664.560126 0.062165 
663.092934 0.063786 
661.625743 0.068710 
660.158551 0.071796 
658.691360 0.075570 
657.224168 0.073375 
655.756977 0.073533 
654.289785 0.073516 
652.822594 0.064863 
651.355402 0.063200 
649.888211 0.059386 
648.421019 0.051648 
646.953828 0.051500 
645.486636 0.051134 
644.019445 0.048633 
642.552253 0.040008 
641.085062 0.038376 
639.617870 0.035523 
638.150679 0.033347 
636.683487 0.029888 
635.216296 0.026439 
633.749104 0.025032 
632.281913 0.022501 
630.814721 0.023943 
629.347530 0.018870 
627.880338 0.018036 
626.413147 0.018212 
624.945955 0.017203 
623.478764 0.013101 
622.011572 0.013282 
620.544381 0.014440 
619.077189 0.009185 
617.609998 0.006207 
616.142806 0.010832 
614.675615 0.007369 
613.208423 0.004456 
611.741232 0.007311 
610.274040 0.001498 
608.806849 0.000749 
607.339657 0.005121 
605.872466 0.003208 
604.405274 -0.000680 
602.938083 -0.001244 
601.470891 -0.000145 
600.003700 -0.000876 
