5000.111000 0.000476 
4998.643809 -0.002362 
4997.176617 -0.001044 
4995.709426 -0.001309 
4994.242234 -0.003837 
4992.775043 -0.001520 
4991.307851 -0.000678 
4989.840660 -0.001950 
4988.373468 -0.003315 
4986.906277 -0.004716 
4985.439085 -0.004523 
4983.971894 -0.004029 
4982.504702 -0.004047 
4981.037511 -0.003013 
4979.570319 -0.004835 
4978.103128 -0.002133 
4976.635936 -0.004349 
4975.168745 -0.003168 
4973.701553 -0.005961 
4972.234362 -0.005119 
4970.767170 -0.002610 
4969.299979 -0.002262 
4967.832787 -0.003031 
4966.365596 -0.004844 
4964.898404 -0.001923 
4963.431213 -0.004001 
4961.964021 -0.004239 
4960.496830 -0.003397 
4959.029638 -0.005686 
4957.562447 -0.002307 
4956.095255 -0.002042 
4954.628064 -0.001099 
4953.160872 -0.001960 
4951.693681 -0.001731 
4950.226489 -0.002307 
4948.759298 -0.000540 
4947.292106 -0.001346 
4945.824915 -0.000568 
4944.357723 -0.001712 
4942.890532 -0.001804 
4941.423340 -0.000348 
4939.956149 0.002509 
4938.488957 0.000833 
4937.021766 0.000888 
4935.554574 0.001108 
4934.087383 -0.000366 
4932.620191 0.001731 
4931.153000 0.002600 
4929.685808 0.003168 
4928.218617 -0.001044 
4926.751425 -0.000156 
4925.284234 -0.000824 
4923.817042 0.001282 
4922.349851 0.000998 
4920.882659 0.000403 
4919.415468 0.001264 
4917.948276 0.000504 
4916.481085 0.000641 
4915.013893 0.000101 
4913.546702 -0.002179 
4912.079510 -0.002500 
4910.612319 -0.000229 
4909.145127 0.000540 
4907.677936 -0.000073 
4906.210744 0.000385 
4904.743553 -0.000577 
4903.276361 0.000256 
4901.809170 0.001172 
4900.341978 0.001978 
4898.874787 0.002774 
4897.407595 0.000037 
4895.940404 0.001319 
4894.473212 -0.000412 
4893.006021 0.000293 
4891.538829 0.002280 
4890.071638 0.000751 
4888.604446 0.002317 
4887.137255 -0.000293 
4885.670063 0.000705 
4884.202872 0.002527 
4882.735680 0.001438 
4881.268489 0.000458 
4879.801297 0.002390 
4878.334106 0.000760 
4876.866914 0.001080 
4875.399723 0.003571 
4873.932531 0.002024 
4872.465340 0.001328 
4870.998148 0.000714 
4869.530957 0.001749 
4868.063765 -0.000238 
4866.596574 0.000485 
4865.129382 0.000833 
4863.662191 0.001666 
4862.194999 -0.000247 
4860.727808 -0.000183 
4859.260616 -0.001410 
4857.793425 0.001740 
4856.326233 0.000678 
4854.859042 0.001822 
4853.391850 0.000733 
4851.924659 -0.002152 
4850.457467 -0.000403 
4848.990276 -0.001319 
4847.523084 -0.000430 
4846.055893 -0.000073 
4844.588701 0.000037 
4843.121510 -0.001071 
4841.654318 -0.000650 
4840.187127 0.000211 
4838.719935 -0.001813 
4837.252744 -0.002784 
4835.785552 -0.004230 
4834.318361 -0.003919 
4832.851169 -0.004642 
4831.383978 -0.005155 
4829.916786 -0.004551 
4828.449595 -0.007234 
4826.982403 -0.005412 
4825.515212 -0.005274 
4824.048020 -0.007087 
4822.580829 -0.007746 
4821.113637 -0.010265 
4819.646446 -0.009532 
4818.179254 -0.009074 
4816.712063 -0.008745 
4815.244871 -0.008580 
4813.777680 -0.011665 
4812.310488 -0.011427 
4810.843297 -0.010091 
4809.376105 -0.011858 
4807.908914 -0.011528 
4806.441722 -0.013167 
4804.974531 -0.014522 
4803.507339 -0.013790 
4802.040148 -0.012700 
4800.572956 -0.013176 
4799.105765 -0.014678 
4797.638573 -0.012947 
4796.171382 -0.015932 
4794.704190 -0.016564 
4793.236999 -0.017040 
4791.769807 -0.017654 
4790.302616 -0.017004 
4788.835424 -0.016766 
4787.368233 -0.017663 
4785.901041 -0.018267 
4784.433850 -0.020199 
4782.966658 -0.020520 
4781.499467 -0.020538 
4780.032275 -0.019082 
4778.565084 -0.022406 
4777.097892 -0.020593 
4775.630701 -0.021985 
4774.163509 -0.019851 
4772.696318 -0.021829 
4771.229126 -0.021948 
4769.761935 -0.020621 
4768.294743 -0.020969 
4766.827552 -0.023093 
4765.360360 -0.020529 
4763.893169 -0.021939 
4762.425977 -0.023239 
4760.958786 -0.022095 
4759.491594 -0.023175 
4758.024403 -0.022214 
4756.557211 -0.020868 
4755.090020 -0.019302 
4753.622828 -0.020840 
4752.155637 -0.016967 
4750.688445 -0.014770 
4749.221254 -0.014284 
4747.754062 -0.014898 
4746.286871 -0.014257 
4744.819679 -0.014156 
4743.352488 -0.013396 
4741.885296 -0.012361 
4740.418105 -0.013561 
4738.950914 -0.012709 
4737.483722 -0.011592 
4736.016531 -0.015246 
4734.549339 -0.010594 
4733.082148 -0.011839 
4731.614956 -0.010136 
4730.147765 -0.010091 
4728.680573 -0.009340 
4727.213382 -0.009294 
4725.746190 -0.010768 
4724.278999 -0.005558 
4722.811807 -0.009111 
4721.344616 -0.006712 
4719.877424 -0.006538 
4718.410233 -0.005778 
4716.943041 -0.006327 
4715.475850 -0.004148 
4714.008658 -0.004239 
4712.541467 -0.003937 
4711.074275 0.000531 
4709.607084 -0.001309 
4708.139892 0.000238 
4706.672701 -0.000458 
4705.205509 0.000787 
4703.738318 0.002784 
4702.271126 0.003434 
4700.803935 0.006419 
4699.336743 0.004798 
4697.869552 0.006327 
4696.402360 0.009138 
4694.935169 0.009340 
4693.467977 0.011611 
4692.000786 0.009926 
4690.533594 0.013762 
4689.066403 0.013643 
4687.599211 0.019330 
4686.132020 0.018222 
4684.664828 0.018469 
4683.197637 0.019586 
4681.730445 0.017004 
4680.263254 0.018203 
4678.796062 0.013717 
4677.328871 0.015163 
4675.861679 0.007389 
4674.394488 0.009056 
4672.927296 0.006400 
4671.460105 0.004111 
4669.992913 0.005503 
4668.525722 0.001319 
4667.058530 0.004945 
4665.591339 0.004020 
4664.124147 0.004917 
4662.656956 0.005631 
4661.189764 0.001602 
4659.722573 0.003360 
4658.255381 0.002985 
4656.788190 0.005009 
4655.320998 0.005686 
4653.853807 0.003516 
4652.386615 0.005897 
4650.919424 0.004587 
4649.452232 0.005677 
4647.985041 0.005192 
4646.517849 0.004917 
4645.050658 0.006080 
4643.583466 0.006355 
4642.116275 0.005421 
4640.649083 0.005640 
4639.181892 0.006492 
4637.714700 0.005650 
4636.247509 0.006190 
4634.780317 0.006510 
4633.313126 0.005604 
4631.845934 0.006758 
4630.378743 0.007151 
4628.911551 0.007179 
4627.444360 0.006245 
4625.977168 0.006996 
4624.509977 0.008342 
4623.042785 0.007911 
4621.575594 0.008772 
4620.108402 0.008708 
4618.641211 0.008726 
4617.174019 0.009010 
4615.706828 0.009605 
4614.239636 0.007582 
4612.772445 0.008397 
4611.305253 0.006913 
4609.838062 0.008268 
4608.370870 0.007334 
4606.903679 0.007554 
4605.436487 0.007737 
4603.969296 0.005256 
4602.502104 0.008085 
4601.034913 0.006813 
4599.567721 0.006950 
4598.100530 0.006346 
4596.633338 0.006465 
4595.166147 0.004816 
4593.698955 0.003727 
4592.231764 0.005933 
4590.764572 0.005256 
4589.297381 0.003315 
4587.830189 0.004670 
4586.362998 0.002491 
4584.895806 0.004249 
4583.428615 0.003635 
4581.961423 0.003534 
4580.494232 0.004652 
4579.027040 0.002372 
4577.559849 0.004047 
4576.092657 0.002555 
4574.625466 0.002097 
4573.158274 0.002820 
4571.691083 0.001264 
4570.223891 0.002564 
4568.756700 0.002152 
4567.289508 0.003003 
4565.822317 0.002042 
4564.355125 0.001822 
4562.887934 0.000055 
4561.420742 -0.000943 
4559.953551 -0.000119 
4558.486359 0.001493 
4557.019168 0.000192 
4555.551976 -0.000275 
4554.084785 -0.002289 
4552.617593 0.000183 
4551.150402 -0.000302 
4549.683210 0.000284 
4548.216019 -0.001428 
4546.748827 -0.002756 
4545.281636 -0.000211 
4543.814444 -0.002115 
4542.347253 -0.002317 
4540.880061 -0.003379 
4539.412870 -0.003214 
4537.945678 -0.002463 
4536.478487 -0.001905 
4535.011295 -0.001712 
4533.544104 -0.001245 
4532.076912 -0.000485 
4530.609721 -0.000916 
4529.142529 -0.001126 
4527.675338 0.000156 
4526.208146 -0.000815 
4524.740955 -0.000787 
4523.273763 -0.001602 
4521.806572 -0.000320 
4520.339380 -0.000256 
4518.872189 0.000073 
4517.404997 -0.001346 
4515.937806 -0.000000 
4514.470614 -0.001200 
4513.003423 -0.000357 
4511.536231 -0.000577 
4510.069040 0.000064 
4508.601848 -0.001209 
4507.134657 -0.001538 
4505.667465 -0.001309 
4504.200274 -0.000174 
4502.733082 -0.001410 
4501.265891 -0.000549 
4499.798699 -0.001529 
4498.331508 -0.000723 
4496.864316 -0.000577 
4495.397125 -0.000330 
4493.929933 -0.000147 
4492.462742 -0.000971 
4490.995550 -0.001163 
4489.528359 0.000330 
4488.061167 -0.000824 
4486.593976 -0.001941 
4485.126784 -0.000934 
4483.659593 -0.000925 
4482.192402 -0.000696 
4480.725210 0.000128 
4479.258019 -0.000330 
4477.790827 -0.000879 
4476.323636 -0.000009 
4474.856444 0.000980 
4473.389253 0.000201 
4471.922061 0.000668 
4470.454870 0.000476 
4468.987678 0.000458 
4467.520487 -0.000055 
4466.053295 0.001520 
4464.586104 0.001868 
4463.118912 0.000696 
4461.651721 0.000513 
4460.184529 0.000147 
4458.717338 0.000971 
4457.250146 0.001428 
4455.782955 0.001227 
4454.315763 0.000458 
4452.848572 0.000961 
4451.381380 0.000714 
4449.914189 0.002234 
4448.446997 0.000751 
4446.979806 0.000714 
4445.512614 0.000485 
4444.045423 0.001493 
4442.578231 0.001373 
4441.111040 0.000559 
4439.643848 0.000531 
4438.176657 0.000302 
4436.709465 0.001383 
4435.242274 0.000632 
4433.775082 0.001080 
4432.307891 0.001145 
4430.840699 0.000943 
4429.373508 0.000504 
4427.906316 0.000293 
4426.439125 -0.000504 
4424.971933 0.000247 
4423.504742 -0.000440 
4422.037550 0.000696 
4420.570359 0.000952 
4419.103167 0.001227 
4417.635976 -0.000311 
4416.168784 -0.000467 
4414.701593 0.000540 
4413.234401 0.000852 
4411.767210 0.000522 
4410.300018 -0.000696 
4408.832827 0.000128 
4407.365635 -0.000357 
4405.898444 0.000183 
4404.431252 -0.000201 
4402.964061 0.000852 
4401.496869 -0.001355 
4400.029678 0.000311 
4398.562486 0.000504 
4397.095295 -0.000174 
4395.628103 0.000247 
4394.160912 -0.000641 
4392.693720 -0.000714 
4391.226529 0.000302 
4389.759337 0.000641 
4388.292146 -0.000046 
4386.824954 -0.001145 
4385.357763 -0.000586 
4383.890571 -0.000037 
4382.423380 -0.000018 
4380.956188 -0.000714 
4379.488997 0.000211 
4378.021805 0.000467 
4376.554614 0.000238 
4375.087422 0.000531 
4373.620231 0.000586 
4372.153039 0.000842 
4370.685848 -0.000522 
4369.218656 0.000513 
4367.751465 -0.001438 
4366.284273 0.000888 
4364.817082 0.000137 
4363.349890 0.000687 
4361.882699 -0.000128 
4360.415507 0.001456 
4358.948316 0.000833 
4357.481124 0.000797 
4356.013933 0.000101 
4354.546741 0.000678 
4353.079550 0.000870 
4351.612358 0.000641 
4350.145167 0.000137 
4348.677975 0.001236 
4347.210784 -0.000101 
4345.743592 0.000449 
4344.276401 0.001355 
4342.809209 0.001172 
4341.342018 -0.000513 
4339.874826 0.001108 
4338.407635 0.002243 
4336.940443 0.001584 
4335.473252 0.000815 
4334.006060 0.001630 
4332.538869 0.001053 
4331.071677 0.000696 
4329.604486 0.000449 
4328.137294 0.001099 
4326.670103 0.000275 
4325.202911 0.000751 
4323.735720 0.000430 
4322.268528 0.001346 
4320.801337 0.001254 
4319.334145 0.001044 
4317.866954 0.001080 
4316.399762 0.000302 
4314.932571 -0.000275 
4313.465379 0.001035 
4311.998188 0.000833 
4310.530996 0.002143 
4309.063805 0.000366 
4307.596613 0.000778 
4306.129422 0.000586 
4304.662230 0.000586 
4303.195039 0.000833 
4301.727847 0.000110 
4300.260656 0.001209 
4298.793464 0.000311 
4297.326273 0.001090 
4295.859081 0.000733 
4294.391890 0.001511 
4292.924698 0.000806 
4291.457507 0.001099 
4289.990315 0.001914 
4288.523124 0.001786 
4287.055932 0.001291 
4285.588741 0.000870 
4284.121549 0.001804 
4282.654358 0.001831 
4281.187166 0.001987 
4279.719975 0.001126 
4278.252783 -0.000165 
4276.785592 0.000888 
4275.318400 0.000806 
4273.851209 0.000293 
4272.384017 0.000531 
4270.916826 0.000870 
4269.449634 -0.000458 
4267.982443 0.000238 
4266.515251 0.001154 
4265.048060 0.000110 
4263.580868 0.000027 
4262.113677 0.000101 
4260.646485 0.001355 
4259.179294 0.000604 
4257.712102 0.000577 
4256.244911 -0.000147 
4254.777719 -0.001026 
4253.310528 0.000055 
4251.843336 0.000009 
4250.376145 0.000568 
4248.908953 -0.000046 
4247.441762 -0.000247 
4245.974570 -0.000412 
4244.507379 0.000147 
4243.040187 -0.000430 
4241.572996 -0.000907 
4240.105804 -0.000458 
4238.638613 -0.000742 
4237.171421 -0.000009 
4235.704230 -0.000293 
4234.237038 -0.001035 
4232.769847 -0.000549 
4231.302655 -0.000531 
4229.835464 -0.001190 
4228.368272 -0.000540 
4226.901081 0.000082 
4225.433889 -0.001172 
4223.966698 -0.000613 
4222.499507 -0.000440 
4221.032315 -0.001364 
4219.565124 -0.000623 
4218.097932 -0.001035 
4216.630741 -0.001666 
4215.163549 -0.001767 
4213.696358 -0.001154 
4212.229166 -0.000888 
4210.761975 -0.001648 
4209.294783 -0.001410 
4207.827592 0.000018 
4206.360400 -0.001035 
4204.893209 0.000174 
4203.426017 -0.000705 
4201.958826 -0.001474 
4200.491634 -0.000275 
4199.024443 -0.001319 
4197.557251 -0.000385 
4196.090060 -0.000284 
4194.622868 -0.000952 
4193.155677 -0.000650 
4191.688485 0.000201 
4190.221294 0.000559 
4188.754102 -0.000522 
4187.286911 0.000119 
4185.819719 -0.000421 
4184.352528 -0.000092 
4182.885336 -0.000092 
4181.418145 0.000256 
4179.950953 -0.000485 
4178.483762 0.000055 
4177.016570 -0.000018 
4175.549379 -0.000247 
4174.082187 -0.000037 
4172.614996 -0.000540 
4171.147804 -0.000540 
4169.680613 0.000430 
4168.213421 0.000412 
4166.746230 -0.000687 
4165.279038 0.000760 
4163.811847 -0.000696 
4162.344655 -0.000897 
4160.877464 0.000522 
4159.410272 0.001026 
4157.943081 -0.000000 
4156.475889 -0.000559 
4155.008698 0.000467 
4153.541506 -0.000531 
4152.074315 -0.000220 
4150.607123 0.000082 
4149.139932 -0.000403 
4147.672740 -0.000229 
4146.205549 0.000156 
4144.738357 0.000110 
4143.271166 -0.000211 
4141.803974 0.000174 
4140.336783 0.000064 
4138.869591 -0.000531 
4137.402400 -0.000412 
4135.935208 0.000238 
4134.468017 -0.000531 
4133.000825 -0.000659 
4131.533634 0.000156 
4130.066442 -0.000009 
4128.599251 -0.000513 
4127.132059 0.000430 
4125.664868 -0.000659 
4124.197676 0.000504 
4122.730485 0.000165 
4121.263293 -0.000577 
4119.796102 -0.000073 
4118.328910 -0.000641 
4116.861719 -0.000201 
4115.394527 -0.001685 
4113.927336 -0.001401 
4112.460144 -0.000586 
4110.992953 0.000082 
4109.525761 -0.000787 
4108.058570 -0.000183 
4106.591378 -0.001218 
4105.124187 -0.000641 
4103.656995 -0.001099 
4102.189804 -0.000522 
4100.722612 -0.000430 
4099.255421 -0.000613 
4097.788229 0.000531 
4096.321038 -0.000549 
4094.853846 -0.000568 
4093.386655 -0.001749 
4091.919463 -0.000952 
4090.452272 -0.000806 
4088.985080 -0.001401 
4087.517889 -0.000183 
4086.050697 0.000055 
4084.583506 -0.001181 
4083.116314 -0.001181 
4081.649123 -0.001016 
4080.181931 -0.000137 
4078.714740 -0.000183 
4077.247548 -0.001080 
4075.780357 -0.000147 
4074.313165 -0.001026 
4072.845974 -0.000284 
4071.378782 -0.000613 
4069.911591 -0.001419 
4068.444399 -0.001218 
4066.977208 -0.000046 
4065.510016 -0.000348 
4064.042825 -0.001346 
4062.575633 -0.000211 
4061.108442 -0.000275 
4059.641250 -0.000147 
4058.174059 -0.000678 
4056.706867 -0.000256 
4055.239676 -0.000623 
4053.772484 0.000421 
4052.305293 -0.000696 
4050.838101 0.000440 
4049.370910 -0.000705 
4047.903718 -0.000201 
4046.436527 -0.000220 
4044.969335 0.000742 
4043.502144 -0.000064 
4042.034952 0.000192 
4040.567761 0.000421 
4039.100569 -0.001740 
4037.633378 -0.000147 
4036.166186 0.000632 
4034.698995 -0.000568 
4033.231803 -0.000797 
4031.764612 -0.000229 
4030.297420 -0.000284 
4028.830229 0.000137 
4027.363037 -0.000348 
4025.895846 -0.000980 
4024.428654 0.000494 
4022.961463 -0.000769 
4021.494271 0.000476 
4020.027080 -0.001090 
4018.559888 0.000018 
4017.092697 0.000009 
4015.625505 0.000055 
4014.158314 -0.000549 
4012.691122 0.000778 
4011.223931 -0.000009 
4009.756739 0.000375 
4008.289548 0.000101 
4006.822356 -0.000082 
4005.355165 -0.000678 
4003.887973 -0.000238 
4002.420782 -0.000320 
4000.953590 0.000018 
3999.486399 -0.000192 
3998.019207 -0.000394 
3996.552016 0.000421 
3995.084824 -0.000494 
3993.617633 -0.001172 
3992.150441 -0.000714 
3990.683250 -0.000696 
3989.216058 -0.001630 
3987.748867 -0.000760 
3986.281675 -0.000540 
3984.814484 -0.000842 
3983.347292 -0.000522 
3981.880101 -0.001557 
3980.412909 -0.000421 
3978.945718 -0.000952 
3977.478526 -0.001557 
3976.011335 -0.000650 
3974.544143 -0.001410 
3973.076952 -0.001831 
3971.609760 -0.001273 
3970.142569 -0.000220 
3968.675377 0.000092 
3967.208186 -0.000339 
3965.740994 -0.000668 
3964.273803 -0.001218 
3962.806612 -0.001145 
3961.339420 -0.000110 
3959.872229 -0.000403 
3958.405037 -0.000678 
3956.937846 -0.001337 
3955.470654 -0.001245 
3954.003463 -0.001465 
3952.536271 -0.001502 
3951.069080 -0.000018 
3949.601888 -0.001099 
3948.134697 -0.000751 
3946.667505 -0.000870 
3945.200314 -0.001584 
3943.733122 -0.001190 
3942.265931 -0.000815 
3940.798739 -0.000687 
3939.331548 -0.000595 
3937.864356 0.000137 
3936.397165 -0.000266 
3934.929973 -0.001200 
3933.462782 -0.000769 
3931.995590 -0.000861 
3930.528399 -0.000284 
3929.061207 -0.000650 
3927.594016 -0.000559 
3926.126824 0.000110 
3924.659633 -0.000092 
3923.192441 0.000055 
3921.725250 -0.000192 
3920.258058 -0.000769 
3918.790867 -0.001355 
3917.323675 -0.000687 
3915.856484 -0.000549 
3914.389292 0.000256 
3912.922101 -0.000000 
3911.454909 -0.000330 
3909.987718 0.000037 
3908.520526 -0.000119 
3907.053335 0.000504 
3905.586143 -0.000147 
3904.118952 -0.003150 
3902.651760 -0.000357 
3901.184569 -0.001337 
3899.717377 -0.001007 
3898.250186 -0.000787 
3896.782994 0.000650 
3895.315803 0.000082 
3893.848611 -0.000055 
3892.381420 0.001154 
3890.914228 -0.001438 
3889.447037 0.000247 
3887.979845 0.001776 
3886.512654 -0.000027 
3885.045462 -0.000449 
3883.578271 0.002491 
3882.111079 0.001914 
3880.643888 0.001053 
3879.176696 0.001346 
3877.709505 0.001703 
3876.242313 0.002243 
3874.775122 0.000119 
3873.307930 0.000952 
3871.840739 0.000842 
3870.373547 -0.002179 
3868.906356 -0.000861 
3867.439164 0.000394 
3865.971973 0.000540 
3864.504781 -0.002253 
3863.037590 0.000623 
3861.570398 -0.000870 
3860.103207 -0.000220 
3858.636015 -0.000678 
3857.168824 -0.000256 
3855.701632 -0.000430 
3854.234441 -0.011098 
3852.767249 -0.004826 
3851.300058 -0.004056 
3849.832866 0.000046 
3848.365675 0.000238 
3846.898483 -0.000101 
3845.431292 0.000998 
3843.964100 -0.000687 
3842.496909 -0.000494 
3841.029717 -0.000870 
3839.562526 -0.000229 
3838.095334 -0.003168 
3836.628143 0.000055 
3835.160951 0.000119 
3833.693760 0.000934 
3832.226568 0.001392 
3830.759377 0.001053 
3829.292185 0.002546 
3827.824994 0.002967 
3826.357802 0.002234 
3824.890611 0.003699 
3823.423419 0.003928 
3821.956228 0.001529 
3820.489036 0.000641 
3819.021845 0.003782 
3817.554653 0.002399 
3816.087462 -0.002390 
3814.620270 0.000980 
3813.153079 0.000504 
3811.685887 0.000330 
3810.218696 0.000275 
3808.751504 0.000110 
3807.284313 -0.002720 
3805.817121 -0.000897 
3804.349930 -0.001071 
3802.882738 -0.000577 
3801.415547 -0.008021 
3799.948355 -0.000549 
3798.481164 -0.000055 
3797.013972 -0.000394 
3795.546781 0.000055 
3794.079589 -0.000595 
3792.612398 -0.000201 
3791.145206 0.000531 
3789.678015 0.000403 
3788.210823 0.000778 
3786.743632 0.000375 
3785.276440 0.000009 
3783.809249 0.000440 
3782.342057 0.000440 
3780.874866 0.001026 
3779.407674 -0.001355 
3777.940483 0.001218 
3776.473291 0.000513 
3775.006100 0.000513 
3773.538908 -0.000687 
3772.071717 -0.000366 
3770.604525 -0.000275 
3769.137334 -0.000943 
3767.670142 0.000238 
3766.202951 -0.000229 
3764.735759 -0.000339 
3763.268568 0.000238 
3761.801376 0.000247 
3760.334185 -0.000046 
3758.866993 0.001273 
3757.399802 0.001868 
3755.932610 0.001831 
3754.465419 0.001071 
3752.998227 0.000339 
3751.531036 -0.000632 
3750.063844 0.001026 
3748.596653 0.000320 
3747.129461 0.000678 
3745.662270 -0.001786 
3744.195078 -0.013588 
3742.727887 -0.005586 
3741.260695 -0.003727 
3739.793504 -0.000577 
3738.326312 -0.000577 
3736.859121 -0.003974 
3735.391929 -0.002335 
3733.924738 -0.001309 
3732.457546 -0.022571 
3730.990355 -0.015795 
3729.523163 -0.009431 
3728.055972 -0.005640 
3726.588780 0.017663 
3725.121589 0.001163 
3723.654397 0.005558 
3722.187206 0.006419 
3720.720014 0.010017 
3719.252823 0.011537 
3717.785631 0.013588 
3716.318440 0.015209 
3714.851248 0.016546 
3713.384057 0.018341 
3711.916865 0.016821 
3710.449674 0.023459 
3708.982482 0.033724 
3707.515291 0.052092 
3706.048099 0.045252 
3704.580908 0.030784 
3703.113717 0.026600 
3701.646525 0.023542 
3700.179334 0.023349 
3698.712142 0.023377 
3697.244951 0.021628 
3695.777759 0.021069 
3694.310568 0.021280 
3692.843376 0.019888 
3691.376185 0.018414 
3689.908993 0.019705 
3688.441802 0.014669 
3686.974610 0.020804 
3685.507419 0.021903 
3684.040227 0.021518 
3682.573036 0.022608 
3681.105844 0.022745 
3679.638653 0.023130 
3678.171461 0.024659 
3676.704270 0.023175 
3675.237078 0.020648 
3673.769887 0.027067 
3672.302695 0.028898 
3670.835504 0.025584 
3669.368312 0.029915 
3667.901121 0.031068 
3666.433929 0.034145 
3664.966738 0.034465 
3663.499546 0.036507 
3662.032355 0.036306 
3660.565163 0.037707 
3659.097972 0.038934 
3657.630780 0.039529 
3656.163589 0.037286 
3654.696397 0.040793 
3653.229206 0.042459 
3651.762014 0.041507 
3650.294823 0.041617 
3648.827631 0.039621 
3647.360440 0.042386 
3645.893248 0.044208 
3644.426057 0.045856 
3642.958865 0.046177 
3641.491674 0.046928 
3640.024482 0.048319 
3638.557291 0.048374 
3637.090099 0.049061 
3635.622908 0.049125 
3634.155716 0.049610 
3632.688525 0.051314 
3631.221333 0.052211 
3629.754142 0.048182 
3628.286950 0.050325 
3626.819759 0.054335 
3625.352567 0.055690 
3623.885376 0.057247 
3622.418184 0.058172 
3620.950993 0.058575 
3619.483801 0.058511 
3618.016610 0.061587 
3616.549418 0.063702 
3615.082227 0.064636 
3613.615035 0.065699 
3612.147844 0.067640 
3610.680652 0.069801 
3609.213461 0.069077 
3607.746269 0.072639 
3606.279078 0.074681 
3604.811886 0.077877 
3603.344695 0.080047 
3601.877503 0.083911 
3600.410312 0.091941 
3598.943120 0.101601 
3597.475929 0.094148 
3596.008737 0.091566 
3594.541546 0.092857 
3593.074354 0.094359 
3591.607163 0.096877 
3590.139971 0.098717 
3588.672780 0.099477 
3587.205588 0.102774 
3585.738397 0.104257 
3584.271205 0.108725 
3582.804014 0.110373 
3581.336822 0.113276 
3579.869631 0.115629 
3578.402439 0.118752 
3576.935248 0.121581 
3575.468056 0.123907 
3574.000865 0.126956 
3572.533673 0.129273 
3571.066482 0.133650 
3569.599290 0.136397 
3568.132099 0.138915 
3566.664907 0.142312 
3565.197716 0.146698 
3563.730524 0.150141 
3562.263333 0.153959 
3560.796141 0.156706 
3559.328950 0.159389 
3557.861758 0.163637 
3556.394567 0.167584 
3554.927375 0.170926 
3553.460184 0.173270 
3551.992992 0.176685 
3550.525801 0.181264 
3549.058609 0.186098 
3547.591418 0.188461 
3546.124226 0.192673 
3544.657035 0.197096 
3543.189843 0.200896 
3541.722652 0.205391 
3540.255460 0.210254 
3538.788269 0.214209 
3537.321077 0.218366 
3535.853886 0.222670 
3534.386694 0.227972 
3532.919503 0.233118 
3531.452311 0.236615 
3529.985120 0.241954 
3528.517928 0.246239 
3527.050737 0.251238 
3525.583545 0.256009 
3524.116354 0.260322 
3522.649162 0.264946 
3521.181971 0.270669 
3519.714779 0.275302 
3518.247588 0.281290 
3516.780396 0.286647 
3515.313205 0.290786 
3513.846013 0.296399 
3512.378822 0.301417 
3510.911630 0.306984 
3509.444439 0.311608 
3507.977247 0.317642 
3506.510056 0.323054 
3505.042864 0.326991 
3503.575673 0.332531 
3502.108481 0.339535 
3500.641290 0.344599 
3499.174098 0.349360 
3497.706907 0.354937 
3496.239715 0.360037 
3494.772524 0.366199 
3493.305332 0.371025 
3491.838141 0.377141 
3490.370949 0.382187 
3488.903758 0.389109 
3487.436566 0.393953 
3485.969375 0.399740 
3484.502183 0.406150 
3483.034992 0.411030 
3481.567800 0.416506 
3480.100609 0.422650 
3478.633417 0.428309 
3477.166226 0.433436 
3475.699034 0.440468 
3474.231843 0.445605 
3472.764651 0.451090 
3471.297460 0.456547 
3469.830268 0.461950 
3468.363077 0.467755 
3466.895885 0.473972 
3465.428694 0.480300 
3463.961502 0.485848 
3462.494311 0.491910 
3461.027119 0.496553 
3459.559928 0.503100 
3458.092736 0.508346 
3456.625545 0.514216 
3455.158353 0.519691 
3453.691162 0.525909 
3452.223970 0.531009 
3450.756779 0.537528 
3449.289587 0.543288 
3447.822396 0.548699 
3446.355205 0.553745 
3444.888013 0.560319 
3443.420822 0.566024 
3441.953630 0.571655 
3440.486439 0.577543 
3439.019247 0.581883 
3437.552056 0.588155 
3436.084864 0.592678 
3434.617673 0.599262 
3433.150481 0.604261 
3431.683290 0.610378 
3430.216098 0.614865 
3428.748907 0.620139 
3427.281715 0.626045 
3425.814524 0.631392 
3424.347332 0.636941 
3422.880141 0.641456 
3421.412949 0.646501 
3419.945758 0.651601 
3418.478566 0.656967 
3417.011375 0.661820 
3415.544183 0.666929 
3414.076992 0.670738 
3412.609800 0.677468 
3411.142609 0.682010 
3409.675417 0.687138 
3408.208226 0.692220 
3406.741034 0.696871 
3405.273843 0.701477 
3403.806651 0.706174 
3402.339460 0.710652 
3400.872268 0.714626 
3399.405077 0.719424 
3397.937885 0.724350 
3396.470694 0.727811 
3395.003502 0.732243 
3393.536311 0.737069 
3392.069119 0.740905 
3390.601928 0.745484 
3389.134736 0.750337 
3387.667545 0.753404 
3386.200353 0.756929 
3384.733162 0.760729 
3383.265970 0.765701 
3381.798779 0.767945 
3380.331587 0.772752 
3378.864396 0.776076 
3377.397204 0.780398 
3375.930013 0.783685 
3374.462821 0.787567 
3372.995630 0.790625 
3371.528438 0.794114 
3370.061247 0.797804 
3368.594055 0.800789 
3367.126864 0.804635 
3365.659672 0.807968 
3364.192481 0.810349 
3362.725289 0.813911 
3361.258098 0.816786 
3359.790906 0.820128 
3358.323715 0.823763 
3356.856523 0.826812 
3355.389332 0.828909 
3353.922140 0.831784 
3352.454949 0.835749 
3350.987757 0.839339 
3349.520566 0.841857 
3348.053374 0.844402 
3346.586183 0.846929 
3345.118991 0.850610 
3343.651800 0.853998 
3342.184608 0.856663 
3340.717417 0.859309 
3339.250225 0.861974 
3337.783034 0.864629 
3336.315842 0.868090 
3334.848651 0.871524 
3333.381459 0.874527 
3331.914268 0.877686 
3330.447076 0.880809 
3328.979885 0.884068 
3327.512693 0.886330 
3326.045502 0.889187 
3324.578310 0.892410 
3323.111119 0.895789 
3321.643927 0.898490 
3320.176736 0.902427 
3318.709544 0.905220 
3317.242353 0.908553 
3315.775161 0.910568 
3314.307970 0.914166 
3312.840778 0.917984 
3311.373587 0.920713 
3309.906395 0.923332 
3308.439204 0.927425 
3306.972012 0.930044 
3305.504821 0.933688 
3304.037629 0.936673 
3302.570438 0.939365 
3301.103246 0.942304 
3299.636055 0.944703 
3298.168863 0.948311 
3296.701672 0.951104 
3295.234480 0.954556 
3293.767289 0.956094 
3292.300097 0.959830 
3290.832906 0.961918 
3289.365714 0.965727 
3287.898523 0.967686 
3286.431331 0.969857 
3284.964140 0.973089 
3283.496948 0.975955 
3282.029757 0.978537 
3280.562565 0.980158 
3279.095374 0.982016 
3277.628182 0.984031 
3276.160991 0.986631 
3274.693799 0.987849 
3273.226608 0.990495 
3271.759416 0.991521 
3270.292225 0.992162 
3268.825033 0.993801 
3267.357842 0.995174 
3265.890650 0.997015 
3264.423459 0.997116 
3262.956267 0.998132 
3261.489076 0.998205 
3260.021884 0.999826 
3258.554693 0.999936 
3257.087501 0.999560 
3255.620310 0.999771 
3254.153118 1.000000 
3252.685927 0.999899 
3251.218735 0.999560 
3249.751544 0.998800 
3248.284352 0.998297 
3246.817161 0.997647 
3245.349969 0.996731 
3243.882778 0.995651 
3242.415586 0.994497 
3240.948395 0.993142 
3239.481203 0.990367 
3238.014012 0.990148 
3236.546820 0.987803 
3235.079629 0.986897 
3233.612437 0.983839 
3232.145246 0.981733 
3230.678054 0.979636 
3229.210863 0.976834 
3227.743671 0.974902 
3226.276480 0.971166 
3224.809288 0.968648 
3223.342097 0.965974 
3221.874905 0.962476 
3220.407714 0.959372 
3218.940522 0.956305 
3217.473331 0.952569 
3216.006139 0.949465 
3214.538948 0.944868 
3213.071756 0.941233 
3211.604565 0.937369 
3210.137373 0.932955 
3208.670182 0.928972 
3207.202990 0.924504 
3205.735799 0.920567 
3204.268607 0.915750 
3202.801416 0.911520 
3201.334224 0.906392 
3199.867033 0.902217 
3198.399841 0.896979 
3196.932650 0.892630 
3195.465458 0.886815 
3193.998267 0.881853 
3192.531075 0.875919 
3191.063884 0.870819 
3189.596692 0.865847 
3188.129501 0.860719 
3186.662310 0.854346 
3185.195118 0.848623 
3183.727927 0.843486 
3182.260735 0.837324 
3180.793544 0.831894 
3179.326352 0.825274 
3177.859161 0.819542 
3176.391969 0.813425 
3174.924778 0.807245 
3173.457586 0.801375 
3171.990395 0.794407 
3170.523203 0.787888 
3169.056012 0.780965 
3167.588820 0.775151 
3166.121629 0.767981 
3164.654437 0.761269 
3163.187246 0.754237 
3161.720054 0.748166 
3160.252863 0.741070 
3158.785671 0.734624 
3157.318480 0.726868 
3155.851288 0.720550 
3154.384097 0.712089 
3152.916905 0.705478 
3151.449714 0.698144 
3149.982522 0.691029 
3148.515331 0.684244 
3147.048139 0.676260 
3145.580948 0.668834 
3144.113756 0.661087 
3142.646565 0.654201 
3141.179373 0.647252 
3139.712182 0.639304 
3138.244990 0.631566 
3136.777799 0.623353 
3135.310607 0.616476 
3133.843416 0.608721 
3132.376224 0.600361 
3130.909033 0.593493 
3129.441841 0.585518 
3127.974650 0.576883 
3126.507458 0.569979 
3125.040267 0.561931 
3123.573075 0.554459 
3122.105884 0.545769 
3120.638692 0.538801 
3119.171501 0.530285 
3117.704309 0.522502 
3116.237118 0.514966 
3114.769926 0.506872 
3113.302735 0.499446 
3111.835543 0.491471 
3110.368352 0.483138 
3108.901160 0.474778 
3107.433969 0.467096 
3105.966777 0.459478 
3104.499586 0.452280 
3103.032394 0.444351 
3101.565203 0.436165 
3100.098011 0.427979 
3098.630820 0.420892 
3097.163628 0.412568 
3095.696437 0.404767 
3094.229245 0.397149 
3092.762054 0.389503 
3091.294862 0.382297 
3089.827671 0.374669 
3088.360479 0.367481 
3086.893288 0.359625 
3085.426096 0.352455 
3083.958905 0.345350 
3082.491713 0.338281 
3081.024522 0.330983 
3079.557330 0.323264 
3078.090139 0.316360 
3076.622947 0.310015 
3075.155756 0.303028 
3073.688564 0.296911 
3072.221373 0.288689 
3070.754181 0.283195 
3069.286990 0.276419 
3067.819798 0.270614 
3066.352607 0.265221 
3064.885415 0.257996 
3063.418224 0.252548 
3061.951032 0.246862 
3060.483841 0.240708 
3059.016649 0.235535 
3057.549458 0.229748 
3056.082266 0.224565 
3054.615075 0.219090 
3053.147883 0.213953 
3051.680692 0.209567 
3050.213500 0.204833 
3048.746309 0.199705 
3047.279117 0.195200 
3045.811926 0.190713 
3044.344734 0.186987 
3042.877543 0.182692 
3041.410351 0.178956 
3039.943160 0.174103 
3038.475968 0.170258 
3037.008777 0.166503 
3035.541585 0.163134 
3034.074394 0.159975 
3032.607202 0.156275 
3031.140011 0.152778 
3029.672819 0.149472 
3028.205628 0.146780 
3026.738436 0.143475 
3025.271245 0.140700 
3023.804053 0.137614 
3022.336862 0.134455 
3020.869670 0.131901 
3019.402479 0.129502 
3017.935287 0.127267 
3016.468096 0.125143 
3015.000904 0.122451 
3013.533713 0.120620 
3012.066521 0.118083 
3010.599330 0.116243 
3009.132138 0.113056 
3007.664947 0.111509 
3006.197755 0.109980 
3004.730564 0.107453 
3003.263372 0.105493 
3001.796181 0.103726 
3000.328989 0.101409 
2998.861798 0.100164 
2997.394606 0.098351 
2995.927415 0.096987 
2994.460223 0.095183 
2992.993032 0.093498 
2991.525840 0.092289 
2990.058649 0.090595 
2988.591457 0.089103 
2987.124266 0.087748 
2985.657074 0.085687 
2984.189883 0.084579 
2982.722691 0.082940 
2981.255500 0.082464 
2979.788308 0.080889 
2978.321117 0.079269 
2976.853925 0.078307 
2975.386734 0.076870 
2973.919542 0.077053 
2972.452351 0.075752 
2970.985159 0.074590 
2969.517968 0.073784 
2968.050776 0.073234 
2966.583585 0.072062 
2965.116393 0.071110 
2963.649202 0.070542 
2962.182010 0.069828 
2960.714819 0.068363 
2959.247627 0.068033 
2957.780436 0.067374 
2956.313244 0.066165 
2954.846053 0.065286 
2953.378861 0.064682 
2951.911670 0.064783 
2950.444478 0.063318 
2948.977287 0.063080 
2947.510095 0.062741 
2946.042904 0.061093 
2944.575712 0.060681 
2943.108521 0.060424 
2941.641329 0.059902 
2940.174138 0.059106 
2938.706946 0.058547 
2937.239755 0.058227 
2935.772563 0.057787 
2934.305372 0.057448 
2932.838180 0.056743 
2931.370989 0.056203 
2929.903797 0.055516 
2928.436606 0.055013 
2926.969415 0.054930 
2925.502223 0.053777 
2924.035032 0.053465 
2922.567840 0.052769 
2921.100649 0.052696 
2919.633457 0.052339 
2918.166266 0.051835 
2916.699074 0.052165 
2915.231883 0.051881 
2913.764691 0.052064 
2912.297500 0.052028 
2910.830308 0.051433 
2909.363117 0.050975 
2907.895925 0.050892 
2906.428734 0.051094 
2904.961542 0.050947 
2903.494351 0.050444 
2902.027159 0.051048 
2900.559968 0.050691 
2899.092776 0.050361 
2897.625585 0.050618 
2896.158393 0.050590 
2894.691202 0.050727 
2893.224010 0.050297 
2891.756819 0.051149 
2890.289627 0.050306 
2888.822436 0.050911 
2887.355244 0.051011 
2885.888053 0.051103 
2884.420861 0.051570 
2882.953670 0.051542 
2881.486478 0.052101 
2880.019287 0.052522 
2878.552095 0.052714 
2877.084904 0.053017 
2875.617712 0.053355 
2874.150521 0.053072 
2872.683329 0.054079 
2871.216138 0.053520 
2869.748946 0.054335 
2868.281755 0.053346 
2866.814563 0.054280 
2865.347372 0.054482 
2863.880180 0.054857 
2862.412989 0.054701 
2860.945797 0.054610 
2859.478606 0.054940 
2858.011414 0.054253 
2856.544223 0.054244 
2855.077031 0.053099 
2853.609840 0.053328 
2852.142648 0.052971 
2850.675457 0.052714 
2849.208265 0.051735 
2847.741074 0.052321 
2846.273882 0.052339 
2844.806691 0.051845 
2843.339499 0.050956 
2841.872308 0.050718 
2840.405116 0.049913 
2838.937925 0.049098 
2837.470733 0.049409 
2836.003542 0.047587 
2834.536350 0.047660 
2833.069159 0.046717 
2831.601967 0.046424 
2830.134776 0.045636 
2828.667584 0.044144 
2827.200393 0.044702 
2825.733201 0.043842 
2824.266010 0.043237 
2822.798818 0.042825 
2821.331627 0.041846 
2819.864435 0.041260 
2818.397244 0.040774 
2816.930052 0.040069 
2815.462861 0.040179 
2813.995669 0.038705 
2812.528478 0.038668 
2811.061286 0.037331 
2809.594095 0.036809 
2808.126903 0.036242 
2806.659712 0.035729 
2805.192520 0.035061 
2803.725329 0.034685 
2802.258137 0.034850 
2800.790946 0.033303 
2799.323754 0.032982 
2797.856563 0.032213 
2796.389371 0.031682 
2794.922180 0.031169 
2793.454988 0.030867 
2791.987797 0.029988 
2790.520605 0.029576 
2789.053414 0.028303 
2787.586222 0.028358 
2786.119031 0.027287 
2784.651839 0.026975 
2783.184648 0.026682 
2781.717456 0.025675 
2780.250265 0.025574 
2778.783073 0.024357 
2777.315882 0.024384 
2775.848690 0.023120 
2774.381499 0.022772 
2772.914307 0.022644 
2771.447116 0.022003 
2769.979924 0.021582 
2768.512733 0.020877 
2767.045541 0.020355 
2765.578350 0.019760 
2764.111158 0.019320 
2762.643967 0.018670 
2761.176775 0.018011 
2759.709584 0.017645 
2758.242392 0.017507 
2756.775201 0.016418 
2755.308009 0.016619 
2753.840818 0.015658 
2752.373626 0.015429 
2750.906435 0.014733 
2749.439243 0.014367 
2747.972052 0.014522 
2746.504860 0.013533 
2745.037669 0.013433 
2743.570477 0.012517 
2742.103286 0.012068 
2740.636094 0.011995 
2739.168903 0.011318 
2737.701711 0.010997 
2736.234520 0.010127 
2734.767328 0.009614 
2733.300137 0.009880 
2731.832945 0.008772 
2730.365754 0.008442 
2728.898562 0.008021 
2727.431371 0.007463 
2725.964179 0.006959 
2724.496988 0.006483 
2723.029796 0.006730 
2721.562605 0.005613 
2720.095413 0.005485 
2718.628222 0.004935 
2717.161030 0.004725 
2715.693839 0.003910 
2714.226647 0.003269 
2712.759456 0.002994 
2711.292264 0.002784 
2709.825073 0.001950 
2708.357881 0.001850 
2706.890690 0.001328 
2705.423498 0.001035 
2703.956307 0.000348 
2702.489115 0.000201 
2701.021924 0.000275 
2699.554732 -0.000760 
2698.087541 -0.000760 
2696.620349 -0.001282 
2695.153158 -0.001108 
2693.685966 -0.001346 
2692.218775 -0.001648 
2690.751583 -0.001685 
2689.284392 -0.002188 
2687.817200 -0.002326 
2686.350009 -0.002399 
2684.882817 -0.002536 
2683.415626 -0.002344 
2681.948434 -0.002710 
2680.481243 -0.002948 
2679.014051 -0.003388 
2677.546860 -0.003351 
2676.079668 -0.002994 
2674.612477 -0.003754 
2673.145285 -0.003269 
2671.678094 -0.003718 
2670.210903 -0.003562 
2668.743711 -0.003516 
2667.276520 -0.003992 
2665.809328 -0.003425 
2664.342137 -0.004249 
2662.874945 -0.003965 
2661.407754 -0.004056 
2659.940562 -0.003855 
2658.473371 -0.004056 
2657.006179 -0.004340 
2655.538988 -0.003800 
2654.071796 -0.003663 
2652.604605 -0.004395 
2651.137413 -0.003589 
2649.670222 -0.003864 
2648.203030 -0.003608 
2646.735839 -0.003946 
2645.268647 -0.003653 
2643.801456 -0.003214 
2642.334264 -0.003736 
2640.867073 -0.003095 
2639.399881 -0.003782 
2637.932690 -0.003342 
2636.465498 -0.003095 
2634.998307 -0.003168 
2633.531115 -0.002820 
2632.063924 -0.002985 
2630.596732 -0.002390 
2629.129541 -0.002564 
2627.662349 -0.002655 
2626.195158 -0.002234 
2624.727966 -0.002674 
2623.260775 -0.002198 
2621.793583 -0.002326 
2620.326392 -0.002582 
2618.859200 -0.001914 
2617.392009 -0.002317 
2615.924817 -0.001602 
2614.457626 -0.002152 
2612.990434 -0.001740 
2611.523243 -0.001557 
2610.056051 -0.001584 
2608.588860 -0.001355 
2607.121668 -0.001767 
2605.654477 -0.000989 
2604.187285 -0.001969 
2602.720094 -0.001447 
2601.252902 -0.001026 
2599.785711 -0.001383 
2598.318519 -0.001145 
2596.851328 -0.001200 
2595.384136 -0.001483 
2593.916945 -0.000568 
2592.449753 -0.000961 
2590.982562 -0.000311 
2589.515370 -0.000989 
2588.048179 -0.000751 
2586.580987 -0.000082 
2585.113796 -0.000678 
2583.646604 -0.000092 
2582.179413 -0.000916 
2580.712221 -0.000421 
2579.245030 -0.000229 
2577.777838 0.000275 
2576.310647 -0.000018 
2574.843455 0.000229 
2573.376264 -0.000082 
2571.909072 0.000009 
2570.441881 -0.000522 
2568.974689 0.000357 
2567.507498 -0.000211 
2566.040306 0.000220 
2564.573115 0.000119 
2563.105923 -0.000211 
2561.638732 0.000613 
2560.171540 -0.000201 
2558.704349 0.000568 
2557.237157 -0.000027 
2555.769966 -0.000027 
2554.302774 0.000247 
2552.835583 0.000375 
2551.368391 0.000485 
2549.901200 -0.000046 
2548.434008 0.000613 
2546.966817 0.000320 
2545.499625 0.000366 
2544.032434 0.000311 
2542.565242 -0.000284 
2541.098051 0.000119 
2539.630859 0.000119 
2538.163668 -0.000522 
2536.696476 0.000339 
2535.229285 -0.000046 
2533.762093 0.000440 
2532.294902 0.000302 
2530.827710 0.000110 
2529.360519 0.000366 
2527.893327 -0.000064 
2526.426136 0.000806 
2524.958944 -0.000000 
2523.491753 -0.000046 
2522.024561 0.000064 
2520.557370 0.000412 
2519.090178 -0.000009 
2517.622987 -0.000220 
2516.155795 0.000302 
2514.688604 -0.000064 
2513.221412 -0.000229 
2511.754221 0.000449 
2510.287029 -0.000101 
2508.819838 0.000046 
2507.352646 0.000229 
2505.885455 -0.000165 
2504.418263 0.000082 
2502.951072 -0.000870 
2501.483880 0.000320 
2500.016689 -0.000027 
2498.549497 0.000092 
2497.082306 0.000174 
2495.615114 -0.000247 
2494.147923 0.000440 
2492.680731 -0.000147 
2491.213540 0.000147 
2489.746348 0.000348 
2488.279157 0.000320 
2486.811965 0.000339 
2485.344774 0.000220 
2483.877582 0.000165 
2482.410391 0.000714 
2480.943199 -0.000183 
2479.476008 0.000907 
2478.008816 0.000705 
2476.541625 0.000897 
2475.074433 0.001135 
2473.607242 0.000961 
2472.140050 0.001575 
2470.672859 0.001254 
2469.205667 0.001776 
2467.738476 0.001364 
2466.271284 0.001694 
2464.804093 0.002307 
2463.336901 0.001502 
2461.869710 0.002152 
2460.402518 0.001941 
2458.935327 0.002289 
2457.468135 0.002436 
2456.000944 0.002509 
2454.533752 0.002701 
2453.066561 0.002472 
2451.599369 0.002829 
2450.132178 0.002665 
2448.664986 0.002509 
2447.197795 0.002527 
2445.730603 0.002033 
2444.263412 0.002445 
2442.796220 0.002271 
2441.329029 0.002079 
2439.861837 0.002106 
2438.394646 0.001831 
2436.927454 0.002582 
2435.460263 0.002014 
2433.993071 0.002353 
2432.525880 0.002207 
2431.058688 0.001987 
2429.591497 0.002372 
2428.124305 0.001877 
2426.657114 0.001960 
2425.189922 0.002188 
2423.722731 0.001776 
2422.255539 0.002298 
2420.788348 0.001914 
2419.321156 0.002573 
2417.853965 0.002518 
2416.386773 0.002353 
2414.919582 0.002756 
2413.452390 0.002188 
2411.985199 0.002582 
2410.518008 0.001987 
2409.050816 0.002555 
2407.583625 0.002930 
2406.116433 0.003104 
2404.649242 0.003296 
2403.182050 0.003370 
2401.714859 0.003013 
2400.247667 0.003782 
2398.780476 0.003425 
2397.313284 0.004313 
2395.846093 0.003946 
2394.378901 0.004533 
2392.911710 0.004468 
2391.444518 0.004139 
2389.977327 0.004844 
2388.510135 0.004450 
2387.042944 0.005540 
2385.575752 0.005759 
2384.108561 0.006272 
2382.641369 0.006950 
2381.174178 0.008140 
2379.706986 0.013845 
2378.239795 0.032350 
2376.772603 0.071742 
2375.305412 0.132963 
2373.838220 0.181575 
2372.371029 0.210830 
2370.903837 0.230371 
2369.436646 0.244224 
2367.969454 0.258179 
2366.502263 0.266814 
2365.035071 0.278433 
2363.567880 0.285145 
2362.100688 0.296609 
2360.633497 0.305610 
2359.166305 0.318100 
2357.699114 0.333190 
2356.231922 0.347676 
2354.764731 0.368589 
2353.297539 0.390336 
2351.830348 0.416222 
2350.363156 0.449946 
2348.895965 0.490189 
2347.428773 0.543599 
2345.961582 0.613107 
2344.494390 0.690956 
2343.027199 0.760372 
2341.560007 0.793299 
2340.092816 0.772807 
2338.625624 0.671947 
2337.158433 0.497303 
2335.691241 0.334344 
2334.224050 0.238795 
2332.756858 0.179515 
2331.289667 0.136268 
2329.822475 0.105273 
2328.355284 0.087171 
2326.888092 0.072703 
2325.420901 0.053044 
2323.953709 0.036837 
2322.486518 0.025126 
2321.019326 0.012096 
2319.552135 0.002463 
2318.084943 -0.000769 
2316.617752 -0.003480 
2315.150560 -0.003901 
2313.683369 -0.003507 
2312.216177 -0.002436 
2310.748986 -0.002976 
2309.281794 -0.003452 
2307.814603 -0.003507 
2306.347411 -0.005247 
2304.880220 -0.005769 
2303.413028 -0.005329 
2301.945837 -0.005888 
2300.478645 -0.005082 
2299.011454 -0.005228 
2297.544262 -0.004633 
2296.077071 -0.004752 
2294.609879 -0.004981 
2293.142688 -0.004230 
2291.675496 -0.004423 
2290.208305 -0.004148 
2288.741113 -0.004423 
2287.273922 -0.004349 
2285.806730 -0.001428 
2284.339539 0.003232 
2282.872347 0.020428 
2281.405156 0.023871 
2279.937964 0.012389 
2278.470773 0.008323 
2277.003581 0.006053 
2275.536390 0.005009 
2274.069198 0.002262 
2272.602007 0.000275 
2271.134815 -0.001355 
2269.667624 -0.002417 
2268.200432 -0.001840 
2266.733241 -0.002014 
2265.266049 -0.000522 
2263.798858 -0.000330 
2262.331666 -0.001245 
2260.864475 -0.000787 
2259.397283 -0.000888 
2257.930092 -0.000595 
2256.462900 -0.000751 
2254.995709 -0.000687 
2253.528517 0.000027 
2252.061326 -0.000723 
2250.594134 0.000366 
2249.126943 0.000430 
2247.659751 0.000714 
2246.192560 0.001282 
2244.725368 0.000751 
2243.258177 0.001731 
2241.790985 0.001282 
2240.323794 0.001712 
2238.856602 0.002472 
2237.389411 0.001703 
2235.922219 0.002655 
2234.455028 0.002133 
2232.987836 0.002472 
2231.520645 0.002884 
2230.053453 0.002426 
2228.586262 0.003498 
2227.119070 0.002756 
2225.651879 0.003388 
2224.184687 0.003525 
2222.717496 0.003214 
2221.250304 0.004432 
2219.783113 0.003452 
2218.315921 0.004276 
2216.848730 0.003855 
2215.381538 0.004011 
2213.914347 0.004624 
2212.447155 0.003846 
2210.979964 0.004725 
2209.512772 0.004551 
2208.045581 0.004496 
2206.578389 0.004899 
2205.111198 0.004780 
2203.644006 0.005714 
2202.176815 0.005082 
2200.709623 0.005100 
2199.242432 0.005320 
2197.775240 0.004670 
2196.308049 0.005274 
2194.840857 0.004505 
2193.373666 0.005293 
2191.906474 0.004981 
2190.439283 0.004633 
2188.972091 0.005311 
2187.504900 0.004404 
2186.037708 0.004981 
2184.570517 0.004642 
2183.103325 0.004331 
2181.636134 0.004606 
2180.168942 0.003589 
2178.701751 0.003727 
2177.234559 0.002958 
2175.767368 0.003251 
2174.300176 0.003223 
2172.832985 0.002353 
2171.365793 0.003022 
2169.898602 0.002600 
2168.431410 0.002958 
2166.964219 0.003013 
2165.497027 0.002143 
2164.029836 0.002372 
2162.562644 0.001529 
2161.095453 0.001016 
2159.628261 0.000137 
2158.161070 -0.000595 
2156.693878 -0.000339 
2155.226687 -0.001291 
2153.759495 -0.000229 
2152.292304 0.000247 
2150.825113 0.001483 
2149.357921 0.004441 
2147.890730 0.008259 
2146.423538 0.015072 
2144.956347 0.019394 
2143.489155 0.024100 
2142.021964 0.030180 
2140.554772 0.036654 
2139.087581 0.040500 
2137.620389 0.034127 
2136.153198 0.021848 
2134.686006 0.011693 
2133.218815 0.005393 
2131.751623 0.003773 
2130.284432 0.001685 
2128.817240 0.000778 
2127.350049 0.001080 
2125.882857 0.000311 
2124.415666 0.001071 
2122.948474 -0.000330 
2121.481283 0.000046 
2120.014091 -0.000256 
2118.546900 -0.000375 
2117.079708 -0.000256 
2115.612517 -0.000861 
2114.145325 0.000101 
2112.678134 -0.000430 
2111.210942 -0.000293 
2109.743751 0.000201 
2108.276559 -0.000815 
2106.809368 0.000018 
2105.342176 -0.000421 
2103.874985 -0.000330 
2102.407793 0.000101 
2100.940602 -0.000659 
2099.473410 0.000366 
2098.006219 -0.000394 
2096.539027 0.000211 
2095.071836 0.000760 
2093.604644 0.000147 
2092.137453 0.001273 
2090.670261 0.000192 
2089.203070 0.000531 
2087.735878 -0.000055 
2086.268687 0.000201 
2084.801495 0.000723 
2083.334304 -0.000421 
2081.867112 0.000430 
2080.399921 -0.000037 
2078.932729 -0.000101 
2077.465538 0.000613 
2075.998346 -0.000101 
2074.531155 0.000815 
2073.063963 0.000394 
2071.596772 0.000385 
2070.129580 0.001080 
2068.662389 0.000064 
2067.195197 0.000980 
2065.728006 0.000046 
2064.260814 0.000037 
2062.793623 0.000018 
2061.326431 -0.000961 
2059.859240 -0.000101 
2058.392048 -0.001438 
2056.924857 -0.000586 
2055.457665 -0.000604 
2053.990474 -0.001438 
2052.523282 -0.000604 
2051.056091 -0.001245 
2049.588899 -0.001080 
2048.121708 -0.001483 
2046.654516 -0.000897 
2045.187325 0.000009 
2043.720133 -0.001584 
2042.252942 -0.001108 
2040.785750 -0.001840 
2039.318559 -0.001639 
2037.851367 -0.001291 
2036.384176 -0.002280 
2034.916984 -0.001154 
2033.449793 -0.001703 
2031.982601 -0.001337 
2030.515410 -0.000989 
2029.048218 -0.001666 
2027.581027 -0.000440 
2026.113835 -0.001016 
2024.646644 -0.000842 
2023.179452 -0.000714 
2021.712261 -0.000394 
2020.245069 0.000156 
2018.777878 -0.000861 
2017.310686 -0.000119 
2015.843495 -0.000220 
2014.376303 -0.000549 
2012.909112 -0.000101 
2011.441920 -0.000934 
2009.974729 -0.000055 
2008.507537 -0.000632 
2007.040346 -0.000559 
2005.573154 0.000165 
2004.105963 -0.000613 
2002.638771 -0.000046 
2001.171580 -0.000879 
1999.704388 -0.000220 
1998.237197 -0.000421 
1996.770005 -0.000989 
1995.302814 0.000046 
1993.835622 -0.000604 
1992.368431 -0.000678 
1990.901239 -0.000403 
1989.434048 -0.000650 
1987.966856 -0.000339 
1986.499665 -0.000943 
1985.032473 -0.000412 
1983.565282 -0.000440 
1982.098090 -0.000797 
1980.630899 -0.000156 
1979.163707 -0.000751 
1977.696516 0.000009 
1976.229324 -0.000375 
1974.762133 -0.000247 
1973.294941 0.000211 
1971.827750 -0.000156 
1970.360558 0.000650 
1968.893367 0.000000 
1967.426175 -0.000055 
1965.958984 0.000467 
1964.491792 0.000009 
1963.024601 0.000504 
1961.557409 0.000037 
1960.090218 0.000229 
1958.623026 0.000320 
1957.155835 0.000284 
1955.688643 0.000943 
1954.221452 0.000027 
1952.754260 0.001090 
1951.287069 0.000623 
1949.819877 0.000476 
1948.352686 0.001456 
1946.885494 0.000559 
1945.418303 0.001099 
1943.951111 0.000650 
1942.483920 0.000220 
1941.016728 0.001218 
1939.549537 0.000879 
1938.082345 0.001566 
1936.615154 0.000934 
1935.147962 0.001465 
1933.680771 0.001566 
1932.213579 0.001108 
1930.746388 0.001840 
1929.279196 0.001035 
1927.812005 0.001493 
1926.344813 0.001630 
1924.877622 0.001108 
1923.410430 0.001291 
1921.943239 0.000513 
1920.476047 0.001392 
1919.008856 0.000797 
1917.541664 -0.000174 
1916.074473 0.001483 
1914.607281 0.000961 
1913.140090 0.001566 
1911.672898 0.000934 
1910.205707 0.000760 
1908.738515 0.000833 
1907.271324 0.000449 
1905.804132 0.001291 
1904.336941 0.000430 
1902.869749 0.000623 
1901.402558 0.000815 
1899.935366 -0.000174 
1898.468175 0.000522 
1897.000983 -0.000000 
1895.533792 0.000027 
1894.066601 -0.000064 
1892.599409 -0.000256 
1891.132218 -0.000055 
1889.665026 -0.001813 
1888.197835 -0.000467 
1886.730643 -0.001062 
1885.263452 -0.001135 
1883.796260 -0.000678 
1882.329069 -0.001355 
1880.861877 -0.000623 
1879.394686 -0.001126 
1877.927494 -0.001145 
1876.460303 -0.000577 
1874.993111 -0.001493 
1873.525920 -0.000604 
1872.058728 -0.001465 
1870.591537 -0.001639 
1869.124345 -0.003177 
1867.657154 -0.002555 
1866.189962 -0.001309 
1864.722771 -0.001978 
1863.255579 -0.001813 
1861.788388 -0.001639 
1860.321196 -0.001923 
1858.854005 -0.001529 
1857.386813 -0.002362 
1855.919622 -0.001795 
1854.452430 -0.001804 
1852.985239 -0.002161 
1851.518047 -0.001850 
1850.050856 -0.002582 
1848.583664 -0.001895 
1847.116473 -0.002317 
1845.649281 -0.002353 
1844.182090 -0.004679 
1842.714898 -0.002793 
1841.247707 -0.001676 
1839.780515 -0.002399 
1838.313324 -0.001767 
1836.846132 -0.001886 
1835.378941 -0.002234 
1833.911749 -0.001456 
1832.444558 -0.002115 
1830.977366 -0.002399 
1829.510175 -0.003186 
1828.042983 -0.002188 
1826.575792 -0.001520 
1825.108600 -0.003489 
1823.641409 -0.001364 
1822.174217 -0.001337 
1820.707026 -0.001529 
1819.239834 -0.000559 
1817.772643 -0.001575 
1816.305451 -0.000366 
1814.838260 -0.000980 
1813.371068 -0.000723 
1811.903877 -0.000714 
1810.436685 -0.001822 
1808.969494 -0.000192 
1807.502302 -0.000842 
1806.035111 0.000055 
1804.567919 0.000110 
1803.100728 -0.000348 
1801.633536 -0.000082 
1800.166345 -0.000375 
1798.699153 0.000513 
1797.231962 0.000815 
1795.764770 0.000604 
1794.297579 0.001877 
1792.830387 -0.002106 
1791.363196 0.001007 
1789.896004 0.002152 
1788.428813 0.002243 
1786.961621 0.003159 
1785.494430 0.002335 
1784.027238 0.003754 
1782.560047 0.003928 
1781.092855 0.003873 
1779.625664 0.004807 
1778.158472 0.004890 
1776.691281 0.006089 
1775.224089 0.005531 
1773.756898 0.006144 
1772.289706 0.002518 
1770.822515 0.006291 
1769.355323 0.008461 
1767.888132 0.006419 
1766.420940 0.009752 
1764.953749 0.010466 
1763.486557 0.010750 
1762.019366 0.009843 
1760.552174 0.011968 
1759.084983 0.013826 
1757.617791 0.014083 
1756.150600 0.013909 
1754.683408 0.016811 
1753.216217 0.016894 
1751.749025 0.015987 
1750.281834 0.018606 
1748.814642 0.019211 
1747.347451 0.021838 
1745.880259 0.023011 
1744.413068 0.024997 
1742.945876 0.025492 
1741.478685 0.027790 
1740.011493 0.026344 
1738.544302 0.029951 
1737.077110 0.032414 
1735.609919 0.032488 
1734.142727 0.029054 
1732.675536 0.034594 
1731.208344 0.038311 
1729.741153 0.040435 
1728.273961 0.042230 
1726.806770 0.044528 
1725.339578 0.046497 
1723.872387 0.047889 
1722.405195 0.051039 
1720.938004 0.051835 
1719.470812 0.053621 
1718.003621 0.050874 
1716.536429 0.053429 
1715.069238 0.056011 
1713.602046 0.059289 
1712.134855 0.062100 
1710.667663 0.062961 
1709.200472 0.064352 
1707.733280 0.066001 
1706.266089 0.064719 
1704.798897 0.067475 
1703.331706 0.069544 
1701.864514 0.070277 
1700.397323 0.063208 
1698.930131 0.070643 
1697.462940 0.074123 
1695.995748 0.064105 
1694.528557 0.075185 
1693.061365 0.077511 
1691.594174 0.077849 
1690.126982 0.078820 
1688.659791 0.078692 
1687.192599 0.080312 
1685.725408 0.077620 
1684.258216 0.072438 
1682.791025 0.080496 
1681.323833 0.081732 
1679.856642 0.082602 
1678.389450 0.082501 
1676.922259 0.082455 
1675.455067 0.079497 
1673.987876 0.081933 
1672.520684 0.083059 
1671.053493 0.081182 
1669.586301 0.078756 
1668.119110 0.081585 
1666.651918 0.081384 
1665.184727 0.082098 
1663.717535 0.079552 
1662.250344 0.078087 
1660.783152 0.079021 
1659.315961 0.077181 
1657.848769 0.076503 
1656.381578 0.073903 
1654.914386 0.070460 
1653.447195 0.061422 
1651.980003 0.062301 
1650.512812 0.067667 
1649.045620 0.064884 
1647.578429 0.062182 
1646.111237 0.058208 
1644.644046 0.060644 
1643.176854 0.060443 
1641.709663 0.058062 
1640.242471 0.058529 
1638.775280 0.056881 
1637.308088 0.055333 
1635.840897 0.051478 
1634.373706 0.053832 
1632.906514 0.056185 
1631.439323 0.055214 
1629.972131 0.055342 
1628.504940 0.054244 
1627.037748 0.053246 
1625.570557 0.054491 
1624.103365 0.051423 
1622.636174 0.052476 
1621.168982 0.052962 
1619.701791 0.051872 
1618.234599 0.051753 
1616.767408 0.042248 
1615.300216 0.050618 
1613.833025 0.050746 
1612.365833 0.050416 
1610.898642 0.051039 
1609.431450 0.049784 
1607.964259 0.051066 
1606.497067 0.050425 
1605.029876 0.050535 
1603.562684 0.050343 
1602.095493 0.048832 
1600.628301 0.049546 
1599.161110 0.047907 
1597.693918 0.047422 
1596.226727 0.047019 
1594.759535 0.045417 
1593.292344 0.046241 
1591.825152 0.045288 
1590.357961 0.045169 
1588.890769 0.044556 
1587.423578 0.044254 
1585.956386 0.044739 
1584.489195 0.042990 
1583.022003 0.043375 
1581.554812 0.042944 
1580.087620 0.042148 
1578.620429 0.042560 
1577.153237 0.040033 
1575.686046 0.035537 
1574.218854 0.040527 
1572.751663 0.040344 
1571.284471 0.040426 
1569.817280 0.035692 
1568.350088 0.038870 
1566.882897 0.038174 
1565.415705 0.037624 
1563.948514 0.037515 
1562.481322 0.036205 
1561.014131 0.034328 
1559.546939 0.028303 
1558.079748 0.026206 
1556.612556 0.032533 
1555.145365 0.030986 
1553.678173 0.029869 
1552.210982 0.030986 
1550.743790 0.030162 
1549.276599 0.029585 
1547.809407 0.029585 
1546.342216 0.029383 
1544.875024 0.025584 
1543.407833 0.026856 
1541.940641 0.021326 
1540.473450 0.021582 
1539.006258 0.018258 
1537.539067 0.025153 
1536.071875 0.025721 
1534.604684 0.023734 
1533.137492 0.022479 
1531.670301 0.024366 
1530.203109 0.023651 
1528.735918 0.023560 
1527.268726 0.022672 
1525.801535 0.022205 
1524.334343 0.022873 
1522.867152 0.020731 
1521.399960 0.017663 
1519.932769 0.019595 
1518.465577 0.022086 
1516.998386 0.019366 
1515.531194 0.021078 
1514.064003 0.022214 
1512.596811 0.020868 
1511.129620 0.022864 
1509.662428 0.021957 
1508.195237 0.021014 
1506.728045 0.017709 
1505.260854 0.019531 
1503.793662 0.026490 
1502.326471 0.026572 
1500.859279 0.027140 
1499.392088 0.027983 
1497.924896 0.028294 
1496.457705 0.026719 
1494.990513 0.030675 
1493.523322 0.032140 
1492.056130 0.032872 
1490.588939 0.030849 
1489.121747 0.034182 
1487.654556 0.033586 
1486.187364 0.035894 
1484.720173 0.036516 
1483.252981 0.037441 
1481.785790 0.037917 
1480.318598 0.037524 
1478.851407 0.038897 
1477.384215 0.038824 
1475.917024 0.037743 
1474.449832 0.039547 
1472.982641 0.036690 
1471.515449 0.039795 
1470.048258 0.041836 
1468.581066 0.042569 
1467.113875 0.043768 
1465.646683 0.041525 
1464.179492 0.042532 
1462.712300 0.043851 
1461.245109 0.044336 
1459.777917 0.044638 
1458.310726 0.042688 
1456.843534 0.039767 
1455.376343 0.044950 
1453.909151 0.047221 
1452.441960 0.047312 
1450.974768 0.047834 
1449.507577 0.049739 
1448.040385 0.048393 
1446.573194 0.050563 
1445.106002 0.050700 
1443.638811 0.051442 
1442.171619 0.052284 
1440.704428 0.051973 
1439.237236 0.053337 
1437.770045 0.051845 
1436.302853 0.049665 
1434.835662 0.053969 
1433.368470 0.053996 
1431.901279 0.055022 
1430.434087 0.053575 
1428.966896 0.055278 
1427.499704 0.055507 
1426.032513 0.054555 
1424.565321 0.055297 
1423.098130 0.054903 
1421.630938 0.055379 
1420.163747 0.053181 
1418.696555 0.052403 
1417.229364 0.054674 
1415.762172 0.054262 
1414.294981 0.055269 
1412.827789 0.054537 
1411.360598 0.054051 
1409.893406 0.054418 
1408.426215 0.053374 
1406.959023 0.053932 
1405.491832 0.052128 
1404.024640 0.052339 
1402.557449 0.052614 
1401.090257 0.050874 
1399.623066 0.050407 
1398.155874 0.049739 
1396.688683 0.050068 
1395.221491 0.048045 
1393.754300 0.047587 
1392.287108 0.048695 
1390.819917 0.047394 
1389.352725 0.048200 
1387.885534 0.045517 
1386.418342 0.045966 
1384.951151 0.046854 
1383.483959 0.046534 
1382.016768 0.046918 
1380.549576 0.046671 
1379.082385 0.046863 
1377.615193 0.046653 
1376.148002 0.046222 
1374.680811 0.047669 
1373.213619 0.046909 
1371.746428 0.047962 
1370.279236 0.048603 
1368.812045 0.048154 
1367.344853 0.048887 
1365.877662 0.048035 
1364.410470 0.048292 
1362.943279 0.046103 
1361.476087 0.045023 
1360.008896 0.045820 
1358.541704 0.043540 
1357.074513 0.042761 
1355.607321 0.041205 
1354.140130 0.039419 
1352.672938 0.037579 
1351.205747 0.035079 
1349.738555 0.033943 
1348.271364 0.031270 
1346.804172 0.029173 
1345.336981 0.028019 
1343.869789 0.025400 
1342.402598 0.023954 
1340.935406 0.021820 
1339.468215 0.020676 
1338.001023 0.019586 
1336.533832 0.017956 
1335.066640 0.018551 
1333.599449 0.016354 
1332.132257 0.016171 
1330.665066 0.015337 
1329.197874 0.014046 
1327.730683 0.014257 
1326.263491 0.012709 
1324.796300 0.013305 
1323.329108 0.013002 
1321.861917 0.012645 
1320.394725 0.013396 
1318.927534 0.012261 
1317.460342 0.013863 
1315.993151 0.012737 
1314.525959 0.013076 
1313.058768 0.013387 
1311.591576 0.012297 
1310.124385 0.013616 
1308.657193 0.012947 
1307.190002 0.013387 
1305.722810 0.013533 
1304.255619 0.013286 
1302.788427 0.014266 
1301.321236 0.013094 
1299.854044 0.013817 
1298.386853 0.013021 
1296.919661 0.012416 
1295.452470 0.013295 
1293.985278 0.012050 
1292.518087 0.011977 
1291.050895 0.011812 
1289.583704 0.011162 
1288.116512 0.011611 
1286.649321 0.010393 
1285.182129 0.010658 
1283.714938 0.009468 
1282.247746 0.009111 
1280.780555 0.008369 
1279.313363 0.006126 
1277.846172 0.006226 
1276.378980 0.004496 
1274.911789 0.003562 
1273.444597 0.002170 
1271.977406 0.000357 
1270.510214 0.000815 
1269.043023 -0.001126 
1267.575831 -0.001218 
1266.108640 -0.001776 
1264.641448 -0.002097 
1263.174257 -0.000742 
1261.707065 -0.001666 
1260.239874 0.000293 
1258.772682 0.000815 
1257.305491 0.001657 
1255.838299 0.002875 
1254.371108 0.002097 
1252.903916 0.002939 
1251.436725 0.001676 
1249.969533 0.001016 
1248.502342 0.001282 
1247.035150 0.000055 
1245.567959 0.000998 
1244.100767 -0.000037 
1242.633576 0.000366 
1241.166384 0.000623 
1239.699193 0.000366 
1238.232001 0.001117 
1236.764810 0.000156 
1235.297618 0.000357 
1233.830427 -0.000385 
1232.363235 -0.000723 
1230.896044 0.001190 
1229.428852 0.001758 
1227.961661 0.003699 
1226.494469 0.004853 
1225.027278 0.005503 
1223.560086 0.007032 
1222.092895 0.006684 
1220.625703 0.008406 
1219.158512 0.007884 
1217.691320 0.007920 
1216.224129 0.008973 
1214.756937 0.009038 
1213.289746 0.010347 
1211.822554 0.009834 
1210.355363 0.010942 
1208.888171 0.011318 
1207.420980 0.010365 
1205.953788 0.011913 
1204.486597 0.011079 
1203.019405 0.012132 
1201.552214 0.011839 
1200.085022 0.011601 
1198.617831 0.012718 
1197.150639 0.011583 
1195.683448 0.012462 
1194.216256 0.011775 
1192.749065 0.011446 
1191.281873 0.011913 
1189.814682 0.010585 
1188.347490 0.010951 
1186.880299 0.010649 
1185.413107 0.009972 
1183.945916 0.010439 
1182.478724 0.009559 
1181.011533 0.010329 
1179.544341 0.009440 
1178.077150 0.009559 
1176.609958 0.009770 
1175.142767 0.009010 
1173.675575 0.009624 
1172.208384 0.008067 
1170.741192 0.008598 
1169.274001 0.009083 
1167.806809 0.007692 
1166.339618 0.008680 
1164.872426 0.007609 
1163.405235 0.008104 
1161.938043 0.008122 
1160.470852 0.007957 
1159.003660 0.008415 
1157.536469 0.006922 
1156.069277 0.007930 
1154.602086 0.007160 
1153.134894 0.007032 
1151.667703 0.007243 
1150.200511 0.005998 
1148.733320 0.006977 
1147.266128 0.005998 
1145.798937 0.006611 
1144.331745 0.006721 
1142.864554 0.006080 
1141.397362 0.006858 
1139.930171 0.005686 
1138.462979 0.006318 
1136.995788 0.006062 
1135.528596 0.005650 
1134.061405 0.006236 
1132.594213 0.004679 
1131.127022 0.006107 
1129.659830 0.005576 
1128.192639 0.005164 
1126.725447 0.005787 
1125.258256 0.004560 
1123.791064 0.005164 
1122.323873 0.004294 
1120.856681 0.004487 
1119.389490 0.004935 
1117.922298 0.003370 
1116.455107 0.004102 
1114.987916 0.003205 
1113.520724 0.002994 
1112.053533 0.002829 
1110.586341 0.002170 
1109.119150 0.002610 
1107.651958 0.001428 
1106.184767 0.002088 
1104.717575 0.001804 
1103.250384 0.000668 
1101.783192 0.001941 
1100.316001 0.000165 
1098.848809 0.000723 
1097.381618 0.000110 
1095.914426 -0.000458 
1094.447235 -0.000110 
1092.980043 -0.001703 
1091.512852 -0.000568 
1090.045660 -0.001346 
1088.578469 -0.001822 
1087.111277 -0.001245 
1085.644086 -0.002042 
1084.176894 -0.000916 
1082.709703 -0.002500 
1081.242511 -0.001822 
1079.775320 -0.001987 
1078.308128 -0.002536 
1076.840937 -0.001868 
1075.373745 -0.002527 
1073.906554 -0.001813 
1072.439362 -0.002610 
1070.972171 -0.002298 
1069.504979 -0.001401 
1068.037788 -0.002491 
1066.570596 -0.000760 
1065.103405 -0.000916 
1063.636213 -0.000952 
1062.169022 -0.000449 
1060.701830 -0.000659 
1059.234639 0.000458 
1057.767447 -0.000540 
1056.300256 -0.000119 
1054.833064 0.000366 
1053.365873 -0.000293 
1051.898681 0.000751 
1050.431490 0.000220 
1048.964298 0.001190 
1047.497107 0.003425 
1046.029915 0.003690 
1044.562724 0.003919 
1043.095532 0.002939 
1041.628341 0.004020 
1040.161149 0.004001 
1038.693958 0.003580 
1037.226766 0.004157 
1035.759575 0.002582 
1034.292383 0.002637 
1032.825192 0.001035 
1031.358000 0.001062 
1029.890809 0.001117 
1028.423617 -0.000183 
1026.956426 0.001428 
1025.489234 0.000559 
1024.022043 0.000348 
1022.554851 0.000137 
1021.087660 -0.000174 
1019.620468 0.001346 
1018.153277 0.000348 
1016.686085 0.001438 
1015.218894 0.002317 
1013.751702 0.002445 
1012.284511 0.003855 
1010.817319 0.004029 
1009.350128 0.005329 
1007.882936 0.004890 
1006.415745 0.004871 
1004.948553 0.007316 
1003.481362 0.007563 
1002.014170 0.008204 
1000.546979 0.009450 
999.079787 0.009807 
997.612596 0.010283 
996.145404 0.010301 
994.678213 0.012224 
993.211021 0.012682 
991.743830 0.013478 
990.276638 0.014907 
988.809447 0.014284 
987.342255 0.016354 
985.875064 0.017398 
984.407872 0.019366 
982.940681 0.019577 
981.473489 0.020694 
980.006298 0.022791 
978.539106 0.022864 
977.071915 0.023981 
975.604723 0.026041 
974.137532 0.027580 
972.670340 0.029448 
971.203149 0.030125 
969.735957 0.034200 
968.268766 0.033971 
966.801574 0.035207 
965.334383 0.037267 
963.867191 0.039666 
962.400000 0.040664 
960.932808 0.041708 
959.465617 0.044565 
957.998425 0.046808 
956.531234 0.046873 
955.064042 0.050727 
953.596851 0.052028 
952.129659 0.053264 
950.662468 0.055709 
949.195276 0.058126 
947.728085 0.060507 
946.260893 0.060791 
944.793702 0.063858 
943.326510 0.066614 
941.859319 0.067255 
940.392127 0.070176 
938.924936 0.071586 
937.457744 0.074800 
935.990553 0.075862 
934.523361 0.079369 
933.056170 0.082043 
931.588978 0.081979 
930.121787 0.084964 
928.654595 0.086585 
927.187404 0.088517 
925.720212 0.090925 
924.253021 0.092079 
922.785829 0.096401 
921.318638 0.096703 
919.851446 0.098516 
918.384255 0.100768 
916.917063 0.102050 
915.449872 0.105511 
913.982680 0.105731 
912.515489 0.109971 
911.048297 0.111839 
909.581106 0.112406 
908.113914 0.116563 
906.646723 0.117195 
905.179531 0.119237 
903.712340 0.120565 
902.245148 0.122826 
900.777957 0.124420 
899.310765 0.124328 
897.843574 0.129236 
896.376382 0.130912 
894.909191 0.132166 
893.441999 0.134693 
891.974808 0.136122 
890.507616 0.137907 
889.040425 0.138915 
887.573233 0.142092 
886.106042 0.144253 
884.638850 0.143722 
883.171659 0.145919 
881.704467 0.147082 
880.237276 0.149142 
878.770084 0.149628 
877.302893 0.151606 
875.835701 0.154343 
874.368510 0.154252 
872.901318 0.156962 
871.434127 0.157704 
869.966935 0.159819 
868.499744 0.161055 
867.032552 0.159947 
865.565361 0.163619 
864.098169 0.162410 
862.630978 0.163921 
861.163786 0.166073 
859.696595 0.167034 
858.229404 0.168106 
856.762212 0.169195 
855.295021 0.171640 
853.827829 0.172473 
852.360638 0.173481 
850.893446 0.176264 
849.426255 0.176191 
847.959063 0.178215 
846.491872 0.177812 
845.024680 0.180046 
843.557489 0.182244 
842.090297 0.180632 
840.623106 0.183681 
839.155914 0.184240 
837.688723 0.185577 
836.221531 0.187600 
834.754340 0.188699 
833.287148 0.192847 
831.819957 0.192206 
830.352765 0.195383 
828.885574 0.197114 
827.418382 0.197755 
825.951191 0.200090 
824.483999 0.199192 
823.016808 0.203633 
821.549616 0.204375 
820.082425 0.205730 
818.615233 0.208175 
817.148042 0.207397 
815.680850 0.211389 
814.213659 0.210849 
812.746467 0.212030 
811.279276 0.213211 
809.812084 0.211481 
808.344893 0.214008 
806.877701 0.211435 
805.410510 0.210373 
803.943318 0.209585 
802.476127 0.209411 
801.008935 0.210455 
799.541744 0.209658 
798.074552 0.210428 
796.607361 0.209658 
795.140169 0.208770 
793.672978 0.211078 
792.205786 0.210492 
790.738595 0.211929 
789.271403 0.211270 
787.804212 0.212222 
786.337020 0.212982 
784.869829 0.211215 
783.402637 0.214456 
781.935446 0.213001 
780.468254 0.215033 
779.001063 0.216379 
777.533871 0.214868 
776.066680 0.218110 
774.599488 0.216370 
773.132297 0.218559 
771.665105 0.217817 
770.197914 0.218311 
768.730722 0.219914 
767.263531 0.218229 
765.796339 0.221031 
764.329148 0.220170 
762.861956 0.220390 
761.394765 0.221306 
759.927573 0.219483 
758.460382 0.223375 
756.993190 0.219914 
755.525999 0.220060 
754.058807 0.220042 
752.591616 0.217734 
751.124424 0.219950 
749.657233 0.216874 
748.190041 0.217103 
746.722850 0.216370 
745.255658 0.214832 
743.788467 0.216453 
742.321275 0.214383 
740.854084 0.215207 
739.386892 0.214044 
737.919701 0.212305 
736.452509 0.212927 
734.985318 0.210730 
733.518126 0.210455 
732.050935 0.208221 
730.583743 0.207571 
729.116552 0.206600 
727.649360 0.204796 
726.182169 0.205996 
724.714977 0.203423 
723.247786 0.204586 
721.780594 0.201069 
720.313403 0.201500 
718.846211 0.202745 
717.379020 0.197306 
715.911828 0.198625 
714.444637 0.194724 
712.977445 0.195878 
711.510254 0.194129 
710.043062 0.191620 
708.575871 0.195722 
707.108679 0.188809 
705.641488 0.188012 
704.174296 0.188681 
702.707105 0.186620 
701.239913 0.185458 
699.772722 0.183727 
698.305530 0.182912 
696.838339 0.182665 
695.371147 0.178544 
693.903956 0.175797 
692.436764 0.169800 
690.969573 0.174213 
689.502381 0.170972 
688.035190 0.172611 
686.567998 0.168316 
685.100807 0.165881 
683.633615 0.165249 
682.166424 0.160533 
680.699232 0.161147 
679.232041 0.161064 
677.764849 0.154105 
676.297658 0.157576 
674.830466 0.173490 
673.363275 0.203450 
671.896083 0.216233 
670.428892 0.230041 
668.961700 0.237751 
667.494509 0.239774 
666.027317 0.262950 
664.560126 0.270751 
663.092934 0.289925 
661.625743 0.313485 
660.158551 0.309932 
658.691360 0.284706 
657.224168 0.270055 
655.756977 0.307011 
654.289785 0.299173 
652.822594 0.250286 
651.355402 0.225673 
649.888211 0.205162 
648.421019 0.199797 
646.953828 0.188946 
645.486636 0.181218 
644.019445 0.167016 
642.552253 0.163885 
641.085062 0.162905 
639.617870 0.151294 
638.150679 0.150846 
636.683487 0.142907 
635.216296 0.136323 
633.749104 0.133045 
632.281913 0.131003 
630.814721 0.130426 
629.347530 0.117928 
627.880338 0.123925 
626.413147 0.108469 
624.945955 0.107709 
623.478764 0.108158 
622.011572 0.108771 
620.544381 0.094139 
619.077189 0.093699 
617.609998 0.067420 
616.142806 0.083444 
614.675615 0.078463 
613.208423 0.063794 
611.741232 0.067182 
610.274040 0.062402 
608.806849 0.048612 
607.339657 0.049629 
605.872466 0.050929 
604.405274 0.033403 
602.938083 0.027424 
601.470891 0.011473 
600.003700 -0.003901 
