5000.111000 -0.002452 
4998.643809 -0.003930 
4997.176617 -0.003170 
4995.709426 0.001208 
4994.242234 -0.000178 
4992.775043 -0.001784 
4991.307851 -0.004604 
4989.840660 -0.003543 
4988.373468 -0.000018 
4986.906277 0.000521 
4985.439085 -0.002887 
4983.971894 -0.004610 
4982.504702 -0.005511 
4981.037511 -0.000754 
4979.570319 -0.000129 
4978.103128 -0.001404 
4976.635936 -0.004696 
4975.168745 -0.003035 
4973.701553 -0.001980 
4972.234362 0.000362 
4970.767170 -0.001042 
4969.299979 -0.003194 
4967.832787 -0.004199 
4966.365596 -0.003378 
4964.898404 0.001005 
4963.431213 -0.000791 
4961.964021 -0.003470 
4960.496830 -0.004702 
4959.029638 -0.002287 
4957.562447 0.000717 
4956.095255 0.000680 
4954.628064 -0.002391 
4953.160872 -0.003629 
4951.693681 -0.003016 
4950.226489 0.000490 
4948.759298 0.001496 
4947.292106 -0.001036 
4945.824915 -0.002563 
4944.357723 -0.001563 
4942.890532 0.002035 
4941.423340 0.001392 
4939.956149 0.001153 
4938.488957 -0.000380 
4937.021766 -0.001459 
4935.554574 0.000693 
4934.087383 0.001661 
4932.620191 0.000497 
4931.153000 0.000135 
4929.685808 -0.001085 
4928.218617 -0.000257 
4926.751425 0.002796 
4925.284234 0.000055 
4923.817042 -0.001232 
4922.349851 -0.000687 
4920.882659 -0.001054 
4919.415468 0.002311 
4917.948276 0.001245 
4916.481085 0.000834 
4915.013893 -0.001612 
4913.546702 -0.000742 
4912.079510 0.000754 
4910.612319 0.001913 
4909.145127 -0.000270 
4907.677936 -0.002722 
4906.210744 -0.003402 
4904.743553 -0.001091 
4903.276361 0.002612 
4901.809170 -0.000270 
4900.341978 -0.002287 
4898.874787 -0.003347 
4897.407595 -0.000454 
4895.940404 0.000509 
4894.473212 0.000294 
4893.006021 -0.000650 
4891.538829 -0.001661 
4890.071638 -0.000300 
4888.604446 0.000533 
4887.137255 0.001931 
4885.670063 0.000196 
4884.202872 -0.002986 
4882.735680 -0.002961 
4881.268489 0.001257 
4879.801297 0.002225 
4878.334106 -0.000546 
4876.866914 -0.003212 
4875.399723 -0.001827 
4873.932531 0.000196 
4872.465340 0.001815 
4870.998148 -0.000883 
4869.530957 -0.001851 
4868.063765 -0.001735 
4866.596574 -0.000797 
4865.129382 0.000423 
4863.662191 0.001030 
4862.194999 -0.002268 
4860.727808 -0.003219 
4859.260616 0.000074 
4857.793425 0.000748 
4856.326233 0.001318 
4854.859042 -0.003464 
4853.391850 -0.002918 
4851.924659 -0.001349 
4850.457467 0.000331 
4848.990276 0.000975 
4847.523084 -0.000257 
4846.055893 -0.003016 
4844.588701 -0.002072 
4843.121510 -0.000975 
4841.654318 0.001220 
4840.187127 -0.000687 
4838.719935 -0.002581 
4837.252744 -0.000907 
4835.785552 -0.000337 
4834.318361 0.001637 
4832.851169 0.000282 
4831.383978 -0.002373 
4829.916786 -0.002771 
4828.449595 -0.000607 
4826.982403 0.000349 
4825.515212 0.000527 
4824.048020 -0.002072 
4822.580829 -0.001692 
4821.113637 -0.001042 
4819.646446 0.001226 
4818.179254 0.001594 
4816.712063 -0.000809 
4815.244871 -0.002765 
4813.777680 -0.000711 
4812.310488 0.001226 
4810.843297 0.001153 
4809.376105 -0.000527 
4807.908914 -0.001851 
4806.441722 0.000067 
4804.974531 0.000313 
4803.507339 0.002556 
4802.040148 -0.000221 
4800.572956 -0.001594 
4799.105765 -0.000503 
4797.638573 0.000515 
4796.171382 0.002091 
4794.704190 0.001012 
4793.236999 -0.000993 
4791.769807 -0.000478 
4790.302616 0.000889 
4788.835424 0.002495 
4787.368233 0.001809 
4785.901041 -0.000920 
4784.433850 -0.001202 
4782.966658 0.000129 
4781.499467 0.001281 
4780.032275 0.001306 
4778.565084 -0.001594 
4777.097892 -0.002201 
4775.630701 -0.001343 
4774.163509 -0.000693 
4772.696318 0.000282 
4771.229126 -0.001876 
4769.761935 -0.003580 
4768.294743 -0.002422 
4766.827552 -0.000159 
4765.360360 0.000558 
4763.893169 -0.002146 
4762.425977 -0.003108 
4760.958786 -0.004003 
4759.491594 -0.001245 
4758.024403 -0.002121 
4756.557211 -0.001392 
4755.090020 -0.003219 
4753.622828 -0.003678 
4752.155637 -0.001686 
4750.688445 -0.000846 
4749.221254 0.000687 
4747.754062 -0.001735 
4746.286871 -0.002195 
4744.819679 -0.002035 
4743.352488 0.001373 
4741.885296 0.001269 
4740.418105 -0.000791 
4738.950914 -0.001361 
4737.483722 -0.000331 
4736.016531 0.001600 
4734.549339 0.002434 
4733.082148 -0.000527 
4731.614956 -0.000840 
4730.147765 -0.000307 
4728.680573 0.001784 
4727.213382 0.003519 
4725.746190 0.001061 
4724.278999 0.002213 
4722.811807 -0.000086 
4721.344616 0.002336 
4719.877424 0.002207 
4718.410233 0.002838 
4716.943041 0.000962 
4715.475850 0.000907 
4714.008658 0.001937 
4712.541467 0.005321 
4711.074275 0.005536 
4709.607084 0.004120 
4708.139892 0.002955 
4706.672701 0.004592 
4705.205509 0.007087 
4703.738318 0.008736 
4702.271126 0.006744 
4700.803935 0.006045 
4699.336743 0.007602 
4697.869552 0.011899 
4696.402360 0.013837 
4694.935169 0.011366 
4693.467977 0.011556 
4692.000786 0.010710 
4690.533594 0.016148 
4689.066403 0.017331 
4687.599211 0.020108 
4686.132020 0.016332 
4684.664828 0.018134 
4683.197637 0.022027 
4681.730445 0.020268 
4680.263254 0.023088 
4678.796062 0.015854 
4677.328871 0.018993 
4675.861679 0.014517 
4674.394488 0.014652 
4672.927296 0.011293 
4671.460105 0.004451 
4669.992913 0.004537 
4668.525722 0.002391 
4667.058530 0.005818 
4665.591339 0.004481 
4664.124147 0.003347 
4662.656956 0.002342 
4661.189764 0.000815 
4659.722573 0.002483 
4658.255381 0.005254 
4656.788190 0.003629 
4655.320998 0.002379 
4653.853807 0.000938 
4652.386615 0.004512 
4650.919424 0.005150 
4649.452232 0.004825 
4647.985041 0.002274 
4646.517849 0.001925 
4645.050658 0.002986 
4643.583466 0.003678 
4642.116275 0.001110 
4640.649083 -0.000300 
4639.181892 -0.003464 
4637.714700 -0.000208 
4636.247509 0.001612 
4634.780317 0.001974 
4633.313126 0.000490 
4631.845934 -0.002078 
4630.378743 -0.000901 
4628.911551 0.001815 
4627.444360 0.001735 
4625.977168 0.001392 
4624.509977 -0.000723 
4623.042785 -0.000601 
4621.575594 0.002250 
4620.108402 0.002225 
4618.641211 0.001386 
4617.174019 -0.001968 
4615.706828 0.000490 
4614.239636 0.002446 
4612.772445 0.002691 
4611.305253 0.002655 
4609.838062 0.000821 
4608.370870 0.000815 
4606.903679 0.000883 
4605.436487 0.001557 
4603.969296 0.002342 
4602.502104 0.000962 
4601.034913 -0.001036 
4599.567721 -0.001361 
4598.100530 0.001649 
4596.633338 0.002428 
4595.166147 -0.001171 
4593.698955 -0.001502 
4592.231764 -0.001085 
4590.764572 0.001392 
4589.297381 0.001306 
4587.830189 0.000877 
4586.362998 -0.000374 
4584.895806 -0.001404 
4583.428615 0.000319 
4581.961423 0.000392 
4580.494232 -0.000687 
4579.027040 -0.002440 
4577.559849 -0.001759 
4576.092657 0.000141 
4574.625466 0.000208 
4573.158274 0.000147 
4571.691083 -0.002422 
4570.223891 -0.003445 
4568.756700 -0.000760 
4567.289508 0.000006 
4565.822317 0.000503 
4564.355125 -0.001306 
4562.887934 -0.002753 
4561.420742 -0.002133 
4559.953551 -0.000515 
4558.486359 0.000613 
4557.019168 -0.001183 
4555.551976 -0.003574 
4554.084785 -0.002556 
4552.617593 -0.000570 
4551.150402 0.001128 
4549.683210 0.000086 
4548.216019 -0.002225 
4546.748827 -0.002961 
4545.281636 -0.001692 
4543.814444 0.001490 
4542.347253 -0.000049 
4540.880061 -0.002176 
4539.412870 -0.002225 
4537.945678 -0.000472 
4536.478487 0.000950 
4535.011295 0.000503 
4533.544104 -0.000846 
4532.076912 -0.001545 
4530.609721 0.000012 
4529.142529 0.002005 
4527.675338 0.002152 
4526.208146 -0.000282 
4524.740955 -0.001257 
4523.273763 -0.000907 
4521.806572 0.001649 
4520.339380 0.002342 
4518.872189 0.001005 
4517.404997 -0.001956 
4515.937806 -0.000245 
4514.470614 0.000466 
4513.003423 0.002740 
4511.536231 0.001097 
4510.069040 -0.001054 
4508.601848 -0.000797 
4507.134657 0.001392 
4505.667465 0.003041 
4504.200274 0.001208 
4502.733082 -0.000043 
4501.265891 -0.000159 
4499.798699 0.001195 
4498.331508 0.003684 
4496.864316 0.002274 
4495.397125 0.000325 
4493.929933 0.000037 
4492.462742 0.001294 
4490.995550 0.003488 
4489.528359 0.002054 
4488.061167 0.002084 
4486.593976 0.000613 
4485.126784 0.000687 
4483.659593 0.003102 
4482.192402 0.004359 
4480.725210 0.002385 
4479.258019 0.000871 
4477.790827 0.000472 
4476.323636 0.002207 
4474.856444 0.004181 
4473.389253 0.002452 
4471.922061 -0.000043 
4470.454870 0.000227 
4468.987678 0.001723 
4467.520487 0.003562 
4466.053295 0.002060 
4464.586104 0.000294 
4463.118912 0.000233 
4461.651721 0.002152 
4460.184529 0.003384 
4458.717338 0.002605 
4457.250146 0.000944 
4455.782955 0.000380 
4454.315763 0.000693 
4452.848572 0.003550 
4451.381380 0.003341 
4449.914189 0.001330 
4448.446997 -0.000668 
4446.979806 0.000153 
4445.512614 0.002360 
4444.045423 0.002881 
4442.578231 0.000631 
4441.111040 0.000067 
4439.643848 0.000067 
4438.176657 0.001269 
4436.709465 0.002789 
4435.242274 0.000975 
4433.775082 -0.000932 
4432.307891 -0.000871 
4430.840699 0.001349 
4429.373508 0.002195 
4427.906316 0.000668 
4426.439125 -0.000300 
4424.971933 -0.001441 
4423.504742 0.001735 
4422.037550 0.002133 
4420.570359 0.002109 
4419.103167 -0.000282 
4417.635976 -0.001514 
4416.168784 -0.000129 
4414.701593 0.002323 
4413.234401 0.002201 
4411.767210 0.000864 
4410.300018 -0.000515 
4408.832827 0.000570 
4407.365635 0.001931 
4405.898444 0.002293 
4404.431252 0.001992 
4402.964061 0.000116 
4401.496869 -0.000858 
4400.029678 0.002464 
4398.562486 0.002716 
4397.095295 0.003047 
4395.628103 -0.000067 
4394.160912 -0.000190 
4392.693720 0.001729 
4391.226529 0.003200 
4389.759337 0.002857 
4388.292146 0.001557 
4386.824954 0.000184 
4385.357763 0.002293 
4383.890571 0.002556 
4382.423380 0.003666 
4380.956188 0.002740 
4379.488997 -0.000264 
4378.021805 0.000429 
4376.554614 0.001851 
4375.087422 0.003433 
4373.620231 0.002440 
4372.153039 0.000196 
4370.685848 0.000257 
4369.218656 0.003163 
4367.751465 0.003531 
4366.284273 0.001870 
4364.817082 0.002035 
4363.349890 0.000895 
4361.882699 0.002722 
4360.415507 0.002636 
4358.948316 0.002569 
4357.481124 0.001386 
4356.013933 0.000619 
4354.546741 0.002189 
4353.079550 0.004230 
4351.612358 0.003678 
4350.145167 0.001042 
4348.677975 0.000656 
4347.210784 0.002017 
4345.743592 0.003458 
4344.276401 0.003727 
4342.809209 0.001226 
4341.342018 0.000398 
4339.874826 0.001649 
4338.407635 0.004016 
4336.940443 0.003868 
4335.473252 0.002440 
4334.006060 0.001539 
4332.538869 0.001428 
4331.071677 0.003145 
4329.604486 0.003776 
4328.137294 0.003464 
4326.670103 0.001220 
4325.202911 0.001245 
4323.735720 0.002556 
4322.268528 0.004831 
4320.801337 0.003390 
4319.334145 0.001851 
4317.866954 0.001484 
4316.399762 0.001618 
4314.932571 0.003304 
4313.465379 0.002924 
4311.998188 0.001036 
4310.530996 0.000889 
4309.063805 0.002366 
4307.596613 0.003329 
4306.129422 0.004107 
4304.662230 0.002373 
4303.195039 0.000687 
4301.727847 0.001533 
4300.260656 0.003378 
4298.793464 0.003764 
4297.326273 0.002642 
4295.859081 0.001410 
4294.391890 0.001606 
4292.924698 0.003464 
4291.457507 0.004107 
4289.990315 0.003568 
4288.523124 0.001625 
4287.055932 0.001226 
4285.588741 0.002949 
4284.121549 0.004598 
4282.654358 0.003151 
4281.187166 0.001894 
4279.719975 0.001600 
4278.252783 0.002422 
4276.785592 0.003170 
4275.318400 0.003507 
4273.851209 0.001306 
4272.384017 0.000166 
4270.916826 0.001686 
4269.449634 0.004144 
4267.982443 0.004481 
4266.515251 0.002219 
4265.048060 0.000791 
4263.580868 0.002091 
4262.113677 0.003623 
4260.646485 0.004095 
4259.179294 0.002103 
4257.712102 0.001128 
4256.244911 0.000472 
4254.777719 0.001686 
4253.310528 0.004212 
4251.843336 0.002746 
4250.376145 0.001036 
4248.908953 0.001373 
4247.441762 0.002250 
4245.974570 0.003795 
4244.507379 0.003525 
4243.040187 0.000926 
4241.572996 0.000613 
4240.105804 0.002078 
4238.638613 0.003623 
4237.171421 0.003225 
4235.704230 0.002054 
4234.237038 0.000797 
4232.769847 0.000693 
4231.302655 0.002973 
4229.835464 0.002949 
4228.368272 0.001698 
4226.901081 0.000472 
4225.433889 0.000662 
4223.966698 0.002195 
4222.499507 0.003078 
4221.032315 0.002176 
4219.565124 0.000644 
4218.097932 0.001551 
4216.630741 0.003335 
4215.163549 0.003758 
4213.696358 0.003059 
4212.229166 0.001631 
4210.761975 0.000490 
4209.294783 0.001257 
4207.827592 0.002789 
4206.360400 0.003145 
4204.893209 0.000993 
4203.426017 0.000215 
4201.958826 0.000821 
4200.491634 0.002268 
4199.024443 0.002998 
4197.557251 0.001404 
4196.090060 0.000423 
4194.622868 0.001343 
4193.155677 0.002403 
4191.688485 0.002495 
4190.221294 0.000619 
4188.754102 0.000736 
4187.286911 0.000190 
4185.819719 0.001723 
4184.352528 0.002906 
4182.885336 0.001766 
4181.418145 0.000901 
4179.950953 0.000662 
4178.483762 0.001477 
4177.016570 0.003084 
4175.549379 0.001600 
4174.082187 0.000184 
4172.614996 -0.000448 
4171.147804 0.000570 
4169.680613 0.002710 
4168.213421 0.001545 
4166.746230 0.000619 
4165.279038 -0.000589 
4163.811847 0.000509 
4162.344655 0.002556 
4160.877464 0.001962 
4159.410272 0.000521 
4157.943081 -0.000742 
4156.475889 0.000337 
4155.008698 0.001851 
4153.541506 0.002317 
4152.074315 0.001330 
4150.607123 0.000055 
4149.139932 0.000343 
4147.672740 0.001355 
4146.205549 0.002219 
4144.738357 0.001067 
4143.271166 -0.000969 
4141.803974 -0.000546 
4140.336783 0.000405 
4138.869591 0.001741 
4137.402400 0.001459 
4135.935208 -0.000472 
4134.468017 -0.000380 
4133.000825 0.000932 
4131.533634 0.001275 
4130.066442 0.000999 
4128.599251 0.000147 
4127.132059 -0.000380 
4125.664868 0.000012 
4124.197676 0.002262 
4122.730485 0.001802 
4121.263293 0.000975 
4119.796102 -0.000417 
4118.328910 -0.000803 
4116.861719 0.001502 
4115.394527 0.000883 
4113.927336 0.000337 
4112.460144 -0.000435 
4110.992953 -0.000895 
4109.525761 0.000644 
4108.058570 0.001618 
4106.591378 0.001269 
4105.124187 0.000061 
4103.656995 -0.000938 
4102.189804 0.000466 
4100.722612 0.001717 
4099.255421 0.001122 
4097.788229 -0.000913 
4096.321038 -0.000515 
4094.853846 0.000233 
4093.386655 0.001753 
4091.919463 0.000907 
4090.452272 0.000313 
4088.985080 -0.001183 
4087.517889 -0.000423 
4086.050697 0.002048 
4084.583506 0.002041 
4083.116314 -0.000104 
4081.649123 -0.001177 
4080.181931 -0.000288 
4078.714740 0.000533 
4077.247548 0.001514 
4075.780357 0.000454 
4074.313165 0.000000 
4072.845974 -0.000791 
4071.378782 0.000552 
4069.911591 0.001864 
4068.444399 0.001275 
4066.977208 -0.000564 
4065.510016 -0.000926 
4064.042825 0.000539 
4062.575633 0.002422 
4061.108442 0.001361 
4059.641250 -0.000184 
4058.174059 -0.000993 
4056.706867 0.000074 
4055.239676 0.001404 
4053.772484 0.001349 
4052.305293 0.000993 
4050.838101 -0.000877 
4049.370910 0.000515 
4047.903718 0.001324 
4046.436527 0.002035 
4044.969335 0.000356 
4043.502144 -0.000570 
4042.034952 -0.000067 
4040.567761 0.002550 
4039.100569 0.002544 
4037.633378 0.001809 
4036.166186 -0.000153 
4034.698995 0.000405 
4033.231803 0.001796 
4031.764612 0.002728 
4030.297420 0.002103 
4028.830229 0.000803 
4027.363037 0.000981 
4025.895846 0.002164 
4024.428654 0.003243 
4022.961463 0.002912 
4021.494271 0.001361 
4020.027080 0.000288 
4018.559888 0.001704 
4017.092697 0.003439 
4015.625505 0.003243 
4014.158314 0.001330 
4012.691122 0.000153 
4011.223931 0.000595 
4009.756739 0.002507 
4008.289548 0.002360 
4006.822356 0.001398 
4005.355165 -0.000448 
4003.887973 0.000270 
4002.420782 0.001796 
4000.953590 0.002906 
3999.486399 0.001655 
3998.019207 -0.000055 
3996.552016 -0.000300 
3995.084824 0.001146 
3993.617633 0.001784 
3992.150441 0.000631 
3990.683250 -0.000772 
3989.216058 -0.001171 
3987.748867 0.000012 
3986.281675 0.001245 
3984.814484 0.001202 
3983.347292 -0.000625 
3981.880101 -0.001514 
3980.412909 -0.000668 
3978.945718 0.000294 
3977.478526 0.000766 
3976.011335 -0.000607 
3974.544143 -0.001588 
3973.076952 -0.001269 
3971.609760 -0.000227 
3970.142569 0.000497 
3968.675377 -0.000956 
3967.208186 -0.001827 
3965.740994 -0.001900 
3964.273803 -0.000638 
3962.806612 0.000061 
3961.339420 -0.000595 
3959.872229 -0.002207 
3958.405037 -0.001747 
3956.937846 -0.000858 
3955.470654 -0.000233 
3954.003463 -0.000717 
3952.536271 -0.002281 
3951.069080 -0.002452 
3949.601888 -0.001275 
3948.134697 -0.000429 
3946.667505 -0.000110 
3945.200314 -0.001269 
3943.733122 -0.002244 
3942.265931 -0.001747 
3940.798739 -0.001312 
3939.331548 -0.000325 
3937.864356 -0.001386 
3936.397165 -0.003065 
3934.929973 -0.002366 
3933.462782 -0.000895 
3931.995590 0.000080 
3930.528399 -0.001361 
3929.061207 -0.002612 
3927.594016 -0.002734 
3926.126824 -0.000944 
3924.659633 -0.000055 
3923.192441 -0.001269 
3921.725250 -0.002599 
3920.258058 -0.002097 
3918.790867 -0.002084 
3917.323675 -0.000080 
3915.856484 -0.000797 
3914.389292 -0.002366 
3912.922101 -0.003170 
3911.454909 -0.003378 
3909.987718 -0.000625 
3908.520526 -0.001723 
3907.053335 -0.002943 
3905.586143 -0.002268 
3904.118952 -0.000092 
3902.651760 -0.000907 
3901.184569 0.000074 
3899.717377 -0.001827 
3898.250186 -0.003188 
3896.782994 -0.003703 
3895.315803 -0.001986 
3893.848611 -0.001625 
3892.381420 -0.002679 
3890.914228 -0.001189 
3889.447037 -0.004561 
3887.979845 -0.003071 
3886.512654 -0.001514 
3885.045462 -0.000828 
3883.578271 -0.003991 
3882.111079 -0.004549 
3880.643888 -0.002342 
3879.176696 -0.001778 
3877.709505 -0.003102 
3876.242313 -0.004714 
3874.775122 -0.004150 
3873.307930 -0.003439 
3871.840739 -0.003176 
3870.373547 -0.000717 
3868.906356 -0.002722 
3867.439164 -0.004745 
3865.971973 -0.004518 
3864.504781 -0.000962 
3863.037590 -0.003562 
3861.570398 -0.003274 
3860.103207 -0.005536 
3858.636015 -0.005560 
3857.168824 -0.003243 
3855.701632 -0.003372 
3854.234441 0.004886 
3852.767249 -0.001238 
3851.300058 -0.001674 
3849.832866 -0.003666 
3848.365675 -0.003507 
3846.898483 -0.003464 
3845.431292 -0.004175 
3843.964100 -0.004334 
3842.496909 -0.003353 
3841.029717 -0.001134 
3839.562526 -0.002563 
3838.095334 -0.000331 
3836.628143 -0.003335 
3835.160951 -0.002495 
3833.693760 -0.002403 
3832.226568 -0.001545 
3830.759377 -0.002133 
3829.292185 -0.003991 
3827.824994 -0.003090 
3826.357802 -0.001704 
3824.890611 -0.001183 
3823.423419 -0.001471 
3821.956228 -0.001606 
3820.489036 0.000589 
3819.021845 -0.000809 
3817.554653 -0.000981 
3816.087462 0.003537 
3814.620270 -0.001343 
3813.153079 -0.002728 
3811.685887 -0.001300 
3810.218696 -0.000521 
3808.751504 0.000300 
3807.284313 0.001220 
3805.817121 -0.000533 
3804.349930 -0.000307 
3802.882738 0.001833 
3801.415547 0.005990 
3799.948355 -0.000031 
3798.481164 -0.000987 
3797.013972 0.000098 
3795.546781 0.001790 
3794.079589 0.000153 
3792.612398 -0.000067 
3791.145206 -0.001018 
3789.678015 -0.000435 
3788.210823 0.001281 
3786.743632 0.001545 
3785.276440 0.000196 
3783.809249 -0.000871 
3782.342057 -0.000135 
3780.874866 0.001612 
3779.407674 0.002814 
3777.940483 0.001551 
3776.473291 -0.000589 
3775.006100 -0.000766 
3773.538908 0.000987 
3772.071717 0.001888 
3770.604525 0.001054 
3769.137334 0.000607 
3767.670142 -0.001422 
3766.202951 0.000907 
3764.735759 0.003120 
3763.268568 0.003188 
3761.801376 0.002556 
3760.334185 0.001404 
3758.866993 0.002477 
3757.399802 0.002250 
3755.932610 0.002514 
3754.465419 0.000270 
3752.998227 -0.000539 
3751.531036 0.003985 
3750.063844 0.003157 
3748.596653 0.004371 
3747.129461 -0.000172 
3745.662270 -0.002133 
3744.195078 0.003029 
3742.727887 -0.002924 
3741.260695 -0.001533 
3739.793504 0.000055 
3738.326312 -0.002109 
3736.859121 -0.000742 
3735.391929 0.001453 
3733.924738 0.002403 
3732.457546 0.002765 
3730.990355 0.000772 
3729.523163 -0.000233 
3728.055972 -0.000110 
3726.588780 0.000956 
3725.121589 0.000533 
3723.654397 -0.000380 
3722.187206 0.000067 
3720.720014 0.000313 
3719.252823 0.001459 
3717.785631 0.001594 
3716.318440 -0.000080 
3714.851248 -0.001336 
3713.384057 -0.000607 
3711.916865 0.003360 
3710.449674 0.002458 
3708.982482 0.004402 
3707.515291 0.005297 
3706.048099 0.005076 
3704.580908 0.003623 
3703.113717 0.002894 
3701.646525 0.002336 
3700.179334 -0.000239 
3698.712142 -0.000503 
3697.244951 0.000037 
3695.777759 0.000215 
3694.310568 -0.000558 
3692.843376 -0.002127 
3691.376185 -0.002250 
3689.908993 -0.002618 
3688.441802 0.001496 
3686.974610 -0.001398 
3685.507419 -0.002765 
3684.040227 -0.003206 
3682.573036 -0.002759 
3681.105844 -0.001024 
3679.638653 0.000552 
3678.171461 0.000503 
3676.704270 0.001343 
3675.237078 0.004359 
3673.769887 0.002753 
3672.302695 0.003838 
3670.835504 0.007013 
3669.368312 0.005015 
3667.901121 0.006296 
3666.433929 0.007289 
3664.966738 0.008693 
3663.499546 0.009392 
3662.032355 0.008773 
3660.565163 0.009545 
3659.097972 0.011323 
3657.630780 0.013359 
3656.163589 0.016675 
3654.696397 0.013812 
3653.229206 0.014155 
3651.762014 0.016307 
3650.294823 0.018710 
3648.827631 0.020795 
3647.360440 0.019054 
3645.893248 0.017742 
3644.426057 0.017607 
3642.958865 0.019029 
3641.491674 0.020341 
3640.024482 0.019740 
3638.557291 0.019783 
3637.090099 0.020366 
3635.622908 0.022444 
3634.155716 0.023983 
3632.688525 0.023830 
3631.221333 0.023192 
3629.754142 0.026601 
3628.286950 0.028004 
3626.819759 0.026889 
3625.352567 0.027447 
3623.885376 0.027054 
3622.418184 0.027667 
3620.950993 0.029378 
3619.483801 0.032762 
3618.016610 0.032210 
3616.549418 0.031738 
3615.082227 0.032866 
3613.615035 0.034791 
3612.147844 0.037421 
3610.680652 0.037446 
3609.213461 0.039683 
3607.746269 0.038984 
3606.279078 0.040627 
3604.811886 0.042215 
3603.344695 0.044845 
3601.877503 0.045256 
3600.410312 0.048462 
3598.943120 0.050614 
3597.475929 0.052668 
3596.008737 0.053440 
3594.541546 0.053992 
3593.074354 0.054507 
3591.607163 0.055690 
3590.139971 0.057707 
3588.672780 0.060840 
3587.205588 0.061956 
3585.738397 0.062201 
3584.271205 0.062795 
3582.804014 0.064494 
3581.336822 0.067246 
3579.869631 0.068344 
3578.402439 0.069533 
3576.935248 0.070293 
3575.468056 0.072102 
3574.000865 0.075044 
3572.533673 0.077343 
3571.066482 0.078692 
3569.599290 0.080071 
3568.132099 0.083339 
3566.664907 0.086643 
3565.197716 0.088991 
3563.730524 0.090021 
3562.263333 0.091425 
3560.796141 0.092774 
3559.328950 0.096029 
3557.861758 0.098904 
3556.394567 0.100866 
3554.927375 0.101884 
3553.460184 0.104404 
3551.992992 0.107610 
3550.525801 0.110461 
3549.058609 0.112852 
3547.591418 0.114801 
3546.124226 0.116916 
3544.657035 0.120625 
3543.189843 0.124199 
3541.722652 0.126517 
3540.255460 0.128558 
3538.788269 0.130575 
3537.321077 0.134456 
3535.853886 0.138710 
3534.386694 0.141463 
3532.919503 0.144338 
3531.452311 0.146600 
3529.985120 0.150052 
3528.517928 0.154687 
3527.050737 0.158101 
3525.583545 0.161185 
3524.116354 0.162951 
3522.649162 0.167119 
3521.181971 0.171736 
3519.714779 0.175635 
3518.247588 0.179534 
3516.780396 0.182311 
3515.313205 0.185873 
3513.846013 0.190091 
3512.378822 0.194817 
3510.911630 0.198980 
3509.444439 0.202125 
3507.977247 0.205607 
3506.510056 0.210021 
3505.042864 0.215557 
3503.575673 0.219591 
3502.108481 0.223490 
3500.641290 0.227107 
3499.174098 0.231294 
3497.706907 0.236364 
3496.239715 0.242335 
3494.772524 0.246167 
3493.305332 0.249355 
3491.838141 0.254682 
3490.370949 0.260574 
3488.903758 0.265552 
3487.436566 0.270401 
3485.969375 0.274116 
3484.502183 0.279444 
3483.034992 0.285219 
3481.567800 0.290969 
3480.100609 0.296658 
3478.633417 0.300361 
3477.166226 0.304984 
3475.699034 0.310709 
3474.231843 0.316950 
3472.764651 0.323351 
3471.297460 0.327428 
3469.830268 0.332381 
3468.363077 0.338279 
3466.895885 0.345402 
3465.428694 0.351006 
3463.961502 0.355947 
3462.494311 0.360729 
3461.027119 0.367043 
3459.559928 0.373229 
3458.092736 0.379691 
3456.625545 0.384767 
3455.158353 0.389653 
3453.691162 0.395802 
3452.223970 0.402263 
3450.756779 0.408927 
3449.289587 0.414414 
3447.822396 0.419073 
3446.355205 0.424530 
3444.888013 0.431390 
3443.420822 0.437986 
3441.953630 0.443872 
3440.486439 0.449285 
3439.019247 0.454024 
3437.552056 0.460400 
3436.084864 0.467578 
3434.617673 0.473029 
3433.150481 0.478092 
3431.683290 0.482850 
3430.216098 0.489354 
3428.748907 0.496092 
3427.281715 0.501971 
3425.814524 0.507237 
3424.347332 0.511663 
3422.880141 0.517610 
3421.412949 0.523808 
3419.945758 0.530104 
3418.478566 0.535254 
3417.011375 0.539594 
3415.544183 0.544805 
3414.076992 0.551120 
3412.609800 0.557036 
3411.142609 0.562143 
3409.675417 0.567022 
3408.208226 0.571344 
3406.741034 0.576641 
3405.273843 0.583146 
3403.806651 0.588743 
3402.339460 0.592513 
3400.872268 0.596829 
3399.405077 0.601188 
3397.937885 0.607662 
3396.470694 0.613075 
3395.003502 0.616705 
3393.536311 0.621211 
3392.069119 0.625588 
3390.601928 0.630885 
3389.134736 0.636335 
3387.667545 0.640712 
3386.200353 0.643526 
3384.733162 0.648265 
3383.265970 0.653451 
3381.798779 0.658221 
3380.331587 0.662347 
3378.864396 0.665829 
3377.397204 0.669532 
3375.930013 0.673982 
3374.462821 0.679322 
3372.995630 0.682976 
3371.528438 0.686581 
3370.061247 0.690259 
3368.594055 0.693931 
3367.126864 0.699240 
3365.659672 0.703685 
3364.192481 0.707192 
3362.725289 0.709840 
3361.258098 0.713751 
3359.790906 0.719251 
3358.323715 0.723548 
3356.856523 0.726902 
3355.389332 0.730402 
3353.922140 0.734105 
3352.454949 0.739598 
3350.987757 0.743626 
3349.520566 0.746703 
3348.053374 0.750161 
3346.586183 0.754379 
3345.118991 0.758707 
3343.651800 0.763611 
3342.184608 0.767572 
3340.717417 0.771348 
3339.250225 0.774401 
3337.783034 0.779244 
3336.315842 0.785001 
3334.848651 0.788367 
3333.381459 0.792946 
3331.914268 0.795895 
3330.447076 0.800842 
3328.979885 0.806323 
3327.512693 0.811148 
3326.045502 0.814679 
3324.578310 0.818357 
3323.111119 0.822900 
3321.643927 0.828485 
3320.176736 0.833788 
3318.709544 0.837834 
3317.242353 0.841978 
3315.775161 0.846484 
3314.307970 0.851763 
3312.840778 0.857667 
3311.373587 0.862166 
3309.906395 0.865501 
3308.439204 0.870185 
3306.972012 0.875954 
3305.504821 0.880166 
3304.037629 0.885027 
3302.570438 0.890011 
3301.103246 0.893923 
3299.636055 0.899207 
3298.168863 0.905418 
3296.701672 0.909715 
3295.234480 0.913786 
3293.767289 0.917912 
3292.300097 0.922117 
3290.832906 0.927089 
3289.365714 0.932502 
3287.898523 0.936260 
3286.431331 0.940209 
3284.964140 0.944328 
3283.496948 0.948785 
3282.029757 0.953543 
3280.562565 0.956743 
3279.095374 0.959747 
3277.628182 0.963082 
3276.160991 0.967324 
3274.693799 0.971199 
3273.226608 0.974546 
3271.759416 0.976465 
3270.292225 0.978439 
3268.825033 0.981559 
3267.357842 0.984956 
3265.890650 0.987255 
3264.423459 0.988640 
3262.956267 0.990614 
3261.489076 0.992502 
3260.021884 0.994096 
3258.554693 0.996702 
3257.087501 0.997284 
3255.620310 0.996481 
3254.153118 0.998069 
3252.685927 0.998847 
3251.218735 1.000000 
3249.751544 0.999730 
3248.284352 0.998958 
3246.817161 0.997836 
3245.349969 0.998388 
3243.882778 0.998093 
3242.415586 0.997254 
3240.948395 0.995997 
3239.481203 0.993784 
3238.014012 0.992398 
3236.546820 0.992024 
3235.079629 0.991184 
3233.612437 0.987776 
3232.145246 0.985121 
3230.678054 0.982859 
3229.210863 0.981510 
3227.743671 0.979757 
3226.276480 0.976330 
3224.809288 0.972498 
3223.342097 0.969801 
3221.874905 0.967931 
3220.407714 0.964921 
3218.940522 0.961077 
3217.473331 0.956412 
3216.006139 0.953230 
3214.538948 0.949827 
3213.071756 0.946597 
3211.604565 0.942599 
3210.137373 0.937352 
3208.670182 0.933342 
3207.202990 0.929131 
3205.735799 0.926317 
3204.268607 0.921382 
3202.801416 0.916011 
3201.334224 0.911015 
3199.867033 0.906619 
3198.399841 0.901837 
3196.932650 0.897546 
3195.465458 0.891820 
3193.998267 0.886204 
3192.531075 0.880834 
3191.063884 0.876169 
3189.596692 0.871283 
3188.129501 0.865177 
3186.662310 0.859003 
3185.195118 0.853246 
3183.727927 0.848066 
3182.260735 0.842457 
3180.793544 0.836246 
3179.326352 0.829540 
3177.859161 0.822869 
3176.391969 0.817260 
3174.924778 0.811608 
3173.457586 0.804619 
3171.990395 0.797023 
3170.523203 0.790635 
3169.056012 0.784198 
3167.588820 0.777767 
3166.121629 0.771060 
3164.654437 0.763458 
3163.187246 0.756132 
3161.720054 0.748696 
3160.252863 0.742197 
3158.785671 0.735117 
3157.318480 0.727466 
3155.851288 0.719398 
3154.384097 0.711287 
3152.916905 0.704507 
3151.449714 0.696592 
3149.982522 0.688751 
3148.515331 0.680628 
3147.048139 0.671585 
3145.580948 0.664339 
3144.113756 0.656866 
3142.646565 0.648866 
3141.179373 0.639523 
3139.712182 0.631105 
3138.244990 0.622988 
3136.777799 0.615209 
3135.310607 0.606638 
3133.843416 0.597816 
3132.376224 0.588075 
3130.909033 0.579940 
3129.441841 0.571712 
3127.974650 0.563283 
3126.507458 0.554111 
3125.040267 0.544689 
3123.573075 0.536118 
3122.105884 0.527652 
3120.638692 0.518848 
3119.171501 0.509168 
3117.704309 0.499936 
3116.237118 0.490930 
3114.769926 0.482819 
3113.302735 0.474028 
3111.835543 0.465243 
3110.368352 0.455287 
3108.901160 0.445974 
3107.433969 0.437122 
3105.966777 0.428876 
3104.499586 0.420122 
3103.032394 0.410583 
3101.565203 0.401111 
3100.098011 0.392332 
3098.630820 0.383761 
3097.163628 0.375332 
3095.696437 0.365860 
3094.229245 0.356388 
3092.762054 0.347517 
3091.294862 0.339615 
3089.827671 0.331069 
3088.360479 0.322535 
3086.893288 0.313199 
3085.426096 0.304689 
3083.958905 0.296131 
3082.491713 0.288848 
3081.024522 0.280486 
3079.557330 0.271627 
3078.090139 0.263191 
3076.622947 0.255816 
3075.155756 0.248300 
3073.688564 0.241593 
3072.221373 0.233225 
3070.754181 0.225593 
3069.286990 0.218549 
3067.819798 0.212381 
3066.352607 0.205227 
3064.885415 0.197901 
3063.418224 0.191378 
3061.951032 0.184867 
3060.483841 0.179276 
3059.016649 0.173740 
3057.549458 0.167052 
3056.082266 0.161240 
3054.615075 0.155514 
3053.147883 0.150775 
3051.680692 0.146073 
3050.213500 0.140819 
3048.746309 0.135596 
3047.279117 0.130354 
3045.811926 0.126376 
3044.344734 0.122526 
3042.877543 0.118210 
3041.410351 0.114022 
3039.943160 0.109241 
3038.475968 0.106273 
3037.008777 0.102981 
3035.541585 0.099708 
3034.074394 0.096017 
3032.607202 0.092222 
3031.140011 0.089126 
3029.672819 0.086993 
3028.205628 0.084602 
3026.738436 0.081224 
3025.271245 0.078097 
3023.804053 0.075394 
3022.336862 0.073291 
3020.869670 0.071593 
3019.402479 0.069104 
3017.935287 0.065971 
3016.468096 0.064077 
3015.000904 0.062213 
3013.533713 0.060607 
3012.066521 0.058927 
3010.599330 0.056922 
3009.132138 0.054838 
3007.664947 0.053152 
3006.197755 0.052214 
3004.730564 0.050669 
3003.263372 0.048603 
3001.796181 0.046611 
3000.328989 0.045029 
2998.861798 0.044741 
2997.394606 0.043453 
2995.927415 0.042233 
2994.460223 0.040419 
2992.993032 0.038837 
2991.525840 0.038157 
2990.058649 0.037286 
2988.591457 0.036029 
2987.124266 0.034613 
2985.657074 0.033173 
2984.189883 0.032756 
2982.722691 0.031738 
2981.255500 0.031480 
2979.788308 0.029212 
2978.321117 0.028029 
2976.853925 0.027888 
2975.386734 0.027637 
2973.919542 0.026919 
2972.452351 0.025381 
2970.985159 0.024056 
2969.517968 0.023082 
2968.050776 0.022303 
2966.583585 0.021978 
2965.116393 0.020507 
2963.649202 0.019526 
2962.182010 0.018202 
2960.714819 0.017852 
2959.247627 0.018140 
2957.780436 0.017399 
2956.313244 0.017080 
2954.846053 0.016283 
2953.378861 0.016743 
2951.911670 0.016546 
2950.444478 0.016528 
2948.977287 0.015915 
2947.510095 0.014836 
2946.042904 0.015100 
2944.575712 0.015406 
2943.108521 0.015271 
2941.641329 0.014719 
2940.174138 0.013806 
2938.706946 0.013506 
2937.239755 0.014137 
2935.772563 0.014425 
2934.305372 0.015743 
2932.838180 0.014254 
2931.370989 0.014523 
2929.903797 0.014186 
2928.436606 0.014315 
2926.969415 0.014487 
2925.502223 0.012525 
2924.035032 0.013077 
2922.567840 0.012893 
2921.100649 0.013218 
2919.633457 0.013052 
2918.166266 0.011801 
2916.699074 0.010612 
2915.231883 0.010207 
2913.764691 0.011317 
2912.297500 0.011642 
2910.830308 0.011004 
2909.363117 0.011035 
2907.895925 0.010906 
2906.428734 0.011286 
2904.961542 0.011544 
2903.494351 0.011004 
2902.027159 0.011060 
2900.559968 0.011017 
2899.092776 0.011801 
2897.625585 0.011556 
2896.158393 0.011869 
2894.691202 0.011648 
2893.224010 0.011452 
2891.756819 0.012286 
2890.289627 0.012574 
2888.822436 0.013077 
2887.355244 0.012506 
2885.888053 0.012568 
2884.420861 0.013273 
2882.953670 0.013457 
2881.486478 0.014407 
2880.019287 0.013996 
2878.552095 0.013782 
2877.084904 0.014094 
2875.617712 0.014726 
2874.150521 0.015725 
2872.683329 0.015492 
2871.216138 0.015345 
2869.748946 0.015351 
2868.281755 0.016228 
2866.814563 0.016810 
2865.347372 0.016577 
2863.880180 0.017025 
2862.412989 0.016430 
2860.945797 0.017209 
2859.478606 0.017730 
2858.011414 0.017166 
2856.544223 0.017018 
2855.077031 0.017159 
2853.609840 0.016724 
2852.142648 0.017239 
2850.675457 0.017779 
2849.208265 0.016197 
2847.741074 0.014922 
2846.273882 0.013610 
2844.806691 0.015087 
2843.339499 0.014916 
2841.872308 0.015326 
2840.405116 0.014395 
2838.937925 0.013972 
2837.470733 0.014315 
2836.003542 0.014309 
2834.536350 0.014683 
2833.069159 0.013493 
2831.601967 0.013132 
2830.134776 0.012776 
2828.667584 0.012261 
2827.200393 0.012985 
2825.733201 0.012500 
2824.266010 0.011703 
2822.798818 0.011581 
2821.331627 0.011495 
2819.864435 0.011434 
2818.397244 0.010894 
2816.930052 0.010152 
2815.462861 0.009441 
2813.995669 0.009852 
2812.528478 0.010152 
2811.061286 0.009110 
2809.594095 0.008411 
2808.126903 0.008080 
2806.659712 0.007970 
2805.192520 0.008270 
2803.725329 0.008380 
2802.258137 0.007584 
2800.790946 0.006885 
2799.323754 0.007154 
2797.856563 0.006584 
2796.389371 0.006921 
2794.922180 0.006462 
2793.454988 0.005591 
2791.987797 0.005609 
2790.520605 0.005855 
2789.053414 0.005432 
2787.586222 0.005432 
2786.119031 0.004580 
2784.651839 0.004904 
2783.184648 0.004328 
2781.717456 0.004696 
2780.250265 0.004696 
2778.783073 0.003801 
2777.315882 0.003525 
2775.848690 0.003170 
2774.381499 0.003764 
2772.914307 0.003580 
2771.447116 0.003170 
2769.979924 0.002845 
2768.512733 0.002704 
2767.045541 0.003065 
2765.578350 0.002937 
2764.111158 0.002152 
2762.643967 0.002446 
2761.176775 0.001306 
2759.709584 0.001925 
2758.242392 0.001839 
2756.775201 0.001232 
2755.308009 0.001128 
2753.840818 0.000129 
2752.373626 0.001257 
2750.906435 0.001165 
2749.439243 0.001159 
2747.972052 0.000944 
2746.504860 0.000159 
2745.037669 0.000178 
2743.570477 0.000533 
2742.103286 0.000331 
2740.636094 0.000589 
2739.168903 -0.000791 
2737.701711 -0.000178 
2736.234520 -0.000742 
2734.767328 -0.000613 
2733.300137 -0.000650 
2731.832945 -0.001539 
2730.365754 -0.001134 
2728.898562 -0.001416 
2727.431371 -0.000619 
2725.964179 -0.000828 
2724.496988 -0.001563 
2723.029796 -0.001839 
2721.562605 -0.002213 
2720.095413 -0.001312 
2718.628222 -0.002446 
2717.161030 -0.002232 
2715.693839 -0.002452 
2714.226647 -0.002765 
2712.759456 -0.002483 
2711.292264 -0.002262 
2709.825073 -0.002753 
2708.357881 -0.003574 
2706.890690 -0.003758 
2705.423498 -0.003084 
2703.956307 -0.003396 
2702.489115 -0.002979 
2701.021924 -0.004120 
2699.554732 -0.004537 
2698.087541 -0.003770 
2696.620349 -0.004273 
2695.153158 -0.003697 
2693.685966 -0.004463 
2692.218775 -0.004911 
2690.751583 -0.004990 
2689.284392 -0.004671 
2687.817200 -0.004328 
2686.350009 -0.004960 
2684.882817 -0.005334 
2683.415626 -0.005518 
2681.948434 -0.005352 
2680.481243 -0.004751 
2679.014051 -0.005518 
2677.546860 -0.005959 
2676.079668 -0.005947 
2674.612477 -0.006124 
2673.145285 -0.005609 
2671.678094 -0.005732 
2670.210903 -0.006051 
2668.743711 -0.006321 
2667.276520 -0.006278 
2665.809328 -0.005714 
2664.342137 -0.005941 
2662.874945 -0.005634 
2661.407754 -0.006731 
2659.940562 -0.006505 
2658.473371 -0.005983 
2657.006179 -0.006731 
2655.538988 -0.006069 
2654.071796 -0.006744 
2652.604605 -0.006688 
2651.137413 -0.006333 
2649.670222 -0.006149 
2648.203030 -0.005530 
2646.735839 -0.006131 
2645.268647 -0.006560 
2643.801456 -0.006486 
2642.334264 -0.005990 
2640.867073 -0.005689 
2639.399881 -0.006731 
2637.932690 -0.006057 
2636.465498 -0.006272 
2634.998307 -0.005609 
2633.531115 -0.005665 
2632.063924 -0.005579 
2630.596732 -0.005916 
2629.129541 -0.006180 
2627.662349 -0.005518 
2626.195158 -0.004904 
2624.727966 -0.005327 
2623.260775 -0.005236 
2621.793583 -0.006039 
2620.326392 -0.005432 
2618.859200 -0.004733 
2617.392009 -0.005413 
2615.924817 -0.004751 
2614.457626 -0.005254 
2612.990434 -0.004923 
2611.523243 -0.004966 
2610.056051 -0.004512 
2608.588860 -0.004500 
2607.121668 -0.004831 
2605.654477 -0.004757 
2604.187285 -0.004236 
2602.720094 -0.004212 
2601.252902 -0.004175 
2599.785711 -0.004678 
2598.318519 -0.004261 
2596.851328 -0.004408 
2595.384136 -0.003678 
2593.916945 -0.003807 
2592.449753 -0.003917 
2590.982562 -0.003697 
2589.515370 -0.004285 
2588.048179 -0.003292 
2586.580987 -0.003059 
2585.113796 -0.003347 
2583.646604 -0.003678 
2582.179413 -0.003678 
2580.712221 -0.003225 
2579.245030 -0.002943 
2577.777838 -0.002796 
2576.310647 -0.002740 
2574.843455 -0.003304 
2573.376264 -0.002458 
2571.909072 -0.002526 
2570.441881 -0.002734 
2568.974689 -0.002458 
2567.507498 -0.002949 
2566.040306 -0.002428 
2564.573115 -0.002569 
2563.105923 -0.002041 
2561.638732 -0.002262 
2560.171540 -0.002753 
2558.704349 -0.002452 
2557.237157 -0.002415 
2555.769966 -0.001404 
2554.302774 -0.001428 
2552.835583 -0.002182 
2551.368391 -0.001864 
2549.901200 -0.002287 
2548.434008 -0.001336 
2546.966817 -0.001821 
2545.499625 -0.001864 
2544.032434 -0.001839 
2542.565242 -0.002127 
2541.098051 -0.001367 
2539.630859 -0.001410 
2538.163668 -0.001527 
2536.696476 -0.001913 
2535.229285 -0.001698 
2533.762093 -0.001251 
2532.294902 -0.001551 
2530.827710 -0.000938 
2529.360519 -0.001226 
2527.893327 -0.001925 
2526.426136 -0.001318 
2524.958944 -0.001208 
2523.491753 -0.001146 
2522.024561 -0.001189 
2520.557370 -0.001330 
2519.090178 -0.000736 
2517.622987 -0.001085 
2516.155795 -0.000619 
2514.688604 -0.001097 
2513.221412 -0.001220 
2511.754221 -0.000821 
2510.287029 -0.001054 
2508.819838 -0.000356 
2507.352646 -0.000607 
2505.885455 -0.001067 
2504.418263 -0.000809 
2502.951072 -0.001104 
2501.483880 -0.000319 
2500.016689 -0.000699 
2498.549497 -0.000595 
2497.082306 -0.000791 
2495.615114 -0.001134 
2494.147923 -0.000227 
2492.680731 -0.000178 
2491.213540 -0.000515 
2489.746348 -0.000607 
2488.279157 -0.000962 
2486.811965 -0.000441 
2485.344774 -0.000582 
2483.877582 -0.000300 
2482.410391 -0.000380 
2480.943199 -0.000539 
2479.476008 0.000129 
2478.008816 -0.000288 
2476.541625 0.000552 
2475.074433 -0.000172 
2473.607242 -0.000484 
2472.140050 0.000221 
2470.672859 0.000000 
2469.205667 0.000613 
2467.738476 0.000018 
2466.271284 -0.000190 
2464.804093 -0.000251 
2463.336901 0.000012 
2461.869710 0.000711 
2460.402518 0.000208 
2458.935327 0.000196 
2457.468135 -0.000025 
2456.000944 0.000000 
2454.533752 0.000815 
2453.066561 0.000196 
2451.599369 0.000484 
2450.132178 0.000000 
2448.664986 -0.000092 
2447.197795 0.000288 
2445.730603 0.000031 
2444.263412 0.000374 
2442.796220 -0.000300 
2441.329029 -0.000331 
2439.861837 0.000245 
2438.394646 0.000208 
2436.927454 0.000331 
2435.460263 -0.000490 
2433.993071 -0.000215 
2432.525880 0.000037 
2431.058688 -0.000092 
2429.591497 0.000349 
2428.124305 -0.000423 
2426.657114 -0.000202 
2425.189922 -0.000337 
2423.722731 -0.000294 
2422.255539 0.000386 
2420.788348 -0.000202 
2419.321156 -0.000031 
2417.853965 -0.000159 
2416.386773 -0.000067 
2414.919582 0.000539 
2413.452390 0.000092 
2411.985199 0.000460 
2410.518008 -0.000521 
2409.050816 -0.000202 
2407.583625 0.000441 
2406.116433 0.000031 
2404.649242 0.000441 
2403.182050 0.000006 
2401.714859 0.000509 
2400.247667 0.000717 
2398.780476 0.000441 
2397.313284 0.001054 
2395.846093 0.000497 
2394.378901 0.000331 
2392.911710 0.000460 
2391.444518 0.000699 
2389.977327 0.001005 
2388.510135 0.000325 
2387.042944 0.000699 
2385.575752 0.000595 
2384.108561 0.000962 
2382.641369 0.001447 
2381.174178 0.001557 
2379.706986 0.002250 
2378.239795 0.004095 
2376.772603 0.010637 
2375.305412 0.026251 
2373.838220 0.046372 
2372.371029 0.062262 
2370.903837 0.075271 
2369.436646 0.086429 
2367.969454 0.095870 
2366.502263 0.104508 
2365.035071 0.111552 
2363.567880 0.119141 
2362.100688 0.125713 
2360.633497 0.133855 
2359.166305 0.142064 
2357.699114 0.150162 
2356.231922 0.162472 
2354.764731 0.175377 
2353.297539 0.191127 
2351.830348 0.214018 
2350.363156 0.245413 
2348.895965 0.287033 
2347.428773 0.343447 
2345.961582 0.412986 
2344.494390 0.492334 
2343.027199 0.580013 
2341.560007 0.662911 
2340.092816 0.722635 
2338.625624 0.713267 
2337.158433 0.596051 
2335.691241 0.422648 
2334.224050 0.284857 
2332.756858 0.191838 
2331.289667 0.134995 
2329.822475 0.106948 
2328.355284 0.094723 
2326.888092 0.091155 
2325.420901 0.093651 
2323.953709 0.094441 
2322.486518 0.086607 
2321.019326 0.058191 
2319.552135 0.028090 
2318.084943 0.012004 
2316.617752 0.005750 
2315.150560 0.004653 
2313.683369 0.003071 
2312.216177 0.005321 
2310.748986 0.005499 
2309.281794 0.004101 
2307.814603 0.004242 
2306.347411 0.003372 
2304.880220 0.002826 
2303.413028 0.000821 
2301.945837 -0.001441 
2300.478645 -0.001404 
2299.011454 -0.002667 
2297.544262 -0.002299 
2296.077071 -0.002182 
2294.609879 -0.002464 
2293.142688 -0.002274 
2291.675496 -0.003145 
2290.208305 -0.002587 
2288.741113 -0.002563 
2287.273922 -0.002863 
2285.806730 -0.001649 
2284.339539 -0.000515 
2282.872347 0.005358 
2281.405156 0.008197 
2279.937964 0.007498 
2278.470773 0.008239 
2277.003581 0.007970 
2275.536390 0.008601 
2274.069198 0.006327 
2272.602007 0.002520 
2271.134815 -0.000319 
2269.667624 -0.001992 
2268.200432 -0.001490 
2266.733241 -0.001986 
2265.266049 -0.001281 
2263.798858 -0.000736 
2262.331666 -0.001245 
2260.864475 -0.000644 
2259.397283 -0.001263 
2257.930092 -0.000779 
2256.462900 -0.001165 
2254.995709 -0.001606 
2253.528517 -0.000920 
2252.061326 -0.001576 
2250.594134 -0.000680 
2249.126943 -0.000791 
2247.659751 -0.000742 
2246.192560 -0.000282 
2244.725368 -0.000962 
2243.258177 -0.000110 
2241.790985 -0.000503 
2240.323794 -0.000356 
2238.856602 -0.000116 
2237.389411 -0.000650 
2235.922219 -0.000098 
2234.455028 -0.000466 
2232.987836 0.000031 
2231.520645 0.000092 
2230.053453 -0.000135 
2228.586262 0.000417 
2227.119070 -0.000166 
2225.651879 0.000497 
2224.184687 0.000705 
2222.717496 0.000601 
2221.250304 0.000920 
2219.783113 0.000307 
2218.315921 0.000772 
2216.848730 0.000386 
2215.381538 0.000723 
2213.914347 0.000576 
2212.447155 0.000031 
2210.979964 0.001018 
2209.512772 0.000521 
2208.045581 0.000570 
2206.578389 0.000779 
2205.111198 0.000429 
2203.644006 0.000558 
2202.176815 0.000196 
2200.709623 0.000595 
2199.242432 0.000331 
2197.775240 -0.000288 
2196.308049 0.000478 
2194.840857 -0.000319 
2193.373666 0.000821 
2191.906474 0.000613 
2190.439283 0.000067 
2188.972091 0.000975 
2187.504900 0.000533 
2186.037708 0.001110 
2184.570517 0.000650 
2183.103325 0.000202 
2181.636134 0.000257 
2180.168942 -0.000368 
2178.701751 -0.000043 
2177.234559 -0.000398 
2175.767368 0.000202 
2174.300176 0.000454 
2172.832985 -0.000405 
2171.365793 0.001122 
2169.898602 0.000962 
2168.431410 0.001962 
2166.964219 0.002164 
2165.497027 0.002305 
2164.029836 0.003304 
2162.562644 0.003151 
2161.095453 0.004077 
2159.628261 0.003825 
2158.161070 0.003427 
2156.693878 0.003868 
2155.226687 0.003139 
2153.759495 0.003433 
2152.292304 0.002979 
2150.825113 0.002851 
2149.357921 0.003390 
2147.890730 0.004966 
2146.423538 0.009729 
2144.956347 0.012948 
2143.489155 0.015431 
2142.021964 0.017319 
2140.554772 0.018937 
2139.087581 0.020022 
2137.620389 0.016920 
2136.153198 0.013003 
2134.686006 0.010128 
2133.218815 0.007504 
2131.751623 0.006737 
2130.284432 0.005787 
2128.817240 0.005806 
2127.350049 0.005849 
2125.882857 0.005315 
2124.415666 0.006124 
2122.948474 0.005045 
2121.481283 0.005861 
2120.014091 0.005487 
2118.546900 0.004898 
2117.079708 0.005272 
2115.612517 0.004408 
2114.145325 0.005364 
2112.678134 0.004819 
2111.210942 0.004592 
2109.743751 0.004622 
2108.276559 0.003819 
2106.809368 0.004733 
2105.342176 0.004040 
2103.874985 0.003930 
2102.407793 0.003635 
2100.940602 0.003323 
2099.473410 0.003568 
2098.006219 0.002881 
2096.539027 0.003543 
2095.071836 0.003593 
2093.604644 0.002710 
2092.137453 0.003488 
2090.670261 0.002863 
2089.203070 0.002906 
2087.735878 0.002550 
2086.268687 0.002189 
2084.801495 0.002262 
2083.334304 0.001104 
2081.867112 0.002072 
2080.399921 0.001649 
2078.932729 0.001379 
2077.465538 0.001355 
2075.998346 0.000699 
2074.531155 0.001729 
2073.063963 0.000638 
2071.596772 0.001104 
2070.129580 0.001349 
2068.662389 0.000429 
2067.195197 0.001024 
2065.728006 0.000337 
2064.260814 0.000638 
2062.793623 0.000417 
2061.326431 -0.000208 
2059.859240 0.000313 
2058.392048 -0.000503 
2056.924857 0.000104 
2055.457665 -0.000337 
2053.990474 -0.000656 
2052.523282 -0.000221 
2051.056091 -0.000687 
2049.588899 0.000264 
2048.121708 -0.000539 
2046.654516 -0.000546 
2045.187325 -0.000337 
2043.720133 -0.001459 
2042.252942 -0.000398 
2040.785750 -0.000920 
2039.318559 -0.000362 
2037.851367 -0.001091 
2036.384176 -0.001165 
2034.916984 -0.000184 
2033.449793 -0.001024 
2031.982601 0.000086 
2030.515410 0.000061 
2029.048218 -0.000779 
2027.581027 0.000190 
2026.113835 -0.000920 
2024.646644 -0.000913 
2023.179452 -0.001477 
2021.712261 -0.001527 
2020.245069 -0.001643 
2018.777878 -0.002360 
2017.310686 -0.001631 
2015.843495 -0.002360 
2014.376303 -0.002796 
2012.909112 -0.002710 
2011.441920 -0.002955 
2009.974729 -0.002348 
2008.507537 -0.003102 
2007.040346 -0.002961 
2005.573154 -0.003550 
2004.105963 -0.004101 
2002.638771 -0.003482 
2001.171580 -0.004144 
1999.704388 -0.003660 
1998.237197 -0.003819 
1996.770005 -0.004107 
1995.302814 -0.003494 
1993.835622 -0.004261 
1992.368431 -0.003415 
1990.901239 -0.003727 
1989.434048 -0.004334 
1987.966856 -0.003635 
1986.499665 -0.004708 
1985.032473 -0.003832 
1983.565282 -0.004218 
1982.098090 -0.004150 
1980.630899 -0.004034 
1979.163707 -0.004751 
1977.696516 -0.003360 
1976.229324 -0.004334 
1974.762133 -0.003960 
1973.294941 -0.003807 
1971.827750 -0.004377 
1970.360558 -0.003176 
1968.893367 -0.003917 
1967.426175 -0.003494 
1965.958984 -0.003691 
1964.491792 -0.004065 
1963.024601 -0.003501 
1961.557409 -0.004144 
1960.090218 -0.003225 
1958.623026 -0.003163 
1957.155835 -0.003353 
1955.688643 -0.002765 
1954.221452 -0.003537 
1952.754260 -0.002563 
1951.287069 -0.002838 
1949.819877 -0.002636 
1948.352686 -0.002550 
1946.885494 -0.003452 
1945.418303 -0.002268 
1943.951111 -0.002912 
1942.483920 -0.001986 
1941.016728 -0.002293 
1939.549537 -0.002593 
1938.082345 -0.001919 
1936.615154 -0.002366 
1935.147962 -0.001956 
1933.680771 -0.001594 
1932.213579 -0.001870 
1930.746388 -0.001422 
1929.279196 -0.002097 
1927.812005 -0.001232 
1926.344813 -0.001625 
1924.877622 -0.001729 
1923.410430 -0.001054 
1921.943239 -0.001784 
1920.476047 -0.000779 
1919.008856 -0.000956 
1917.541664 0.000294 
1916.074473 -0.000809 
1914.607281 -0.001416 
1913.140090 -0.000705 
1911.672898 -0.001005 
1910.205707 -0.000337 
1908.738515 -0.000239 
1907.271324 -0.000969 
1905.804132 -0.000405 
1904.336941 -0.000895 
1902.869749 -0.000448 
1901.402558 -0.000546 
1899.935366 -0.000674 
1898.468175 -0.000055 
1897.000983 -0.000821 
1895.533792 0.000448 
1894.066601 0.000104 
1892.599409 -0.000221 
1891.132218 0.000276 
1889.665026 0.000116 
1888.197835 -0.000080 
1886.730643 -0.000748 
1885.263452 -0.000392 
1883.796260 -0.000227 
1882.329069 -0.001104 
1880.861877 -0.000080 
1879.394686 -0.001030 
1877.927494 -0.000166 
1876.460303 -0.000012 
1874.993111 -0.000797 
1873.525920 -0.000141 
1872.058728 -0.001018 
1870.591537 -0.000251 
1869.124345 0.001257 
1867.657154 -0.000331 
1866.189962 -0.000123 
1864.722771 -0.001005 
1863.255579 -0.000288 
1861.788388 -0.000533 
1860.321196 -0.000454 
1858.854005 0.000184 
1857.386813 -0.000742 
1855.919622 0.000454 
1854.452430 -0.000018 
1852.985239 -0.000080 
1851.518047 0.000607 
1850.050856 -0.000392 
1848.583664 0.000441 
1847.116473 0.000055 
1845.649281 0.000300 
1844.182090 0.002820 
1842.714898 0.000257 
1841.247707 0.001428 
1839.780515 0.000429 
1838.313324 0.001441 
1836.846132 0.001612 
1835.378941 0.001398 
1833.911749 0.002360 
1832.444558 0.001336 
1830.977366 0.002710 
1829.510175 0.003556 
1828.042983 0.002348 
1826.575792 0.003243 
1825.108600 0.003862 
1823.641409 0.003501 
1822.174217 0.003053 
1820.707026 0.003360 
1819.239834 0.004034 
1817.772643 0.003856 
1816.305451 0.004770 
1814.838260 0.004157 
1813.371068 0.005009 
1811.903877 0.005597 
1810.436685 0.005689 
1808.969494 0.005708 
1807.502302 0.005695 
1806.035111 0.006075 
1804.567919 0.006406 
1803.100728 0.006682 
1801.633536 0.008380 
1800.166345 0.007430 
1798.699153 0.007835 
1797.231962 0.008117 
1795.764770 0.008086 
1794.297579 0.009098 
1792.830387 0.011182 
1791.363196 0.010244 
1789.896004 0.009171 
1788.428813 0.009263 
1786.961621 0.010496 
1785.494430 0.010502 
1784.027238 0.011703 
1782.560047 0.011237 
1781.092855 0.012163 
1779.625664 0.012592 
1778.158472 0.012678 
1776.691281 0.013898 
1775.224089 0.013732 
1773.756898 0.014879 
1772.289706 0.018478 
1770.822515 0.015688 
1769.355323 0.016130 
1767.888132 0.018005 
1766.420940 0.017117 
1764.953749 0.017166 
1763.486557 0.017748 
1762.019366 0.021316 
1760.552174 0.019170 
1759.084983 0.020635 
1757.617791 0.020611 
1756.150600 0.022088 
1754.683408 0.022462 
1753.216217 0.022309 
1751.749025 0.026349 
1750.281834 0.025050 
1748.814642 0.026306 
1747.347451 0.026760 
1745.880259 0.026594 
1744.413068 0.028777 
1742.945876 0.029378 
1741.478685 0.030144 
1740.011493 0.033577 
1738.544302 0.032241 
1737.077110 0.034000 
1735.609919 0.034239 
1734.142727 0.040989 
1732.675536 0.039058 
1731.208344 0.037544 
1729.741153 0.040253 
1728.273961 0.040180 
1726.806770 0.042534 
1725.339578 0.043533 
1723.872387 0.045213 
1722.405195 0.046997 
1720.938004 0.047923 
1719.470812 0.050963 
1718.003621 0.054697 
1716.536429 0.055751 
1715.069238 0.056953 
1713.602046 0.055463 
1712.134855 0.057241 
1710.667663 0.058645 
1709.200472 0.060349 
1707.733280 0.061808 
1706.266089 0.064058 
1704.798897 0.066412 
1703.331706 0.065940 
1701.864514 0.068196 
1700.397323 0.076522 
1698.930131 0.071427 
1697.462940 0.071863 
1695.995748 0.081065 
1694.528557 0.074615 
1693.061365 0.073714 
1691.594174 0.073916 
1690.126982 0.075406 
1688.659791 0.075259 
1687.192599 0.076436 
1685.725408 0.078710 
1684.258216 0.084344 
1682.791025 0.078643 
1681.323833 0.076436 
1679.856642 0.077398 
1678.389450 0.075394 
1676.922259 0.075713 
1675.455067 0.079072 
1673.987876 0.074934 
1672.520684 0.074578 
1671.053493 0.074523 
1669.586301 0.075860 
1668.119110 0.072997 
1666.651918 0.071286 
1665.184727 0.070422 
1663.717535 0.069386 
1662.250344 0.069870 
1660.783152 0.066676 
1659.315961 0.064837 
1657.848769 0.064028 
1656.381578 0.061575 
1654.914386 0.062434 
1653.447195 0.066376 
1651.980003 0.063372 
1650.512812 0.057119 
1649.045620 0.054550 
1647.578429 0.056193 
1646.111237 0.056033 
1644.644046 0.052343 
1643.176854 0.051258 
1641.709663 0.050982 
1640.242471 0.051803 
1638.775280 0.050638 
1637.308088 0.052122 
1635.840897 0.056095 
1634.373706 0.053741 
1632.906514 0.053538 
1631.439323 0.053520 
1629.972131 0.053986 
1628.504940 0.054096 
1627.037748 0.054341 
1625.570557 0.054311 
1624.103365 0.054133 
1622.636174 0.054642 
1621.168982 0.052987 
1619.701791 0.052472 
1618.234599 0.053158 
1616.767408 0.058547 
1615.300216 0.053403 
1613.833025 0.051993 
1612.365833 0.052803 
1610.898642 0.053465 
1609.431450 0.053428 
1607.964259 0.054574 
1606.497067 0.054415 
1605.029876 0.054544 
1603.562684 0.054740 
1602.095493 0.054390 
1600.628301 0.054850 
1599.161110 0.054188 
1597.693918 0.054740 
1596.226727 0.054403 
1594.759535 0.053551 
1593.292344 0.054464 
1591.825152 0.053495 
1590.357961 0.054115 
1588.890769 0.053520 
1587.423578 0.053446 
1585.956386 0.053526 
1584.489195 0.052324 
1583.022003 0.053121 
1581.554812 0.051840 
1580.087620 0.051619 
1578.620429 0.052294 
1577.153237 0.051675 
1575.686046 0.056450 
1574.218854 0.050510 
1572.751663 0.050596 
1571.284471 0.050338 
1569.817280 0.051877 
1568.350088 0.050473 
1566.882897 0.048855 
1565.415705 0.049173 
1563.948514 0.048542 
1562.481322 0.047310 
1561.014131 0.049320 
1559.546939 0.051454 
1558.079748 0.052760 
1556.612556 0.045973 
1555.145365 0.045415 
1553.678173 0.047150 
1552.210982 0.043785 
1550.743790 0.044214 
1549.276599 0.043294 
1547.809407 0.043037 
1546.342216 0.042810 
1544.875024 0.043404 
1543.407833 0.043214 
1541.940641 0.044790 
1540.473450 0.043386 
1539.006258 0.045765 
1537.539067 0.039144 
1536.071875 0.040057 
1534.604684 0.040051 
1533.137492 0.041945 
1531.670301 0.039487 
1530.203109 0.038261 
1528.735918 0.039493 
1527.268726 0.037770 
1525.801535 0.038984 
1524.334343 0.037035 
1522.867152 0.037734 
1521.399960 0.040468 
1519.932769 0.037072 
1518.465577 0.035662 
1516.998386 0.036851 
1515.531194 0.034717 
1514.064003 0.034466 
1512.596811 0.034276 
1511.129620 0.034380 
1509.662428 0.034730 
1508.195237 0.036434 
1506.728045 0.040830 
1505.260854 0.037985 
1503.793662 0.034754 
1502.326471 0.034307 
1500.859279 0.035410 
1499.392088 0.036115 
1497.924896 0.036054 
1496.457705 0.039475 
1494.990513 0.035845 
1493.523322 0.036575 
1492.056130 0.036146 
1490.588939 0.038353 
1489.121747 0.037924 
1487.654556 0.037231 
1486.187364 0.037194 
1484.720173 0.037078 
1483.252981 0.036740 
1481.785790 0.037335 
1480.318598 0.036949 
1478.851407 0.037580 
1477.384215 0.037151 
1475.917024 0.038623 
1474.449832 0.037752 
1472.982641 0.039849 
1471.515449 0.039622 
1470.048258 0.036667 
1468.581066 0.037764 
1467.113875 0.037084 
1465.646683 0.037378 
1464.179492 0.038163 
1462.712300 0.036416 
1461.245109 0.036740 
1459.777917 0.036839 
1458.310726 0.038598 
1456.843534 0.042988 
1455.376343 0.037010 
1453.909151 0.037544 
1452.441960 0.036820 
1450.974768 0.036759 
1449.507577 0.037537 
1448.040385 0.037611 
1446.573194 0.037562 
1445.106002 0.037323 
1443.638811 0.037360 
1442.171619 0.037390 
1440.704428 0.036967 
1439.237236 0.038445 
1437.770045 0.038341 
1436.302853 0.041982 
1434.835662 0.038856 
1433.368470 0.039242 
1431.901279 0.039720 
1430.434087 0.040315 
1428.966896 0.040836 
1427.499704 0.041063 
1426.032513 0.040891 
1424.565321 0.042748 
1423.098130 0.042479 
1421.630938 0.043214 
1420.163747 0.044906 
1418.696555 0.046482 
1417.229364 0.045722 
1415.762172 0.045618 
1414.294981 0.047346 
1412.827789 0.046801 
1411.360598 0.047935 
1409.893406 0.048946 
1408.426215 0.048217 
1406.959023 0.048885 
1405.491832 0.048413 
1404.024640 0.048248 
1402.557449 0.047212 
1401.090257 0.046286 
1399.623066 0.046071 
1398.155874 0.042810 
1396.688683 0.042074 
1395.221491 0.041743 
1393.754300 0.040180 
1392.287108 0.039089 
1390.819917 0.037188 
1389.352725 0.037059 
1387.885534 0.037206 
1386.418342 0.036452 
1384.951151 0.036121 
1383.483959 0.035606 
1382.016768 0.036863 
1380.549576 0.036826 
1379.082385 0.038390 
1377.615193 0.038071 
1376.148002 0.038298 
1374.680811 0.040768 
1373.213619 0.039892 
1371.746428 0.040149 
1370.279236 0.040302 
1368.812045 0.039916 
1367.344853 0.039021 
1365.877662 0.037875 
1364.410470 0.036875 
1362.943279 0.035288 
1361.476087 0.033645 
1360.008896 0.032290 
1358.541704 0.029237 
1357.074513 0.028164 
1355.607321 0.025644 
1354.140130 0.023216 
1352.672938 0.021298 
1351.205747 0.018398 
1349.738555 0.017074 
1348.271364 0.013769 
1346.804172 0.012690 
1345.336981 0.010587 
1343.869789 0.008791 
1342.402598 0.008411 
1340.935406 0.007430 
1339.468215 0.007326 
1338.001023 0.006259 
1336.533832 0.006468 
1335.066640 0.006566 
1333.599449 0.005652 
1332.132257 0.006572 
1330.665066 0.006229 
1329.197874 0.005959 
1327.730683 0.006578 
1326.263491 0.005842 
1324.796300 0.006633 
1323.329108 0.006180 
1321.861917 0.006793 
1320.394725 0.006934 
1318.927534 0.006131 
1317.460342 0.007706 
1315.993151 0.006265 
1314.525959 0.006554 
1313.058768 0.006707 
1311.591576 0.005812 
1310.124385 0.006296 
1308.657193 0.005150 
1307.190002 0.005959 
1305.722810 0.004917 
1304.255619 0.004929 
1302.788427 0.005285 
1301.321236 0.003881 
1299.854044 0.004868 
1298.386853 0.004236 
1296.919661 0.004114 
1295.452470 0.004475 
1293.985278 0.003476 
1292.518087 0.004028 
1291.050895 0.003783 
1289.583704 0.004488 
1288.116512 0.004279 
1286.649321 0.003280 
1285.182129 0.004935 
1283.714938 0.004022 
1282.247746 0.004622 
1280.780555 0.004604 
1279.313363 0.004365 
1277.846172 0.004800 
1276.378980 0.004132 
1274.911789 0.004696 
1273.444597 0.003366 
1271.977406 0.002256 
1270.510214 0.001189 
1269.043023 0.004586 
1267.575831 0.001729 
1266.108640 0.001649 
1264.641448 0.001766 
1263.174257 0.001710 
1261.707065 0.002048 
1260.239874 0.000987 
1258.772682 0.001729 
1257.305491 0.004273 
1255.838299 0.001208 
1254.371108 0.001159 
1252.903916 0.000846 
1251.436725 0.001802 
1249.969533 0.001527 
1248.502342 0.001796 
1247.035150 0.001668 
1245.567959 0.002820 
1244.100767 0.001208 
1242.633576 0.001435 
1241.166384 0.001839 
1239.699193 0.001508 
1238.232001 0.000687 
1236.764810 0.002103 
1235.297618 0.004261 
1233.830427 0.003010 
1232.363235 0.003452 
1230.896044 0.005242 
1229.428852 0.005757 
1227.961661 0.007933 
1226.494469 0.008656 
1225.027278 0.009919 
1223.560086 0.010250 
1222.092895 0.009558 
1220.625703 0.010355 
1219.158512 0.008503 
1217.691320 0.007951 
1216.224129 0.007786 
1214.756937 0.007804 
1213.289746 0.007866 
1211.822554 0.006823 
1210.355363 0.008098 
1208.888171 0.007099 
1207.420980 0.006008 
1205.953788 0.006934 
1204.486597 0.005861 
1203.019405 0.006020 
1201.552214 0.005560 
1200.085022 0.005738 
1198.617831 0.005407 
1197.150639 0.004696 
1195.683448 0.005763 
1194.216256 0.003936 
1192.749065 0.004426 
1191.281873 0.004904 
1189.814682 0.003280 
1188.347490 0.003936 
1186.880299 0.003298 
1185.413107 0.003635 
1183.945916 0.002912 
1182.478724 0.002746 
1181.011533 0.004065 
1179.544341 0.002244 
1178.077150 0.002722 
1176.609958 0.002170 
1175.142767 0.001999 
1173.675575 0.001686 
1172.208384 0.001281 
1170.741192 0.001999 
1169.274001 0.000877 
1167.806809 0.001202 
1166.339618 0.001373 
1164.872426 0.000466 
1163.405235 0.001710 
1161.938043 0.000748 
1160.470852 0.001379 
1159.003660 0.000668 
1157.536469 0.000631 
1156.069277 0.001367 
1154.602086 -0.000883 
1153.134894 0.000239 
1151.667703 0.000478 
1150.200511 -0.000460 
1148.733320 0.000215 
1147.266128 -0.000386 
1145.798937 0.000116 
1144.331745 -0.000454 
1142.864554 -0.000092 
1141.397362 0.000270 
1139.930171 -0.001122 
1138.462979 -0.000141 
1136.995788 -0.000435 
1135.528596 -0.000466 
1134.061405 -0.000435 
1132.594213 -0.000515 
1131.127022 0.000037 
1129.659830 -0.001416 
1128.192639 -0.000478 
1126.725447 -0.000288 
1125.258256 -0.001251 
1123.791064 -0.000129 
1122.323873 -0.001024 
1120.856681 -0.000803 
1119.389490 -0.002293 
1117.922298 -0.002097 
1116.455107 -0.001845 
1114.987916 -0.004132 
1113.520724 -0.003133 
1112.053533 -0.003298 
1110.586341 -0.004022 
1109.119150 -0.004512 
1107.651958 -0.004770 
1106.184767 -0.004322 
1104.717575 -0.006161 
1103.250384 -0.005315 
1101.783192 -0.005370 
1100.316001 -0.007099 
1098.848809 -0.006180 
1097.381618 -0.006713 
1095.914426 -0.006915 
1094.447235 -0.007510 
1092.980043 -0.006566 
1091.512852 -0.005904 
1090.045660 -0.007534 
1088.578469 -0.006155 
1087.111277 -0.006523 
1085.644086 -0.007062 
1084.176894 -0.006265 
1082.709703 -0.006051 
1081.242511 -0.005934 
1079.775320 -0.007338 
1078.308128 -0.006204 
1076.840937 -0.005567 
1075.373745 -0.007081 
1073.906554 -0.005689 
1072.439362 -0.005793 
1070.972171 -0.005162 
1069.504979 -0.005646 
1068.037788 -0.004935 
1066.570596 -0.003887 
1065.103405 -0.005407 
1063.636213 -0.004389 
1062.169022 -0.003776 
1060.701830 -0.004181 
1059.234639 -0.003470 
1057.767447 -0.003053 
1056.300256 -0.002728 
1054.833064 -0.003470 
1053.365873 -0.002697 
1051.898681 -0.002434 
1050.431490 -0.003176 
1048.964298 -0.001999 
1047.497107 -0.002011 
1046.029915 -0.001815 
1044.562724 -0.001968 
1043.095532 -0.001956 
1041.628341 -0.000913 
1040.161149 -0.002587 
1038.693958 -0.001484 
1037.226766 -0.001514 
1035.759575 -0.001759 
1034.292383 -0.001668 
1032.825192 -0.002397 
1031.358000 -0.001416 
1029.890809 -0.002753 
1028.423617 -0.002256 
1026.956426 -0.000815 
1025.489234 -0.002415 
1024.022043 -0.001631 
1022.554851 -0.002097 
1021.087660 -0.001477 
1019.620468 -0.001821 
1018.153277 -0.002017 
1016.686085 -0.000190 
1015.218894 -0.000969 
1013.751702 -0.000668 
1012.284511 0.000061 
1010.817319 -0.000490 
1009.350128 -0.000172 
1007.882936 -0.000460 
1006.415745 0.000644 
1004.948553 -0.000497 
1003.481362 -0.000717 
1002.014170 -0.000153 
1000.546979 -0.001520 
999.079787 -0.001275 
997.612596 -0.001502 
996.145404 -0.001245 
994.678213 -0.001674 
993.211021 -0.002875 
991.743830 -0.001281 
990.276638 -0.002250 
988.809447 -0.001343 
987.342255 -0.001496 
985.875064 -0.001533 
984.407872 -0.001110 
982.940681 -0.001294 
981.473489 -0.000368 
980.006298 0.000270 
978.539106 -0.000466 
977.071915 0.001048 
975.604723 0.001986 
974.137532 0.002440 
972.670340 0.002716 
971.203149 0.003838 
969.735957 0.004359 
968.268766 0.004334 
966.801574 0.006382 
965.334383 0.006842 
963.867191 0.007547 
962.400000 0.008736 
960.932808 0.008834 
959.465617 0.010679 
957.998425 0.010876 
956.531234 0.012359 
955.064042 0.013610 
953.596851 0.014309 
952.129659 0.015155 
950.662468 0.016454 
949.195276 0.018018 
947.728085 0.018251 
946.260893 0.019207 
944.793702 0.021316 
943.326510 0.022070 
941.859319 0.022309 
940.392127 0.023682 
938.924936 0.025601 
937.457744 0.026735 
935.990553 0.026852 
934.523361 0.029323 
933.056170 0.029488 
931.588978 0.029752 
930.121787 0.031903 
928.654595 0.033614 
927.187404 0.034350 
925.720212 0.034319 
924.253021 0.036783 
922.785829 0.037525 
921.318638 0.037433 
919.851446 0.039640 
918.384255 0.041081 
916.917063 0.041467 
915.449872 0.042442 
913.982680 0.044588 
912.515489 0.046053 
911.048297 0.045146 
909.581106 0.047585 
908.113914 0.049443 
906.646723 0.048971 
905.179531 0.050540 
903.712340 0.052116 
902.245148 0.053642 
900.777957 0.053869 
899.310765 0.055911 
897.843574 0.057909 
896.376382 0.057327 
894.909191 0.058712 
893.441999 0.060699 
891.974808 0.061772 
890.507616 0.061765 
889.040425 0.063090 
887.573233 0.065812 
886.106042 0.065266 
884.638850 0.065787 
883.171659 0.068589 
881.704467 0.068975 
880.237276 0.069380 
878.770084 0.070845 
877.302893 0.073365 
875.835701 0.072151 
874.368510 0.071820 
872.901318 0.074897 
871.434127 0.074125 
869.966935 0.074106 
868.499744 0.074958 
867.032552 0.076387 
865.565361 0.076050 
864.098169 0.075093 
862.630978 0.078312 
861.163786 0.078698 
859.696595 0.078434 
858.229404 0.079612 
856.762212 0.081506 
855.295021 0.082806 
853.827829 0.081107 
852.360638 0.083891 
850.893446 0.084461 
849.426255 0.083744 
847.959063 0.084786 
846.491872 0.085534 
845.024680 0.085626 
843.557489 0.084442 
842.090297 0.085233 
840.623106 0.086778 
839.155914 0.085773 
837.688723 0.086840 
836.221531 0.088532 
834.754340 0.089837 
833.287148 0.089341 
831.819957 0.090003 
830.352765 0.093038 
828.885574 0.092075 
827.418382 0.092498 
825.951191 0.094251 
824.483999 0.092780 
823.016808 0.092952 
821.549616 0.091437 
820.082425 0.093810 
818.615233 0.093675 
817.148042 0.092621 
815.680850 0.094104 
814.213659 0.094233 
812.746467 0.093301 
811.279276 0.091867 
809.812084 0.092621 
808.344893 0.092578 
806.877701 0.089856 
805.410510 0.089500 
803.943318 0.087428 
802.476127 0.088391 
801.008935 0.086024 
799.541744 0.085350 
798.074552 0.086539 
796.607361 0.082867 
795.140169 0.083572 
793.672978 0.083627 
792.205786 0.083658 
790.738595 0.083357 
789.271403 0.081500 
787.804212 0.084823 
786.337020 0.083455 
784.869829 0.083247 
783.402637 0.084688 
781.935446 0.084528 
780.468254 0.084590 
779.001063 0.083670 
777.533871 0.084865 
776.066680 0.084602 
774.599488 0.081874 
773.132297 0.083296 
771.665105 0.081966 
770.197914 0.082542 
768.730722 0.081279 
767.263531 0.080825 
765.796339 0.081451 
764.329148 0.078606 
762.861956 0.078723 
761.394765 0.078122 
759.927573 0.077687 
758.460382 0.076724 
756.993190 0.074664 
755.525999 0.076111 
754.058807 0.073573 
752.591616 0.071918 
751.124424 0.071703 
749.657233 0.070330 
748.190041 0.070079 
746.722850 0.067344 
745.255658 0.068687 
743.788467 0.066897 
742.321275 0.064776 
740.854084 0.064316 
739.386892 0.061919 
737.919701 0.062133 
736.452509 0.058792 
734.985318 0.057437 
733.518126 0.057762 
732.050935 0.054023 
730.583743 0.053115 
729.116552 0.051344 
727.649360 0.051350 
726.182169 0.049063 
724.714977 0.044851 
723.247786 0.046917 
721.780594 0.044870 
720.313403 0.043135 
718.846211 0.040112 
717.379020 0.039113 
715.911828 0.040100 
714.444637 0.034251 
712.977445 0.033228 
711.510254 0.031824 
710.043062 0.031303 
708.575871 0.028795 
707.108679 0.025644 
705.641488 0.027183 
704.174296 0.025148 
702.707105 0.021518 
701.239913 0.019881 
699.772722 0.018851 
698.305530 0.018349 
696.838339 0.011973 
695.371147 0.012476 
693.903956 0.012598 
692.436764 0.010955 
690.969573 0.008276 
689.502381 0.004524 
688.035190 0.006167 
686.567998 0.004377 
685.100807 0.000153 
683.633615 -0.000699 
682.166424 -0.001386 
680.699232 -0.000871 
679.232041 -0.005922 
677.764849 -0.007761 
676.297658 -0.007081 
674.830466 -0.004016 
673.363275 0.002195 
671.896083 0.004187 
670.428892 0.013867 
668.961700 0.017000 
667.494509 0.023351 
666.027317 0.024062 
664.560126 0.034313 
663.092934 0.049602 
661.625743 0.057339 
660.158551 0.068123 
658.691360 0.073824 
657.224168 0.078134 
655.756977 0.089702 
654.289785 0.086055 
652.822594 0.071574 
651.355402 0.067645 
649.888211 0.056469 
648.421019 0.049523 
646.953828 0.039928 
645.486636 0.035361 
644.019445 0.028869 
642.552253 0.021488 
641.085062 0.017061 
639.617870 0.011795 
638.150679 0.017337 
636.683487 0.009864 
635.216296 0.007780 
633.749104 0.006897 
632.281913 0.004181 
630.814721 0.011243 
629.347530 0.000380 
627.880338 0.002385 
626.413147 -0.000650 
624.945955 -0.001974 
623.478764 -0.003366 
622.011572 -0.009165 
620.544381 -0.002207 
619.077189 -0.003494 
617.609998 -0.005947 
616.142806 -0.007161 
614.675615 -0.007118 
613.208423 -0.010220 
611.741232 -0.005836 
610.274040 -0.008981 
608.806849 -0.005671 
607.339657 -0.008049 
605.872466 -0.008105 
604.405274 0.000871 
602.938083 -0.015081 
601.470891 -0.007001 
600.003700 0.005885 
