5000.111000 -0.000828 
4998.643809 0.001381 
4997.176617 -0.000756 
4995.709426 -0.000929 
4994.242234 -0.001530 
4992.775043 -0.000255 
4991.307851 -0.001035 
4989.840660 -0.001418 
4988.373468 0.000052 
4986.906277 -0.001290 
4985.439085 -0.001470 
4983.971894 -0.003430 
4982.504702 -0.002047 
4981.037511 -0.000782 
4979.570319 -0.002970 
4978.103128 -0.000087 
4976.635936 -0.001399 
4975.168745 -0.000799 
4973.701553 -0.002068 
4972.234362 -0.001240 
4970.767170 -0.000371 
4969.299979 -0.000745 
4967.832787 -0.001848 
4966.365596 -0.001350 
4964.898404 -0.001673 
4963.431213 -0.001261 
4961.964021 -0.000406 
4960.496830 0.000182 
4959.029638 -0.001020 
4957.562447 -0.000671 
4956.095255 -0.000412 
4954.628064 -0.001180 
4953.160872 -0.001679 
4951.693681 -0.000168 
4950.226489 0.000729 
4948.759298 0.001116 
4947.292106 -0.000193 
4945.824915 -0.000101 
4944.357723 0.000219 
4942.890532 -0.000211 
4941.423340 0.000333 
4939.956149 0.000805 
4938.488957 0.003583 
4937.021766 0.001136 
4935.554574 -0.000424 
4934.087383 0.002049 
4932.620191 -0.000344 
4931.153000 0.001165 
4929.685808 -0.000031 
4928.218617 0.002020 
4926.751425 0.000120 
4925.284234 -0.000857 
4923.817042 0.000838 
4922.349851 0.002223 
4920.882659 0.001846 
4919.415468 -0.000089 
4917.948276 0.002223 
4916.481085 0.001474 
4915.013893 0.000958 
4913.546702 0.001211 
4912.079510 0.001091 
4910.612319 0.001271 
4909.145127 0.001275 
4907.677936 -0.000017 
4906.210744 0.000172 
4904.743553 0.000397 
4903.276361 0.002051 
4901.809170 0.001499 
4900.341978 0.000828 
4898.874787 0.002016 
4897.407595 0.000669 
4895.940404 0.001043 
4894.473212 0.002358 
4893.006021 -0.000282 
4891.538829 0.000130 
4890.071638 0.000635 
4888.604446 0.000816 
4887.137255 0.000706 
4885.670063 0.002736 
4884.202872 0.000963 
4882.735680 0.001060 
4881.268489 0.000491 
4879.801297 0.000588 
4878.334106 0.000344 
4876.866914 -0.000031 
4875.399723 0.000635 
4873.932531 0.002840 
4872.465340 0.001871 
4870.998148 -0.000567 
4869.530957 0.000770 
4868.063765 0.000507 
4866.596574 0.001501 
4865.129382 0.001379 
4863.662191 0.000797 
4862.194999 0.001089 
4860.727808 0.000722 
4859.260616 0.001215 
4857.793425 0.000555 
4856.326233 0.000698 
4854.859042 -0.000393 
4853.391850 0.000451 
4851.924659 -0.000230 
4850.457467 0.000056 
4848.990276 0.001668 
4847.523084 0.001515 
4846.055893 0.000638 
4844.588701 0.001612 
4843.121510 0.000594 
4841.654318 0.001047 
4840.187127 0.000654 
4838.719935 -0.000184 
4837.252744 0.001403 
4835.785552 -0.001244 
4834.318361 0.000693 
4832.851169 0.000331 
4831.383978 0.000052 
4829.916786 -0.000785 
4828.449595 -0.001184 
4826.982403 0.001557 
4825.515212 0.000354 
4824.048020 0.000975 
4822.580829 0.000702 
4821.113637 -0.000282 
4819.646446 0.000346 
4818.179254 0.001207 
4816.712063 0.000389 
4815.244871 0.001795 
4813.777680 0.001023 
4812.310488 0.000182 
4810.843297 -0.000362 
4809.376105 -0.000478 
4807.908914 -0.000431 
4806.441722 0.000184 
4804.974531 0.000681 
4803.507339 0.001492 
4802.040148 0.001105 
4800.572956 0.001445 
4799.105765 0.000698 
4797.638573 -0.000139 
4796.171382 -0.000689 
4794.704190 0.000847 
4793.236999 -0.000940 
4791.769807 -0.000689 
4790.302616 0.000538 
4788.835424 -0.000110 
4787.368233 -0.000238 
4785.901041 0.000582 
4784.433850 -0.001352 
4782.966658 0.000561 
4781.499467 0.000186 
4780.032275 -0.000331 
4778.565084 0.000137 
4777.097892 -0.000012 
4775.630701 0.000012 
4774.163509 -0.000416 
4772.696318 -0.000395 
4771.229126 -0.000377 
4769.761935 -0.000900 
4768.294743 -0.001677 
4766.827552 -0.000509 
4765.360360 -0.000203 
4763.893169 -0.000114 
4762.425977 0.000008 
4760.958786 -0.001076 
4759.491594 0.000435 
4758.024403 -0.001201 
4756.557211 0.000060 
4755.090020 -0.000677 
4753.622828 0.001590 
4752.155637 -0.000818 
4750.688445 -0.000871 
4749.221254 -0.001737 
4747.754062 -0.000315 
4746.286871 -0.000091 
4744.819679 0.001399 
4743.352488 0.000989 
4741.885296 -0.000809 
4740.418105 -0.001014 
4738.950914 -0.001153 
4737.483722 -0.000058 
4736.016531 0.000428 
4734.549339 -0.000644 
4733.082148 -0.002000 
4731.614956 -0.000693 
4730.147765 0.000785 
4728.680573 0.001244 
4727.213382 -0.000014 
4725.746190 -0.000234 
4724.278999 0.000176 
4722.811807 0.000418 
4721.344616 -0.000387 
4719.877424 -0.000070 
4718.410233 -0.000050 
4716.943041 -0.001004 
4715.475850 0.001298 
4714.008658 0.000244 
4712.541467 -0.000480 
4711.074275 -0.000302 
4709.607084 -0.000174 
4708.139892 0.000882 
4706.672701 0.000669 
4705.205509 0.001954 
4703.738318 0.000143 
4702.271126 0.000310 
4700.803935 0.000708 
4699.336743 -0.000310 
4697.869552 0.000062 
4696.402360 -0.001277 
4694.935169 0.000279 
4693.467977 -0.000938 
4692.000786 0.001174 
4690.533594 0.000081 
4689.066403 0.001654 
4687.599211 0.000462 
4686.132020 0.000950 
4684.664828 0.000871 
4683.197637 0.001426 
4681.730445 0.002055 
4680.263254 0.001867 
4678.796062 0.002474 
4677.328871 0.002064 
4675.861679 0.002225 
4674.394488 0.001677 
4672.927296 0.000888 
4671.460105 0.000890 
4669.992913 0.001919 
4668.525722 0.000996 
4667.058530 -0.000188 
4665.591339 -0.000439 
4664.124147 -0.000004 
4662.656956 -0.000486 
4661.189764 0.002004 
4659.722573 0.000660 
4658.255381 -0.000476 
4656.788190 0.000756 
4655.320998 0.000364 
4653.853807 0.000654 
4652.386615 0.000381 
4650.919424 0.000188 
4649.452232 0.000749 
4647.985041 0.000284 
4646.517849 -0.000480 
4645.050658 -0.000072 
4643.583466 0.002349 
4642.116275 0.000462 
4640.649083 0.001099 
4639.181892 0.001081 
4637.714700 0.001468 
4636.247509 0.001277 
4634.780317 0.001312 
4633.313126 0.001418 
4631.845934 0.001602 
4630.378743 0.001037 
4628.911551 0.001161 
4627.444360 0.001863 
4625.977168 0.001960 
4624.509977 0.002161 
4623.042785 0.002037 
4621.575594 0.001277 
4620.108402 0.001950 
4618.641211 0.002635 
4617.174019 0.002788 
4615.706828 0.001619 
4614.239636 0.001457 
4612.772445 0.002275 
4611.305253 0.003360 
4609.838062 0.001861 
4608.370870 0.003742 
4606.903679 0.002904 
4605.436487 0.004173 
4603.969296 0.003604 
4602.502104 0.003275 
4601.034913 0.003566 
4599.567721 0.002981 
4598.100530 0.003397 
4596.633338 0.004181 
4595.166147 0.005024 
4593.698955 0.004069 
4592.231764 0.005475 
4590.764572 0.004655 
4589.297381 0.004850 
4587.830189 0.004951 
4586.362998 0.004862 
4584.895806 0.005245 
4583.428615 0.004639 
4581.961423 0.005655 
4580.494232 0.005616 
4579.027040 0.005959 
4577.559849 0.005750 
4576.092657 0.007369 
4574.625466 0.008023 
4573.158274 0.006998 
4571.691083 0.007361 
4570.223891 0.006208 
4568.756700 0.007522 
4567.289508 0.007417 
4565.822317 0.007694 
4564.355125 0.007007 
4562.887934 0.007253 
4561.420742 0.007580 
4559.953551 0.008963 
4558.486359 0.009215 
4557.019168 0.008532 
4555.551976 0.006578 
4554.084785 0.008938 
4552.617593 0.008394 
4551.150402 0.009300 
4549.683210 0.009044 
4548.216019 0.009284 
4546.748827 0.010292 
4545.281636 0.008808 
4543.814444 0.008847 
4542.347253 0.008027 
4540.880061 0.008178 
4539.412870 0.008574 
4537.945678 0.009257 
4536.478487 0.009586 
4535.011295 0.009238 
4533.544104 0.009617 
4532.076912 0.009302 
4530.609721 0.009797 
4529.142529 0.008690 
4527.675338 0.010635 
4526.208146 0.007996 
4524.740955 0.008708 
4523.273763 0.007984 
4521.806572 0.009824 
4520.339380 0.009946 
4518.872189 0.008538 
4517.404997 0.009203 
4515.937806 0.008638 
4514.470614 0.009133 
4513.003423 0.008675 
4511.536231 0.008400 
4510.069040 0.007630 
4508.601848 0.007721 
4507.134657 0.007557 
4505.667465 0.007942 
4504.200274 0.007599 
4502.733082 0.008454 
4501.265891 0.008307 
4499.798699 0.008723 
4498.331508 0.008992 
4496.864316 0.007191 
4495.397125 0.008549 
4493.929933 0.007607 
4492.462742 0.008731 
4490.995550 0.007555 
4489.528359 0.007506 
4488.061167 0.006361 
4486.593976 0.006943 
4485.126784 0.006541 
4483.659593 0.005334 
4482.192402 0.005237 
4480.725210 0.005274 
4479.258019 0.004305 
4477.790827 0.003844 
4476.323636 0.006707 
4474.856444 0.004059 
4473.389253 0.003908 
4471.922061 0.003556 
4470.454870 0.002794 
4468.987678 0.003351 
4467.520487 0.002103 
4466.053295 0.002602 
4464.586104 0.002026 
4463.118912 0.001109 
4461.651721 0.001764 
4460.184529 0.002298 
4458.717338 0.001948 
4457.250146 0.001201 
4455.782955 0.000816 
4454.315763 0.001196 
4452.848572 0.000917 
4451.381380 0.000402 
4449.914189 0.001141 
4448.446997 -0.000594 
4446.979806 0.000195 
4445.512614 0.000298 
4444.045423 -0.000062 
4442.578231 -0.000859 
4441.111040 -0.001167 
4439.643848 -0.000838 
4438.176657 -0.000319 
4436.709465 -0.000135 
4435.242274 0.000209 
4433.775082 -0.001354 
4432.307891 -0.000824 
4430.840699 -0.000832 
4429.373508 -0.000751 
4427.906316 -0.001654 
4426.439125 -0.001083 
4424.971933 -0.001242 
4423.504742 -0.002451 
4422.037550 -0.000718 
4420.570359 -0.001581 
4419.103167 -0.001339 
4417.635976 -0.001492 
4416.168784 -0.001494 
4414.701593 0.000031 
4413.234401 -0.001215 
4411.767210 -0.000948 
4410.300018 -0.002556 
4408.832827 -0.001751 
4407.365635 -0.001430 
4405.898444 -0.001550 
4404.431252 -0.001410 
4402.964061 -0.002558 
4401.496869 -0.001652 
4400.029678 -0.002527 
4398.562486 -0.002366 
4397.095295 -0.001615 
4395.628103 -0.001724 
4394.160912 -0.000960 
4392.693720 -0.001517 
4391.226529 -0.001304 
4389.759337 -0.002341 
4388.292146 -0.002074 
4386.824954 -0.001911 
4385.357763 -0.001946 
4383.890571 -0.002563 
4382.423380 -0.001689 
4380.956188 -0.001499 
4379.488997 -0.001635 
4378.021805 -0.002627 
4376.554614 -0.001573 
4375.087422 -0.001507 
4373.620231 -0.002710 
4372.153039 -0.002726 
4370.685848 -0.002306 
4369.218656 -0.002068 
4367.751465 -0.002285 
4366.284273 -0.001182 
4364.817082 -0.002604 
4363.349890 -0.001942 
4361.882699 -0.002579 
4360.415507 -0.001921 
4358.948316 -0.001677 
4357.481124 -0.002527 
4356.013933 -0.002149 
4354.546741 -0.002055 
4353.079550 -0.000294 
4351.612358 -0.001927 
4350.145167 -0.001308 
4348.677975 -0.002979 
4347.210784 -0.001584 
4345.743592 -0.001569 
4344.276401 -0.002354 
4342.809209 -0.001695 
4341.342018 -0.001884 
4339.874826 -0.001660 
4338.407635 -0.002645 
4336.940443 -0.002393 
4335.473252 -0.001581 
4334.006060 -0.000362 
4332.538869 -0.001853 
4331.071677 -0.001834 
4329.604486 -0.000853 
4328.137294 -0.000956 
4326.670103 -0.001354 
4325.202911 -0.002399 
4323.735720 -0.001331 
4322.268528 -0.002033 
4320.801337 -0.002380 
4319.334145 -0.001747 
4317.866954 -0.002002 
4316.399762 -0.001234 
4314.932571 -0.001964 
4313.465379 -0.000658 
4311.998188 -0.001730 
4310.530996 -0.001646 
4309.063805 -0.000640 
4307.596613 0.000153 
4306.129422 -0.000642 
4304.662230 -0.000149 
4303.195039 -0.000807 
4301.727847 0.000176 
4300.260656 -0.000236 
4298.793464 -0.000271 
4297.326273 0.000501 
4295.859081 -0.001225 
4294.391890 0.000056 
4292.924698 -0.001240 
4291.457507 -0.001739 
4289.990315 -0.001445 
4288.523124 -0.001300 
4287.055932 -0.001550 
4285.588741 -0.001877 
4284.121549 -0.001277 
4282.654358 -0.000402 
4281.187166 -0.000391 
4279.719975 -0.000985 
4278.252783 -0.001455 
4276.785592 -0.002322 
4275.318400 -0.002316 
4273.851209 -0.004320 
4272.384017 -0.002722 
4270.916826 -0.003734 
4269.449634 -0.002869 
4267.982443 -0.003691 
4266.515251 -0.002910 
4265.048060 -0.002333 
4263.580868 -0.003513 
4262.113677 -0.002950 
4260.646485 -0.004107 
4259.179294 -0.003084 
4257.712102 -0.003771 
4256.244911 -0.002024 
4254.777719 -0.002830 
4253.310528 -0.002532 
4251.843336 -0.002144 
4250.376145 -0.002811 
4248.908953 -0.000985 
4247.441762 -0.001921 
4245.974570 -0.001612 
4244.507379 -0.001343 
4243.040187 -0.001134 
4241.572996 -0.002647 
4240.105804 -0.001954 
4238.638613 -0.001664 
4237.171421 -0.003248 
4235.704230 -0.002300 
4234.237038 -0.002494 
4232.769847 -0.002809 
4231.302655 -0.002730 
4229.835464 -0.001981 
4228.368272 -0.002892 
4226.901081 -0.002511 
4225.433889 -0.002602 
4223.966698 -0.002997 
4222.499507 -0.003699 
4221.032315 -0.002838 
4219.565124 -0.003564 
4218.097932 -0.002900 
4216.630741 -0.002707 
4215.163549 -0.003517 
4213.696358 -0.003362 
4212.229166 -0.003061 
4210.761975 -0.002153 
4209.294783 -0.002532 
4207.827592 -0.001971 
4206.360400 -0.001565 
4204.893209 -0.001321 
4203.426017 -0.001784 
4201.958826 -0.001360 
4200.491634 -0.001120 
4199.024443 -0.002455 
4197.557251 -0.001534 
4196.090060 -0.002449 
4194.622868 -0.001675 
4193.155677 -0.001321 
4191.688485 -0.001861 
4190.221294 -0.001880 
4188.754102 -0.002223 
4187.286911 -0.002091 
4185.819719 -0.002277 
4184.352528 -0.001958 
4182.885336 -0.002283 
4181.418145 -0.001933 
4179.950953 -0.003372 
4178.483762 -0.002608 
4177.016570 -0.003076 
4175.549379 -0.003126 
4174.082187 -0.003467 
4172.614996 -0.002587 
4171.147804 -0.002633 
4169.680613 -0.002565 
4168.213421 -0.001714 
4166.746230 -0.002060 
4165.279038 -0.002339 
4163.811847 -0.001673 
4162.344655 -0.002823 
4160.877464 -0.002331 
4159.410272 -0.001728 
4157.943081 -0.002144 
4156.475889 -0.002621 
4155.008698 -0.002896 
4153.541506 -0.003918 
4152.074315 -0.002687 
4150.607123 -0.004187 
4149.139932 -0.001840 
4147.672740 -0.002935 
4146.205549 -0.003368 
4144.738357 -0.002503 
4143.271166 -0.003302 
4141.803974 -0.004670 
4140.336783 -0.002291 
4138.869591 -0.002579 
4137.402400 -0.003556 
4135.935208 -0.002730 
4134.468017 -0.002685 
4133.000825 -0.001741 
4131.533634 -0.002049 
4130.066442 -0.001983 
4128.599251 -0.002006 
4127.132059 -0.001594 
4125.664868 -0.001908 
4124.197676 -0.001790 
4122.730485 -0.002503 
4121.263293 -0.002430 
4119.796102 -0.002389 
4118.328910 -0.003376 
4116.861719 -0.002000 
4115.394527 -0.003233 
4113.927336 -0.002457 
4112.460144 -0.003391 
4110.992953 -0.002873 
4109.525761 -0.003217 
4108.058570 -0.002592 
4106.591378 -0.003070 
4105.124187 -0.003268 
4103.656995 -0.002931 
4102.189804 -0.003130 
4100.722612 -0.002517 
4099.255421 -0.003391 
4097.788229 -0.002202 
4096.321038 -0.002525 
4094.853846 -0.002376 
4093.386655 -0.001664 
4091.919463 -0.003016 
4090.452272 -0.002043 
4088.985080 -0.002211 
4087.517889 -0.000836 
4086.050697 -0.001722 
4084.583506 -0.001586 
4083.116314 -0.002049 
4081.649123 -0.001269 
4080.181931 -0.001287 
4078.714740 -0.001764 
4077.247548 -0.001437 
4075.780357 -0.000534 
4074.313165 -0.000081 
4072.845974 -0.001612 
4071.378782 -0.000039 
4069.911591 -0.000259 
4068.444399 -0.000629 
4066.977208 -0.000894 
4065.510016 -0.000654 
4064.042825 -0.001190 
4062.575633 -0.001923 
4061.108442 -0.000766 
4059.641250 -0.001695 
4058.174059 -0.001461 
4056.706867 -0.002171 
4055.239676 -0.000884 
4053.772484 -0.001873 
4052.305293 -0.001886 
4050.838101 -0.001685 
4049.370910 -0.001764 
4047.903718 -0.001971 
4046.436527 -0.001807 
4044.969335 -0.001418 
4043.502144 -0.001486 
4042.034952 -0.002089 
4040.567761 -0.002302 
4039.100569 -0.001300 
4037.633378 -0.002244 
4036.166186 -0.002260 
4034.698995 -0.001503 
4033.231803 -0.001045 
4031.764612 -0.001646 
4030.297420 -0.002275 
4028.830229 -0.000867 
4027.363037 -0.001052 
4025.895846 -0.000880 
4024.428654 -0.000871 
4022.961463 -0.000989 
4021.494271 -0.002010 
4020.027080 -0.001488 
4018.559888 -0.001387 
4017.092697 -0.000555 
4015.625505 -0.001201 
4014.158314 -0.000046 
4012.691122 -0.000797 
4011.223931 -0.001735 
4009.756739 -0.000352 
4008.289548 -0.000391 
4006.822356 -0.000331 
4005.355165 -0.001300 
4003.887973 -0.000542 
4002.420782 -0.001165 
4000.953590 0.000242 
3999.486399 -0.000035 
3998.019207 -0.000828 
3996.552016 0.001167 
3995.084824 -0.000874 
3993.617633 0.000151 
3992.150441 -0.001281 
3990.683250 0.000120 
3989.216058 -0.000126 
3987.748867 0.000406 
3986.281675 0.000600 
3984.814484 0.000325 
3983.347292 -0.000008 
3981.880101 -0.000712 
3980.412909 0.000522 
3978.945718 0.000219 
3977.478526 0.000536 
3976.011335 -0.000147 
3974.544143 0.000263 
3973.076952 -0.000095 
3971.609760 0.000221 
3970.142569 0.000054 
3968.675377 -0.000863 
3967.208186 -0.000114 
3965.740994 -0.000387 
3964.273803 0.000201 
3962.806612 -0.000549 
3961.339420 0.000161 
3959.872229 -0.000664 
3958.405037 0.000310 
3956.937846 -0.000193 
3955.470654 -0.000054 
3954.003463 0.000128 
3952.536271 0.000259 
3951.069080 0.000938 
3949.601888 0.001116 
3948.134697 0.001265 
3946.667505 0.000180 
3945.200314 0.000902 
3943.733122 0.000627 
3942.265931 0.001300 
3940.798739 -0.000203 
3939.331548 0.001149 
3937.864356 0.000072 
3936.397165 -0.000292 
3934.929973 0.001221 
3933.462782 0.000544 
3931.995590 0.000615 
3930.528399 -0.000006 
3929.061207 0.000673 
3927.594016 0.000151 
3926.126824 0.000383 
3924.659633 -0.000300 
3923.192441 0.000621 
3921.725250 -0.000385 
3920.258058 0.000149 
3918.790867 0.000219 
3917.323675 -0.000244 
3915.856484 -0.000317 
3914.389292 -0.000588 
3912.922101 0.000451 
3911.454909 -0.000785 
3909.987718 -0.000760 
3908.520526 -0.000991 
3907.053335 -0.000969 
3905.586143 0.000029 
3904.118952 -0.000244 
3902.651760 -0.000368 
3901.184569 0.000058 
3899.717377 0.000275 
3898.250186 -0.001302 
3896.782994 -0.000809 
3895.315803 -0.001840 
3893.848611 -0.001567 
3892.381420 -0.001350 
3890.914228 -0.000284 
3889.447037 -0.001660 
3887.979845 -0.002393 
3886.512654 -0.001122 
3885.045462 -0.001675 
3883.578271 -0.001370 
3882.111079 -0.001610 
3880.643888 -0.000559 
3879.176696 -0.001648 
3877.709505 -0.001503 
3876.242313 -0.002124 
3874.775122 -0.000977 
3873.307930 -0.000420 
3871.840739 -0.001786 
3870.373547 0.000764 
3868.906356 0.000391 
3867.439164 0.000644 
3865.971973 -0.000683 
3864.504781 0.001397 
3863.037590 -0.000371 
3861.570398 0.000132 
3860.103207 0.000679 
3858.636015 0.000143 
3857.168824 0.001041 
3855.701632 -0.000228 
3854.234441 0.005055 
3852.767249 0.002403 
3851.300058 0.003705 
3849.832866 0.000685 
3848.365675 0.000892 
3846.898483 -0.000460 
3845.431292 0.000505 
3843.964100 0.000855 
3842.496909 0.000147 
3841.029717 0.000809 
3839.562526 0.000058 
3838.095334 0.002316 
3836.628143 0.000758 
3835.160951 -0.000070 
3833.693760 -0.000753 
3832.226568 0.000387 
3830.759377 -0.000350 
3829.292185 -0.000809 
3827.824994 -0.000598 
3826.357802 -0.000439 
3824.890611 -0.000501 
3823.423419 -0.000716 
3821.956228 0.000940 
3820.489036 0.000880 
3819.021845 -0.000339 
3817.554653 -0.001434 
3816.087462 0.001451 
3814.620270 -0.000337 
3813.153079 -0.001217 
3811.685887 -0.001167 
3810.218696 -0.001397 
3808.751504 -0.001569 
3807.284313 -0.000598 
3805.817121 -0.000050 
3804.349930 -0.001650 
3802.882738 -0.000741 
3801.415547 0.000621 
3799.948355 -0.000416 
3798.481164 -0.002078 
3797.013972 -0.001122 
3795.546781 -0.001354 
3794.079589 -0.002242 
3792.612398 -0.001679 
3791.145206 -0.002159 
3789.678015 -0.001701 
3788.210823 -0.002900 
3786.743632 -0.002465 
3785.276440 -0.002594 
3783.809249 -0.001944 
3782.342057 -0.002710 
3780.874866 -0.001809 
3779.407674 -0.001182 
3777.940483 -0.001724 
3776.473291 -0.001159 
3775.006100 -0.002768 
3773.538908 -0.001070 
3772.071717 -0.002227 
3770.604525 -0.001408 
3769.137334 -0.001103 
3767.670142 -0.000263 
3766.202951 -0.000538 
3764.735759 -0.000253 
3763.268568 0.000433 
3761.801376 0.000489 
3760.334185 0.001434 
3758.866993 0.001559 
3757.399802 0.002933 
3755.932610 0.002705 
3754.465419 0.004150 
3752.998227 0.005450 
3751.531036 0.008772 
3750.063844 0.008303 
3748.596653 0.010919 
3747.129461 0.011171 
3745.662270 0.012995 
3744.195078 0.020869 
3742.727887 0.017636 
3741.260695 0.020223 
3739.793504 0.020420 
3738.326312 0.020844 
3736.859121 0.021606 
3735.391929 0.020238 
3733.924738 0.019807 
3732.457546 0.017228 
3730.990355 0.016779 
3729.523163 0.014034 
3728.055972 0.013457 
3726.588780 0.011817 
3725.121589 0.010184 
3723.654397 0.008255 
3722.187206 0.007572 
3720.720014 0.007050 
3719.252823 0.005591 
3717.785631 0.004755 
3716.318440 0.003095 
3714.851248 0.003566 
3713.384057 0.001147 
3711.916865 0.002859 
3710.449674 0.001134 
3708.982482 0.001283 
3707.515291 0.000445 
3706.048099 0.000097 
3704.580908 -0.000445 
3703.113717 -0.000383 
3701.646525 0.000412 
3700.179334 -0.000667 
3698.712142 0.000625 
3697.244951 0.000060 
3695.777759 0.001277 
3694.310568 0.001410 
3692.843376 0.001437 
3691.376185 0.001188 
3689.908993 0.000963 
3688.441802 0.002250 
3686.974610 -0.000689 
3685.507419 -0.000958 
3684.040227 -0.001478 
3682.573036 -0.001151 
3681.105844 -0.002755 
3679.638653 -0.001093 
3678.171461 -0.002778 
3676.704270 -0.001391 
3675.237078 -0.000584 
3673.769887 -0.002091 
3672.302695 -0.002532 
3670.835504 -0.000515 
3669.368312 -0.000561 
3667.901121 -0.001265 
3666.433929 -0.001383 
3664.966738 -0.002523 
3663.499546 -0.001064 
3662.032355 -0.002296 
3660.565163 -0.000766 
3659.097972 -0.001337 
3657.630780 -0.000261 
3656.163589 0.001416 
3654.696397 0.000549 
3653.229206 0.002055 
3651.762014 0.001993 
3650.294823 0.004428 
3648.827631 0.004713 
3647.360440 0.005988 
3645.893248 0.006216 
3644.426057 0.007249 
3642.958865 0.008182 
3641.491674 0.009770 
3640.024482 0.010867 
3638.557291 0.010929 
3637.090099 0.014345 
3635.622908 0.014961 
3634.155716 0.017481 
3632.688525 0.017657 
3631.221333 0.019828 
3629.754142 0.021830 
3628.286950 0.023910 
3626.819759 0.024686 
3625.352567 0.025535 
3623.885376 0.027298 
3622.418184 0.027822 
3620.950993 0.031165 
3619.483801 0.031372 
3618.016610 0.033018 
3616.549418 0.033701 
3615.082227 0.036340 
3613.615035 0.037495 
3612.147844 0.038658 
3610.680652 0.039503 
3609.213461 0.041767 
3607.746269 0.043030 
3606.279078 0.043164 
3604.811886 0.045721 
3603.344695 0.045369 
3601.877503 0.046894 
3600.410312 0.047726 
3598.943120 0.049407 
3597.475929 0.049964 
3596.008737 0.050711 
3594.541546 0.053667 
3593.074354 0.053640 
3591.607163 0.055170 
3590.139971 0.055077 
3588.672780 0.058509 
3587.205588 0.058979 
3585.738397 0.060363 
3584.271205 0.061227 
3582.804014 0.062498 
3581.336822 0.063924 
3579.869631 0.064803 
3578.402439 0.066223 
3576.935248 0.066985 
3575.468056 0.068800 
3574.000865 0.070094 
3572.533673 0.072394 
3571.066482 0.073284 
3569.599290 0.075470 
3568.132099 0.078204 
3566.664907 0.079442 
3565.197716 0.081429 
3563.730524 0.082259 
3562.263333 0.084741 
3560.796141 0.086356 
3559.328950 0.089189 
3557.861758 0.090150 
3556.394567 0.094553 
3554.927375 0.095643 
3553.460184 0.099024 
3551.992992 0.101532 
3550.525801 0.103741 
3549.058609 0.106858 
3547.591418 0.109088 
3546.124226 0.113143 
3544.657035 0.115184 
3543.189843 0.118970 
3541.722652 0.122110 
3540.255460 0.125657 
3538.788269 0.128555 
3537.321077 0.132641 
3535.853886 0.135943 
3534.386694 0.139458 
3532.919503 0.143184 
3531.452311 0.146435 
3529.985120 0.151362 
3528.517928 0.154680 
3527.050737 0.158588 
3525.583545 0.162152 
3524.116354 0.167536 
3522.649162 0.170198 
3521.181971 0.175913 
3519.714779 0.180291 
3518.247588 0.184961 
3516.780396 0.189192 
3515.313205 0.193077 
3513.846013 0.198952 
3512.378822 0.201496 
3510.911630 0.207848 
3509.444439 0.211690 
3507.977247 0.216894 
3506.510056 0.220943 
3505.042864 0.226703 
3503.575673 0.231452 
3502.108481 0.235118 
3500.641290 0.240969 
3499.174098 0.245115 
3497.706907 0.251934 
3496.239715 0.254596 
3494.772524 0.261315 
3493.305332 0.265119 
3491.838141 0.270781 
3490.370949 0.275163 
3488.903758 0.280054 
3487.436566 0.286148 
3485.969375 0.290430 
3484.502183 0.295848 
3483.034992 0.300201 
3481.567800 0.306390 
3480.100609 0.309437 
3478.633417 0.315379 
3477.166226 0.320389 
3475.699034 0.326410 
3474.231843 0.331897 
3472.764651 0.335866 
3471.297460 0.343177 
3469.830268 0.346998 
3468.363077 0.353332 
3466.895885 0.357844 
3465.428694 0.363863 
3463.961502 0.368258 
3462.494311 0.373476 
3461.027119 0.379560 
3459.559928 0.385103 
3458.092736 0.391069 
3456.625545 0.395618 
3455.158353 0.402364 
3453.691162 0.405817 
3452.223970 0.412126 
3450.756779 0.417860 
3449.289587 0.423651 
3447.822396 0.428727 
3446.355205 0.434076 
3444.888013 0.439915 
3443.420822 0.445462 
3441.953630 0.450846 
3440.486439 0.454684 
3439.019247 0.461552 
3437.552056 0.466652 
3436.084864 0.472924 
3434.617673 0.477648 
3433.150481 0.484276 
3431.683290 0.489436 
3430.216098 0.494990 
3428.748907 0.501245 
3427.281715 0.506579 
3425.814524 0.512365 
3424.347332 0.519042 
3422.880141 0.526875 
3421.412949 0.531000 
3419.945758 0.537746 
3418.478566 0.544420 
3417.011375 0.552323 
3415.544183 0.559207 
3414.076992 0.566547 
3412.609800 0.575104 
3411.142609 0.581614 
3409.675417 0.589983 
3408.208226 0.596344 
3406.741034 0.604992 
3405.273843 0.611146 
3403.806651 0.619792 
3402.339460 0.626143 
3400.872268 0.631585 
3399.405077 0.637639 
3397.937885 0.644300 
3396.470694 0.649558 
3395.003502 0.653025 
3393.536311 0.658568 
3392.069119 0.662387 
3390.601928 0.668634 
3389.134736 0.671387 
3387.667545 0.676088 
3386.200353 0.679135 
3384.733162 0.683898 
3383.265970 0.687220 
3381.798779 0.689166 
3380.331587 0.693443 
3378.864396 0.694633 
3377.397204 0.697972 
3375.930013 0.700480 
3374.462821 0.704939 
3372.995630 0.704616 
3371.528438 0.708027 
3370.061247 0.708849 
3368.594055 0.709789 
3367.126864 0.711070 
3365.659672 0.712285 
3364.192481 0.716346 
3362.725289 0.716531 
3361.258098 0.719317 
3359.790906 0.720257 
3358.323715 0.722929 
3356.856523 0.723583 
3355.389332 0.725483 
3353.922140 0.725135 
3352.454949 0.726460 
3350.987757 0.728621 
3349.520566 0.729729 
3348.053374 0.733782 
3346.586183 0.733034 
3345.118991 0.736170 
3343.651800 0.735137 
3342.184608 0.737489 
3340.717417 0.738944 
3339.250225 0.741159 
3337.783034 0.742573 
3336.315842 0.743732 
3334.848651 0.745528 
3333.381459 0.746120 
3331.914268 0.749229 
3330.447076 0.748956 
3328.979885 0.752198 
3327.512693 0.753334 
3326.045502 0.756276 
3324.578310 0.757489 
3323.111119 0.758840 
3321.643927 0.762589 
3320.176736 0.763516 
3318.709544 0.768364 
3317.242353 0.771272 
3315.775161 0.777751 
3314.307970 0.781382 
3312.840778 0.789034 
3311.373587 0.795346 
3309.906395 0.802706 
3308.439204 0.809378 
3306.972012 0.817746 
3305.504821 0.825372 
3304.037629 0.832298 
3302.570438 0.842265 
3301.103246 0.848634 
3299.636055 0.856734 
3298.168863 0.863012 
3296.701672 0.870774 
3295.234480 0.876270 
3293.767289 0.880664 
3292.300097 0.886232 
3290.832906 0.889408 
3289.365714 0.894835 
3287.898523 0.897915 
3286.431331 0.901848 
3284.964140 0.902997 
3283.496948 0.905369 
3282.029757 0.906015 
3280.562565 0.907178 
3279.095374 0.905481 
3277.628182 0.906333 
3276.160991 0.905433 
3274.693799 0.904460 
3273.226608 0.902396 
3271.759416 0.898950 
3270.292225 0.896348 
3268.825033 0.894319 
3267.357842 0.892713 
3265.890650 0.888989 
3264.423459 0.886652 
3262.956267 0.882711 
3261.489076 0.879335 
3260.021884 0.876243 
3258.554693 0.874887 
3257.087501 0.874363 
3255.620310 0.874227 
3254.153118 0.876740 
3252.685927 0.879863 
3251.218735 0.887774 
3249.751544 0.895491 
3248.284352 0.907050 
3246.817161 0.919161 
3245.349969 0.932218 
3243.882778 0.946440 
3242.415586 0.959556 
3240.948395 0.972555 
3239.481203 0.981505 
3238.014012 0.990629 
3236.546820 0.995160 
3235.079629 1.000000 
3233.612437 0.998516 
3232.145246 0.998474 
3230.678054 0.995237 
3229.210863 0.990431 
3227.743671 0.985575 
3226.276480 0.978909 
3224.809288 0.972915 
3223.342097 0.964619 
3221.874905 0.958777 
3220.407714 0.950953 
3218.940522 0.944679 
3217.473331 0.935201 
3216.006139 0.929912 
3214.538948 0.923539 
3213.071756 0.915427 
3211.604565 0.911032 
3210.137373 0.904030 
3208.670182 0.899329 
3207.202990 0.890662 
3205.735799 0.887104 
3204.268607 0.879590 
3202.801416 0.874616 
3201.334224 0.869182 
3199.867033 0.863647 
3198.399841 0.859269 
3196.932650 0.852656 
3195.465458 0.847798 
3193.998267 0.840445 
3192.531075 0.836529 
3191.063884 0.829806 
3189.596692 0.824989 
3188.129501 0.820332 
3186.662310 0.813476 
3185.195118 0.807695 
3183.727927 0.801849 
3182.260735 0.796708 
3180.793544 0.788745 
3179.326352 0.784062 
3177.859161 0.777105 
3176.391969 0.774029 
3174.924778 0.765476 
3173.457586 0.759380 
3171.990395 0.753409 
3170.523203 0.746826 
3169.056012 0.741291 
3167.588820 0.733908 
3166.121629 0.730043 
3164.654437 0.721329 
3163.187246 0.717340 
3161.720054 0.709265 
3160.252863 0.704865 
3158.785671 0.697669 
3157.318480 0.692056 
3155.851288 0.686254 
3154.384097 0.679177 
3152.916905 0.673929 
3151.449714 0.667577 
3149.982522 0.662955 
3148.515331 0.656490 
3147.048139 0.651696 
3145.580948 0.645472 
3144.113756 0.640904 
3142.646565 0.635157 
3141.179373 0.630554 
3139.712182 0.625427 
3138.244990 0.619660 
3136.777799 0.615406 
3135.310607 0.609070 
3133.843416 0.605576 
3132.376224 0.599138 
3130.909033 0.594827 
3129.441841 0.589379 
3127.974650 0.584951 
3126.507458 0.580101 
3125.040267 0.575175 
3123.573075 0.571873 
3122.105884 0.566216 
3120.638692 0.561971 
3119.171501 0.556815 
3117.704309 0.553165 
3116.237118 0.547883 
3114.769926 0.544349 
3113.302735 0.539880 
3111.835543 0.536152 
3110.368352 0.531623 
3108.901160 0.527018 
3107.433969 0.523768 
3105.966777 0.519049 
3104.499586 0.516298 
3103.032394 0.512131 
3101.565203 0.509450 
3100.098011 0.505201 
3098.630820 0.503363 
3097.163628 0.501119 
3095.696437 0.500467 
3094.229245 0.500425 
3092.762054 0.500024 
3091.294862 0.500966 
3089.827671 0.497763 
3088.360479 0.496377 
3086.893288 0.490900 
3085.426096 0.487650 
3083.958905 0.479892 
3082.491713 0.475764 
3081.024522 0.471227 
3079.557330 0.466553 
3078.090139 0.462030 
3076.622947 0.457894 
3075.155756 0.455431 
3073.688564 0.450679 
3072.221373 0.448534 
3070.754181 0.443496 
3069.286990 0.441089 
3067.819798 0.436667 
3066.352607 0.434550 
3064.885415 0.431118 
3063.418224 0.426893 
3061.951032 0.424225 
3060.483841 0.419584 
3059.016649 0.416978 
3057.549458 0.410760 
3056.082266 0.408729 
3054.615075 0.403983 
3053.147883 0.401944 
3051.680692 0.397419 
3050.213500 0.394848 
3048.746309 0.392863 
3047.279117 0.389222 
3045.811926 0.388458 
3044.344734 0.384112 
3042.877543 0.382834 
3041.410351 0.379324 
3039.943160 0.378848 
3038.475968 0.376277 
3037.008777 0.375174 
3035.541585 0.372932 
3034.074394 0.370361 
3032.607202 0.369723 
3031.140011 0.364888 
3029.672819 0.363917 
3028.205628 0.360084 
3026.738436 0.358846 
3025.271245 0.354729 
3023.804053 0.353305 
3022.336862 0.351305 
3020.869670 0.348672 
3019.402479 0.347931 
3017.935287 0.346797 
3016.468096 0.350084 
3015.000904 0.353609 
3013.533713 0.361073 
3012.066521 0.366525 
3010.599330 0.372170 
3009.132138 0.373329 
3007.664947 0.371442 
3006.197755 0.367987 
3004.730564 0.361578 
3003.263372 0.355555 
3001.796181 0.347935 
3000.328989 0.343435 
2998.861798 0.335661 
2997.394606 0.331210 
2995.927415 0.325214 
2994.460223 0.320964 
2992.993032 0.316412 
2991.525840 0.312670 
2990.058649 0.310161 
2988.591457 0.308104 
2987.124266 0.308205 
2985.657074 0.307880 
2984.189883 0.310910 
2982.722691 0.311950 
2981.255500 0.318056 
2979.788308 0.325319 
2978.321117 0.335017 
2976.853925 0.344048 
2975.386734 0.353143 
2973.919542 0.361113 
2972.452351 0.362466 
2970.985159 0.362665 
2969.517968 0.359082 
2968.050776 0.356213 
2966.583585 0.351560 
2965.116393 0.350353 
2963.649202 0.347813 
2962.182010 0.347480 
2960.714819 0.346706 
2959.247627 0.345035 
2957.780436 0.343502 
2956.313244 0.339353 
2954.846053 0.336058 
2953.378861 0.331156 
2951.911670 0.328047 
2950.444478 0.323477 
2948.977287 0.321388 
2947.510095 0.319546 
2946.042904 0.320962 
2944.575712 0.323423 
2943.108521 0.327994 
2941.641329 0.334744 
2940.174138 0.340382 
2938.706946 0.349293 
2937.239755 0.355195 
2935.772563 0.363253 
2934.305372 0.367836 
2932.838180 0.372915 
2931.370989 0.376823 
2929.903797 0.379769 
2928.436606 0.381046 
2926.969415 0.380831 
2925.502223 0.380460 
2924.035032 0.375410 
2922.567840 0.372238 
2921.100649 0.366339 
2919.633457 0.361388 
2918.166266 0.355617 
2916.699074 0.351150 
2915.231883 0.346517 
2913.764691 0.341388 
2912.297500 0.337656 
2910.830308 0.332243 
2909.363117 0.329532 
2907.895925 0.322407 
2906.428734 0.319145 
2904.961542 0.312759 
2903.494351 0.308884 
2902.027159 0.302397 
2900.559968 0.297721 
2899.092776 0.293920 
2897.625585 0.289468 
2896.158393 0.286674 
2894.691202 0.281379 
2893.224010 0.279946 
2891.756819 0.275055 
2890.289627 0.273914 
2888.822436 0.271070 
2887.355244 0.269905 
2885.888053 0.268566 
2884.420861 0.268475 
2882.953670 0.269795 
2881.486478 0.268601 
2880.019287 0.270516 
2878.552095 0.269984 
2877.084904 0.273200 
2875.617712 0.271557 
2874.150521 0.272165 
2872.683329 0.271702 
2871.216138 0.269895 
2869.748946 0.268417 
2868.281755 0.264997 
2866.814563 0.263513 
2865.347372 0.260489 
2863.880180 0.260965 
2862.412989 0.259394 
2860.945797 0.261532 
2859.478606 0.261420 
2858.011414 0.263401 
2856.544223 0.264517 
2855.077031 0.265736 
2853.609840 0.265893 
2852.142648 0.263528 
2850.675457 0.262729 
2849.208265 0.257196 
2847.741074 0.253693 
2846.273882 0.248280 
2844.806691 0.243569 
2843.339499 0.237401 
2841.872308 0.233124 
2840.405116 0.228840 
2838.937925 0.223944 
2837.470733 0.220545 
2836.003542 0.216372 
2834.536350 0.214114 
2833.069159 0.209223 
2831.601967 0.206921 
2830.134776 0.203011 
2828.667584 0.200860 
2827.200393 0.196983 
2825.733201 0.193845 
2824.266010 0.191928 
2822.798818 0.188095 
2821.331627 0.186344 
2819.864435 0.183475 
2818.397244 0.182496 
2816.930052 0.178975 
2815.462861 0.177977 
2813.995669 0.174570 
2812.528478 0.172620 
2811.061286 0.169969 
2809.594095 0.168048 
2808.126903 0.166348 
2806.659712 0.163417 
2805.192520 0.162672 
2803.725329 0.159638 
2802.258137 0.159385 
2800.790946 0.156208 
2799.323754 0.155591 
2797.856563 0.153709 
2796.389371 0.152022 
2794.922180 0.150254 
2793.454988 0.149193 
2791.987797 0.148412 
2790.520605 0.145937 
2789.053414 0.145456 
2787.586222 0.143295 
2786.119031 0.142770 
2784.651839 0.140056 
2783.184648 0.139882 
2781.717456 0.138118 
2780.250265 0.137290 
2778.783073 0.136326 
2777.315882 0.134492 
2775.848690 0.134765 
2774.381499 0.131708 
2772.914307 0.131977 
2771.447116 0.129549 
2769.979924 0.129986 
2768.512733 0.127719 
2767.045541 0.127438 
2765.578350 0.126531 
2764.111158 0.125018 
2762.643967 0.125010 
2761.176775 0.122652 
2759.709584 0.123159 
2758.242392 0.120737 
2756.775201 0.121466 
2755.308009 0.119315 
2753.840818 0.119955 
2752.373626 0.117964 
2750.906435 0.117384 
2749.439243 0.117107 
2747.972052 0.115771 
2746.504860 0.115533 
2745.037669 0.113648 
2743.570477 0.114664 
2742.103286 0.112410 
2740.636094 0.113577 
2739.168903 0.111839 
2737.701711 0.111926 
2736.234520 0.111089 
2734.767328 0.109787 
2733.300137 0.109545 
2731.832945 0.107732 
2730.365754 0.108533 
2728.898562 0.106618 
2727.431371 0.107498 
2725.964179 0.104788 
2724.496988 0.104517 
2723.029796 0.103513 
2721.562605 0.102683 
2720.095413 0.102008 
2718.628222 0.100179 
2717.161030 0.100653 
2715.693839 0.098378 
2714.226647 0.099123 
2712.759456 0.096666 
2711.292264 0.096683 
2709.825073 0.094853 
2708.357881 0.094035 
2706.890690 0.093358 
2705.423498 0.092340 
2703.956307 0.092754 
2702.489115 0.090539 
2701.021924 0.091446 
2699.554732 0.089272 
2698.087541 0.089204 
2696.620349 0.087051 
2695.153158 0.087724 
2693.685966 0.086494 
2692.218775 0.085666 
2690.751583 0.085722 
2689.284392 0.084203 
2687.817200 0.084571 
2686.350009 0.082489 
2684.882817 0.083073 
2683.415626 0.081307 
2681.948434 0.081684 
2680.481243 0.079736 
2679.014051 0.080446 
2677.546860 0.079461 
2676.079668 0.078246 
2674.612477 0.078593 
2673.145285 0.077008 
2671.678094 0.077339 
2670.210903 0.075410 
2668.743711 0.076287 
2667.276520 0.074820 
2665.809328 0.075242 
2664.342137 0.074431 
2662.874945 0.074081 
2661.407754 0.073884 
2659.940562 0.072725 
2658.473371 0.072649 
2657.006179 0.071208 
2655.538988 0.071527 
2654.071796 0.069960 
2652.604605 0.070748 
2651.137413 0.068513 
2649.670222 0.068496 
2648.203030 0.067064 
2646.735839 0.066809 
2645.268647 0.066408 
2643.801456 0.065282 
2642.334264 0.065429 
2640.867073 0.063857 
2639.399881 0.064890 
2637.932690 0.062804 
2636.465498 0.063373 
2634.998307 0.061601 
2633.531115 0.061597 
2632.063924 0.060659 
2630.596732 0.060601 
2629.129541 0.060229 
2627.662349 0.058662 
2626.195158 0.059457 
2624.727966 0.057751 
2623.260775 0.058198 
2621.793583 0.056267 
2620.326392 0.057172 
2618.859200 0.055911 
2617.392009 0.056006 
2615.924817 0.055456 
2614.457626 0.054797 
2612.990434 0.055317 
2611.523243 0.053322 
2610.056051 0.053773 
2608.588860 0.052198 
2607.121668 0.053075 
2605.654477 0.051105 
2604.187285 0.051626 
2602.720094 0.050935 
2601.252902 0.050405 
2599.785711 0.050744 
2598.318519 0.049262 
2596.851328 0.049790 
2595.384136 0.048345 
2593.916945 0.049086 
2592.449753 0.047397 
2590.982562 0.048258 
2589.515370 0.046760 
2588.048179 0.046712 
2586.580987 0.046615 
2585.113796 0.045079 
2583.646604 0.045261 
2582.179413 0.043866 
2580.712221 0.044851 
2579.245030 0.043305 
2577.777838 0.044522 
2576.310647 0.042605 
2574.843455 0.042583 
2573.376264 0.041916 
2571.909072 0.041310 
2570.441881 0.041502 
2568.974689 0.039952 
2567.507498 0.040834 
2566.040306 0.039623 
2564.573115 0.040457 
2563.105923 0.038304 
2561.638732 0.039045 
2560.171540 0.037843 
2558.704349 0.038047 
2557.237157 0.037797 
2555.769966 0.037027 
2554.302774 0.037447 
2552.835583 0.035742 
2551.368391 0.037184 
2549.901200 0.035092 
2548.434008 0.035557 
2546.966817 0.034046 
2545.499625 0.034485 
2544.032434 0.033916 
2542.565242 0.033719 
2541.098051 0.033539 
2539.630859 0.032372 
2538.163668 0.033380 
2536.696476 0.031612 
2535.229285 0.032376 
2533.762093 0.031107 
2532.294902 0.031769 
2530.827710 0.030447 
2529.360519 0.030877 
2527.893327 0.030589 
2526.426136 0.029513 
2524.958944 0.029764 
2523.491753 0.028716 
2522.024561 0.029211 
2520.557370 0.027650 
2519.090178 0.028418 
2517.622987 0.027247 
2516.155795 0.027687 
2514.688604 0.026760 
2513.221412 0.026702 
2511.754221 0.026599 
2510.287029 0.025574 
2508.819838 0.025885 
2507.352646 0.024696 
2505.885455 0.025673 
2504.418263 0.024440 
2502.951072 0.024845 
2501.483880 0.023970 
2500.016689 0.024071 
2498.549497 0.023324 
2497.082306 0.022525 
2495.615114 0.022854 
2494.147923 0.022001 
2492.680731 0.022370 
2491.213540 0.021235 
2489.746348 0.022270 
2488.279157 0.020579 
2486.811965 0.020997 
2485.344774 0.020312 
2483.877582 0.020207 
2482.410391 0.019478 
2480.943199 0.018954 
2479.476008 0.019882 
2478.008816 0.018801 
2476.541625 0.019252 
2475.074433 0.017971 
2473.607242 0.018565 
2472.140050 0.016940 
2470.672859 0.017303 
2469.205667 0.016944 
2467.738476 0.017005 
2466.271284 0.016802 
2464.804093 0.016121 
2463.336901 0.016781 
2461.869710 0.015162 
2460.402518 0.015700 
2458.935327 0.014508 
2457.468135 0.015140 
2456.000944 0.014096 
2454.533752 0.014469 
2453.066561 0.013982 
2451.599369 0.013535 
2450.132178 0.013691 
2448.664986 0.012308 
2447.197795 0.013287 
2445.730603 0.011467 
2444.263412 0.012223 
2442.796220 0.011362 
2441.329029 0.012370 
2439.861837 0.011027 
2438.394646 0.010921 
2436.927454 0.011049 
2435.460263 0.010027 
2433.993071 0.010511 
2432.525880 0.009371 
2431.058688 0.010755 
2429.591497 0.009021 
2428.124305 0.009853 
2426.657114 0.008857 
2425.189922 0.008940 
2423.722731 0.008381 
2422.255539 0.007928 
2420.788348 0.008646 
2419.321156 0.007087 
2417.853965 0.007934 
2416.386773 0.007195 
2414.919582 0.008149 
2413.452390 0.006311 
2411.985199 0.007032 
2410.518008 0.006348 
2409.050816 0.005945 
2407.583625 0.005916 
2406.116433 0.005136 
2404.649242 0.006123 
2403.182050 0.004419 
2401.714859 0.005146 
2400.247667 0.003900 
2398.780476 0.004626 
2397.313284 0.003014 
2395.846093 0.003823 
2394.378901 0.003405 
2392.911710 0.002637 
2391.444518 0.002778 
2389.977327 0.001971 
2388.510135 0.002453 
2387.042944 0.001412 
2385.575752 0.001848 
2384.108561 0.000604 
2382.641369 0.001304 
2381.174178 0.000567 
2379.706986 0.000387 
2378.239795 0.000880 
2376.772603 0.000890 
2375.305412 0.001764 
2373.838220 0.001188 
2372.371029 0.002240 
2370.903837 0.001250 
2369.436646 0.003051 
2367.969454 0.002652 
2366.502263 0.003800 
2365.035071 0.002805 
2363.567880 0.003035 
2362.100688 0.002316 
2360.633497 0.001824 
2359.166305 0.001714 
2357.699114 -0.001339 
2356.231922 -0.000604 
2354.764731 -0.003405 
2353.297539 -0.005343 
2351.830348 -0.007025 
2350.363156 -0.008803 
2348.895965 -0.009662 
2347.428773 -0.006127 
2345.961582 0.005578 
2344.494390 0.031842 
2343.027199 0.081994 
2341.560007 0.145556 
2340.092816 0.209548 
2338.625624 0.246405 
2337.158433 0.242338 
2335.691241 0.197480 
2334.224050 0.131012 
2332.756858 0.075693 
2331.289667 0.043239 
2329.822475 0.032684 
2328.355284 0.027153 
2326.888092 0.025369 
2325.420901 0.021890 
2323.953709 0.020565 
2322.486518 0.018849 
2321.019326 0.018522 
2319.552135 0.016530 
2318.084943 0.015082 
2316.617752 0.014719 
2315.150560 0.013626 
2313.683369 0.013405 
2312.216177 0.011970 
2310.748986 0.012484 
2309.281794 0.011039 
2307.814603 0.011314 
2306.347411 0.010350 
2304.880220 0.010795 
2303.413028 0.010805 
2301.945837 0.010799 
2300.478645 0.011333 
2299.011454 0.010331 
2297.544262 0.011352 
2296.077071 0.010495 
2294.609879 0.011852 
2293.142688 0.011064 
2291.675496 0.012219 
2290.208305 0.011683 
2288.741113 0.011799 
2287.273922 0.012033 
2285.806730 0.012070 
2284.339539 0.013167 
2282.872347 0.012850 
2281.405156 0.014620 
2279.937964 0.014548 
2278.470773 0.016657 
2277.003581 0.017683 
2275.536390 0.020083 
2274.069198 0.021616 
2272.602007 0.023161 
2271.134815 0.025193 
2269.667624 0.025802 
2268.200432 0.027961 
2266.733241 0.028813 
2265.266049 0.032045 
2263.798858 0.033206 
2262.331666 0.035477 
2260.864475 0.036207 
2259.397283 0.037460 
2257.930092 0.038203 
2256.462900 0.037793 
2254.995709 0.038393 
2253.528517 0.037694 
2252.061326 0.038799 
2250.594134 0.037079 
2249.126943 0.038006 
2247.659751 0.037344 
2246.192560 0.036814 
2244.725368 0.036363 
2243.258177 0.035739 
2241.790985 0.035829 
2240.323794 0.034965 
2238.856602 0.035829 
2237.389411 0.034976 
2235.922219 0.036427 
2234.455028 0.036168 
2232.987836 0.037563 
2231.520645 0.038331 
2230.053453 0.038782 
2228.586262 0.039159 
2227.119070 0.039072 
2225.651879 0.039886 
2224.184687 0.038449 
2222.717496 0.039323 
2221.250304 0.038418 
2219.783113 0.038925 
2218.315921 0.037754 
2216.848730 0.037762 
2215.381538 0.037035 
2213.914347 0.035853 
2212.447155 0.035396 
2210.979964 0.034075 
2209.512772 0.033560 
2208.045581 0.031720 
2206.578389 0.032308 
2205.111198 0.031126 
2203.644006 0.031403 
2202.176815 0.030550 
2200.709623 0.030627 
2199.242432 0.030873 
2197.775240 0.030654 
2196.308049 0.031525 
2194.840857 0.031444 
2193.373666 0.033610 
2191.906474 0.034071 
2190.439283 0.036915 
2188.972091 0.039095 
2187.504900 0.042659 
2186.037708 0.046294 
2184.570517 0.051372 
2183.103325 0.057194 
2181.636134 0.062924 
2180.168942 0.070645 
2178.701751 0.078169 
2177.234559 0.087035 
2175.767368 0.094420 
2174.300176 0.103060 
2172.832985 0.109851 
2171.365793 0.116924 
2169.898602 0.121783 
2168.431410 0.126028 
2166.964219 0.128990 
2165.497027 0.128965 
2164.029836 0.128833 
2162.562644 0.125183 
2161.095453 0.121207 
2159.628261 0.114213 
2158.161070 0.107428 
2156.693878 0.098156 
2155.226687 0.089438 
2153.759495 0.079208 
2152.292304 0.068753 
2150.825113 0.058739 
2149.357921 0.047399 
2147.890730 0.039182 
2146.423538 0.033738 
2144.956347 0.042461 
2143.489155 0.069361 
2142.021964 0.136454 
2140.554772 0.261302 
2139.087581 0.394118 
2137.620389 0.481982 
2136.153198 0.470558 
2134.686006 0.391510 
2133.218815 0.316224 
2131.751623 0.270648 
2130.284432 0.236772 
2128.817240 0.209633 
2127.350049 0.181070 
2125.882857 0.156553 
2124.415666 0.135239 
2122.948474 0.119040 
2121.481283 0.109390 
2120.014091 0.102077 
2118.546900 0.099812 
2117.079708 0.096691 
2115.612517 0.096521 
2114.145325 0.093509 
2112.678134 0.092327 
2111.210942 0.088630 
2109.743751 0.085339 
2108.276559 0.082336 
2106.809368 0.078026 
2105.342176 0.075867 
2103.874985 0.072669 
2102.407793 0.071742 
2100.940602 0.068020 
2099.473410 0.067540 
2098.006219 0.065681 
2096.539027 0.065990 
2095.071836 0.066608 
2093.604644 0.068451 
2092.137453 0.073151 
2090.670261 0.074851 
2089.203070 0.077200 
2087.735878 0.077031 
2086.268687 0.079310 
2084.801495 0.078968 
2083.334304 0.081317 
2081.867112 0.082054 
2080.399921 0.082491 
2078.932729 0.082063 
2077.465538 0.079978 
2075.998346 0.078130 
2074.531155 0.073087 
2073.063963 0.070074 
2071.596772 0.064909 
2070.129580 0.062396 
2068.662389 0.057923 
2067.195197 0.055594 
2065.728006 0.053160 
2064.260814 0.050695 
2062.793623 0.049511 
2061.326431 0.047118 
2059.859240 0.046669 
2058.392048 0.043934 
2056.924857 0.044143 
2055.457665 0.041862 
2053.990474 0.041715 
2052.523282 0.039308 
2051.056091 0.038633 
2049.588899 0.037590 
2048.121708 0.036292 
2046.654516 0.036209 
2045.187325 0.034396 
2043.720133 0.035259 
2042.252942 0.033626 
2040.785750 0.034653 
2039.318559 0.033009 
2037.851367 0.033073 
2036.384176 0.032150 
2034.916984 0.031548 
2033.449793 0.031266 
2031.982601 0.029822 
2030.515410 0.030242 
2029.048218 0.028375 
2027.581027 0.029081 
2026.113835 0.026741 
2024.646644 0.027017 
2023.179452 0.025489 
2021.712261 0.025392 
2020.245069 0.024775 
2018.777878 0.024005 
2017.310686 0.024284 
2015.843495 0.022854 
2014.376303 0.023583 
2012.909112 0.021623 
2011.441920 0.022726 
2009.974729 0.021442 
2008.507537 0.022457 
2007.040346 0.021772 
2005.573154 0.021755 
2004.105963 0.021422 
2002.638771 0.019855 
2001.171580 0.020265 
1999.704388 0.017870 
1998.237197 0.018631 
1996.770005 0.016166 
1995.302814 0.017185 
1993.835622 0.015839 
1992.368431 0.016243 
1990.901239 0.015721 
1989.434048 0.014972 
1987.966856 0.015295 
1986.499665 0.013639 
1985.032473 0.014630 
1983.565282 0.013078 
1982.098090 0.014529 
1980.630899 0.012989 
1979.163707 0.014200 
1977.696516 0.013481 
1976.229324 0.013744 
1974.762133 0.014032 
1973.294941 0.013804 
1971.827750 0.015191 
1970.360558 0.013972 
1968.893367 0.016237 
1967.426175 0.015286 
1965.958984 0.017828 
1964.491792 0.017611 
1963.024601 0.020188 
1961.557409 0.022960 
1960.090218 0.026143 
1958.623026 0.030658 
1957.155835 0.031502 
1955.688643 0.033974 
1954.221452 0.032266 
1952.754260 0.034218 
1951.287069 0.032662 
1949.819877 0.034291 
1948.352686 0.033599 
1946.885494 0.032875 
1945.418303 0.031353 
1943.951111 0.028700 
1942.483920 0.029219 
1941.016728 0.026479 
1939.549537 0.027596 
1938.082345 0.025148 
1936.615154 0.025916 
1935.147962 0.023171 
1933.680771 0.023183 
1932.213579 0.022208 
1930.746388 0.020958 
1929.279196 0.020710 
1927.812005 0.018422 
1926.344813 0.019077 
1924.877622 0.015965 
1923.410430 0.016733 
1921.943239 0.014539 
1920.476047 0.015121 
1919.008856 0.013370 
1917.541664 0.013823 
1916.074473 0.012993 
1914.607281 0.011331 
1913.140090 0.012163 
1911.672898 0.010045 
1910.205707 0.011374 
1908.738515 0.009002 
1907.271324 0.010875 
1905.804132 0.009464 
1904.336941 0.010211 
1902.869749 0.009549 
1901.402558 0.009025 
1899.935366 0.009586 
1898.468175 0.007628 
1897.000983 0.008988 
1895.533792 0.007245 
1894.066601 0.008743 
1892.599409 0.006945 
1891.132218 0.008178 
1889.665026 0.007021 
1888.197835 0.006682 
1886.730643 0.006794 
1885.263452 0.005340 
1883.796260 0.006649 
1882.329069 0.004459 
1880.861877 0.006537 
1879.394686 0.004347 
1877.927494 0.006193 
1876.460303 0.004138 
1874.993111 0.004850 
1873.525920 0.004316 
1872.058728 0.003914 
1870.591537 0.004635 
1869.124345 0.003978 
1867.657154 0.005158 
1866.189962 0.003055 
1864.722771 0.005047 
1863.255579 0.002896 
1861.788388 0.004005 
1860.321196 0.002695 
1858.854005 0.003616 
1857.386813 0.003763 
1855.919622 0.002728 
1854.452430 0.004496 
1852.985239 0.002660 
1851.518047 0.004558 
1850.050856 0.002064 
1848.583664 0.004252 
1847.116473 0.002465 
1845.649281 0.003724 
1844.182090 0.004072 
1842.714898 0.003322 
1841.247707 0.004202 
1839.780515 0.002685 
1838.313324 0.004508 
1836.846132 0.002254 
1835.378941 0.004548 
1833.911749 0.002020 
1832.444558 0.004158 
1830.977366 0.003047 
1829.510175 0.004374 
1828.042983 0.003885 
1826.575792 0.002863 
1825.108600 0.004227 
1823.641409 0.001391 
1822.174217 0.003351 
1820.707026 0.000857 
1819.239834 0.003088 
1817.772643 0.001203 
1816.305451 0.002159 
1814.838260 0.001138 
1813.371068 0.000896 
1811.903877 0.001211 
1810.436685 -0.000284 
1808.969494 0.001263 
1807.502302 -0.001165 
1806.035111 0.001114 
1804.567919 -0.001112 
1803.100728 0.000967 
1801.633536 -0.000561 
1800.166345 -0.000072 
1798.699153 -0.000114 
1797.231962 -0.001360 
1795.764770 0.000141 
1794.297579 -0.001981 
1792.830387 0.002107 
1791.363196 -0.001596 
1789.896004 0.000342 
1788.428813 -0.001859 
1786.961621 -0.000569 
1785.494430 -0.001784 
1784.027238 -0.001683 
1782.560047 -0.000778 
1781.092855 -0.002532 
1779.625664 -0.000054 
1778.158472 -0.002449 
1776.691281 0.000209 
1775.224089 -0.002569 
1773.756898 -0.000563 
1772.289706 -0.000188 
1770.822515 -0.000695 
1769.355323 -0.000758 
1767.888132 -0.000776 
1766.420940 0.001136 
1764.953749 -0.001557 
1763.486557 0.001134 
1762.019366 -0.000524 
1760.552174 0.001240 
1759.084983 -0.001300 
1757.617791 0.000594 
1756.150600 0.000880 
1754.683408 0.000445 
1753.216217 0.002082 
1751.749025 0.001716 
1750.281834 0.004043 
1748.814642 0.001252 
1747.347451 0.004575 
1745.880259 0.002714 
1744.413068 0.006026 
1742.945876 0.005742 
1741.478685 0.007872 
1740.011493 0.010366 
1738.544302 0.010151 
1737.077110 0.013279 
1735.609919 0.013090 
1734.142727 0.020503 
1732.675536 0.019466 
1731.208344 0.024773 
1729.741153 0.027023 
1728.273961 0.033210 
1726.806770 0.036998 
1725.339578 0.042939 
1723.872387 0.049703 
1722.405195 0.053522 
1720.938004 0.061175 
1719.470812 0.063719 
1718.003621 0.072104 
1716.536429 0.072408 
1715.069238 0.076677 
1713.602046 0.075869 
1712.134855 0.077440 
1710.667663 0.077813 
1709.200472 0.077327 
1707.733280 0.079450 
1706.266089 0.078556 
1704.798897 0.082601 
1703.331706 0.081079 
1701.864514 0.085395 
1700.397323 0.088413 
1698.930131 0.090328 
1697.462940 0.091342 
1695.995748 0.098481 
1694.528557 0.100404 
1693.061365 0.101551 
1691.594174 0.108067 
1690.126982 0.109175 
1688.659791 0.115653 
1687.192599 0.115852 
1685.725408 0.122348 
1684.258216 0.126202 
1682.791025 0.127218 
1681.323833 0.129458 
1679.856642 0.131453 
1678.389450 0.136038 
1676.922259 0.135883 
1675.455067 0.142830 
1673.987876 0.140768 
1672.520684 0.145951 
1671.053493 0.145980 
1669.586301 0.151488 
1668.119110 0.152088 
1666.651918 0.153117 
1665.184727 0.156487 
1663.717535 0.156191 
1662.250344 0.160656 
1660.783152 0.157508 
1659.315961 0.162639 
1657.848769 0.160935 
1656.381578 0.165299 
1654.914386 0.165591 
1653.447195 0.170592 
1651.980003 0.171544 
1650.512812 0.168426 
1649.045620 0.172049 
1647.578429 0.171604 
1646.111237 0.179718 
1644.644046 0.179434 
1643.176854 0.187743 
1641.709663 0.187304 
1640.242471 0.189848 
1638.775280 0.187331 
1637.308088 0.185346 
1635.840897 0.184959 
1634.373706 0.178519 
1632.906514 0.178627 
1631.439323 0.173196 
1629.972131 0.175787 
1628.504940 0.170952 
1627.037748 0.172958 
1625.570557 0.168549 
1624.103365 0.168325 
1622.636174 0.166588 
1621.168982 0.163336 
1619.701791 0.164032 
1618.234599 0.160083 
1616.767408 0.165336 
1615.300216 0.157241 
1613.833025 0.157526 
1612.365833 0.151596 
1610.898642 0.150998 
1609.431450 0.147164 
1607.964259 0.144277 
1606.497067 0.143765 
1605.029876 0.139963 
1603.562684 0.142180 
1602.095493 0.137520 
1600.628301 0.140737 
1599.161110 0.135314 
1597.693918 0.136448 
1596.226727 0.132029 
1594.759535 0.130884 
1593.292344 0.128913 
1591.825152 0.126817 
1590.357961 0.130162 
1588.890769 0.125208 
1587.423578 0.125159 
1585.956386 0.117345 
1584.489195 0.118994 
1583.022003 0.113559 
1581.554812 0.113590 
1580.087620 0.110841 
1578.620429 0.109195 
1577.153237 0.109406 
1575.686046 0.106738 
1574.218854 0.106024 
1572.751663 0.099727 
1571.284471 0.101890 
1569.817280 0.097368 
1568.350088 0.098564 
1566.882897 0.094646 
1565.415705 0.094319 
1563.948514 0.092791 
1562.481322 0.089941 
1561.014131 0.091599 
1559.546939 0.088101 
1558.079748 0.091764 
1556.612556 0.083938 
1555.145365 0.086836 
1553.678173 0.082946 
1552.210982 0.083623 
1550.743790 0.081684 
1549.276599 0.080189 
1547.809407 0.079635 
1546.342216 0.075834 
1544.875024 0.079187 
1543.407833 0.072899 
1541.940641 0.078862 
1540.473450 0.072998 
1539.006258 0.076240 
1537.539067 0.069488 
1536.071875 0.069508 
1534.604684 0.068569 
1533.137492 0.066760 
1531.670301 0.067935 
1530.203109 0.063975 
1528.735918 0.068368 
1527.268726 0.062651 
1525.801535 0.066776 
1524.334343 0.061605 
1522.867152 0.063566 
1521.399960 0.062918 
1519.932769 0.061688 
1518.465577 0.062551 
1516.998386 0.060821 
1515.531194 0.064795 
1514.064003 0.061160 
1512.596811 0.066141 
1511.129620 0.061349 
1509.662428 0.066422 
1508.195237 0.065418 
1506.728045 0.069680 
1505.260854 0.070094 
1503.793662 0.068233 
1502.326471 0.072731 
1500.859279 0.069780 
1499.392088 0.075859 
1497.924896 0.072802 
1496.457705 0.079641 
1494.990513 0.075488 
1493.523322 0.078179 
1492.056130 0.076499 
1490.588939 0.075936 
1489.121747 0.076706 
1487.654556 0.072855 
1486.187364 0.075207 
1484.720173 0.068548 
1483.252981 0.073385 
1481.785790 0.070585 
1480.318598 0.077825 
1478.851407 0.077919 
1477.384215 0.078109 
1475.917024 0.076006 
1474.449832 0.072023 
1472.982641 0.076832 
1471.515449 0.075412 
1470.048258 0.083354 
1468.581066 0.083702 
1467.113875 0.095699 
1465.646683 0.099212 
1464.179492 0.106672 
1462.712300 0.107635 
1461.245109 0.110073 
1459.777917 0.114035 
1458.310726 0.113801 
1456.843534 0.123954 
1455.376343 0.122809 
1453.909151 0.133573 
1452.441960 0.133917 
1450.974768 0.141778 
1449.507577 0.139108 
1448.040385 0.138994 
1446.573194 0.137177 
1445.106002 0.135279 
1443.638811 0.140704 
1442.171619 0.140683 
1440.704428 0.154057 
1439.237236 0.157431 
1437.770045 0.168938 
1436.302853 0.168836 
1434.835662 0.169290 
1433.368470 0.162099 
1431.901279 0.153190 
1430.434087 0.146013 
1428.966896 0.134914 
1427.499704 0.131878 
1426.032513 0.120425 
1424.565321 0.120911 
1423.098130 0.112062 
1421.630938 0.112406 
1420.163747 0.107608 
1418.696555 0.108808 
1417.229364 0.107324 
1415.762172 0.104567 
1414.294981 0.107314 
1412.827789 0.101810 
1411.360598 0.104449 
1409.893406 0.095979 
1408.426215 0.099293 
1406.959023 0.093294 
1405.491832 0.094350 
1404.024640 0.090705 
1402.557449 0.088937 
1401.090257 0.088038 
1399.623066 0.082195 
1398.155874 0.084091 
1396.688683 0.077140 
1395.221491 0.081440 
1393.754300 0.076308 
1392.287108 0.081458 
1390.819917 0.079007 
1389.352725 0.080754 
1387.885534 0.082108 
1386.418342 0.080616 
1384.951151 0.083990 
1383.483959 0.079931 
1382.016768 0.088310 
1380.549576 0.086946 
1379.082385 0.095832 
1377.615193 0.094389 
1376.148002 0.099752 
1374.680811 0.098189 
1373.213619 0.096823 
1371.746428 0.096148 
1370.279236 0.089754 
1368.812045 0.091346 
1367.344853 0.082381 
1365.877662 0.085786 
1364.410470 0.077469 
1362.943279 0.079357 
1361.476087 0.073009 
1360.008896 0.072781 
1358.541704 0.070783 
1357.074513 0.066633 
1355.607321 0.069254 
1354.140130 0.064193 
1352.672938 0.069368 
1351.205747 0.062518 
1349.738555 0.067577 
1348.271364 0.061452 
1346.804172 0.062953 
1345.336981 0.058618 
1343.869789 0.055222 
1342.402598 0.057960 
1340.935406 0.054715 
1339.468215 0.060078 
1338.001023 0.053568 
1336.533832 0.057443 
1335.066640 0.049235 
1333.599449 0.053083 
1332.132257 0.048389 
1330.665066 0.049616 
1329.197874 0.049310 
1327.730683 0.047739 
1326.263491 0.050647 
1324.796300 0.045197 
1323.329108 0.050463 
1321.861917 0.043734 
1320.394725 0.049004 
1318.927534 0.043891 
1317.460342 0.047857 
1315.993151 0.045342 
1314.525959 0.045096 
1313.058768 0.046186 
1311.591576 0.042378 
1310.124385 0.046576 
1308.657193 0.043214 
1307.190002 0.063624 
1305.722810 0.083031 
1304.255619 0.110243 
1302.788427 0.115668 
1301.321236 0.118189 
1299.854044 0.110191 
1298.386853 0.095962 
1296.919661 0.086592 
1295.452470 0.071028 
1293.985278 0.068064 
1292.518087 0.055747 
1291.050895 0.058832 
1289.583704 0.051049 
1288.116512 0.052208 
1286.649321 0.048279 
1285.182129 0.047838 
1283.714938 0.047408 
1282.247746 0.041887 
1280.780555 0.045969 
1279.313363 0.039556 
1277.846172 0.045479 
1276.378980 0.038590 
1274.911789 0.043386 
1273.444597 0.038176 
1271.977406 0.039149 
1270.510214 0.038273 
1269.043023 0.036532 
1267.575831 0.040324 
1266.108640 0.035176 
1264.641448 0.041784 
1263.174257 0.034433 
1261.707065 0.039323 
1260.239874 0.032086 
1258.772682 0.036162 
1257.305491 0.033065 
1255.838299 0.032316 
1254.371108 0.033181 
1252.903916 0.029490 
1251.436725 0.033949 
1249.969533 0.025988 
1248.502342 0.031540 
1247.035150 0.023738 
1245.567959 0.028101 
1244.100767 0.022767 
1242.633576 0.025574 
1241.166384 0.024305 
1239.699193 0.022142 
1238.232001 0.024939 
1236.764810 0.019263 
1235.297618 0.022844 
1233.830427 0.013699 
1232.363235 0.021267 
1230.896044 0.015156 
1229.428852 0.019170 
1227.961661 0.015671 
1226.494469 0.016911 
1225.027278 0.017468 
1223.560086 0.012908 
1222.092895 0.017147 
1220.625703 0.009987 
1219.158512 0.015632 
1217.691320 0.008075 
1216.224129 0.015007 
1214.756937 0.009143 
1213.289746 0.011422 
1211.822554 0.009404 
1210.355363 0.008331 
1208.888171 0.009662 
1207.420980 0.003517 
1205.953788 0.009811 
1204.486597 0.003515 
1203.019405 0.009857 
1201.552214 0.003150 
1200.085022 0.007667 
1198.617831 0.003237 
1197.150639 0.003444 
1195.683448 0.003461 
1194.216256 0.000981 
1192.749065 0.005340 
1191.281873 -0.000683 
1189.814682 0.007259 
1188.347490 0.000327 
1186.880299 0.005518 
1185.413107 -0.000271 
1183.945916 0.003918 
1182.478724 0.001846 
1181.011533 0.000648 
1179.544341 0.004806 
1178.077150 0.001830 
1176.609958 0.008290 
1175.142767 0.001304 
1173.675575 0.008592 
1172.208384 0.001155 
1170.741192 0.005730 
1169.274001 0.003061 
1167.806809 0.006206 
1166.339618 0.006957 
1164.872426 0.005086 
1163.405235 0.011401 
1161.938043 0.004945 
1160.470852 0.010925 
1159.003660 0.003949 
1157.536469 0.012146 
1156.069277 0.006680 
1154.602086 0.010822 
1153.134894 0.010354 
1151.667703 0.010865 
1150.200511 0.013039 
1148.733320 0.009248 
1147.266128 0.015856 
1145.798937 0.007735 
1144.331745 0.015464 
1142.864554 0.010517 
1141.397362 0.018843 
1139.930171 0.014603 
1138.462979 0.017868 
1136.995788 0.019259 
1135.528596 0.016330 
1134.061405 0.019635 
1132.594213 0.014196 
1131.127022 0.023461 
1129.659830 0.016530 
1128.192639 0.024543 
1126.725447 0.020025 
1125.258256 0.024833 
1123.791064 0.021376 
1122.323873 0.022034 
1120.856681 0.024934 
1119.389490 0.019532 
1117.922298 0.025371 
1116.455107 0.019426 
1114.987916 0.029023 
1113.520724 0.020316 
1112.053533 0.026841 
1110.586341 0.022221 
1109.119150 0.023933 
1107.651958 0.021840 
1106.184767 0.020488 
1104.717575 0.025083 
1103.250384 0.019027 
1101.783192 0.026114 
1100.316001 0.018785 
1098.848809 0.024696 
1097.381618 0.015566 
1095.914426 0.021803 
1094.447235 0.019292 
1092.980043 0.019045 
1091.512852 0.019855 
1090.045660 0.016661 
1088.578469 0.022041 
1087.111277 0.012569 
1085.644086 0.018671 
1084.176894 0.010677 
1082.709703 0.015895 
1081.242511 0.009497 
1079.775320 0.013980 
1078.308128 0.012502 
1076.840937 0.010615 
1075.373745 0.014047 
1073.906554 0.008485 
1072.439362 0.013397 
1070.972171 0.004115 
1069.504979 0.011734 
1068.037788 0.004442 
1066.570596 0.008247 
1065.103405 0.003931 
1063.636213 0.004746 
1062.169022 0.004337 
1060.701830 -0.000747 
1059.234639 0.003631 
1057.767447 -0.004007 
1056.300256 0.002836 
1054.833064 -0.004492 
1053.365873 0.003947 
1051.898681 -0.002453 
1050.431490 0.000985 
1048.964298 -0.000408 
1047.497107 -0.000963 
1046.029915 0.001244 
1044.562724 -0.004490 
1043.095532 0.002972 
1041.628341 -0.004152 
1040.161149 0.004227 
1038.693958 -0.001882 
1037.226766 0.005651 
1035.759575 0.000702 
1034.292383 0.001557 
1032.825192 0.001408 
1031.358000 -0.001848 
1029.890809 0.002633 
1028.423617 -0.002589 
1026.956426 0.006905 
1025.489234 -0.002037 
1024.022043 0.004939 
1022.554851 -0.000855 
1021.087660 0.004833 
1019.620468 0.001424 
1018.153277 0.001350 
1016.686085 0.004827 
1015.218894 -0.000027 
1013.751702 0.005808 
1012.284511 -0.000153 
1010.817319 0.008191 
1009.350128 -0.000578 
1007.882936 0.007408 
1006.415745 0.005347 
1004.948553 0.010815 
1003.481362 0.011509 
1002.014170 0.013094 
1000.546979 0.020973 
999.079787 0.015189 
997.612596 0.023059 
996.145404 0.016145 
994.678213 0.024280 
993.211021 0.015970 
991.743830 0.020559 
990.276638 0.015075 
988.809447 0.012983 
987.342255 0.011917 
985.875064 0.007392 
984.407872 0.011730 
982.940681 0.004014 
981.473489 0.015102 
980.006298 0.011169 
978.539106 0.021407 
977.071915 0.019027 
975.604723 0.027176 
974.137532 0.027236 
972.670340 0.027416 
971.203149 0.032098 
969.735957 0.027588 
968.268766 0.033856 
966.801574 0.027996 
965.334383 0.039157 
963.867191 0.033229 
962.400000 0.041481 
960.932808 0.042140 
959.465617 0.049244 
957.998425 0.052487 
956.531234 0.052456 
955.064042 0.060593 
953.596851 0.053193 
952.129659 0.056203 
950.662468 0.042593 
949.195276 0.042605 
947.728085 0.026957 
946.260893 0.026160 
944.793702 0.021347 
943.326510 0.020151 
941.859319 0.022159 
940.392127 0.020186 
938.924936 0.029250 
937.457744 0.022113 
935.990553 0.029584 
934.523361 0.022695 
933.056170 0.030975 
931.588978 0.027131 
930.121787 0.033460 
928.654595 0.037458 
927.187404 0.040366 
925.720212 0.050384 
924.253021 0.048739 
922.785829 0.060034 
921.318638 0.055342 
919.851446 0.069409 
918.384255 0.068008 
916.917063 0.076408 
915.449872 0.073447 
913.982680 0.074752 
912.515489 0.073580 
911.048297 0.066602 
909.581106 0.069527 
908.113914 0.058084 
906.646723 0.063079 
905.179531 0.053065 
903.712340 0.059328 
902.245148 0.049395 
900.777957 0.049639 
899.310765 0.044448 
897.843574 0.042616 
896.376382 0.042158 
894.909191 0.033895 
893.441999 0.042442 
891.974808 0.035663 
890.507616 0.043055 
889.040425 0.034649 
887.573233 0.041022 
886.106042 0.034380 
884.638850 0.036445 
883.171659 0.037346 
881.704467 0.036336 
880.237276 0.042558 
878.770084 0.038399 
877.302893 0.050355 
875.835701 0.042415 
874.368510 0.049952 
872.901318 0.044450 
871.434127 0.052684 
869.966935 0.050378 
868.499744 0.055830 
867.032552 0.060038 
865.565361 0.058966 
864.098169 0.069130 
862.630978 0.063319 
861.163786 0.073686 
859.696595 0.065892 
858.229404 0.074956 
856.762212 0.072524 
855.295021 0.078186 
853.827829 0.076298 
852.360638 0.079610 
850.893446 0.083789 
849.426255 0.076366 
847.959063 0.083557 
846.491872 0.073011 
845.024680 0.081974 
843.557489 0.072891 
842.090297 0.079198 
840.623106 0.072909 
839.155914 0.073731 
837.688723 0.070316 
836.221531 0.067975 
834.754340 0.070738 
833.287148 0.061891 
831.819957 0.072052 
830.352765 0.064518 
828.885574 0.074097 
827.418382 0.067927 
825.951191 0.076287 
824.483999 0.073369 
823.016808 0.078662 
821.549616 0.080856 
820.082425 0.079877 
818.615233 0.087213 
817.148042 0.079533 
815.680850 0.094002 
814.213659 0.084424 
812.746467 0.092176 
811.279276 0.087751 
809.812084 0.094043 
808.344893 0.093286 
806.877701 0.098643 
805.410510 0.102116 
803.943318 0.101421 
802.476127 0.113720 
801.008935 0.106399 
799.541744 0.117547 
798.074552 0.110725 
796.607361 0.120714 
795.140169 0.120895 
793.672978 0.125715 
792.205786 0.128820 
790.738595 0.134564 
789.271403 0.139075 
787.804212 0.135695 
786.337020 0.148238 
784.869829 0.139855 
783.402637 0.155986 
781.935446 0.153413 
780.468254 0.163295 
779.001063 0.165711 
777.533871 0.170457 
776.066680 0.178265 
774.599488 0.182951 
773.132297 0.192982 
771.665105 0.195487 
770.197914 0.213568 
768.730722 0.209577 
767.263531 0.232274 
765.796339 0.231090 
764.329148 0.241435 
762.861956 0.247690 
761.394765 0.251721 
759.927573 0.257945 
758.460382 0.255954 
756.993190 0.264132 
755.525999 0.257572 
754.058807 0.268135 
752.591616 0.250381 
751.124424 0.259117 
749.657233 0.241342 
748.190041 0.237711 
746.722850 0.229136 
745.255658 0.214627 
743.788467 0.203963 
742.321275 0.188590 
740.854084 0.180629 
739.386892 0.156535 
737.919701 0.150739 
736.452509 0.123337 
734.985318 0.124867 
733.518126 0.102963 
732.050935 0.100688 
730.583743 0.092468 
729.116552 0.081802 
727.649360 0.080901 
726.182169 0.071723 
724.714977 0.070771 
723.247786 0.059635 
721.780594 0.066464 
720.313403 0.050962 
718.846211 0.059848 
717.379020 0.048176 
715.911828 0.048254 
714.444637 0.044396 
712.977445 0.038801 
711.510254 0.041790 
710.043062 0.031527 
708.575871 0.037054 
707.108679 0.032036 
705.641488 0.038141 
704.174296 0.025942 
702.707105 0.034239 
701.239913 0.021767 
699.772722 0.024970 
698.305530 0.024293 
696.838339 0.018232 
695.371147 0.025694 
693.903956 0.016922 
692.436764 0.027652 
690.969573 0.018056 
689.502381 0.025709 
688.035190 0.018756 
686.567998 0.025547 
685.100807 0.015912 
683.633615 0.021869 
682.166424 0.016272 
680.699232 0.010319 
679.232041 0.016191 
677.764849 0.006514 
676.297658 0.013289 
674.830466 0.003840 
673.363275 0.014674 
671.896083 0.006752 
670.428892 0.014626 
668.961700 0.011960 
667.494509 0.019447 
666.027317 0.011610 
664.560126 0.013515 
663.092934 0.020790 
661.625743 0.012565 
660.158551 0.031720 
658.691360 0.023457 
657.224168 0.035905 
655.756977 0.027865 
654.289785 0.033415 
652.822594 0.025864 
651.355402 0.025628 
649.888211 0.027249 
648.421019 0.018056 
646.953828 0.022993 
645.486636 0.012478 
644.019445 0.018023 
642.552253 -0.001412 
641.085062 0.007806 
639.617870 -0.004784 
638.150679 0.000135 
636.683487 -0.001269 
635.216296 0.003469 
633.749104 0.004864 
632.281913 0.000596 
630.814721 0.007472 
629.347530 -0.007191 
627.880338 0.001101 
626.413147 -0.008510 
624.945955 -0.002163 
623.478764 -0.012823 
622.011572 0.000230 
620.544381 -0.009445 
619.077189 -0.006487 
617.609998 -0.001252 
616.142806 -0.004657 
614.675615 0.000085 
613.208423 -0.009012 
611.741232 0.007408 
610.274040 -0.012958 
608.806849 0.008510 
607.339657 -0.005756 
605.872466 0.002577 
604.405274 0.001039 
602.938083 0.017257 
601.470891 0.010534 
600.003700 0.010143 
