4000.854000 0.000000 
3999.653250 0.000124 
3998.452501 -0.000150 
3997.251751 -0.000077 
3996.051001 -0.000085 
3994.850252 -0.000032 
3993.649502 -0.000006 
3992.448752 0.000045 
3991.248003 0.000081 
3990.047253 0.000026 
3988.846504 -0.000180 
3987.645754 -0.000334 
3986.445004 -0.000397 
3985.244255 -0.000466 
3984.043505 -0.000501 
3982.842755 -0.000518 
3981.642006 -0.000476 
3980.441256 -0.000434 
3979.240506 -0.000451 
3978.039757 -0.000410 
3976.839007 -0.000308 
3975.638257 -0.000373 
3974.437508 -0.000564 
3973.236758 -0.000571 
3972.036008 -0.000442 
3970.835259 -0.000468 
3969.634509 -0.000577 
3968.433759 -0.000491 
3967.233010 -0.000366 
3966.032260 -0.000384 
3964.831511 -0.000284 
3963.630761 -0.000144 
3962.430011 -0.000124 
3961.229262 -0.000278 
3960.028512 -0.000494 
3958.827762 -0.000598 
3957.627013 -0.000561 
3956.426263 -0.000326 
3955.225513 0.000001 
3954.024764 0.000233 
3952.824014 0.000292 
3951.623264 0.000014 
3950.422515 -0.000371 
3949.221765 -0.000491 
3948.021015 -0.000221 
3946.820266 0.000178 
3945.619516 0.000420 
3944.418766 0.000449 
3943.218017 0.000333 
3942.017267 0.000112 
3940.816518 -0.000069 
3939.615768 0.000147 
3938.415018 0.000633 
3937.214269 0.000732 
3936.013519 0.000699 
3934.812769 0.000661 
3933.612020 0.000343 
3932.411270 -0.000115 
3931.210520 -0.000086 
3930.009771 0.000448 
3928.809021 0.000571 
3927.608271 0.000303 
3926.407522 0.000262 
3925.206772 0.000168 
3924.006022 0.000030 
3922.805273 0.000347 
3921.604523 0.000732 
3920.403773 0.000541 
3919.203024 -0.000119 
3918.002274 -0.000734 
3916.801525 -0.000849 
3915.600775 -0.000734 
3914.400025 -0.000484 
3913.199276 -0.000329 
3911.998526 -0.000284 
3910.797776 0.000020 
3909.597027 0.000531 
3908.396277 0.001132 
3907.195527 0.001600 
3905.994778 0.001696 
3904.794028 0.001622 
3903.593278 0.000848 
3902.392529 -0.000166 
3901.191779 -0.000812 
3899.991029 -0.001119 
3898.790280 -0.001112 
3897.589530 -0.000425 
3896.388780 0.000481 
3895.188031 0.000618 
3893.987281 -0.000100 
3892.786532 -0.000575 
3891.585782 -0.000150 
3890.385032 -0.000008 
3889.184283 0.000032 
3887.983533 0.000247 
3886.782783 0.000652 
3885.582034 0.000912 
3884.381284 0.000626 
3883.180534 0.000527 
3881.979785 0.000198 
3880.779035 -0.000589 
3879.578285 -0.001241 
3878.377536 -0.001623 
3877.176786 -0.001149 
3875.976036 0.000067 
3874.775287 0.001014 
3873.574537 0.000991 
3872.373787 0.000631 
3871.173038 0.001079 
3869.972288 0.000964 
3868.771539 0.000152 
3867.570789 0.000204 
3866.370039 0.000828 
3865.169290 0.000278 
3863.968540 -0.000812 
3862.767790 -0.001243 
3861.567041 -0.001125 
3860.366291 0.000040 
3859.165541 0.002160 
3857.964792 0.003328 
3856.764042 0.002941 
3855.563292 0.001649 
3854.362543 0.000023 
3853.161793 -0.001750 
3851.961043 -0.002591 
3850.760294 -0.001660 
3849.559544 -0.000608 
3848.358794 -0.000138 
3847.158045 0.000255 
3845.957295 0.000751 
3844.756546 0.001318 
3843.555796 0.002118 
3842.355046 0.002187 
3841.154297 0.001778 
3839.953547 0.001027 
3838.752797 -0.000092 
3837.552048 -0.000350 
3836.351298 -0.000547 
3835.150548 -0.000599 
3833.949799 -0.000413 
3832.749049 -0.000186 
3831.548299 -0.000064 
3830.347550 -0.000610 
3829.146800 -0.000845 
3827.946050 0.000022 
3826.745301 0.001226 
3825.544551 0.001688 
3824.343801 0.001382 
3823.143052 0.001135 
3821.942302 0.001208 
3820.741553 0.000478 
3819.540803 -0.000419 
3818.340053 -0.000328 
3817.139304 -0.000127 
3815.938554 -0.000875 
3814.737804 -0.001658 
3813.537055 -0.000745 
3812.336305 0.000974 
3811.135555 0.001149 
3809.934806 0.000672 
3808.734056 0.000463 
3807.533306 0.001166 
3806.332557 0.001576 
3805.131807 0.001321 
3803.931057 0.001437 
3802.730308 0.001446 
3801.529558 0.000801 
3800.328808 -0.000152 
3799.128059 -0.000395 
3797.927309 -0.000093 
3796.726560 -0.000386 
3795.525810 -0.000893 
3794.325060 -0.000832 
3793.124311 -0.000370 
3791.923561 0.000007 
3790.722811 0.000343 
3789.522062 0.000570 
3788.321312 0.000529 
3787.120562 0.000235 
3785.919813 0.000328 
3784.719063 0.000697 
3783.518313 0.000779 
3782.317564 0.000807 
3781.116814 0.000769 
3779.916064 0.000367 
3778.715315 -0.000388 
3777.514565 -0.000783 
3776.313815 0.000077 
3775.113066 0.000903 
3773.912316 0.000742 
3772.711567 0.000440 
3771.510817 0.000310 
3770.310067 -0.000167 
3769.109318 -0.000830 
3767.908568 -0.001210 
3766.707818 -0.000742 
3765.507069 0.000006 
3764.306319 0.000335 
3763.105569 0.000722 
3761.904820 0.001162 
3760.704070 0.000729 
3759.503320 -0.000082 
3758.302571 0.000363 
3757.101821 0.001410 
3755.901071 0.002356 
3754.700322 0.002762 
3753.499572 0.002084 
3752.298822 0.000518 
3751.098073 0.000009 
3749.897323 0.001404 
3748.696574 0.001970 
3747.495824 0.001352 
3746.295074 0.000892 
3745.094325 -0.000171 
3743.893575 -0.001714 
3742.692825 -0.001722 
3741.492076 0.001277 
3740.291326 0.003018 
3739.090576 0.002764 
3737.889827 0.002424 
3736.689077 0.001203 
3735.488327 -0.000653 
3734.287578 -0.001921 
3733.086828 -0.001678 
3731.886078 -0.000618 
3730.685329 -0.000066 
3729.484579 0.000269 
3728.283829 0.000924 
3727.083080 0.000775 
3725.882330 0.000163 
3724.681581 0.000071 
3723.480831 0.000248 
3722.280081 0.000158 
3721.079332 -0.000247 
3719.878582 -0.000320 
3718.677832 0.000445 
3717.477083 0.001270 
3716.276333 0.001665 
3715.075583 0.001871 
3713.874834 0.001234 
3712.674084 0.000047 
3711.473334 -0.000976 
3710.272585 -0.001512 
3709.071835 -0.000899 
3707.871085 0.000573 
3706.670336 0.001932 
3705.469586 0.002784 
3704.268836 0.002729 
3703.068087 0.002097 
3701.867337 0.001239 
3700.666588 0.000295 
3699.465838 -0.000267 
3698.265088 -0.000175 
3697.064339 0.000277 
3695.863589 0.000542 
3694.662839 0.001363 
3693.462090 0.002192 
3692.261340 0.001835 
3691.060590 0.000818 
3689.859841 -0.000291 
3688.659091 -0.001095 
3687.458341 -0.001494 
3686.257592 -0.001274 
3685.056842 -0.000044 
3683.856092 0.000210 
3682.655343 0.000337 
3681.454593 0.001928 
3680.253843 0.003176 
3679.053094 0.002563 
3677.852344 0.001473 
3676.651595 0.001084 
3675.450845 0.000625 
3674.250095 -0.000099 
3673.049346 -0.000019 
3671.848596 0.000670 
3670.647846 0.000277 
3669.447097 -0.000533 
3668.246347 -0.000503 
3667.045597 0.000573 
3665.844848 0.001413 
3664.644098 0.001625 
3663.443348 0.001515 
3662.242599 0.002233 
3661.041849 0.002815 
3659.841099 0.002826 
3658.640350 0.002688 
3657.439600 0.003045 
3656.238850 0.003909 
3655.038101 0.004596 
3653.837351 0.005421 
3652.636602 0.006349 
3651.435852 0.005980 
3650.235102 0.004535 
3649.034353 0.003294 
3647.833603 0.003120 
3646.632853 0.003623 
3645.432104 0.004346 
3644.231354 0.005414 
3643.030604 0.006330 
3641.829855 0.006470 
3640.629105 0.006597 
3639.428355 0.006980 
3638.227606 0.007040 
3637.026856 0.006751 
3635.826106 0.007229 
3634.625357 0.008771 
3633.424607 0.009512 
3632.223857 0.009230 
3631.023108 0.008564 
3629.822358 0.007367 
3628.621609 0.005547 
3627.420859 0.004171 
3626.220109 0.004683 
3625.019360 0.006227 
3623.818610 0.006738 
3622.617860 0.006589 
3621.417111 0.006090 
3620.216361 0.005394 
3619.015611 0.004713 
3617.814862 0.004338 
3616.614112 0.004076 
3615.413362 0.004114 
3614.212613 0.004154 
3613.011863 0.003831 
3611.811113 0.003409 
3610.610364 0.002882 
3609.409614 0.002467 
3608.208864 0.001801 
3607.008115 0.001296 
3605.807365 0.001617 
3604.606616 0.001850 
3603.405866 0.002029 
3602.205116 0.002267 
3601.004367 0.002528 
3599.803617 0.002750 
3598.602867 0.002881 
3597.402118 0.002736 
3596.201368 0.002204 
3595.000618 0.001713 
3593.799869 0.001631 
3592.599119 0.002098 
3591.398369 0.002504 
3590.197620 0.002369 
3588.996870 0.001899 
3587.796120 0.001038 
3586.595371 0.000294 
3585.394621 0.000067 
3584.193871 0.000382 
3582.993122 0.000984 
3581.792372 0.001137 
3580.591623 0.001120 
3579.390873 0.001187 
3578.190123 0.001215 
3576.989374 0.001310 
3575.788624 0.001488 
3574.587874 0.001996 
3573.387125 0.003030 
3572.186375 0.004047 
3570.985625 0.004369 
3569.784876 0.004075 
3568.584126 0.003596 
3567.383376 0.002945 
3566.182627 0.002525 
3564.981877 0.002791 
3563.781127 0.003424 
3562.580378 0.003736 
3561.379628 0.003688 
3560.178878 0.003614 
3558.978129 0.003694 
3557.777379 0.003943 
3556.576630 0.004102 
3555.375880 0.003898 
3554.175130 0.003637 
3552.974381 0.003595 
3551.773631 0.003751 
3550.572881 0.004053 
3549.372132 0.004334 
3548.171382 0.004186 
3546.970632 0.003472 
3545.769883 0.002582 
3544.569133 0.001817 
3543.368383 0.001441 
3542.167634 0.001593 
3540.966884 0.001823 
3539.766134 0.001784 
3538.565385 0.001622 
3537.364635 0.001376 
3536.163885 0.001045 
3534.963136 0.000826 
3533.762386 0.000870 
3532.561637 0.001014 
3531.360887 0.001058 
3530.160137 0.001116 
3528.959388 0.001211 
3527.758638 0.001147 
3526.557888 0.000883 
3525.357139 0.000544 
3524.156389 0.000213 
3522.955639 -0.000068 
3521.754890 -0.000302 
3520.554140 -0.000339 
3519.353390 -0.000196 
3518.152641 -0.000139 
3516.951891 -0.000131 
3515.751141 0.000051 
3514.550392 0.000154 
3513.349642 -0.000012 
3512.148892 -0.000182 
3510.948143 -0.000201 
3509.747393 -0.000054 
3508.546644 0.000284 
3507.345894 0.000575 
3506.145144 0.000676 
3504.944395 0.000490 
3503.743645 0.000200 
3502.542895 -0.000041 
3501.342146 -0.000192 
3500.141396 -0.000176 
3498.940646 -0.000164 
3497.739897 -0.000278 
3496.539147 -0.000432 
3495.338397 -0.000507 
3494.137648 -0.000459 
3492.936898 -0.000304 
3491.736148 -0.000159 
3490.535399 -0.000102 
3489.334649 -0.000040 
3488.133899 -0.000060 
3486.933150 -0.000168 
3485.732400 -0.000201 
3484.531651 -0.000191 
3483.330901 -0.000275 
3482.130151 -0.000436 
3480.929402 -0.000583 
3479.728652 -0.000675 
3478.527902 -0.000598 
3477.327153 -0.000349 
3476.126403 -0.000131 
3474.925653 0.000045 
3473.724904 0.000168 
3472.524154 0.000203 
3471.323404 0.000074 
3470.122655 -0.000089 
3468.921905 -0.000197 
3467.721155 -0.000267 
3466.520406 -0.000298 
3465.319656 -0.000285 
3464.118907 -0.000206 
3462.918157 -0.000144 
3461.717407 -0.000186 
3460.516658 -0.000344 
3459.315908 -0.000469 
3458.115158 -0.000580 
3456.914409 -0.000677 
3455.713659 -0.000638 
3454.512909 -0.000529 
3453.312160 -0.000305 
3452.111410 -0.000047 
3450.910660 0.000086 
3449.709911 0.000087 
3448.509161 0.000040 
3447.308411 0.000049 
3446.107662 -0.000010 
3444.906912 -0.000010 
3443.706162 0.000194 
3442.505413 0.000364 
3441.304663 0.000433 
3440.103914 0.000389 
3438.903164 0.000146 
3437.702414 -0.000143 
3436.501665 -0.000287 
3435.300915 -0.000314 
3434.100165 -0.000249 
3432.899416 -0.000042 
3431.698666 0.000096 
3430.497916 0.000000 
3429.297167 -0.000145 
3428.096417 -0.000146 
3426.895667 -0.000094 
3425.694918 0.000029 
3424.494168 0.000110 
3423.293418 0.000066 
3422.092669 -0.000059 
3420.891919 -0.000133 
3419.691169 -0.000195 
3418.490420 -0.000205 
3417.289670 -0.000079 
3416.088921 0.000069 
3414.888171 0.000209 
3413.687421 0.000345 
3412.486672 0.000339 
3411.285922 0.000233 
3410.085172 0.000119 
3408.884423 -0.000008 
3407.683673 -0.000075 
3406.482923 0.000066 
3405.282174 0.000334 
3404.081424 0.000372 
3402.880674 0.000355 
3401.679925 0.000377 
3400.479175 0.000251 
3399.278425 0.000116 
3398.077676 0.000114 
3396.876926 0.000079 
3395.676176 -0.000031 
3394.475427 -0.000070 
3393.274677 0.000040 
3392.073928 0.000122 
3390.873178 0.000200 
3389.672428 0.000296 
3388.471679 0.000332 
3387.270929 0.000319 
3386.070179 0.000295 
3384.869430 0.000255 
3383.668680 0.000291 
3382.467930 0.000387 
3381.267181 0.000437 
3380.066431 0.000438 
3378.865681 0.000432 
3377.664932 0.000354 
3376.464182 0.000316 
3375.263432 0.000372 
3374.062683 0.000423 
3372.861933 0.000471 
3371.661183 0.000529 
3370.460434 0.000466 
3369.259684 0.000306 
3368.058935 0.000229 
3366.858185 0.000238 
3365.657435 0.000156 
3364.456686 0.000062 
3363.255936 0.000067 
3362.055186 0.000100 
3360.854437 0.000130 
3359.653687 0.000159 
3358.452937 0.000234 
3357.252188 0.000400 
3356.051438 0.000535 
3354.850688 0.000572 
3353.649939 0.000567 
3352.449189 0.000504 
3351.248439 0.000324 
3350.047690 0.000186 
3348.846940 0.000258 
3347.646190 0.000379 
3346.445441 0.000448 
3345.244691 0.000546 
3344.043942 0.000533 
3342.843192 0.000490 
3341.642442 0.000479 
3340.441693 0.000461 
3339.240943 0.000430 
3338.040193 0.000435 
3336.839444 0.000401 
3335.638694 0.000288 
3334.437944 0.000247 
3333.237195 0.000300 
3332.036445 0.000267 
3330.835695 0.000250 
3329.634946 0.000353 
3328.434196 0.000379 
3327.233446 0.000260 
3326.032697 0.000144 
3324.831947 0.000110 
3323.631197 0.000141 
3322.430448 0.000212 
3321.229698 0.000290 
3320.028949 0.000376 
3318.828199 0.000434 
3317.627449 0.000472 
3316.426700 0.000534 
3315.225950 0.000667 
3314.025200 0.000775 
3312.824451 0.000737 
3311.623701 0.000636 
3310.422951 0.000517 
3309.222202 0.000306 
3308.021452 0.000122 
3306.820702 0.000012 
3305.619953 -0.000097 
3304.419203 -0.000123 
3303.218453 -0.000043 
3302.017704 0.000077 
3300.816954 0.000142 
3299.616204 0.000111 
3298.415455 0.000010 
3297.214705 -0.000070 
3296.013956 -0.000108 
3294.813206 -0.000128 
3293.612456 -0.000089 
3292.411707 -0.000088 
3291.210957 -0.000127 
3290.010207 -0.000165 
3288.809458 -0.000138 
3287.608708 -0.000078 
3286.407958 -0.000025 
3285.207209 0.000065 
3284.006459 0.000129 
3282.805709 0.000113 
3281.604960 0.000138 
3280.404210 0.000249 
3279.203460 0.000327 
3278.002711 0.000374 
3276.801961 0.000419 
3275.601211 0.000301 
3274.400462 0.000098 
3273.199712 -0.000062 
3271.998963 -0.000203 
3270.798213 -0.000250 
3269.597463 -0.000207 
3268.396714 -0.000096 
3267.195964 0.000025 
3265.995214 0.000105 
3264.794465 0.000154 
3263.593715 0.000160 
3262.392965 0.000130 
3261.192216 0.000060 
3259.991466 -0.000106 
3258.790716 -0.000221 
3257.589967 -0.000279 
3256.389217 -0.000337 
3255.188467 -0.000311 
3253.987718 -0.000193 
3252.786968 -0.000054 
3251.586218 0.000079 
3250.385469 0.000093 
3249.184719 0.000010 
3247.983970 -0.000095 
3246.783220 -0.000182 
3245.582470 -0.000242 
3244.381721 -0.000262 
3243.180971 -0.000163 
3241.980221 -0.000086 
3240.779472 -0.000064 
3239.578722 -0.000007 
3238.377972 0.000004 
3237.177223 -0.000066 
3235.976473 -0.000115 
3234.775723 -0.000118 
3233.574974 -0.000105 
3232.374224 -0.000154 
3231.173474 -0.000240 
3229.972725 -0.000318 
3228.771975 -0.000362 
3227.571225 -0.000339 
3226.370476 -0.000272 
3225.169726 -0.000137 
3223.968977 -0.000070 
3222.768227 -0.000189 
3221.567477 -0.000274 
3220.366728 -0.000270 
3219.165978 -0.000256 
3217.965228 -0.000184 
3216.764479 -0.000027 
3215.563729 0.000075 
3214.362979 0.000086 
3213.162230 0.000191 
3211.961480 0.000265 
3210.760730 0.000172 
3209.559981 0.000051 
3208.359231 -0.000091 
3207.158481 -0.000257 
3205.957732 -0.000349 
3204.756982 -0.000277 
3203.556232 -0.000177 
3202.355483 -0.000160 
3201.154733 -0.000154 
3199.953984 -0.000202 
3198.753234 -0.000293 
3197.552484 -0.000304 
3196.351735 -0.000221 
3195.150985 -0.000101 
3193.950235 -0.000005 
3192.749486 0.000006 
3191.548736 -0.000042 
3190.347986 -0.000088 
3189.147237 -0.000166 
3187.946487 -0.000179 
3186.745737 -0.000020 
3185.544988 0.000121 
3184.344238 0.000126 
3183.143488 0.000055 
3181.942739 -0.000017 
3180.741989 -0.000089 
3179.541239 -0.000104 
3178.340490 -0.000062 
3177.139740 -0.000077 
3175.938991 -0.000174 
3174.738241 -0.000266 
3173.537491 -0.000353 
3172.336742 -0.000371 
3171.135992 -0.000286 
3169.935242 -0.000223 
3168.734493 -0.000141 
3167.533743 -0.000038 
3166.332993 0.000027 
3165.132244 0.000074 
3163.931494 0.000126 
3162.730744 0.000112 
3161.529995 0.000038 
3160.329245 0.000051 
3159.128495 0.000150 
3157.927746 0.000203 
3156.726996 0.000233 
3155.526246 0.000227 
3154.325497 0.000130 
3153.124747 0.000028 
3151.923998 -0.000016 
3150.723248 -0.000070 
3149.522498 -0.000032 
3148.321749 0.000092 
3147.120999 0.000119 
3145.920249 0.000117 
3144.719500 0.000104 
3143.518750 0.000042 
3142.318000 -0.000055 
3141.117251 -0.000148 
3139.916501 -0.000214 
3138.715751 -0.000260 
3137.515002 -0.000177 
3136.314252 -0.000038 
3135.113502 0.000050 
3133.912753 0.000136 
3132.712003 0.000150 
3131.511253 0.000073 
3130.310504 0.000050 
3129.109754 0.000136 
3127.909005 0.000235 
3126.708255 0.000330 
3125.507505 0.000405 
3124.306756 0.000359 
3123.106006 0.000229 
3121.905256 0.000137 
3120.704507 0.000024 
3119.503757 -0.000098 
3118.303007 -0.000129 
3117.102258 -0.000135 
3115.901508 -0.000090 
3114.700758 0.000049 
3113.500009 0.000093 
3112.299259 0.000044 
3111.098509 -0.000028 
3109.897760 -0.000079 
3108.697010 -0.000147 
3107.496260 -0.000112 
3106.295511 0.000053 
3105.094761 0.000187 
3103.894012 0.000218 
3102.693262 0.000215 
3101.492512 0.000145 
3100.291763 0.000087 
3099.091013 0.000085 
3097.890263 0.000065 
3096.689514 0.000097 
3095.488764 0.000165 
3094.288014 0.000161 
3093.087265 0.000131 
3091.886515 0.000158 
3090.685765 0.000191 
3089.485016 0.000178 
3088.284266 0.000173 
3087.083516 0.000118 
3085.882767 0.000013 
3084.682017 0.000012 
3083.481267 0.000039 
3082.280518 -0.000025 
3081.079768 -0.000092 
3079.879019 -0.000114 
3078.678269 -0.000204 
3077.477519 -0.000251 
3076.276770 -0.000140 
3075.076020 -0.000032 
3073.875270 0.000069 
3072.674521 0.000175 
3071.473771 0.000145 
3070.273021 0.000080 
3069.072272 0.000068 
3067.871522 0.000017 
3066.670772 -0.000041 
3065.470023 -0.000011 
3064.269273 0.000028 
3063.068523 0.000003 
3061.867774 0.000058 
3060.667024 0.000143 
3059.466274 0.000114 
3058.265525 0.000154 
3057.064775 0.000303 
3055.864026 0.000320 
3054.663276 0.000255 
3053.462526 0.000258 
3052.261777 0.000222 
3051.061027 0.000143 
3049.860277 0.000166 
3048.659528 0.000222 
3047.458778 0.000257 
3046.258028 0.000284 
3045.057279 0.000221 
3043.856529 0.000093 
3042.655779 0.000084 
3041.455030 0.000112 
3040.254280 0.000119 
3039.053530 0.000152 
3037.852781 0.000183 
3036.652031 0.000119 
3035.451281 0.000045 
3034.250532 0.000043 
3033.049782 0.000028 
3031.849033 0.000059 
3030.648283 0.000209 
3029.447533 0.000328 
3028.246784 0.000395 
3027.046034 0.000437 
3025.845284 0.000412 
3024.644535 0.000354 
3023.443785 0.000356 
3022.243035 0.000381 
3021.042286 0.000462 
3019.841536 0.000548 
3018.640786 0.000538 
3017.440037 0.000466 
3016.239287 0.000430 
3015.038537 0.000362 
3013.837788 0.000265 
3012.637038 0.000233 
3011.436288 0.000210 
3010.235539 0.000120 
3009.034789 0.000142 
3007.834040 0.000291 
3006.633290 0.000399 
3005.432540 0.000505 
3004.231791 0.000666 
3003.031041 0.000739 
3001.830291 0.000672 
3000.629542 0.000593 
2999.428792 0.000548 
2998.228042 0.000511 
2997.027293 0.000466 
2995.826543 0.000383 
2994.625793 0.000370 
2993.425044 0.000386 
2992.224294 0.000350 
2991.023544 0.000358 
2989.822795 0.000465 
2988.622045 0.000559 
2987.421295 0.000550 
2986.220546 0.000614 
2985.019796 0.000713 
2983.819047 0.000663 
2982.618297 0.000621 
2981.417547 0.000585 
2980.216798 0.000418 
2979.016048 0.000242 
2977.815298 0.000150 
2976.614549 0.000099 
2975.413799 0.000071 
2974.213049 0.000123 
2973.012300 0.000177 
2971.811550 0.000202 
2970.610800 0.000256 
2969.410051 0.000290 
2968.209301 0.000272 
2967.008551 0.000289 
2965.807802 0.000264 
2964.607052 0.000168 
2963.406303 0.000165 
2962.205553 0.000191 
2961.004803 0.000187 
2959.804054 0.000204 
2958.603304 0.000292 
2957.402554 0.000321 
2956.201805 0.000286 
2955.001055 0.000312 
2953.800305 0.000329 
2952.599556 0.000353 
2951.398806 0.000380 
2950.198056 0.000371 
2948.997307 0.000356 
2947.796557 0.000333 
2946.595807 0.000289 
2945.395058 0.000281 
2944.194308 0.000319 
2942.993558 0.000371 
2941.792809 0.000360 
2940.592059 0.000352 
2939.391310 0.000331 
2938.190560 0.000301 
2936.989810 0.000316 
2935.789061 0.000330 
2934.588311 0.000324 
2933.387561 0.000349 
2932.186812 0.000367 
2930.986062 0.000363 
2929.785312 0.000381 
2928.584563 0.000392 
2927.383813 0.000326 
2926.183063 0.000295 
2924.982314 0.000312 
2923.781564 0.000290 
2922.580814 0.000292 
2921.380065 0.000351 
2920.179315 0.000377 
2918.978565 0.000356 
2917.777816 0.000398 
2916.577066 0.000425 
2915.376317 0.000343 
2914.175567 0.000273 
2912.974817 0.000163 
2911.774068 0.000021 
2910.573318 0.000007 
2909.372568 0.000077 
2908.171819 0.000190 
2906.971069 0.000334 
2905.770319 0.000430 
2904.569570 0.000409 
2903.368820 0.000360 
2902.168070 0.000419 
2900.967321 0.000421 
2899.766571 0.000357 
2898.565821 0.000355 
2897.365072 0.000307 
2896.164322 0.000197 
2894.963572 0.000159 
2893.762823 0.000220 
2892.562073 0.000267 
2891.361324 0.000277 
2890.160574 0.000266 
2888.959824 0.000209 
2887.759075 0.000193 
2886.558325 0.000261 
2885.357575 0.000347 
2884.156826 0.000417 
2882.956076 0.000446 
2881.755326 0.000463 
2880.554577 0.000482 
2879.353827 0.000499 
2878.153077 0.000443 
2876.952328 0.000356 
2875.751578 0.000231 
2874.550828 0.000045 
2873.350079 -0.000085 
2872.149329 -0.000038 
2870.948579 0.000047 
2869.747830 0.000093 
2868.547080 0.000153 
2867.346331 0.000207 
2866.145581 0.000225 
2864.944831 0.000234 
2863.744082 0.000269 
2862.543332 0.000296 
2861.342582 0.000266 
2860.141833 0.000178 
2858.941083 0.000052 
2857.740333 0.000018 
2856.539584 0.000044 
2855.338834 0.000060 
2854.138084 0.000174 
2852.937335 0.000305 
2851.736585 0.000255 
2850.535835 0.000107 
2849.335086 0.000013 
2848.134336 -0.000032 
2846.933586 -0.000035 
2845.732837 0.000078 
2844.532087 0.000260 
2843.331338 0.000325 
2842.130588 0.000232 
2840.929838 0.000095 
2839.729089 -0.000061 
2838.528339 -0.000147 
2837.327589 -0.000171 
2836.126840 -0.000161 
2834.926090 -0.000092 
2833.725340 -0.000071 
2832.524591 -0.000096 
2831.323841 -0.000108 
2830.123091 -0.000103 
2828.922342 -0.000132 
2827.721592 -0.000113 
2826.520842 0.000014 
2825.320093 0.000120 
2824.119343 0.000209 
2822.918593 0.000301 
2821.717844 0.000285 
2820.517094 0.000171 
2819.316345 0.000097 
2818.115595 0.000130 
2816.914845 0.000179 
2815.714096 0.000209 
2814.513346 0.000200 
2813.312596 0.000151 
2812.111847 0.000109 
2810.911097 0.000096 
2809.710347 0.000105 
2808.509598 0.000177 
2807.308848 0.000276 
2806.108098 0.000322 
2804.907349 0.000391 
2803.706599 0.000489 
2802.505849 0.000516 
2801.305100 0.000464 
2800.104350 0.000366 
2798.903600 0.000276 
2797.702851 0.000262 
2796.502101 0.000328 
2795.301352 0.000448 
2794.100602 0.000564 
2792.899852 0.000591 
2791.699103 0.000509 
2790.498353 0.000413 
2789.297603 0.000365 
2788.096854 0.000321 
2786.896104 0.000301 
2785.695354 0.000361 
2784.494605 0.000415 
2783.293855 0.000422 
2782.093105 0.000488 
2780.892356 0.000600 
2779.691606 0.000627 
2778.490856 0.000630 
2777.290107 0.000636 
2776.089357 0.000578 
2774.888607 0.000515 
2773.687858 0.000521 
2772.487108 0.000568 
2771.286359 0.000634 
2770.085609 0.000678 
2768.884859 0.000637 
2767.684110 0.000565 
2766.483360 0.000524 
2765.282610 0.000542 
2764.081861 0.000601 
2762.881111 0.000682 
2761.680361 0.000685 
2760.479612 0.000622 
2759.278862 0.000583 
2758.078112 0.000553 
2756.877363 0.000572 
2755.676613 0.000668 
2754.475863 0.000760 
2753.275114 0.000773 
2752.074364 0.000721 
2750.873614 0.000707 
2749.672865 0.000661 
2748.472115 0.000636 
2747.271366 0.000654 
2746.070616 0.000617 
2744.869866 0.000575 
2743.669117 0.000570 
2742.468367 0.000631 
2741.267617 0.000676 
2740.066868 0.000699 
2738.866118 0.000702 
2737.665368 0.000623 
2736.464619 0.000562 
2735.263869 0.000573 
2734.063119 0.000680 
2732.862370 0.000810 
2731.661620 0.000870 
2730.460870 0.000861 
2729.260121 0.000801 
2728.059371 0.000753 
2726.858621 0.000761 
2725.657872 0.000761 
2724.457122 0.000727 
2723.256373 0.000687 
2722.055623 0.000654 
2720.854873 0.000633 
2719.654124 0.000595 
2718.453374 0.000627 
2717.252624 0.000671 
2716.051875 0.000626 
2714.851125 0.000642 
2713.650375 0.000706 
2712.449626 0.000740 
2711.248876 0.000718 
2710.048126 0.000660 
2708.847377 0.000581 
2707.646627 0.000432 
2706.445877 0.000299 
2705.245128 0.000242 
2704.044378 0.000174 
2702.843628 0.000089 
2701.642879 -0.000072 
2700.442129 -0.000368 
2699.241380 -0.000692 
2698.040630 -0.001007 
2696.839880 -0.001238 
2695.639131 -0.001320 
2694.438381 -0.001310 
2693.237631 -0.001277 
2692.036882 -0.001242 
2690.836132 -0.001250 
2689.635382 -0.001279 
2688.434633 -0.001275 
2687.233883 -0.001143 
2686.033133 -0.000955 
2684.832384 -0.000788 
2683.631634 -0.000602 
2682.430884 -0.000504 
2681.230135 -0.000581 
2680.029385 -0.000753 
2678.828635 -0.000922 
2677.627886 -0.001108 
2676.427136 -0.001190 
2675.226387 -0.001173 
2674.025637 -0.001129 
2672.824887 -0.001080 
2671.624138 -0.001076 
2670.423388 -0.001136 
2669.222638 -0.001187 
2668.021889 -0.001235 
2666.821139 -0.001201 
2665.620389 -0.001131 
2664.419640 -0.001049 
2663.218890 -0.000986 
2662.018140 -0.000959 
2660.817391 -0.000912 
2659.616641 -0.000872 
2658.415891 -0.000836 
2657.215142 -0.000743 
2656.014392 -0.000680 
2654.813642 -0.000713 
2653.612893 -0.000797 
2652.412143 -0.000855 
2651.211394 -0.000868 
2650.010644 -0.000887 
2648.809894 -0.000899 
2647.609145 -0.000945 
2646.408395 -0.000962 
2645.207645 -0.000986 
2644.006896 -0.000975 
2642.806146 -0.000749 
2641.605396 -0.000579 
2640.404647 -0.000588 
2639.203897 -0.000682 
2638.003147 -0.000851 
2636.802398 -0.001037 
2635.601648 -0.001137 
2634.400898 -0.001019 
2633.200149 -0.000867 
2631.999399 -0.000785 
2630.798649 -0.000667 
2629.597900 -0.000578 
2628.397150 -0.000562 
2627.196401 -0.000489 
2625.995651 -0.000393 
2624.794901 -0.000378 
2623.594152 -0.000350 
2622.393402 -0.000341 
2621.192652 -0.000313 
2619.991903 -0.000263 
2618.791153 -0.000196 
2617.590403 -0.000187 
2616.389654 -0.000176 
2615.188904 -0.000127 
2613.988154 -0.000118 
2612.787405 -0.000063 
2611.586655 0.000071 
2610.385905 0.000128 
2609.185156 0.000148 
2607.984406 0.000223 
2606.783656 0.000336 
2605.582907 0.000425 
2604.382157 0.000553 
2603.181408 0.000641 
2601.980658 0.000620 
2600.779908 0.000598 
2599.579159 0.000596 
2598.378409 0.000644 
2597.177659 0.000752 
2595.976910 0.000826 
2594.776160 0.000829 
2593.575410 0.000763 
2592.374661 0.000713 
2591.173911 0.000679 
2589.973161 0.000707 
2588.772412 0.000833 
2587.571662 0.000892 
2586.370912 0.000930 
2585.170163 0.000999 
2583.969413 0.000960 
2582.768663 0.000870 
2581.567914 0.000811 
2580.367164 0.000697 
2579.166415 0.000565 
2577.965665 0.000547 
2576.764915 0.000620 
2575.564166 0.000682 
2574.363416 0.000777 
2573.162666 0.000862 
2571.961917 0.000847 
2570.761167 0.000830 
2569.560417 0.000851 
2568.359668 0.000888 
2567.158918 0.000935 
2565.958168 0.000997 
2564.757419 0.001020 
2563.556669 0.001023 
2562.355919 0.001122 
2561.155170 0.001200 
2559.954420 0.001238 
2558.753670 0.001320 
2557.552921 0.001378 
2556.352171 0.001361 
2555.151422 0.001396 
2553.950672 0.001468 
2552.749922 0.001490 
2551.549173 0.001480 
2550.348423 0.001450 
2549.147673 0.001353 
2547.946924 0.001300 
2546.746174 0.001263 
2545.545424 0.001214 
2544.344675 0.001236 
2543.143925 0.001306 
2541.943175 0.001358 
2540.742426 0.001417 
2539.541676 0.001522 
2538.340926 0.001613 
2537.140177 0.001614 
2535.939427 0.001583 
2534.738677 0.001496 
2533.537928 0.001348 
2532.337178 0.001280 
2531.136429 0.001280 
2529.935679 0.001280 
2528.734929 0.001318 
2527.534180 0.001339 
2526.333430 0.001270 
2525.132680 0.001244 
2523.931931 0.001306 
2522.731181 0.001351 
2521.530431 0.001357 
2520.329682 0.001306 
2519.128932 0.001197 
2517.928182 0.001118 
2516.727433 0.001125 
2515.526683 0.001195 
2514.325933 0.001295 
2513.125184 0.001350 
2511.924434 0.001291 
2510.723684 0.001166 
2509.522935 0.001039 
2508.322185 0.000970 
2507.121436 0.000931 
2505.920686 0.000942 
2504.719936 0.000984 
2503.519187 0.001030 
2502.318437 0.001156 
2501.117687 0.001380 
2499.916938 0.001691 
2498.716188 0.002160 
2497.515438 0.002719 
2496.314689 0.003285 
2495.113939 0.003926 
2493.913189 0.004629 
2492.712440 0.005337 
2491.511690 0.006079 
2490.310940 0.006874 
2489.110191 0.007628 
2487.909441 0.008405 
2486.708691 0.009231 
2485.507942 0.010039 
2484.307192 0.010902 
2483.106443 0.011884 
2481.905693 0.012910 
2480.704943 0.014004 
2479.504194 0.015302 
2478.303444 0.016796 
2477.102694 0.018424 
2475.901945 0.020338 
2474.701195 0.022548 
2473.500445 0.024965 
2472.299696 0.027742 
2471.098946 0.030930 
2469.898196 0.034364 
2468.697447 0.038037 
2467.496697 0.041854 
2466.295947 0.045444 
2465.095198 0.048551 
2463.894448 0.050877 
2462.693698 0.052105 
2461.492949 0.052003 
2460.292199 0.050427 
2459.091450 0.047284 
2457.890700 0.042936 
2456.689950 0.037772 
2455.489201 0.032168 
2454.288451 0.026566 
2453.087701 0.021350 
2451.886952 0.016740 
2450.686202 0.012939 
2449.485452 0.010005 
2448.284703 0.007892 
2447.083953 0.006508 
2445.883203 0.005622 
2444.682454 0.005064 
2443.481704 0.004711 
2442.280954 0.004488 
2441.080205 0.004373 
2439.879455 0.004254 
2438.678706 0.004075 
2437.477956 0.003863 
2436.277206 0.003531 
2435.076457 0.003130 
2433.875707 0.002802 
2432.674957 0.002491 
2431.474208 0.002185 
2430.273458 0.001958 
2429.072708 0.001735 
2427.871959 0.001524 
2426.671209 0.001393 
2425.470459 0.001358 
2424.269710 0.001391 
2423.068960 0.001440 
2421.868210 0.001430 
2420.667461 0.001311 
2419.466711 0.001191 
2418.265961 0.001111 
2417.065212 0.001038 
2415.864462 0.001032 
2414.663713 0.001039 
2413.462963 0.000966 
2412.262213 0.000894 
2411.061464 0.000903 
2409.860714 0.000923 
2408.659964 0.000918 
2407.459215 0.000922 
2406.258465 0.000842 
2405.057715 0.000702 
2403.856966 0.000680 
2402.656216 0.000717 
2401.455466 0.000724 
2400.254717 0.000762 
2399.053967 0.000757 
2397.853217 0.000630 
2396.652468 0.000592 
2395.451718 0.000664 
2394.250968 0.000697 
2393.050219 0.000710 
2391.849469 0.000728 
2390.648720 0.000661 
2389.447970 0.000553 
2388.247220 0.000556 
2387.046471 0.000599 
2385.845721 0.000616 
2384.644971 0.000652 
2383.444222 0.000635 
2382.243472 0.000544 
2381.042722 0.000528 
2379.841973 0.000610 
2378.641223 0.000711 
2377.440473 0.000857 
2376.239724 0.000958 
2375.038974 0.000919 
2373.838224 0.000847 
2372.637475 0.000798 
2371.436725 0.000739 
2370.235975 0.000662 
2369.035226 0.000661 
2367.834476 0.000678 
2366.633727 0.000651 
2365.432977 0.000602 
2364.232227 0.000573 
2363.031478 0.000540 
2361.830728 0.000458 
2360.629978 0.000294 
2359.429229 0.000125 
2358.228479 -0.000017 
2357.027729 -0.000210 
2355.826980 -0.000563 
2354.626230 -0.000581 
2353.425480 0.000656 
2352.224731 0.004869 
2351.023981 0.016141 
2349.823231 0.035877 
2348.622482 0.063671 
2347.421732 0.094521 
2346.220982 0.118265 
2345.020233 0.127175 
2343.819483 0.117922 
2342.618734 0.092282 
2341.417984 0.061150 
2340.217234 0.032888 
2339.016485 0.014270 
2337.815735 0.005121 
2336.614985 0.001770 
2335.414236 0.001111 
2334.213486 0.001188 
2333.012736 0.001501 
2331.811987 0.002014 
2330.611237 0.002435 
2329.410487 0.002669 
2328.209738 0.002761 
2327.008988 0.002617 
2325.808238 0.002155 
2324.607489 0.001595 
2323.406739 0.001169 
2322.205989 0.000813 
2321.005240 0.000636 
2319.804490 0.000663 
2318.603741 0.000638 
2317.402991 0.000526 
2316.202241 0.000362 
2315.001492 0.000047 
2313.800742 -0.000369 
2312.599992 -0.000649 
2311.399243 -0.000759 
2310.198493 -0.000818 
2308.997743 -0.000682 
2307.796994 -0.000500 
2306.596244 -0.000329 
2305.395494 -0.000028 
2304.194745 0.000358 
2302.993995 0.000802 
2301.793245 0.001345 
2300.592496 0.001998 
2299.391746 0.002663 
2298.190996 0.003455 
2296.990247 0.004454 
2295.789497 0.005433 
2294.588748 0.006395 
2293.387998 0.007295 
2292.187248 0.007869 
2290.986499 0.008130 
2289.785749 0.008177 
2288.584999 0.007797 
2287.384250 0.007028 
2286.183500 0.006065 
2284.982750 0.005071 
2283.782001 0.004139 
2282.581251 0.003503 
2281.380501 0.003215 
2280.179752 0.003028 
2278.979002 0.002863 
2277.778252 0.002621 
2276.577503 0.002185 
2275.376753 0.001748 
2274.176003 0.001397 
2272.975254 0.001131 
2271.774504 0.000935 
2270.573755 0.000832 
2269.373005 0.000724 
2268.172255 0.000637 
2266.971506 0.000672 
2265.770756 0.000705 
2264.570006 0.000705 
2263.369257 0.000793 
2262.168507 0.000791 
2260.967757 0.000698 
2259.767008 0.000689 
2258.566258 0.000740 
2257.365508 0.000726 
2256.164759 0.000708 
2254.964009 0.000725 
2253.763259 0.000655 
2252.562510 0.000562 
2251.361760 0.000570 
2250.161010 0.000529 
2248.960261 0.000518 
2247.759511 0.000557 
2246.558762 0.000533 
2245.358012 0.000507 
2244.157262 0.000563 
2242.956513 0.000615 
2241.755763 0.000583 
2240.555013 0.000600 
2239.354264 0.000654 
2238.153514 0.000617 
2236.952764 0.000602 
2235.752015 0.000646 
2234.551265 0.000657 
2233.350515 0.000673 
2232.149766 0.000667 
2230.949016 0.000614 
2229.748266 0.000602 
2228.547517 0.000637 
2227.346767 0.000623 
2226.146017 0.000635 
2224.945268 0.000706 
2223.744518 0.000668 
2222.543769 0.000618 
2221.343019 0.000672 
2220.142269 0.000701 
2218.941520 0.000699 
2217.740770 0.000696 
2216.540020 0.000645 
2215.339271 0.000533 
2214.138521 0.000513 
2212.937771 0.000594 
2211.737022 0.000605 
2210.536272 0.000606 
2209.335522 0.000599 
2208.134773 0.000449 
2206.934023 0.000302 
2205.733273 0.000259 
2204.532524 0.000210 
2203.331774 0.000183 
2202.131024 0.000204 
2200.930275 0.000201 
2199.729525 0.000161 
2198.528776 0.000155 
2197.328026 0.000110 
2196.127276 0.000024 
2194.926527 -0.000017 
2193.725777 -0.000071 
2192.525027 -0.000168 
2191.324278 -0.000201 
2190.123528 -0.000226 
2188.922778 -0.000285 
2187.722029 -0.000299 
2186.521279 -0.000295 
2185.320529 -0.000319 
2184.119780 -0.000326 
2182.919030 -0.000329 
2181.718280 -0.000410 
2180.517531 -0.000524 
2179.316781 -0.000602 
2178.116031 -0.000701 
2176.915282 -0.000726 
2175.714532 -0.000640 
2174.513783 -0.000596 
2173.313033 -0.000631 
2172.112283 -0.000657 
2170.911534 -0.000699 
2169.710784 -0.000773 
2168.510034 -0.000717 
2167.309285 -0.000600 
2166.108535 -0.000527 
2164.907785 -0.000421 
2163.707036 -0.000374 
2162.506286 -0.000391 
2161.305536 -0.000349 
2160.104787 -0.000290 
2158.904037 -0.000270 
2157.703287 -0.000220 
2156.502538 -0.000172 
2155.301788 -0.000236 
2154.101038 -0.000303 
2152.900289 -0.000295 
2151.699539 -0.000363 
2150.498790 -0.000429 
2149.298040 -0.000365 
2148.097290 -0.000344 
2146.896541 -0.000375 
2145.695791 -0.000297 
2144.495041 -0.000206 
2143.294292 -0.000245 
2142.093542 -0.000286 
2140.892792 -0.000312 
2139.692043 -0.000363 
2138.491293 -0.000296 
2137.290543 -0.000182 
2136.089794 -0.000159 
2134.889044 -0.000153 
2133.688294 -0.000164 
2132.487545 -0.000293 
2131.286795 -0.000393 
2130.086045 -0.000342 
2128.885296 -0.000346 
2127.684546 -0.000402 
2126.483797 -0.000390 
2125.283047 -0.000417 
2124.082297 -0.000484 
2122.881548 -0.000431 
2121.680798 -0.000392 
2120.480048 -0.000447 
2119.279299 -0.000451 
2118.078549 -0.000446 
2116.877799 -0.000470 
2115.677050 -0.000392 
2114.476300 -0.000273 
2113.275550 -0.000276 
2112.074801 -0.000303 
2110.874051 -0.000281 
2109.673301 -0.000349 
2108.472552 -0.000374 
2107.271802 -0.000259 
2106.071052 -0.000205 
2104.870303 -0.000213 
2103.669553 -0.000155 
2102.468804 -0.000120 
2101.268054 -0.000124 
2100.067304 -0.000056 
2098.866555 -0.000011 
2097.665805 -0.000088 
2096.465055 -0.000102 
2095.264306 -0.000093 
2094.063556 -0.000159 
2092.862806 -0.000129 
2091.662057 -0.000046 
2090.461307 -0.000062 
2089.260557 -0.000096 
2088.059808 -0.000070 
2086.859058 -0.000048 
2085.658308 0.000021 
2084.457559 0.000121 
2083.256809 0.000127 
2082.056059 0.000086 
2080.855310 0.000084 
2079.654560 0.000007 
2078.453811 -0.000054 
2077.253061 0.000040 
2076.052311 0.000073 
2074.851562 0.000012 
2073.650812 0.000038 
2072.450062 0.000017 
2071.249313 -0.000057 
2070.048563 -0.000004 
2068.847813 0.000081 
2067.647064 0.000044 
2066.446314 0.000064 
2065.245564 0.000182 
2064.044815 0.000154 
2062.844065 0.000124 
2061.643315 0.000214 
2060.442566 0.000172 
2059.241816 0.000040 
2058.041066 0.000023 
2056.840317 -0.000003 
2055.639567 -0.000034 
2054.438818 0.000056 
2053.238068 0.000091 
2052.037318 0.000017 
2050.836569 0.000010 
2049.635819 -0.000013 
2048.435069 -0.000103 
2047.234320 -0.000003 
2046.033570 0.000162 
2044.832820 0.000141 
2043.632071 0.000049 
2042.431321 0.000025 
2041.230571 -0.000036 
2040.029822 -0.000034 
2038.829072 0.000107 
2037.628322 0.000157 
2036.427573 0.000145 
2035.226823 0.000147 
2034.026073 0.000043 
2032.825324 -0.000052 
2031.624574 -0.000005 
2030.423825 -0.000002 
2029.223075 -0.000101 
2028.022325 -0.000080 
2026.821576 0.000011 
2025.620826 0.000008 
2024.420076 0.000076 
2023.219327 0.000170 
2022.018577 0.000155 
2020.817827 0.000169 
2019.617078 0.000199 
2018.416328 0.000154 
2017.215578 0.000143 
2016.014829 0.000143 
2014.814079 0.000003 
2013.613329 -0.000099 
2012.412580 -0.000061 
2011.211830 -0.000094 
2010.011080 -0.000133 
2008.810331 0.000019 
2007.609581 0.000102 
2006.408832 0.000006 
2005.208082 -0.000018 
2004.007332 -0.000080 
2002.806583 -0.000211 
2001.605833 -0.000200 
2000.405083 -0.000170 
1999.204334 -0.000226 
1998.003584 -0.000146 
1996.802834 0.000136 
1995.602085 0.000197 
1994.401335 0.000194 
1993.200585 0.000281 
1991.999836 0.000128 
1990.799086 -0.000090 
1989.598336 -0.000131 
1988.397587 -0.000084 
1987.196837 -0.000007 
1985.996087 0.000094 
1984.795338 0.000108 
1983.594588 0.000043 
1982.393839 0.000063 
1981.193089 0.000099 
1979.992339 0.000026 
1978.791590 0.000051 
1977.590840 0.000092 
1976.390090 -0.000038 
1975.189341 -0.000061 
1973.988591 -0.000033 
1972.787841 -0.000011 
1971.587092 0.000152 
1970.386342 0.000323 
1969.185592 0.000292 
1967.984843 0.000216 
1966.784093 0.000255 
1965.583343 0.000161 
1964.382594 0.000079 
1963.181844 0.000255 
1961.981094 0.000249 
1960.780345 0.000081 
1959.579595 0.000164 
1958.378846 0.000239 
1957.178096 0.000207 
1955.977346 0.000273 
1954.776597 0.000345 
1953.575847 0.000264 
1952.375097 0.000212 
1951.174348 0.000229 
1949.973598 0.000086 
1948.772848 0.000042 
1947.572099 0.000413 
1946.371349 0.000503 
1945.170599 0.000487 
1943.969850 0.000556 
1942.769100 0.000368 
1941.568350 0.000069 
1940.367601 -0.000073 
1939.166851 -0.000058 
1937.966102 0.000059 
1936.765352 0.000180 
1935.564602 0.000235 
1934.363853 0.000125 
1933.163103 0.000154 
1931.962353 0.000256 
1930.761604 0.000231 
1929.560854 0.000287 
1928.360104 0.000497 
1927.159355 0.000598 
1925.958605 0.000570 
1924.757855 0.000424 
1923.557106 0.000279 
1922.356356 0.000400 
1921.155606 0.000453 
1919.954857 0.000289 
1918.754107 0.000175 
1917.553357 0.000111 
1916.352608 -0.000204 
1915.151858 -0.000451 
1913.951109 -0.000028 
1912.750359 0.000280 
1911.549609 0.000289 
1910.348860 0.000352 
1909.148110 0.000313 
1907.947360 0.000024 
1906.746611 -0.000097 
1905.545861 0.000007 
1904.345111 -0.000064 
1903.144362 -0.000001 
1901.943612 0.000126 
1900.742862 0.000106 
1899.542113 0.000163 
1898.341363 0.000316 
1897.140613 0.000305 
1895.939864 0.000155 
1894.739114 0.000312 
1893.538364 0.000363 
1892.337615 0.000218 
1891.136865 0.000274 
1889.936116 0.000226 
1888.735366 0.000046 
1887.534616 -0.000015 
1886.333867 -0.000068 
1885.133117 -0.000131 
1883.932367 -0.000165 
1882.731618 -0.000138 
1881.530868 -0.000203 
1880.330118 -0.000052 
1879.129369 0.000143 
1877.928619 0.000045 
1876.727869 -0.000119 
1875.527120 -0.000170 
1874.326370 -0.000069 
1873.125620 0.000235 
1871.924871 0.000640 
1870.724121 0.000643 
1869.523371 0.000305 
1868.322622 0.000030 
1867.121872 -0.000316 
1865.921123 -0.000478 
1864.720373 -0.000047 
1863.519623 0.000292 
1862.318874 0.000287 
1861.118124 0.000306 
1859.917374 0.000329 
1858.716625 0.000149 
1857.515875 0.000161 
1856.315125 0.000276 
1855.114376 0.000131 
1853.913626 0.000071 
1852.712876 0.000281 
1851.512127 0.000232 
1850.311377 0.000373 
1849.110627 0.001399 
1847.909878 0.001852 
1846.709128 0.001657 
1845.508378 0.001357 
1844.307629 0.000831 
1843.106879 0.000108 
1841.906130 -0.000267 
1840.705380 -0.000058 
1839.504630 0.000289 
1838.303881 0.000275 
1837.103131 0.000150 
1835.902381 -0.000238 
1834.701632 0.000174 
1833.500882 0.000672 
1832.300132 0.000652 
1831.099383 0.000494 
1829.898633 0.000754 
1828.697883 0.000504 
1827.497134 -0.000113 
1826.296384 -0.000241 
1825.095634 -0.000232 
1823.894885 -0.000561 
1822.694135 -0.000596 
1821.493385 -0.000358 
1820.292636 -0.000160 
1819.091886 -0.000063 
1817.891137 -0.000139 
1816.690387 -0.000375 
1815.489637 -0.000173 
1814.288888 0.000066 
1813.088138 0.000090 
1811.887388 0.000205 
1810.686639 0.000275 
1809.485889 -0.000058 
1808.285139 -0.000298 
1807.084390 -0.000018 
1805.883640 0.000192 
1804.682890 0.000423 
1803.482141 0.000745 
1802.281391 0.000515 
1801.080641 0.000186 
1799.879892 -0.000083 
1798.679142 -0.000450 
1797.478392 -0.000034 
1796.277643 0.000663 
1795.076893 0.001105 
1793.876144 0.000693 
1792.675394 0.000338 
1791.474644 -0.000081 
1790.273895 -0.000735 
1789.073145 -0.000518 
1787.872395 0.000037 
1786.671646 0.000075 
1785.470896 0.000269 
1784.270146 0.000401 
1783.069397 0.000107 
1781.868647 -0.000218 
1780.667897 0.000082 
1779.467148 -0.000137 
1778.266398 -0.000330 
1777.065648 0.000744 
1775.864899 0.001402 
1774.664149 0.001050 
1773.463399 0.000861 
1772.262650 0.000665 
1771.061900 -0.000031 
1769.861151 -0.000663 
1768.660401 -0.000584 
1767.459651 -0.000178 
1766.258902 0.000341 
1765.058152 0.000475 
1763.857402 0.000505 
1762.656653 0.000477 
1761.455903 0.000689 
1760.255153 0.000256 
1759.054404 -0.000339 
1757.853654 -0.000280 
1756.652904 -0.000018 
1755.452155 0.000460 
1754.251405 0.001063 
1753.050655 0.001683 
1751.849906 0.001870 
1750.649156 0.001537 
1749.448406 0.000677 
1748.247657 0.000020 
1747.046907 0.000296 
1745.846158 0.000398 
1744.645408 0.000677 
1743.444658 0.000981 
1742.243909 0.000816 
1741.043159 -0.000028 
1739.842409 0.000084 
1738.641660 0.001789 
1737.440910 0.002370 
1736.240160 0.002331 
1735.039411 0.002592 
1733.838661 0.001778 
1732.637911 0.000391 
1731.437162 -0.000551 
1730.236412 -0.000287 
1729.035662 0.000267 
1727.834913 0.000469 
1726.634163 0.000318 
1725.433413 0.000134 
1724.232664 0.000169 
1723.031914 0.000911 
1721.831165 0.001528 
1720.630415 0.001829 
1719.429665 0.002164 
1718.228916 0.001607 
1717.028166 0.000690 
1715.827416 -0.000155 
1714.626667 -0.000573 
1713.425917 -0.000263 
1712.225167 -0.000004 
1711.024418 0.000197 
1709.823668 0.000757 
1708.622918 0.001111 
1707.422169 0.000549 
1706.221419 0.000231 
1705.020669 0.002097 
1703.819920 0.003008 
1702.619170 0.002755 
1701.418420 0.003100 
1700.217671 0.003511 
1699.016921 0.002247 
1697.816172 0.000428 
1696.615422 0.000081 
1695.414672 0.000265 
1694.213923 -0.000097 
1693.013173 0.000135 
1691.812423 0.000745 
1690.611674 0.001202 
1689.410924 0.002373 
1688.210174 0.003172 
1687.009425 0.002887 
1685.808675 0.002380 
1684.607925 0.001680 
1683.407176 0.000555 
1682.206426 -0.000628 
1681.005676 -0.000664 
1679.804927 0.000766 
1678.604177 0.001402 
1677.403427 0.000971 
1676.202678 0.000489 
1675.001928 0.000457 
1673.801179 0.000698 
1672.600429 0.000272 
1671.399679 0.000322 
1670.198930 0.000404 
1668.998180 -0.000458 
1667.797430 -0.000417 
1666.596681 0.000061 
1665.395931 0.000374 
1664.195181 0.000549 
1662.994432 0.000339 
1661.793682 -0.000316 
1660.592932 -0.001089 
1659.392183 -0.000784 
1658.191433 0.000971 
1656.990683 0.002431 
1655.789934 0.002353 
1654.589184 0.001361 
1653.388434 0.000053 
1652.187685 -0.000588 
1650.986935 -0.000533 
1649.786186 -0.000183 
1648.585436 0.000984 
1647.384686 0.000722 
1646.183937 -0.000578 
1644.983187 -0.001475 
1643.782437 -0.001551 
1642.581688 -0.001192 
1641.380938 -0.000298 
1640.180188 0.001085 
1638.979439 0.001188 
1637.778689 0.000525 
1636.577939 -0.000123 
1635.377190 -0.001146 
1634.176440 -0.002083 
1632.975690 -0.001888 
1631.774941 -0.000972 
1630.574191 -0.000314 
1629.373441 -0.000120 
1628.172692 0.000198 
1626.971942 0.000011 
1625.771193 -0.000083 
1624.570443 0.000063 
1623.369693 -0.000112 
1622.168944 0.000286 
1620.968194 0.001210 
1619.767444 0.001600 
1618.566695 0.001755 
1617.365945 0.001704 
1616.165195 0.001201 
1614.964446 0.000792 
1613.763696 0.001154 
1612.562946 0.002045 
1611.362197 0.002475 
1610.161447 0.002663 
1608.960697 0.002527 
1607.759948 0.002217 
1606.559198 0.002274 
1605.358448 0.002386 
1604.157699 0.002127 
1602.956949 0.002060 
1601.756200 0.001978 
1600.555450 0.001520 
1599.354700 0.001430 
1598.153951 0.001495 
1596.953201 0.001162 
1595.752451 0.000993 
1594.551702 0.001077 
1593.350952 0.000751 
1592.150202 0.000486 
1590.949453 0.000644 
1589.748703 0.000573 
1588.547953 0.000337 
1587.347204 0.000438 
1586.146454 0.000307 
1584.945704 -0.000049 
1583.744955 -0.000045 
1582.544205 -0.000225 
1581.343455 0.000040 
1580.142706 0.000744 
1578.941956 0.000931 
1577.741207 0.000467 
1576.540457 0.000027 
1575.339707 -0.000072 
1574.138958 -0.000213 
1572.938208 -0.000306 
1571.737458 0.000261 
1570.536709 0.000119 
1569.335959 -0.000014 
1568.135209 -0.000048 
1566.934460 -0.000521 
1565.733710 -0.000370 
1564.532960 0.000960 
1563.332211 0.001710 
1562.131461 0.001566 
1560.930711 0.000854 
1559.729962 0.000178 
1558.529212 -0.000749 
1557.328462 -0.001564 
1556.127713 -0.001300 
1554.926963 -0.000384 
1553.726214 0.000629 
1552.525464 0.000555 
1551.324714 0.000017 
1550.123965 0.000537 
1548.923215 0.000876 
1547.722465 0.000603 
1546.521716 0.000898 
1545.320966 0.001681 
1544.120216 0.002266 
1542.919467 0.002318 
1541.718717 0.002258 
1540.517967 0.001982 
1539.317218 0.001357 
1538.116468 0.001843 
1536.915718 0.002174 
1535.714969 0.002419 
1534.514219 0.002894 
1533.313469 0.002650 
1532.112720 0.001939 
1530.911970 0.001996 
1529.711221 0.002724 
1528.510471 0.002842 
1527.309721 0.003202 
1526.108972 0.003865 
1524.908222 0.004018 
1523.707472 0.003589 
1522.506723 0.003649 
1521.305973 0.003814 
1520.105223 0.003631 
1518.904474 0.003554 
1517.703724 0.003563 
1516.502974 0.003691 
1515.302225 0.003593 
1514.101475 0.003172 
1512.900725 0.003369 
1511.699976 0.004815 
1510.499226 0.006257 
1509.298476 0.006298 
1508.097727 0.005892 
1506.896977 0.004933 
1505.696228 0.003292 
1504.495478 0.002184 
1503.294728 0.002281 
1502.093979 0.002805 
1500.893229 0.003549 
1499.692479 0.003596 
1498.491730 0.003092 
1497.290980 0.002645 
1496.090230 0.002623 
1494.889481 0.002755 
1493.688731 0.002644 
1492.487981 0.003050 
1491.287232 0.003215 
1490.086482 0.002686 
1488.885732 0.002558 
1487.684983 0.002410 
1486.484233 0.002321 
1485.283483 0.002644 
1484.082734 0.002737 
1482.881984 0.002660 
1481.681235 0.002941 
1480.480485 0.003324 
1479.279735 0.003106 
1478.078986 0.003377 
1476.878236 0.004170 
1475.677486 0.004129 
1474.476737 0.003720 
1473.275987 0.003593 
1472.075237 0.003343 
1470.874488 0.003028 
1469.673738 0.003634 
1468.472988 0.004128 
1467.272239 0.004316 
1466.071489 0.004458 
1464.870739 0.004226 
1463.669990 0.003936 
1462.469240 0.004528 
1461.268490 0.005607 
1460.067741 0.005781 
1458.866991 0.005495 
1457.666242 0.005179 
1456.465492 0.004524 
1455.264742 0.004213 
1454.063993 0.004553 
1452.863243 0.005268 
1451.662493 0.005967 
1450.461744 0.006395 
1449.260994 0.006473 
1448.060244 0.006697 
1446.859495 0.007143 
1445.658745 0.007133 
1444.457995 0.007033 
1443.257246 0.007427 
1442.056496 0.007717 
1440.855746 0.008183 
1439.654997 0.008606 
1438.454247 0.008825 
1437.253497 0.008706 
1436.052748 0.008866 
1434.851998 0.009143 
1433.651249 0.009090 
1432.450499 0.009640 
1431.249749 0.010051 
1430.049000 0.009777 
1428.848250 0.010073 
1427.647500 0.010657 
1426.446751 0.010724 
1425.246001 0.011023 
1424.045251 0.011868 
1422.844502 0.011840 
1421.643752 0.011591 
1420.443002 0.011675 
1419.242253 0.011689 
1418.041503 0.011486 
1416.840753 0.011762 
1415.640004 0.012285 
1414.439254 0.012654 
1413.238505 0.012962 
1412.037755 0.013127 
1410.837005 0.012961 
1409.636256 0.013413 
1408.435506 0.013766 
1407.234756 0.013650 
1406.034007 0.013721 
1404.833257 0.013913 
1403.632507 0.013860 
1402.431758 0.013951 
1401.231008 0.014405 
1400.030258 0.014600 
1398.829509 0.014810 
1397.628759 0.015183 
1396.428009 0.015035 
1395.227260 0.014831 
1394.026510 0.015126 
1392.825760 0.015011 
1391.625011 0.014953 
1390.424261 0.015446 
1389.223512 0.015716 
1388.022762 0.015571 
1386.822012 0.015824 
1385.621263 0.015926 
1384.420513 0.015666 
1383.219763 0.015977 
1382.019014 0.016407 
1380.818264 0.016209 
1379.617514 0.016549 
1378.416765 0.017280 
1377.216015 0.017265 
1376.015265 0.017257 
1374.814516 0.017569 
1373.613766 0.017532 
1372.413016 0.017580 
1371.212267 0.018163 
1370.011517 0.018606 
1368.810767 0.018975 
1367.610018 0.020033 
1366.409268 0.020808 
1365.208519 0.021308 
1364.007769 0.022373 
1362.807019 0.023405 
1361.606270 0.024258 
1360.405520 0.026193 
1359.204770 0.028964 
1358.004021 0.032203 
1356.803271 0.037041 
1355.602521 0.043293 
1354.401772 0.049796 
1353.201022 0.061576 
1352.000272 0.100957 
1350.799523 0.186628 
1349.598773 0.328847 
1348.398023 0.524844 
1347.197274 0.750667 
1345.996524 0.978724 
1344.795774 1.188514 
1343.595025 1.363689 
1342.394275 1.514967 
1341.193526 1.651417 
1339.992776 1.774167 
1338.792026 1.876976 
1337.591277 1.963010 
1336.390527 2.035184 
1335.189777 2.088613 
1333.989028 2.133533 
1332.788278 2.170088 
1331.587528 2.189425 
1330.386779 2.190258 
1329.186029 2.179013 
1327.985279 2.159066 
1326.784530 2.125585 
1325.583780 2.081671 
1324.383030 2.033771 
1323.182281 1.972748 
1321.981531 1.890176 
1320.780781 1.784477 
1319.580032 1.652010 
1318.379282 1.482703 
1317.178533 1.283579 
1315.977783 1.066769 
1314.777033 0.856749 
1313.576284 0.673502 
1312.375534 0.527771 
1311.174784 0.423793 
1309.974035 0.355508 
1308.773285 0.305439 
1307.572535 0.262973 
1306.371786 0.221569 
1305.171036 0.180080 
1303.970286 0.140721 
1302.769537 0.106290 
1301.568787 0.078140 
1300.368037 0.056137 
1299.167288 0.040494 
1297.966538 0.030272 
1296.765788 0.023082 
1295.565039 0.018512 
1294.364289 0.015614 
1293.163540 0.013202 
1291.962790 0.011461 
1290.762040 0.010263 
1289.561291 0.008816 
1288.360541 0.007525 
1287.159791 0.006651 
1285.959042 0.005636 
1284.758292 0.004742 
1283.557542 0.004347 
1282.356793 0.003857 
1281.156043 0.003212 
1279.955293 0.002913 
1278.754544 0.002537 
1277.553794 0.001980 
1276.353044 0.001802 
1275.152295 0.001618 
1273.951545 0.001197 
1272.750795 0.001038 
1271.550046 0.000899 
1270.349296 0.000553 
1269.148547 0.000451 
1267.947797 0.000479 
1266.747047 0.000207 
1265.546298 0.000013 
1264.345548 0.000018 
1263.144798 -0.000211 
1261.944049 -0.000347 
1260.743299 -0.000228 
1259.542549 -0.000352 
1258.341800 -0.000507 
1257.141050 -0.000473 
1255.940300 -0.000614 
1254.739551 -0.000774 
1253.538801 -0.000639 
1252.338051 -0.000596 
1251.137302 -0.000669 
1249.936552 -0.000486 
1248.735802 -0.000405 
1247.535053 -0.000571 
1246.334303 -0.000499 
1245.133554 -0.000453 
1243.932804 -0.000644 
1242.732054 -0.000577 
1241.531305 -0.000440 
1240.330555 -0.000561 
1239.129805 -0.000518 
1237.929056 -0.000360 
1236.728306 -0.000454 
1235.527556 -0.000434 
1234.326807 -0.000241 
1233.126057 -0.000304 
1231.925307 -0.000341 
1230.724558 -0.000150 
1229.523808 -0.000210 
1228.323058 -0.000319 
1227.122309 -0.000169 
1225.921559 -0.000239 
1224.720809 -0.000426 
1223.520060 -0.000317 
1222.319310 -0.000298 
1221.118561 -0.000434 
1219.917811 -0.000283 
1218.717061 -0.000157 
1217.516312 -0.000304 
1216.315562 -0.000225 
1215.114812 -0.000145 
1213.914063 -0.000381 
1212.713313 -0.000396 
1211.512563 -0.000250 
1210.311814 -0.000367 
1209.111064 -0.000330 
1207.910314 -0.000149 
1206.709565 -0.000305 
1205.508815 -0.000425 
1204.308065 -0.000301 
1203.107316 -0.000427 
1201.906566 -0.000545 
1200.705816 -0.000353 
1199.505067 -0.000397 
1198.304317 -0.000550 
1197.103568 -0.000410 
1195.902818 -0.000469 
1194.702068 -0.000691 
1193.501319 -0.000545 
1192.300569 -0.000498 
1191.099819 -0.000728 
1189.899070 -0.000603 
1188.698320 -0.000479 
1187.497570 -0.000728 
1186.296821 -0.000675 
1185.096071 -0.000436 
1183.895321 -0.000593 
1182.694572 -0.000607 
1181.493822 -0.000384 
1180.293072 -0.000526 
1179.092323 -0.000553 
1177.891573 -0.000233 
1176.690823 -0.000277 
1175.490074 -0.000331 
1174.289324 -0.000011 
1173.088575 -0.000086 
1171.887825 -0.000298 
1170.687075 -0.000062 
1169.486326 -0.000048 
1168.285576 -0.000307 
1167.084826 -0.000150 
1165.884077 -0.000148 
1164.683327 -0.000725 
1163.482577 -0.001555 
1162.281828 -0.004295 
1161.081078 -0.010307 
1159.880328 -0.010803 
1158.679579 0.012435 
1157.478829 0.080335 
1156.278079 0.219715 
1155.077330 0.414641 
1153.876580 0.642515 
1152.675830 0.868706 
1151.475081 1.050995 
1150.274331 1.161004 
1149.073582 1.178998 
1147.872832 1.084146 
1146.672082 0.906083 
1145.471333 0.677914 
1144.270583 0.449710 
1143.069833 0.265506 
1141.869084 0.140418 
1140.668334 0.072838 
1139.467584 0.045607 
1138.266835 0.029196 
1137.066085 0.014688 
1135.865335 0.004258 
1134.664586 -0.000505 
1133.463836 -0.001665 
1132.263086 -0.001562 
1131.062337 -0.001655 
1129.861587 -0.001690 
1128.660837 -0.001336 
1127.460088 -0.000686 
1126.259338 0.000593 
1125.058589 0.002506 
1123.857839 0.004157 
1122.657089 0.005162 
1121.456340 0.005608 
1120.255590 0.004962 
1119.054840 0.003458 
1117.854091 0.002215 
1116.653341 0.001154 
1115.452591 0.000287 
1114.251842 0.000198 
1113.051092 0.000282 
1111.850342 0.000091 
1110.649593 0.000245 
1109.448843 0.000468 
1108.248093 0.000326 
1107.047344 0.000436 
1105.846594 0.000771 
1104.645844 0.000706 
1103.445095 0.000728 
1102.244345 0.001059 
1101.043596 0.000981 
1099.842846 0.000908 
1098.642096 0.001241 
1097.441347 0.001209 
1096.240597 0.001056 
1095.039847 0.001380 
1093.839098 0.001398 
1092.638348 0.001174 
1091.437598 0.001417 
1090.236849 0.001535 
1089.036099 0.001300 
1087.835349 0.001506 
1086.634600 0.001756 
1085.433850 0.001512 
1084.233100 0.001658 
1083.032351 0.001959 
1081.831601 0.001686 
1080.630851 0.001704 
1079.430102 0.002032 
1078.229352 0.001845 
1077.028603 0.001798 
1075.827853 0.002140 
1074.627103 0.002042 
1073.426354 0.001921 
1072.225604 0.002274 
1071.024854 0.002259 
1069.824105 0.002033 
1068.623355 0.002333 
1067.422605 0.002344 
1066.221856 0.002039 
1065.021106 0.002345 
1063.820356 0.002530 
1062.619607 0.002289 
1061.418857 0.002512 
1060.218107 0.002711 
1059.017358 0.002388 
1057.816608 0.002496 
1056.615858 0.002827 
1055.415109 0.002631 
1054.214359 0.002729 
1053.013610 0.003136 
1051.812860 0.002870 
1050.612110 0.002727 
1049.411361 0.003086 
1048.210611 0.002891 
1047.009861 0.002720 
1045.809112 0.003118 
1044.608362 0.003060 
1043.407612 0.002782 
1042.206863 0.003120 
1041.006113 0.003191 
1039.805363 0.002857 
1038.604614 0.003185 
1037.403864 0.003390 
1036.203114 0.003023 
1035.002365 0.003200 
1033.801615 0.003420 
1032.600865 0.003031 
1031.400116 0.003167 
1030.199366 0.003506 
1028.998617 0.003221 
1027.797867 0.003226 
1026.597117 0.003544 
1025.396368 0.003215 
1024.195618 0.003017 
1022.994868 0.003431 
1021.794119 0.003249 
1020.593369 0.003011 
1019.392619 0.003425 
1018.191870 0.003330 
1016.991120 0.003055 
1015.790370 0.003485 
1014.589621 0.003510 
1013.388871 0.003168 
1012.188121 0.003470 
1010.987372 0.003527 
1009.786622 0.003065 
1008.585872 0.003256 
1007.385123 0.003530 
1006.184373 0.003128 
1004.983624 0.003294 
1003.782874 0.003727 
1002.582124 0.003356 
1001.381375 0.003374 
1000.180625 0.003748 
998.979875 0.003381 
997.779126 0.003259 
996.578376 0.003665 
995.377626 0.003451 
994.176877 0.003281 
992.976127 0.003776 
991.775377 0.003677 
990.574628 0.003299 
989.373878 0.003698 
988.173128 0.003649 
986.972379 0.003176 
985.771629 0.003576 
984.570879 0.003720 
983.370130 0.003277 
982.169380 0.003552 
980.968631 0.003778 
979.767881 0.003314 
978.567131 0.003444 
977.366382 0.003819 
976.165632 0.003412 
974.964882 0.003431 
973.764133 0.003855 
972.563383 0.003410 
971.362633 0.003226 
970.161884 0.003688 
968.961134 0.003311 
967.760384 0.003069 
966.559635 0.003632 
965.358885 0.003546 
964.158135 0.003241 
962.957386 0.003654 
961.756636 0.003541 
960.555886 0.002893 
959.355137 0.003013 
958.154387 0.002920 
956.953638 0.002258 
955.752888 0.002374 
954.552138 0.002438 
953.351389 0.001759 
952.150639 0.001901 
950.949889 0.002246 
949.749140 0.001881 
948.548390 0.002146 
947.347640 0.002766 
946.146891 0.002552 
944.946141 0.002622 
943.745391 0.003228 
942.544642 0.003004 
941.343892 0.002867 
940.143142 0.003428 
938.942393 0.003188 
937.741643 0.002839 
936.540893 0.003324 
935.340144 0.003172 
934.139394 0.002710 
932.938645 0.003128 
931.737895 0.003092 
930.537145 0.002491 
929.336396 0.002771 
928.135646 0.002942 
926.934896 0.002373 
925.734147 0.002544 
924.533397 0.002815 
923.332647 0.002206 
922.131898 0.002255 
920.931148 0.002643 
919.730398 0.002200 
918.529649 0.002239 
917.328899 0.002719 
916.128149 0.002293 
914.927400 0.002131 
913.726650 0.002589 
912.525901 0.002264 
911.325151 0.001975 
910.124401 0.002467 
908.923652 0.002249 
907.722902 0.001772 
906.522152 0.002288 
905.321403 0.002242 
904.120653 0.001748 
902.919903 0.002199 
901.719154 0.002288 
900.518404 0.001728 
899.317654 0.001984 
898.116905 0.002150 
896.916155 0.001579 
895.715405 0.001733 
894.514656 0.002013 
893.313906 0.001466 
892.113156 0.001470 
890.912407 0.001867 
889.711657 0.001319 
888.510908 0.001195 
887.310158 0.001652 
886.109408 0.001151 
884.908659 0.000912 
883.707909 0.001439 
882.507159 0.001086 
881.306410 0.000720 
880.105660 0.001175 
878.904910 0.000937 
877.704161 0.000443 
876.503411 0.000835 
875.302661 0.000747 
874.101912 0.000152 
872.901162 0.000507 
871.700412 0.000614 
870.499663 -0.000008 
869.298913 0.000300 
868.098163 0.000528 
866.897414 -0.000131 
865.696664 -0.000028 
864.495915 0.000272 
863.295165 -0.000221 
862.094415 -0.000157 
860.893666 0.000227 
859.692916 -0.000196 
858.492166 -0.000276 
857.291417 0.000154 
856.090667 -0.000295 
854.889917 -0.000500 
853.689168 0.000067 
852.488418 -0.000337 
851.287668 -0.000665 
850.086919 -0.000108 
848.886169 -0.000338 
847.685419 -0.000805 
846.484670 -0.000364 
845.283920 -0.000421 
844.083170 -0.000936 
842.882421 -0.000551 
841.681671 -0.000469 
840.480922 -0.001093 
839.280172 -0.000804 
838.079422 -0.000614 
836.878673 -0.001329 
835.677923 -0.001101 
834.477173 -0.000776 
833.276424 -0.001450 
832.075674 -0.001431 
830.874924 -0.001071 
829.674175 -0.001587 
828.473425 -0.001655 
827.272675 -0.001142 
826.071926 -0.001473 
824.871176 -0.001677 
823.670426 -0.001129 
822.469677 -0.001364 
821.268927 -0.001642 
820.068177 -0.001062 
818.867428 -0.001303 
817.666678 -0.001705 
816.465929 -0.001107 
815.265179 -0.001153 
814.064429 -0.001505 
812.863680 -0.000919 
811.662930 -0.000814 
810.462180 -0.001355 
809.261431 -0.001082 
808.060681 -0.000946 
806.859931 -0.001552 
805.659182 -0.001368 
804.458432 -0.000962 
803.257682 -0.001474 
802.056933 -0.001287 
800.856183 -0.000802 
799.655433 -0.001426 
798.454684 -0.001416 
797.253934 -0.000962 
796.053184 -0.001398 
794.852435 -0.001403 
793.651685 -0.000912 
792.450936 -0.001266 
791.250186 -0.001529 
790.049436 -0.001093 
788.848687 -0.001305 
787.647937 -0.001557 
786.447187 -0.000878 
785.246438 -0.000848 
784.045688 -0.001249 
782.844938 -0.000750 
781.644189 -0.000920 
780.443439 -0.001540 
779.242689 -0.001082 
778.041940 -0.000963 
776.841190 -0.001479 
775.640440 -0.001217 
774.439691 -0.001064 
773.238941 -0.001585 
772.038191 -0.001279 
770.837442 -0.000806 
769.636692 -0.001273 
768.435943 -0.001244 
767.235193 -0.000837 
766.034443 -0.001485 
764.833694 -0.001511 
763.632944 -0.000934 
762.432194 -0.001324 
761.231445 -0.001348 
760.030695 -0.000916 
758.829945 -0.001348 
757.629196 -0.001600 
756.428446 -0.001299 
755.227696 -0.001505 
754.026947 -0.001714 
752.826197 -0.001175 
751.625447 -0.001123 
750.424698 -0.001607 
749.223948 -0.001272 
748.023198 -0.001341 
746.822449 -0.001812 
745.621699 -0.001200 
744.420950 -0.001100 
743.220200 -0.001659 
742.019450 -0.001372 
740.818701 -0.001329 
739.617951 -0.001801 
738.417201 -0.001533 
737.216452 -0.001155 
736.015702 -0.001410 
734.814952 -0.001279 
733.614203 -0.000905 
732.413453 -0.001315 
731.212703 -0.001333 
730.011954 -0.000995 
728.811204 -0.001669 
727.610454 -0.001709 
726.409705 -0.001209 
725.208955 -0.001595 
724.008205 -0.001537 
722.807456 -0.001012 
721.606706 -0.001184 
720.405957 -0.001400 
719.205207 -0.000937 
718.004457 -0.000756 
716.803708 -0.000852 
715.602958 -0.000385 
714.402208 -0.000174 
713.201459 -0.000334 
712.000709 0.000131 
710.799959 0.000273 
709.599210 0.000026 
708.398460 0.000532 
707.197710 0.000483 
705.996961 0.000024 
704.796211 0.000421 
703.595461 0.000401 
702.394712 -0.000096 
701.193962 -0.000047 
699.993212 -0.000143 
698.792463 -0.000681 
697.591713 -0.000735 
696.390964 -0.000411 
695.190214 -0.000722 
693.989464 -0.000703 
692.788715 -0.000176 
691.587965 -0.000548 
690.387215 -0.000486 
689.186466 0.000195 
687.985716 0.000173 
686.784966 0.000359 
685.584217 0.000610 
684.383467 0.000289 
683.182717 -0.000048 
681.981968 -0.000269 
680.781218 -0.000566 
679.580468 -0.000760 
678.379719 -0.000655 
677.178969 -0.000966 
675.978219 -0.001460 
674.777470 -0.001307 
673.576720 -0.001919 
672.375971 -0.002095 
671.175221 -0.001186 
669.974471 -0.000802 
668.773722 -0.000942 
667.572972 -0.000888 
666.372222 -0.001161 
665.171473 -0.000818 
663.970723 0.000813 
662.769973 0.003278 
661.569224 0.005849 
660.368474 0.008832 
659.167724 0.010441 
657.966975 0.010451 
656.766225 0.010008 
655.565475 0.008657 
654.364726 0.005559 
653.163976 0.002553 
651.963226 -0.000428 
650.762477 -0.000493 
649.561727 0.000342 
648.360978 0.000000 
647.160228 0.000000 
645.959478 0.000000 
644.758729 0.000000 
643.557979 0.000000 
642.357229 0.000000 
641.156480 0.000000 
639.955730 0.000000 
638.754980 0.000000 
637.554231 0.000000 
636.353481 0.000000 
635.152731 0.000000 
633.951982 0.000000 
632.751232 0.000000 
631.550482 0.000000 
630.349733 0.000000 
629.148983 0.000000 
627.948233 0.000000 
626.747484 0.000000 
625.546734 0.000000 
624.345985 0.000000 
623.145235 0.000000 
621.944485 0.000000 
620.743736 0.000000 
619.542986 0.000000 
618.342236 0.000000 
617.141487 0.000000 
615.940737 0.000000 
614.739987 0.000000 
613.539238 0.000000 
612.338488 0.000000 
611.137738 0.000000 
609.936989 0.000000 
608.736239 0.000000 
607.535489 0.000000 
606.334740 0.000000 
605.133990 0.000000 
603.933240 0.000000 
602.732491 0.000000 
601.531741 0.000000 
600.330992 0.000000 
599.130242 0.000000 
597.929492 0.000000 
596.728743 0.000000 
595.527993 0.000000 
594.327243 0.000000 
593.126494 0.000000 
591.925744 0.000000 
590.724994 0.000000 
589.524245 0.000000 
588.323495 0.000000 
587.122745 0.000000 
585.921996 0.000000 
584.721246 0.000000 
583.520496 0.000000 
582.319747 0.000000 
581.118997 0.000000 
579.918247 0.000000 
578.717498 0.000000 
577.516748 0.000000 
576.315999 0.000000 
575.115249 0.000000 
573.914499 0.000000 
572.713750 0.000000 
571.513000 0.000000 
570.312250 0.000000 
569.111501 0.000000 
567.910751 0.000000 
566.710001 0.000000 
565.509252 0.000000 
564.308502 0.000000 
563.107752 0.000000 
561.907003 0.000000 
560.706253 0.000000 
559.505503 0.000000 
558.304754 0.000000 
557.104004 0.000000 
555.903254 0.000000 
554.702505 0.000000 
553.501755 0.000000 
552.301006 0.000000 
551.100256 0.000000 
549.899506 0.000000 
548.698757 0.000000 
547.498007 0.000000 
546.297257 0.000000 
545.096508 0.000000 
543.895758 0.000000 
542.695008 0.000000 
541.494259 0.000000 
540.293509 0.000000 
539.092759 0.000000 
537.892010 0.000000 
536.691260 0.000000 
535.490510 0.000000 
534.289761 0.000000 
533.089011 0.000000 
531.888261 0.000000 
530.687512 0.000000 
529.486762 0.000000 
528.286013 0.000000 
527.085263 0.000000 
525.884513 0.000000 
524.683764 0.000000 
523.483014 0.000000 
522.282264 0.000000 
521.081515 0.000000 
519.880765 0.000000 
518.680015 0.000000 
517.479266 0.000000 
516.278516 0.000000 
515.077766 0.000000 
513.877017 0.000000 
512.676267 0.000000 
511.475517 0.000000 
510.274768 0.000000 
509.074018 0.000000 
507.873268 0.000000 
506.672519 0.000000 
505.471769 0.000000 
504.271020 0.000000 
503.070270 0.000000 
501.869520 0.000000 
500.668771 0.000000 
499.468021 0.000000 
498.267271 0.000000 
497.066522 0.000000 
495.865772 0.000000 
494.665022 0.000000 
493.464273 0.000000 
492.263523 0.000000 
491.062773 0.000000 
489.862024 0.000000 
488.661274 0.000000 
487.460524 0.000000 
486.259775 0.000000 
485.059025 0.000000 
483.858275 0.000000 
482.657526 0.000000 
481.456776 0.000000 
480.256027 0.000000 
479.055277 0.000000 
477.854527 0.000000 
476.653778 0.000000 
475.453028 0.000000 
474.252278 0.000000 
473.051529 0.000000 
471.850779 0.000000 
470.650029 0.000000 
469.449280 0.000000 
468.248530 0.000000 
467.047780 0.000000 
465.847031 0.000000 
464.646281 0.000000 
463.445531 0.000000 
462.244782 0.000000 
461.044032 0.000000 
459.843282 0.000000 
458.642533 0.000000 
457.441783 0.000000 
456.241034 0.000000 
455.040284 0.000000 
453.839534 0.000000 
452.638785 0.000000 
451.438035 0.000000 
450.237285 0.000000 
449.036536 0.000000 
447.835786 0.000000 
446.635036 0.000000 
445.434287 0.000000 
444.233537 0.000000 
443.032787 0.000000 
441.832038 0.000000 
440.631288 0.000000 
439.430538 0.000000 
438.229789 0.000000 
437.029039 0.000000 
435.828289 0.000000 
434.627540 0.000000 
433.426790 0.000000 
432.226041 0.000000 
431.025291 0.000000 
429.824541 0.000000 
428.623792 0.000000 
427.423042 0.000000 
426.222292 0.000000 
425.021543 0.000000 
423.820793 0.000000 
422.620043 0.000000 
421.419294 0.000000 
420.218544 0.000000 
419.017794 0.000000 
417.817045 0.000000 
416.616295 0.000000 
415.415545 0.000000 
414.214796 0.000000 
413.014046 0.000000 
411.813296 0.000000 
410.612547 0.000000 
409.411797 0.000000 
408.211048 0.000000 
407.010298 0.000000 
405.809548 0.000000 
404.608799 0.000000 
403.408049 0.000000 
402.207299 0.000000 
401.006550 0.000000 
399.805800 0.000000 
