5000.032000 -0.000000 
4998.564832 -0.000002 
4997.097663 -0.000001 
4995.630495 -0.000008 
4994.163327 -0.000010 
4992.696159 0.000001 
4991.228990 0.000000 
4989.761822 -0.000003 
4988.294654 0.000001 
4986.827485 -0.000004 
4985.360317 -0.000004 
4983.893149 0.000003 
4982.425981 -0.000001 
4980.958812 -0.000003 
4979.491644 0.000000 
4978.024476 0.000001 
4976.557307 0.000002 
4975.090139 0.000001 
4973.622971 -0.000005 
4972.155803 0.000007 
4970.688634 0.000001 
4969.221466 0.000001 
4967.754298 -0.000005 
4966.287129 -0.000005 
4964.819961 0.000002 
4963.352793 -0.000002 
4961.885624 -0.000001 
4960.418456 0.000003 
4958.951288 -0.000001 
4957.484120 -0.000004 
4956.016951 -0.000003 
4954.549783 -0.000000 
4953.082615 0.000001 
4951.615446 -0.000003 
4950.148278 -0.000001 
4948.681110 0.000002 
4947.213942 -0.000008 
4945.746773 -0.000000 
4944.279605 -0.000004 
4942.812437 0.000000 
4941.345268 -0.000004 
4939.878100 -0.000001 
4938.410932 -0.000008 
4936.943764 -0.000004 
4935.476595 -0.000006 
4934.009427 -0.000009 
4932.542259 -0.000005 
4931.075090 -0.000002 
4929.607922 -0.000013 
4928.140754 -0.000003 
4926.673586 -0.000008 
4925.206417 -0.000013 
4923.739249 -0.000012 
4922.272081 -0.000008 
4920.804912 -0.000004 
4919.337744 -0.000010 
4917.870576 -0.000008 
4916.403408 -0.000008 
4914.936239 -0.000003 
4913.469071 -0.000006 
4912.001903 -0.000006 
4910.534734 -0.000010 
4909.067566 -0.000007 
4907.600398 -0.000002 
4906.133229 -0.000004 
4904.666061 -0.000006 
4903.198893 -0.000003 
4901.731725 -0.000010 
4900.264556 -0.000005 
4898.797388 -0.000001 
4897.330220 -0.000001 
4895.863051 -0.000005 
4894.395883 -0.000009 
4892.928715 -0.000002 
4891.461547 -0.000004 
4889.994378 -0.000006 
4888.527210 -0.000006 
4887.060042 -0.000007 
4885.592873 -0.000011 
4884.125705 -0.000008 
4882.658537 -0.000006 
4881.191369 -0.000005 
4879.724200 -0.000006 
4878.257032 0.000000 
4876.789864 -0.000005 
4875.322695 -0.000006 
4873.855527 -0.000009 
4872.388359 -0.000009 
4870.921191 -0.000007 
4869.454022 -0.000006 
4867.986854 -0.000001 
4866.519686 -0.000004 
4865.052517 0.000001 
4863.585349 -0.000006 
4862.118181 -0.000006 
4860.651013 -0.000011 
4859.183844 -0.000007 
4857.716676 -0.000004 
4856.249508 -0.000008 
4854.782339 -0.000006 
4853.315171 -0.000009 
4851.848003 -0.000008 
4850.380834 -0.000006 
4848.913666 -0.000012 
4847.446498 -0.000005 
4845.979330 -0.000007 
4844.512161 -0.000003 
4843.044993 -0.000005 
4841.577825 -0.000004 
4840.110656 -0.000003 
4838.643488 -0.000008 
4837.176320 0.000002 
4835.709152 -0.000007 
4834.241983 -0.000006 
4832.774815 -0.000001 
4831.307647 -0.000004 
4829.840478 -0.000007 
4828.373310 -0.000004 
4826.906142 -0.000005 
4825.438974 -0.000002 
4823.971805 0.000001 
4822.504637 -0.000006 
4821.037469 -0.000012 
4819.570300 -0.000002 
4818.103132 -0.000002 
4816.635964 -0.000003 
4815.168796 0.000001 
4813.701627 -0.000003 
4812.234459 -0.000003 
4810.767291 -0.000004 
4809.300122 -0.000002 
4807.832954 -0.000004 
4806.365786 0.000001 
4804.898618 -0.000001 
4803.431449 -0.000006 
4801.964281 -0.000004 
4800.497113 -0.000003 
4799.029944 -0.000004 
4797.562776 -0.000003 
4796.095608 -0.000004 
4794.628439 -0.000003 
4793.161271 0.000002 
4791.694103 -0.000004 
4790.226935 -0.000004 
4788.759766 -0.000004 
4787.292598 -0.000002 
4785.825430 -0.000001 
4784.358261 -0.000004 
4782.891093 -0.000002 
4781.423925 -0.000003 
4779.956757 -0.000002 
4778.489588 0.000000 
4777.022420 -0.000001 
4775.555252 -0.000003 
4774.088083 0.000003 
4772.620915 -0.000005 
4771.153747 -0.000001 
4769.686579 -0.000003 
4768.219410 -0.000001 
4766.752242 -0.000002 
4765.285074 -0.000000 
4763.817905 -0.000004 
4762.350737 0.000004 
4760.883569 -0.000005 
4759.416401 0.000003 
4757.949232 0.000002 
4756.482064 0.000006 
4755.014896 -0.000005 
4753.547727 -0.000003 
4752.080559 -0.000001 
4750.613391 0.000001 
4749.146223 -0.000008 
4747.679054 -0.000002 
4746.211886 0.000001 
4744.744718 0.000001 
4743.277549 -0.000001 
4741.810381 0.000002 
4740.343213 0.000002 
4738.876044 0.000002 
4737.408876 0.000003 
4735.941708 0.000002 
4734.474540 0.000000 
4733.007371 -0.000002 
4731.540203 0.000006 
4730.073035 0.000005 
4728.605866 -0.000002 
4727.138698 0.000004 
4725.671530 -0.000002 
4724.204362 0.000000 
4722.737193 -0.000001 
4721.270025 -0.000000 
4719.802857 0.000006 
4718.335688 0.000002 
4716.868520 0.000001 
4715.401352 0.000005 
4713.934184 0.000001 
4712.467015 0.000004 
4710.999847 0.000002 
4709.532679 0.000005 
4708.065510 -0.000001 
4706.598342 0.000002 
4705.131174 0.000004 
4703.664006 0.000004 
4702.196837 0.000002 
4700.729669 0.000003 
4699.262501 0.000009 
4697.795332 0.000003 
4696.328164 0.000007 
4694.860996 0.000004 
4693.393828 0.000004 
4691.926659 0.000008 
4690.459491 0.000007 
4688.992323 0.000002 
4687.525154 0.000002 
4686.057986 -0.000000 
4684.590818 0.000002 
4683.123649 -0.000000 
4681.656481 -0.000001 
4680.189313 -0.000000 
4678.722145 0.000005 
4677.254976 0.000003 
4675.787808 -0.000002 
4674.320640 0.000000 
4672.853471 -0.000002 
4671.386303 -0.000003 
4669.919135 0.000002 
4668.451967 0.000002 
4666.984798 -0.000002 
4665.517630 -0.000003 
4664.050462 0.000000 
4662.583293 0.000002 
4661.116125 -0.000000 
4659.648957 0.000002 
4658.181789 -0.000000 
4656.714620 -0.000002 
4655.247452 -0.000004 
4653.780284 0.000001 
4652.313115 0.000003 
4650.845947 0.000001 
4649.378779 -0.000002 
4647.911611 0.000001 
4646.444442 -0.000003 
4644.977274 -0.000001 
4643.510106 -0.000002 
4642.042937 -0.000000 
4640.575769 -0.000002 
4639.108601 0.000000 
4637.641433 0.000000 
4636.174264 -0.000003 
4634.707096 -0.000005 
4633.239928 -0.000004 
4631.772759 -0.000001 
4630.305591 -0.000003 
4628.838423 -0.000000 
4627.371254 -0.000003 
4625.904086 -0.000006 
4624.436918 -0.000004 
4622.969750 -0.000003 
4621.502581 -0.000003 
4620.035413 -0.000004 
4618.568245 -0.000005 
4617.101076 -0.000003 
4615.633908 -0.000003 
4614.166740 -0.000008 
4612.699572 -0.000011 
4611.232403 -0.000010 
4609.765235 -0.000003 
4608.298067 -0.000007 
4606.830898 -0.000008 
4605.363730 -0.000001 
4603.896562 -0.000003 
4602.429394 -0.000005 
4600.962225 -0.000007 
4599.495057 -0.000008 
4598.027889 -0.000007 
4596.560720 -0.000007 
4595.093552 -0.000004 
4593.626384 -0.000002 
4592.159216 -0.000005 
4590.692047 -0.000005 
4589.224879 -0.000005 
4587.757711 -0.000005 
4586.290542 -0.000003 
4584.823374 -0.000005 
4583.356206 -0.000007 
4581.889038 -0.000005 
4580.421869 -0.000006 
4578.954701 -0.000005 
4577.487533 -0.000006 
4576.020364 -0.000005 
4574.553196 -0.000002 
4573.086028 -0.000006 
4571.618859 -0.000003 
4570.151691 0.000000 
4568.684523 -0.000003 
4567.217355 -0.000006 
4565.750186 -0.000008 
4564.283018 -0.000004 
4562.815850 -0.000004 
4561.348681 -0.000008 
4559.881513 -0.000005 
4558.414345 -0.000004 
4556.947177 -0.000005 
4555.480008 -0.000009 
4554.012840 -0.000006 
4552.545672 -0.000003 
4551.078503 -0.000008 
4549.611335 -0.000004 
4548.144167 -0.000007 
4546.676999 -0.000006 
4545.209830 -0.000009 
4543.742662 -0.000006 
4542.275494 -0.000002 
4540.808325 -0.000004 
4539.341157 -0.000005 
4537.873989 -0.000003 
4536.406821 -0.000003 
4534.939652 -0.000002 
4533.472484 -0.000007 
4532.005316 -0.000001 
4530.538147 -0.000007 
4529.070979 -0.000003 
4527.603811 -0.000003 
4526.136643 -0.000001 
4524.669474 -0.000004 
4523.202306 -0.000005 
4521.735138 -0.000005 
4520.267969 -0.000001 
4518.800801 -0.000003 
4517.333633 -0.000003 
4515.866464 -0.000003 
4514.399296 -0.000007 
4512.932128 -0.000005 
4511.464960 -0.000003 
4509.997791 -0.000003 
4508.530623 0.000002 
4507.063455 -0.000000 
4505.596286 -0.000005 
4504.129118 -0.000005 
4502.661950 -0.000001 
4501.194782 0.000002 
4499.727613 -0.000000 
4498.260445 -0.000002 
4496.793277 -0.000004 
4495.326108 -0.000001 
4493.858940 -0.000004 
4492.391772 -0.000003 
4490.924604 -0.000004 
4489.457435 -0.000001 
4487.990267 0.000001 
4486.523099 -0.000004 
4485.055930 0.000000 
4483.588762 -0.000003 
4482.121594 -0.000001 
4480.654426 -0.000004 
4479.187257 0.000001 
4477.720089 -0.000001 
4476.252921 -0.000004 
4474.785752 -0.000003 
4473.318584 0.000001 
4471.851416 -0.000000 
4470.384248 -0.000001 
4468.917079 -0.000001 
4467.449911 0.000000 
4465.982743 -0.000001 
4464.515574 -0.000004 
4463.048406 -0.000003 
4461.581238 0.000000 
4460.114069 -0.000001 
4458.646901 -0.000004 
4457.179733 -0.000003 
4455.712565 0.000000 
4454.245396 -0.000003 
4452.778228 -0.000000 
4451.311060 0.000000 
4449.843891 -0.000002 
4448.376723 -0.000003 
4446.909555 0.000005 
4445.442387 -0.000003 
4443.975218 -0.000001 
4442.508050 -0.000001 
4441.040882 -0.000001 
4439.573713 -0.000003 
4438.106545 0.000002 
4436.639377 -0.000001 
4435.172209 -0.000000 
4433.705040 -0.000000 
4432.237872 -0.000003 
4430.770704 -0.000001 
4429.303535 -0.000002 
4427.836367 -0.000002 
4426.369199 0.000000 
4424.902031 -0.000004 
4423.434862 -0.000006 
4421.967694 -0.000001 
4420.500526 0.000001 
4419.033357 0.000003 
4417.566189 -0.000001 
4416.099021 0.000001 
4414.631853 -0.000001 
4413.164684 0.000003 
4411.697516 0.000005 
4410.230348 0.000005 
4408.763179 0.000003 
4407.296011 0.000010 
4405.828843 0.000007 
4404.361674 0.000007 
4402.894506 0.000015 
4401.427338 0.000017 
4399.960170 0.000019 
4398.493001 0.000018 
4397.025833 0.000021 
4395.558665 0.000019 
4394.091496 0.000026 
4392.624328 0.000026 
4391.157160 0.000029 
4389.689992 0.000033 
4388.222823 0.000037 
4386.755655 0.000039 
4385.288487 0.000044 
4383.821318 0.000043 
4382.354150 0.000053 
4380.886982 0.000062 
4379.419814 0.000066 
4377.952645 0.000073 
4376.485477 0.000076 
4375.018309 0.000081 
4373.551140 0.000085 
4372.083972 0.000087 
4370.616804 0.000088 
4369.149636 0.000088 
4367.682467 0.000087 
4366.215299 0.000088 
4364.748131 0.000086 
4363.280962 0.000087 
4361.813794 0.000090 
4360.346626 0.000088 
4358.879458 0.000088 
4357.412289 0.000094 
4355.945121 0.000092 
4354.477953 0.000094 
4353.010784 0.000098 
4351.543616 0.000093 
4350.076448 0.000093 
4348.609279 0.000091 
4347.142111 0.000092 
4345.674943 0.000093 
4344.207775 0.000090 
4342.740606 0.000090 
4341.273438 0.000094 
4339.806270 0.000099 
4338.339101 0.000109 
4336.871933 0.000119 
4335.404765 0.000128 
4333.937597 0.000137 
4332.470428 0.000148 
4331.003260 0.000154 
4329.536092 0.000157 
4328.068923 0.000156 
4326.601755 0.000154 
4325.134587 0.000152 
4323.667419 0.000143 
4322.200250 0.000135 
4320.733082 0.000125 
4319.265914 0.000119 
4317.798745 0.000107 
4316.331577 0.000093 
4314.864409 0.000081 
4313.397241 0.000073 
4311.930072 0.000065 
4310.462904 0.000066 
4308.995736 0.000060 
4307.528567 0.000060 
4306.061399 0.000055 
4304.594231 0.000056 
4303.127063 0.000059 
4301.659894 0.000059 
4300.192726 0.000058 
4298.725558 0.000061 
4297.258389 0.000058 
4295.791221 0.000056 
4294.324053 0.000054 
4292.856884 0.000052 
4291.389716 0.000055 
4289.922548 0.000053 
4288.455380 0.000053 
4286.988211 0.000055 
4285.521043 0.000056 
4284.053875 0.000058 
4282.586706 0.000061 
4281.119538 0.000069 
4279.652370 0.000080 
4278.185202 0.000087 
4276.718033 0.000095 
4275.250865 0.000108 
4273.783697 0.000115 
4272.316528 0.000129 
4270.849360 0.000140 
4269.382192 0.000154 
4267.915024 0.000165 
4266.447855 0.000179 
4264.980687 0.000200 
4263.513519 0.000216 
4262.046350 0.000229 
4260.579182 0.000238 
4259.112014 0.000242 
4257.644846 0.000236 
4256.177677 0.000219 
4254.710509 0.000196 
4253.243341 0.000172 
4251.776172 0.000148 
4250.309004 0.000126 
4248.841836 0.000102 
4247.374668 0.000089 
4245.907499 0.000076 
4244.440331 0.000067 
4242.973163 0.000067 
4241.505994 0.000064 
4240.038826 0.000064 
4238.571658 0.000058 
4237.104489 0.000055 
4235.637321 0.000053 
4234.170153 0.000047 
4232.702985 0.000050 
4231.235816 0.000045 
4229.768648 0.000041 
4228.301480 0.000036 
4226.834311 0.000037 
4225.367143 0.000032 
4223.899975 0.000026 
4222.432807 0.000025 
4220.965638 0.000024 
4219.498470 0.000026 
4218.031302 0.000027 
4216.564133 0.000027 
4215.096965 0.000025 
4213.629797 0.000028 
4212.162629 0.000031 
4210.695460 0.000040 
4209.228292 0.000042 
4207.761124 0.000049 
4206.293955 0.000055 
4204.826787 0.000060 
4203.359619 0.000059 
4201.892451 0.000067 
4200.425282 0.000073 
4198.958114 0.000073 
4197.490946 0.000078 
4196.023777 0.000082 
4194.556609 0.000088 
4193.089441 0.000083 
4191.622273 0.000086 
4190.155104 0.000084 
4188.687936 0.000085 
4187.220768 0.000084 
4185.753599 0.000085 
4184.286431 0.000081 
4182.819263 0.000081 
4181.352094 0.000082 
4179.884926 0.000086 
4178.417758 0.000089 
4176.950590 0.000098 
4175.483421 0.000108 
4174.016253 0.000112 
4172.549085 0.000122 
4171.081916 0.000132 
4169.614748 0.000135 
4168.147580 0.000132 
4166.680412 0.000128 
4165.213243 0.000120 
4163.746075 0.000108 
4162.278907 0.000094 
4160.811738 0.000083 
4159.344570 0.000073 
4157.877402 0.000063 
4156.410234 0.000056 
4154.943065 0.000051 
4153.475897 0.000046 
4152.008729 0.000040 
4150.541560 0.000040 
4149.074392 0.000034 
4147.607224 0.000033 
4146.140056 0.000030 
4144.672887 0.000027 
4143.205719 0.000027 
4141.738551 0.000025 
4140.271382 0.000023 
4138.804214 0.000022 
4137.337046 0.000021 
4135.869878 0.000018 
4134.402709 0.000019 
4132.935541 0.000024 
4131.468373 0.000020 
4130.001204 0.000021 
4128.534036 0.000025 
4127.066868 0.000031 
4125.599699 0.000038 
4124.132531 0.000042 
4122.665363 0.000046 
4121.198195 0.000054 
4119.731026 0.000058 
4118.263858 0.000062 
4116.796690 0.000071 
4115.329521 0.000076 
4113.862353 0.000082 
4112.395185 0.000092 
4110.928017 0.000098 
4109.460848 0.000105 
4107.993680 0.000110 
4106.526512 0.000110 
4105.059343 0.000109 
4103.592175 0.000105 
4102.125007 0.000098 
4100.657839 0.000090 
4099.190670 0.000082 
4097.723502 0.000073 
4096.256334 0.000064 
4094.789165 0.000058 
4093.321997 0.000054 
4091.854829 0.000050 
4090.387661 0.000056 
4088.920492 0.000061 
4087.453324 0.000070 
4085.986156 0.000073 
4084.518987 0.000079 
4083.051819 0.000082 
4081.584651 0.000081 
4080.117483 0.000081 
4078.650314 0.000076 
4077.183146 0.000067 
4075.715978 0.000058 
4074.248809 0.000047 
4072.781641 0.000042 
4071.314473 0.000036 
4069.847305 0.000032 
4068.380136 0.000030 
4066.912968 0.000027 
4065.445800 0.000030 
4063.978631 0.000029 
4062.511463 0.000029 
4061.044295 0.000032 
4059.577126 0.000031 
4058.109958 0.000032 
4056.642790 0.000031 
4055.175622 0.000027 
4053.708453 0.000028 
4052.241285 0.000025 
4050.774117 0.000021 
4049.306948 0.000018 
4047.839780 0.000016 
4046.372612 0.000014 
4044.905444 0.000010 
4043.438275 0.000008 
4041.971107 0.000010 
4040.503939 0.000007 
4039.036770 0.000006 
4037.569602 0.000007 
4036.102434 0.000006 
4034.635266 0.000008 
4033.168097 0.000009 
4031.700929 0.000007 
4030.233761 0.000003 
4028.766592 0.000005 
4027.299424 0.000007 
4025.832256 0.000002 
4024.365088 -0.000000 
4022.897919 -0.000001 
4021.430751 -0.000001 
4019.963583 0.000002 
4018.496414 0.000002 
4017.029246 0.000000 
4015.562078 0.000004 
4014.094910 0.000007 
4012.627741 0.000014 
4011.160573 0.000015 
4009.693405 0.000025 
4008.226236 0.000033 
4006.759068 0.000039 
4005.291900 0.000043 
4003.824731 0.000042 
4002.357563 0.000038 
4000.890395 0.000034 
3999.423227 0.000014 
3997.956058 0.000001 
3996.488890 -0.000006 
3995.021722 -0.000011 
3993.554553 -0.000016 
3992.087385 -0.000017 
3990.620217 -0.000016 
3989.153049 -0.000020 
3987.685880 -0.000017 
3986.218712 -0.000018 
3984.751544 -0.000013 
3983.284375 -0.000014 
3981.817207 -0.000015 
3980.350039 -0.000011 
3978.882871 -0.000008 
3977.415702 -0.000008 
3975.948534 -0.000002 
3974.481366 0.000003 
3973.014197 0.000009 
3971.547029 0.000017 
3970.079861 0.000024 
3968.612693 0.000030 
3967.145524 0.000038 
3965.678356 0.000048 
3964.211188 0.000053 
3962.744019 0.000058 
3961.276851 0.000060 
3959.809683 0.000064 
3958.342515 0.000060 
3956.875346 0.000062 
3955.408178 0.000058 
3953.941010 0.000063 
3952.473841 0.000057 
3951.006673 0.000058 
3949.539505 0.000057 
3948.072336 0.000056 
3946.605168 0.000053 
3945.138000 0.000054 
3943.670832 0.000048 
3942.203663 0.000048 
3940.736495 0.000043 
3939.269327 0.000037 
3937.802158 0.000032 
3936.334990 0.000025 
3934.867822 0.000018 
3933.400654 0.000013 
3931.933485 0.000007 
3930.466317 -0.000001 
3928.999149 -0.000003 
3927.531980 -0.000008 
3926.064812 -0.000011 
3924.597644 -0.000017 
3923.130476 -0.000017 
3921.663307 -0.000017 
3920.196139 -0.000016 
3918.728971 -0.000016 
3917.261802 -0.000012 
3915.794634 -0.000015 
3914.327466 -0.000011 
3912.860298 -0.000010 
3911.393129 -0.000006 
3909.925961 -0.000006 
3908.458793 -0.000007 
3906.991624 -0.000008 
3905.524456 -0.000008 
3904.057288 -0.000006 
3902.590120 -0.000008 
3901.122951 -0.000012 
3899.655783 -0.000011 
3898.188615 -0.000010 
3896.721446 -0.000009 
3895.254278 -0.000011 
3893.787110 -0.000008 
3892.319941 -0.000005 
3890.852773 -0.000009 
3889.385605 -0.000006 
3887.918437 -0.000005 
3886.451268 -0.000002 
3884.984100 -0.000009 
3883.516932 -0.000005 
3882.049763 -0.000006 
3880.582595 0.000001 
3879.115427 0.000001 
3877.648259 0.000002 
3876.181090 0.000004 
3874.713922 0.000007 
3873.246754 0.000004 
3871.779585 0.000004 
3870.312417 0.000005 
3868.845249 -0.000003 
3867.378081 -0.000001 
3865.910912 -0.000004 
3864.443744 -0.000014 
3862.976576 -0.000011 
3861.509407 -0.000013 
3860.042239 -0.000014 
3858.575071 -0.000016 
3857.107903 -0.000016 
3855.640734 -0.000012 
3854.173566 -0.000014 
3852.706398 -0.000015 
3851.239229 -0.000020 
3849.772061 -0.000011 
3848.304893 -0.000006 
3846.837725 -0.000007 
3845.370556 -0.000004 
3843.903388 -0.000003 
3842.436220 -0.000003 
3840.969051 -0.000001 
3839.501883 0.000000 
3838.034715 0.000005 
3836.567546 -0.000005 
3835.100378 0.000002 
3833.633210 0.000001 
3832.166042 0.000003 
3830.698873 0.000000 
3829.231705 0.000002 
3827.764537 0.000003 
3826.297368 0.000004 
3824.830200 0.000005 
3823.363032 0.000009 
3821.895864 0.000005 
3820.428695 0.000004 
3818.961527 0.000007 
3817.494359 0.000010 
3816.027190 0.000018 
3814.560022 0.000007 
3813.092854 0.000008 
3811.625686 0.000009 
3810.158517 0.000009 
3808.691349 0.000007 
3807.224181 0.000010 
3805.757012 0.000008 
3804.289844 0.000012 
3802.822676 0.000015 
3801.355508 0.000014 
3799.888339 0.000011 
3798.421171 0.000014 
3796.954003 0.000017 
3795.486834 0.000011 
3794.019666 0.000010 
3792.552498 0.000014 
3791.085330 0.000013 
3789.618161 0.000015 
3788.150993 0.000015 
3786.683825 0.000014 
3785.216656 0.000012 
3783.749488 0.000010 
3782.282320 0.000013 
3780.815151 0.000010 
3779.347983 0.000008 
3777.880815 0.000002 
3776.413647 0.000001 
3774.946478 0.000000 
3773.479310 -0.000000 
3772.012142 -0.000003 
3770.544973 -0.000000 
3769.077805 -0.000007 
3767.610637 -0.000004 
3766.143469 -0.000001 
3764.676300 -0.000003 
3763.209132 -0.000002 
3761.741964 0.000003 
3760.274795 0.000009 
3758.807627 0.000011 
3757.340459 0.000017 
3755.873291 0.000019 
3754.406122 0.000021 
3752.938954 0.000027 
3751.471786 0.000015 
3750.004617 0.000016 
3748.537449 0.000003 
3747.070281 0.000001 
3745.603113 -0.000002 
3744.135944 -0.000022 
3742.668776 -0.000017 
3741.201608 -0.000019 
3739.734439 -0.000019 
3738.267271 -0.000021 
3736.800103 -0.000012 
3735.332935 -0.000013 
3733.865766 -0.000012 
3732.398598 -0.000006 
3730.931430 -0.000006 
3729.464261 -0.000001 
3727.997093 0.000002 
3726.529925 0.000007 
3725.062756 0.000005 
3723.595588 0.000009 
3722.128420 0.000012 
3720.661252 0.000021 
3719.194083 0.000024 
3717.726915 0.000031 
3716.259747 0.000035 
3714.792578 0.000041 
3713.325410 0.000043 
3711.858242 0.000047 
3710.391074 0.000056 
3708.923905 0.000066 
3707.456737 0.000082 
3705.989569 0.000088 
3704.522400 0.000074 
3703.055232 0.000051 
3701.588064 0.000034 
3700.120896 0.000024 
3698.653727 0.000021 
3697.186559 0.000015 
3695.719391 0.000011 
3694.252222 0.000012 
3692.785054 0.000012 
3691.317886 0.000015 
3689.850718 0.000016 
3688.383549 0.000024 
3686.916381 0.000023 
3685.449213 0.000030 
3683.982044 0.000034 
3682.514876 0.000041 
3681.047708 0.000040 
3679.580540 0.000039 
3678.113371 0.000028 
3676.646203 0.000028 
3675.179035 0.000013 
3673.711866 0.000015 
3672.244698 0.000010 
3670.777530 0.000012 
3669.310361 -0.000000 
3667.843193 -0.000003 
3666.376025 -0.000006 
3664.908857 -0.000005 
3663.441688 -0.000007 
3661.974520 -0.000009 
3660.507352 -0.000012 
3659.040183 -0.000007 
3657.573015 -0.000006 
3656.105847 -0.000005 
3654.638679 -0.000001 
3653.171510 0.000007 
3651.704342 0.000013 
3650.237174 0.000024 
3648.770005 0.000039 
3647.302837 0.000063 
3645.835669 0.000099 
3644.368501 0.000150 
3642.901332 0.000225 
3641.434164 0.000315 
3639.966996 0.000417 
3638.499827 0.000514 
3637.032659 0.000562 
3635.565491 0.000547 
3634.098323 0.000479 
3632.631154 0.000381 
3631.163986 0.000292 
3629.696818 0.000227 
3628.229649 0.000164 
3626.762481 0.000129 
3625.295313 0.000092 
3623.828145 0.000069 
3622.360976 0.000049 
3620.893808 0.000030 
3619.426640 0.000017 
3617.959471 0.000010 
3616.492303 0.000007 
3615.025135 0.000008 
3613.557966 0.000006 
3612.090798 -0.000003 
3610.623630 -0.000001 
3609.156462 0.000001 
3607.689293 -0.000004 
3606.222125 -0.000006 
3604.754957 -0.000000 
3603.287788 -0.000002 
3601.820620 -0.000003 
3600.353452 -0.000003 
3598.886284 -0.000003 
3597.419115 -0.000005 
3595.951947 -0.000003 
3594.484779 -0.000007 
3593.017610 -0.000006 
3591.550442 -0.000009 
3590.083274 -0.000005 
3588.616106 -0.000007 
3587.148937 -0.000008 
3585.681769 -0.000010 
3584.214601 -0.000009 
3582.747432 -0.000009 
3581.280264 -0.000012 
3579.813096 -0.000008 
3578.345928 -0.000006 
3576.878759 -0.000010 
3575.411591 -0.000010 
3573.944423 -0.000006 
3572.477254 -0.000007 
3571.010086 -0.000001 
3569.542918 -0.000003 
3568.075750 0.000001 
3566.608581 -0.000001 
3565.141413 0.000000 
3563.674245 0.000002 
3562.207076 0.000001 
3560.739908 -0.000000 
3559.272740 -0.000004 
3557.805571 -0.000004 
3556.338403 -0.000005 
3554.871235 -0.000004 
3553.404067 -0.000005 
3551.936898 -0.000005 
3550.469730 -0.000005 
3549.002562 0.000002 
3547.535393 0.000003 
3546.068225 0.000007 
3544.601057 0.000009 
3543.133889 0.000013 
3541.666720 0.000014 
3540.199552 0.000021 
3538.732384 0.000026 
3537.265215 0.000033 
3535.798047 0.000036 
3534.330879 0.000043 
3532.863711 0.000050 
3531.396542 0.000062 
3529.929374 0.000069 
3528.462206 0.000079 
3526.995037 0.000095 
3525.527869 0.000108 
3524.060701 0.000121 
3522.593533 0.000135 
3521.126364 0.000149 
3519.659196 0.000161 
3518.192028 0.000177 
3516.724859 0.000188 
3515.257691 0.000202 
3513.790523 0.000211 
3512.323355 0.000221 
3510.856186 0.000228 
3509.389018 0.000231 
3507.921850 0.000240 
3506.454681 0.000244 
3504.987513 0.000244 
3503.520345 0.000243 
3502.053176 0.000239 
3500.586008 0.000235 
3499.118840 0.000229 
3497.651672 0.000222 
3496.184503 0.000215 
3494.717335 0.000206 
3493.250167 0.000198 
3491.782998 0.000188 
3490.315830 0.000179 
3488.848662 0.000174 
3487.381494 0.000162 
3485.914325 0.000155 
3484.447157 0.000147 
3482.979989 0.000139 
3481.512820 0.000132 
3480.045652 0.000129 
3478.578484 0.000126 
3477.111316 0.000123 
3475.644147 0.000119 
3474.176979 0.000120 
3472.709811 0.000118 
3471.242642 0.000119 
3469.775474 0.000121 
3468.308306 0.000124 
3466.841138 0.000130 
3465.373969 0.000133 
3463.906801 0.000136 
3462.439633 0.000143 
3460.972464 0.000144 
3459.505296 0.000148 
3458.038128 0.000151 
3456.570960 0.000152 
3455.103791 0.000156 
3453.636623 0.000160 
3452.169455 0.000160 
3450.702286 0.000163 
3449.235118 0.000166 
3447.767950 0.000173 
3446.300781 0.000173 
3444.833613 0.000175 
3443.366445 0.000175 
3441.899277 0.000173 
3440.432108 0.000174 
3438.964940 0.000174 
3437.497772 0.000171 
3436.030603 0.000166 
3434.563435 0.000160 
3433.096267 0.000150 
3431.629099 0.000138 
3430.161930 0.000125 
3428.694762 0.000114 
3427.227594 0.000103 
3425.760425 0.000095 
3424.293257 0.000084 
3422.826089 0.000075 
3421.358921 0.000071 
3419.891752 0.000065 
3418.424584 0.000062 
3416.957416 0.000057 
3415.490247 0.000051 
3414.023079 0.000046 
3412.555911 0.000043 
3411.088743 0.000037 
3409.621574 0.000032 
3408.154406 0.000028 
3406.687238 0.000026 
3405.220069 0.000021 
3403.752901 0.000020 
3402.285733 0.000016 
3400.818565 0.000012 
3399.351396 0.000009 
3397.884228 0.000006 
3396.417060 0.000005 
3394.949891 0.000001 
3393.482723 -0.000002 
3392.015555 0.000000 
3390.548386 0.000004 
3389.081218 0.000001 
3387.614050 0.000001 
3386.146882 -0.000000 
3384.679713 0.000000 
3383.212545 0.000001 
3381.745377 0.000000 
3380.278208 0.000003 
3378.811040 0.000004 
3377.343872 0.000002 
3375.876704 0.000004 
3374.409535 0.000005 
3372.942367 0.000010 
3371.475199 0.000010 
3370.008030 0.000009 
3368.540862 0.000012 
3367.073694 0.000015 
3365.606526 0.000018 
3364.139357 0.000020 
3362.672189 0.000022 
3361.205021 0.000027 
3359.737852 0.000030 
3358.270684 0.000035 
3356.803516 0.000038 
3355.336348 0.000038 
3353.869179 0.000042 
3352.402011 0.000039 
3350.934843 0.000042 
3349.467674 0.000043 
3348.000506 0.000044 
3346.533338 0.000047 
3345.066170 0.000052 
3343.599001 0.000054 
3342.131833 0.000057 
3340.664665 0.000064 
3339.197496 0.000069 
3337.730328 0.000074 
3336.263160 0.000079 
3334.795991 0.000080 
3333.328823 0.000084 
3331.861655 0.000090 
3330.394487 0.000092 
3328.927318 0.000094 
3327.460150 0.000096 
3325.992982 0.000097 
3324.525813 0.000102 
3323.058645 0.000108 
3321.591477 0.000110 
3320.124309 0.000116 
3318.657140 0.000119 
3317.189972 0.000119 
3315.722804 0.000120 
3314.255635 0.000121 
3312.788467 0.000123 
3311.321299 0.000122 
3309.854131 0.000120 
3308.386962 0.000125 
3306.919794 0.000123 
3305.452626 0.000123 
3303.985457 0.000124 
3302.518289 0.000128 
3301.051121 0.000130 
3299.583953 0.000132 
3298.116784 0.000137 
3296.649616 0.000134 
3295.182448 0.000137 
3293.715279 0.000138 
3292.248111 0.000137 
3290.780943 0.000138 
3289.313775 0.000139 
3287.846606 0.000138 
3286.379438 0.000138 
3284.912270 0.000139 
3283.445101 0.000143 
3281.977933 0.000143 
3280.510765 0.000143 
3279.043596 0.000140 
3277.576428 0.000140 
3276.109260 0.000134 
3274.642092 0.000135 
3273.174923 0.000129 
3271.707755 0.000129 
3270.240587 0.000125 
3268.773418 0.000121 
3267.306250 0.000118 
3265.839082 0.000119 
3264.371914 0.000116 
3262.904745 0.000117 
3261.437577 0.000113 
3259.970409 0.000114 
3258.503240 0.000114 
3257.036072 0.000112 
3255.568904 0.000110 
3254.101736 0.000109 
3252.634567 0.000108 
3251.167399 0.000104 
3249.700231 0.000105 
3248.233062 0.000106 
3246.765894 0.000103 
3245.298726 0.000102 
3243.831558 0.000102 
3242.364389 0.000100 
3240.897221 0.000101 
3239.430053 0.000096 
3237.962884 0.000095 
3236.495716 0.000092 
3235.028548 0.000089 
3233.561380 0.000086 
3232.094211 0.000081 
3230.627043 0.000081 
3229.159875 0.000077 
3227.692706 0.000075 
3226.225538 0.000072 
3224.758370 0.000070 
3223.291202 0.000070 
3221.824033 0.000070 
3220.356865 0.000069 
3218.889697 0.000070 
3217.422528 0.000068 
3215.955360 0.000068 
3214.488192 0.000069 
3213.021023 0.000067 
3211.553855 0.000068 
3210.086687 0.000067 
3208.619519 0.000065 
3207.152350 0.000066 
3205.685182 0.000061 
3204.218014 0.000060 
3202.750845 0.000061 
3201.283677 0.000059 
3199.816509 0.000062 
3198.349341 0.000061 
3196.882172 0.000061 
3195.415004 0.000064 
3193.947836 0.000062 
3192.480667 0.000064 
3191.013499 0.000064 
3189.546331 0.000067 
3188.079163 0.000066 
3186.611994 0.000069 
3185.144826 0.000072 
3183.677658 0.000073 
3182.210489 0.000074 
3180.743321 0.000078 
3179.276153 0.000078 
3177.808985 0.000081 
3176.341816 0.000085 
3174.874648 0.000090 
3173.407480 0.000090 
3171.940311 0.000093 
3170.473143 0.000097 
3169.005975 0.000100 
3167.538807 0.000102 
3166.071638 0.000104 
3164.604470 0.000105 
3163.137302 0.000106 
3161.670133 0.000107 
3160.202965 0.000106 
3158.735797 0.000103 
3157.268628 0.000101 
3155.801460 0.000099 
3154.334292 0.000093 
3152.867124 0.000088 
3151.399955 0.000083 
3149.932787 0.000078 
3148.465619 0.000070 
3146.998450 0.000062 
3145.531282 0.000054 
3144.064114 0.000053 
3142.596946 0.000046 
3141.129777 0.000043 
3139.662609 0.000044 
3138.195441 0.000039 
3136.728272 0.000036 
3135.261104 0.000034 
3133.793936 0.000035 
3132.326768 0.000033 
3130.859599 0.000030 
3129.392431 0.000028 
3127.925263 0.000031 
3126.458094 0.000025 
3124.990926 0.000028 
3123.523758 0.000025 
3122.056590 0.000025 
3120.589421 0.000022 
3119.122253 0.000019 
3117.655085 0.000020 
3116.187916 0.000018 
3114.720748 0.000019 
3113.253580 0.000019 
3111.786412 0.000019 
3110.319243 0.000019 
3108.852075 0.000018 
3107.384907 0.000017 
3105.917738 0.000018 
3104.450570 0.000015 
3102.983402 0.000018 
3101.516233 0.000019 
3100.049065 0.000017 
3098.581897 0.000015 
3097.114729 0.000014 
3095.647560 0.000012 
3094.180392 0.000008 
3092.713224 0.000006 
3091.246055 0.000005 
3089.778887 0.000001 
3088.311719 -0.000003 
3086.844551 -0.000003 
3085.377382 -0.000007 
3083.910214 -0.000010 
3082.443046 -0.000010 
3080.975877 -0.000011 
3079.508709 -0.000015 
3078.041541 -0.000014 
3076.574373 -0.000016 
3075.107204 -0.000012 
3073.640036 -0.000016 
3072.172868 -0.000016 
3070.705699 -0.000017 
3069.238531 -0.000018 
3067.771363 -0.000016 
3066.304195 -0.000017 
3064.837026 -0.000017 
3063.369858 -0.000015 
3061.902690 -0.000014 
3060.435521 -0.000013 
3058.968353 -0.000012 
3057.501185 -0.000010 
3056.034017 -0.000010 
3054.566848 -0.000009 
3053.099680 -0.000006 
3051.632512 -0.000009 
3050.165343 -0.000008 
3048.698175 -0.000006 
3047.231007 -0.000004 
3045.763838 -0.000003 
3044.296670 0.000001 
3042.829502 0.000001 
3041.362334 0.000005 
3039.895165 0.000001 
3038.427997 0.000004 
3036.960829 0.000008 
3035.493660 0.000009 
3034.026492 0.000012 
3032.559324 0.000013 
3031.092156 0.000016 
3029.624987 0.000016 
3028.157819 0.000018 
3026.690651 0.000018 
3025.223482 0.000022 
3023.756314 0.000026 
3022.289146 0.000032 
3020.821978 0.000034 
3019.354809 0.000038 
3017.887641 0.000040 
3016.420473 0.000045 
3014.953304 0.000049 
3013.486136 0.000051 
3012.018968 0.000054 
3010.551800 0.000056 
3009.084631 0.000060 
3007.617463 0.000059 
3006.150295 0.000060 
3004.683126 0.000060 
3003.215958 0.000063 
3001.748790 0.000065 
3000.281622 0.000073 
2998.814453 0.000083 
2997.347285 0.000096 
2995.880117 0.000105 
2994.412948 0.000118 
2992.945780 0.000137 
2991.478612 0.000152 
2990.011443 0.000171 
2988.544275 0.000191 
2987.077107 0.000210 
2985.609939 0.000237 
2984.142770 0.000255 
2982.675602 0.000268 
2981.208434 0.000274 
2979.741265 0.000273 
2978.274097 0.000269 
2976.806929 0.000260 
2975.339761 0.000246 
2973.872592 0.000226 
2972.405424 0.000219 
2970.938256 0.000210 
2969.471087 0.000213 
2968.003919 0.000225 
2966.536751 0.000247 
2965.069583 0.000271 
2963.602414 0.000309 
2962.135246 0.000362 
2960.668078 0.000426 
2959.200909 0.000516 
2957.733741 0.000628 
2956.266573 0.000771 
2954.799405 0.000954 
2953.332236 0.001191 
2951.865068 0.001489 
2950.397900 0.001883 
2948.930731 0.002378 
2947.463563 0.003002 
2945.996395 0.003778 
2944.529227 0.004697 
2943.062058 0.005756 
2941.594890 0.007022 
2940.127722 0.008569 
2938.660553 0.010579 
2937.193385 0.013308 
2935.726217 0.016700 
2934.259048 0.020646 
2932.791880 0.024970 
2931.324712 0.029258 
2929.857544 0.033294 
2928.390375 0.036636 
2926.923207 0.038864 
2925.456039 0.039311 
2923.988870 0.037273 
2922.521702 0.033482 
2921.054534 0.028925 
2919.587366 0.024700 
2918.120197 0.021291 
2916.653029 0.018782 
2915.185861 0.017121 
2913.718692 0.015999 
2912.251524 0.015196 
2910.784356 0.014519 
2909.317188 0.013824 
2907.850019 0.013083 
2906.382851 0.012216 
2904.915683 0.011127 
2903.448514 0.009801 
2901.981346 0.008390 
2900.514178 0.007149 
2899.047010 0.006155 
2897.579841 0.005377 
2896.112673 0.004743 
2894.645505 0.004224 
2893.178336 0.003744 
2891.711168 0.003277 
2890.244000 0.002836 
2888.776832 0.002449 
2887.309663 0.002120 
2885.842495 0.001854 
2884.375327 0.001645 
2882.908158 0.001469 
2881.440990 0.001319 
2879.973822 0.001188 
2878.506653 0.001086 
2877.039485 0.001018 
2875.572317 0.001012 
2874.105149 0.001074 
2872.637980 0.001205 
2871.170812 0.001387 
2869.703644 0.001591 
2868.236475 0.001801 
2866.769307 0.002026 
2865.302139 0.002281 
2863.834971 0.002603 
2862.367802 0.003070 
2860.900634 0.003801 
2859.433466 0.005011 
2857.966297 0.007003 
2856.499129 0.009533 
2855.031961 0.012383 
2853.564793 0.015289 
2852.097624 0.017733 
2850.630456 0.019126 
2849.163288 0.018663 
2847.696119 0.016356 
2846.228951 0.012668 
2844.761783 0.008691 
2843.294615 0.005395 
2841.827446 0.003093 
2840.360278 0.001849 
2838.893110 0.001208 
2837.425941 0.000884 
2835.958773 0.000717 
2834.491605 0.000618 
2833.024437 0.000567 
2831.557268 0.000545 
2830.090100 0.000526 
2828.622932 0.000508 
2827.155763 0.000478 
2825.688595 0.000446 
2824.221427 0.000412 
2822.754258 0.000399 
2821.287090 0.000397 
2819.819922 0.000409 
2818.352754 0.000411 
2816.885585 0.000409 
2815.418417 0.000385 
2813.951249 0.000353 
2812.484080 0.000316 
2811.016912 0.000289 
2809.549744 0.000278 
2808.082576 0.000279 
2806.615407 0.000293 
2805.148239 0.000316 
2803.681071 0.000344 
2802.213902 0.000378 
2800.746734 0.000422 
2799.279566 0.000477 
2797.812398 0.000538 
2796.345229 0.000601 
2794.878061 0.000658 
2793.410893 0.000691 
2791.943724 0.000697 
2790.476556 0.000671 
2789.009388 0.000621 
2787.542220 0.000558 
2786.075051 0.000500 
2784.607883 0.000453 
2783.140715 0.000416 
2781.673546 0.000379 
2780.206378 0.000346 
2778.739210 0.000318 
2777.272042 0.000288 
2775.804873 0.000263 
2774.337705 0.000229 
2772.870537 0.000204 
2771.403368 0.000176 
2769.936200 0.000158 
2768.469032 0.000139 
2767.001863 0.000128 
2765.534695 0.000116 
2764.067527 0.000110 
2762.600359 0.000105 
2761.133190 0.000099 
2759.666022 0.000095 
2758.198854 0.000094 
2756.731685 0.000089 
2755.264517 0.000084 
2753.797349 0.000080 
2752.330181 0.000076 
2750.863012 0.000076 
2749.395844 0.000071 
2747.928676 0.000067 
2746.461507 0.000065 
2744.994339 0.000063 
2743.527171 0.000059 
2742.060003 0.000061 
2740.592834 0.000057 
2739.125666 0.000057 
2737.658498 0.000057 
2736.191329 0.000056 
2734.724161 0.000057 
2733.256993 0.000054 
2731.789825 0.000054 
2730.322656 0.000052 
2728.855488 0.000052 
2727.388320 0.000052 
2725.921151 0.000051 
2724.453983 0.000054 
2722.986815 0.000058 
2721.519647 0.000060 
2720.052478 0.000067 
2718.585310 0.000064 
2717.118142 0.000074 
2715.650973 0.000076 
2714.183805 0.000078 
2712.716637 0.000083 
2711.249468 0.000085 
2709.782300 0.000092 
2708.315132 0.000098 
2706.847964 0.000107 
2705.380795 0.000119 
2703.913627 0.000132 
2702.446459 0.000153 
2700.979290 0.000182 
2699.512122 0.000207 
2698.044954 0.000238 
2696.577786 0.000257 
2695.110617 0.000274 
2693.643449 0.000284 
2692.176281 0.000288 
2690.709112 0.000287 
2689.241944 0.000277 
2687.774776 0.000267 
2686.307608 0.000261 
2684.840439 0.000245 
2683.373271 0.000218 
2681.906103 0.000184 
2680.438934 0.000147 
2678.971766 0.000120 
2677.504598 0.000090 
2676.037430 0.000077 
2674.570261 0.000072 
2673.103093 0.000082 
2671.635925 0.000097 
2670.168756 0.000112 
2668.701588 0.000132 
2667.234420 0.000177 
2665.767252 0.000271 
2664.300083 0.000522 
2662.832915 0.000920 
2661.365747 0.001329 
2659.898578 0.001436 
2658.431410 0.001174 
2656.964242 0.000802 
2655.497073 0.000588 
2654.029905 0.000469 
2652.562737 0.000323 
2651.095569 0.000180 
2649.628400 0.000105 
2648.161232 0.000068 
2646.694064 0.000045 
2645.226895 0.000036 
2643.759727 0.000026 
2642.292559 0.000023 
2640.825391 0.000018 
2639.358222 0.000012 
2637.891054 0.000010 
2636.423886 0.000007 
2634.956717 0.000006 
2633.489549 0.000007 
2632.022381 0.000006 
2630.555213 0.000006 
2629.088044 0.000005 
2627.620876 0.000011 
2626.153708 0.000027 
2624.686539 0.000036 
2623.219371 0.000059 
2621.752203 0.000078 
2620.285035 0.000107 
2618.817866 0.000141 
2617.350698 0.000177 
2615.883530 0.000215 
2614.416361 0.000240 
2612.949193 0.000241 
2611.482025 0.000234 
2610.014857 0.000220 
2608.547688 0.000215 
2607.080520 0.000212 
2605.613352 0.000212 
2604.146183 0.000218 
2602.679015 0.000215 
2601.211847 0.000222 
2599.744678 0.000231 
2598.277510 0.000241 
2596.810342 0.000245 
2595.343174 0.000236 
2593.876005 0.000217 
2592.408837 0.000190 
2590.941669 0.000153 
2589.474500 0.000126 
2588.007332 0.000093 
2586.540164 0.000065 
2585.072996 0.000046 
2583.605827 0.000026 
2582.138659 0.000021 
2580.671491 0.000012 
2579.204322 0.000008 
2577.737154 0.000010 
2576.269986 0.000009 
2574.802818 0.000011 
2573.335649 0.000013 
2571.868481 0.000010 
2570.401313 0.000010 
2568.934144 -0.000004 
2567.466976 -0.000007 
2565.999808 -0.000011 
2564.532640 -0.000016 
2563.065471 -0.000014 
2561.598303 -0.000016 
2560.131135 -0.000011 
2558.663966 -0.000009 
2557.196798 -0.000007 
2555.729630 0.000003 
2554.262462 0.000006 
2552.795293 0.000010 
2551.328125 0.000015 
2549.860957 0.000009 
2548.393788 0.000006 
2546.926620 -0.000004 
2545.459452 -0.000011 
2543.992283 -0.000014 
2542.525115 -0.000020 
2541.057947 -0.000018 
2539.590779 -0.000017 
2538.123610 -0.000017 
2536.656442 -0.000010 
2535.189274 -0.000013 
2533.722105 -0.000007 
2532.254937 -0.000005 
2530.787769 -0.000009 
2529.320601 -0.000007 
2527.853432 -0.000017 
2526.386264 -0.000018 
2524.919096 -0.000019 
2523.451927 -0.000020 
2521.984759 -0.000018 
2520.517591 -0.000020 
2519.050423 -0.000020 
2517.583254 -0.000018 
2516.116086 -0.000023 
2514.648918 -0.000015 
2513.181749 -0.000014 
2511.714581 -0.000012 
2510.247413 -0.000007 
2508.780245 -0.000012 
2507.313076 -0.000009 
2505.845908 -0.000014 
2504.378740 -0.000015 
2502.911571 -0.000012 
2501.444403 -0.000015 
2499.977235 -0.000016 
2498.510067 -0.000016 
2497.042898 -0.000019 
2495.575730 -0.000018 
2494.108562 -0.000024 
2492.641393 -0.000020 
2491.174225 -0.000021 
2489.707057 -0.000022 
2488.239888 -0.000016 
2486.772720 -0.000016 
2485.305552 -0.000008 
2483.838384 0.000005 
2482.371215 0.000010 
2480.904047 0.000022 
2479.436879 0.000027 
2477.969710 0.000028 
2476.502542 0.000028 
2475.035374 0.000018 
2473.568206 0.000019 
2472.101037 0.000011 
2470.633869 0.000007 
2469.166701 0.000008 
2467.699532 0.000000 
2466.232364 -0.000002 
2464.765196 -0.000007 
2463.298028 -0.000011 
2461.830859 -0.000008 
2460.363691 -0.000015 
2458.896523 -0.000012 
2457.429354 -0.000009 
2455.962186 -0.000012 
2454.495018 -0.000009 
2453.027850 -0.000014 
2451.560681 -0.000012 
2450.093513 -0.000012 
2448.626345 -0.000014 
2447.159176 -0.000011 
2445.692008 -0.000013 
2444.224840 -0.000012 
2442.757672 -0.000006 
2441.290503 -0.000009 
2439.823335 -0.000001 
2438.356167 -0.000001 
2436.888998 0.000001 
2435.421830 0.000003 
2433.954662 -0.000002 
2432.487493 0.000001 
2431.020325 0.000001 
2429.553157 -0.000001 
2428.085989 0.000004 
2426.618820 0.000002 
2425.151652 0.000005 
2423.684484 0.000009 
2422.217315 0.000010 
2420.750147 0.000017 
2419.282979 0.000015 
2417.815811 0.000022 
2416.348642 0.000033 
2414.881474 0.000039 
2413.414306 0.000045 
2411.947137 0.000041 
2410.479969 0.000035 
2409.012801 0.000029 
2407.545633 0.000017 
2406.078464 0.000012 
2404.611296 0.000003 
2403.144128 -0.000002 
2401.676959 0.000005 
2400.209791 0.000007 
2398.742623 0.000025 
2397.275455 0.000040 
2395.808286 0.000058 
2394.341118 0.000063 
2392.873950 0.000042 
2391.406781 0.000023 
2389.939613 0.000007 
2388.472445 -0.000004 
2387.005277 -0.000000 
2385.538108 -0.000000 
2384.070940 0.000007 
2382.603772 0.000017 
2381.136603 0.000025 
2379.669435 0.000044 
2378.202267 0.000048 
2376.735098 0.000051 
2375.267930 0.000047 
2373.800762 0.000036 
2372.333594 0.000030 
2370.866425 0.000026 
2369.399257 0.000029 
2367.932089 0.000040 
2366.464920 0.000041 
2364.997752 0.000040 
2363.530584 0.000032 
2362.063416 0.000012 
2360.596247 0.000007 
2359.129079 -0.000001 
2357.661911 0.000000 
2356.194742 -0.000001 
2354.727574 -0.000004 
2353.260406 -0.000001 
2351.793238 -0.000001 
2350.326069 -0.000002 
2348.858901 0.000005 
2347.391733 0.000001 
2345.924564 0.000006 
2344.457396 0.000002 
2342.990228 0.000004 
2341.523060 0.000002 
2340.055891 -0.000003 
2338.588723 -0.000001 
2337.121555 -0.000001 
2335.654386 0.000001 
2334.187218 0.000007 
2332.720050 0.000005 
2331.252882 0.000001 
2329.785713 -0.000000 
2328.318545 0.000001 
2326.851377 0.000007 
2325.384208 0.000001 
2323.917040 0.000001 
2322.449872 -0.000001 
2320.982704 -0.000003 
2319.515535 -0.000004 
2318.048367 -0.000006 
2316.581199 -0.000004 
2315.114030 -0.000002 
2313.646862 -0.000003 
2312.179694 0.000003 
2310.712525 0.000003 
2309.245357 0.000007 
2307.778189 0.000011 
2306.311021 0.000014 
2304.843852 0.000021 
2303.376684 0.000020 
2301.909516 0.000019 
2300.442347 0.000013 
2298.975179 0.000004 
2297.508011 -0.000001 
2296.040843 -0.000007 
2294.573674 -0.000011 
2293.106506 -0.000009 
2291.639338 -0.000010 
2290.172169 -0.000006 
2288.705001 -0.000006 
2287.237833 -0.000004 
2285.770665 -0.000001 
2284.303496 0.000000 
2282.836328 0.000004 
2281.369160 -0.000000 
2279.901991 -0.000007 
2278.434823 -0.000009 
2276.967655 -0.000016 
2275.500487 -0.000021 
2274.033318 -0.000022 
2272.566150 -0.000026 
2271.098982 -0.000023 
2269.631813 -0.000027 
2268.164645 -0.000025 
2266.697477 -0.000023 
2265.230309 -0.000026 
2263.763140 -0.000023 
2262.295972 -0.000022 
2260.828804 -0.000020 
2259.361635 -0.000013 
2257.894467 -0.000009 
2256.427299 -0.000000 
2254.960130 0.000009 
2253.492962 0.000020 
2252.025794 0.000033 
2250.558626 0.000036 
2249.091457 0.000041 
2247.624289 0.000040 
2246.157121 0.000031 
2244.689952 0.000028 
2243.222784 0.000022 
2241.755616 0.000019 
2240.288448 0.000013 
2238.821279 0.000005 
2237.354111 0.000002 
2235.886943 -0.000003 
2234.419774 -0.000002 
2232.952606 -0.000000 
2231.485438 0.000001 
2230.018270 0.000005 
2228.551101 0.000002 
2227.083933 0.000004 
2225.616765 0.000003 
2224.149596 0.000001 
2222.682428 0.000001 
2221.215260 -0.000004 
2219.748092 -0.000007 
2218.280923 -0.000009 
2216.813755 -0.000015 
2215.346587 -0.000012 
2213.879418 -0.000012 
2212.412250 -0.000010 
2210.945082 -0.000003 
2209.477914 -0.000002 
2208.010745 0.000004 
2206.543577 0.000006 
2205.076409 0.000008 
2203.609240 0.000007 
2202.142072 0.000001 
2200.674904 -0.000001 
2199.207735 -0.000002 
2197.740567 -0.000009 
2196.273399 -0.000010 
2194.806231 -0.000016 
2193.339062 -0.000016 
2191.871894 -0.000017 
2190.404726 -0.000020 
2188.937557 -0.000018 
2187.470389 -0.000017 
2186.003221 -0.000013 
2184.536053 -0.000004 
2183.068884 0.000014 
2181.601716 0.000040 
2180.134548 0.000064 
2178.667379 0.000073 
2177.200211 0.000067 
2175.733043 0.000036 
2174.265875 0.000015 
2172.798706 0.000003 
2171.331538 0.000004 
2169.864370 0.000007 
2168.397201 0.000001 
2166.930033 0.000001 
2165.462865 -0.000002 
2163.995697 -0.000007 
2162.528528 -0.000008 
2161.061360 -0.000008 
2159.594192 -0.000008 
2158.127023 -0.000007 
2156.659855 -0.000005 
2155.192687 0.000002 
2153.725519 0.000010 
2152.258350 0.000019 
2150.791182 0.000014 
2149.324014 0.000005 
2147.856845 -0.000000 
2146.389677 -0.000001 
2144.922509 0.000002 
2143.455340 0.000013 
2141.988172 0.000020 
2140.521004 0.000034 
2139.053836 0.000041 
2137.586667 0.000038 
2136.119499 0.000034 
2134.652331 0.000025 
2133.185162 0.000021 
2131.717994 0.000015 
2130.250826 0.000014 
2128.783658 0.000019 
2127.316489 0.000018 
2125.849321 0.000015 
2124.382153 0.000013 
2122.914984 0.000004 
2121.447816 0.000002 
2119.980648 -0.000002 
2118.513480 -0.000000 
2117.046311 0.000000 
2115.579143 -0.000003 
2114.111975 -0.000001 
2112.644806 -0.000004 
2111.177638 -0.000002 
2109.710470 -0.000001 
2108.243302 -0.000003 
2106.776133 -0.000001 
2105.308965 -0.000004 
2103.841797 -0.000004 
2102.374628 -0.000002 
2100.907460 -0.000007 
2099.440292 -0.000003 
2097.973124 -0.000008 
2096.505955 -0.000007 
2095.038787 -0.000006 
2093.571619 -0.000007 
2092.104450 -0.000005 
2090.637282 -0.000006 
2089.170114 -0.000007 
2087.702945 -0.000005 
2086.235777 -0.000005 
2084.768609 -0.000004 
2083.301441 -0.000003 
2081.834272 -0.000004 
2080.367104 -0.000002 
2078.899936 -0.000006 
2077.432767 -0.000004 
2075.965599 -0.000005 
2074.498431 -0.000004 
2073.031263 -0.000001 
2071.564094 -0.000001 
2070.096926 -0.000001 
2068.629758 0.000004 
2067.162589 0.000007 
2065.695421 0.000017 
2064.228253 0.000024 
2062.761085 0.000032 
2061.293916 0.000045 
2059.826748 0.000050 
2058.359580 0.000047 
2056.892411 0.000033 
2055.425243 0.000016 
2053.958075 0.000008 
2052.490907 0.000004 
2051.023738 0.000001 
2049.556570 0.000002 
2048.089402 0.000002 
2046.622233 0.000004 
2045.155065 0.000004 
2043.687897 0.000004 
2042.220729 0.000006 
2040.753560 0.000005 
2039.286392 0.000002 
2037.819224 -0.000002 
2036.352055 -0.000003 
2034.884887 -0.000001 
2033.417719 0.000000 
2031.950550 0.000001 
2030.483382 0.000002 
2029.016214 0.000000 
2027.549046 0.000003 
2026.081877 0.000001 
2024.614709 -0.000000 
2023.147541 0.000001 
2021.680372 0.000003 
2020.213204 0.000005 
2018.746036 0.000006 
2017.278868 0.000003 
2015.811699 -0.000002 
2014.344531 -0.000007 
2012.877363 -0.000007 
2011.410194 -0.000006 
2009.943026 -0.000008 
2008.475858 -0.000005 
2007.008690 -0.000008 
2005.541521 -0.000009 
2004.074353 -0.000008 
2002.607185 -0.000008 
2001.140016 -0.000005 
1999.672848 -0.000006 
1998.205680 -0.000004 
1996.738512 -0.000000 
1995.271343 0.000005 
1993.804175 0.000013 
1992.337007 0.000022 
1990.869838 0.000034 
1989.402670 0.000044 
1987.935502 0.000048 
1986.468334 0.000051 
1985.001165 0.000040 
1983.533997 0.000028 
1982.066829 0.000017 
1980.599660 0.000008 
1979.132492 0.000001 
1977.665324 -0.000000 
1976.198155 -0.000003 
1974.730987 0.000001 
1973.263819 0.000000 
1971.796651 0.000001 
1970.329482 0.000001 
1968.862314 -0.000000 
1967.395146 0.000000 
1965.927977 0.000001 
1964.460809 0.000001 
1962.993641 0.000000 
1961.526473 0.000001 
1960.059304 -0.000000 
1958.592136 0.000001 
1957.124968 -0.000002 
1955.657799 -0.000000 
1954.190631 -0.000002 
1952.723463 0.000000 
1951.256295 0.000000 
1949.789126 -0.000000 
1948.321958 0.000001 
1946.854790 0.000004 
1945.387621 0.000004 
1943.920453 0.000004 
1942.453285 0.000005 
1940.986117 0.000007 
1939.518948 0.000008 
1938.051780 0.000010 
1936.584612 0.000013 
1935.117443 0.000015 
1933.650275 0.000020 
1932.183107 0.000022 
1930.715939 0.000023 
1929.248770 0.000021 
1927.781602 0.000018 
1926.314434 0.000015 
1924.847265 0.000016 
1923.380097 0.000015 
1921.912929 0.000014 
1920.445760 0.000016 
1918.978592 0.000016 
1917.511424 0.000014 
1916.044256 0.000014 
1914.577087 0.000011 
1913.109919 0.000011 
1911.642751 0.000012 
1910.175582 0.000013 
1908.708414 0.000013 
1907.241246 0.000011 
1905.774078 0.000013 
1904.306909 0.000013 
1902.839741 0.000017 
1901.372573 0.000017 
1899.905404 0.000017 
1898.438236 0.000017 
1896.971068 0.000020 
1895.503900 0.000022 
1894.036731 0.000022 
1892.569563 0.000021 
1891.102395 0.000023 
1889.635226 0.000023 
1888.168058 0.000024 
1886.700890 0.000025 
1885.233722 0.000024 
1883.766553 0.000027 
1882.299385 0.000027 
1880.832217 0.000030 
1879.365048 0.000034 
1877.897880 0.000037 
1876.430712 0.000040 
1874.963544 0.000045 
1873.496375 0.000046 
1872.029207 0.000045 
1870.562039 0.000045 
1869.094870 0.000047 
1867.627702 0.000048 
1866.160534 0.000045 
1864.693365 0.000043 
1863.226197 0.000037 
1861.759029 0.000036 
1860.291861 0.000034 
1858.824692 0.000031 
1857.357524 0.000029 
1855.890356 0.000028 
1854.423187 0.000026 
1852.956019 0.000029 
1851.488851 0.000028 
1850.021683 0.000027 
1848.554514 0.000030 
1847.087346 0.000026 
1845.620178 0.000033 
1844.153009 0.000031 
1842.685841 0.000034 
1841.218673 0.000038 
1839.751505 0.000040 
1838.284336 0.000040 
1836.817168 0.000040 
1835.350000 0.000037 
1833.882831 0.000038 
1832.415663 0.000033 
1830.948495 0.000035 
1829.481327 0.000032 
1828.014158 0.000032 
1826.546990 0.000032 
1825.079822 0.000030 
1823.612653 0.000033 
1822.145485 0.000031 
1820.678317 0.000030 
1819.211149 0.000031 
1817.743980 0.000031 
1816.276812 0.000031 
1814.809644 0.000032 
1813.342475 0.000026 
1811.875307 0.000029 
1810.408139 0.000028 
1808.940970 0.000028 
1807.473802 0.000028 
1806.006634 0.000027 
1804.539466 0.000029 
1803.072297 0.000028 
1801.605129 0.000028 
1800.137961 0.000029 
1798.670792 0.000024 
1797.203624 0.000028 
1795.736456 0.000029 
1794.269288 0.000026 
1792.802119 0.000029 
1791.334951 0.000025 
1789.867783 0.000029 
1788.400614 0.000030 
1786.933446 0.000029 
1785.466278 0.000032 
1783.999110 0.000035 
1782.531941 0.000041 
1781.064773 0.000053 
1779.597605 0.000059 
1778.130436 0.000066 
1776.663268 0.000061 
1775.196100 0.000049 
1773.728932 0.000042 
1772.261763 0.000029 
1770.794595 0.000031 
1769.327427 0.000030 
1767.860258 0.000030 
1766.393090 0.000030 
1764.925922 0.000027 
1763.458754 0.000025 
1761.991585 0.000025 
1760.524417 0.000021 
1759.057249 0.000024 
1757.590080 0.000020 
1756.122912 0.000017 
1754.655744 0.000018 
1753.188575 0.000015 
1751.721407 0.000016 
1750.254239 0.000010 
1748.787071 0.000011 
1747.319902 0.000011 
1745.852734 0.000010 
1744.385566 0.000007 
1742.918397 0.000004 
1741.451229 0.000002 
1739.984061 0.000005 
1738.516893 0.000000 
1737.049724 0.000002 
1735.582556 0.000001 
1734.115388 -0.000003 
1732.648219 -0.000006 
1731.181051 -0.000003 
1729.713883 -0.000001 
1728.246715 -0.000003 
1726.779546 -0.000000 
1725.312378 0.000003 
1723.845210 0.000002 
1722.378041 0.000005 
1720.910873 0.000008 
1719.443705 0.000010 
1717.976537 0.000017 
1716.509368 0.000011 
1715.042200 0.000015 
1713.575032 0.000019 
1712.107863 0.000020 
1710.640695 0.000024 
1709.173527 0.000026 
1707.706359 0.000027 
1706.239190 0.000032 
1704.772022 0.000032 
1703.304854 0.000033 
1701.837685 0.000036 
1700.370517 0.000032 
1698.903349 0.000039 
1697.436180 0.000040 
1695.969012 0.000048 
1694.501844 0.000051 
1693.034676 0.000058 
1691.567507 0.000066 
1690.100339 0.000067 
1688.633171 0.000067 
1687.166002 0.000067 
1685.698834 0.000065 
1684.231666 0.000055 
1682.764498 0.000054 
1681.297329 0.000053 
1679.830161 0.000048 
1678.362993 0.000042 
1676.895824 0.000046 
1675.428656 0.000040 
1673.961488 0.000041 
1672.494320 0.000040 
1671.027151 0.000036 
1669.559983 0.000036 
1668.092815 0.000033 
1666.625646 0.000032 
1665.158478 0.000036 
1663.691310 0.000033 
1662.224142 0.000033 
1660.756973 0.000033 
1659.289805 0.000034 
1657.822637 0.000041 
1656.355468 0.000040 
1654.888300 0.000044 
1653.421132 0.000046 
1651.953964 0.000041 
1650.486795 0.000053 
1649.019627 0.000054 
1647.552459 0.000055 
1646.085290 0.000055 
1644.618122 0.000051 
1643.150954 0.000053 
1641.683785 0.000050 
1640.216617 0.000049 
1638.749449 0.000045 
1637.282281 0.000041 
1635.815112 0.000044 
1634.347944 0.000040 
1632.880776 0.000040 
1631.413607 0.000043 
1629.946439 0.000039 
1628.479271 0.000040 
1627.012103 0.000039 
1625.544934 0.000039 
1624.077766 0.000040 
1622.610598 0.000039 
1621.143429 0.000046 
1619.676261 0.000045 
1618.209093 0.000049 
1616.741925 0.000049 
1615.274756 0.000052 
1613.807588 0.000054 
1612.340420 0.000055 
1610.873251 0.000050 
1609.406083 0.000046 
1607.938915 0.000046 
1606.471747 0.000043 
1605.004578 0.000041 
1603.537410 0.000033 
1602.070242 0.000034 
1600.603073 0.000034 
1599.135905 0.000036 
1597.668737 0.000037 
1596.201569 0.000038 
1594.734400 0.000048 
1593.267232 0.000054 
1591.800064 0.000064 
1590.332895 0.000070 
1588.865727 0.000068 
1587.398559 0.000061 
1585.931390 0.000051 
1584.464222 0.000040 
1582.997054 0.000031 
1581.529886 0.000025 
1580.062717 0.000023 
1578.595549 0.000019 
1577.128381 0.000016 
1575.661212 0.000011 
1574.194044 0.000015 
1572.726876 0.000013 
1571.259708 0.000013 
1569.792539 0.000011 
1568.325371 0.000013 
1566.858203 0.000009 
1565.391034 0.000011 
1563.923866 0.000009 
1562.456698 0.000005 
1560.989530 0.000008 
1559.522361 0.000002 
1558.055193 0.000004 
1556.588025 0.000003 
1555.120856 0.000003 
1553.653688 0.000001 
1552.186520 -0.000000 
1550.719352 -0.000003 
1549.252183 -0.000006 
1547.785015 -0.000009 
1546.317847 -0.000007 
1544.850678 -0.000009 
1543.383510 -0.000009 
1541.916342 -0.000010 
1540.449174 -0.000010 
1538.982005 -0.000007 
1537.514837 -0.000005 
1536.047669 -0.000007 
1534.580500 -0.000007 
1533.113332 -0.000011 
1531.646164 -0.000010 
1530.178995 -0.000011 
1528.711827 -0.000016 
1527.244659 -0.000012 
1525.777491 -0.000012 
1524.310322 -0.000010 
1522.843154 -0.000008 
1521.375986 -0.000008 
1519.908817 -0.000010 
1518.441649 -0.000005 
1516.974481 -0.000005 
1515.507313 -0.000001 
1514.040144 -0.000006 
1512.572976 0.000001 
1511.105808 0.000001 
1509.638639 -0.000000 
1508.171471 0.000004 
1506.704303 -0.000003 
1505.237135 0.000005 
1503.769966 0.000005 
1502.302798 0.000001 
1500.835630 0.000002 
1499.368461 0.000001 
1497.901293 0.000000 
1496.434125 0.000001 
1494.966957 -0.000003 
1493.499788 0.000001 
1492.032620 0.000002 
1490.565452 0.000005 
1489.098283 0.000006 
1487.631115 0.000002 
1486.163947 0.000009 
1484.696779 0.000006 
1483.229610 0.000010 
1481.762442 0.000010 
1480.295274 0.000006 
1478.828105 0.000013 
1477.360937 0.000018 
1475.893769 0.000031 
1474.426601 0.000065 
1472.959432 0.000104 
1471.492264 0.000176 
1470.025096 0.000282 
1468.557927 0.000425 
1467.090759 0.000520 
1465.623591 0.000548 
1464.156422 0.000527 
1462.689254 0.000445 
1461.222086 0.000301 
1459.754918 0.000284 
1458.287749 0.000432 
1456.820581 0.001294 
1455.353413 0.003087 
1453.886244 0.004447 
1452.419076 0.004891 
1450.951908 0.004817 
1449.484740 0.004533 
1448.017571 0.004115 
1446.550403 0.003565 
1445.083235 0.003005 
1443.616066 0.002611 
1442.148898 0.002358 
1440.681730 0.002167 
1439.214562 0.001903 
1437.747393 0.001468 
1436.280225 0.000755 
1434.813057 0.000292 
1433.345888 0.000174 
1431.878720 0.000140 
1430.411552 0.000134 
1428.944384 0.000126 
1427.477215 0.000122 
1426.010047 0.000125 
1424.542879 0.000117 
1423.075710 0.000107 
1421.608542 0.000098 
1420.141374 0.000082 
1418.674206 0.000072 
1417.207037 0.000061 
1415.739869 0.000056 
1414.272701 0.000059 
1412.805532 0.000050 
1411.338364 0.000057 
1409.871196 0.000052 
1408.404027 0.000050 
1406.936859 0.000052 
1405.469691 0.000045 
1404.002523 0.000047 
1402.535354 0.000045 
1401.068186 0.000037 
1399.601018 0.000041 
1398.133849 0.000032 
1396.666681 0.000035 
1395.199513 0.000030 
1393.732345 0.000021 
1392.265176 0.000023 
1390.798008 0.000010 
1389.330840 0.000011 
1387.863671 0.000011 
1386.396503 0.000002 
1384.929335 0.000008 
1383.462167 0.000003 
1381.994998 0.000002 
1380.527830 0.000005 
1379.060662 -0.000004 
1377.593493 0.000002 
1376.126325 -0.000003 
1374.659157 -0.000002 
1373.191989 0.000002 
1371.724820 -0.000005 
1370.257652 0.000004 
1368.790484 0.000002 
1367.323315 0.000002 
1365.856147 0.000011 
1364.388979 0.000006 
1362.921811 0.000010 
1361.454642 0.000010 
1359.987474 0.000007 
1358.520306 0.000025 
1357.053137 0.000051 
1355.585969 0.000149 
1354.118801 0.000274 
1352.651632 0.000378 
1351.184464 0.000461 
1349.717296 0.000393 
1348.250128 0.000250 
1346.782959 0.000223 
1345.315791 0.000197 
1343.848623 0.000179 
1342.381454 0.000172 
1340.914286 0.000180 
1339.447118 0.000165 
1337.979950 0.000104 
1336.512781 0.000080 
1335.045613 0.000065 
1333.578445 0.000057 
1332.111276 0.000065 
1330.644108 0.000065 
1329.176940 0.000089 
1327.709772 0.000109 
1326.242603 0.000128 
1324.775435 0.000151 
1323.308267 0.000143 
1321.841098 0.000134 
1320.373930 0.000126 
1318.906762 0.000140 
1317.439594 0.000154 
1315.972425 0.000104 
1314.505257 0.000066 
1313.038089 0.000046 
1311.570920 0.000028 
1310.103752 0.000030 
1308.636584 0.000022 
1307.169416 0.000019 
1305.702247 0.000021 
1304.235079 0.000005 
1302.767911 0.000015 
1301.300742 0.000009 
1299.833574 0.000005 
1298.366406 0.000010 
1296.899237 -0.000001 
1295.432069 0.000008 
1293.964901 0.000005 
1292.497733 0.000003 
1291.030564 0.000009 
1289.563396 0.000001 
1288.096228 0.000004 
1286.629059 0.000006 
1285.161891 -0.000006 
1283.694723 -0.000000 
1282.227555 -0.000010 
1280.760386 -0.000006 
1279.293218 -0.000005 
1277.826050 -0.000018 
1276.358881 -0.000010 
1274.891713 -0.000006 
1273.424545 0.000033 
1271.957377 0.000102 
1270.490208 0.000155 
1269.023040 0.000214 
1267.555872 0.000242 
1266.088703 0.000259 
1264.621535 0.000262 
1263.154367 0.000231 
1261.687199 0.000250 
1260.220030 0.000356 
1258.752862 0.000487 
1257.285694 0.000578 
1255.818525 0.000574 
1254.351357 0.000501 
1252.884189 0.000366 
1251.417021 0.000195 
1249.949852 0.000075 
1248.482684 0.000017 
1247.015516 0.000011 
1245.548347 0.000007 
1244.081179 -0.000006 
1242.614011 0.000004 
1241.146842 -0.000004 
1239.679674 -0.000003 
1238.212506 -0.000000 
1236.745338 -0.000007 
1235.278169 0.000002 
1233.811001 -0.000016 
1232.343833 -0.000007 
1230.876664 -0.000001 
1229.409496 -0.000009 
1227.942328 0.000003 
1226.475160 -0.000000 
1225.007991 -0.000005 
1223.540823 0.000001 
1222.073655 -0.000008 
1220.606486 0.000002 
1219.139318 0.000004 
1217.672150 -0.000005 
1216.204982 0.000002 
1214.737813 -0.000011 
1213.270645 -0.000006 
1211.803477 -0.000006 
1210.336308 -0.000018 
1208.869140 -0.000008 
1207.401972 -0.000014 
1205.934804 -0.000007 
1204.467635 -0.000006 
1203.000467 -0.000013 
1201.533299 -0.000001 
1200.066130 -0.000007 
1198.598962 -0.000002 
1197.131794 0.000003 
1195.664626 -0.000007 
1194.197457 0.000008 
1192.730289 0.000002 
1191.263121 0.000001 
1189.795952 0.000008 
1188.328784 -0.000002 
1186.861616 0.000008 
1185.394447 0.000004 
1183.927279 0.000001 
1182.460111 0.000006 
1180.992943 -0.000004 
1179.525774 0.000007 
1178.058606 0.000006 
1176.591438 -0.000004 
1175.124269 0.000005 
1173.657101 -0.000001 
1172.189933 0.000005 
1170.722765 -0.000001 
1169.255596 -0.000013 
1167.788428 -0.000000 
1166.321260 -0.000011 
1164.854091 -0.000004 
1163.386923 0.000006 
1161.919755 0.000010 
1160.452587 0.000079 
1158.985418 0.000109 
1157.518250 0.000086 
1156.051082 0.000040 
1154.583913 0.000003 
1153.116745 0.000015 
1151.649577 0.000010 
1150.182409 0.000003 
1148.715240 0.000002 
1147.248072 -0.000008 
1145.780904 -0.000001 
1144.313735 -0.000004 
1142.846567 -0.000011 
1141.379399 -0.000006 
1139.912231 -0.000016 
1138.445062 -0.000004 
1136.977894 -0.000009 
1135.510726 -0.000016 
1134.043557 -0.000008 
1132.576389 -0.000016 
1131.109221 -0.000009 
1129.642052 -0.000008 
1128.174884 -0.000019 
1126.707716 -0.000006 
1125.240548 -0.000010 
1123.773379 -0.000005 
1122.306211 -0.000001 
1120.839043 -0.000007 
1119.371874 0.000005 
1117.904706 0.000003 
1116.437538 0.000014 
1114.970370 0.000042 
1113.503201 0.000066 
1112.036033 0.000109 
1110.568865 0.000123 
1109.101696 0.000126 
1107.634528 0.000114 
1106.167360 0.000074 
1104.700192 0.000038 
1103.233023 0.000006 
1101.765855 -0.000000 
1100.298687 0.000000 
1098.831518 -0.000009 
1097.364350 -0.000005 
1095.897182 -0.000017 
1094.430014 -0.000021 
1092.962845 0.000003 
1091.495677 0.000003 
1090.028509 -0.000004 
1088.561340 -0.000032 
1087.094172 -0.000043 
1085.627004 -0.000037 
1084.159836 -0.000047 
1082.692667 -0.000042 
1081.225499 -0.000043 
1079.758331 -0.000052 
1078.291162 -0.000036 
1076.823994 -0.000041 
1075.356826 -0.000025 
1073.889657 -0.000011 
1072.422489 0.000005 
1070.955321 0.000052 
1069.488153 0.000069 
1068.020984 0.000060 
1066.553816 0.000020 
1065.086648 -0.000019 
1063.619479 -0.000015 
1062.152311 -0.000007 
1060.685143 0.000019 
1059.217975 0.000051 
1057.750806 0.000056 
1056.283638 0.000057 
1054.816470 0.000018 
1053.349301 0.000002 
1051.882133 0.000038 
1050.414965 0.000069 
1048.947797 0.000133 
1047.480628 0.000211 
1046.013460 0.000318 
1044.546292 0.000467 
1043.079123 0.000554 
1041.611955 0.000621 
1040.144787 0.000617 
1038.677619 0.000550 
1037.210450 0.000487 
1035.743282 0.000441 
1034.276114 0.000454 
1032.808945 0.000505 
1031.341777 0.000608 
1029.874609 0.000757 
1028.407441 0.000838 
1026.940272 0.000897 
1025.473104 0.000956 
1024.005936 0.001097 
1022.538767 0.001518 
1021.071599 0.001759 
1019.604431 0.001685 
1018.137262 0.001339 
1016.670094 0.000875 
1015.202926 0.000534 
1013.735758 0.000284 
1012.268589 0.000146 
1010.801421 0.000086 
1009.334253 0.000035 
1007.867084 0.000030 
1006.399916 0.000015 
1004.932748 -0.000000 
1003.465580 0.000005 
1001.998411 -0.000016 
1000.531243 -0.000011 
999.064075 -0.000016 
997.596906 -0.000019 
996.129738 -0.000004 
994.662570 -0.000027 
993.195402 -0.000021 
991.728233 -0.000025 
990.261065 -0.000035 
988.793897 -0.000022 
987.326728 -0.000042 
985.859560 -0.000036 
984.392392 -0.000037 
982.925224 -0.000046 
981.458055 -0.000025 
979.990887 -0.000042 
978.523719 -0.000037 
977.056550 -0.000026 
975.589382 -0.000036 
974.122214 -0.000015 
972.655046 -0.000034 
971.187877 -0.000029 
969.720709 -0.000019 
968.253541 -0.000030 
966.786372 -0.000019 
965.319204 -0.000031 
963.852036 -0.000030 
962.384867 -0.000015 
960.917699 -0.000028 
959.450531 -0.000010 
957.983363 -0.000018 
956.516194 -0.000023 
955.049026 0.000004 
953.581858 -0.000012 
952.114689 0.000002 
950.647521 -0.000003 
949.180353 -0.000006 
947.713185 0.000013 
946.246016 -0.000003 
944.778848 0.000003 
943.311680 0.000002 
941.844511 -0.000010 
940.377343 0.000012 
938.910175 -0.000014 
937.443007 -0.000011 
935.975838 -0.000006 
934.508670 -0.000020 
933.041502 0.000002 
931.574333 -0.000014 
930.107165 -0.000016 
928.639997 -0.000004 
927.172829 -0.000012 
925.705660 0.000015 
924.238492 -0.000010 
922.771324 -0.000014 
921.304155 0.000003 
919.836987 -0.000013 
918.369819 0.000001 
916.902651 -0.000010 
915.435482 -0.000021 
913.968314 0.000002 
912.501146 -0.000015 
911.033977 0.000035 
909.566809 0.000144 
908.099641 0.000396 
906.632472 0.000817 
905.165304 0.001149 
903.698136 0.001326 
902.230968 0.001245 
900.763799 0.000951 
899.296631 0.000523 
897.829463 0.000114 
896.362294 0.000014 
894.895126 0.000014 
893.427958 -0.000010 
891.960790 0.000008 
890.493621 -0.000009 
889.026453 -0.000010 
887.559285 -0.000008 
886.092116 -0.000025 
884.624948 -0.000004 
883.157780 -0.000017 
881.690612 -0.000018 
880.223443 -0.000002 
878.756275 -0.000021 
877.289107 0.000003 
875.821938 -0.000011 
874.354770 -0.000021 
872.887602 0.000008 
871.420434 -0.000002 
869.953265 0.000065 
868.486097 0.000202 
867.018929 0.000522 
865.551760 0.001031 
864.084592 0.001619 
862.617424 0.002216 
861.150256 0.002456 
859.683087 0.001693 
858.215919 0.000509 
856.748751 0.000147 
855.281582 0.000057 
853.814414 0.000023 
852.347246 0.000001 
850.880077 0.000030 
849.412909 -0.000004 
847.945741 0.000004 
846.478573 0.000012 
845.011404 -0.000011 
843.544236 0.000014 
842.077068 -0.000010 
840.609899 -0.000009 
839.142731 0.000002 
837.675563 -0.000018 
836.208395 0.000010 
834.741226 -0.000004 
833.274058 -0.000003 
831.806890 0.000015 
830.339721 -0.000005 
828.872553 0.000021 
827.405385 0.000003 
825.938217 -0.000001 
824.471048 0.000026 
823.003880 0.000001 
821.536712 0.000023 
820.069543 0.000012 
818.602375 -0.000002 
817.135207 0.000012 
815.668039 -0.000006 
814.200870 0.000007 
812.733702 0.000003 
811.266534 -0.000021 
809.799365 0.000008 
808.332197 -0.000008 
806.865029 0.000007 
805.397861 0.000007 
803.930692 -0.000002 
802.463524 0.000033 
800.996356 0.000018 
799.529187 0.000034 
798.062019 0.000019 
796.594851 -0.000011 
795.127682 -0.000001 
793.660514 -0.000023 
792.193346 -0.000006 
790.726178 0.000019 
789.259009 0.000005 
787.791841 0.000071 
786.324673 0.000078 
784.857504 0.000082 
783.390336 0.000065 
781.923168 0.000010 
780.456000 0.000018 
778.988831 0.000009 
777.521663 0.000003 
776.054495 0.000018 
774.587326 -0.000004 
773.120158 0.000009 
771.652990 -0.000001 
770.185822 -0.000005 
768.718653 0.000016 
767.251485 -0.000011 
765.784317 0.000009 
764.317148 -0.000002 
762.849980 0.000008 
761.382812 0.000018 
759.915644 -0.000003 
758.448475 0.000017 
756.981307 0.000022 
755.514139 0.000017 
754.046970 0.000043 
752.579802 0.000003 
751.112634 0.000029 
749.645466 0.000028 
748.178297 0.000026 
746.711129 0.000042 
745.243961 0.000005 
743.776792 0.000032 
742.309624 0.000036 
740.842456 0.000023 
739.375287 0.000055 
737.908119 0.000025 
736.440951 0.000045 
734.973783 0.000047 
733.506614 0.000035 
732.039446 0.000062 
730.572278 0.000034 
729.105109 0.000037 
727.637941 0.000046 
726.170773 0.000025 
724.703605 0.000054 
723.236436 0.000037 
721.769268 0.000045 
720.302100 0.000055 
718.834931 0.000015 
717.367763 0.000054 
715.900595 0.000035 
714.433427 0.000040 
712.966258 0.000051 
711.499090 0.000034 
710.031922 0.000054 
708.564753 0.000040 
707.097585 0.000039 
705.630417 0.000065 
704.163249 0.000034 
702.696080 0.000051 
701.228912 0.000026 
699.761744 0.000020 
698.294575 0.000045 
696.827407 0.000016 
695.360239 0.000051 
693.893071 0.000028 
692.425902 0.000009 
690.958734 0.000066 
689.491566 0.000030 
688.024397 0.000062 
686.557229 0.000043 
685.090061 0.000024 
683.622892 0.000058 
682.155724 0.000027 
680.688556 0.000053 
679.221388 0.000072 
677.754219 0.000019 
676.287051 0.000046 
674.819883 0.000019 
673.352714 0.000047 
671.885546 0.000050 
670.418378 -0.000003 
668.951210 0.000049 
667.484041 0.000019 
666.016873 0.000020 
664.549705 0.000062 
663.082536 0.000029 
661.615368 0.000068 
660.148200 0.000020 
658.681032 0.000036 
657.213863 0.000061 
655.746695 0.000001 
654.279527 0.000055 
652.812358 0.000023 
651.345190 0.000022 
649.878022 0.000058 
648.410854 -0.000029 
646.943685 0.000032 
645.476517 0.000014 
644.009349 0.000007 
642.542180 0.000033 
641.075012 -0.000040 
639.607844 0.000024 
638.140676 -0.000008 
636.673507 -0.000017 
635.206339 0.000036 
633.739171 -0.000021 
632.272002 0.000018 
630.804834 -0.000064 
629.337666 -0.000058 
627.870497 -0.000010 
626.403329 -0.000065 
624.936161 -0.000012 
623.468993 -0.000025 
622.001824 -0.000062 
620.534656 -0.000030 
619.067488 -0.000065 
617.600319 -0.000031 
616.133151 -0.000037 
614.665983 -0.000061 
613.198815 0.000022 
611.731646 -0.000047 
610.264478 -0.000021 
608.797310 -0.000045 
607.330141 -0.000048 
605.862973 0.000015 
604.395805 0.000009 
602.928637 0.000124 
601.461468 0.000025 
599.994300 -0.000017 
