4000.100000 0.000111 
3998.899313 0.000119 
3997.698626 0.000118 
3996.497939 0.000106 
3995.297252 0.000089 
3994.096566 0.000076 
3992.895879 0.000061 
3991.695192 0.000039 
3990.494505 0.000015 
3989.293818 -0.000001 
3988.093131 -0.000000 
3986.892444 0.000009 
3985.691757 0.000018 
3984.491070 0.000021 
3983.290383 0.000012 
3982.089697 -0.000005 
3980.889010 -0.000026 
3979.688323 -0.000035 
3978.487636 -0.000030 
3977.286949 -0.000019 
3976.086262 -0.000010 
3974.885575 -0.000004 
3973.684888 -0.000002 
3972.484201 -0.000008 
3971.283515 -0.000021 
3970.082828 -0.000028 
3968.882141 -0.000029 
3967.681454 -0.000028 
3966.480767 -0.000023 
3965.280080 -0.000004 
3964.079393 0.000023 
3962.878706 0.000043 
3961.678019 0.000049 
3960.477332 0.000050 
3959.276646 0.000055 
3958.075959 0.000056 
3956.875272 0.000054 
3955.674585 0.000054 
3954.473898 0.000057 
3953.273211 0.000053 
3952.072524 0.000038 
3950.871837 0.000026 
3949.671150 0.000031 
3948.470463 0.000049 
3947.269777 0.000061 
3946.069090 0.000061 
3944.868403 0.000056 
3943.667716 0.000055 
3942.467029 0.000055 
3941.266342 0.000059 
3940.065655 0.000062 
3938.864968 0.000065 
3937.664281 0.000066 
3936.463595 0.000068 
3935.262908 0.000071 
3934.062221 0.000069 
3932.861534 0.000066 
3931.660847 0.000066 
3930.460160 0.000071 
3929.259473 0.000075 
3928.058786 0.000074 
3926.858099 0.000065 
3925.657412 0.000055 
3924.456726 0.000048 
3923.256039 0.000045 
3922.055352 0.000044 
3920.854665 0.000051 
3919.653978 0.000066 
3918.453291 0.000076 
3917.252604 0.000073 
3916.051917 0.000061 
3914.851230 0.000048 
3913.650544 0.000042 
3912.449857 0.000043 
3911.249170 0.000053 
3910.048483 0.000061 
3908.847796 0.000058 
3907.647109 0.000049 
3906.446422 0.000045 
3905.245735 0.000051 
3904.045048 0.000058 
3902.844361 0.000062 
3901.643675 0.000063 
3900.442988 0.000062 
3899.242301 0.000059 
3898.041614 0.000056 
3896.840927 0.000053 
3895.640240 0.000052 
3894.439553 0.000052 
3893.238866 0.000052 
3892.038179 0.000054 
3890.837492 0.000055 
3889.636806 0.000054 
3888.436119 0.000059 
3887.235432 0.000074 
3886.034745 0.000087 
3884.834058 0.000089 
3883.633371 0.000090 
3882.432684 0.000096 
3881.231997 0.000100 
3880.031310 0.000096 
3878.830624 0.000092 
3877.629937 0.000093 
3876.429250 0.000093 
3875.228563 0.000087 
3874.027876 0.000081 
3872.827189 0.000082 
3871.626502 0.000088 
3870.425815 0.000097 
3869.225128 0.000101 
3868.024441 0.000092 
3866.823755 0.000069 
3865.623068 0.000048 
3864.422381 0.000039 
3863.221694 0.000042 
3862.021007 0.000052 
3860.820320 0.000064 
3859.619633 0.000074 
3858.418946 0.000081 
3857.218259 0.000091 
3856.017573 0.000105 
3854.816886 0.000114 
3853.616199 0.000106 
3852.415512 0.000086 
3851.214825 0.000070 
3850.014138 0.000067 
3848.813451 0.000069 
3847.612764 0.000063 
3846.412077 0.000064 
3845.211390 0.000084 
3844.010704 0.000119 
3842.810017 0.000137 
3841.609330 0.000128 
3840.408643 0.000109 
3839.207956 0.000094 
3838.007269 0.000090 
3836.806582 0.000095 
3835.605895 0.000103 
3834.405208 0.000109 
3833.204522 0.000115 
3832.003835 0.000124 
3830.803148 0.000129 
3829.602461 0.000126 
3828.401774 0.000122 
3827.201087 0.000133 
3826.000400 0.000153 
3824.799713 0.000173 
3823.599026 0.000178 
3822.398339 0.000161 
3821.197653 0.000131 
3819.996966 0.000111 
3818.796279 0.000112 
3817.595592 0.000122 
3816.394905 0.000130 
3815.194218 0.000137 
3813.993531 0.000143 
3812.792844 0.000139 
3811.592157 0.000128 
3810.391470 0.000124 
3809.190784 0.000133 
3807.990097 0.000149 
3806.789410 0.000150 
3805.588723 0.000139 
3804.388036 0.000131 
3803.187349 0.000137 
3801.986662 0.000144 
3800.785975 0.000142 
3799.585288 0.000141 
3798.384602 0.000150 
3797.183915 0.000158 
3795.983228 0.000159 
3794.782541 0.000160 
3793.581854 0.000167 
3792.381167 0.000172 
3791.180480 0.000170 
3789.979793 0.000165 
3788.779106 0.000168 
3787.578419 0.000177 
3786.377733 0.000186 
3785.177046 0.000191 
3783.976359 0.000191 
3782.775672 0.000189 
3781.574985 0.000185 
3780.374298 0.000183 
3779.173611 0.000186 
3777.972924 0.000188 
3776.772237 0.000183 
3775.571551 0.000172 
3774.370864 0.000169 
3773.170177 0.000178 
3771.969490 0.000191 
3770.768803 0.000199 
3769.568116 0.000196 
3768.367429 0.000183 
3767.166742 0.000173 
3765.966055 0.000174 
3764.765368 0.000178 
3763.564682 0.000178 
3762.363995 0.000182 
3761.163308 0.000189 
3759.962621 0.000193 
3758.761934 0.000193 
3757.561247 0.000195 
3756.360560 0.000200 
3755.159873 0.000197 
3753.959186 0.000190 
3752.758499 0.000189 
3751.557813 0.000191 
3750.357126 0.000187 
3749.156439 0.000176 
3747.955752 0.000171 
3746.755065 0.000173 
3745.554378 0.000174 
3744.353691 0.000161 
3743.153004 0.000135 
3741.952317 0.000116 
3740.751631 0.000113 
3739.550944 0.000122 
3738.350257 0.000124 
3737.149570 0.000114 
3735.948883 0.000100 
3734.748196 0.000086 
3733.547509 0.000073 
3732.346822 0.000065 
3731.146135 0.000067 
3729.945448 0.000067 
3728.744762 0.000060 
3727.544075 0.000056 
3726.343388 0.000062 
3725.142701 0.000072 
3723.942014 0.000078 
3722.741327 0.000084 
3721.540640 0.000094 
3720.339953 0.000109 
3719.139266 0.000128 
3717.938580 0.000140 
3716.737893 0.000140 
3715.537206 0.000135 
3714.336519 0.000134 
3713.135832 0.000135 
3711.935145 0.000132 
3710.734458 0.000125 
3709.533771 0.000130 
3708.333084 0.000147 
3707.132397 0.000171 
3705.931711 0.000197 
3704.731024 0.000218 
3703.530337 0.000236 
3702.329650 0.000256 
3701.128963 0.000283 
3699.928276 0.000315 
3698.727589 0.000335 
3697.526902 0.000348 
3696.326215 0.000364 
3695.125529 0.000393 
3693.924842 0.000426 
3692.724155 0.000448 
3691.523468 0.000456 
3690.322781 0.000461 
3689.122094 0.000476 
3687.921407 0.000494 
3686.720720 0.000511 
3685.520033 0.000521 
3684.319346 0.000538 
3683.118660 0.000566 
3681.917973 0.000596 
3680.717286 0.000618 
3679.516599 0.000625 
3678.315912 0.000625 
3677.115225 0.000622 
3675.914538 0.000621 
3674.713851 0.000630 
3673.513164 0.000653 
3672.312477 0.000673 
3671.111791 0.000678 
3669.911104 0.000672 
3668.710417 0.000666 
3667.509730 0.000659 
3666.309043 0.000649 
3665.108356 0.000638 
3663.907669 0.000628 
3662.706982 0.000613 
3661.506295 0.000597 
3660.305609 0.000589 
3659.104922 0.000590 
3657.904235 0.000586 
3656.703548 0.000569 
3655.502861 0.000550 
3654.302174 0.000546 
3653.101487 0.000558 
3651.900800 0.000570 
3650.700113 0.000573 
3649.499426 0.000580 
3648.298740 0.000605 
3647.098053 0.000641 
3645.897366 0.000668 
3644.696679 0.000681 
3643.495992 0.000696 
3642.295305 0.000721 
3641.094618 0.000751 
3639.893931 0.000780 
3638.693244 0.000808 
3637.492558 0.000840 
3636.291871 0.000874 
3635.091184 0.000907 
3633.890497 0.000938 
3632.689810 0.000977 
3631.489123 0.001016 
3630.288436 0.001050 
3629.087749 0.001074 
3627.887062 0.001096 
3626.686375 0.001128 
3625.485689 0.001171 
3624.285002 0.001226 
3623.084315 0.001283 
3621.883628 0.001334 
3620.682941 0.001373 
3619.482254 0.001421 
3618.281567 0.001482 
3617.080880 0.001548 
3615.880193 0.001615 
3614.679507 0.001671 
3613.478820 0.001727 
3612.278133 0.001787 
3611.077446 0.001864 
3609.876759 0.001947 
3608.676072 0.002025 
3607.475385 0.002093 
3606.274698 0.002162 
3605.074011 0.002229 
3603.873324 0.002285 
3602.672638 0.002350 
3601.471951 0.002423 
3600.271264 0.002507 
3599.070577 0.002592 
3597.869890 0.002675 
3596.669203 0.002772 
3595.468516 0.002875 
3594.267829 0.002982 
3593.067142 0.003081 
3591.866455 0.003167 
3590.665769 0.003237 
3589.465082 0.003320 
3588.264395 0.003415 
3587.063708 0.003526 
3585.863021 0.003646 
3584.662334 0.003757 
3583.461647 0.003873 
3582.260960 0.003989 
3581.060273 0.004127 
3579.859587 0.004270 
3578.658900 0.004421 
3577.458213 0.004544 
3576.257526 0.004668 
3575.056839 0.004803 
3573.856152 0.004937 
3572.655465 0.005074 
3571.454778 0.005199 
3570.254091 0.005347 
3569.053404 0.005501 
3567.852718 0.005660 
3566.652031 0.005809 
3565.451344 0.005985 
3564.250657 0.006171 
3563.049970 0.006352 
3561.849283 0.006542 
3560.648596 0.006729 
3559.447909 0.006936 
3558.247222 0.007107 
3557.046536 0.007261 
3555.845849 0.007427 
3554.645162 0.007627 
3553.444475 0.007826 
3552.243788 0.008023 
3551.043101 0.008223 
3549.842414 0.008425 
3548.641727 0.008648 
3547.441040 0.008849 
3546.240353 0.009065 
3545.039667 0.009290 
3543.838980 0.009525 
3542.638293 0.009783 
3541.437606 0.010030 
3540.236919 0.010265 
3539.036232 0.010486 
3537.835545 0.010717 
3536.634858 0.010943 
3535.434171 0.011213 
3534.233484 0.011490 
3533.032798 0.011758 
3531.832111 0.012010 
3530.631424 0.012246 
3529.430737 0.012518 
3528.230050 0.012788 
3527.029363 0.013065 
3525.828676 0.013323 
3524.627989 0.013607 
3523.427302 0.013878 
3522.226616 0.014162 
3521.025929 0.014442 
3519.825242 0.014718 
3518.624555 0.015039 
3517.423868 0.015332 
3516.223181 0.015614 
3515.022494 0.015873 
3513.821807 0.016178 
3512.621120 0.016480 
3511.420433 0.016790 
3510.219747 0.017067 
3509.019060 0.017335 
3507.818373 0.017614 
3506.617686 0.017881 
3505.416999 0.018186 
3504.216312 0.018486 
3503.015625 0.018790 
3501.814938 0.019079 
3500.614251 0.019338 
3499.413565 0.019612 
3498.212878 0.019877 
3497.012191 0.020149 
3495.811504 0.020409 
3494.610817 0.020700 
3493.410130 0.020990 
3492.209443 0.021315 
3491.008756 0.021631 
3489.808069 0.021931 
3488.607382 0.022253 
3487.406696 0.022546 
3486.206009 0.022837 
3485.005322 0.023091 
3483.804635 0.023364 
3482.603948 0.023640 
3481.403261 0.023951 
3480.202574 0.024246 
3479.001887 0.024526 
3477.801200 0.024790 
3476.600514 0.025046 
3475.399827 0.025379 
3474.199140 0.025729 
3472.998453 0.026069 
3471.797766 0.026368 
3470.597079 0.026706 
3469.396392 0.027054 
3468.195705 0.027376 
3466.995018 0.027629 
3465.794331 0.027880 
3464.593645 0.028210 
3463.392958 0.028492 
3462.192271 0.028717 
3460.991584 0.028902 
3459.790897 0.029131 
3458.590210 0.029395 
3457.389523 0.029657 
3456.188836 0.029926 
3454.988149 0.030247 
3453.787462 0.030604 
3452.586776 0.030901 
3451.386089 0.031150 
3450.185402 0.031343 
3448.984715 0.031572 
3447.784028 0.031858 
3446.583341 0.032164 
3445.382654 0.032478 
3444.181967 0.032760 
3442.981280 0.033077 
3441.780594 0.033429 
3440.579907 0.033769 
3439.379220 0.033966 
3438.178533 0.034098 
3436.977846 0.034247 
3435.777159 0.034470 
3434.576472 0.034759 
3433.375785 0.035035 
3432.175098 0.035303 
3430.974411 0.035525 
3429.773725 0.035771 
3428.573038 0.036048 
3427.372351 0.036367 
3426.171664 0.036606 
3424.970977 0.036787 
3423.770290 0.036980 
3422.569603 0.037220 
3421.368916 0.037529 
3420.168229 0.037814 
3418.967543 0.038068 
3417.766856 0.038215 
3416.566169 0.038215 
3415.365482 0.038152 
3414.164795 0.038162 
3412.964108 0.038311 
3411.763421 0.038567 
3410.562734 0.038901 
3409.362047 0.039220 
3408.161360 0.039518 
3406.960674 0.039721 
3405.759987 0.039852 
3404.559300 0.039976 
3403.358613 0.040092 
3402.157926 0.040196 
3400.957239 0.040280 
3399.756552 0.040421 
3398.555865 0.040633 
3397.355178 0.040901 
3396.154491 0.041096 
3394.953805 0.041203 
3393.753118 0.041252 
3392.552431 0.041336 
3391.351744 0.041551 
3390.151057 0.041778 
3388.950370 0.041905 
3387.749683 0.041888 
3386.548996 0.041856 
3385.348309 0.041951 
3384.147623 0.042181 
3382.946936 0.042418 
3381.746249 0.042539 
3380.545562 0.042537 
3379.344875 0.042506 
3378.144188 0.042557 
3376.943501 0.042763 
3375.742814 0.043037 
3374.542127 0.043208 
3373.341440 0.043160 
3372.140754 0.043025 
3370.940067 0.043057 
3369.739380 0.043306 
3368.538693 0.043548 
3367.338006 0.043602 
3366.137319 0.043565 
3364.936632 0.043640 
3363.735945 0.043845 
3362.535258 0.044052 
3361.334572 0.044268 
3360.133885 0.044497 
3358.933198 0.044676 
3357.732511 0.044752 
3356.531824 0.044786 
3355.331137 0.044844 
3354.130450 0.044907 
3352.929763 0.044961 
3351.729076 0.045054 
3350.528389 0.045191 
3349.327703 0.045294 
3348.127016 0.045261 
3346.926329 0.045024 
3345.725642 0.044731 
3344.524955 0.044607 
3343.324268 0.044735 
3342.123581 0.044958 
3340.922894 0.045151 
3339.722207 0.045341 
3338.521521 0.045553 
3337.320834 0.045691 
3336.120147 0.045736 
3334.919460 0.045852 
3333.718773 0.046106 
3332.518086 0.046326 
3331.317399 0.046299 
3330.116712 0.046085 
3328.916025 0.045879 
3327.715338 0.045914 
3326.514652 0.046194 
3325.313965 0.046499 
3324.113278 0.046688 
3322.912591 0.046735 
3321.711904 0.046809 
3320.511217 0.046929 
3319.310530 0.047023 
3318.109843 0.046967 
3316.909156 0.046792 
3315.708469 0.046605 
3314.507783 0.046537 
3313.307096 0.046577 
3312.106409 0.046604 
3310.905722 0.046574 
3309.705035 0.046548 
3308.504348 0.046614 
3307.303661 0.046797 
3306.102974 0.046996 
3304.902287 0.047155 
3303.701601 0.047219 
3302.500914 0.047253 
3301.300227 0.047283 
3300.099540 0.047329 
3298.898853 0.047414 
3297.698166 0.047540 
3296.497479 0.047631 
3295.296792 0.047623 
3294.096105 0.047547 
3292.895418 0.047525 
3291.694732 0.047532 
3290.494045 0.047482 
3289.293358 0.047344 
3288.092671 0.047211 
3286.891984 0.047086 
3285.691297 0.046903 
3284.490610 0.046689 
3283.289923 0.046519 
3282.089236 0.046380 
3280.888550 0.046167 
3279.687863 0.045908 
3278.487176 0.045790 
3277.286489 0.045911 
3276.085802 0.046131 
3274.885115 0.046222 
3273.684428 0.046081 
3272.483741 0.045813 
3271.283054 0.045599 
3270.082367 0.045533 
3268.881681 0.045521 
3267.680994 0.045381 
3266.480307 0.045164 
3265.279620 0.045049 
3264.078933 0.045019 
3262.878246 0.044893 
3261.677559 0.044689 
3260.476872 0.044603 
3259.276185 0.044654 
3258.075498 0.044616 
3256.874812 0.044388 
3255.674125 0.044113 
3254.473438 0.044112 
3253.272751 0.043989 
3252.072064 0.043793 
3250.871377 0.043770 
3249.670690 0.044110 
3248.470003 0.044535 
3247.269316 0.044701 
3246.068630 0.044649 
3244.867943 0.044551 
3243.667256 0.044426 
3242.466569 0.044264 
3241.265882 0.044161 
3240.065195 0.044173 
3238.864508 0.044401 
3237.663821 0.044646 
3236.463134 0.044911 
3235.262447 0.045110 
3234.061761 0.045152 
3232.861074 0.045207 
3231.660387 0.045366 
3230.459700 0.045500 
3229.259013 0.045498 
3228.058326 0.045560 
3226.857639 0.045806 
3225.656952 0.046010 
3224.456265 0.045974 
3223.255579 0.045898 
3222.054892 0.046005 
3220.854205 0.046108 
3219.653518 0.046039 
3218.452831 0.045981 
3217.252144 0.046081 
3216.051457 0.046200 
3214.850770 0.046094 
3213.650083 0.045868 
3212.449396 0.045685 
3211.248710 0.045565 
3210.048023 0.045397 
3208.847336 0.045210 
3207.646649 0.045102 
3206.445962 0.045173 
3205.245275 0.045319 
3204.044588 0.045342 
3202.843901 0.045214 
3201.643214 0.045036 
3200.442528 0.044903 
3199.241841 0.044808 
3198.041154 0.044712 
3196.840467 0.044514 
3195.639780 0.044202 
3194.439093 0.043843 
3193.238406 0.043536 
3192.037719 0.043339 
3190.837032 0.043280 
3189.636345 0.043226 
3188.435659 0.043035 
3187.234972 0.042689 
3186.034285 0.042309 
3184.833598 0.042088 
3183.632911 0.041898 
3182.432224 0.041626 
3181.231537 0.041300 
3180.030850 0.041033 
3178.830163 0.040829 
3177.629476 0.040602 
3176.428790 0.040376 
3175.228103 0.040202 
3174.027416 0.040027 
3172.826729 0.039710 
3171.626042 0.039297 
3170.425355 0.038948 
3169.224668 0.038740 
3168.023981 0.038581 
3166.823294 0.038321 
3165.622608 0.038017 
3164.421921 0.037720 
3163.221234 0.037418 
3162.020547 0.037027 
3160.819860 0.036699 
3159.619173 0.036428 
3158.418486 0.036167 
3157.217799 0.035874 
3156.017112 0.035558 
3154.816425 0.035276 
3153.615739 0.034945 
3152.415052 0.034611 
3151.214365 0.034302 
3150.013678 0.034045 
3148.812991 0.033748 
3147.612304 0.033443 
3146.411617 0.033165 
3145.210930 0.032879 
3144.010243 0.032559 
3142.809557 0.032173 
3141.608870 0.031865 
3140.408183 0.031585 
3139.207496 0.031250 
3138.006809 0.030834 
3136.806122 0.030488 
3135.605435 0.030228 
3134.404748 0.030018 
3133.204061 0.029805 
3132.003374 0.029517 
3130.802688 0.029188 
3129.602001 0.028816 
3128.401314 0.028478 
3127.200627 0.028174 
3125.999940 0.027830 
3124.799253 0.027473 
3123.598566 0.027156 
3122.397879 0.026888 
3121.197192 0.026593 
3119.996506 0.026281 
3118.795819 0.025932 
3117.595132 0.025621 
3116.394445 0.025329 
3115.193758 0.025041 
3113.993071 0.024772 
3112.792384 0.024476 
3111.591697 0.024186 
3110.391010 0.023864 
3109.190323 0.023537 
3107.989637 0.023194 
3106.788950 0.022922 
3105.588263 0.022666 
3104.387576 0.022402 
3103.186889 0.022115 
3101.986202 0.021778 
3100.785515 0.021468 
3099.584828 0.021146 
3098.384141 0.020840 
3097.183454 0.020500 
3095.982768 0.020177 
3094.782081 0.019846 
3093.581394 0.019558 
3092.380707 0.019293 
3091.180020 0.019018 
3089.979333 0.018751 
3088.778646 0.018453 
3087.577959 0.018178 
3086.377272 0.017894 
3085.176586 0.017615 
3083.975899 0.017356 
3082.775212 0.017077 
3081.574525 0.016804 
3080.373838 0.016529 
3079.173151 0.016270 
3077.972464 0.016001 
3076.771777 0.015764 
3075.571090 0.015520 
3074.370403 0.015272 
3073.169717 0.015012 
3071.969030 0.014738 
3070.768343 0.014497 
3069.567656 0.014238 
3068.366969 0.013984 
3067.166282 0.013725 
3065.965595 0.013507 
3064.764908 0.013296 
3063.564221 0.013100 
3062.363535 0.012882 
3061.162848 0.012645 
3059.962161 0.012425 
3058.761474 0.012206 
3057.560787 0.012008 
3056.360100 0.011788 
3055.159413 0.011568 
3053.958726 0.011359 
3052.758039 0.011183 
3051.557352 0.010993 
3050.356666 0.010793 
3049.155979 0.010600 
3047.955292 0.010404 
3046.754605 0.010227 
3045.553918 0.010046 
3044.353231 0.009884 
3043.152544 0.009722 
3041.951857 0.009549 
3040.751170 0.009374 
3039.550483 0.009212 
3038.349797 0.009049 
3037.149110 0.008878 
3035.948423 0.008718 
3034.747736 0.008560 
3033.547049 0.008430 
3032.346362 0.008293 
3031.145675 0.008147 
3029.944988 0.008011 
3028.744301 0.007888 
3027.543615 0.007783 
3026.342928 0.007673 
3025.142241 0.007564 
3023.941554 0.007456 
3022.740867 0.007365 
3021.540180 0.007272 
3020.339493 0.007181 
3019.138806 0.007096 
3017.938119 0.007023 
3016.737432 0.006961 
3015.536746 0.006887 
3014.336059 0.006806 
3013.135372 0.006726 
3011.934685 0.006663 
3010.733998 0.006590 
3009.533311 0.006499 
3008.332624 0.006385 
3007.131937 0.006267 
3005.931250 0.006162 
3004.730564 0.006044 
3003.529877 0.005919 
3002.329190 0.005773 
3001.128503 0.005626 
2999.927816 0.005484 
2998.727129 0.005365 
2997.526442 0.005252 
2996.325755 0.005150 
2995.125068 0.005058 
2993.924381 0.004968 
2992.723695 0.004888 
2991.523008 0.004803 
2990.322321 0.004728 
2989.121634 0.004664 
2987.920947 0.004609 
2986.720260 0.004560 
2985.519573 0.004503 
2984.318886 0.004446 
2983.118199 0.004388 
2981.917513 0.004333 
2980.716826 0.004276 
2979.516139 0.004230 
2978.315452 0.004187 
2977.114765 0.004147 
2975.914078 0.004105 
2974.713391 0.004051 
2973.512704 0.003997 
2972.312017 0.003945 
2971.111330 0.003899 
2969.910644 0.003843 
2968.709957 0.003781 
2967.509270 0.003715 
2966.308583 0.003654 
2965.107896 0.003592 
2963.907209 0.003524 
2962.706522 0.003465 
2961.505835 0.003410 
2960.305148 0.003360 
2959.104461 0.003307 
2957.903775 0.003255 
2956.703088 0.003207 
2955.502401 0.003163 
2954.301714 0.003110 
2953.101027 0.003056 
2951.900340 0.003013 
2950.699653 0.002980 
2949.498966 0.002954 
2948.298279 0.002923 
2947.097593 0.002892 
2945.896906 0.002865 
2944.696219 0.002836 
2943.495532 0.002808 
2942.294845 0.002783 
2941.094158 0.002763 
2939.893471 0.002744 
2938.692784 0.002727 
2937.492097 0.002710 
2936.291410 0.002702 
2935.090724 0.002696 
2933.890037 0.002689 
2932.689350 0.002684 
2931.488663 0.002683 
2930.287976 0.002679 
2929.087289 0.002665 
2927.886602 0.002646 
2926.685915 0.002630 
2925.485228 0.002619 
2924.284542 0.002599 
2923.083855 0.002567 
2921.883168 0.002530 
2920.682481 0.002491 
2919.481794 0.002455 
2918.281107 0.002414 
2917.080420 0.002365 
2915.879733 0.002308 
2914.679046 0.002261 
2913.478359 0.002218 
2912.277673 0.002178 
2911.076986 0.002139 
2909.876299 0.002104 
2908.675612 0.002077 
2907.474925 0.002047 
2906.274238 0.002022 
2905.073551 0.001999 
2903.872864 0.001976 
2902.672177 0.001953 
2901.471490 0.001936 
2900.270804 0.001921 
2899.070117 0.001906 
2897.869430 0.001890 
2896.668743 0.001872 
2895.468056 0.001854 
2894.267369 0.001833 
2893.066682 0.001813 
2891.865995 0.001792 
2890.665308 0.001768 
2889.464622 0.001751 
2888.263935 0.001745 
2887.063248 0.001739 
2885.862561 0.001719 
2884.661874 0.001697 
2883.461187 0.001680 
2882.260500 0.001667 
2881.059813 0.001652 
2879.859126 0.001638 
2878.658439 0.001632 
2877.457753 0.001624 
2876.257066 0.001607 
2875.056379 0.001584 
2873.855692 0.001568 
2872.655005 0.001564 
2871.454318 0.001562 
2870.253631 0.001554 
2869.052944 0.001537 
2867.852257 0.001520 
2866.651571 0.001505 
2865.450884 0.001496 
2864.250197 0.001487 
2863.049510 0.001477 
2861.848823 0.001462 
2860.648136 0.001445 
2859.447449 0.001433 
2858.246762 0.001426 
2857.046075 0.001421 
2855.845388 0.001413 
2854.644702 0.001401 
2853.444015 0.001380 
2852.243328 0.001358 
2851.042641 0.001339 
2849.841954 0.001330 
2848.641267 0.001328 
2847.440580 0.001322 
2846.239893 0.001308 
2845.039206 0.001288 
2843.838520 0.001269 
2842.637833 0.001257 
2841.437146 0.001252 
2840.236459 0.001245 
2839.035772 0.001230 
2837.835085 0.001210 
2836.634398 0.001194 
2835.433711 0.001186 
2834.233024 0.001181 
2833.032337 0.001175 
2831.831651 0.001166 
2830.630964 0.001157 
2829.430277 0.001147 
2828.229590 0.001138 
2827.028903 0.001131 
2825.828216 0.001127 
2824.627529 0.001121 
2823.426842 0.001109 
2822.226155 0.001095 
2821.025468 0.001082 
2819.824782 0.001072 
2818.624095 0.001062 
2817.423408 0.001051 
2816.222721 0.001039 
2815.022034 0.001029 
2813.821347 0.001022 
2812.620660 0.001014 
2811.419973 0.001004 
2810.219286 0.000992 
2809.018600 0.000982 
2807.817913 0.000974 
2806.617226 0.000966 
2805.416539 0.000957 
2804.215852 0.000953 
2803.015165 0.000951 
2801.814478 0.000949 
2800.613791 0.000943 
2799.413104 0.000935 
2798.212417 0.000929 
2797.011731 0.000923 
2795.811044 0.000915 
2794.610357 0.000905 
2793.409670 0.000893 
2792.208983 0.000884 
2791.008296 0.000878 
2789.807609 0.000872 
2788.606922 0.000864 
2787.406235 0.000858 
2786.205549 0.000855 
2785.004862 0.000855 
2783.804175 0.000852 
2782.603488 0.000844 
2781.402801 0.000834 
2780.202114 0.000822 
2779.001427 0.000813 
2777.800740 0.000808 
2776.600053 0.000805 
2775.399366 0.000799 
2774.198680 0.000786 
2772.997993 0.000769 
2771.797306 0.000756 
2770.596619 0.000753 
2769.395932 0.000759 
2768.195245 0.000759 
2766.994558 0.000750 
2765.793871 0.000735 
2764.593184 0.000720 
2763.392497 0.000708 
2762.191811 0.000701 
2760.991124 0.000698 
2759.790437 0.000696 
2758.589750 0.000691 
2757.389063 0.000683 
2756.188376 0.000672 
2754.987689 0.000664 
2753.787002 0.000656 
2752.586315 0.000646 
2751.385629 0.000637 
2750.184942 0.000631 
2748.984255 0.000626 
2747.783568 0.000618 
2746.582881 0.000609 
2745.382194 0.000601 
2744.181507 0.000597 
2742.980820 0.000594 
2741.780133 0.000589 
2740.579446 0.000583 
2739.378760 0.000578 
2738.178073 0.000573 
2736.977386 0.000567 
2735.776699 0.000562 
2734.576012 0.000559 
2733.375325 0.000559 
2732.174638 0.000558 
2730.973951 0.000553 
2729.773264 0.000544 
2728.572578 0.000538 
2727.371891 0.000533 
2726.171204 0.000523 
2724.970517 0.000512 
2723.769830 0.000505 
2722.569143 0.000502 
2721.368456 0.000495 
2720.167769 0.000483 
2718.967082 0.000475 
2717.766395 0.000478 
2716.565709 0.000486 
2715.365022 0.000493 
2714.164335 0.000491 
2712.963648 0.000481 
2711.762961 0.000464 
2710.562274 0.000447 
2709.361587 0.000440 
2708.160900 0.000439 
2706.960213 0.000437 
2705.759527 0.000430 
2704.558840 0.000421 
2703.358153 0.000415 
2702.157466 0.000410 
2700.956779 0.000408 
2699.756092 0.000406 
2698.555405 0.000406 
2697.354718 0.000405 
2696.154031 0.000399 
2694.953344 0.000390 
2693.752658 0.000382 
2692.551971 0.000378 
2691.351284 0.000376 
2690.150597 0.000372 
2688.949910 0.000366 
2687.749223 0.000358 
2686.548536 0.000352 
2685.347849 0.000347 
2684.147162 0.000343 
2682.946475 0.000337 
2681.745789 0.000330 
2680.545102 0.000325 
2679.344415 0.000324 
2678.143728 0.000325 
2676.943041 0.000327 
2675.742354 0.000326 
2674.541667 0.000320 
2673.340980 0.000310 
2672.140293 0.000301 
2670.939607 0.000300 
2669.738920 0.000304 
2668.538233 0.000304 
2667.337546 0.000301 
2666.136859 0.000294 
2664.936172 0.000288 
2663.735485 0.000283 
2662.534798 0.000281 
2661.334111 0.000282 
2660.133424 0.000279 
2658.932738 0.000273 
2657.732051 0.000266 
2656.531364 0.000261 
2655.330677 0.000256 
2654.129990 0.000249 
2652.929303 0.000240 
2651.728616 0.000238 
2650.527929 0.000241 
2649.327242 0.000242 
2648.126556 0.000236 
2646.925869 0.000228 
2645.725182 0.000227 
2644.524495 0.000232 
2643.323808 0.000233 
2642.123121 0.000225 
2640.922434 0.000216 
2639.721747 0.000213 
2638.521060 0.000216 
2637.320373 0.000219 
2636.119687 0.000219 
2634.919000 0.000217 
2633.718313 0.000212 
2632.517626 0.000206 
2631.316939 0.000201 
2630.116252 0.000201 
2628.915565 0.000203 
2627.714878 0.000203 
2626.514191 0.000200 
2625.313505 0.000198 
2624.112818 0.000200 
2622.912131 0.000202 
2621.711444 0.000198 
2620.510757 0.000189 
2619.310070 0.000184 
2618.109383 0.000188 
2616.908696 0.000193 
2615.708009 0.000195 
2614.507322 0.000194 
2613.306636 0.000190 
2612.105949 0.000183 
2610.905262 0.000177 
2609.704575 0.000176 
2608.503888 0.000180 
2607.303201 0.000188 
2606.102514 0.000189 
2604.901827 0.000186 
2603.701140 0.000187 
2602.500453 0.000194 
2601.299767 0.000198 
2600.099080 0.000194 
2598.898393 0.000186 
2597.697706 0.000185 
2596.497019 0.000189 
2595.296332 0.000192 
2594.095645 0.000194 
2592.894958 0.000195 
2591.694271 0.000195 
2590.493585 0.000192 
2589.292898 0.000185 
2588.092211 0.000177 
2586.891524 0.000171 
2585.690837 0.000167 
2584.490150 0.000163 
2583.289463 0.000158 
2582.088776 0.000157 
2580.888089 0.000161 
2579.687402 0.000162 
2578.486716 0.000156 
2577.286029 0.000149 
2576.085342 0.000148 
2574.884655 0.000151 
2573.683968 0.000152 
2572.483281 0.000149 
2571.282594 0.000148 
2570.081907 0.000149 
2568.881220 0.000148 
2567.680534 0.000145 
2566.479847 0.000140 
2565.279160 0.000136 
2564.078473 0.000136 
2562.877786 0.000138 
2561.677099 0.000139 
2560.476412 0.000138 
2559.275725 0.000137 
2558.075038 0.000140 
2556.874351 0.000142 
2555.673665 0.000143 
2554.472978 0.000143 
2553.272291 0.000145 
2552.071604 0.000147 
2550.870917 0.000146 
2549.670230 0.000141 
2548.469543 0.000133 
2547.268856 0.000129 
2546.068169 0.000131 
2544.867482 0.000140 
2543.666796 0.000146 
2542.466109 0.000151 
2541.265422 0.000154 
2540.064735 0.000155 
2538.864048 0.000154 
2537.663361 0.000152 
2536.462674 0.000150 
2535.261987 0.000152 
2534.061300 0.000156 
2532.860614 0.000164 
2531.659927 0.000172 
2530.459240 0.000174 
2529.258553 0.000171 
2528.057866 0.000165 
2526.857179 0.000162 
2525.656492 0.000160 
2524.455805 0.000162 
2523.255118 0.000168 
2522.054431 0.000172 
2520.853745 0.000174 
2519.653058 0.000175 
2518.452371 0.000177 
2517.251684 0.000180 
2516.050997 0.000184 
2514.850310 0.000188 
2513.649623 0.000190 
2512.448936 0.000192 
2511.248249 0.000196 
2510.047563 0.000204 
2508.846876 0.000211 
2507.646189 0.000214 
2506.445502 0.000214 
2505.244815 0.000211 
2504.044128 0.000209 
2502.843441 0.000208 
2501.642754 0.000209 
2500.442067 0.000212 
2499.241380 0.000214 
2498.040694 0.000215 
2496.840007 0.000216 
2495.639320 0.000220 
2494.438633 0.000227 
2493.237946 0.000232 
2492.037259 0.000234 
2490.836572 0.000235 
2489.635885 0.000239 
2488.435198 0.000242 
2487.234512 0.000244 
2486.033825 0.000246 
2484.833138 0.000247 
2483.632451 0.000248 
2482.431764 0.000248 
2481.231077 0.000248 
2480.030390 0.000250 
2478.829703 0.000252 
2477.629016 0.000253 
2476.428329 0.000252 
2475.227643 0.000252 
2474.026956 0.000251 
2472.826269 0.000251 
2471.625582 0.000252 
2470.424895 0.000254 
2469.224208 0.000254 
2468.023521 0.000257 
2466.822834 0.000263 
2465.622147 0.000272 
2464.421460 0.000279 
2463.220774 0.000283 
2462.020087 0.000284 
2460.819400 0.000287 
2459.618713 0.000292 
2458.418026 0.000298 
2457.217339 0.000303 
2456.016652 0.000308 
2454.815965 0.000314 
2453.615278 0.000322 
2452.414592 0.000331 
2451.213905 0.000338 
2450.013218 0.000339 
2448.812531 0.000337 
2447.611844 0.000333 
2446.411157 0.000330 
2445.210470 0.000330 
2444.009783 0.000334 
2442.809096 0.000337 
2441.608409 0.000338 
2440.407723 0.000337 
2439.207036 0.000339 
2438.006349 0.000341 
2436.805662 0.000341 
2435.604975 0.000338 
2434.404288 0.000335 
2433.203601 0.000337 
2432.002914 0.000340 
2430.802227 0.000345 
2429.601541 0.000349 
2428.400854 0.000352 
2427.200167 0.000354 
2425.999480 0.000354 
2424.798793 0.000355 
2423.598106 0.000357 
2422.397419 0.000360 
2421.196732 0.000363 
2419.996045 0.000363 
2418.795358 0.000363 
2417.594672 0.000365 
2416.393985 0.000368 
2415.193298 0.000370 
2413.992611 0.000371 
2412.791924 0.000372 
2411.591237 0.000373 
2410.390550 0.000372 
2409.189863 0.000371 
2407.989176 0.000371 
2406.788489 0.000375 
2405.587803 0.000380 
2404.387116 0.000383 
2403.186429 0.000382 
2401.985742 0.000380 
2400.785055 0.000383 
2399.584368 0.000390 
2398.383681 0.000396 
2397.182994 0.000397 
2395.982307 0.000400 
2394.781621 0.000402 
2393.580934 0.000403 
2392.380247 0.000403 
2391.179560 0.000404 
2389.978873 0.000408 
2388.778186 0.000410 
2387.577499 0.000408 
2386.376812 0.000400 
2385.176125 0.000384 
2383.975438 0.000358 
2382.774752 0.000319 
2381.574065 0.000272 
2380.373378 0.000213 
2379.172691 0.000144 
2377.972004 0.000064 
2376.771317 -0.000034 
2375.570630 -0.000133 
2374.369943 -0.000230 
2373.169256 -0.000319 
2371.968570 -0.000407 
2370.767883 -0.000480 
2369.567196 -0.000553 
2368.366509 -0.000621 
2367.165822 -0.000684 
2365.965135 -0.000741 
2364.764448 -0.000788 
2363.563761 -0.000830 
2362.363074 -0.000853 
2361.162387 -0.000865 
2359.961701 -0.000867 
2358.761014 -0.000860 
2357.560327 -0.000836 
2356.359640 -0.000792 
2355.158953 -0.000728 
2353.958266 -0.000651 
2352.757579 -0.000541 
2351.556892 -0.000405 
2350.356205 -0.000239 
2349.155519 -0.000110 
2347.954832 -0.000080 
2346.754145 -0.000152 
2345.553458 -0.000253 
2344.352771 -0.000311 
2343.152084 -0.000314 
2341.951397 -0.000308 
2340.750710 -0.000317 
2339.550023 -0.000340 
2338.349336 -0.000365 
2337.148650 -0.000381 
2335.947963 -0.000380 
2334.747276 -0.000367 
2333.546589 -0.000351 
2332.345902 -0.000339 
2331.145215 -0.000328 
2329.944528 -0.000308 
2328.743841 -0.000272 
2327.543154 -0.000227 
2326.342467 -0.000183 
2325.141781 -0.000153 
2323.941094 -0.000134 
2322.740407 -0.000113 
2321.539720 -0.000085 
2320.339033 -0.000041 
2319.138346 0.000011 
2317.937659 0.000070 
2316.736972 0.000120 
2315.536285 0.000168 
2314.335599 0.000211 
2313.134912 0.000255 
2311.934225 0.000299 
2310.733538 0.000340 
2309.532851 0.000383 
2308.332164 0.000423 
2307.131477 0.000463 
2305.930790 0.000499 
2304.730103 0.000533 
2303.529416 0.000566 
2302.328730 0.000601 
2301.128043 0.000633 
2299.927356 0.000655 
2298.726669 0.000674 
2297.525982 0.000693 
2296.325295 0.000716 
2295.124608 0.000737 
2293.923921 0.000754 
2292.723234 0.000770 
2291.522548 0.000787 
2290.321861 0.000805 
2289.121174 0.000823 
2287.920487 0.000843 
2286.719800 0.000859 
2285.519113 0.000871 
2284.318426 0.000879 
2283.117739 0.000887 
2281.917052 0.000898 
2280.716365 0.000909 
2279.515679 0.000921 
2278.314992 0.000931 
2277.114305 0.000939 
2275.913618 0.000947 
2274.712931 0.000953 
2273.512244 0.000957 
2272.311557 0.000963 
2271.110870 0.000972 
2269.910183 0.000983 
2268.709496 0.000992 
2267.508810 0.001000 
2266.308123 0.001008 
2265.107436 0.001015 
2263.906749 0.001021 
2262.706062 0.001028 
2261.505375 0.001035 
2260.304688 0.001041 
2259.104001 0.001047 
2257.903314 0.001056 
2256.702628 0.001067 
2255.501941 0.001080 
2254.301254 0.001090 
2253.100567 0.001098 
2251.899880 0.001103 
2250.699193 0.001108 
2249.498506 0.001115 
2248.297819 0.001125 
2247.097132 0.001136 
2245.896445 0.001145 
2244.695759 0.001153 
2243.495072 0.001160 
2242.294385 0.001168 
2241.093698 0.001177 
2239.893011 0.001187 
2238.692324 0.001194 
2237.491637 0.001200 
2236.290950 0.001208 
2235.090263 0.001219 
2233.889577 0.001232 
2232.688890 0.001241 
2231.488203 0.001244 
2230.287516 0.001245 
2229.086829 0.001247 
2227.886142 0.001251 
2226.685455 0.001254 
2225.484768 0.001259 
2224.284081 0.001265 
2223.083394 0.001272 
2221.882708 0.001277 
2220.682021 0.001282 
2219.481334 0.001286 
2218.280647 0.001287 
2217.079960 0.001286 
2215.879273 0.001284 
2214.678586 0.001287 
2213.477899 0.001293 
2212.277212 0.001300 
2211.076526 0.001306 
2209.875839 0.001311 
2208.675152 0.001314 
2207.474465 0.001315 
2206.273778 0.001315 
2205.073091 0.001316 
2203.872404 0.001318 
2202.671717 0.001320 
2201.471030 0.001321 
2200.270343 0.001322 
2199.069657 0.001322 
2197.868970 0.001322 
2196.668283 0.001322 
2195.467596 0.001322 
2194.266909 0.001321 
2193.066222 0.001319 
2191.865535 0.001317 
2190.664848 0.001317 
2189.464161 0.001319 
2188.263474 0.001320 
2187.062788 0.001319 
2185.862101 0.001316 
2184.661414 0.001314 
2183.460727 0.001313 
2182.260040 0.001312 
2181.059353 0.001310 
2179.858666 0.001304 
2178.657979 0.001300 
2177.457292 0.001298 
2176.256606 0.001300 
2175.055919 0.001298 
2173.855232 0.001291 
2172.654545 0.001283 
2171.453858 0.001277 
2170.253171 0.001272 
2169.052484 0.001265 
2167.851797 0.001259 
2166.651110 0.001254 
2165.450423 0.001249 
2164.249737 0.001240 
2163.049050 0.001230 
2161.848363 0.001220 
2160.647676 0.001211 
2159.446989 0.001203 
2158.246302 0.001194 
2157.045615 0.001184 
2155.844928 0.001173 
2154.644241 0.001163 
2153.443555 0.001152 
2152.242868 0.001138 
2151.042181 0.001125 
2149.841494 0.001117 
2148.640807 0.001112 
2147.440120 0.001103 
2146.239433 0.001091 
2145.038746 0.001076 
2143.838059 0.001059 
2142.637372 0.001042 
2141.436686 0.001026 
2140.235999 0.001012 
2139.035312 0.000998 
2137.834625 0.000984 
2136.633938 0.000967 
2135.433251 0.000950 
2134.232564 0.000933 
2133.031877 0.000917 
2131.831190 0.000902 
2130.630504 0.000887 
2129.429817 0.000873 
2128.229130 0.000861 
2127.028443 0.000851 
2125.827756 0.000839 
2124.627069 0.000825 
2123.426382 0.000810 
2122.225695 0.000797 
2121.025008 0.000781 
2119.824321 0.000765 
2118.623635 0.000749 
2117.422948 0.000736 
2116.222261 0.000726 
2115.021574 0.000715 
2113.820887 0.000703 
2112.620200 0.000691 
2111.419513 0.000682 
2110.218826 0.000671 
2109.018139 0.000656 
2107.817452 0.000639 
2106.616766 0.000624 
2105.416079 0.000613 
2104.215392 0.000603 
2103.014705 0.000595 
2101.814018 0.000589 
2100.613331 0.000579 
2099.412644 0.000567 
2098.211957 0.000554 
2097.011270 0.000542 
2095.810584 0.000531 
2094.609897 0.000520 
2093.409210 0.000510 
2092.208523 0.000500 
2091.007836 0.000490 
2089.807149 0.000482 
2088.606462 0.000474 
2087.405775 0.000462 
2086.205088 0.000448 
2085.004401 0.000435 
2083.803715 0.000428 
2082.603028 0.000420 
2081.402341 0.000412 
2080.201654 0.000402 
2079.000967 0.000392 
2077.800280 0.000382 
2076.599593 0.000373 
2075.398906 0.000366 
2074.198219 0.000356 
2072.997533 0.000346 
2071.796846 0.000336 
2070.596159 0.000327 
2069.395472 0.000320 
2068.194785 0.000314 
2066.994098 0.000308 
2065.793411 0.000302 
2064.592724 0.000295 
2063.392037 0.000286 
2062.191350 0.000278 
2060.990664 0.000268 
2059.789977 0.000260 
2058.589290 0.000253 
2057.388603 0.000249 
2056.187916 0.000243 
2054.987229 0.000236 
2053.786542 0.000230 
2052.585855 0.000226 
2051.385168 0.000222 
2050.184481 0.000216 
2048.983795 0.000209 
2047.783108 0.000203 
2046.582421 0.000197 
2045.381734 0.000192 
2044.181047 0.000188 
2042.980360 0.000183 
2041.779673 0.000177 
2040.578986 0.000172 
2039.378299 0.000168 
2038.177613 0.000163 
2036.976926 0.000157 
2035.776239 0.000152 
2034.575552 0.000147 
2033.374865 0.000142 
2032.174178 0.000137 
2030.973491 0.000131 
2029.772804 0.000126 
2028.572117 0.000122 
2027.371430 0.000118 
2026.170744 0.000113 
2024.970057 0.000106 
2023.769370 0.000101 
2022.568683 0.000098 
2021.367996 0.000095 
2020.167309 0.000091 
2018.966622 0.000088 
2017.765935 0.000085 
2016.565248 0.000082 
2015.364562 0.000080 
2014.163875 0.000078 
2012.963188 0.000076 
2011.762501 0.000075 
2010.561814 0.000074 
2009.361127 0.000070 
2008.160440 0.000063 
2006.959753 0.000058 
2005.759066 0.000056 
2004.558379 0.000055 
2003.357693 0.000053 
2002.157006 0.000051 
2000.956319 0.000051 
1999.755632 0.000050 
1998.554945 0.000046 
1997.354258 0.000041 
1996.153571 0.000037 
1994.952884 0.000035 
1993.752197 0.000034 
1992.551511 0.000032 
1991.350824 0.000032 
1990.150137 0.000032 
1988.949450 0.000032 
1987.748763 0.000032 
1986.548076 0.000030 
1985.347389 0.000028 
1984.146702 0.000026 
1982.946015 0.000026 
1981.745328 0.000025 
1980.544642 0.000024 
1979.343955 0.000023 
1978.143268 0.000022 
1976.942581 0.000021 
1975.741894 0.000020 
1974.541207 0.000019 
1973.340520 0.000020 
1972.139833 0.000019 
1970.939146 0.000017 
1969.738459 0.000015 
1968.537773 0.000016 
1967.337086 0.000019 
1966.136399 0.000020 
1964.935712 0.000020 
1963.735025 0.000019 
1962.534338 0.000019 
1961.333651 0.000018 
1960.132964 0.000016 
1958.932277 0.000016 
1957.731591 0.000018 
1956.530904 0.000020 
1955.330217 0.000020 
1954.129530 0.000018 
1952.928843 0.000018 
1951.728156 0.000019 
1950.527469 0.000021 
1949.326782 0.000022 
1948.126095 0.000022 
1946.925408 0.000022 
1945.724722 0.000021 
1944.524035 0.000020 
1943.323348 0.000020 
1942.122661 0.000021 
1940.921974 0.000024 
1939.721287 0.000027 
1938.520600 0.000030 
1937.319913 0.000031 
1936.119226 0.000029 
1934.918540 0.000029 
1933.717853 0.000031 
1932.517166 0.000035 
1931.316479 0.000037 
1930.115792 0.000038 
1928.915105 0.000039 
1927.714418 0.000040 
1926.513731 0.000040 
1925.313044 0.000040 
1924.112357 0.000041 
1922.911671 0.000045 
1921.710984 0.000050 
1920.510297 0.000053 
1919.309610 0.000054 
1918.108923 0.000054 
1916.908236 0.000055 
1915.707549 0.000055 
1914.506862 0.000056 
1913.306175 0.000057 
1912.105488 0.000058 
1910.904802 0.000058 
1909.704115 0.000057 
1908.503428 0.000057 
1907.302741 0.000060 
1906.102054 0.000063 
1904.901367 0.000064 
1903.700680 0.000065 
1902.499993 0.000065 
1901.299306 0.000066 
1900.098620 0.000065 
1898.897933 0.000065 
1897.697246 0.000066 
1896.496559 0.000069 
1895.295872 0.000068 
1894.095185 0.000066 
1892.894498 0.000064 
1891.693811 0.000065 
1890.493124 0.000065 
1889.292437 0.000066 
1888.091751 0.000068 
1886.891064 0.000069 
1885.690377 0.000071 
1884.489690 0.000074 
1883.289003 0.000076 
1882.088316 0.000077 
1880.887629 0.000077 
1879.686942 0.000076 
1878.486255 0.000076 
1877.285569 0.000078 
1876.084882 0.000081 
1874.884195 0.000084 
1873.683508 0.000086 
1872.482821 0.000089 
1871.282134 0.000094 
1870.081447 0.000096 
1868.880760 0.000096 
1867.680073 0.000094 
1866.479386 0.000096 
1865.278700 0.000100 
1864.078013 0.000101 
1862.877326 0.000101 
1861.676639 0.000103 
1860.475952 0.000108 
1859.275265 0.000113 
1858.074578 0.000116 
1856.873891 0.000119 
1855.673204 0.000120 
1854.472518 0.000121 
1853.271831 0.000123 
1852.071144 0.000128 
1850.870457 0.000133 
1849.669770 0.000138 
1848.469083 0.000141 
1847.268396 0.000144 
1846.067709 0.000149 
1844.867022 0.000152 
1843.666335 0.000153 
1842.465649 0.000154 
1841.264962 0.000156 
1840.064275 0.000160 
1838.863588 0.000166 
1837.662901 0.000171 
1836.462214 0.000174 
1835.261527 0.000179 
1834.060840 0.000186 
1832.860153 0.000194 
1831.659466 0.000200 
1830.458780 0.000204 
1829.258093 0.000210 
1828.057406 0.000217 
1826.856719 0.000221 
1825.656032 0.000226 
1824.455345 0.000234 
1823.254658 0.000245 
1822.053971 0.000255 
1820.853284 0.000261 
1819.652598 0.000267 
1818.451911 0.000275 
1817.251224 0.000286 
1816.050537 0.000298 
1814.849850 0.000311 
1813.649163 0.000318 
1812.448476 0.000326 
1811.247789 0.000335 
1810.047102 0.000346 
1808.846415 0.000357 
1807.645729 0.000366 
1806.445042 0.000376 
1805.244355 0.000387 
1804.043668 0.000397 
1802.842981 0.000405 
1801.642294 0.000411 
1800.441607 0.000417 
1799.240920 0.000425 
1798.040233 0.000434 
1796.839547 0.000442 
1795.638860 0.000448 
1794.438173 0.000455 
1793.237486 0.000461 
1792.036799 0.000466 
1790.836112 0.000472 
1789.635425 0.000481 
1788.434738 0.000492 
1787.234051 0.000501 
1786.033364 0.000510 
1784.832678 0.000523 
1783.631991 0.000535 
1782.431304 0.000545 
1781.230617 0.000554 
1780.029930 0.000564 
1778.829243 0.000579 
1777.628556 0.000594 
1776.427869 0.000608 
1775.227182 0.000619 
1774.026495 0.000629 
1772.825809 0.000637 
1771.625122 0.000650 
1770.424435 0.000666 
1769.223748 0.000683 
1768.023061 0.000699 
1766.822374 0.000716 
1765.621687 0.000738 
1764.421000 0.000760 
1763.220313 0.000782 
1762.019627 0.000802 
1760.818940 0.000826 
1759.618253 0.000853 
1758.417566 0.000883 
1757.216879 0.000911 
1756.016192 0.000938 
1754.815505 0.000970 
1753.614818 0.001001 
1752.414131 0.001033 
1751.213444 0.001066 
1750.012758 0.001104 
1748.812071 0.001147 
1747.611384 0.001193 
1746.410697 0.001236 
1745.210010 0.001277 
1744.009323 0.001322 
1742.808636 0.001367 
1741.607949 0.001419 
1740.407262 0.001467 
1739.206576 0.001519 
1738.005889 0.001576 
1736.805202 0.001632 
1735.604515 0.001692 
1734.403828 0.001749 
1733.203141 0.001812 
1732.002454 0.001880 
1730.801767 0.001956 
1729.601080 0.002031 
1728.400393 0.002118 
1727.199707 0.002210 
1725.999020 0.002308 
1724.798333 0.002424 
1723.597646 0.002547 
1722.396959 0.002701 
1721.196272 0.002876 
1719.995585 0.003098 
1718.794898 0.003346 
1717.594211 0.003673 
1716.393525 0.004059 
1715.192838 0.004535 
1713.992151 0.005108 
1712.791464 0.005730 
1711.590777 0.006474 
1710.390090 0.007195 
1709.189403 0.007954 
1707.988716 0.008681 
1706.788029 0.009388 
1705.587342 0.009985 
1704.386656 0.010562 
1703.185969 0.011077 
1701.985282 0.011519 
1700.784595 0.011941 
1699.583908 0.012289 
1698.383221 0.012590 
1697.182534 0.012782 
1695.981847 0.012855 
1694.781160 0.012817 
1693.580473 0.012660 
1692.379787 0.012396 
1691.179100 0.012023 
1689.978413 0.011553 
1688.777726 0.011054 
1687.577039 0.010477 
1686.376352 0.009937 
1685.175665 0.009386 
1683.974978 0.008859 
1682.774291 0.008402 
1681.573605 0.007983 
1680.372918 0.007639 
1679.172231 0.007340 
1677.971544 0.007099 
1676.770857 0.006889 
1675.570170 0.006730 
1674.369483 0.006590 
1673.168796 0.006481 
1671.968109 0.006393 
1670.767422 0.006312 
1669.566736 0.006243 
1668.366049 0.006178 
1667.165362 0.006126 
1665.964675 0.006078 
1664.763988 0.006036 
1663.563301 0.005990 
1662.362614 0.005948 
1661.161927 0.005909 
1659.961240 0.005870 
1658.760554 0.005833 
1657.559867 0.005792 
1656.359180 0.005752 
1655.158493 0.005708 
1653.957806 0.005662 
1652.757119 0.005618 
1651.556432 0.005577 
1650.355745 0.005537 
1649.155058 0.005493 
1647.954371 0.005445 
1646.753685 0.005392 
1645.552998 0.005346 
1644.352311 0.005299 
1643.151624 0.005252 
1641.950937 0.005203 
1640.750250 0.005152 
1639.549563 0.005101 
1638.348876 0.005042 
1637.148189 0.004984 
1635.947503 0.004925 
1634.746816 0.004871 
1633.546129 0.004813 
1632.345442 0.004757 
1631.144755 0.004698 
1629.944068 0.004637 
1628.743381 0.004578 
1627.542694 0.004515 
1626.342007 0.004461 
1625.141320 0.004403 
1623.940634 0.004348 
1622.739947 0.004289 
1621.539260 0.004238 
1620.338573 0.004188 
1619.137886 0.004142 
1617.937199 0.004099 
1616.736512 0.004055 
1615.535825 0.004015 
1614.335138 0.003973 
1613.134451 0.003938 
1611.933765 0.003905 
1610.733078 0.003874 
1609.532391 0.003842 
1608.331704 0.003814 
1607.131017 0.003788 
1605.930330 0.003763 
1604.729643 0.003738 
1603.528956 0.003712 
1602.328269 0.003688 
1601.127583 0.003661 
1599.926896 0.003634 
1598.726209 0.003608 
1597.525522 0.003585 
1596.324835 0.003564 
1595.124148 0.003544 
1593.923461 0.003522 
1592.722774 0.003496 
1591.522087 0.003472 
1590.321400 0.003449 
1589.120714 0.003431 
1587.920027 0.003414 
1586.719340 0.003395 
1585.518653 0.003374 
1584.317966 0.003349 
1583.117279 0.003324 
1581.916592 0.003300 
1580.715905 0.003280 
1579.515218 0.003257 
1578.314532 0.003233 
1577.113845 0.003208 
1575.913158 0.003184 
1574.712471 0.003163 
1573.511784 0.003142 
1572.311097 0.003123 
1571.110410 0.003102 
1569.909723 0.003082 
1568.709036 0.003062 
1567.508349 0.003045 
1566.307663 0.003025 
1565.106976 0.003005 
1563.906289 0.002989 
1562.705602 0.002977 
1561.504915 0.002964 
1560.304228 0.002945 
1559.103541 0.002925 
1557.902854 0.002910 
1556.702167 0.002899 
1555.501480 0.002886 
1554.300794 0.002874 
1553.100107 0.002862 
1551.899420 0.002848 
1550.698733 0.002835 
1549.498046 0.002823 
1548.297359 0.002813 
1547.096672 0.002804 
1545.895985 0.002791 
1544.695298 0.002774 
1543.494612 0.002757 
1542.293925 0.002743 
1541.093238 0.002729 
1539.892551 0.002715 
1538.691864 0.002703 
1537.491177 0.002696 
1536.290490 0.002687 
1535.089803 0.002676 
1533.889116 0.002662 
1532.688429 0.002650 
1531.487743 0.002642 
1530.287056 0.002633 
1529.086369 0.002624 
1527.885682 0.002614 
1526.684995 0.002606 
1525.484308 0.002596 
1524.283621 0.002586 
1523.082934 0.002574 
1521.882247 0.002562 
1520.681561 0.002554 
1519.480874 0.002548 
1518.280187 0.002539 
1517.079500 0.002527 
1515.878813 0.002516 
1514.678126 0.002510 
1513.477439 0.002504 
1512.276752 0.002496 
1511.076065 0.002487 
1509.875378 0.002478 
1508.674692 0.002470 
1507.474005 0.002460 
1506.273318 0.002448 
1505.072631 0.002441 
1503.871944 0.002441 
1502.671257 0.002442 
1501.470570 0.002440 
1500.269883 0.002433 
1499.069196 0.002424 
1497.868510 0.002414 
1496.667823 0.002405 
1495.467136 0.002400 
1494.266449 0.002398 
1493.065762 0.002394 
1491.865075 0.002387 
1490.664388 0.002376 
1489.463701 0.002366 
1488.263014 0.002360 
1487.062327 0.002356 
1485.861641 0.002352 
1484.660954 0.002347 
1483.460267 0.002343 
1482.259580 0.002341 
1481.058893 0.002344 
1479.858206 0.002348 
1478.657519 0.002353 
1477.456832 0.002355 
1476.256145 0.002356 
1475.055458 0.002357 
1473.854772 0.002356 
1472.654085 0.002354 
1471.453398 0.002355 
1470.252711 0.002360 
1469.052024 0.002364 
1467.851337 0.002362 
1466.650650 0.002356 
1465.449963 0.002350 
1464.249276 0.002349 
1463.048590 0.002351 
1461.847903 0.002355 
1460.647216 0.002362 
1459.446529 0.002373 
1458.245842 0.002388 
1457.045155 0.002408 
1455.844468 0.002445 
1454.643781 0.002500 
1453.443094 0.002566 
1452.242407 0.002653 
1451.041721 0.002750 
1449.841034 0.002865 
1448.640347 0.002993 
1447.439660 0.003120 
1446.238973 0.003245 
1445.038286 0.003337 
1443.837599 0.003398 
1442.636912 0.003416 
1441.436225 0.003390 
1440.235539 0.003347 
1439.034852 0.003298 
1437.834165 0.003258 
1436.633478 0.003245 
1435.432791 0.003268 
1434.232104 0.003327 
1433.031417 0.003428 
1431.830730 0.003558 
1430.630043 0.003724 
1429.429356 0.003920 
1428.228670 0.004147 
1427.027983 0.004373 
1425.827296 0.004603 
1424.626609 0.004807 
1423.425922 0.004946 
1422.225235 0.004992 
1421.024548 0.004917 
1419.823861 0.004722 
1418.623174 0.004440 
1417.422487 0.004119 
1416.221801 0.003781 
1415.021114 0.003484 
1413.820427 0.003236 
1412.619740 0.003035 
1411.419053 0.002863 
1410.218366 0.002735 
1409.017679 0.002626 
1407.816992 0.002546 
1406.616305 0.002481 
1405.415619 0.002425 
1404.214932 0.002381 
1403.014245 0.002344 
1401.813558 0.002315 
1400.612871 0.002288 
1399.412184 0.002264 
1398.211497 0.002244 
1397.010810 0.002229 
1395.810123 0.002216 
1394.609436 0.002206 
1393.408750 0.002199 
1392.208063 0.002198 
1391.007376 0.002201 
1389.806689 0.002210 
1388.606002 0.002229 
1387.405315 0.002271 
1386.204628 0.002337 
1385.003941 0.002444 
1383.803254 0.002596 
1382.602568 0.002826 
1381.401881 0.003160 
1380.201194 0.003569 
1379.000507 0.004111 
1377.799820 0.004692 
1376.599133 0.005313 
1375.398446 0.005900 
1374.197759 0.006402 
1372.997072 0.006688 
1371.796385 0.006786 
1370.595699 0.006672 
1369.395012 0.006383 
1368.194325 0.005929 
1366.993638 0.005484 
1365.792951 0.005082 
1364.592264 0.004821 
1363.391577 0.004721 
1362.190890 0.004756 
1360.990203 0.004865 
1359.789517 0.004979 
1358.588830 0.005029 
1357.388143 0.004957 
1356.187456 0.004768 
1354.986769 0.004455 
1353.786082 0.004095 
1352.585395 0.003717 
1351.384708 0.003358 
1350.184021 0.003064 
1348.983334 0.002808 
1347.782648 0.002622 
1346.581961 0.002472 
1345.381274 0.002357 
1344.180587 0.002256 
1342.979900 0.002178 
1341.779213 0.002105 
1340.578526 0.002042 
1339.377839 0.001990 
1338.177152 0.001945 
1336.976465 0.001909 
1335.775779 0.001871 
1334.575092 0.001833 
1333.374405 0.001796 
1332.173718 0.001762 
1330.973031 0.001736 
1329.772344 0.001716 
1328.571657 0.001697 
1327.370970 0.001680 
1326.170283 0.001663 
1324.969597 0.001643 
1323.768910 0.001626 
1322.568223 0.001612 
1321.367536 0.001600 
1320.166849 0.001588 
1318.966162 0.001572 
1317.765475 0.001558 
1316.564788 0.001547 
1315.364101 0.001537 
1314.163414 0.001527 
1312.962728 0.001518 
1311.762041 0.001511 
1310.561354 0.001503 
1309.360667 0.001496 
1308.159980 0.001488 
1306.959293 0.001481 
1305.758606 0.001469 
1304.557919 0.001457 
1303.357232 0.001446 
1302.156546 0.001439 
1300.955859 0.001431 
1299.755172 0.001426 
1298.554485 0.001422 
1297.353798 0.001418 
1296.153111 0.001409 
1294.952424 0.001398 
1293.751737 0.001389 
1292.551050 0.001382 
1291.350363 0.001376 
1290.149677 0.001369 
1288.948990 0.001362 
1287.748303 0.001353 
1286.547616 0.001345 
1285.346929 0.001339 
1284.146242 0.001332 
1282.945555 0.001323 
1281.744868 0.001312 
1280.544181 0.001304 
1279.343494 0.001297 
1278.142808 0.001290 
1276.942121 0.001282 
1275.741434 0.001276 
1274.540747 0.001270 
1273.340060 0.001264 
1272.139373 0.001259 
1270.938686 0.001254 
1269.737999 0.001249 
1268.537312 0.001244 
1267.336626 0.001239 
1266.135939 0.001235 
1264.935252 0.001233 
1263.734565 0.001233 
1262.533878 0.001238 
1261.333191 0.001253 
1260.132504 0.001282 
1258.931817 0.001323 
1257.731130 0.001394 
1256.530443 0.001505 
1255.329757 0.001681 
1254.129070 0.001939 
1252.928383 0.002251 
1251.727696 0.002657 
1250.527009 0.003084 
1249.326322 0.003522 
1248.125635 0.003874 
1246.924948 0.004146 
1245.724261 0.004253 
1244.523575 0.004237 
1243.322888 0.004126 
1242.122201 0.003978 
1240.921514 0.003812 
1239.720827 0.003665 
1238.520140 0.003492 
1237.319453 0.003276 
1236.118766 0.003004 
1234.918079 0.002666 
1233.717392 0.002329 
1232.516706 0.002029 
1231.316019 0.001790 
1230.115332 0.001604 
1228.914645 0.001484 
1227.713958 0.001396 
1226.513271 0.001336 
1225.312584 0.001284 
1224.111897 0.001235 
1222.911210 0.001198 
1221.710524 0.001168 
1220.509837 0.001147 
1219.309150 0.001129 
1218.108463 0.001111 
1216.907776 0.001089 
1215.707089 0.001067 
1214.506402 0.001047 
1213.305715 0.001030 
1212.105028 0.001016 
1210.904341 0.001000 
1209.703655 0.000985 
1208.502968 0.000969 
1207.302281 0.000956 
1206.101594 0.000946 
1204.900907 0.000936 
1203.700220 0.000924 
1202.499533 0.000914 
1201.298846 0.000906 
1200.098159 0.000896 
1198.897472 0.000884 
1197.696786 0.000873 
1196.496099 0.000865 
1195.295412 0.000858 
1194.094725 0.000848 
1192.894038 0.000836 
1191.693351 0.000827 
1190.492664 0.000819 
1189.291977 0.000814 
1188.091290 0.000810 
1186.890604 0.000804 
1185.689917 0.000797 
1184.489230 0.000787 
1183.288543 0.000779 
1182.087856 0.000771 
1180.887169 0.000764 
1179.686482 0.000758 
1178.485795 0.000753 
1177.285108 0.000748 
1176.084421 0.000741 
1174.883735 0.000733 
1173.683048 0.000724 
1172.482361 0.000720 
1171.281674 0.000717 
1170.080987 0.000711 
1168.880300 0.000702 
1167.679613 0.000690 
1166.478926 0.000682 
1165.278239 0.000676 
1164.077553 0.000671 
1162.876866 0.000667 
1161.676179 0.000662 
1160.475492 0.000657 
1159.274805 0.000651 
1158.074118 0.000646 
1156.873431 0.000641 
1155.672744 0.000636 
1154.472057 0.000630 
1153.271370 0.000624 
1152.070684 0.000617 
1150.869997 0.000611 
1149.669310 0.000607 
1148.468623 0.000604 
1147.267936 0.000599 
1146.067249 0.000593 
1144.866562 0.000588 
1143.665875 0.000582 
1142.465188 0.000577 
1141.264502 0.000572 
1140.063815 0.000568 
1138.863128 0.000565 
1137.662441 0.000563 
1136.461754 0.000561 
1135.261067 0.000560 
1134.060380 0.000557 
1132.859693 0.000550 
1131.659006 0.000542 
1130.458319 0.000535 
1129.257633 0.000533 
1128.056946 0.000531 
1126.856259 0.000523 
1125.655572 0.000515 
1124.454885 0.000513 
1123.254198 0.000521 
1122.053511 0.000527 
1120.852824 0.000528 
1119.652137 0.000527 
1118.451450 0.000528 
1117.250764 0.000529 
1116.050077 0.000527 
1114.849390 0.000525 
1113.648703 0.000526 
1112.448016 0.000527 
1111.247329 0.000526 
1110.046642 0.000523 
1108.845955 0.000525 
1107.645268 0.000531 
1106.444582 0.000543 
1105.243895 0.000567 
1104.043208 0.000619 
1102.842521 0.000722 
1101.641834 0.000861 
1100.441147 0.001057 
1099.240460 0.001282 
1098.039773 0.001516 
1096.839086 0.001714 
1095.638399 0.001824 
1094.437713 0.001808 
1093.237026 0.001668 
1092.036339 0.001449 
1090.835652 0.001221 
1089.634965 0.000997 
1088.434278 0.000836 
1087.233591 0.000714 
1086.032904 0.000632 
1084.832217 0.000583 
1083.631531 0.000550 
1082.430844 0.000527 
1081.230157 0.000510 
1080.029470 0.000498 
1078.828783 0.000494 
1077.628096 0.000494 
1076.427409 0.000495 
1075.226722 0.000501 
1074.026035 0.000505 
1072.825348 0.000497 
1071.624662 0.000476 
1070.423975 0.000446 
1069.223288 0.000419 
1068.022601 0.000393 
1066.821914 0.000367 
1065.621227 0.000342 
1064.420540 0.000322 
1063.219853 0.000303 
1062.019166 0.000283 
1060.818479 0.000265 
1059.617793 0.000252 
1058.417106 0.000245 
1057.216419 0.000238 
1056.015732 0.000231 
1054.815045 0.000223 
1053.614358 0.000216 
1052.413671 0.000209 
1051.212984 0.000202 
1050.012297 0.000194 
1048.811611 0.000183 
1047.610924 0.000174 
1046.410237 0.000164 
1045.209550 0.000156 
1044.008863 0.000148 
1042.808176 0.000141 
1041.607489 0.000134 
1040.406802 0.000128 
1039.206115 0.000122 
1038.005428 0.000116 
1036.804742 0.000110 
1035.604055 0.000104 
1034.403368 0.000101 
1033.202681 0.000097 
1032.001994 0.000094 
1030.801307 0.000093 
1029.600620 0.000094 
1028.399933 0.000095 
1027.199246 0.000094 
1025.998560 0.000092 
1024.797873 0.000090 
1023.597186 0.000090 
1022.396499 0.000090 
1021.195812 0.000091 
1019.995125 0.000093 
1018.794438 0.000096 
1017.593751 0.000098 
1016.393064 0.000100 
1015.192377 0.000101 
1013.991691 0.000104 
1012.791004 0.000106 
1011.590317 0.000107 
1010.389630 0.000107 
1009.188943 0.000111 
1007.988256 0.000119 
1006.787569 0.000127 
1005.586882 0.000133 
1004.386195 0.000137 
1003.185509 0.000145 
1001.984822 0.000155 
1000.784135 0.000166 
999.583448 0.000176 
998.382761 0.000187 
997.182074 0.000203 
995.981387 0.000224 
994.780700 0.000247 
993.580013 0.000269 
992.379326 0.000290 
991.178640 0.000309 
989.977953 0.000329 
988.777266 0.000351 
987.576579 0.000375 
986.375892 0.000398 
985.175205 0.000423 
983.974518 0.000452 
982.773831 0.000487 
981.573144 0.000525 
980.372457 0.000564 
979.171771 0.000605 
977.971084 0.000647 
976.770397 0.000691 
975.569710 0.000735 
974.369023 0.000782 
973.168336 0.000832 
971.967649 0.000885 
970.766962 0.000941 
969.566275 0.000997 
968.365589 0.001051 
967.164902 0.001108 
965.964215 0.001170 
964.763528 0.001237 
963.562841 0.001305 
962.362154 0.001372 
961.161467 0.001439 
959.960780 0.001511 
958.760093 0.001585 
957.559406 0.001663 
956.358720 0.001744 
955.158033 0.001826 
953.957346 0.001910 
952.756659 0.001996 
951.555972 0.002086 
950.355285 0.002177 
949.154598 0.002271 
947.953911 0.002365 
946.753224 0.002462 
945.552538 0.002560 
944.351851 0.002662 
943.151164 0.002763 
941.950477 0.002863 
940.749790 0.002967 
939.549103 0.003079 
938.348416 0.003194 
937.147729 0.003301 
935.947042 0.003404 
934.746355 0.003512 
933.545669 0.003629 
932.344982 0.003744 
931.144295 0.003855 
929.943608 0.003968 
928.742921 0.004088 
927.542234 0.004211 
926.341547 0.004334 
925.140860 0.004456 
923.940173 0.004581 
922.739486 0.004708 
921.538800 0.004833 
920.338113 0.004958 
919.137426 0.005085 
917.936739 0.005216 
916.736052 0.005348 
915.535365 0.005482 
914.334678 0.005619 
913.133991 0.005757 
911.933304 0.005890 
910.732618 0.006021 
909.531931 0.006153 
908.331244 0.006288 
907.130557 0.006428 
905.929870 0.006568 
904.729183 0.006703 
903.528496 0.006827 
902.327809 0.006945 
901.127122 0.007062 
899.926435 0.007178 
898.725749 0.007287 
897.525062 0.007395 
896.324375 0.007510 
895.123688 0.007630 
893.923001 0.007749 
892.722314 0.007861 
891.521627 0.007975 
890.320940 0.008094 
889.120253 0.008220 
887.919567 0.008348 
886.718880 0.008477 
885.518193 0.008604 
884.317506 0.008732 
883.116819 0.008862 
881.916132 0.008996 
880.715445 0.009125 
879.514758 0.009248 
878.314071 0.009370 
877.113384 0.009492 
875.912698 0.009613 
874.712011 0.009726 
873.511324 0.009832 
872.310637 0.009937 
871.109950 0.010047 
869.909263 0.010159 
868.708576 0.010271 
867.507889 0.010378 
866.307202 0.010485 
865.106516 0.010596 
863.905829 0.010713 
862.705142 0.010830 
861.504455 0.010942 
860.303768 0.011050 
859.103081 0.011158 
857.902394 0.011269 
856.701707 0.011379 
855.501020 0.011490 
854.300333 0.011601 
853.099647 0.011709 
851.898960 0.011816 
850.698273 0.011925 
849.497586 0.012034 
848.296899 0.012141 
847.096212 0.012248 
845.895525 0.012355 
844.694838 0.012461 
843.494151 0.012561 
842.293464 0.012656 
841.092778 0.012745 
839.892091 0.012835 
838.691404 0.012930 
837.490717 0.013029 
836.290030 0.013124 
835.089343 0.013216 
833.888656 0.013310 
832.687969 0.013400 
831.487282 0.013483 
830.286596 0.013563 
829.085909 0.013652 
827.885222 0.013743 
826.684535 0.013826 
825.483848 0.013903 
824.283161 0.013981 
823.082474 0.014062 
821.881787 0.014140 
820.681100 0.014214 
819.480413 0.014286 
818.279727 0.014358 
817.079040 0.014432 
815.878353 0.014508 
814.677666 0.014581 
813.476979 0.014650 
812.276292 0.014715 
811.075605 0.014779 
809.874918 0.014843 
808.674231 0.014910 
807.473545 0.014978 
806.272858 0.015039 
805.072171 0.015089 
803.871484 0.015137 
802.670797 0.015194 
801.470110 0.015259 
800.269423 0.015321 
799.068736 0.015378 
797.868049 0.015435 
796.667362 0.015491 
795.466676 0.015542 
794.265989 0.015588 
793.065302 0.015634 
791.864615 0.015678 
790.663928 0.015716 
789.463241 0.015753 
788.262554 0.015796 
787.061867 0.015846 
785.861180 0.015892 
784.660493 0.015929 
783.459807 0.015962 
782.259120 0.015995 
781.058433 0.016029 
779.857746 0.016061 
778.657059 0.016090 
777.456372 0.016115 
776.255685 0.016135 
775.054998 0.016153 
773.854311 0.016175 
772.653625 0.016198 
771.452938 0.016222 
770.252251 0.016244 
769.051564 0.016263 
767.850877 0.016280 
766.650190 0.016297 
765.449503 0.016319 
764.248816 0.016335 
763.048129 0.016343 
761.847442 0.016350 
760.646756 0.016366 
759.446069 0.016380 
758.245382 0.016381 
757.044695 0.016372 
755.844008 0.016364 
754.643321 0.016364 
753.442634 0.016368 
752.241947 0.016373 
751.041260 0.016377 
749.840574 0.016377 
748.639887 0.016370 
747.439200 0.016357 
746.238513 0.016343 
745.037826 0.016332 
743.837139 0.016325 
742.636452 0.016318 
741.435765 0.016303 
740.235078 0.016276 
739.034391 0.016240 
737.833705 0.016206 
736.633018 0.016183 
735.432331 0.016164 
734.231644 0.016138 
733.030957 0.016103 
731.830270 0.016066 
730.629583 0.016032 
729.428896 0.015996 
728.228209 0.015957 
727.027523 0.015919 
725.826836 0.015886 
724.626149 0.015858 
723.425462 0.015824 
722.224775 0.015777 
721.024088 0.015720 
719.823401 0.015670 
718.622714 0.015632 
717.422027 0.015593 
716.221340 0.015538 
715.020654 0.015479 
713.819967 0.015428 
712.619280 0.015378 
711.418593 0.015323 
710.217906 0.015270 
709.017219 0.015219 
707.816532 0.015162 
706.615845 0.015089 
705.415158 0.015011 
704.214471 0.014939 
703.013785 0.014873 
701.813098 0.014813 
700.612411 0.014755 
699.411724 0.014691 
698.211037 0.014611 
697.010350 0.014526 
695.809663 0.014450 
694.608976 0.014379 
693.408289 0.014298 
692.207603 0.014202 
691.006916 0.014107 
689.806229 0.014019 
688.605542 0.013933 
687.404855 0.013843 
686.204168 0.013754 
685.003481 0.013670 
683.802794 0.013593 
682.602107 0.013515 
681.401420 0.013430 
680.200734 0.013331 
679.000047 0.013218 
677.799360 0.013112 
676.598673 0.013032 
675.397986 0.012966 
674.197299 0.012890 
672.996612 0.012811 
671.795925 0.012711 
670.595238 0.012512 
669.394552 0.012168 
668.193865 0.011865 
666.993178 0.011912 
665.792491 0.012123 
664.591804 0.012209 
663.391117 0.012132 
662.190430 0.012016 
660.989743 0.011922 
659.789056 0.011829 
658.588369 0.011736 
657.387683 0.011663 
656.186996 0.011584 
654.986309 0.011478 
653.785622 0.011369 
652.584935 0.011281 
651.384248 0.011190 
650.183561 0.011083 
648.982874 0.010974 
647.782187 0.010888 
646.581501 0.010821 
645.380814 0.010759 
644.180127 0.010687 
642.979440 0.010596 
641.778753 0.010501 
640.578066 0.010414 
639.377379 0.010337 
638.176692 0.010263 
636.976005 0.010177 
635.775318 0.010076 
634.574632 0.009975 
633.373945 0.009891 
632.173258 0.009812 
630.972571 0.009729 
629.771884 0.009644 
628.571197 0.009556 
627.370510 0.009458 
626.169823 0.009358 
624.969136 0.009269 
623.768449 0.009194 
622.567763 0.009116 
621.367076 0.009028 
620.166389 0.008930 
618.965702 0.008830 
617.765015 0.008742 
616.564328 0.008669 
615.363641 0.008599 
614.162954 0.008512 
612.962267 0.008416 
611.761581 0.008332 
610.560894 0.008255 
609.360207 0.008165 
608.159520 0.008075 
606.958833 0.008003 
605.758146 0.007943 
604.557459 0.007881 
603.356772 0.007820 
602.156085 0.007767 
600.955398 0.007712 
599.754712 0.007641 
598.554025 0.007561 
597.353338 0.007487 
596.152651 0.007420 
594.951964 0.007356 
593.751277 0.007294 
592.550590 0.007230 
591.349903 0.007160 
590.149216 0.007083 
588.948530 0.007014 
587.747843 0.006958 
586.547156 0.006905 
585.346469 0.006842 
584.145782 0.006778 
582.945095 0.006724 
581.744408 0.006676 
580.543721 0.006623 
579.343034 0.006573 
578.142347 0.006528 
576.941661 0.006471 
575.740974 0.006408 
574.540287 0.006385 
573.339600 0.006403 
572.138913 0.006401 
570.938226 0.006335 
569.737539 0.006245 
568.536852 0.006190 
567.336165 0.006163 
566.135478 0.006139 
564.934792 0.006120 
563.734105 0.006122 
562.533418 0.006146 
561.332731 0.006179 
560.132044 0.006201 
558.931357 0.006218 
557.730670 0.006257 
556.529983 0.006331 
555.329296 0.006399 
554.128610 0.006417 
552.927923 0.006409 
551.727236 0.006412 
550.526549 0.006427 
549.325862 0.006426 
548.125175 0.006409 
546.924488 0.006386 
545.723801 0.006352 
544.523114 0.006284 
543.322427 0.006177 
542.121741 0.006035 
540.921054 0.005864 
539.720367 0.005679 
538.519680 0.005496 
537.318993 0.005331 
536.118306 0.005194 
534.917619 0.005072 
533.716932 0.004946 
532.516245 0.004817 
531.315559 0.004701 
530.114872 0.004611 
528.914185 0.004537 
527.713498 0.004463 
526.512811 0.004381 
525.312124 0.004301 
524.111437 0.004242 
522.910750 0.004201 
521.710063 0.004148 
520.509376 0.004064 
519.308690 0.003983 
518.108003 0.003929 
516.907316 0.003896 
515.706629 0.003856 
514.505942 0.003802 
513.305255 0.003753 
512.104568 0.003714 
510.903881 0.003662 
509.703194 0.003584 
508.502508 0.003506 
507.301821 0.003456 
506.101134 0.003422 
504.900447 0.003364 
503.699760 0.003279 
502.499073 0.003202 
501.298386 0.003154 
500.097699 0.003115 
498.897012 0.003065 
497.696325 0.003003 
496.495639 0.002936 
495.294952 0.002864 
494.094265 0.002790 
492.893578 0.002724 
491.692891 0.002679 
490.492204 0.002648 
489.291517 0.002616 
488.090830 0.002583 
486.890143 0.002556 
485.689456 0.002523 
484.488770 0.002465 
483.288083 0.002384 
482.087396 0.002299 
480.886709 0.002217 
479.686022 0.002138 
478.485335 0.002071 
477.284648 0.002019 
476.083961 0.001963 
474.883274 0.001883 
473.682588 0.001785 
472.481901 0.001683 
471.281214 0.001600 
470.080527 0.001545 
468.879840 0.001510 
467.679153 0.001460 
466.478466 0.001379 
465.277779 0.001294 
464.077092 0.001220 
462.876405 0.001155 
461.675719 0.001093 
460.475032 0.001045 
459.274345 0.001007 
458.073658 0.000965 
456.872971 0.000910 
455.672284 0.000851 
454.471597 0.000786 
453.270910 0.000712 
452.070223 0.000641 
450.869537 0.000592 
449.668850 0.000564 
448.468163 0.000539 
447.267476 0.000492 
446.066789 0.000422 
444.866102 0.000349 
443.665415 0.000288 
442.464728 0.000248 
441.264041 0.000215 
440.063354 0.000188 
438.862668 0.000166 
437.661981 0.000140 
436.461294 0.000096 
435.260607 0.000048 
434.059920 0.000013 
432.859233 0.000006 
431.658546 -0.000004 
430.457859 -0.000043 
429.257172 -0.000100 
428.056485 -0.000143 
426.855799 -0.000154 
425.655112 -0.000147 
424.454425 -0.000138 
423.253738 -0.000134 
422.053051 -0.000140 
420.852364 -0.000147 
419.651677 -0.000134 
418.450990 -0.000081 
417.250303 -0.000018 
416.049617 -0.000009 
414.848930 -0.000075 
413.648243 -0.000171 
412.447556 -0.000223 
411.246869 -0.000217 
410.046182 -0.000187 
408.845495 -0.000178 
407.644808 -0.000202 
406.444121 -0.000210 
405.243434 -0.000153 
404.042748 -0.000020 
402.842061 0.000150 
401.641374 0.000277 
400.440687 0.000275 
399.240000 0.000111 
