4000.854000 0.000000 
3999.653250 0.000004 
3998.452501 -0.000005 
3997.251751 -0.000003 
3996.051001 -0.000003 
3994.850252 -0.000001 
3993.649502 -0.000000 
3992.448752 0.000001 
3991.248003 0.000003 
3990.047253 0.000001 
3988.846504 -0.000006 
3987.645754 -0.000011 
3986.445004 -0.000013 
3985.244255 -0.000016 
3984.043505 -0.000017 
3982.842755 -0.000017 
3981.642006 -0.000016 
3980.441256 -0.000014 
3979.240506 -0.000015 
3978.039757 -0.000014 
3976.839007 -0.000010 
3975.638257 -0.000012 
3974.437508 -0.000019 
3973.236758 -0.000019 
3972.036008 -0.000015 
3970.835259 -0.000016 
3969.634509 -0.000019 
3968.433759 -0.000016 
3967.233010 -0.000012 
3966.032260 -0.000013 
3964.831511 -0.000009 
3963.630761 -0.000005 
3962.430011 -0.000004 
3961.229262 -0.000009 
3960.028512 -0.000016 
3958.827762 -0.000020 
3957.627013 -0.000019 
3956.426263 -0.000011 
3955.225513 0.000000 
3954.024764 0.000008 
3952.824014 0.000010 
3951.623264 0.000000 
3950.422515 -0.000012 
3949.221765 -0.000016 
3948.021015 -0.000007 
3946.820266 0.000006 
3945.619516 0.000014 
3944.418766 0.000015 
3943.218017 0.000011 
3942.017267 0.000004 
3940.816518 -0.000002 
3939.615768 0.000005 
3938.415018 0.000021 
3937.214269 0.000024 
3936.013519 0.000023 
3934.812769 0.000022 
3933.612020 0.000011 
3932.411270 -0.000004 
3931.210520 -0.000003 
3930.009771 0.000015 
3928.809021 0.000019 
3927.608271 0.000010 
3926.407522 0.000009 
3925.206772 0.000006 
3924.006022 0.000001 
3922.805273 0.000012 
3921.604523 0.000024 
3920.403773 0.000018 
3919.203024 -0.000004 
3918.002274 -0.000024 
3916.801525 -0.000028 
3915.600775 -0.000024 
3914.400025 -0.000016 
3913.199276 -0.000011 
3911.998526 -0.000009 
3910.797776 0.000001 
3909.597027 0.000018 
3908.396277 0.000038 
3907.195527 0.000053 
3905.994778 0.000057 
3904.794028 0.000054 
3903.593278 0.000028 
3902.392529 -0.000006 
3901.191779 -0.000027 
3899.991029 -0.000037 
3898.790280 -0.000037 
3897.589530 -0.000014 
3896.388780 0.000016 
3895.188031 0.000021 
3893.987281 -0.000003 
3892.786532 -0.000019 
3891.585782 -0.000005 
3890.385032 -0.000000 
3889.184283 0.000001 
3887.983533 0.000008 
3886.782783 0.000022 
3885.582034 0.000030 
3884.381284 0.000021 
3883.180534 0.000018 
3881.979785 0.000007 
3880.779035 -0.000020 
3879.578285 -0.000041 
3878.377536 -0.000054 
3877.176786 -0.000038 
3875.976036 0.000002 
3874.775287 0.000034 
3873.574537 0.000033 
3872.373787 0.000021 
3871.173038 0.000036 
3869.972288 0.000032 
3868.771539 0.000005 
3867.570789 0.000007 
3866.370039 0.000028 
3865.169290 0.000009 
3863.968540 -0.000027 
3862.767790 -0.000041 
3861.567041 -0.000037 
3860.366291 0.000001 
3859.165541 0.000072 
3857.964792 0.000111 
3856.764042 0.000098 
3855.563292 0.000055 
3854.362543 0.000001 
3853.161793 -0.000058 
3851.961043 -0.000086 
3850.760294 -0.000055 
3849.559544 -0.000020 
3848.358794 -0.000005 
3847.158045 0.000009 
3845.957295 0.000025 
3844.756546 0.000044 
3843.555796 0.000071 
3842.355046 0.000073 
3841.154297 0.000059 
3839.953547 0.000034 
3838.752797 -0.000003 
3837.552048 -0.000012 
3836.351298 -0.000018 
3835.150548 -0.000020 
3833.949799 -0.000014 
3832.749049 -0.000006 
3831.548299 -0.000002 
3830.347550 -0.000020 
3829.146800 -0.000028 
3827.946050 0.000001 
3826.745301 0.000041 
3825.544551 0.000056 
3824.343801 0.000046 
3823.143052 0.000038 
3821.942302 0.000040 
3820.741553 0.000016 
3819.540803 -0.000014 
3818.340053 -0.000011 
3817.139304 -0.000004 
3815.938554 -0.000029 
3814.737804 -0.000055 
3813.537055 -0.000025 
3812.336305 0.000032 
3811.135555 0.000038 
3809.934806 0.000022 
3808.734056 0.000015 
3807.533306 0.000039 
3806.332557 0.000053 
3805.131807 0.000044 
3803.931057 0.000048 
3802.730308 0.000048 
3801.529558 0.000027 
3800.328808 -0.000005 
3799.128059 -0.000013 
3797.927309 -0.000003 
3796.726560 -0.000013 
3795.525810 -0.000030 
3794.325060 -0.000028 
3793.124311 -0.000012 
3791.923561 0.000000 
3790.722811 0.000011 
3789.522062 0.000019 
3788.321312 0.000018 
3787.120562 0.000008 
3785.919813 0.000011 
3784.719063 0.000023 
3783.518313 0.000026 
3782.317564 0.000027 
3781.116814 0.000026 
3779.916064 0.000012 
3778.715315 -0.000013 
3777.514565 -0.000026 
3776.313815 0.000003 
3775.113066 0.000030 
3773.912316 0.000025 
3772.711567 0.000015 
3771.510817 0.000010 
3770.310067 -0.000006 
3769.109318 -0.000028 
3767.908568 -0.000040 
3766.707818 -0.000025 
3765.507069 0.000000 
3764.306319 0.000011 
3763.105569 0.000024 
3761.904820 0.000039 
3760.704070 0.000024 
3759.503320 -0.000003 
3758.302571 0.000012 
3757.101821 0.000047 
3755.901071 0.000079 
3754.700322 0.000092 
3753.499572 0.000069 
3752.298822 0.000017 
3751.098073 0.000000 
3749.897323 0.000047 
3748.696574 0.000066 
3747.495824 0.000045 
3746.295074 0.000030 
3745.094325 -0.000006 
3743.893575 -0.000057 
3742.692825 -0.000057 
3741.492076 0.000043 
3740.291326 0.000101 
3739.090576 0.000092 
3737.889827 0.000081 
3736.689077 0.000040 
3735.488327 -0.000022 
3734.287578 -0.000064 
3733.086828 -0.000056 
3731.886078 -0.000021 
3730.685329 -0.000002 
3729.484579 0.000009 
3728.283829 0.000031 
3727.083080 0.000026 
3725.882330 0.000005 
3724.681581 0.000002 
3723.480831 0.000008 
3722.280081 0.000005 
3721.079332 -0.000008 
3719.878582 -0.000011 
3718.677832 0.000015 
3717.477083 0.000042 
3716.276333 0.000056 
3715.075583 0.000062 
3713.874834 0.000041 
3712.674084 0.000002 
3711.473334 -0.000033 
3710.272585 -0.000050 
3709.071835 -0.000030 
3707.871085 0.000019 
3706.670336 0.000064 
3705.469586 0.000093 
3704.268836 0.000091 
3703.068087 0.000070 
3701.867337 0.000041 
3700.666588 0.000010 
3699.465838 -0.000009 
3698.265088 -0.000006 
3697.064339 0.000009 
3695.863589 0.000018 
3694.662839 0.000045 
3693.462090 0.000073 
3692.261340 0.000061 
3691.060590 0.000027 
3689.859841 -0.000010 
3688.659091 -0.000036 
3687.458341 -0.000050 
3686.257592 -0.000042 
3685.056842 -0.000001 
3683.856092 0.000007 
3682.655343 0.000011 
3681.454593 0.000064 
3680.253843 0.000106 
3679.053094 0.000085 
3677.852344 0.000049 
3676.651595 0.000036 
3675.450845 0.000021 
3674.250095 -0.000003 
3673.049346 -0.000001 
3671.848596 0.000022 
3670.647846 0.000009 
3669.447097 -0.000018 
3668.246347 -0.000017 
3667.045597 0.000019 
3665.844848 0.000047 
3664.644098 0.000054 
3663.443348 0.000051 
3662.242599 0.000074 
3661.041849 0.000094 
3659.841099 0.000094 
3658.640350 0.000090 
3657.439600 0.000101 
3656.238850 0.000130 
3655.038101 0.000153 
3653.837351 0.000181 
3652.636602 0.000212 
3651.435852 0.000199 
3650.235102 0.000151 
3649.034353 0.000110 
3647.833603 0.000104 
3646.632853 0.000121 
3645.432104 0.000145 
3644.231354 0.000180 
3643.030604 0.000211 
3641.829855 0.000216 
3640.629105 0.000220 
3639.428355 0.000233 
3638.227606 0.000235 
3637.026856 0.000225 
3635.826106 0.000241 
3634.625357 0.000292 
3633.424607 0.000317 
3632.223857 0.000308 
3631.023108 0.000285 
3629.822358 0.000246 
3628.621609 0.000185 
3627.420859 0.000139 
3626.220109 0.000156 
3625.019360 0.000208 
3623.818610 0.000225 
3622.617860 0.000220 
3621.417111 0.000203 
3620.216361 0.000180 
3619.015611 0.000157 
3617.814862 0.000145 
3616.614112 0.000136 
3615.413362 0.000137 
3614.212613 0.000138 
3613.011863 0.000128 
3611.811113 0.000114 
3610.610364 0.000096 
3609.409614 0.000082 
3608.208864 0.000060 
3607.008115 0.000043 
3605.807365 0.000054 
3604.606616 0.000062 
3603.405866 0.000068 
3602.205116 0.000076 
3601.004367 0.000084 
3599.803617 0.000092 
3598.602867 0.000096 
3597.402118 0.000091 
3596.201368 0.000073 
3595.000618 0.000057 
3593.799869 0.000054 
3592.599119 0.000070 
3591.398369 0.000083 
3590.197620 0.000079 
3588.996870 0.000063 
3587.796120 0.000035 
3586.595371 0.000010 
3585.394621 0.000002 
3584.193871 0.000013 
3582.993122 0.000033 
3581.792372 0.000038 
3580.591623 0.000037 
3579.390873 0.000040 
3578.190123 0.000040 
3576.989374 0.000044 
3575.788624 0.000050 
3574.587874 0.000067 
3573.387125 0.000101 
3572.186375 0.000135 
3570.985625 0.000146 
3569.784876 0.000136 
3568.584126 0.000120 
3567.383376 0.000098 
3566.182627 0.000084 
3564.981877 0.000093 
3563.781127 0.000114 
3562.580378 0.000125 
3561.379628 0.000123 
3560.178878 0.000120 
3558.978129 0.000123 
3557.777379 0.000131 
3556.576630 0.000137 
3555.375880 0.000130 
3554.175130 0.000121 
3552.974381 0.000120 
3551.773631 0.000125 
3550.572881 0.000135 
3549.372132 0.000144 
3548.171382 0.000140 
3546.970632 0.000116 
3545.769883 0.000086 
3544.569133 0.000061 
3543.368383 0.000048 
3542.167634 0.000053 
3540.966884 0.000061 
3539.766134 0.000059 
3538.565385 0.000054 
3537.364635 0.000046 
3536.163885 0.000035 
3534.963136 0.000028 
3533.762386 0.000029 
3532.561637 0.000034 
3531.360887 0.000035 
3530.160137 0.000037 
3528.959388 0.000040 
3527.758638 0.000038 
3526.557888 0.000029 
3525.357139 0.000018 
3524.156389 0.000007 
3522.955639 -0.000002 
3521.754890 -0.000010 
3520.554140 -0.000011 
3519.353390 -0.000007 
3518.152641 -0.000005 
3516.951891 -0.000004 
3515.751141 0.000002 
3514.550392 0.000005 
3513.349642 -0.000000 
3512.148892 -0.000006 
3510.948143 -0.000007 
3509.747393 -0.000002 
3508.546644 0.000009 
3507.345894 0.000019 
3506.145144 0.000023 
3504.944395 0.000016 
3503.743645 0.000007 
3502.542895 -0.000001 
3501.342146 -0.000006 
3500.141396 -0.000006 
3498.940646 -0.000005 
3497.739897 -0.000009 
3496.539147 -0.000014 
3495.338397 -0.000017 
3494.137648 -0.000015 
3492.936898 -0.000010 
3491.736148 -0.000005 
3490.535399 -0.000003 
3489.334649 -0.000001 
3488.133899 -0.000002 
3486.933150 -0.000006 
3485.732400 -0.000007 
3484.531651 -0.000006 
3483.330901 -0.000009 
3482.130151 -0.000015 
3480.929402 -0.000019 
3479.728652 -0.000022 
3478.527902 -0.000020 
3477.327153 -0.000012 
3476.126403 -0.000004 
3474.925653 0.000001 
3473.724904 0.000006 
3472.524154 0.000007 
3471.323404 0.000002 
3470.122655 -0.000003 
3468.921905 -0.000007 
3467.721155 -0.000009 
3466.520406 -0.000010 
3465.319656 -0.000010 
3464.118907 -0.000007 
3462.918157 -0.000005 
3461.717407 -0.000006 
3460.516658 -0.000011 
3459.315908 -0.000016 
3458.115158 -0.000019 
3456.914409 -0.000023 
3455.713659 -0.000021 
3454.512909 -0.000018 
3453.312160 -0.000010 
3452.111410 -0.000002 
3450.910660 0.000003 
3449.709911 0.000003 
3448.509161 0.000001 
3447.308411 0.000002 
3446.107662 -0.000000 
3444.906912 -0.000000 
3443.706162 0.000006 
3442.505413 0.000012 
3441.304663 0.000014 
3440.103914 0.000013 
3438.903164 0.000005 
3437.702414 -0.000005 
3436.501665 -0.000010 
3435.300915 -0.000010 
3434.100165 -0.000008 
3432.899416 -0.000001 
3431.698666 0.000003 
3430.497916 0.000000 
3429.297167 -0.000005 
3428.096417 -0.000005 
3426.895667 -0.000003 
3425.694918 0.000001 
3424.494168 0.000004 
3423.293418 0.000002 
3422.092669 -0.000002 
3420.891919 -0.000004 
3419.691169 -0.000006 
3418.490420 -0.000007 
3417.289670 -0.000003 
3416.088921 0.000002 
3414.888171 0.000007 
3413.687421 0.000011 
3412.486672 0.000011 
3411.285922 0.000008 
3410.085172 0.000004 
3408.884423 -0.000000 
3407.683673 -0.000002 
3406.482923 0.000002 
3405.282174 0.000011 
3404.081424 0.000012 
3402.880674 0.000012 
3401.679925 0.000013 
3400.479175 0.000008 
3399.278425 0.000004 
3398.077676 0.000004 
3396.876926 0.000003 
3395.676176 -0.000001 
3394.475427 -0.000002 
3393.274677 0.000001 
3392.073928 0.000004 
3390.873178 0.000007 
3389.672428 0.000010 
3388.471679 0.000011 
3387.270929 0.000011 
3386.070179 0.000010 
3384.869430 0.000009 
3383.668680 0.000010 
3382.467930 0.000013 
3381.267181 0.000015 
3380.066431 0.000015 
3378.865681 0.000014 
3377.664932 0.000012 
3376.464182 0.000011 
3375.263432 0.000012 
3374.062683 0.000014 
3372.861933 0.000016 
3371.661183 0.000018 
3370.460434 0.000016 
3369.259684 0.000010 
3368.058935 0.000008 
3366.858185 0.000008 
3365.657435 0.000005 
3364.456686 0.000002 
3363.255936 0.000002 
3362.055186 0.000003 
3360.854437 0.000004 
3359.653687 0.000005 
3358.452937 0.000008 
3357.252188 0.000013 
3356.051438 0.000018 
3354.850688 0.000019 
3353.649939 0.000019 
3352.449189 0.000017 
3351.248439 0.000011 
3350.047690 0.000006 
3348.846940 0.000009 
3347.646190 0.000013 
3346.445441 0.000015 
3345.244691 0.000018 
3344.043942 0.000018 
3342.843192 0.000016 
3341.642442 0.000016 
3340.441693 0.000015 
3339.240943 0.000014 
3338.040193 0.000014 
3336.839444 0.000013 
3335.638694 0.000010 
3334.437944 0.000008 
3333.237195 0.000010 
3332.036445 0.000009 
3330.835695 0.000008 
3329.634946 0.000012 
3328.434196 0.000013 
3327.233446 0.000009 
3326.032697 0.000005 
3324.831947 0.000004 
3323.631197 0.000005 
3322.430448 0.000007 
3321.229698 0.000010 
3320.028949 0.000013 
3318.828199 0.000014 
3317.627449 0.000016 
3316.426700 0.000018 
3315.225950 0.000022 
3314.025200 0.000026 
3312.824451 0.000025 
3311.623701 0.000021 
3310.422951 0.000017 
3309.222202 0.000010 
3308.021452 0.000004 
3306.820702 0.000000 
3305.619953 -0.000003 
3304.419203 -0.000004 
3303.218453 -0.000001 
3302.017704 0.000003 
3300.816954 0.000005 
3299.616204 0.000004 
3298.415455 0.000000 
3297.214705 -0.000002 
3296.013956 -0.000004 
3294.813206 -0.000004 
3293.612456 -0.000003 
3292.411707 -0.000003 
3291.210957 -0.000004 
3290.010207 -0.000005 
3288.809458 -0.000005 
3287.608708 -0.000003 
3286.407958 -0.000001 
3285.207209 0.000002 
3284.006459 0.000004 
3282.805709 0.000004 
3281.604960 0.000005 
3280.404210 0.000008 
3279.203460 0.000011 
3278.002711 0.000012 
3276.801961 0.000014 
3275.601211 0.000010 
3274.400462 0.000003 
3273.199712 -0.000002 
3271.998963 -0.000007 
3270.798213 -0.000008 
3269.597463 -0.000007 
3268.396714 -0.000003 
3267.195964 0.000001 
3265.995214 0.000003 
3264.794465 0.000005 
3263.593715 0.000005 
3262.392965 0.000004 
3261.192216 0.000002 
3259.991466 -0.000004 
3258.790716 -0.000007 
3257.589967 -0.000009 
3256.389217 -0.000011 
3255.188467 -0.000010 
3253.987718 -0.000006 
3252.786968 -0.000002 
3251.586218 0.000003 
3250.385469 0.000003 
3249.184719 0.000000 
3247.983970 -0.000003 
3246.783220 -0.000006 
3245.582470 -0.000008 
3244.381721 -0.000009 
3243.180971 -0.000005 
3241.980221 -0.000003 
3240.779472 -0.000002 
3239.578722 -0.000000 
3238.377972 0.000000 
3237.177223 -0.000002 
3235.976473 -0.000004 
3234.775723 -0.000004 
3233.574974 -0.000004 
3232.374224 -0.000005 
3231.173474 -0.000008 
3229.972725 -0.000011 
3228.771975 -0.000012 
3227.571225 -0.000011 
3226.370476 -0.000009 
3225.169726 -0.000005 
3223.968977 -0.000002 
3222.768227 -0.000006 
3221.567477 -0.000009 
3220.366728 -0.000009 
3219.165978 -0.000009 
3217.965228 -0.000006 
3216.764479 -0.000001 
3215.563729 0.000003 
3214.362979 0.000003 
3213.162230 0.000006 
3211.961480 0.000009 
3210.760730 0.000006 
3209.559981 0.000002 
3208.359231 -0.000003 
3207.158481 -0.000009 
3205.957732 -0.000012 
3204.756982 -0.000009 
3203.556232 -0.000006 
3202.355483 -0.000005 
3201.154733 -0.000005 
3199.953984 -0.000007 
3198.753234 -0.000010 
3197.552484 -0.000010 
3196.351735 -0.000007 
3195.150985 -0.000003 
3193.950235 -0.000000 
3192.749486 0.000000 
3191.548736 -0.000001 
3190.347986 -0.000003 
3189.147237 -0.000006 
3187.946487 -0.000006 
3186.745737 -0.000001 
3185.544988 0.000004 
3184.344238 0.000004 
3183.143488 0.000002 
3181.942739 -0.000001 
3180.741989 -0.000003 
3179.541239 -0.000003 
3178.340490 -0.000002 
3177.139740 -0.000003 
3175.938991 -0.000006 
3174.738241 -0.000009 
3173.537491 -0.000012 
3172.336742 -0.000012 
3171.135992 -0.000010 
3169.935242 -0.000007 
3168.734493 -0.000005 
3167.533743 -0.000001 
3166.332993 0.000001 
3165.132244 0.000002 
3163.931494 0.000004 
3162.730744 0.000004 
3161.529995 0.000001 
3160.329245 0.000002 
3159.128495 0.000005 
3157.927746 0.000007 
3156.726996 0.000008 
3155.526246 0.000008 
3154.325497 0.000004 
3153.124747 0.000001 
3151.923998 -0.000001 
3150.723248 -0.000002 
3149.522498 -0.000001 
3148.321749 0.000003 
3147.120999 0.000004 
3145.920249 0.000004 
3144.719500 0.000003 
3143.518750 0.000001 
3142.318000 -0.000002 
3141.117251 -0.000005 
3139.916501 -0.000007 
3138.715751 -0.000009 
3137.515002 -0.000006 
3136.314252 -0.000001 
3135.113502 0.000002 
3133.912753 0.000005 
3132.712003 0.000005 
3131.511253 0.000002 
3130.310504 0.000002 
3129.109754 0.000005 
3127.909005 0.000008 
3126.708255 0.000011 
3125.507505 0.000013 
3124.306756 0.000012 
3123.106006 0.000008 
3121.905256 0.000005 
3120.704507 0.000001 
3119.503757 -0.000003 
3118.303007 -0.000004 
3117.102258 -0.000004 
3115.901508 -0.000003 
3114.700758 0.000002 
3113.500009 0.000003 
3112.299259 0.000001 
3111.098509 -0.000001 
3109.897760 -0.000003 
3108.697010 -0.000005 
3107.496260 -0.000004 
3106.295511 0.000002 
3105.094761 0.000006 
3103.894012 0.000007 
3102.693262 0.000007 
3101.492512 0.000005 
3100.291763 0.000003 
3099.091013 0.000003 
3097.890263 0.000002 
3096.689514 0.000003 
3095.488764 0.000005 
3094.288014 0.000005 
3093.087265 0.000004 
3091.886515 0.000005 
3090.685765 0.000006 
3089.485016 0.000006 
3088.284266 0.000006 
3087.083516 0.000004 
3085.882767 0.000000 
3084.682017 0.000000 
3083.481267 0.000001 
3082.280518 -0.000001 
3081.079768 -0.000003 
3079.879019 -0.000004 
3078.678269 -0.000007 
3077.477519 -0.000008 
3076.276770 -0.000005 
3075.076020 -0.000001 
3073.875270 0.000002 
3072.674521 0.000006 
3071.473771 0.000005 
3070.273021 0.000003 
3069.072272 0.000002 
3067.871522 0.000001 
3066.670772 -0.000001 
3065.470023 -0.000000 
3064.269273 0.000001 
3063.068523 0.000000 
3061.867774 0.000002 
3060.667024 0.000005 
3059.466274 0.000004 
3058.265525 0.000005 
3057.064775 0.000010 
3055.864026 0.000011 
3054.663276 0.000009 
3053.462526 0.000009 
3052.261777 0.000007 
3051.061027 0.000005 
3049.860277 0.000006 
3048.659528 0.000007 
3047.458778 0.000009 
3046.258028 0.000009 
3045.057279 0.000007 
3043.856529 0.000003 
3042.655779 0.000003 
3041.455030 0.000004 
3040.254280 0.000004 
3039.053530 0.000005 
3037.852781 0.000006 
3036.652031 0.000004 
3035.451281 0.000002 
3034.250532 0.000001 
3033.049782 0.000001 
3031.849033 0.000002 
3030.648283 0.000007 
3029.447533 0.000011 
3028.246784 0.000013 
3027.046034 0.000015 
3025.845284 0.000014 
3024.644535 0.000012 
3023.443785 0.000012 
3022.243035 0.000013 
3021.042286 0.000015 
3019.841536 0.000018 
3018.640786 0.000018 
3017.440037 0.000016 
3016.239287 0.000014 
3015.038537 0.000012 
3013.837788 0.000009 
3012.637038 0.000008 
3011.436288 0.000007 
3010.235539 0.000004 
3009.034789 0.000005 
3007.834040 0.000010 
3006.633290 0.000013 
3005.432540 0.000017 
3004.231791 0.000022 
3003.031041 0.000025 
3001.830291 0.000022 
3000.629542 0.000020 
2999.428792 0.000018 
2998.228042 0.000017 
2997.027293 0.000016 
2995.826543 0.000013 
2994.625793 0.000012 
2993.425044 0.000013 
2992.224294 0.000012 
2991.023544 0.000012 
2989.822795 0.000016 
2988.622045 0.000019 
2987.421295 0.000018 
2986.220546 0.000020 
2985.019796 0.000024 
2983.819047 0.000022 
2982.618297 0.000021 
2981.417547 0.000020 
2980.216798 0.000014 
2979.016048 0.000008 
2977.815298 0.000005 
2976.614549 0.000003 
2975.413799 0.000002 
2974.213049 0.000004 
2973.012300 0.000006 
2971.811550 0.000007 
2970.610800 0.000009 
2969.410051 0.000010 
2968.209301 0.000009 
2967.008551 0.000010 
2965.807802 0.000009 
2964.607052 0.000006 
2963.406303 0.000006 
2962.205553 0.000006 
2961.004803 0.000006 
2959.804054 0.000007 
2958.603304 0.000010 
2957.402554 0.000011 
2956.201805 0.000010 
2955.001055 0.000010 
2953.800305 0.000011 
2952.599556 0.000012 
2951.398806 0.000013 
2950.198056 0.000012 
2948.997307 0.000012 
2947.796557 0.000011 
2946.595807 0.000010 
2945.395058 0.000009 
2944.194308 0.000011 
2942.993558 0.000012 
2941.792809 0.000012 
2940.592059 0.000012 
2939.391310 0.000011 
2938.190560 0.000010 
2936.989810 0.000011 
2935.789061 0.000011 
2934.588311 0.000011 
2933.387561 0.000012 
2932.186812 0.000012 
2930.986062 0.000012 
2929.785312 0.000013 
2928.584563 0.000013 
2927.383813 0.000011 
2926.183063 0.000010 
2924.982314 0.000010 
2923.781564 0.000010 
2922.580814 0.000010 
2921.380065 0.000012 
2920.179315 0.000013 
2918.978565 0.000012 
2917.777816 0.000013 
2916.577066 0.000014 
2915.376317 0.000011 
2914.175567 0.000009 
2912.974817 0.000005 
2911.774068 0.000001 
2910.573318 0.000000 
2909.372568 0.000003 
2908.171819 0.000006 
2906.971069 0.000011 
2905.770319 0.000014 
2904.569570 0.000014 
2903.368820 0.000012 
2902.168070 0.000014 
2900.967321 0.000014 
2899.766571 0.000012 
2898.565821 0.000012 
2897.365072 0.000010 
2896.164322 0.000007 
2894.963572 0.000005 
2893.762823 0.000007 
2892.562073 0.000009 
2891.361324 0.000009 
2890.160574 0.000009 
2888.959824 0.000007 
2887.759075 0.000006 
2886.558325 0.000009 
2885.357575 0.000012 
2884.156826 0.000014 
2882.956076 0.000015 
2881.755326 0.000015 
2880.554577 0.000016 
2879.353827 0.000017 
2878.153077 0.000015 
2876.952328 0.000012 
2875.751578 0.000008 
2874.550828 0.000002 
2873.350079 -0.000003 
2872.149329 -0.000001 
2870.948579 0.000002 
2869.747830 0.000003 
2868.547080 0.000005 
2867.346331 0.000007 
2866.145581 0.000008 
2864.944831 0.000008 
2863.744082 0.000009 
2862.543332 0.000010 
2861.342582 0.000009 
2860.141833 0.000006 
2858.941083 0.000002 
2857.740333 0.000001 
2856.539584 0.000001 
2855.338834 0.000002 
2854.138084 0.000006 
2852.937335 0.000010 
2851.736585 0.000009 
2850.535835 0.000004 
2849.335086 0.000000 
2848.134336 -0.000001 
2846.933586 -0.000001 
2845.732837 0.000003 
2844.532087 0.000009 
2843.331338 0.000011 
2842.130588 0.000008 
2840.929838 0.000003 
2839.729089 -0.000002 
2838.528339 -0.000005 
2837.327589 -0.000006 
2836.126840 -0.000005 
2834.926090 -0.000003 
2833.725340 -0.000002 
2832.524591 -0.000003 
2831.323841 -0.000004 
2830.123091 -0.000003 
2828.922342 -0.000004 
2827.721592 -0.000004 
2826.520842 0.000000 
2825.320093 0.000004 
2824.119343 0.000007 
2822.918593 0.000010 
2821.717844 0.000009 
2820.517094 0.000006 
2819.316345 0.000003 
2818.115595 0.000004 
2816.914845 0.000006 
2815.714096 0.000007 
2814.513346 0.000007 
2813.312596 0.000005 
2812.111847 0.000004 
2810.911097 0.000003 
2809.710347 0.000003 
2808.509598 0.000006 
2807.308848 0.000009 
2806.108098 0.000011 
2804.907349 0.000013 
2803.706599 0.000016 
2802.505849 0.000017 
2801.305100 0.000015 
2800.104350 0.000012 
2798.903600 0.000009 
2797.702851 0.000009 
2796.502101 0.000011 
2795.301352 0.000015 
2794.100602 0.000019 
2792.899852 0.000020 
2791.699103 0.000017 
2790.498353 0.000014 
2789.297603 0.000012 
2788.096854 0.000011 
2786.896104 0.000010 
2785.695354 0.000012 
2784.494605 0.000014 
2783.293855 0.000014 
2782.093105 0.000016 
2780.892356 0.000020 
2779.691606 0.000021 
2778.490856 0.000021 
2777.290107 0.000021 
2776.089357 0.000019 
2774.888607 0.000017 
2773.687858 0.000017 
2772.487108 0.000019 
2771.286359 0.000021 
2770.085609 0.000023 
2768.884859 0.000021 
2767.684110 0.000019 
2766.483360 0.000017 
2765.282610 0.000018 
2764.081861 0.000020 
2762.881111 0.000023 
2761.680361 0.000023 
2760.479612 0.000021 
2759.278862 0.000019 
2758.078112 0.000018 
2756.877363 0.000019 
2755.676613 0.000022 
2754.475863 0.000025 
2753.275114 0.000026 
2752.074364 0.000024 
2750.873614 0.000024 
2749.672865 0.000022 
2748.472115 0.000021 
2747.271366 0.000022 
2746.070616 0.000021 
2744.869866 0.000019 
2743.669117 0.000019 
2742.468367 0.000021 
2741.267617 0.000023 
2740.066868 0.000023 
2738.866118 0.000023 
2737.665368 0.000021 
2736.464619 0.000019 
2735.263869 0.000019 
2734.063119 0.000023 
2732.862370 0.000027 
2731.661620 0.000029 
2730.460870 0.000029 
2729.260121 0.000027 
2728.059371 0.000025 
2726.858621 0.000025 
2725.657872 0.000025 
2724.457122 0.000024 
2723.256373 0.000023 
2722.055623 0.000022 
2720.854873 0.000021 
2719.654124 0.000020 
2718.453374 0.000021 
2717.252624 0.000022 
2716.051875 0.000021 
2714.851125 0.000021 
2713.650375 0.000024 
2712.449626 0.000025 
2711.248876 0.000024 
2710.048126 0.000022 
2708.847377 0.000019 
2707.646627 0.000014 
2706.445877 0.000010 
2705.245128 0.000008 
2704.044378 0.000006 
2702.843628 0.000003 
2701.642879 -0.000002 
2700.442129 -0.000012 
2699.241380 -0.000023 
2698.040630 -0.000034 
2696.839880 -0.000041 
2695.639131 -0.000044 
2694.438381 -0.000044 
2693.237631 -0.000043 
2692.036882 -0.000041 
2690.836132 -0.000042 
2689.635382 -0.000043 
2688.434633 -0.000042 
2687.233883 -0.000038 
2686.033133 -0.000032 
2684.832384 -0.000026 
2683.631634 -0.000020 
2682.430884 -0.000017 
2681.230135 -0.000019 
2680.029385 -0.000025 
2678.828635 -0.000031 
2677.627886 -0.000037 
2676.427136 -0.000040 
2675.226387 -0.000039 
2674.025637 -0.000038 
2672.824887 -0.000036 
2671.624138 -0.000036 
2670.423388 -0.000038 
2669.222638 -0.000040 
2668.021889 -0.000041 
2666.821139 -0.000040 
2665.620389 -0.000038 
2664.419640 -0.000035 
2663.218890 -0.000033 
2662.018140 -0.000032 
2660.817391 -0.000030 
2659.616641 -0.000029 
2658.415891 -0.000028 
2657.215142 -0.000025 
2656.014392 -0.000023 
2654.813642 -0.000024 
2653.612893 -0.000027 
2652.412143 -0.000028 
2651.211394 -0.000029 
2650.010644 -0.000030 
2648.809894 -0.000030 
2647.609145 -0.000032 
2646.408395 -0.000032 
2645.207645 -0.000033 
2644.006896 -0.000032 
2642.806146 -0.000025 
2641.605396 -0.000019 
2640.404647 -0.000020 
2639.203897 -0.000023 
2638.003147 -0.000028 
2636.802398 -0.000035 
2635.601648 -0.000038 
2634.400898 -0.000034 
2633.200149 -0.000029 
2631.999399 -0.000026 
2630.798649 -0.000022 
2629.597900 -0.000019 
2628.397150 -0.000019 
2627.196401 -0.000016 
2625.995651 -0.000013 
2624.794901 -0.000013 
2623.594152 -0.000012 
2622.393402 -0.000011 
2621.192652 -0.000010 
2619.991903 -0.000009 
2618.791153 -0.000007 
2617.590403 -0.000006 
2616.389654 -0.000006 
2615.188904 -0.000004 
2613.988154 -0.000004 
2612.787405 -0.000002 
2611.586655 0.000002 
2610.385905 0.000004 
2609.185156 0.000005 
2607.984406 0.000007 
2606.783656 0.000011 
2605.582907 0.000014 
2604.382157 0.000018 
2603.181408 0.000021 
2601.980658 0.000021 
2600.779908 0.000020 
2599.579159 0.000020 
2598.378409 0.000021 
2597.177659 0.000025 
2595.976910 0.000028 
2594.776160 0.000028 
2593.575410 0.000025 
2592.374661 0.000024 
2591.173911 0.000023 
2589.973161 0.000024 
2588.772412 0.000028 
2587.571662 0.000030 
2586.370912 0.000031 
2585.170163 0.000033 
2583.969413 0.000032 
2582.768663 0.000029 
2581.567914 0.000027 
2580.367164 0.000023 
2579.166415 0.000019 
2577.965665 0.000018 
2576.764915 0.000021 
2575.564166 0.000023 
2574.363416 0.000026 
2573.162666 0.000029 
2571.961917 0.000028 
2570.761167 0.000028 
2569.560417 0.000028 
2568.359668 0.000030 
2567.158918 0.000031 
2565.958168 0.000033 
2564.757419 0.000034 
2563.556669 0.000034 
2562.355919 0.000037 
2561.155170 0.000040 
2559.954420 0.000041 
2558.753670 0.000044 
2557.552921 0.000046 
2556.352171 0.000045 
2555.151422 0.000047 
2553.950672 0.000049 
2552.749922 0.000050 
2551.549173 0.000049 
2550.348423 0.000048 
2549.147673 0.000045 
2547.946924 0.000043 
2546.746174 0.000042 
2545.545424 0.000040 
2544.344675 0.000041 
2543.143925 0.000044 
2541.943175 0.000045 
2540.742426 0.000047 
2539.541676 0.000051 
2538.340926 0.000054 
2537.140177 0.000054 
2535.939427 0.000053 
2534.738677 0.000050 
2533.537928 0.000045 
2532.337178 0.000043 
2531.136429 0.000043 
2529.935679 0.000043 
2528.734929 0.000044 
2527.534180 0.000045 
2526.333430 0.000042 
2525.132680 0.000041 
2523.931931 0.000044 
2522.731181 0.000045 
2521.530431 0.000045 
2520.329682 0.000044 
2519.128932 0.000040 
2517.928182 0.000037 
2516.727433 0.000038 
2515.526683 0.000040 
2514.325933 0.000043 
2513.125184 0.000045 
2511.924434 0.000043 
2510.723684 0.000039 
2509.522935 0.000035 
2508.322185 0.000032 
2507.121436 0.000031 
2505.920686 0.000031 
2504.719936 0.000033 
2503.519187 0.000034 
2502.318437 0.000039 
2501.117687 0.000046 
2499.916938 0.000056 
2498.716188 0.000072 
2497.515438 0.000091 
2496.314689 0.000110 
2495.113939 0.000131 
2493.913189 0.000154 
2492.712440 0.000178 
2491.511690 0.000203 
2490.310940 0.000229 
2489.110191 0.000254 
2487.909441 0.000280 
2486.708691 0.000308 
2485.507942 0.000335 
2484.307192 0.000363 
2483.106443 0.000396 
2481.905693 0.000430 
2480.704943 0.000467 
2479.504194 0.000510 
2478.303444 0.000560 
2477.102694 0.000614 
2475.901945 0.000678 
2474.701195 0.000752 
2473.500445 0.000832 
2472.299696 0.000925 
2471.098946 0.001031 
2469.898196 0.001145 
2468.697447 0.001268 
2467.496697 0.001395 
2466.295947 0.001515 
2465.095198 0.001618 
2463.894448 0.001696 
2462.693698 0.001737 
2461.492949 0.001733 
2460.292199 0.001681 
2459.091450 0.001576 
2457.890700 0.001431 
2456.689950 0.001259 
2455.489201 0.001072 
2454.288451 0.000886 
2453.087701 0.000712 
2451.886952 0.000558 
2450.686202 0.000431 
2449.485452 0.000334 
2448.284703 0.000263 
2447.083953 0.000217 
2445.883203 0.000187 
2444.682454 0.000169 
2443.481704 0.000157 
2442.280954 0.000150 
2441.080205 0.000146 
2439.879455 0.000142 
2438.678706 0.000136 
2437.477956 0.000129 
2436.277206 0.000118 
2435.076457 0.000104 
2433.875707 0.000093 
2432.674957 0.000083 
2431.474208 0.000073 
2430.273458 0.000065 
2429.072708 0.000058 
2427.871959 0.000051 
2426.671209 0.000046 
2425.470459 0.000045 
2424.269710 0.000046 
2423.068960 0.000048 
2421.868210 0.000048 
2420.667461 0.000044 
2419.466711 0.000040 
2418.265961 0.000037 
2417.065212 0.000035 
2415.864462 0.000034 
2414.663713 0.000035 
2413.462963 0.000032 
2412.262213 0.000030 
2411.061464 0.000030 
2409.860714 0.000031 
2408.659964 0.000031 
2407.459215 0.000031 
2406.258465 0.000028 
2405.057715 0.000023 
2403.856966 0.000023 
2402.656216 0.000024 
2401.455466 0.000024 
2400.254717 0.000025 
2399.053967 0.000025 
2397.853217 0.000021 
2396.652468 0.000020 
2395.451718 0.000022 
2394.250968 0.000023 
2393.050219 0.000024 
2391.849469 0.000024 
2390.648720 0.000022 
2389.447970 0.000018 
2388.247220 0.000019 
2387.046471 0.000020 
2385.845721 0.000021 
2384.644971 0.000022 
2383.444222 0.000021 
2382.243472 0.000018 
2381.042722 0.000018 
2379.841973 0.000020 
2378.641223 0.000024 
2377.440473 0.000029 
2376.239724 0.000032 
2375.038974 0.000031 
2373.838224 0.000028 
2372.637475 0.000027 
2371.436725 0.000025 
2370.235975 0.000022 
2369.035226 0.000022 
2367.834476 0.000023 
2366.633727 0.000022 
2365.432977 0.000020 
2364.232227 0.000019 
2363.031478 0.000018 
2361.830728 0.000015 
2360.629978 0.000010 
2359.429229 0.000004 
2358.228479 -0.000001 
2357.027729 -0.000007 
2355.826980 -0.000019 
2354.626230 -0.000019 
2353.425480 0.000022 
2352.224731 0.000162 
2351.023981 0.000538 
2349.823231 0.001196 
2348.622482 0.002122 
2347.421732 0.003151 
2346.220982 0.003942 
2345.020233 0.004239 
2343.819483 0.003931 
2342.618734 0.003076 
2341.417984 0.002038 
2340.217234 0.001096 
2339.016485 0.000476 
2337.815735 0.000171 
2336.614985 0.000059 
2335.414236 0.000037 
2334.213486 0.000040 
2333.012736 0.000050 
2331.811987 0.000067 
2330.611237 0.000081 
2329.410487 0.000089 
2328.209738 0.000092 
2327.008988 0.000087 
2325.808238 0.000072 
2324.607489 0.000053 
2323.406739 0.000039 
2322.205989 0.000027 
2321.005240 0.000021 
2319.804490 0.000022 
2318.603741 0.000021 
2317.402991 0.000018 
2316.202241 0.000012 
2315.001492 0.000002 
2313.800742 -0.000012 
2312.599992 -0.000022 
2311.399243 -0.000025 
2310.198493 -0.000027 
2308.997743 -0.000023 
2307.796994 -0.000017 
2306.596244 -0.000011 
2305.395494 -0.000001 
2304.194745 0.000012 
2302.993995 0.000027 
2301.793245 0.000045 
2300.592496 0.000067 
2299.391746 0.000089 
2298.190996 0.000115 
2296.990247 0.000148 
2295.789497 0.000181 
2294.588748 0.000213 
2293.387998 0.000243 
2292.187248 0.000262 
2290.986499 0.000271 
2289.785749 0.000273 
2288.584999 0.000260 
2287.384250 0.000234 
2286.183500 0.000202 
2284.982750 0.000169 
2283.782001 0.000138 
2282.581251 0.000117 
2281.380501 0.000107 
2280.179752 0.000101 
2278.979002 0.000095 
2277.778252 0.000087 
2276.577503 0.000073 
2275.376753 0.000058 
2274.176003 0.000047 
2272.975254 0.000038 
2271.774504 0.000031 
2270.573755 0.000028 
2269.373005 0.000024 
2268.172255 0.000021 
2266.971506 0.000022 
2265.770756 0.000023 
2264.570006 0.000023 
2263.369257 0.000026 
2262.168507 0.000026 
2260.967757 0.000023 
2259.767008 0.000023 
2258.566258 0.000025 
2257.365508 0.000024 
2256.164759 0.000024 
2254.964009 0.000024 
2253.763259 0.000022 
2252.562510 0.000019 
2251.361760 0.000019 
2250.161010 0.000018 
2248.960261 0.000017 
2247.759511 0.000019 
2246.558762 0.000018 
2245.358012 0.000017 
2244.157262 0.000019 
2242.956513 0.000020 
2241.755763 0.000019 
2240.555013 0.000020 
2239.354264 0.000022 
2238.153514 0.000021 
2236.952764 0.000020 
2235.752015 0.000022 
2234.551265 0.000022 
2233.350515 0.000022 
2232.149766 0.000022 
2230.949016 0.000020 
2229.748266 0.000020 
2228.547517 0.000021 
2227.346767 0.000021 
2226.146017 0.000021 
2224.945268 0.000024 
2223.744518 0.000022 
2222.543769 0.000021 
2221.343019 0.000022 
2220.142269 0.000023 
2218.941520 0.000023 
2217.740770 0.000023 
2216.540020 0.000022 
2215.339271 0.000018 
2214.138521 0.000017 
2212.937771 0.000020 
2211.737022 0.000020 
2210.536272 0.000020 
2209.335522 0.000020 
2208.134773 0.000015 
2206.934023 0.000010 
2205.733273 0.000009 
2204.532524 0.000007 
2203.331774 0.000006 
2202.131024 0.000007 
2200.930275 0.000007 
2199.729525 0.000005 
2198.528776 0.000005 
2197.328026 0.000004 
2196.127276 0.000001 
2194.926527 -0.000001 
2193.725777 -0.000002 
2192.525027 -0.000006 
2191.324278 -0.000007 
2190.123528 -0.000008 
2188.922778 -0.000009 
2187.722029 -0.000010 
2186.521279 -0.000010 
2185.320529 -0.000011 
2184.119780 -0.000011 
2182.919030 -0.000011 
2181.718280 -0.000014 
2180.517531 -0.000017 
2179.316781 -0.000020 
2178.116031 -0.000023 
2176.915282 -0.000024 
2175.714532 -0.000021 
2174.513783 -0.000020 
2173.313033 -0.000021 
2172.112283 -0.000022 
2170.911534 -0.000023 
2169.710784 -0.000026 
2168.510034 -0.000024 
2167.309285 -0.000020 
2166.108535 -0.000018 
2164.907785 -0.000014 
2163.707036 -0.000012 
2162.506286 -0.000013 
2161.305536 -0.000012 
2160.104787 -0.000010 
2158.904037 -0.000009 
2157.703287 -0.000007 
2156.502538 -0.000006 
2155.301788 -0.000008 
2154.101038 -0.000010 
2152.900289 -0.000010 
2151.699539 -0.000012 
2150.498790 -0.000014 
2149.298040 -0.000012 
2148.097290 -0.000011 
2146.896541 -0.000012 
2145.695791 -0.000010 
2144.495041 -0.000007 
2143.294292 -0.000008 
2142.093542 -0.000010 
2140.892792 -0.000010 
2139.692043 -0.000012 
2138.491293 -0.000010 
2137.290543 -0.000006 
2136.089794 -0.000005 
2134.889044 -0.000005 
2133.688294 -0.000005 
2132.487545 -0.000010 
2131.286795 -0.000013 
2130.086045 -0.000011 
2128.885296 -0.000012 
2127.684546 -0.000013 
2126.483797 -0.000013 
2125.283047 -0.000014 
2124.082297 -0.000016 
2122.881548 -0.000014 
2121.680798 -0.000013 
2120.480048 -0.000015 
2119.279299 -0.000015 
2118.078549 -0.000015 
2116.877799 -0.000016 
2115.677050 -0.000013 
2114.476300 -0.000009 
2113.275550 -0.000009 
2112.074801 -0.000010 
2110.874051 -0.000009 
2109.673301 -0.000012 
2108.472552 -0.000012 
2107.271802 -0.000009 
2106.071052 -0.000007 
2104.870303 -0.000007 
2103.669553 -0.000005 
2102.468804 -0.000004 
2101.268054 -0.000004 
2100.067304 -0.000002 
2098.866555 -0.000000 
2097.665805 -0.000003 
2096.465055 -0.000003 
2095.264306 -0.000003 
2094.063556 -0.000005 
2092.862806 -0.000004 
2091.662057 -0.000002 
2090.461307 -0.000002 
2089.260557 -0.000003 
2088.059808 -0.000002 
2086.859058 -0.000002 
2085.658308 0.000001 
2084.457559 0.000004 
2083.256809 0.000004 
2082.056059 0.000003 
2080.855310 0.000003 
2079.654560 0.000000 
2078.453811 -0.000002 
2077.253061 0.000001 
2076.052311 0.000002 
2074.851562 0.000000 
2073.650812 0.000001 
2072.450062 0.000001 
2071.249313 -0.000002 
2070.048563 -0.000000 
2068.847813 0.000003 
2067.647064 0.000001 
2066.446314 0.000002 
2065.245564 0.000006 
2064.044815 0.000005 
2062.844065 0.000004 
2061.643315 0.000007 
2060.442566 0.000006 
2059.241816 0.000001 
2058.041066 0.000001 
2056.840317 -0.000000 
2055.639567 -0.000001 
2054.438818 0.000002 
2053.238068 0.000003 
2052.037318 0.000001 
2050.836569 0.000000 
2049.635819 -0.000000 
2048.435069 -0.000003 
2047.234320 -0.000000 
2046.033570 0.000005 
2044.832820 0.000005 
2043.632071 0.000002 
2042.431321 0.000001 
2041.230571 -0.000001 
2040.029822 -0.000001 
2038.829072 0.000004 
2037.628322 0.000005 
2036.427573 0.000005 
2035.226823 0.000005 
2034.026073 0.000001 
2032.825324 -0.000002 
2031.624574 -0.000000 
2030.423825 -0.000000 
2029.223075 -0.000003 
2028.022325 -0.000003 
2026.821576 0.000000 
2025.620826 0.000000 
2024.420076 0.000003 
2023.219327 0.000006 
2022.018577 0.000005 
2020.817827 0.000006 
2019.617078 0.000007 
2018.416328 0.000005 
2017.215578 0.000005 
2016.014829 0.000005 
2014.814079 0.000000 
2013.613329 -0.000003 
2012.412580 -0.000002 
2011.211830 -0.000003 
2010.011080 -0.000004 
2008.810331 0.000001 
2007.609581 0.000003 
2006.408832 0.000000 
2005.208082 -0.000001 
2004.007332 -0.000003 
2002.806583 -0.000007 
2001.605833 -0.000007 
2000.405083 -0.000006 
1999.204334 -0.000008 
1998.003584 -0.000005 
1996.802834 0.000005 
1995.602085 0.000007 
1994.401335 0.000006 
1993.200585 0.000009 
1991.999836 0.000004 
1990.799086 -0.000003 
1989.598336 -0.000004 
1988.397587 -0.000003 
1987.196837 -0.000000 
1985.996087 0.000003 
1984.795338 0.000004 
1983.594588 0.000001 
1982.393839 0.000002 
1981.193089 0.000003 
1979.992339 0.000001 
1978.791590 0.000002 
1977.590840 0.000003 
1976.390090 -0.000001 
1975.189341 -0.000002 
1973.988591 -0.000001 
1972.787841 -0.000000 
1971.587092 0.000005 
1970.386342 0.000011 
1969.185592 0.000010 
1967.984843 0.000007 
1966.784093 0.000008 
1965.583343 0.000005 
1964.382594 0.000003 
1963.181844 0.000008 
1961.981094 0.000008 
1960.780345 0.000003 
1959.579595 0.000005 
1958.378846 0.000008 
1957.178096 0.000007 
1955.977346 0.000009 
1954.776597 0.000011 
1953.575847 0.000009 
1952.375097 0.000007 
1951.174348 0.000008 
1949.973598 0.000003 
1948.772848 0.000001 
1947.572099 0.000014 
1946.371349 0.000017 
1945.170599 0.000016 
1943.969850 0.000019 
1942.769100 0.000012 
1941.568350 0.000002 
1940.367601 -0.000002 
1939.166851 -0.000002 
1937.966102 0.000002 
1936.765352 0.000006 
1935.564602 0.000008 
1934.363853 0.000004 
1933.163103 0.000005 
1931.962353 0.000009 
1930.761604 0.000008 
1929.560854 0.000010 
1928.360104 0.000017 
1927.159355 0.000020 
1925.958605 0.000019 
1924.757855 0.000014 
1923.557106 0.000009 
1922.356356 0.000013 
1921.155606 0.000015 
1919.954857 0.000010 
1918.754107 0.000006 
1917.553357 0.000004 
1916.352608 -0.000007 
1915.151858 -0.000015 
1913.951109 -0.000001 
1912.750359 0.000009 
1911.549609 0.000010 
1910.348860 0.000012 
1909.148110 0.000010 
1907.947360 0.000001 
1906.746611 -0.000003 
1905.545861 0.000000 
1904.345111 -0.000002 
1903.144362 -0.000000 
1901.943612 0.000004 
1900.742862 0.000004 
1899.542113 0.000005 
1898.341363 0.000011 
1897.140613 0.000010 
1895.939864 0.000005 
1894.739114 0.000010 
1893.538364 0.000012 
1892.337615 0.000007 
1891.136865 0.000009 
1889.936116 0.000008 
1888.735366 0.000002 
1887.534616 -0.000000 
1886.333867 -0.000002 
1885.133117 -0.000004 
1883.932367 -0.000005 
1882.731618 -0.000005 
1881.530868 -0.000007 
1880.330118 -0.000002 
1879.129369 0.000005 
1877.928619 0.000002 
1876.727869 -0.000004 
1875.527120 -0.000006 
1874.326370 -0.000002 
1873.125620 0.000008 
1871.924871 0.000021 
1870.724121 0.000021 
1869.523371 0.000010 
1868.322622 0.000001 
1867.121872 -0.000011 
1865.921123 -0.000016 
1864.720373 -0.000002 
1863.519623 0.000010 
1862.318874 0.000010 
1861.118124 0.000010 
1859.917374 0.000011 
1858.716625 0.000005 
1857.515875 0.000005 
1856.315125 0.000009 
1855.114376 0.000004 
1853.913626 0.000002 
1852.712876 0.000009 
1851.512127 0.000008 
1850.311377 0.000012 
1849.110627 0.000047 
1847.909878 0.000062 
1846.709128 0.000055 
1845.508378 0.000045 
1844.307629 0.000028 
1843.106879 0.000004 
1841.906130 -0.000009 
1840.705380 -0.000002 
1839.504630 0.000010 
1838.303881 0.000009 
1837.103131 0.000005 
1835.902381 -0.000008 
1834.701632 0.000006 
1833.500882 0.000022 
1832.300132 0.000022 
1831.099383 0.000016 
1829.898633 0.000025 
1828.697883 0.000017 
1827.497134 -0.000004 
1826.296384 -0.000008 
1825.095634 -0.000008 
1823.894885 -0.000019 
1822.694135 -0.000020 
1821.493385 -0.000012 
1820.292636 -0.000005 
1819.091886 -0.000002 
1817.891137 -0.000005 
1816.690387 -0.000012 
1815.489637 -0.000006 
1814.288888 0.000002 
1813.088138 0.000003 
1811.887388 0.000007 
1810.686639 0.000009 
1809.485889 -0.000002 
1808.285139 -0.000010 
1807.084390 -0.000001 
1805.883640 0.000006 
1804.682890 0.000014 
1803.482141 0.000025 
1802.281391 0.000017 
1801.080641 0.000006 
1799.879892 -0.000003 
1798.679142 -0.000015 
1797.478392 -0.000001 
1796.277643 0.000022 
1795.076893 0.000037 
1793.876144 0.000023 
1792.675394 0.000011 
1791.474644 -0.000003 
1790.273895 -0.000024 
1789.073145 -0.000017 
1787.872395 0.000001 
1786.671646 0.000003 
1785.470896 0.000009 
1784.270146 0.000013 
1783.069397 0.000004 
1781.868647 -0.000007 
1780.667897 0.000003 
1779.467148 -0.000005 
1778.266398 -0.000011 
1777.065648 0.000025 
1775.864899 0.000047 
1774.664149 0.000035 
1773.463399 0.000029 
1772.262650 0.000022 
1771.061900 -0.000001 
1769.861151 -0.000022 
1768.660401 -0.000019 
1767.459651 -0.000006 
1766.258902 0.000011 
1765.058152 0.000016 
1763.857402 0.000017 
1762.656653 0.000016 
1761.455903 0.000023 
1760.255153 0.000009 
1759.054404 -0.000011 
1757.853654 -0.000009 
1756.652904 -0.000001 
1755.452155 0.000015 
1754.251405 0.000035 
1753.050655 0.000056 
1751.849906 0.000062 
1750.649156 0.000051 
1749.448406 0.000023 
1748.247657 0.000001 
1747.046907 0.000010 
1745.846158 0.000013 
1744.645408 0.000023 
1743.444658 0.000033 
1742.243909 0.000027 
1741.043159 -0.000001 
1739.842409 0.000003 
1738.641660 0.000060 
1737.440910 0.000079 
1736.240160 0.000078 
1735.039411 0.000086 
1733.838661 0.000059 
1732.637911 0.000013 
1731.437162 -0.000018 
1730.236412 -0.000010 
1729.035662 0.000009 
1727.834913 0.000016 
1726.634163 0.000011 
1725.433413 0.000004 
1724.232664 0.000006 
1723.031914 0.000030 
1721.831165 0.000051 
1720.630415 0.000061 
1719.429665 0.000072 
1718.228916 0.000054 
1717.028166 0.000023 
1715.827416 -0.000005 
1714.626667 -0.000019 
1713.425917 -0.000009 
1712.225167 -0.000000 
1711.024418 0.000007 
1709.823668 0.000025 
1708.622918 0.000037 
1707.422169 0.000018 
1706.221419 0.000008 
1705.020669 0.000070 
1703.819920 0.000100 
1702.619170 0.000092 
1701.418420 0.000103 
1700.217671 0.000117 
1699.016921 0.000075 
1697.816172 0.000014 
1696.615422 0.000003 
1695.414672 0.000009 
1694.213923 -0.000003 
1693.013173 0.000005 
1691.812423 0.000025 
1690.611674 0.000040 
1689.410924 0.000079 
1688.210174 0.000106 
1687.009425 0.000096 
1685.808675 0.000079 
1684.607925 0.000056 
1683.407176 0.000018 
1682.206426 -0.000021 
1681.005676 -0.000022 
1679.804927 0.000026 
1678.604177 0.000047 
1677.403427 0.000032 
1676.202678 0.000016 
1675.001928 0.000015 
1673.801179 0.000023 
1672.600429 0.000009 
1671.399679 0.000011 
1670.198930 0.000013 
1668.998180 -0.000015 
1667.797430 -0.000014 
1666.596681 0.000002 
1665.395931 0.000012 
1664.195181 0.000018 
1662.994432 0.000011 
1661.793682 -0.000011 
1660.592932 -0.000036 
1659.392183 -0.000026 
1658.191433 0.000032 
1656.990683 0.000081 
1655.789934 0.000078 
1654.589184 0.000045 
1653.388434 0.000002 
1652.187685 -0.000020 
1650.986935 -0.000018 
1649.786186 -0.000006 
1648.585436 0.000033 
1647.384686 0.000024 
1646.183937 -0.000019 
1644.983187 -0.000049 
1643.782437 -0.000052 
1642.581688 -0.000040 
1641.380938 -0.000010 
1640.180188 0.000036 
1638.979439 0.000040 
1637.778689 0.000018 
1636.577939 -0.000004 
1635.377190 -0.000038 
1634.176440 -0.000069 
1632.975690 -0.000063 
1631.774941 -0.000032 
1630.574191 -0.000010 
1629.373441 -0.000004 
1628.172692 0.000007 
1626.971942 0.000000 
1625.771193 -0.000003 
1624.570443 0.000002 
1623.369693 -0.000004 
1622.168944 0.000010 
1620.968194 0.000040 
1619.767444 0.000053 
1618.566695 0.000058 
1617.365945 0.000057 
1616.165195 0.000040 
1614.964446 0.000026 
1613.763696 0.000038 
1612.562946 0.000068 
1611.362197 0.000083 
1610.161447 0.000089 
1608.960697 0.000084 
1607.759948 0.000074 
1606.559198 0.000076 
1605.358448 0.000080 
1604.157699 0.000071 
1602.956949 0.000069 
1601.756200 0.000066 
1600.555450 0.000051 
1599.354700 0.000048 
1598.153951 0.000050 
1596.953201 0.000039 
1595.752451 0.000033 
1594.551702 0.000036 
1593.350952 0.000025 
1592.150202 0.000016 
1590.949453 0.000021 
1589.748703 0.000019 
1588.547953 0.000011 
1587.347204 0.000015 
1586.146454 0.000010 
1584.945704 -0.000002 
1583.744955 -0.000002 
1582.544205 -0.000007 
1581.343455 0.000001 
1580.142706 0.000025 
1578.941956 0.000031 
1577.741207 0.000016 
1576.540457 0.000001 
1575.339707 -0.000002 
1574.138958 -0.000007 
1572.938208 -0.000010 
1571.737458 0.000009 
1570.536709 0.000004 
1569.335959 -0.000000 
1568.135209 -0.000002 
1566.934460 -0.000017 
1565.733710 -0.000012 
1564.532960 0.000032 
1563.332211 0.000057 
1562.131461 0.000052 
1560.930711 0.000028 
1559.729962 0.000006 
1558.529212 -0.000025 
1557.328462 -0.000052 
1556.127713 -0.000043 
1554.926963 -0.000013 
1553.726214 0.000021 
1552.525464 0.000018 
1551.324714 0.000001 
1550.123965 0.000018 
1548.923215 0.000029 
1547.722465 0.000020 
1546.521716 0.000030 
1545.320966 0.000056 
1544.120216 0.000076 
1542.919467 0.000077 
1541.718717 0.000075 
1540.517967 0.000066 
1539.317218 0.000045 
1538.116468 0.000061 
1536.915718 0.000072 
1535.714969 0.000081 
1534.514219 0.000096 
1533.313469 0.000088 
1532.112720 0.000065 
1530.911970 0.000067 
1529.711221 0.000091 
1528.510471 0.000095 
1527.309721 0.000107 
1526.108972 0.000129 
1524.908222 0.000134 
1523.707472 0.000120 
1522.506723 0.000122 
1521.305973 0.000127 
1520.105223 0.000121 
1518.904474 0.000118 
1517.703724 0.000119 
1516.502974 0.000123 
1515.302225 0.000120 
1514.101475 0.000106 
1512.900725 0.000112 
1511.699976 0.000161 
1510.499226 0.000209 
1509.298476 0.000210 
1508.097727 0.000196 
1506.896977 0.000164 
1505.696228 0.000110 
1504.495478 0.000073 
1503.294728 0.000076 
1502.093979 0.000094 
1500.893229 0.000118 
1499.692479 0.000120 
1498.491730 0.000103 
1497.290980 0.000088 
1496.090230 0.000087 
1494.889481 0.000092 
1493.688731 0.000088 
1492.487981 0.000102 
1491.287232 0.000107 
1490.086482 0.000090 
1488.885732 0.000085 
1487.684983 0.000080 
1486.484233 0.000077 
1485.283483 0.000088 
1484.082734 0.000091 
1482.881984 0.000089 
1481.681235 0.000098 
1480.480485 0.000111 
1479.279735 0.000104 
1478.078986 0.000113 
1476.878236 0.000139 
1475.677486 0.000138 
1474.476737 0.000124 
1473.275987 0.000120 
1472.075237 0.000111 
1470.874488 0.000101 
1469.673738 0.000121 
1468.472988 0.000138 
1467.272239 0.000144 
1466.071489 0.000149 
1464.870739 0.000141 
1463.669990 0.000131 
1462.469240 0.000151 
1461.268490 0.000187 
1460.067741 0.000193 
1458.866991 0.000183 
1457.666242 0.000173 
1456.465492 0.000151 
1455.264742 0.000140 
1454.063993 0.000152 
1452.863243 0.000176 
1451.662493 0.000199 
1450.461744 0.000213 
1449.260994 0.000216 
1448.060244 0.000223 
1446.859495 0.000238 
1445.658745 0.000238 
1444.457995 0.000234 
1443.257246 0.000248 
1442.056496 0.000257 
1440.855746 0.000273 
1439.654997 0.000287 
1438.454247 0.000294 
1437.253497 0.000290 
1436.052748 0.000296 
1434.851998 0.000305 
1433.651249 0.000303 
1432.450499 0.000321 
1431.249749 0.000335 
1430.049000 0.000326 
1428.848250 0.000336 
1427.647500 0.000355 
1426.446751 0.000357 
1425.246001 0.000367 
1424.045251 0.000396 
1422.844502 0.000395 
1421.643752 0.000386 
1420.443002 0.000389 
1419.242253 0.000390 
1418.041503 0.000383 
1416.840753 0.000392 
1415.640004 0.000410 
1414.439254 0.000422 
1413.238505 0.000432 
1412.037755 0.000438 
1410.837005 0.000432 
1409.636256 0.000447 
1408.435506 0.000459 
1407.234756 0.000455 
1406.034007 0.000457 
1404.833257 0.000464 
1403.632507 0.000462 
1402.431758 0.000465 
1401.231008 0.000480 
1400.030258 0.000487 
1398.829509 0.000494 
1397.628759 0.000506 
1396.428009 0.000501 
1395.227260 0.000494 
1394.026510 0.000504 
1392.825760 0.000500 
1391.625011 0.000498 
1390.424261 0.000515 
1389.223512 0.000524 
1388.022762 0.000519 
1386.822012 0.000527 
1385.621263 0.000531 
1384.420513 0.000522 
1383.219763 0.000533 
1382.019014 0.000547 
1380.818264 0.000540 
1379.617514 0.000552 
1378.416765 0.000576 
1377.216015 0.000576 
1376.015265 0.000575 
1374.814516 0.000586 
1373.613766 0.000584 
1372.413016 0.000586 
1371.212267 0.000605 
1370.011517 0.000620 
1368.810767 0.000632 
1367.610018 0.000668 
1366.409268 0.000694 
1365.208519 0.000710 
1364.007769 0.000746 
1362.807019 0.000780 
1361.606270 0.000809 
1360.405520 0.000873 
1359.204770 0.000965 
1358.004021 0.001073 
1356.803271 0.001235 
1355.602521 0.001443 
1354.401772 0.001660 
1353.201022 0.002053 
1352.000272 0.003365 
1350.799523 0.006221 
1349.598773 0.010962 
1348.398023 0.017495 
1347.197274 0.025022 
1345.996524 0.032624 
1344.795774 0.039617 
1343.595025 0.045456 
1342.394275 0.050499 
1341.193526 0.055047 
1339.992776 0.059139 
1338.792026 0.062566 
1337.591277 0.065434 
1336.390527 0.067839 
1335.189777 0.069620 
1333.989028 0.071118 
1332.788278 0.072336 
1331.587528 0.072981 
1330.386779 0.073009 
1329.186029 0.072634 
1327.985279 0.071969 
1326.784530 0.070853 
1325.583780 0.069389 
1324.383030 0.067792 
1323.182281 0.065758 
1321.981531 0.063006 
1320.780781 0.059483 
1319.580032 0.055067 
1318.379282 0.049423 
1317.178533 0.042786 
1315.977783 0.035559 
1314.777033 0.028558 
1313.576284 0.022450 
1312.375534 0.017592 
1311.174784 0.014126 
1309.974035 0.011850 
1308.773285 0.010181 
1307.572535 0.008766 
1306.371786 0.007386 
1305.171036 0.006003 
1303.970286 0.004691 
1302.769537 0.003543 
1301.568787 0.002605 
1300.368037 0.001871 
1299.167288 0.001350 
1297.966538 0.001009 
1296.765788 0.000769 
1295.565039 0.000617 
1294.364289 0.000520 
1293.163540 0.000440 
1291.962790 0.000382 
1290.762040 0.000342 
1289.561291 0.000294 
1288.360541 0.000251 
1287.159791 0.000222 
1285.959042 0.000188 
1284.758292 0.000158 
1283.557542 0.000145 
1282.356793 0.000129 
1281.156043 0.000107 
1279.955293 0.000097 
1278.754544 0.000085 
1277.553794 0.000066 
1276.353044 0.000060 
1275.152295 0.000054 
1273.951545 0.000040 
1272.750795 0.000035 
1271.550046 0.000030 
1270.349296 0.000018 
1269.148547 0.000015 
1267.947797 0.000016 
1266.747047 0.000007 
1265.546298 0.000000 
1264.345548 0.000001 
1263.144798 -0.000007 
1261.944049 -0.000012 
1260.743299 -0.000008 
1259.542549 -0.000012 
1258.341800 -0.000017 
1257.141050 -0.000016 
1255.940300 -0.000020 
1254.739551 -0.000026 
1253.538801 -0.000021 
1252.338051 -0.000020 
1251.137302 -0.000022 
1249.936552 -0.000016 
1248.735802 -0.000014 
1247.535053 -0.000019 
1246.334303 -0.000017 
1245.133554 -0.000015 
1243.932804 -0.000021 
1242.732054 -0.000019 
1241.531305 -0.000015 
1240.330555 -0.000019 
1239.129805 -0.000017 
1237.929056 -0.000012 
1236.728306 -0.000015 
1235.527556 -0.000014 
1234.326807 -0.000008 
1233.126057 -0.000010 
1231.925307 -0.000011 
1230.724558 -0.000005 
1229.523808 -0.000007 
1228.323058 -0.000011 
1227.122309 -0.000006 
1225.921559 -0.000008 
1224.720809 -0.000014 
1223.520060 -0.000011 
1222.319310 -0.000010 
1221.118561 -0.000014 
1219.917811 -0.000009 
1218.717061 -0.000005 
1217.516312 -0.000010 
1216.315562 -0.000007 
1215.114812 -0.000005 
1213.914063 -0.000013 
1212.713313 -0.000013 
1211.512563 -0.000008 
1210.311814 -0.000012 
1209.111064 -0.000011 
1207.910314 -0.000005 
1206.709565 -0.000010 
1205.508815 -0.000014 
1204.308065 -0.000010 
1203.107316 -0.000014 
1201.906566 -0.000018 
1200.705816 -0.000012 
1199.505067 -0.000013 
1198.304317 -0.000018 
1197.103568 -0.000014 
1195.902818 -0.000016 
1194.702068 -0.000023 
1193.501319 -0.000018 
1192.300569 -0.000017 
1191.099819 -0.000024 
1189.899070 -0.000020 
1188.698320 -0.000016 
1187.497570 -0.000024 
1186.296821 -0.000022 
1185.096071 -0.000015 
1183.895321 -0.000020 
1182.694572 -0.000020 
1181.493822 -0.000013 
1180.293072 -0.000018 
1179.092323 -0.000018 
1177.891573 -0.000008 
1176.690823 -0.000009 
1175.490074 -0.000011 
1174.289324 -0.000000 
1173.088575 -0.000003 
1171.887825 -0.000010 
1170.687075 -0.000002 
1169.486326 -0.000002 
1168.285576 -0.000010 
1167.084826 -0.000005 
1165.884077 -0.000005 
1164.683327 -0.000024 
1163.482577 -0.000052 
1162.281828 -0.000143 
1161.081078 -0.000344 
1159.880328 -0.000360 
1158.679579 0.000415 
1157.478829 0.002678 
1156.278079 0.007324 
1155.077330 0.013821 
1153.876580 0.021417 
1152.675830 0.028957 
1151.475081 0.035033 
1150.274331 0.038700 
1149.073582 0.039300 
1147.872832 0.036138 
1146.672082 0.030203 
1145.471333 0.022597 
1144.270583 0.014990 
1143.069833 0.008850 
1141.869084 0.004681 
1140.668334 0.002428 
1139.467584 0.001520 
1138.266835 0.000973 
1137.066085 0.000490 
1135.865335 0.000142 
1134.664586 -0.000017 
1133.463836 -0.000055 
1132.263086 -0.000052 
1131.062337 -0.000055 
1129.861587 -0.000056 
1128.660837 -0.000045 
1127.460088 -0.000023 
1126.259338 0.000020 
1125.058589 0.000084 
1123.857839 0.000139 
1122.657089 0.000172 
1121.456340 0.000187 
1120.255590 0.000165 
1119.054840 0.000115 
1117.854091 0.000074 
1116.653341 0.000038 
1115.452591 0.000010 
1114.251842 0.000007 
1113.051092 0.000009 
1111.850342 0.000003 
1110.649593 0.000008 
1109.448843 0.000016 
1108.248093 0.000011 
1107.047344 0.000015 
1105.846594 0.000026 
1104.645844 0.000024 
1103.445095 0.000024 
1102.244345 0.000035 
1101.043596 0.000033 
1099.842846 0.000030 
1098.642096 0.000041 
1097.441347 0.000040 
1096.240597 0.000035 
1095.039847 0.000046 
1093.839098 0.000047 
1092.638348 0.000039 
1091.437598 0.000047 
1090.236849 0.000051 
1089.036099 0.000043 
1087.835349 0.000050 
1086.634600 0.000059 
1085.433850 0.000050 
1084.233100 0.000055 
1083.032351 0.000065 
1081.831601 0.000056 
1080.630851 0.000057 
1079.430102 0.000068 
1078.229352 0.000062 
1077.028603 0.000060 
1075.827853 0.000071 
1074.627103 0.000068 
1073.426354 0.000064 
1072.225604 0.000076 
1071.024854 0.000075 
1069.824105 0.000068 
1068.623355 0.000078 
1067.422605 0.000078 
1066.221856 0.000068 
1065.021106 0.000078 
1063.820356 0.000084 
1062.619607 0.000076 
1061.418857 0.000084 
1060.218107 0.000090 
1059.017358 0.000080 
1057.816608 0.000083 
1056.615858 0.000094 
1055.415109 0.000088 
1054.214359 0.000091 
1053.013610 0.000105 
1051.812860 0.000096 
1050.612110 0.000091 
1049.411361 0.000103 
1048.210611 0.000096 
1047.009861 0.000091 
1045.809112 0.000104 
1044.608362 0.000102 
1043.407612 0.000093 
1042.206863 0.000104 
1041.006113 0.000106 
1039.805363 0.000095 
1038.604614 0.000106 
1037.403864 0.000113 
1036.203114 0.000101 
1035.002365 0.000107 
1033.801615 0.000114 
1032.600865 0.000101 
1031.400116 0.000106 
1030.199366 0.000117 
1028.998617 0.000107 
1027.797867 0.000108 
1026.597117 0.000118 
1025.396368 0.000107 
1024.195618 0.000101 
1022.994868 0.000114 
1021.794119 0.000108 
1020.593369 0.000100 
1019.392619 0.000114 
1018.191870 0.000111 
1016.991120 0.000102 
1015.790370 0.000116 
1014.589621 0.000117 
1013.388871 0.000106 
1012.188121 0.000116 
1010.987372 0.000118 
1009.786622 0.000102 
1008.585872 0.000109 
1007.385123 0.000118 
1006.184373 0.000104 
1004.983624 0.000110 
1003.782874 0.000124 
1002.582124 0.000112 
1001.381375 0.000112 
1000.180625 0.000125 
998.979875 0.000113 
997.779126 0.000109 
996.578376 0.000122 
995.377626 0.000115 
994.176877 0.000109 
992.976127 0.000126 
991.775377 0.000123 
990.574628 0.000110 
989.373878 0.000123 
988.173128 0.000122 
986.972379 0.000106 
985.771629 0.000119 
984.570879 0.000124 
983.370130 0.000109 
982.169380 0.000118 
980.968631 0.000126 
979.767881 0.000110 
978.567131 0.000115 
977.366382 0.000127 
976.165632 0.000114 
974.964882 0.000114 
973.764133 0.000128 
972.563383 0.000114 
971.362633 0.000108 
970.161884 0.000123 
968.961134 0.000110 
967.760384 0.000102 
966.559635 0.000121 
965.358885 0.000118 
964.158135 0.000108 
962.957386 0.000122 
961.756636 0.000118 
960.555886 0.000096 
959.355137 0.000100 
958.154387 0.000097 
956.953638 0.000075 
955.752888 0.000079 
954.552138 0.000081 
953.351389 0.000059 
952.150639 0.000063 
950.949889 0.000075 
949.749140 0.000063 
948.548390 0.000072 
947.347640 0.000092 
946.146891 0.000085 
944.946141 0.000087 
943.745391 0.000108 
942.544642 0.000100 
941.343892 0.000096 
940.143142 0.000114 
938.942393 0.000106 
937.741643 0.000095 
936.540893 0.000111 
935.340144 0.000106 
934.139394 0.000090 
932.938645 0.000104 
931.737895 0.000103 
930.537145 0.000083 
929.336396 0.000092 
928.135646 0.000098 
926.934896 0.000079 
925.734147 0.000085 
924.533397 0.000094 
923.332647 0.000074 
922.131898 0.000075 
920.931148 0.000088 
919.730398 0.000073 
918.529649 0.000075 
917.328899 0.000091 
916.128149 0.000076 
914.927400 0.000071 
913.726650 0.000086 
912.525901 0.000075 
911.325151 0.000066 
910.124401 0.000082 
908.923652 0.000075 
907.722902 0.000059 
906.522152 0.000076 
905.321403 0.000075 
904.120653 0.000058 
902.919903 0.000073 
901.719154 0.000076 
900.518404 0.000058 
899.317654 0.000066 
898.116905 0.000072 
896.916155 0.000053 
895.715405 0.000058 
894.514656 0.000067 
893.313906 0.000049 
892.113156 0.000049 
890.912407 0.000062 
889.711657 0.000044 
888.510908 0.000040 
887.310158 0.000055 
886.109408 0.000038 
884.908659 0.000030 
883.707909 0.000048 
882.507159 0.000036 
881.306410 0.000024 
880.105660 0.000039 
878.904910 0.000031 
877.704161 0.000015 
876.503411 0.000028 
875.302661 0.000025 
874.101912 0.000005 
872.901162 0.000017 
871.700412 0.000020 
870.499663 -0.000000 
869.298913 0.000010 
868.098163 0.000018 
866.897414 -0.000004 
865.696664 -0.000001 
864.495915 0.000009 
863.295165 -0.000007 
862.094415 -0.000005 
860.893666 0.000008 
859.692916 -0.000007 
858.492166 -0.000009 
857.291417 0.000005 
856.090667 -0.000010 
854.889917 -0.000017 
853.689168 0.000002 
852.488418 -0.000011 
851.287668 -0.000022 
850.086919 -0.000004 
848.886169 -0.000011 
847.685419 -0.000027 
846.484670 -0.000012 
845.283920 -0.000014 
844.083170 -0.000031 
842.882421 -0.000018 
841.681671 -0.000016 
840.480922 -0.000036 
839.280172 -0.000027 
838.079422 -0.000020 
836.878673 -0.000044 
835.677923 -0.000037 
834.477173 -0.000026 
833.276424 -0.000048 
832.075674 -0.000048 
830.874924 -0.000036 
829.674175 -0.000053 
828.473425 -0.000055 
827.272675 -0.000038 
826.071926 -0.000049 
824.871176 -0.000056 
823.670426 -0.000038 
822.469677 -0.000045 
821.268927 -0.000055 
820.068177 -0.000035 
818.867428 -0.000043 
817.666678 -0.000057 
816.465929 -0.000037 
815.265179 -0.000038 
814.064429 -0.000050 
812.863680 -0.000031 
811.662930 -0.000027 
810.462180 -0.000045 
809.261431 -0.000036 
808.060681 -0.000032 
806.859931 -0.000052 
805.659182 -0.000046 
804.458432 -0.000032 
803.257682 -0.000049 
802.056933 -0.000043 
800.856183 -0.000027 
799.655433 -0.000048 
798.454684 -0.000047 
797.253934 -0.000032 
796.053184 -0.000047 
794.852435 -0.000047 
793.651685 -0.000030 
792.450936 -0.000042 
791.250186 -0.000051 
790.049436 -0.000036 
788.848687 -0.000044 
787.647937 -0.000052 
786.447187 -0.000029 
785.246438 -0.000028 
784.045688 -0.000042 
782.844938 -0.000025 
781.644189 -0.000031 
780.443439 -0.000051 
779.242689 -0.000036 
778.041940 -0.000032 
776.841190 -0.000049 
775.640440 -0.000041 
774.439691 -0.000035 
773.238941 -0.000053 
772.038191 -0.000043 
770.837442 -0.000027 
769.636692 -0.000042 
768.435943 -0.000041 
767.235193 -0.000028 
766.034443 -0.000049 
764.833694 -0.000050 
763.632944 -0.000031 
762.432194 -0.000044 
761.231445 -0.000045 
760.030695 -0.000031 
758.829945 -0.000045 
757.629196 -0.000053 
756.428446 -0.000043 
755.227696 -0.000050 
754.026947 -0.000057 
752.826197 -0.000039 
751.625447 -0.000037 
750.424698 -0.000054 
749.223948 -0.000042 
748.023198 -0.000045 
746.822449 -0.000060 
745.621699 -0.000040 
744.420950 -0.000037 
743.220200 -0.000055 
742.019450 -0.000046 
740.818701 -0.000044 
739.617951 -0.000060 
738.417201 -0.000051 
737.216452 -0.000039 
736.015702 -0.000047 
734.814952 -0.000043 
733.614203 -0.000030 
732.413453 -0.000044 
731.212703 -0.000044 
730.011954 -0.000033 
728.811204 -0.000056 
727.610454 -0.000057 
726.409705 -0.000040 
725.208955 -0.000053 
724.008205 -0.000051 
722.807456 -0.000034 
721.606706 -0.000039 
720.405957 -0.000047 
719.205207 -0.000031 
718.004457 -0.000025 
716.803708 -0.000028 
715.602958 -0.000013 
714.402208 -0.000006 
713.201459 -0.000011 
712.000709 0.000004 
710.799959 0.000009 
709.599210 0.000001 
708.398460 0.000018 
707.197710 0.000016 
705.996961 0.000001 
704.796211 0.000014 
703.595461 0.000013 
702.394712 -0.000003 
701.193962 -0.000002 
699.993212 -0.000005 
698.792463 -0.000023 
697.591713 -0.000024 
696.390964 -0.000014 
695.190214 -0.000024 
693.989464 -0.000023 
692.788715 -0.000006 
691.587965 -0.000018 
690.387215 -0.000016 
689.186466 0.000006 
687.985716 0.000006 
686.784966 0.000012 
685.584217 0.000020 
684.383467 0.000010 
683.182717 -0.000002 
681.981968 -0.000009 
680.781218 -0.000019 
679.580468 -0.000025 
678.379719 -0.000022 
677.178969 -0.000032 
675.978219 -0.000049 
674.777470 -0.000044 
673.576720 -0.000064 
672.375971 -0.000070 
671.175221 -0.000040 
669.974471 -0.000027 
668.773722 -0.000031 
667.572972 -0.000030 
666.372222 -0.000039 
665.171473 -0.000027 
663.970723 0.000027 
662.769973 0.000109 
661.569224 0.000195 
660.368474 0.000294 
659.167724 0.000348 
657.966975 0.000348 
656.766225 0.000334 
655.565475 0.000289 
654.364726 0.000185 
653.163976 0.000085 
651.963226 -0.000014 
650.762477 -0.000016 
649.561727 0.000011 
648.360978 0.000000 
647.160228 0.000000 
645.959478 0.000000 
644.758729 0.000000 
643.557979 0.000000 
642.357229 0.000000 
641.156480 0.000000 
639.955730 0.000000 
638.754980 0.000000 
637.554231 0.000000 
636.353481 0.000000 
635.152731 0.000000 
633.951982 0.000000 
632.751232 0.000000 
631.550482 0.000000 
630.349733 0.000000 
629.148983 0.000000 
627.948233 0.000000 
626.747484 0.000000 
625.546734 0.000000 
624.345985 0.000000 
623.145235 0.000000 
621.944485 0.000000 
620.743736 0.000000 
619.542986 0.000000 
618.342236 0.000000 
617.141487 0.000000 
615.940737 0.000000 
614.739987 0.000000 
613.539238 0.000000 
612.338488 0.000000 
611.137738 0.000000 
609.936989 0.000000 
608.736239 0.000000 
607.535489 0.000000 
606.334740 0.000000 
605.133990 0.000000 
603.933240 0.000000 
602.732491 0.000000 
601.531741 0.000000 
600.330992 0.000000 
599.130242 0.000000 
597.929492 0.000000 
596.728743 0.000000 
595.527993 0.000000 
594.327243 0.000000 
593.126494 0.000000 
591.925744 0.000000 
590.724994 0.000000 
589.524245 0.000000 
588.323495 0.000000 
587.122745 0.000000 
585.921996 0.000000 
584.721246 0.000000 
583.520496 0.000000 
582.319747 0.000000 
581.118997 0.000000 
579.918247 0.000000 
578.717498 0.000000 
577.516748 0.000000 
576.315999 0.000000 
575.115249 0.000000 
573.914499 0.000000 
572.713750 0.000000 
571.513000 0.000000 
570.312250 0.000000 
569.111501 0.000000 
567.910751 0.000000 
566.710001 0.000000 
565.509252 0.000000 
564.308502 0.000000 
563.107752 0.000000 
561.907003 0.000000 
560.706253 0.000000 
559.505503 0.000000 
558.304754 0.000000 
557.104004 0.000000 
555.903254 0.000000 
554.702505 0.000000 
553.501755 0.000000 
552.301006 0.000000 
551.100256 0.000000 
549.899506 0.000000 
548.698757 0.000000 
547.498007 0.000000 
546.297257 0.000000 
545.096508 0.000000 
543.895758 0.000000 
542.695008 0.000000 
541.494259 0.000000 
540.293509 0.000000 
539.092759 0.000000 
537.892010 0.000000 
536.691260 0.000000 
535.490510 0.000000 
534.289761 0.000000 
533.089011 0.000000 
531.888261 0.000000 
530.687512 0.000000 
529.486762 0.000000 
528.286013 0.000000 
527.085263 0.000000 
525.884513 0.000000 
524.683764 0.000000 
523.483014 0.000000 
522.282264 0.000000 
521.081515 0.000000 
519.880765 0.000000 
518.680015 0.000000 
517.479266 0.000000 
516.278516 0.000000 
515.077766 0.000000 
513.877017 0.000000 
512.676267 0.000000 
511.475517 0.000000 
510.274768 0.000000 
509.074018 0.000000 
507.873268 0.000000 
506.672519 0.000000 
505.471769 0.000000 
504.271020 0.000000 
503.070270 0.000000 
501.869520 0.000000 
500.668771 0.000000 
499.468021 0.000000 
498.267271 0.000000 
497.066522 0.000000 
495.865772 0.000000 
494.665022 0.000000 
493.464273 0.000000 
492.263523 0.000000 
491.062773 0.000000 
489.862024 0.000000 
488.661274 0.000000 
487.460524 0.000000 
486.259775 0.000000 
485.059025 0.000000 
483.858275 0.000000 
482.657526 0.000000 
481.456776 0.000000 
480.256027 0.000000 
479.055277 0.000000 
477.854527 0.000000 
476.653778 0.000000 
475.453028 0.000000 
474.252278 0.000000 
473.051529 0.000000 
471.850779 0.000000 
470.650029 0.000000 
469.449280 0.000000 
468.248530 0.000000 
467.047780 0.000000 
465.847031 0.000000 
464.646281 0.000000 
463.445531 0.000000 
462.244782 0.000000 
461.044032 0.000000 
459.843282 0.000000 
458.642533 0.000000 
457.441783 0.000000 
456.241034 0.000000 
455.040284 0.000000 
453.839534 0.000000 
452.638785 0.000000 
451.438035 0.000000 
450.237285 0.000000 
449.036536 0.000000 
447.835786 0.000000 
446.635036 0.000000 
445.434287 0.000000 
444.233537 0.000000 
443.032787 0.000000 
441.832038 0.000000 
440.631288 0.000000 
439.430538 0.000000 
438.229789 0.000000 
437.029039 0.000000 
435.828289 0.000000 
434.627540 0.000000 
433.426790 0.000000 
432.226041 0.000000 
431.025291 0.000000 
429.824541 0.000000 
428.623792 0.000000 
427.423042 0.000000 
426.222292 0.000000 
425.021543 0.000000 
423.820793 0.000000 
422.620043 0.000000 
421.419294 0.000000 
420.218544 0.000000 
419.017794 0.000000 
417.817045 0.000000 
416.616295 0.000000 
415.415545 0.000000 
414.214796 0.000000 
413.014046 0.000000 
411.813296 0.000000 
410.612547 0.000000 
409.411797 0.000000 
408.211048 0.000000 
407.010298 0.000000 
405.809548 0.000000 
404.608799 0.000000 
403.408049 0.000000 
402.207299 0.000000 
401.006550 0.000000 
399.805800 0.000000 
