4000.100000 0.033069 
3998.899313 0.033532 
3997.698626 0.033762 
3996.497939 0.033638 
3995.297252 0.033370 
3994.096566 0.033219 
3992.895879 0.033183 
3991.695192 0.033290 
3990.494505 0.033377 
3989.293818 0.033179 
3988.093131 0.032929 
3986.892444 0.033041 
3985.691757 0.033491 
3984.491070 0.033738 
3983.290383 0.033548 
3982.089697 0.033272 
3980.889010 0.033301 
3979.688323 0.033611 
3978.487636 0.033776 
3977.286949 0.033550 
3976.086262 0.032981 
3974.885575 0.032502 
3973.684888 0.032384 
3972.484201 0.032541 
3971.283515 0.032682 
3970.082828 0.032528 
3968.882141 0.032171 
3967.681454 0.031871 
3966.480767 0.031860 
3965.280080 0.032078 
3964.079393 0.032144 
3962.878706 0.031849 
3961.678019 0.031387 
3960.477332 0.031119 
3959.276646 0.031254 
3958.075959 0.031592 
3956.875272 0.031991 
3955.674585 0.032355 
3954.473898 0.032477 
3953.273211 0.032181 
3952.072524 0.031609 
3950.871837 0.031294 
3949.671150 0.031466 
3948.470463 0.031737 
3947.269777 0.031767 
3946.069090 0.031568 
3944.868403 0.031426 
3943.667716 0.031488 
3942.467029 0.031604 
3941.266342 0.031476 
3940.065655 0.030995 
3938.864968 0.030503 
3937.664281 0.030341 
3936.463595 0.030447 
3935.262908 0.030504 
3934.062221 0.030419 
3932.861534 0.030350 
3931.660847 0.030366 
3930.460160 0.030438 
3929.259473 0.030586 
3928.058786 0.030853 
3926.858099 0.031037 
3925.657412 0.030922 
3924.456726 0.030608 
3923.256039 0.030439 
3922.055352 0.030499 
3920.854665 0.030556 
3919.653978 0.030410 
3918.453291 0.030146 
3917.252604 0.029955 
3916.051917 0.030030 
3914.851230 0.030325 
3913.650544 0.030501 
3912.449857 0.030249 
3911.249170 0.029694 
3910.048483 0.029481 
3908.847796 0.029737 
3907.647109 0.030106 
3906.446422 0.030155 
3905.245735 0.029867 
3904.045048 0.029562 
3902.844361 0.029271 
3901.643675 0.028982 
3900.442988 0.028821 
3899.242301 0.028995 
3898.041614 0.029412 
3896.840927 0.029589 
3895.640240 0.029418 
3894.439553 0.029289 
3893.238866 0.029385 
3892.038179 0.029422 
3890.837492 0.029184 
3889.636806 0.028977 
3888.436119 0.029038 
3887.235432 0.029166 
3886.034745 0.029048 
3884.834058 0.028784 
3883.633371 0.028638 
3882.432684 0.028764 
3881.231997 0.029065 
3880.031310 0.029204 
3878.830624 0.029089 
3877.629937 0.028778 
3876.429250 0.028392 
3875.228563 0.028090 
3874.027876 0.028025 
3872.827189 0.028176 
3871.626502 0.028337 
3870.425815 0.028463 
3869.225128 0.028664 
3868.024441 0.028858 
3866.823755 0.028700 
3865.623068 0.028291 
3864.422381 0.027996 
3863.221694 0.028000 
3862.021007 0.028191 
3860.820320 0.028343 
3859.619633 0.028378 
3858.418946 0.028287 
3857.218259 0.028117 
3856.017573 0.027923 
3854.816886 0.027559 
3853.616199 0.027050 
3852.415512 0.026685 
3851.214825 0.026901 
3850.014138 0.027548 
3848.813451 0.028224 
3847.612764 0.028326 
3846.412077 0.028029 
3845.211390 0.027890 
3844.010704 0.028001 
3842.810017 0.028043 
3841.609330 0.027928 
3840.408643 0.027899 
3839.207956 0.027955 
3838.007269 0.027912 
3836.806582 0.027873 
3835.605895 0.028050 
3834.405208 0.028216 
3833.204522 0.028030 
3832.003835 0.027712 
3830.803148 0.027646 
3829.602461 0.027772 
3828.401774 0.027792 
3827.201087 0.027627 
3826.000400 0.027500 
3824.799713 0.027421 
3823.599026 0.027396 
3822.398339 0.027446 
3821.197653 0.027599 
3819.996966 0.027777 
3818.796279 0.027968 
3817.595592 0.027992 
3816.394905 0.027771 
3815.194218 0.027446 
3813.993531 0.027322 
3812.792844 0.027569 
3811.592157 0.027857 
3810.391470 0.027913 
3809.190784 0.027719 
3807.990097 0.027442 
3806.789410 0.027408 
3805.588723 0.027692 
3804.388036 0.028042 
3803.187349 0.028080 
3801.986662 0.027851 
3800.785975 0.027755 
3799.585288 0.028026 
3798.384602 0.028403 
3797.183915 0.028514 
3795.983228 0.028367 
3794.782541 0.028143 
3793.581854 0.028028 
3792.381167 0.027980 
3791.180480 0.027956 
3789.979793 0.027981 
3788.779106 0.028090 
3787.578419 0.028300 
3786.377733 0.028536 
3785.177046 0.028688 
3783.976359 0.028667 
3782.775672 0.028516 
3781.574985 0.028370 
3780.374298 0.028246 
3779.173611 0.028040 
3777.972924 0.027813 
3776.772237 0.027844 
3775.571551 0.028149 
3774.370864 0.028457 
3773.170177 0.028464 
3771.969490 0.028330 
3770.768803 0.028298 
3769.568116 0.028442 
3768.367429 0.028500 
3767.166742 0.028353 
3765.966055 0.028254 
3764.765368 0.028501 
3763.564682 0.028882 
3762.363995 0.028941 
3761.163308 0.028772 
3759.962621 0.028755 
3758.761934 0.028908 
3757.561247 0.028865 
3756.360560 0.028639 
3755.159873 0.028561 
3753.959186 0.028692 
3752.758499 0.028653 
3751.557813 0.028360 
3750.357126 0.028110 
3749.156439 0.028209 
3747.955752 0.028409 
3746.755065 0.028414 
3745.554378 0.028137 
3744.353691 0.027968 
3743.153004 0.028230 
3741.952317 0.028642 
3740.751631 0.028822 
3739.550944 0.028673 
3738.350257 0.028500 
3737.149570 0.028354 
3735.948883 0.028145 
3734.748196 0.028034 
3733.547509 0.028213 
3732.346822 0.028593 
3731.146135 0.028905 
3729.945448 0.029098 
3728.744762 0.029282 
3727.544075 0.029513 
3726.343388 0.029707 
3725.142701 0.029886 
3723.942014 0.030327 
3722.741327 0.031085 
3721.540640 0.031901 
3720.339953 0.032465 
3719.139266 0.032906 
3717.938580 0.033389 
3716.737893 0.033915 
3715.537206 0.034147 
3714.336519 0.033990 
3713.135832 0.033689 
3711.935145 0.033624 
3710.734458 0.034085 
3709.533771 0.034963 
3708.333084 0.035837 
3707.132397 0.036478 
3705.931711 0.037206 
3704.731024 0.038177 
3703.530337 0.039230 
3702.329650 0.040091 
3701.128963 0.040887 
3699.928276 0.042004 
3698.727589 0.042979 
3697.526902 0.043611 
3696.326215 0.043895 
3695.125529 0.044232 
3693.924842 0.044697 
3692.724155 0.044981 
3691.523468 0.044886 
3690.322781 0.044524 
3689.122094 0.044127 
3687.921407 0.043910 
3686.720720 0.043976 
3685.520033 0.044496 
3684.319346 0.045223 
3683.118660 0.045762 
3681.917973 0.045950 
3680.717286 0.046123 
3679.516599 0.046611 
3678.315912 0.047348 
3677.115225 0.048033 
3675.914538 0.048596 
3674.713851 0.049080 
3673.513164 0.049732 
3672.312477 0.050520 
3671.111791 0.051258 
3669.911104 0.051957 
3668.710417 0.052760 
3667.509730 0.053911 
3666.309043 0.055050 
3665.108356 0.055963 
3663.907669 0.056687 
3662.706982 0.057638 
3661.506295 0.058825 
3660.305609 0.060080 
3659.104922 0.061165 
3657.904235 0.061869 
3656.703548 0.062422 
3655.502861 0.063146 
3654.302174 0.064345 
3653.101487 0.065687 
3651.900800 0.066880 
3650.700113 0.067830 
3649.499426 0.068939 
3648.298740 0.070280 
3647.098053 0.071920 
3645.897366 0.074136 
3644.696679 0.076185 
3643.495992 0.077954 
3642.295305 0.079288 
3641.094618 0.080701 
3639.893931 0.082413 
3638.693244 0.084143 
3637.492558 0.085762 
3636.291871 0.087663 
3635.091184 0.090071 
3633.890497 0.092427 
3632.689810 0.094643 
3631.489123 0.096365 
3630.288436 0.098366 
3629.087749 0.100800 
3627.887062 0.103280 
3626.686375 0.105874 
3625.485689 0.108441 
3624.285002 0.111146 
3623.084315 0.113720 
3621.883628 0.116315 
3620.682941 0.118617 
3619.482254 0.121082 
3618.281567 0.123583 
3617.080880 0.126181 
3615.880193 0.129018 
3614.679507 0.131665 
3613.478820 0.134589 
3612.278133 0.137480 
3611.077446 0.140500 
3609.876759 0.143480 
3608.676072 0.146437 
3607.475385 0.149265 
3606.274698 0.152182 
3605.074011 0.155097 
3603.873324 0.157827 
3602.672638 0.160872 
3601.471951 0.163810 
3600.271264 0.166784 
3599.070577 0.169462 
3597.869890 0.171976 
3596.669203 0.174977 
3595.468516 0.178075 
3594.267829 0.181087 
3593.067142 0.183938 
3591.866455 0.187087 
3590.665769 0.190007 
3589.465082 0.193049 
3588.264395 0.195924 
3587.063708 0.198814 
3585.863021 0.201791 
3584.662334 0.204655 
3583.461647 0.207950 
3582.260960 0.211114 
3581.060273 0.214245 
3579.859587 0.217208 
3578.658900 0.220738 
3577.458213 0.224150 
3576.257526 0.227365 
3575.056839 0.230252 
3573.856152 0.233105 
3572.655465 0.236629 
3571.454778 0.240054 
3570.254091 0.243503 
3569.053404 0.246540 
3567.852718 0.249651 
3566.652031 0.252661 
3565.451344 0.255983 
3564.250657 0.259302 
3563.049970 0.262817 
3561.849283 0.266860 
3560.648596 0.270738 
3559.447909 0.274795 
3558.247222 0.278289 
3557.046536 0.281666 
3555.845849 0.285177 
3554.645162 0.289285 
3553.444475 0.293661 
3552.243788 0.298114 
3551.043101 0.302249 
3549.842414 0.306083 
3548.641727 0.310587 
3547.441040 0.315078 
3546.240353 0.319939 
3545.039667 0.324834 
3543.838980 0.329882 
3542.638293 0.335726 
3541.437606 0.341663 
3540.236919 0.347314 
3539.036232 0.352450 
3537.835545 0.357766 
3536.634858 0.362795 
3535.434171 0.368289 
3534.233484 0.373710 
3533.032798 0.379726 
3531.832111 0.386401 
3530.631424 0.392919 
3529.430737 0.400081 
3528.230050 0.406835 
3527.029363 0.413731 
3525.828676 0.420315 
3524.627989 0.427844 
3523.427302 0.435083 
3522.226616 0.442641 
3521.025929 0.450124 
3519.825242 0.457280 
3518.624555 0.464781 
3517.423868 0.471579 
3516.223181 0.479172 
3515.022494 0.486975 
3513.821807 0.495256 
3512.621120 0.502626 
3511.420433 0.510595 
3510.219747 0.518649 
3509.019060 0.526753 
3507.818373 0.535213 
3506.617686 0.543491 
3505.416999 0.553049 
3504.216312 0.561951 
3503.015625 0.570534 
3501.814938 0.578871 
3500.614251 0.587115 
3499.413565 0.596674 
3498.212878 0.605983 
3497.012191 0.615070 
3495.811504 0.623322 
3494.610817 0.632205 
3493.410130 0.640929 
3492.209443 0.650678 
3491.008756 0.660258 
3489.808069 0.669676 
3488.607382 0.680038 
3487.406696 0.689592 
3486.206009 0.699033 
3485.005322 0.707587 
3483.804635 0.717300 
3482.603948 0.726582 
3481.403261 0.735972 
3480.202574 0.744416 
3479.001887 0.753670 
3477.801200 0.763870 
3476.600514 0.773780 
3475.399827 0.784411 
3474.199140 0.793936 
3472.998453 0.803531 
3471.797766 0.812748 
3470.597079 0.822049 
3469.396392 0.830665 
3468.195705 0.840533 
3466.995018 0.851187 
3465.794331 0.861044 
3464.593645 0.870085 
3463.392958 0.878345 
3462.192271 0.887641 
3460.991584 0.896358 
3459.790897 0.905023 
3458.590210 0.915341 
3457.389523 0.926466 
3456.188836 0.935591 
3454.988149 0.942107 
3453.787462 0.948450 
3452.586776 0.955199 
3451.386089 0.963449 
3450.185402 0.972087 
3448.984715 0.981242 
3447.784028 0.989205 
3446.583341 0.995259 
3445.382654 1.001539 
3444.181967 1.009066 
3442.981280 1.017344 
3441.780594 1.024624 
3440.579907 1.032033 
3439.379220 1.039009 
3438.178533 1.046881 
3436.977846 1.053964 
3435.777159 1.059491 
3434.576472 1.063998 
3433.375785 1.068022 
3432.175098 1.073150 
3430.974411 1.078898 
3429.773725 1.085502 
3428.573038 1.092174 
3427.372351 1.099358 
3426.171664 1.104447 
3424.970977 1.107641 
3423.770290 1.111745 
3422.569603 1.118116 
3421.368916 1.124488 
3420.168229 1.126500 
3418.967543 1.127055 
3417.766856 1.129549 
3416.566169 1.135256 
3415.365482 1.140938 
3414.164795 1.145762 
3412.964108 1.149190 
3411.763421 1.151565 
3410.562734 1.153640 
3409.362047 1.155292 
3408.161360 1.157031 
3406.960674 1.159398 
3405.759987 1.162547 
3404.559300 1.165844 
3403.358613 1.168679 
3402.157926 1.172547 
3400.957239 1.176547 
3399.756552 1.178572 
3398.555865 1.178354 
3397.355178 1.178712 
3396.154491 1.182008 
3394.953805 1.186287 
3393.753118 1.188622 
3392.552431 1.189374 
3391.351744 1.192468 
3390.151057 1.197151 
3388.950370 1.200238 
3387.749683 1.198509 
3386.548996 1.194823 
3385.348309 1.194197 
3384.147623 1.196902 
3382.946936 1.200845 
3381.746249 1.204561 
3380.545562 1.207754 
3379.344875 1.209621 
3378.144188 1.210475 
3376.943501 1.211713 
3375.742814 1.214194 
3374.542127 1.216058 
3373.341440 1.215446 
3372.140754 1.213352 
3370.940067 1.214180 
3369.739380 1.218707 
3368.538693 1.221923 
3367.338006 1.218412 
3366.137319 1.211595 
3364.936632 1.208037 
3363.735945 1.209687 
3362.535258 1.212673 
3361.334572 1.215777 
3360.133885 1.218935 
3358.933198 1.221027 
3357.732511 1.219905 
3356.531824 1.216837 
3355.331137 1.215871 
3354.130450 1.218052 
3352.929763 1.220912 
3351.729076 1.222520 
3350.528389 1.222571 
3349.327703 1.221937 
3348.127016 1.220791 
3346.926329 1.219096 
3345.725642 1.218228 
3344.524955 1.218953 
3343.324268 1.221098 
3342.123581 1.221885 
3340.922894 1.218733 
3339.722207 1.213478 
3338.521521 1.210445 
3337.320834 1.211035 
3336.120147 1.211996 
3334.919460 1.211722 
3333.718773 1.211698 
3332.518086 1.213138 
3331.317399 1.214048 
3330.116712 1.213037 
3328.916025 1.210634 
3327.715338 1.208977 
3326.514652 1.208403 
3325.313965 1.208163 
3324.113278 1.207312 
3322.912591 1.206138 
3321.711904 1.204267 
3320.511217 1.202060 
3319.310530 1.201204 
3318.109843 1.203813 
3316.909156 1.206130 
3315.708469 1.204502 
3314.507783 1.201113 
3313.307096 1.200924 
3312.106409 1.203251 
3310.905722 1.203176 
3309.705035 1.200194 
3308.504348 1.197604 
3307.303661 1.196404 
3306.102974 1.194487 
3304.902287 1.190764 
3303.701601 1.186439 
3302.500914 1.182343 
3301.300227 1.179460 
3300.099540 1.177455 
3298.898853 1.175167 
3297.698166 1.172530 
3296.497479 1.170858 
3295.296792 1.169938 
3294.096105 1.168165 
3292.895418 1.167183 
3291.694732 1.168891 
3290.494045 1.171351 
3289.293358 1.170580 
3288.092671 1.167132 
3286.891984 1.165174 
3285.691297 1.165970 
3284.490610 1.165365 
3283.289923 1.160605 
3282.089236 1.156274 
3280.888550 1.155258 
3279.687863 1.156499 
3278.487176 1.155974 
3277.286489 1.153316 
3276.085802 1.150354 
3274.885115 1.148081 
3273.684428 1.146608 
3272.483741 1.145897 
3271.283054 1.145728 
3270.082367 1.145789 
3268.881681 1.145069 
3267.680994 1.144228 
3266.480307 1.142792 
3265.279620 1.140283 
3264.078933 1.137956 
3262.878246 1.138784 
3261.677559 1.142212 
3260.476872 1.145592 
3259.276185 1.146209 
3258.075498 1.144011 
3256.874812 1.140316 
3255.674125 1.137085 
3254.473438 1.136642 
3253.272751 1.137199 
3252.072064 1.138479 
3250.871377 1.141026 
3249.670690 1.143644 
3248.470003 1.144027 
3247.269316 1.142012 
3246.068630 1.139537 
3244.867943 1.138574 
3243.667256 1.138252 
3242.466569 1.137367 
3241.265882 1.135749 
3240.065195 1.133719 
3238.864508 1.133099 
3237.663821 1.132781 
3236.463134 1.132449 
3235.262447 1.131686 
3234.061761 1.131871 
3232.861074 1.132999 
3231.660387 1.133484 
3230.459700 1.132124 
3229.259013 1.130023 
3228.058326 1.128883 
3226.857639 1.128865 
3225.656952 1.128787 
3224.456265 1.128581 
3223.255579 1.129181 
3222.054892 1.130080 
3220.854205 1.130150 
3219.653518 1.128525 
3218.452831 1.126015 
3217.252144 1.124751 
3216.051457 1.125253 
3214.850770 1.126425 
3213.650083 1.126650 
3212.449396 1.126200 
3211.248710 1.125815 
3210.048023 1.124848 
3208.847336 1.123547 
3207.646649 1.122699 
3206.445962 1.123172 
3205.245275 1.123018 
3204.044588 1.120670 
3202.843901 1.117523 
3201.643214 1.116422 
3200.442528 1.116325 
3199.241841 1.114217 
3198.041154 1.110723 
3196.840467 1.108267 
3195.639780 1.108068 
3194.439093 1.107379 
3193.238406 1.105277 
3192.037719 1.102492 
3190.837032 1.099427 
3189.636345 1.095828 
3188.435659 1.092771 
3187.234972 1.091408 
3186.034285 1.090118 
3184.833598 1.087711 
3183.632911 1.083732 
3182.432224 1.079102 
3181.231537 1.074434 
3180.030850 1.069982 
3178.830163 1.066001 
3177.629476 1.061853 
3176.428790 1.058002 
3175.228103 1.055142 
3174.027416 1.053513 
3172.826729 1.051539 
3171.626042 1.048449 
3170.425355 1.044110 
3169.224668 1.039099 
3168.023981 1.033830 
3166.823294 1.027409 
3165.622608 1.021313 
3164.421921 1.015656 
3163.221234 1.009906 
3162.020547 1.002500 
3160.819860 0.996909 
3159.619173 0.992992 
3158.418486 0.988565 
3157.217799 0.981865 
3156.017112 0.974259 
3154.816425 0.969564 
3153.615739 0.965579 
3152.415052 0.959984 
3151.214365 0.952166 
3150.013678 0.945367 
3148.812991 0.938645 
3147.612304 0.932007 
3146.411617 0.925353 
3145.210930 0.919364 
3144.010243 0.913569 
3142.809557 0.905707 
3141.608870 0.897601 
3140.408183 0.889993 
3139.207496 0.883025 
3138.006809 0.875604 
3136.806122 0.868470 
3135.605435 0.861029 
3134.404748 0.852710 
3133.204061 0.843717 
3132.003374 0.834463 
3130.802688 0.827316 
3129.602001 0.820240 
3128.401314 0.812315 
3127.200627 0.803610 
3125.999940 0.794582 
3124.799253 0.785767 
3123.598566 0.777111 
3122.397879 0.769261 
3121.197192 0.761870 
3119.996506 0.754959 
3118.795819 0.746828 
3117.595132 0.738391 
3116.394445 0.728959 
3115.193758 0.718355 
3113.993071 0.708153 
3112.792384 0.697905 
3111.591697 0.689185 
3110.391010 0.680870 
3109.190323 0.673405 
3107.989637 0.665335 
3106.788950 0.657269 
3105.588263 0.648211 
3104.387576 0.639375 
3103.186889 0.631242 
3101.986202 0.622435 
3100.785515 0.614048 
3099.584828 0.605209 
3098.384141 0.597148 
3097.183454 0.588931 
3095.982768 0.581494 
3094.782081 0.573423 
3093.581394 0.565219 
3092.380707 0.556604 
3091.180020 0.547897 
3089.979333 0.539804 
3088.778646 0.530580 
3087.577959 0.521542 
3086.377272 0.512074 
3085.176586 0.502468 
3083.975899 0.493233 
3082.775212 0.483535 
3081.574525 0.474545 
3080.373838 0.465556 
3079.173151 0.456963 
3077.972464 0.447963 
3076.771777 0.439721 
3075.571090 0.430643 
3074.370403 0.421599 
3073.169717 0.413149 
3071.969030 0.405030 
3070.768343 0.397748 
3069.567656 0.389768 
3068.366969 0.382357 
3067.166282 0.375076 
3065.965595 0.368590 
3064.764908 0.361619 
3063.564221 0.355011 
3062.363535 0.348317 
3061.162848 0.341699 
3059.962161 0.335683 
3058.761474 0.329403 
3057.560787 0.323743 
3056.360100 0.317976 
3055.159413 0.312650 
3053.958726 0.307378 
3052.758039 0.302703 
3051.557352 0.297927 
3050.356666 0.293490 
3049.155979 0.289240 
3047.955292 0.284016 
3046.754605 0.278444 
3045.553918 0.272093 
3044.353231 0.265992 
3043.152544 0.259751 
3041.951857 0.253470 
3040.751170 0.247707 
3039.550483 0.242882 
3038.349797 0.238260 
3037.149110 0.233660 
3035.948423 0.229530 
3034.747736 0.225296 
3033.547049 0.221571 
3032.346362 0.217873 
3031.145675 0.214320 
3029.944988 0.210975 
3028.744301 0.207372 
3027.543615 0.203986 
3026.342928 0.200633 
3025.142241 0.197346 
3023.941554 0.193696 
3022.740867 0.190229 
3021.540180 0.186527 
3020.339493 0.183061 
3019.138806 0.180048 
3017.938119 0.177317 
3016.737432 0.174839 
3015.536746 0.172039 
3014.336059 0.169549 
3013.135372 0.167432 
3011.934685 0.165745 
3010.733998 0.163933 
3009.533311 0.162195 
3008.332624 0.160449 
3007.131937 0.158678 
3005.931250 0.156950 
3004.730564 0.155098 
3003.529877 0.153442 
3002.329190 0.151571 
3001.128503 0.149457 
2999.927816 0.147087 
2998.727129 0.144905 
2997.526442 0.142591 
2996.325755 0.140303 
2995.125068 0.138209 
2993.924381 0.136207 
2992.723695 0.134400 
2991.523008 0.132543 
2990.322321 0.131090 
2989.121634 0.130043 
2987.920947 0.129201 
2986.720260 0.128472 
2985.519573 0.127720 
2984.318886 0.127123 
2983.118199 0.126576 
2981.917513 0.126048 
2980.716826 0.125409 
2979.516139 0.124844 
2978.315452 0.124356 
2977.114765 0.123774 
2975.914078 0.122753 
2974.713391 0.120671 
2973.512704 0.118080 
2972.312017 0.115005 
2971.111330 0.112097 
2969.910644 0.109301 
2968.709957 0.107008 
2967.509270 0.104864 
2966.308583 0.103052 
2965.107896 0.101519 
2963.907209 0.100142 
2962.706522 0.099032 
2961.505835 0.097938 
2960.305148 0.096966 
2959.104461 0.095916 
2957.903775 0.094872 
2956.703088 0.093943 
2955.502401 0.093259 
2954.301714 0.092600 
2953.101027 0.091934 
2951.900340 0.091316 
2950.699653 0.090584 
2949.498966 0.089773 
2948.298279 0.088858 
2947.097593 0.088077 
2945.896906 0.087491 
2944.696219 0.087007 
2943.495532 0.086540 
2942.294845 0.085997 
2941.094158 0.085368 
2939.893471 0.084714 
2938.692784 0.084179 
2937.492097 0.083599 
2936.291410 0.082976 
2935.090724 0.082311 
2933.890037 0.081638 
2932.689350 0.080935 
2931.488663 0.080166 
2930.287976 0.079660 
2929.087289 0.079376 
2927.886602 0.079040 
2926.685915 0.078403 
2925.485228 0.077766 
2924.284542 0.077250 
2923.083855 0.076812 
2921.883168 0.076374 
2920.682481 0.075949 
2919.481794 0.075649 
2918.281107 0.075323 
2917.080420 0.074945 
2915.879733 0.074584 
2914.679046 0.074368 
2913.478359 0.074232 
2912.277673 0.074040 
2911.076986 0.073651 
2909.876299 0.073087 
2908.675612 0.072557 
2907.474925 0.072120 
2906.274238 0.071823 
2905.073551 0.071460 
2903.872864 0.070965 
2902.672177 0.070365 
2901.471490 0.069876 
2900.270804 0.069529 
2899.070117 0.069298 
2897.869430 0.069055 
2896.668743 0.068669 
2895.468056 0.068297 
2894.267369 0.067943 
2893.066682 0.067559 
2891.865995 0.067041 
2890.665308 0.066507 
2889.464622 0.066182 
2888.263935 0.066080 
2887.063248 0.066006 
2885.862561 0.065823 
2884.661874 0.065614 
2883.461187 0.065464 
2882.260500 0.065378 
2881.059813 0.065228 
2879.859126 0.064996 
2878.658439 0.064744 
2877.457753 0.064423 
2876.257066 0.064052 
2875.056379 0.063666 
2873.855692 0.063369 
2872.655005 0.063093 
2871.454318 0.062764 
2870.253631 0.062382 
2869.052944 0.062090 
2867.852257 0.061926 
2866.651571 0.061763 
2865.450884 0.061558 
2864.250197 0.061323 
2863.049510 0.061132 
2861.848823 0.060996 
2860.648136 0.060926 
2859.447449 0.060879 
2858.246762 0.060758 
2857.046075 0.060492 
2855.845388 0.060115 
2854.644702 0.059727 
2853.444015 0.059296 
2852.243328 0.058946 
2851.042641 0.058677 
2849.841954 0.058480 
2848.641267 0.058295 
2847.440580 0.058047 
2846.239893 0.057795 
2845.039206 0.057541 
2843.838520 0.057303 
2842.637833 0.057088 
2841.437146 0.056968 
2840.236459 0.056907 
2839.035772 0.056832 
2837.835085 0.056669 
2836.634398 0.056460 
2835.433711 0.056284 
2834.233024 0.056140 
2833.032337 0.056044 
2831.831651 0.055956 
2830.630964 0.055789 
2829.430277 0.055447 
2828.229590 0.055082 
2827.028903 0.054860 
2825.828216 0.054786 
2824.627529 0.054731 
2823.426842 0.054584 
2822.226155 0.054379 
2821.025468 0.054132 
2819.824782 0.053906 
2818.624095 0.053806 
2817.423408 0.053821 
2816.222721 0.053852 
2815.022034 0.053829 
2813.821347 0.053723 
2812.620660 0.053482 
2811.419973 0.053176 
2810.219286 0.052886 
2809.018600 0.052713 
2807.817913 0.052570 
2806.617226 0.052414 
2805.416539 0.052311 
2804.215852 0.052289 
2803.015165 0.052233 
2801.814478 0.052073 
2800.613791 0.051862 
2799.413104 0.051685 
2798.212417 0.051620 
2797.011731 0.051612 
2795.811044 0.051577 
2794.610357 0.051488 
2793.409670 0.051333 
2792.208983 0.051130 
2791.008296 0.050929 
2789.807609 0.050811 
2788.606922 0.050802 
2787.406235 0.050796 
2786.205549 0.050696 
2785.004862 0.050520 
2783.804175 0.050357 
2782.603488 0.050257 
2781.402801 0.050235 
2780.202114 0.050223 
2779.001427 0.050106 
2777.800740 0.049869 
2776.600053 0.049623 
2775.399366 0.049500 
2774.198680 0.049529 
2772.997993 0.049568 
2771.797306 0.049604 
2770.596619 0.049695 
2769.395932 0.049849 
2768.195245 0.049869 
2766.994558 0.049678 
2765.793871 0.049398 
2764.593184 0.049256 
2763.392497 0.049304 
2762.191811 0.049402 
2760.991124 0.049423 
2759.790437 0.049378 
2758.589750 0.049328 
2757.389063 0.049249 
2756.188376 0.049063 
2754.987689 0.048828 
2753.787002 0.048665 
2752.586315 0.048610 
2751.385629 0.048587 
2750.184942 0.048509 
2748.984255 0.048398 
2747.783568 0.048287 
2746.582881 0.048227 
2745.382194 0.048207 
2744.181507 0.048169 
2742.980820 0.048081 
2741.780133 0.048023 
2740.579446 0.048022 
2739.378760 0.047922 
2738.178073 0.047669 
2736.977386 0.047386 
2735.776699 0.047273 
2734.576012 0.047296 
2733.375325 0.047306 
2732.174638 0.047269 
2730.973951 0.047210 
2729.773264 0.047118 
2728.572578 0.047008 
2727.371891 0.046927 
2726.171204 0.046863 
2724.970517 0.046779 
2723.769830 0.046654 
2722.569143 0.046559 
2721.368456 0.046568 
2720.167769 0.046632 
2718.967082 0.046650 
2717.766395 0.046603 
2716.565709 0.046551 
2715.365022 0.046474 
2714.164335 0.046337 
2712.963648 0.046151 
2711.762961 0.046019 
2710.562274 0.045983 
2709.361587 0.045955 
2708.160900 0.045832 
2706.960213 0.045612 
2705.759527 0.045402 
2704.558840 0.045330 
2703.358153 0.045395 
2702.157466 0.045526 
2700.956779 0.045651 
2699.756092 0.045745 
2698.555405 0.045757 
2697.354718 0.045682 
2696.154031 0.045557 
2694.953344 0.045452 
2693.752658 0.045359 
2692.551971 0.045284 
2691.351284 0.045188 
2690.150597 0.045062 
2688.949910 0.044919 
2687.749223 0.044835 
2686.548536 0.044818 
2685.347849 0.044800 
2684.147162 0.044756 
2682.946475 0.044731 
2681.745789 0.044780 
2680.545102 0.044874 
2679.344415 0.044918 
2678.143728 0.044861 
2676.943041 0.044716 
2675.742354 0.044544 
2674.541667 0.044374 
2673.340980 0.044248 
2672.140293 0.044215 
2670.939607 0.044316 
2669.738920 0.044477 
2668.538233 0.044620 
2667.337546 0.044723 
2666.136859 0.044766 
2664.936172 0.044726 
2663.735485 0.044656 
2662.534798 0.044638 
2661.334111 0.044693 
2660.133424 0.044741 
2658.932738 0.044729 
2657.732051 0.044633 
2656.531364 0.044506 
2655.330677 0.044465 
2654.129990 0.044516 
2652.929303 0.044546 
2651.728616 0.044464 
2650.527929 0.044370 
2649.327242 0.044359 
2648.126556 0.044398 
2646.925869 0.044405 
2645.725182 0.044375 
2644.524495 0.044331 
2643.323808 0.044294 
2642.123121 0.044300 
2640.922434 0.044382 
2639.721747 0.044521 
2638.521060 0.044629 
2637.320373 0.044644 
2636.119687 0.044607 
2634.919000 0.044605 
2633.718313 0.044682 
2632.517626 0.044780 
2631.316939 0.044796 
2630.116252 0.044715 
2628.915565 0.044632 
2627.714878 0.044679 
2626.514191 0.044818 
2625.313505 0.044877 
2624.112818 0.044829 
2622.912131 0.044811 
2621.711444 0.044879 
2620.510757 0.044893 
2619.310070 0.044822 
2618.109383 0.044812 
2616.908696 0.044944 
2615.708009 0.045054 
2614.507322 0.045030 
2613.306636 0.044967 
2612.105949 0.045008 
2610.905262 0.045098 
2609.704575 0.045165 
2608.503888 0.045197 
2607.303201 0.045190 
2606.102514 0.045139 
2604.901827 0.045091 
2603.701140 0.045126 
2602.500453 0.045250 
2601.299767 0.045350 
2600.099080 0.045348 
2598.898393 0.045274 
2597.697706 0.045256 
2596.497019 0.045319 
2595.296332 0.045409 
2594.095645 0.045493 
2592.894958 0.045566 
2591.694271 0.045632 
2590.493585 0.045682 
2589.292898 0.045695 
2588.092211 0.045644 
2586.891524 0.045543 
2585.690837 0.045460 
2584.490150 0.045503 
2583.289463 0.045689 
2582.088776 0.045837 
2580.888089 0.045894 
2579.687402 0.045921 
2578.486716 0.045995 
2577.286029 0.046064 
2576.085342 0.046052 
2574.884655 0.045983 
2573.683968 0.045972 
2572.483281 0.046099 
2571.282594 0.046310 
2570.081907 0.046460 
2568.881220 0.046450 
2567.680534 0.046344 
2566.479847 0.046282 
2565.279160 0.046299 
2564.078473 0.046346 
2562.877786 0.046385 
2561.677099 0.046445 
2560.476412 0.046536 
2559.275725 0.046625 
2558.075038 0.046674 
2556.874351 0.046693 
2555.673665 0.046702 
2554.472978 0.046689 
2553.272291 0.046647 
2552.071604 0.046640 
2550.870917 0.046689 
2549.670230 0.046745 
2548.469543 0.046769 
2547.268856 0.046802 
2546.068169 0.046858 
2544.867482 0.046904 
2543.666796 0.046893 
2542.466109 0.046884 
2541.265422 0.046951 
2540.064735 0.047115 
2538.864048 0.047268 
2537.663361 0.047315 
2536.462674 0.047247 
2535.261987 0.047170 
2534.061300 0.047175 
2532.860614 0.047244 
2531.659927 0.047343 
2530.459240 0.047451 
2529.258553 0.047550 
2528.057866 0.047605 
2526.857179 0.047592 
2525.656492 0.047519 
2524.455805 0.047439 
2523.255118 0.047468 
2522.054431 0.047625 
2520.853745 0.047831 
2519.653058 0.047930 
2518.452371 0.047959 
2517.251684 0.047977 
2516.050997 0.048000 
2514.850310 0.048060 
2513.649623 0.048146 
2512.448936 0.048203 
2511.248249 0.048208 
2510.047563 0.048254 
2508.846876 0.048392 
2507.646189 0.048535 
2506.445502 0.048600 
2505.244815 0.048624 
2504.044128 0.048682 
2502.843441 0.048759 
2501.642754 0.048865 
2500.442067 0.048979 
2499.241380 0.049046 
2498.040694 0.049044 
2496.840007 0.049065 
2495.639320 0.049174 
2494.438633 0.049327 
2493.237946 0.049447 
2492.037259 0.049530 
2490.836572 0.049618 
2489.635885 0.049693 
2488.435198 0.049757 
2487.234512 0.049846 
2486.033825 0.049973 
2484.833138 0.050069 
2483.632451 0.050107 
2482.431764 0.050119 
2481.231077 0.050154 
2480.030390 0.050196 
2478.829703 0.050179 
2477.629016 0.050105 
2476.428329 0.050065 
2475.227643 0.050152 
2474.026956 0.050317 
2472.826269 0.050414 
2471.625582 0.050379 
2470.424895 0.050293 
2469.224208 0.050300 
2468.023521 0.050425 
2466.822834 0.050600 
2465.622147 0.050673 
2464.421460 0.050666 
2463.220774 0.050680 
2462.020087 0.050792 
2460.819400 0.050982 
2459.618713 0.051129 
2458.418026 0.051221 
2457.217339 0.051268 
2456.016652 0.051280 
2454.815965 0.051264 
2453.615278 0.051248 
2452.414592 0.051279 
2451.213905 0.051351 
2450.013218 0.051420 
2448.812531 0.051468 
2447.611844 0.051545 
2446.411157 0.051649 
2445.210470 0.051719 
2444.009783 0.051758 
2442.809096 0.051853 
2441.608409 0.052024 
2440.407723 0.052170 
2439.207036 0.052228 
2438.006349 0.052245 
2436.805662 0.052280 
2435.604975 0.052325 
2434.404288 0.052404 
2433.203601 0.052558 
2432.002914 0.052750 
2430.802227 0.052905 
2429.601541 0.052989 
2428.400854 0.053036 
2427.200167 0.053075 
2425.999480 0.053167 
2424.798793 0.053327 
2423.598106 0.053520 
2422.397419 0.053627 
2421.196732 0.053627 
2419.996045 0.053607 
2418.795358 0.053611 
2417.594672 0.053639 
2416.393985 0.053711 
2415.193298 0.053836 
2413.992611 0.053969 
2412.791924 0.054106 
2411.591237 0.054226 
2410.390550 0.054332 
2409.189863 0.054380 
2407.989176 0.054372 
2406.788489 0.054396 
2405.587803 0.054512 
2404.387116 0.054677 
2403.186429 0.054781 
2401.985742 0.054797 
2400.785055 0.054814 
2399.584368 0.054910 
2398.383681 0.055060 
2397.182994 0.055185 
2395.982307 0.055237 
2394.781621 0.055245 
2393.580934 0.055287 
2392.380247 0.055377 
2391.179560 0.055442 
2389.978873 0.055475 
2388.778186 0.055573 
2387.577499 0.055769 
2386.376812 0.055927 
2385.176125 0.055952 
2383.975438 0.055946 
2382.774752 0.056057 
2381.574065 0.056227 
2380.373378 0.056356 
2379.172691 0.056433 
2377.972004 0.056528 
2376.771317 0.056647 
2375.570630 0.056734 
2374.369943 0.056811 
2373.169256 0.056931 
2371.968570 0.057142 
2370.767883 0.057344 
2369.567196 0.057491 
2368.366509 0.057540 
2367.165822 0.057558 
2365.965135 0.057634 
2364.764448 0.057775 
2363.563761 0.057963 
2362.363074 0.058104 
2361.162387 0.058209 
2359.961701 0.058325 
2358.761014 0.058492 
2357.560327 0.058640 
2356.359640 0.058735 
2355.158953 0.058801 
2353.958266 0.058899 
2352.757579 0.059075 
2351.556892 0.059306 
2350.356205 0.059646 
2349.155519 0.060056 
2347.954832 0.060491 
2346.754145 0.061009 
2345.553458 0.061709 
2344.352771 0.062613 
2343.152084 0.063552 
2341.951397 0.064206 
2340.750710 0.064295 
2339.550023 0.063815 
2338.349336 0.062998 
2337.148650 0.062165 
2335.947963 0.061565 
2334.747276 0.061283 
2333.546589 0.061246 
2332.345902 0.061382 
2331.145215 0.061582 
2329.944528 0.061729 
2328.743841 0.061815 
2327.543154 0.061917 
2326.342467 0.062065 
2325.141781 0.062170 
2323.941094 0.062218 
2322.740407 0.062350 
2321.539720 0.062557 
2320.339033 0.062749 
2319.138346 0.062850 
2317.937659 0.063005 
2316.736972 0.063221 
2315.536285 0.063423 
2314.335599 0.063521 
2313.134912 0.063617 
2311.934225 0.063787 
2310.733538 0.064006 
2309.532851 0.064267 
2308.332164 0.064477 
2307.131477 0.064623 
2305.930790 0.064731 
2304.730103 0.064899 
2303.529416 0.065131 
2302.328730 0.065351 
2301.128043 0.065524 
2299.927356 0.065719 
2298.726669 0.066017 
2297.525982 0.066281 
2296.325295 0.066474 
2295.124608 0.066600 
2293.923921 0.066747 
2292.723234 0.066966 
2291.522548 0.067235 
2290.321861 0.067507 
2289.121174 0.067758 
2287.920487 0.067984 
2286.719800 0.068147 
2285.519113 0.068264 
2284.318426 0.068352 
2283.117739 0.068494 
2281.917052 0.068721 
2280.716365 0.068998 
2279.515679 0.069341 
2278.314992 0.069674 
2277.114305 0.069975 
2275.913618 0.070199 
2274.712931 0.070415 
2273.512244 0.070652 
2272.311557 0.070946 
2271.110870 0.071245 
2269.910183 0.071533 
2268.709496 0.071845 
2267.508810 0.072130 
2266.308123 0.072383 
2265.107436 0.072541 
2263.906749 0.072663 
2262.706062 0.072803 
2261.505375 0.073022 
2260.304688 0.073278 
2259.104001 0.073536 
2257.903314 0.073741 
2256.702628 0.073875 
2255.501941 0.074006 
2254.301254 0.074160 
2253.100567 0.074361 
2251.899880 0.074578 
2250.699193 0.074794 
2249.498506 0.075023 
2248.297819 0.075213 
2247.097132 0.075375 
2245.896445 0.075535 
2244.695759 0.075754 
2243.495072 0.076029 
2242.294385 0.076393 
2241.093698 0.076723 
2239.893011 0.076894 
2238.692324 0.076948 
2237.491637 0.077006 
2236.290950 0.077136 
2235.090263 0.077282 
2233.889577 0.077447 
2232.688890 0.077672 
2231.488203 0.077996 
2230.287516 0.078242 
2229.086829 0.078352 
2227.886142 0.078364 
2226.685455 0.078400 
2225.484768 0.078512 
2224.284081 0.078586 
2223.083394 0.078580 
2221.882708 0.078572 
2220.682021 0.078669 
2219.481334 0.078820 
2218.280647 0.078975 
2217.079960 0.079096 
2215.879273 0.079170 
2214.678586 0.079218 
2213.477899 0.079313 
2212.277212 0.079496 
2211.076526 0.079634 
2209.875839 0.079631 
2208.675152 0.079514 
2207.474465 0.079374 
2206.273778 0.079318 
2205.073091 0.079393 
2203.872404 0.079507 
2202.671717 0.079521 
2201.471030 0.079425 
2200.270343 0.079359 
2199.069657 0.079329 
2197.868970 0.079248 
2196.668283 0.079132 
2195.467596 0.079092 
2194.266909 0.079096 
2193.066222 0.079038 
2191.865535 0.078917 
2190.664848 0.078783 
2189.464161 0.078644 
2188.263474 0.078465 
2187.062788 0.078323 
2185.862101 0.078240 
2184.661414 0.078126 
2183.460727 0.077941 
2182.260040 0.077694 
2181.059353 0.077498 
2179.858666 0.077323 
2178.657979 0.077137 
2177.457292 0.076890 
2176.256606 0.076651 
2175.055919 0.076433 
2173.855232 0.076241 
2172.654545 0.076045 
2171.453858 0.075765 
2170.253171 0.075473 
2169.052484 0.075188 
2167.851797 0.074952 
2166.651110 0.074670 
2165.450423 0.074356 
2164.249737 0.074032 
2163.049050 0.073773 
2161.848363 0.073532 
2160.647676 0.073247 
2159.446989 0.072977 
2158.246302 0.072702 
2157.045615 0.072418 
2155.844928 0.072074 
2154.644241 0.071699 
2153.443555 0.071348 
2152.242868 0.071017 
2151.042181 0.070767 
2149.841494 0.070547 
2148.640807 0.070320 
2147.440120 0.070050 
2146.239433 0.069785 
2145.038746 0.069416 
2143.838059 0.068900 
2142.637372 0.068328 
2141.436686 0.067860 
2140.235999 0.067567 
2139.035312 0.067281 
2137.834625 0.066952 
2136.633938 0.066591 
2135.433251 0.066313 
2134.232564 0.066036 
2133.031877 0.065696 
2131.831190 0.065273 
2130.630504 0.064866 
2129.429817 0.064554 
2128.229130 0.064241 
2127.028443 0.063928 
2125.827756 0.063597 
2124.627069 0.063269 
2123.426382 0.062918 
2122.225695 0.062623 
2121.025008 0.062348 
2119.824321 0.062052 
2118.623635 0.061695 
2117.422948 0.061272 
2116.222261 0.060903 
2115.021574 0.060517 
2113.820887 0.060136 
2112.620200 0.059772 
2111.419513 0.059416 
2110.218826 0.059059 
2109.018139 0.058698 
2107.817452 0.058351 
2106.616766 0.058028 
2105.416079 0.057748 
2104.215392 0.057416 
2103.014705 0.057064 
2101.814018 0.056739 
2100.613331 0.056496 
2099.412644 0.056299 
2098.211957 0.056029 
2097.011270 0.055700 
2095.810584 0.055336 
2094.609897 0.054967 
2093.409210 0.054546 
2092.208523 0.054175 
2091.007836 0.053826 
2089.807149 0.053509 
2088.606462 0.053200 
2087.405775 0.052897 
2086.205088 0.052651 
2085.004401 0.052403 
2083.803715 0.052155 
2082.603028 0.051867 
2081.402341 0.051577 
2080.201654 0.051251 
2079.000967 0.050952 
2077.800280 0.050674 
2076.599593 0.050388 
2075.398906 0.050095 
2074.198219 0.049772 
2072.997533 0.049485 
2071.796846 0.049179 
2070.596159 0.048875 
2069.395472 0.048616 
2068.194785 0.048429 
2066.994098 0.048200 
2065.793411 0.047902 
2064.592724 0.047618 
2063.392037 0.047392 
2062.191350 0.047201 
2060.990664 0.046955 
2059.789977 0.046706 
2058.589290 0.046502 
2057.388603 0.046285 
2056.187916 0.046000 
2054.987229 0.045690 
2053.786542 0.045433 
2052.585855 0.045210 
2051.385168 0.044982 
2050.184481 0.044707 
2048.983795 0.044489 
2047.783108 0.044292 
2046.582421 0.044065 
2045.381734 0.043800 
2044.181047 0.043494 
2042.980360 0.043228 
2041.779673 0.042969 
2040.578986 0.042761 
2039.378299 0.042601 
2038.177613 0.042453 
2036.976926 0.042254 
2035.776239 0.042039 
2034.575552 0.041840 
2033.374865 0.041620 
2032.174178 0.041399 
2030.973491 0.041187 
2029.772804 0.041038 
2028.572117 0.040878 
2027.371430 0.040671 
2026.170744 0.040458 
2024.970057 0.040301 
2023.769370 0.040158 
2022.568683 0.039999 
2021.367996 0.039827 
2020.167309 0.039616 
2018.966622 0.039420 
2017.765935 0.039247 
2016.565248 0.039098 
2015.364562 0.038945 
2014.163875 0.038785 
2012.963188 0.038673 
2011.762501 0.038594 
2010.561814 0.038527 
2009.361127 0.038465 
2008.160440 0.038394 
2006.959753 0.038265 
2005.759066 0.038100 
2004.558379 0.037950 
2003.357693 0.037822 
2002.157006 0.037707 
2000.956319 0.037597 
1999.755632 0.037533 
1998.554945 0.037473 
1997.354258 0.037395 
1996.153571 0.037297 
1994.952884 0.037222 
1993.752197 0.037149 
1992.551511 0.037058 
1991.350824 0.036942 
1990.150137 0.036790 
1988.949450 0.036662 
1987.748763 0.036560 
1986.548076 0.036474 
1985.347389 0.036361 
1984.146702 0.036256 
1982.946015 0.036149 
1981.745328 0.036006 
1980.544642 0.035818 
1979.343955 0.035667 
1978.143268 0.035603 
1976.942581 0.035551 
1975.741894 0.035457 
1974.541207 0.035343 
1973.340520 0.035244 
1972.139833 0.035174 
1970.939146 0.035158 
1969.738459 0.035181 
1968.537773 0.035208 
1967.337086 0.035214 
1966.136399 0.035194 
1964.935712 0.035132 
1963.735025 0.035041 
1962.534338 0.034994 
1961.333651 0.035012 
1960.132964 0.035006 
1958.932277 0.034940 
1957.731591 0.034868 
1956.530904 0.034849 
1955.330217 0.034857 
1954.129530 0.034868 
1952.928843 0.034893 
1951.728156 0.034912 
1950.527469 0.034920 
1949.326782 0.034937 
1948.126095 0.034968 
1946.925408 0.034992 
1945.724722 0.034978 
1944.524035 0.034945 
1943.323348 0.034922 
1942.122661 0.034933 
1940.921974 0.034972 
1939.721287 0.035004 
1938.520600 0.035011 
1937.319913 0.035011 
1936.119226 0.035044 
1934.918540 0.035099 
1933.717853 0.035158 
1932.517166 0.035181 
1931.316479 0.035159 
1930.115792 0.035153 
1928.915105 0.035204 
1927.714418 0.035277 
1926.513731 0.035315 
1925.313044 0.035331 
1924.112357 0.035347 
1922.911671 0.035360 
1921.710984 0.035362 
1920.510297 0.035392 
1919.309610 0.035462 
1918.108923 0.035540 
1916.908236 0.035615 
1915.707549 0.035696 
1914.506862 0.035795 
1913.306175 0.035894 
1912.105488 0.035978 
1910.904802 0.036033 
1909.704115 0.036090 
1908.503428 0.036183 
1907.302741 0.036328 
1906.102054 0.036477 
1904.901367 0.036561 
1903.700680 0.036594 
1902.499993 0.036619 
1901.299306 0.036706 
1900.098620 0.036860 
1898.897933 0.037047 
1897.697246 0.037159 
1896.496559 0.037204 
1895.295872 0.037299 
1894.095185 0.037497 
1892.894498 0.037744 
1891.693811 0.037887 
1890.493124 0.037986 
1889.292437 0.038136 
1888.091751 0.038373 
1886.891064 0.038588 
1885.690377 0.038764 
1884.489690 0.038946 
1883.289003 0.039184 
1882.088316 0.039472 
1880.887629 0.039678 
1879.686942 0.039810 
1878.486255 0.039907 
1877.285569 0.040058 
1876.084882 0.040264 
1874.884195 0.040475 
1873.683508 0.040668 
1872.482821 0.040863 
1871.282134 0.041038 
1870.081447 0.041147 
1868.880760 0.041250 
1867.680073 0.041472 
1866.479386 0.041852 
1865.278700 0.042281 
1864.078013 0.042635 
1862.877326 0.042948 
1861.676639 0.043243 
1860.475952 0.043589 
1859.275265 0.043933 
1858.074578 0.044300 
1856.873891 0.044665 
1855.673204 0.045073 
1854.472518 0.045438 
1853.271831 0.045741 
1852.071144 0.046058 
1850.870457 0.046379 
1849.669770 0.046724 
1848.469083 0.047000 
1847.268396 0.047228 
1846.067709 0.047428 
1844.867022 0.047639 
1843.666335 0.047896 
1842.465649 0.048209 
1841.264962 0.048511 
1840.064275 0.048727 
1838.863588 0.048856 
1837.662901 0.048916 
1836.462214 0.048975 
1835.261527 0.049055 
1834.060840 0.049140 
1832.860153 0.049211 
1831.659466 0.049264 
1830.458780 0.049316 
1829.258093 0.049378 
1828.057406 0.049448 
1826.856719 0.049483 
1825.656032 0.049465 
1824.455345 0.049413 
1823.254658 0.049375 
1822.053971 0.049374 
1820.853284 0.049416 
1819.652598 0.049496 
1818.451911 0.049545 
1817.251224 0.049552 
1816.050537 0.049575 
1814.849850 0.049687 
1813.649163 0.049842 
1812.448476 0.049996 
1811.247789 0.050170 
1810.047102 0.050393 
1808.846415 0.050675 
1807.645729 0.050928 
1806.445042 0.051201 
1805.244355 0.051507 
1804.043668 0.051878 
1802.842981 0.052220 
1801.642294 0.052585 
1800.441607 0.052970 
1799.240920 0.053387 
1798.040233 0.053791 
1796.839547 0.054114 
1795.638860 0.054440 
1794.438173 0.054754 
1793.237486 0.055085 
1792.036799 0.055472 
1790.836112 0.056002 
1789.635425 0.056609 
1788.434738 0.057217 
1787.234051 0.057753 
1786.033364 0.058225 
1784.832678 0.058774 
1783.631991 0.059326 
1782.431304 0.059921 
1781.230617 0.060505 
1780.029930 0.061082 
1778.829243 0.061710 
1777.628556 0.062347 
1776.427869 0.062984 
1775.227182 0.063547 
1774.026495 0.064061 
1772.825809 0.064597 
1771.625122 0.065382 
1770.424435 0.066264 
1769.223748 0.067095 
1768.023061 0.067885 
1766.822374 0.068712 
1765.621687 0.069732 
1764.421000 0.070671 
1763.220313 0.071552 
1762.019627 0.072422 
1760.818940 0.073527 
1759.618253 0.074632 
1758.417566 0.075738 
1757.216879 0.076824 
1756.016192 0.077968 
1754.815505 0.079345 
1753.614818 0.080624 
1752.414131 0.081960 
1751.213444 0.083275 
1750.012758 0.084698 
1748.812071 0.086278 
1747.611384 0.087905 
1746.410697 0.089484 
1745.210010 0.091111 
1744.009323 0.092928 
1742.808636 0.094714 
1741.607949 0.096632 
1740.407262 0.098387 
1739.206576 0.100345 
1738.005889 0.102488 
1736.805202 0.104505 
1735.604515 0.106467 
1734.403828 0.108376 
1733.203141 0.110645 
1732.002454 0.113133 
1730.801767 0.115908 
1729.601080 0.118434 
1728.400393 0.121116 
1727.199707 0.123802 
1725.999020 0.126478 
1724.798333 0.129328 
1723.597646 0.131987 
1722.396959 0.134904 
1721.196272 0.137722 
1719.995585 0.140612 
1718.794898 0.143211 
1717.594211 0.146119 
1716.393525 0.149128 
1715.192838 0.152351 
1713.992151 0.155638 
1712.791464 0.158728 
1711.590777 0.162041 
1710.390090 0.165003 
1709.189403 0.168030 
1707.988716 0.170950 
1706.788029 0.173930 
1705.587342 0.176744 
1704.386656 0.179780 
1703.185969 0.182643 
1701.985282 0.185093 
1700.784595 0.187744 
1699.583908 0.190499 
1698.383221 0.193558 
1697.182534 0.196235 
1695.981847 0.198739 
1694.781160 0.201487 
1693.580473 0.204343 
1692.379787 0.206908 
1691.179100 0.209182 
1689.978413 0.211423 
1688.777726 0.213524 
1687.577039 0.215704 
1686.376352 0.217419 
1685.175665 0.219042 
1683.974978 0.220871 
1682.774291 0.222911 
1681.573605 0.225058 
1680.372918 0.226768 
1679.172231 0.228242 
1677.971544 0.229608 
1676.770857 0.231034 
1675.570170 0.232233 
1674.369483 0.233439 
1673.168796 0.234605 
1671.968109 0.235671 
1670.767422 0.236606 
1669.566736 0.237417 
1668.366049 0.238430 
1667.165362 0.239544 
1665.964675 0.240494 
1664.763988 0.241007 
1663.563301 0.241315 
1662.362614 0.241749 
1661.161927 0.242379 
1659.961240 0.242991 
1658.760554 0.243435 
1657.559867 0.243772 
1656.359180 0.243896 
1655.158493 0.243683 
1653.957806 0.243215 
1652.757119 0.242938 
1651.556432 0.243221 
1650.355745 0.243645 
1649.155058 0.243726 
1647.954371 0.243291 
1646.753685 0.242560 
1645.552998 0.241970 
1644.352311 0.241464 
1643.151624 0.240887 
1641.950937 0.240010 
1640.750250 0.238959 
1639.549563 0.238020 
1638.348876 0.236965 
1637.148189 0.235537 
1635.947503 0.233566 
1634.746816 0.231537 
1633.546129 0.229454 
1632.345442 0.227507 
1631.144755 0.225234 
1629.944068 0.222776 
1628.743381 0.220434 
1627.542694 0.217986 
1626.342007 0.215706 
1625.141320 0.213218 
1623.940634 0.210838 
1622.739947 0.208452 
1621.539260 0.206376 
1620.338573 0.204235 
1619.137886 0.202145 
1617.937199 0.199976 
1616.736512 0.197750 
1615.535825 0.195940 
1614.335138 0.194288 
1613.134451 0.192826 
1611.933765 0.191213 
1610.733078 0.189610 
1609.532391 0.188120 
1608.331704 0.186855 
1607.131017 0.185568 
1605.930330 0.184324 
1604.729643 0.183253 
1603.528956 0.182257 
1602.328269 0.181513 
1601.127583 0.180964 
1599.926896 0.180796 
1598.726209 0.181292 
1597.525522 0.183099 
1596.324835 0.186547 
1595.124148 0.192306 
1593.923461 0.201352 
1592.722774 0.214514 
1591.522087 0.226561 
1590.321400 0.233974 
1589.120714 0.231060 
1587.920027 0.218993 
1586.719340 0.203404 
1585.518653 0.190374 
1584.317966 0.180640 
1583.117279 0.175463 
1581.916592 0.172308 
1580.715905 0.170481 
1579.515218 0.169216 
1578.314532 0.168292 
1577.113845 0.167239 
1575.913158 0.166114 
1574.712471 0.165100 
1573.511784 0.164121 
1572.311097 0.163155 
1571.110410 0.161967 
1569.909723 0.160789 
1568.709036 0.159821 
1567.508349 0.159199 
1566.307663 0.158657 
1565.106976 0.158103 
1563.906289 0.157519 
1562.705602 0.156883 
1561.504915 0.156110 
1560.304228 0.155034 
1559.103541 0.154140 
1557.902854 0.153646 
1556.702167 0.153470 
1555.501480 0.153260 
1554.300794 0.152904 
1553.100107 0.152498 
1551.899420 0.152103 
1550.698733 0.151713 
1549.498046 0.151273 
1548.297359 0.150869 
1547.096672 0.150399 
1545.895985 0.149872 
1544.695298 0.149331 
1543.494612 0.148798 
1542.293925 0.148293 
1541.093238 0.147672 
1539.892551 0.147088 
1538.691864 0.146723 
1537.491177 0.146646 
1536.290490 0.146623 
1535.089803 0.146371 
1533.889116 0.145929 
1532.688429 0.145521 
1531.487743 0.145282 
1530.287056 0.145051 
1529.086369 0.144720 
1527.885682 0.144294 
1526.684995 0.143879 
1525.484308 0.143521 
1524.283621 0.143208 
1523.082934 0.142797 
1521.882247 0.142297 
1520.681561 0.141865 
1519.480874 0.141609 
1518.280187 0.141447 
1517.079500 0.141244 
1515.878813 0.141048 
1514.678126 0.140905 
1513.477439 0.140685 
1512.276752 0.140339 
1511.076065 0.139963 
1509.875378 0.139590 
1508.674692 0.139057 
1507.474005 0.138406 
1506.273318 0.137827 
1505.072631 0.137762 
1503.871944 0.137946 
1502.671257 0.138015 
1501.470570 0.137787 
1500.269883 0.137337 
1499.069196 0.136883 
1497.868510 0.136427 
1496.667823 0.136041 
1495.467136 0.135816 
1494.266449 0.135748 
1493.065762 0.135635 
1491.865075 0.135413 
1490.664388 0.135163 
1489.463701 0.134940 
1488.263014 0.134742 
1487.062327 0.134531 
1485.861641 0.134363 
1484.660954 0.134226 
1483.460267 0.134100 
1482.259580 0.133939 
1481.058893 0.133767 
1479.858206 0.133554 
1478.657519 0.133295 
1477.456832 0.133026 
1476.256145 0.132747 
1475.055458 0.132467 
1473.854772 0.132152 
1472.654085 0.131855 
1471.453398 0.131650 
1470.252711 0.131593 
1469.052024 0.131624 
1467.851337 0.131632 
1466.650650 0.131555 
1465.449963 0.131435 
1464.249276 0.131401 
1463.048590 0.131468 
1461.847903 0.131538 
1460.647216 0.131473 
1459.446529 0.131253 
1458.245842 0.130899 
1457.045155 0.130551 
1455.844468 0.130376 
1454.643781 0.130351 
1453.443094 0.130337 
1452.242407 0.130166 
1451.041721 0.129855 
1449.841034 0.129477 
1448.640347 0.129069 
1447.439660 0.128702 
1446.238973 0.128452 
1445.038286 0.128423 
1443.837599 0.128546 
1442.636912 0.128744 
1441.436225 0.128995 
1440.235539 0.129148 
1439.034852 0.129069 
1437.834165 0.128692 
1436.633478 0.128199 
1435.432791 0.127841 
1434.232104 0.127653 
1433.031417 0.127436 
1431.830730 0.127126 
1430.630043 0.126832 
1429.429356 0.126633 
1428.228670 0.126464 
1427.027983 0.126218 
1425.827296 0.125817 
1424.626609 0.125337 
1423.425922 0.124895 
1422.225235 0.124445 
1421.024548 0.123986 
1419.823861 0.123468 
1418.623174 0.123039 
1417.422487 0.122799 
1416.221801 0.122627 
1415.021114 0.122405 
1413.820427 0.122093 
1412.619740 0.121748 
1411.419053 0.121444 
1410.218366 0.121227 
1409.017679 0.121012 
1407.816992 0.120784 
1406.616305 0.120553 
1405.415619 0.120319 
1404.214932 0.120091 
1403.014245 0.119857 
1401.813558 0.119663 
1400.612871 0.119405 
1399.412184 0.119105 
1398.211497 0.118841 
1397.010810 0.118727 
1395.810123 0.118610 
1394.609436 0.118434 
1393.408750 0.118281 
1392.208063 0.118309 
1391.007376 0.118454 
1389.806689 0.118684 
1388.606002 0.119018 
1387.405315 0.119614 
1386.204628 0.120416 
1385.003941 0.121692 
1383.803254 0.123694 
1382.602568 0.127087 
1381.401881 0.131967 
1380.201194 0.137140 
1379.000507 0.141958 
1377.799820 0.143384 
1376.599133 0.141028 
1375.398446 0.135471 
1374.197759 0.128510 
1372.997072 0.123272 
1371.796385 0.119686 
1370.595699 0.117500 
1369.395012 0.116157 
1368.194325 0.115161 
1366.993638 0.114533 
1365.792951 0.114094 
1364.592264 0.113755 
1363.391577 0.113391 
1362.190890 0.113004 
1360.990203 0.112728 
1359.789517 0.112543 
1358.588830 0.112337 
1357.388143 0.112092 
1356.187456 0.111870 
1354.986769 0.111637 
1353.786082 0.111398 
1352.585395 0.111181 
1351.384708 0.111028 
1350.184021 0.110917 
1348.983334 0.110765 
1347.782648 0.110604 
1346.581961 0.110458 
1345.381274 0.110355 
1344.180587 0.110248 
1342.979900 0.110118 
1341.779213 0.109955 
1340.578526 0.109777 
1339.377839 0.109596 
1338.177152 0.109382 
1336.976465 0.109201 
1335.775779 0.109001 
1334.575092 0.108795 
1333.374405 0.108550 
1332.173718 0.108300 
1330.973031 0.108081 
1329.772344 0.107885 
1328.571657 0.107669 
1327.370970 0.107393 
1326.170283 0.107098 
1324.969597 0.106805 
1323.768910 0.106586 
1322.568223 0.106334 
1321.367536 0.106037 
1320.166849 0.105737 
1318.966162 0.105466 
1317.765475 0.105223 
1316.564788 0.104966 
1315.364101 0.104704 
1314.163414 0.104425 
1312.962728 0.104201 
1311.762041 0.103972 
1310.561354 0.103770 
1309.360667 0.103562 
1308.159980 0.103331 
1306.959293 0.103121 
1305.758606 0.102910 
1304.557919 0.102761 
1303.357232 0.102607 
1302.156546 0.102450 
1300.955859 0.102269 
1299.755172 0.102167 
1298.554485 0.102173 
1297.353798 0.102300 
1296.153111 0.102545 
1294.952424 0.102951 
1293.751737 0.103474 
1292.551050 0.104142 
1291.350363 0.104844 
1290.149677 0.105478 
1288.948990 0.105775 
1287.748303 0.105679 
1286.547616 0.105130 
1285.346929 0.104240 
1284.146242 0.103146 
1282.945555 0.102205 
1281.744868 0.101385 
1280.544181 0.100789 
1279.343494 0.100360 
1278.142808 0.100020 
1276.942121 0.099656 
1275.741434 0.099199 
1274.540747 0.098615 
1273.340060 0.097969 
1272.139373 0.097382 
1270.938686 0.096821 
1269.737999 0.096389 
1268.537312 0.095990 
1267.336626 0.095639 
1266.135939 0.095355 
1264.935252 0.095078 
1263.734565 0.094785 
1262.533878 0.094475 
1261.333191 0.094205 
1260.132504 0.093962 
1258.931817 0.093750 
1257.731130 0.093522 
1256.530443 0.093301 
1255.329757 0.093078 
1254.129070 0.092839 
1252.928383 0.092614 
1251.727696 0.092386 
1250.527009 0.092224 
1249.326322 0.092105 
1248.125635 0.091986 
1246.924948 0.091795 
1245.724261 0.091568 
1244.523575 0.091324 
1243.322888 0.091076 
1242.122201 0.090845 
1240.921514 0.090626 
1239.720827 0.090438 
1238.520140 0.090229 
1237.319453 0.090035 
1236.118766 0.089881 
1234.918079 0.089704 
1233.717392 0.089488 
1232.516706 0.089284 
1231.316019 0.089135 
1230.115332 0.088986 
1228.914645 0.088818 
1227.713958 0.088606 
1226.513271 0.088390 
1225.312584 0.088170 
1224.111897 0.087978 
1222.911210 0.087842 
1221.710524 0.087704 
1220.509837 0.087546 
1219.309150 0.087381 
1218.108463 0.087244 
1216.907776 0.087082 
1215.707089 0.086880 
1214.506402 0.086633 
1213.305715 0.086405 
1212.105028 0.086231 
1210.904341 0.086099 
1209.703655 0.086013 
1208.502968 0.085973 
1207.302281 0.086003 
1206.101594 0.086097 
1204.900907 0.086174 
1203.700220 0.086198 
1202.499533 0.086144 
1201.298846 0.085961 
1200.098159 0.085604 
1198.897472 0.085154 
1197.696786 0.084666 
1196.496099 0.084314 
1195.295412 0.084018 
1194.094725 0.083749 
1192.894038 0.083501 
1191.693351 0.083319 
1190.492664 0.083163 
1189.291977 0.083011 
1188.091290 0.082839 
1186.890604 0.082606 
1185.689917 0.082378 
1184.489230 0.082177 
1183.288543 0.082033 
1182.087856 0.081892 
1180.887169 0.081697 
1179.686482 0.081485 
1178.485795 0.081301 
1177.285108 0.081154 
1176.084421 0.081014 
1174.883735 0.080889 
1173.683048 0.080751 
1172.482361 0.080614 
1171.281674 0.080488 
1170.080987 0.080384 
1168.880300 0.080290 
1167.679613 0.080164 
1166.478926 0.080041 
1165.278239 0.079954 
1164.077553 0.079892 
1162.876866 0.079787 
1161.676179 0.079637 
1160.475492 0.079456 
1159.274805 0.079273 
1158.074118 0.079093 
1156.873431 0.078911 
1155.672744 0.078755 
1154.472057 0.078584 
1153.271370 0.078417 
1152.070684 0.078267 
1150.869997 0.078150 
1149.669310 0.078025 
1148.468623 0.077895 
1147.267936 0.077790 
1146.067249 0.077729 
1144.866562 0.077695 
1143.665875 0.077631 
1142.465188 0.077510 
1141.264502 0.077366 
1140.063815 0.077264 
1138.863128 0.077210 
1137.662441 0.077133 
1136.461754 0.076978 
1135.261067 0.076794 
1134.060380 0.076658 
1132.859693 0.076588 
1131.659006 0.076548 
1130.458319 0.076494 
1129.257633 0.076422 
1128.056946 0.076329 
1126.856259 0.076215 
1125.655572 0.076084 
1124.454885 0.075911 
1123.254198 0.075743 
1122.053511 0.075599 
1120.852824 0.075473 
1119.652137 0.075295 
1118.451450 0.075100 
1117.250764 0.074942 
1116.050077 0.074835 
1114.849390 0.074736 
1113.648703 0.074583 
1112.448016 0.074414 
1111.247329 0.074269 
1110.046642 0.074213 
1108.845955 0.074206 
1107.645268 0.074132 
1106.444582 0.073977 
1105.243895 0.073869 
1104.043208 0.073880 
1102.842521 0.073897 
1101.641834 0.073841 
1100.441147 0.073822 
1099.240460 0.074007 
1098.039773 0.074366 
1096.839086 0.074740 
1095.638399 0.075078 
1094.437713 0.075420 
1093.237026 0.075800 
1092.036339 0.076136 
1090.835652 0.076332 
1089.634965 0.076376 
1088.434278 0.076223 
1087.233591 0.075892 
1086.032904 0.075462 
1084.832217 0.075051 
1083.631531 0.074632 
1082.430844 0.074183 
1081.230157 0.073658 
1080.029470 0.073141 
1078.828783 0.072691 
1077.628096 0.072375 
1076.427409 0.072075 
1075.226722 0.071803 
1074.026035 0.071602 
1072.825348 0.071473 
1071.624662 0.071357 
1070.423975 0.071166 
1069.223288 0.070937 
1068.022601 0.070737 
1066.821914 0.070604 
1065.621227 0.070489 
1064.420540 0.070369 
1063.219853 0.070222 
1062.019166 0.070075 
1060.818479 0.069989 
1059.617793 0.070043 
1058.417106 0.070258 
1057.216419 0.070644 
1056.015732 0.071174 
1054.815045 0.071939 
1053.614358 0.072887 
1052.413671 0.074150 
1051.212984 0.075598 
1050.012297 0.077158 
1048.811611 0.078895 
1047.610924 0.080484 
1046.410237 0.082015 
1045.209550 0.083142 
1044.008863 0.083938 
1042.808176 0.084484 
1041.607489 0.084881 
1040.406802 0.085272 
1039.206115 0.085900 
1038.005428 0.086990 
1036.804742 0.088640 
1035.604055 0.091295 
1034.403368 0.094614 
1033.202681 0.098827 
1032.001994 0.103762 
1030.801307 0.109284 
1029.600620 0.115994 
1028.399933 0.122290 
1027.199246 0.128648 
1025.998560 0.134005 
1024.797873 0.138072 
1023.597186 0.139892 
1022.396499 0.139179 
1021.195812 0.135598 
1019.995125 0.128913 
1018.794438 0.119762 
1017.593751 0.110119 
1016.393064 0.099759 
1015.192377 0.091572 
1013.991691 0.085025 
1012.791004 0.080455 
1011.590317 0.077445 
1010.389630 0.075858 
1009.188943 0.074872 
1007.988256 0.074320 
1006.787569 0.074039 
1005.586882 0.073892 
1004.386195 0.073833 
1003.185509 0.073832 
1001.984822 0.073897 
1000.784135 0.074052 
999.583448 0.074337 
998.382761 0.074735 
997.182074 0.075291 
995.981387 0.076117 
994.780700 0.077214 
993.580013 0.078559 
992.379326 0.080089 
991.178640 0.081708 
989.977953 0.083218 
988.777266 0.084447 
987.576579 0.085194 
986.375892 0.085311 
985.175205 0.085011 
983.974518 0.084716 
982.773831 0.084749 
981.573144 0.085210 
980.372457 0.085972 
979.171771 0.086934 
977.971084 0.088040 
976.770397 0.089168 
975.569710 0.090218 
974.369023 0.091202 
973.168336 0.092169 
971.967649 0.093112 
970.766962 0.094068 
969.566275 0.095091 
968.365589 0.096211 
967.164902 0.097430 
965.964215 0.098777 
964.763528 0.100288 
963.562841 0.101944 
962.362154 0.103695 
961.161467 0.105469 
959.960780 0.107314 
958.760093 0.109235 
957.559406 0.111262 
956.358720 0.113395 
955.158033 0.115568 
953.957346 0.117728 
952.756659 0.119915 
951.555972 0.122228 
950.355285 0.124645 
949.154598 0.127136 
947.953911 0.129712 
946.753224 0.132469 
945.552538 0.135364 
944.351851 0.138412 
943.151164 0.141564 
941.950477 0.144911 
940.749790 0.148449 
939.549103 0.152175 
938.348416 0.156026 
937.147729 0.159951 
935.947042 0.164088 
934.746355 0.168446 
933.545669 0.173044 
932.344982 0.177769 
931.144295 0.182681 
929.943608 0.187811 
928.742921 0.193172 
927.542234 0.198580 
926.341547 0.204056 
925.140860 0.209583 
923.940173 0.215155 
922.739486 0.220685 
921.538800 0.225894 
920.338113 0.230675 
919.137426 0.235052 
917.936739 0.239071 
916.736052 0.242542 
915.535365 0.245352 
914.334678 0.247454 
913.133991 0.248832 
911.933304 0.249501 
910.732618 0.249543 
909.531931 0.249032 
908.331244 0.248150 
907.130557 0.247090 
905.929870 0.246103 
904.729183 0.245320 
903.528496 0.244840 
902.327809 0.244702 
901.127122 0.244874 
899.926435 0.245401 
898.725749 0.246294 
897.525062 0.247530 
896.324375 0.248934 
895.123688 0.250439 
893.923001 0.252048 
892.722314 0.253767 
891.521627 0.255583 
890.320940 0.257418 
889.120253 0.259275 
887.919567 0.261131 
886.718880 0.263049 
885.518193 0.265056 
884.317506 0.267167 
883.116819 0.269373 
881.916132 0.271645 
880.715445 0.273938 
879.514758 0.276214 
878.314071 0.278448 
877.113384 0.280622 
875.912698 0.282735 
874.712011 0.284754 
873.511324 0.286680 
872.310637 0.288509 
871.109950 0.290266 
869.909263 0.291963 
868.708576 0.293710 
867.507889 0.295573 
866.307202 0.297534 
865.106516 0.299489 
863.905829 0.301374 
862.705142 0.303229 
861.504455 0.305058 
860.303768 0.306936 
859.103081 0.308870 
857.902394 0.310856 
856.701707 0.312835 
855.501020 0.314776 
854.300333 0.316552 
853.099647 0.318200 
851.898960 0.319859 
850.698273 0.321637 
849.497586 0.323514 
848.296899 0.325375 
847.096212 0.327196 
845.895525 0.328968 
844.694838 0.330706 
843.494151 0.332406 
842.293464 0.334118 
841.092778 0.335837 
839.892091 0.337528 
838.691404 0.339145 
837.490717 0.340728 
836.290030 0.342297 
835.089343 0.343860 
833.888656 0.345432 
832.687969 0.346999 
831.487282 0.348606 
830.286596 0.350208 
829.085909 0.351777 
827.885222 0.353281 
826.684535 0.354792 
825.483848 0.356345 
824.283161 0.357881 
823.082474 0.359335 
821.881787 0.360716 
820.681100 0.362066 
819.480413 0.363468 
818.279727 0.364943 
817.079040 0.366339 
815.878353 0.367562 
814.677666 0.368664 
813.476979 0.369837 
812.276292 0.371085 
811.075605 0.372351 
809.874918 0.373614 
808.674231 0.374856 
807.473545 0.376009 
806.272858 0.377050 
805.072171 0.378073 
803.871484 0.379178 
802.670797 0.380323 
801.470110 0.381447 
800.269423 0.382608 
799.068736 0.383772 
797.868049 0.384809 
796.667362 0.385634 
795.466676 0.386373 
794.265989 0.387202 
793.065302 0.388079 
791.864615 0.388866 
790.663928 0.389523 
789.463241 0.390212 
788.262554 0.391000 
787.061867 0.391826 
785.861180 0.392599 
784.660493 0.393338 
783.459807 0.394024 
782.259120 0.394625 
781.058433 0.395124 
779.857746 0.395601 
778.657059 0.396156 
777.456372 0.396753 
776.255685 0.397232 
775.054998 0.397543 
773.854311 0.397867 
772.653625 0.398299 
771.452938 0.398726 
770.252251 0.398954 
769.051564 0.399030 
767.850877 0.399025 
766.650190 0.398950 
765.449503 0.398827 
764.248816 0.398656 
763.048129 0.398439 
761.847442 0.398203 
760.646756 0.398115 
759.446069 0.398149 
758.245382 0.398134 
757.044695 0.397985 
755.844008 0.397842 
754.643321 0.397837 
753.442634 0.397947 
752.241947 0.398103 
751.041260 0.398150 
749.840574 0.398053 
748.639887 0.397885 
747.439200 0.397747 
746.238513 0.397566 
745.037826 0.397184 
743.837139 0.396634 
742.636452 0.396033 
741.435765 0.395425 
740.235078 0.394802 
739.034391 0.394218 
737.833705 0.393663 
736.633018 0.393033 
735.432331 0.392306 
734.231644 0.391572 
733.030957 0.390796 
731.830270 0.389861 
730.629583 0.388915 
729.428896 0.388161 
728.228209 0.387553 
727.027523 0.386732 
725.826836 0.385540 
724.626149 0.384231 
723.425462 0.383055 
722.224775 0.381964 
721.024088 0.380706 
719.823401 0.379302 
718.622714 0.377934 
717.422027 0.376745 
716.221340 0.375607 
715.020654 0.374329 
713.819967 0.372781 
712.619280 0.371099 
711.418593 0.369528 
710.217906 0.368125 
709.017219 0.366689 
707.816532 0.365070 
706.615845 0.363294 
705.415158 0.361508 
704.214471 0.359815 
703.013785 0.358195 
701.813098 0.356488 
700.612411 0.354574 
699.411724 0.352569 
698.211037 0.350702 
697.010350 0.349076 
695.809663 0.347419 
694.608976 0.345637 
693.408289 0.343775 
692.207603 0.341795 
691.006916 0.339674 
689.806229 0.337497 
688.605542 0.335468 
687.404855 0.333601 
686.204168 0.331695 
685.003481 0.329554 
683.802794 0.327177 
682.602107 0.324746 
681.401420 0.322476 
680.200734 0.320370 
679.000047 0.318312 
677.799360 0.316176 
676.598673 0.313926 
675.397986 0.311636 
674.197299 0.309273 
672.996612 0.306844 
671.795925 0.304514 
670.595238 0.302348 
669.394552 0.300098 
668.193865 0.297586 
666.993178 0.294966 
665.792491 0.292614 
664.591804 0.290499 
663.391117 0.288293 
662.190430 0.285882 
660.989743 0.283457 
659.789056 0.281207 
658.588369 0.279070 
657.387683 0.276887 
656.186996 0.274507 
654.986309 0.271971 
653.785622 0.269377 
652.584935 0.266863 
651.384248 0.264418 
650.183561 0.262033 
648.982874 0.259676 
647.782187 0.257272 
646.581501 0.254884 
645.380814 0.252547 
644.180127 0.250270 
642.979440 0.247969 
641.778753 0.245701 
640.578066 0.243648 
639.377379 0.241855 
638.176692 0.239958 
636.976005 0.237554 
635.775318 0.234741 
634.574632 0.231930 
633.373945 0.229462 
632.173258 0.227167 
630.972571 0.224930 
629.771884 0.222687 
628.571197 0.220486 
627.370510 0.218348 
626.169823 0.216276 
624.969136 0.214088 
623.768449 0.211583 
622.567763 0.208762 
621.367076 0.206045 
620.166389 0.203926 
618.965702 0.202620 
617.765015 0.201508 
616.564328 0.199850 
615.363641 0.197630 
614.162954 0.195154 
612.962267 0.192641 
611.761581 0.190276 
610.560894 0.188251 
609.360207 0.186150 
608.159520 0.183848 
606.958833 0.182395 
605.758146 0.182105 
604.557459 0.181095 
603.356772 0.177630 
602.156085 0.173620 
600.955398 0.171375 
599.754712 0.170821 
598.554025 0.169918 
597.353338 0.168406 
596.152651 0.167041 
594.951964 0.165574 
593.751277 0.163363 
592.550590 0.161232 
591.349903 0.159898 
590.149216 0.158452 
588.948530 0.155105 
587.747843 0.150722 
586.547156 0.147722 
585.346469 0.147394 
584.145782 0.148550 
582.945095 0.148920 
581.744408 0.148037 
580.543721 0.146508 
579.343034 0.144875 
578.142347 0.143283 
576.941661 0.141801 
575.740974 0.140503 
574.540287 0.139000 
573.339600 0.137193 
572.138913 0.136316 
570.938226 0.138057 
569.737539 0.141386 
568.536852 0.141521 
567.336165 0.136783 
566.135478 0.130371 
564.934792 0.126945 
563.734105 0.126511 
562.533418 0.126897 
561.332731 0.126918 
560.132044 0.126005 
558.931357 0.124259 
557.730670 0.122356 
556.529983 0.120252 
555.329296 0.118469 
554.128610 0.120736 
552.927923 0.128472 
551.727236 0.135942 
550.526549 0.134464 
549.325862 0.125094 
548.125175 0.116939 
546.924488 0.113857 
545.723801 0.113354 
544.523114 0.113030 
543.322427 0.113426 
542.121741 0.114250 
540.921054 0.114390 
539.720367 0.113908 
538.519680 0.113253 
537.318993 0.112166 
536.118306 0.110808 
534.917619 0.109592 
533.716932 0.108126 
532.516245 0.106132 
531.315559 0.104057 
530.114872 0.102200 
528.914185 0.100325 
527.713498 0.098469 
526.512811 0.096895 
525.312124 0.095506 
524.111437 0.094034 
522.910750 0.092256 
521.710063 0.089982 
520.509376 0.087605 
519.308690 0.085868 
518.108003 0.084575 
516.907316 0.082981 
515.706629 0.081213 
514.505942 0.080292 
513.305255 0.080291 
512.104568 0.080359 
510.903881 0.079922 
509.703194 0.079239 
508.502508 0.078263 
507.301821 0.076738 
506.101134 0.075055 
504.900447 0.074055 
503.699760 0.073553 
502.499073 0.072823 
501.298386 0.071810 
500.097699 0.071073 
498.897012 0.070250 
497.696325 0.068547 
496.495639 0.066194 
495.294952 0.064603 
494.094265 0.064092 
492.893578 0.063702 
491.692891 0.062357 
490.492204 0.060399 
489.291517 0.058988 
488.090830 0.058501 
486.890143 0.058437 
485.689456 0.058106 
484.488770 0.057175 
483.288083 0.055185 
482.087396 0.052106 
480.886709 0.049833 
479.686022 0.050119 
478.485335 0.052289 
477.284648 0.053844 
476.083961 0.053266 
474.883274 0.051692 
473.682588 0.050098 
472.481901 0.048586 
471.281214 0.047174 
470.080527 0.046082 
468.879840 0.045331 
467.679153 0.044668 
466.478466 0.043777 
465.277779 0.042768 
464.077092 0.042166 
462.876405 0.042276 
461.675719 0.042300 
460.475032 0.041187 
459.274345 0.039262 
458.073658 0.037807 
456.872971 0.037580 
455.672284 0.037747 
454.471597 0.037691 
453.270910 0.037350 
452.070223 0.036869 
450.869537 0.036367 
449.668850 0.035794 
448.468163 0.034926 
447.267476 0.033788 
446.066789 0.033221 
444.866102 0.033717 
443.665415 0.034573 
442.464728 0.034324 
441.264041 0.032926 
440.063354 0.031475 
438.862668 0.030528 
437.661981 0.029765 
436.461294 0.028997 
435.260607 0.028527 
434.059920 0.028361 
432.859233 0.028071 
431.658546 0.027520 
430.457859 0.026854 
429.257172 0.026040 
428.056485 0.025060 
426.855799 0.024290 
425.655112 0.023900 
424.454425 0.023764 
423.253738 0.023717 
422.053051 0.023531 
420.852364 0.022859 
419.651677 0.021782 
418.450990 0.021106 
417.250303 0.021466 
416.049617 0.022172 
414.848930 0.022203 
413.648243 0.021095 
412.447556 0.019998 
411.246869 0.020671 
410.046182 0.022864 
408.845495 0.024349 
407.644808 0.023998 
406.444121 0.023795 
405.243434 0.023809 
404.042748 0.021881 
402.842061 0.018139 
401.641374 0.016222 
400.440687 0.016445 
399.240000 0.016369 
