4000.100000 0.024511 
3998.899313 0.024544 
3997.698626 0.024557 
3996.497939 0.024483 
3995.297252 0.024401 
3994.096566 0.024326 
3992.895879 0.024236 
3991.695192 0.024186 
3990.494505 0.024295 
3989.293818 0.024491 
3988.093131 0.024498 
3986.892444 0.024273 
3985.691757 0.023999 
3984.491070 0.023808 
3983.290383 0.023701 
3982.089697 0.023633 
3980.889010 0.023655 
3979.688323 0.023725 
3978.487636 0.023705 
3977.286949 0.023558 
3976.086262 0.023306 
3974.885575 0.023117 
3973.684888 0.023006 
3972.484201 0.023045 
3971.283515 0.023300 
3970.082828 0.023646 
3968.882141 0.023893 
3967.681454 0.023942 
3966.480767 0.023907 
3965.280080 0.023951 
3964.079393 0.024082 
3962.878706 0.024115 
3961.678019 0.023852 
3960.477332 0.023359 
3959.276646 0.022985 
3958.075959 0.023052 
3956.875272 0.023322 
3955.674585 0.023420 
3954.473898 0.023311 
3953.273211 0.023319 
3952.072524 0.023445 
3950.871837 0.023332 
3949.671150 0.022762 
3948.470463 0.022194 
3947.269777 0.022143 
3946.069090 0.022506 
3944.868403 0.022553 
3943.667716 0.022179 
3942.467029 0.021920 
3941.266342 0.021987 
3940.065655 0.021909 
3938.864968 0.021548 
3937.664281 0.021449 
3936.463595 0.021874 
3935.262908 0.022247 
3934.062221 0.022018 
3932.861534 0.021604 
3931.660847 0.021636 
3930.460160 0.022023 
3929.259473 0.022188 
3928.058786 0.022142 
3926.858099 0.022181 
3925.657412 0.022392 
3924.456726 0.022521 
3923.256039 0.022401 
3922.055352 0.022076 
3920.854665 0.021718 
3919.653978 0.021439 
3918.453291 0.021295 
3917.252604 0.021305 
3916.051917 0.021420 
3914.851230 0.021478 
3913.650544 0.021354 
3912.449857 0.021152 
3911.249170 0.021192 
3910.048483 0.021514 
3908.847796 0.021745 
3907.647109 0.021592 
3906.446422 0.021167 
3905.245735 0.020715 
3904.045048 0.020393 
3902.844361 0.020271 
3901.643675 0.020534 
3900.442988 0.021058 
3899.242301 0.021383 
3898.041614 0.021475 
3896.840927 0.021510 
3895.640240 0.021604 
3894.439553 0.021653 
3893.238866 0.021566 
3892.038179 0.021329 
3890.837492 0.021113 
3889.636806 0.021084 
3888.436119 0.021202 
3887.235432 0.021185 
3886.034745 0.020875 
3884.834058 0.020642 
3883.633371 0.020832 
3882.432684 0.021247 
3881.231997 0.021390 
3880.031310 0.021263 
3878.830624 0.021234 
3877.629937 0.021402 
3876.429250 0.021365 
3875.228563 0.020880 
3874.027876 0.020234 
3872.827189 0.019898 
3871.626502 0.019936 
3870.425815 0.020058 
3869.225128 0.020056 
3868.024441 0.019961 
3866.823755 0.020002 
3865.623068 0.020276 
3864.422381 0.020538 
3863.221694 0.020477 
3862.021007 0.020183 
3860.820320 0.020140 
3859.619633 0.020367 
3858.418946 0.020466 
3857.218259 0.020207 
3856.017573 0.019805 
3854.816886 0.019452 
3853.616199 0.019346 
3852.415512 0.019596 
3851.214825 0.020059 
3850.014138 0.020324 
3848.813451 0.020420 
3847.612764 0.020482 
3846.412077 0.020401 
3845.211390 0.020069 
3844.010704 0.019753 
3842.810017 0.019905 
3841.609330 0.020247 
3840.408643 0.020197 
3839.207956 0.019755 
3838.007269 0.019390 
3836.806582 0.019508 
3835.605895 0.019888 
3834.405208 0.020290 
3833.204522 0.020676 
3832.003835 0.020943 
3830.803148 0.021029 
3829.602461 0.020839 
3828.401774 0.020496 
3827.201087 0.020227 
3826.000400 0.020273 
3824.799713 0.020528 
3823.599026 0.020658 
3822.398339 0.020431 
3821.197653 0.020140 
3819.996966 0.020132 
3818.796279 0.020351 
3817.595592 0.020423 
3816.394905 0.020259 
3815.194218 0.020102 
3813.993531 0.020140 
3812.792844 0.020455 
3811.592157 0.020883 
3810.391470 0.021143 
3809.190784 0.021055 
3807.990097 0.020833 
3806.789410 0.020891 
3805.588723 0.021163 
3804.388036 0.021222 
3803.187349 0.020923 
3801.986662 0.020675 
3800.785975 0.020802 
3799.585288 0.021229 
3798.384602 0.021521 
3797.183915 0.021433 
3795.983228 0.021182 
3794.782541 0.021049 
3793.581854 0.021112 
3792.381167 0.021105 
3791.180480 0.021012 
3789.979793 0.021040 
3788.779106 0.021228 
3787.578419 0.021389 
3786.377733 0.021463 
3785.177046 0.021533 
3783.976359 0.021575 
3782.775672 0.021511 
3781.574985 0.021456 
3780.374298 0.021561 
3779.173611 0.021731 
3777.972924 0.021760 
3776.772237 0.021638 
3775.571551 0.021602 
3774.370864 0.021825 
3773.170177 0.022166 
3771.969490 0.022244 
3770.768803 0.022023 
3769.568116 0.021800 
3768.367429 0.021840 
3767.166742 0.021945 
3765.966055 0.021841 
3764.765368 0.021600 
3763.564682 0.021512 
3762.363995 0.021519 
3761.163308 0.021511 
3759.962621 0.021600 
3758.761934 0.021928 
3757.561247 0.022257 
3756.360560 0.022205 
3755.159873 0.021840 
3753.959186 0.021599 
3752.758499 0.021639 
3751.557813 0.021627 
3750.357126 0.021381 
3749.156439 0.021157 
3747.955752 0.021204 
3746.755065 0.021341 
3745.554378 0.021415 
3744.353691 0.021578 
3743.153004 0.021962 
3741.952317 0.022326 
3740.751631 0.022514 
3739.550944 0.022398 
3738.350257 0.022083 
3737.149570 0.021810 
3735.948883 0.021951 
3734.748196 0.022532 
3733.547509 0.023026 
3732.346822 0.023118 
3731.146135 0.022998 
3729.945448 0.023015 
3728.744762 0.023138 
3727.544075 0.023177 
3726.343388 0.023186 
3725.142701 0.023376 
3723.942014 0.023801 
3722.741327 0.024133 
3721.540640 0.024170 
3720.339953 0.023960 
3719.139266 0.023798 
3717.938580 0.023955 
3716.737893 0.024439 
3715.537206 0.024836 
3714.336519 0.024757 
3713.135832 0.024412 
3711.935145 0.024352 
3710.734458 0.024872 
3709.533771 0.025517 
3708.333084 0.025963 
3707.132397 0.026303 
3705.931711 0.026730 
3704.731024 0.027060 
3703.530337 0.027239 
3702.329650 0.027467 
3701.128963 0.027940 
3699.928276 0.028556 
3698.727589 0.028967 
3697.526902 0.029334 
3696.326215 0.029779 
3695.125529 0.030272 
3693.924842 0.030688 
3692.724155 0.030978 
3691.523468 0.031173 
3690.322781 0.031280 
3689.122094 0.031449 
3687.921407 0.031825 
3686.720720 0.032419 
3685.520033 0.032955 
3684.319346 0.033397 
3683.118660 0.033831 
3681.917973 0.034337 
3680.717286 0.034991 
3679.516599 0.035579 
3678.315912 0.035984 
3677.115225 0.036200 
3675.914538 0.036525 
3674.713851 0.037213 
3673.513164 0.038274 
3672.312477 0.039339 
3671.111791 0.040230 
3669.911104 0.041228 
3668.710417 0.042496 
3667.509730 0.044165 
3666.309043 0.045695 
3665.108356 0.047044 
3663.907669 0.048202 
3662.706982 0.049442 
3661.506295 0.050665 
3660.305609 0.052077 
3659.104922 0.053657 
3657.904235 0.055037 
3656.703548 0.056410 
3655.502861 0.058072 
3654.302174 0.060419 
3653.101487 0.062860 
3651.900800 0.064969 
3650.700113 0.066678 
3649.499426 0.068732 
3648.298740 0.071250 
3647.098053 0.074143 
3645.897366 0.077715 
3644.696679 0.081017 
3643.495992 0.084229 
3642.295305 0.087031 
3641.094618 0.089875 
3639.893931 0.093106 
3638.693244 0.096661 
3637.492558 0.100272 
3636.291871 0.103821 
3635.091184 0.107309 
3633.890497 0.110514 
3632.689810 0.114017 
3631.489123 0.117178 
3630.288436 0.120393 
3629.087749 0.123900 
3627.887062 0.127707 
3626.686375 0.132084 
3625.485689 0.136202 
3624.285002 0.140259 
3623.084315 0.144147 
3621.883628 0.148189 
3620.682941 0.151485 
3619.482254 0.154621 
3618.281567 0.157823 
3617.080880 0.161492 
3615.880193 0.165528 
3614.679507 0.168962 
3613.478820 0.172271 
3612.278133 0.175255 
3611.077446 0.178339 
3609.876759 0.181501 
3608.676072 0.184913 
3607.475385 0.188455 
3606.274698 0.192106 
3605.074011 0.195434 
3603.873324 0.198094 
3602.672638 0.200606 
3601.471951 0.202985 
3600.271264 0.205808 
3599.070577 0.208864 
3597.869890 0.211781 
3596.669203 0.214426 
3595.468516 0.216531 
3594.267829 0.218402 
3593.067142 0.220240 
3591.866455 0.222400 
3590.665769 0.224475 
3589.465082 0.226686 
3588.264395 0.228717 
3587.063708 0.230690 
3585.863021 0.232692 
3584.662334 0.234396 
3583.461647 0.235974 
3582.260960 0.237410 
3581.060273 0.239100 
3579.859587 0.240747 
3578.658900 0.242399 
3577.458213 0.243855 
3576.257526 0.245459 
3575.056839 0.247081 
3573.856152 0.248505 
3572.655465 0.249875 
3571.454778 0.250983 
3570.254091 0.252034 
3569.053404 0.253131 
3567.852718 0.254689 
3566.652031 0.256320 
3565.451344 0.257882 
3564.250657 0.259168 
3563.049970 0.260695 
3561.849283 0.262867 
3560.648596 0.265073 
3559.447909 0.267224 
3558.247222 0.269104 
3557.046536 0.271332 
3555.845849 0.273773 
3554.645162 0.276074 
3553.444475 0.278156 
3552.243788 0.280746 
3551.043101 0.283829 
3549.842414 0.286784 
3548.641727 0.289856 
3547.441040 0.292894 
3546.240353 0.296528 
3545.039667 0.300354 
3543.838980 0.304110 
3542.638293 0.308414 
3541.437606 0.313092 
3540.236919 0.317949 
3539.036232 0.322588 
3537.835545 0.327525 
3536.634858 0.332372 
3535.434171 0.337926 
3534.233484 0.343489 
3533.032798 0.349440 
3531.832111 0.355708 
3530.631424 0.361404 
3529.430737 0.367190 
3528.230050 0.372853 
3527.029363 0.379584 
3525.828676 0.386653 
3524.627989 0.394418 
3523.427302 0.401134 
3522.226616 0.407849 
3521.025929 0.414653 
3519.825242 0.421407 
3518.624555 0.428856 
3517.423868 0.435690 
3516.223181 0.442906 
3515.022494 0.449921 
3513.821807 0.457554 
3512.621120 0.464612 
3511.420433 0.471931 
3510.219747 0.478731 
3509.019060 0.485782 
3507.818373 0.493762 
3506.617686 0.501447 
3505.416999 0.509494 
3504.216312 0.516838 
3503.015625 0.524686 
3501.814938 0.532652 
3500.614251 0.539908 
3499.413565 0.547608 
3498.212878 0.555201 
3497.012191 0.563053 
3495.811504 0.570599 
3494.610817 0.578838 
3493.410130 0.586418 
3492.209443 0.594390 
3491.008756 0.602496 
3489.808069 0.611020 
3488.607382 0.619922 
3487.406696 0.627424 
3486.206009 0.635133 
3485.005322 0.643294 
3483.804635 0.652798 
3482.603948 0.661438 
3481.403261 0.670113 
3480.202574 0.678013 
3479.001887 0.686013 
3477.801200 0.694218 
3476.600514 0.702227 
3475.399827 0.711233 
3474.199140 0.719608 
3472.998453 0.728908 
3471.797766 0.738997 
3470.597079 0.749282 
3469.396392 0.757188 
3468.195705 0.764669 
3466.995018 0.772713 
3465.794331 0.781011 
3464.593645 0.789424 
3463.392958 0.797167 
3462.192271 0.806476 
3460.991584 0.816345 
3459.790897 0.825613 
3458.590210 0.833864 
3457.389523 0.841402 
3456.188836 0.849013 
3454.988149 0.857052 
3453.787462 0.865268 
3452.586776 0.872813 
3451.386089 0.881063 
3450.185402 0.888047 
3448.984715 0.894039 
3447.784028 0.899874 
3446.583341 0.906337 
3445.382654 0.913347 
3444.181967 0.919221 
3442.981280 0.925657 
3441.780594 0.933030 
3440.579907 0.940674 
3439.379220 0.946633 
3438.178533 0.953505 
3436.977846 0.961128 
3435.777159 0.967793 
3434.576472 0.973274 
3433.375785 0.978187 
3432.175098 0.983813 
3430.974411 0.988921 
3429.773725 0.994350 
3428.573038 1.000042 
3427.372351 1.006406 
3426.171664 1.011990 
3424.970977 1.017645 
3423.770290 1.023082 
3422.569603 1.027091 
3421.368916 1.029849 
3420.168229 1.032429 
3418.967543 1.036666 
3417.766856 1.042049 
3416.566169 1.047935 
3415.365482 1.052604 
3414.164795 1.057022 
3412.964108 1.061242 
3411.763421 1.065102 
3410.562734 1.068411 
3409.362047 1.072083 
3408.161360 1.077065 
3406.960674 1.080931 
3405.759987 1.081460 
3404.559300 1.080746 
3403.358613 1.081367 
3402.157926 1.082600 
3400.957239 1.082627 
3399.756552 1.083515 
3398.555865 1.086507 
3397.355178 1.090512 
3396.154491 1.093416 
3394.953805 1.096239 
3393.753118 1.099367 
3392.552431 1.101706 
3391.351744 1.102525 
3390.151057 1.102824 
3388.950370 1.103677 
3387.749683 1.104660 
3386.548996 1.105226 
3385.348309 1.106368 
3384.147623 1.109982 
3382.946936 1.115098 
3381.746249 1.117749 
3380.545562 1.116682 
3379.344875 1.115307 
3378.144188 1.116717 
3376.943501 1.120354 
3375.742814 1.123514 
3374.542127 1.125061 
3373.341440 1.125491 
3372.140754 1.125368 
3370.940067 1.125040 
3369.739380 1.124536 
3368.538693 1.123883 
3367.338006 1.123978 
3366.137319 1.125698 
3364.936632 1.128477 
3363.735945 1.130164 
3362.535258 1.129499 
3361.334572 1.127871 
3360.133885 1.127489 
3358.933198 1.128553 
3357.732511 1.129693 
3356.531824 1.129379 
3355.331137 1.128943 
3354.130450 1.129584 
3352.929763 1.130607 
3351.729076 1.130519 
3350.528389 1.129700 
3349.327703 1.129014 
3348.127016 1.128485 
3346.926329 1.128482 
3345.725642 1.129474 
3344.524955 1.130365 
3343.324268 1.129794 
3342.123581 1.128279 
3340.922894 1.127647 
3339.722207 1.127289 
3338.521521 1.125341 
3337.320834 1.122225 
3336.120147 1.121048 
3334.919460 1.122234 
3333.718773 1.124562 
3332.518086 1.126454 
3331.317399 1.126859 
3330.116712 1.124854 
3328.916025 1.120462 
3327.715338 1.115082 
3326.514652 1.111621 
3325.313965 1.111380 
3324.113278 1.112979 
3322.912591 1.113138 
3321.711904 1.111008 
3320.511217 1.108391 
3319.310530 1.107306 
3318.109843 1.108142 
3316.909156 1.110599 
3315.708469 1.112592 
3314.507783 1.111116 
3313.307096 1.106402 
3312.106409 1.103703 
3310.905722 1.103994 
3309.705035 1.104658 
3308.504348 1.104026 
3307.303661 1.103083 
3306.102974 1.101585 
3304.902287 1.097886 
3303.701601 1.094080 
3302.500914 1.093579 
3301.300227 1.095320 
3300.099540 1.095911 
3298.898853 1.094138 
3297.698166 1.092432 
3296.497479 1.091659 
3295.296792 1.090777 
3294.096105 1.089155 
3292.895418 1.087717 
3291.694732 1.087525 
3290.494045 1.088184 
3289.293358 1.087697 
3288.092671 1.085262 
3286.891984 1.082528 
3285.691297 1.081134 
3284.490610 1.081000 
3283.289923 1.081000 
3282.089236 1.080745 
3280.888550 1.079393 
3279.687863 1.076772 
3278.487176 1.074193 
3277.286489 1.073046 
3276.085802 1.072741 
3274.885115 1.072393 
3273.684428 1.071780 
3272.483741 1.070884 
3271.283054 1.069253 
3270.082367 1.067791 
3268.881681 1.067213 
3267.680994 1.066341 
3266.480307 1.064189 
3265.279620 1.061851 
3264.078933 1.061765 
3262.878246 1.063309 
3261.677559 1.063856 
3260.476872 1.061769 
3259.276185 1.057740 
3258.075498 1.055418 
3256.874812 1.055317 
3255.674125 1.056518 
3254.473438 1.057430 
3253.272751 1.056359 
3252.072064 1.054244 
3250.871377 1.051843 
3249.670690 1.050857 
3248.470003 1.051673 
3247.269316 1.052552 
3246.068630 1.052423 
3244.867943 1.051368 
3243.667256 1.049945 
3242.466569 1.047480 
3241.265882 1.044598 
3240.065195 1.042740 
3238.864508 1.043168 
3237.663821 1.043857 
3236.463134 1.044602 
3235.262447 1.045441 
3234.061761 1.045531 
3232.861074 1.044721 
3231.660387 1.043980 
3230.459700 1.043410 
3229.259013 1.040136 
3228.058326 1.035279 
3226.857639 1.032080 
3225.656952 1.033316 
3224.456265 1.036469 
3223.255579 1.038163 
3222.054892 1.037720 
3220.854205 1.036313 
3219.653518 1.033651 
3218.452831 1.029485 
3217.252144 1.026030 
3216.051457 1.024495 
3214.850770 1.024325 
3213.650083 1.023700 
3212.449396 1.022624 
3211.248710 1.021544 
3210.048023 1.018994 
3208.847336 1.014538 
3207.646649 1.009637 
3206.445962 1.006315 
3205.245275 1.004622 
3204.044588 1.004009 
3202.843901 1.003827 
3201.643214 1.003130 
3200.442528 1.000028 
3199.241841 0.994899 
3198.041154 0.990531 
3196.840467 0.988238 
3195.639780 0.988081 
3194.439093 0.987535 
3193.238406 0.985448 
3192.037719 0.982171 
3190.837032 0.978923 
3189.636345 0.975965 
3188.435659 0.973408 
3187.234972 0.970736 
3186.034285 0.966251 
3184.833598 0.960599 
3183.632911 0.954955 
3182.432224 0.950795 
3181.231537 0.946710 
3180.030850 0.940843 
3178.830163 0.934992 
3177.629476 0.931090 
3176.428790 0.929089 
3175.228103 0.926218 
3174.027416 0.922164 
3172.826729 0.917387 
3171.626042 0.913237 
3170.425355 0.909006 
3169.224668 0.903583 
3168.023981 0.897488 
3166.823294 0.891075 
3165.622608 0.886509 
3164.421921 0.882972 
3163.221234 0.879381 
3162.020547 0.874126 
3160.819860 0.868782 
3159.619173 0.863271 
3158.418486 0.857536 
3157.217799 0.851343 
3156.017112 0.844475 
3154.816425 0.838308 
3153.615739 0.831721 
3152.415052 0.825141 
3151.214365 0.818569 
3150.013678 0.813188 
3148.812991 0.807623 
3147.612304 0.801651 
3146.411617 0.795323 
3145.210930 0.789693 
3144.010243 0.785035 
3142.809557 0.779269 
3141.608870 0.772202 
3140.408183 0.764016 
3139.207496 0.755929 
3138.006809 0.748323 
3136.806122 0.741758 
3135.605435 0.734916 
3134.404748 0.727951 
3133.204061 0.721270 
3132.003374 0.713500 
3130.802688 0.705560 
3129.602001 0.697105 
3128.401314 0.689635 
3127.200627 0.683158 
3125.999940 0.676382 
3124.799253 0.669325 
3123.598566 0.661994 
3122.397879 0.654248 
3121.197192 0.645760 
3119.996506 0.638197 
3118.795819 0.630373 
3117.595132 0.622511 
3116.394445 0.613954 
3115.193758 0.605742 
3113.993071 0.599083 
3112.792384 0.592198 
3111.591697 0.585006 
3110.391010 0.577034 
3109.190323 0.569168 
3107.989637 0.560630 
3106.788950 0.553517 
3105.588263 0.547404 
3104.387576 0.542171 
3103.186889 0.536893 
3101.986202 0.531031 
3100.785515 0.526436 
3099.584828 0.522774 
3098.384141 0.519999 
3097.183454 0.516936 
3095.982768 0.513685 
3094.782081 0.509311 
3093.581394 0.503478 
3092.380707 0.495039 
3091.180020 0.483931 
3089.979333 0.471993 
3088.778646 0.458514 
3087.577959 0.446484 
3086.377272 0.434698 
3085.176586 0.423423 
3083.975899 0.413143 
3082.775212 0.402966 
3081.574525 0.394407 
3080.373838 0.386989 
3079.173151 0.380695 
3077.972464 0.374540 
3076.771777 0.369333 
3075.571090 0.364102 
3074.370403 0.358975 
3073.169717 0.353565 
3071.969030 0.347494 
3070.768343 0.341569 
3069.567656 0.334717 
3068.366969 0.327803 
3067.166282 0.320314 
3065.965595 0.313285 
3064.764908 0.305750 
3063.564221 0.298702 
3062.363535 0.291578 
3061.162848 0.284574 
3059.962161 0.278159 
3058.761474 0.271308 
3057.560787 0.265134 
3056.360100 0.259079 
3055.159413 0.253582 
3053.958726 0.248001 
3052.758039 0.243049 
3051.557352 0.238071 
3050.356666 0.233275 
3049.155979 0.228502 
3047.955292 0.223319 
3046.754605 0.218834 
3045.553918 0.214567 
3044.353231 0.210767 
3043.152544 0.206661 
3041.951857 0.202085 
3040.751170 0.197578 
3039.550483 0.193631 
3038.349797 0.189676 
3037.149110 0.185573 
3035.948423 0.181930 
3034.747736 0.178464 
3033.547049 0.175568 
3032.346362 0.172475 
3031.145675 0.169136 
3029.944988 0.165700 
3028.744301 0.162070 
3027.543615 0.159019 
3026.342928 0.156368 
3025.142241 0.153878 
3023.941554 0.151021 
3022.740867 0.148311 
3021.540180 0.145504 
3020.339493 0.142845 
3019.138806 0.140354 
3017.938119 0.137929 
3016.737432 0.135804 
3015.536746 0.133733 
3014.336059 0.132141 
3013.135372 0.130656 
3011.934685 0.129185 
3010.733998 0.127557 
3009.533311 0.126245 
3008.332624 0.124979 
3007.131937 0.123545 
3005.931250 0.122108 
3004.730564 0.120685 
3003.529877 0.119393 
3002.329190 0.117667 
3001.128503 0.115453 
2999.927816 0.112895 
2998.727129 0.110659 
2997.526442 0.108332 
2996.325755 0.105832 
2995.125068 0.103196 
2993.924381 0.100616 
2992.723695 0.098716 
2991.523008 0.097255 
2990.322321 0.096315 
2989.121634 0.095669 
2987.920947 0.095331 
2986.720260 0.095440 
2985.519573 0.096283 
2984.318886 0.098199 
2983.118199 0.101455 
2981.917513 0.105797 
2980.716826 0.111819 
2979.516139 0.118162 
2978.315452 0.124314 
2977.114765 0.128248 
2975.914078 0.128455 
2974.713391 0.123229 
2973.512704 0.114789 
2972.312017 0.103896 
2971.111330 0.093828 
2969.910644 0.085780 
2968.709957 0.080702 
2967.509270 0.077127 
2966.308583 0.074737 
2965.107896 0.072954 
2963.907209 0.071410 
2962.706522 0.070140 
2961.505835 0.068873 
2960.305148 0.067861 
2959.104461 0.066989 
2957.903775 0.066225 
2956.703088 0.065461 
2955.502401 0.064721 
2954.301714 0.063901 
2953.101027 0.063054 
2951.900340 0.062337 
2950.699653 0.061700 
2949.498966 0.061107 
2948.298279 0.060358 
2947.097593 0.059606 
2945.896906 0.058964 
2944.696219 0.058395 
2943.495532 0.057874 
2942.294845 0.057359 
2941.094158 0.056804 
2939.893471 0.056187 
2938.692784 0.055671 
2937.492097 0.055225 
2936.291410 0.054873 
2935.090724 0.054495 
2933.890037 0.054007 
2932.689350 0.053422 
2931.488663 0.052744 
2930.287976 0.052209 
2929.087289 0.051804 
2927.886602 0.051493 
2926.685915 0.051150 
2925.485228 0.050722 
2924.284542 0.050122 
2923.083855 0.049535 
2921.883168 0.049206 
2920.682481 0.049137 
2919.481794 0.049033 
2918.281107 0.048738 
2917.080420 0.048316 
2915.879733 0.047833 
2914.679046 0.047390 
2913.478359 0.046959 
2912.277673 0.046622 
2911.076986 0.046378 
2909.876299 0.046198 
2908.675612 0.046054 
2907.474925 0.045878 
2906.274238 0.045667 
2905.073551 0.045389 
2903.872864 0.045039 
2902.672177 0.044612 
2901.471490 0.044230 
2900.270804 0.043856 
2899.070117 0.043461 
2897.869430 0.043081 
2896.668743 0.042797 
2895.468056 0.042712 
2894.267369 0.042679 
2893.066682 0.042509 
2891.865995 0.042198 
2890.665308 0.041964 
2889.464622 0.041879 
2888.263935 0.041719 
2887.063248 0.041297 
2885.862561 0.040805 
2884.661874 0.040554 
2883.461187 0.040500 
2882.260500 0.040475 
2881.059813 0.040376 
2879.859126 0.040220 
2878.658439 0.040019 
2877.457753 0.039740 
2876.257066 0.039444 
2875.056379 0.039122 
2873.855692 0.038846 
2872.655005 0.038722 
2871.454318 0.038771 
2870.253631 0.038809 
2869.052944 0.038661 
2867.852257 0.038378 
2866.651571 0.038190 
2865.450884 0.038205 
2864.250197 0.038234 
2863.049510 0.038063 
2861.848823 0.037727 
2860.648136 0.037415 
2859.447449 0.037184 
2858.246762 0.036996 
2857.046075 0.036820 
2855.845388 0.036671 
2854.644702 0.036518 
2853.444015 0.036296 
2852.243328 0.036059 
2851.042641 0.035844 
2849.841954 0.035755 
2848.641267 0.035816 
2847.440580 0.035878 
2846.239893 0.035774 
2845.039206 0.035621 
2843.838520 0.035592 
2842.637833 0.035634 
2841.437146 0.035547 
2840.236459 0.035305 
2839.035772 0.035065 
2837.835085 0.034893 
2836.634398 0.034777 
2835.433711 0.034721 
2834.233024 0.034691 
2833.032337 0.034644 
2831.831651 0.034567 
2830.630964 0.034465 
2829.430277 0.034285 
2828.229590 0.034066 
2827.028903 0.033897 
2825.828216 0.033832 
2824.627529 0.033799 
2823.426842 0.033693 
2822.226155 0.033522 
2821.025468 0.033302 
2819.824782 0.033097 
2818.624095 0.032971 
2817.423408 0.032957 
2816.222721 0.032973 
2815.022034 0.032924 
2813.821347 0.032791 
2812.620660 0.032594 
2811.419973 0.032367 
2810.219286 0.032097 
2809.018600 0.031953 
2807.817913 0.032019 
2806.617226 0.032163 
2805.416539 0.032193 
2804.215852 0.032087 
2803.015165 0.032019 
2801.814478 0.032031 
2800.613791 0.032001 
2799.413104 0.031849 
2798.212417 0.031700 
2797.011731 0.031633 
2795.811044 0.031602 
2794.610357 0.031551 
2793.409670 0.031549 
2792.208983 0.031590 
2791.008296 0.031538 
2789.807609 0.031331 
2788.606922 0.031098 
2787.406235 0.030975 
2786.205549 0.030881 
2785.004862 0.030750 
2783.804175 0.030610 
2782.603488 0.030505 
2781.402801 0.030439 
2780.202114 0.030413 
2779.001427 0.030438 
2777.800740 0.030497 
2776.600053 0.030585 
2775.399366 0.030698 
2774.198680 0.030710 
2772.997993 0.030564 
2771.797306 0.030362 
2770.596619 0.030266 
2769.395932 0.030287 
2768.195245 0.030297 
2766.994558 0.030241 
2765.793871 0.030180 
2764.593184 0.030166 
2763.392497 0.030146 
2762.191811 0.030057 
2760.991124 0.029915 
2759.790437 0.029835 
2758.589750 0.029858 
2757.389063 0.029917 
2756.188376 0.029964 
2754.987689 0.029995 
2753.787002 0.030015 
2752.586315 0.029999 
2751.385629 0.029931 
2750.184942 0.029806 
2748.984255 0.029675 
2747.783568 0.029583 
2746.582881 0.029567 
2745.382194 0.029576 
2744.181507 0.029530 
2742.980820 0.029392 
2741.780133 0.029203 
2740.579446 0.029044 
2739.378760 0.028939 
2738.178073 0.028908 
2736.977386 0.028955 
2735.776699 0.029059 
2734.576012 0.029137 
2733.375325 0.029154 
2732.174638 0.029178 
2730.973951 0.029234 
2729.773264 0.029204 
2728.572578 0.029032 
2727.371891 0.028862 
2726.171204 0.028825 
2724.970517 0.028878 
2723.769830 0.028876 
2722.569143 0.028812 
2721.368456 0.028745 
2720.167769 0.028694 
2718.967082 0.028650 
2717.766395 0.028636 
2716.565709 0.028647 
2715.365022 0.028597 
2714.164335 0.028483 
2712.963648 0.028383 
2711.762961 0.028392 
2710.562274 0.028493 
2709.361587 0.028567 
2708.160900 0.028561 
2706.960213 0.028546 
2705.759527 0.028567 
2704.558840 0.028548 
2703.358153 0.028445 
2702.157466 0.028356 
2700.956779 0.028437 
2699.756092 0.028582 
2698.555405 0.028623 
2697.354718 0.028554 
2696.154031 0.028500 
2694.953344 0.028518 
2693.752658 0.028519 
2692.551971 0.028447 
2691.351284 0.028329 
2690.150597 0.028293 
2688.949910 0.028387 
2687.749223 0.028556 
2686.548536 0.028644 
2685.347849 0.028554 
2684.147162 0.028434 
2682.946475 0.028420 
2681.745789 0.028503 
2680.545102 0.028491 
2679.344415 0.028358 
2678.143728 0.028197 
2676.943041 0.028134 
2675.742354 0.028143 
2674.541667 0.028183 
2673.340980 0.028246 
2672.140293 0.028349 
2670.939607 0.028473 
2669.738920 0.028556 
2668.538233 0.028506 
2667.337546 0.028357 
2666.136859 0.028326 
2664.936172 0.028472 
2663.735485 0.028589 
2662.534798 0.028528 
2661.334111 0.028399 
2660.133424 0.028371 
2658.932738 0.028412 
2657.732051 0.028468 
2656.531364 0.028565 
2655.330677 0.028650 
2654.129990 0.028656 
2652.929303 0.028655 
2651.728616 0.028741 
2650.527929 0.028791 
2649.327242 0.028733 
2648.126556 0.028679 
2646.925869 0.028740 
2645.725182 0.028810 
2644.524495 0.028800 
2643.323808 0.028751 
2642.123121 0.028743 
2640.922434 0.028829 
2639.721747 0.029010 
2638.521060 0.029170 
2637.320373 0.029133 
2636.119687 0.028955 
2634.919000 0.028847 
2633.718313 0.028924 
2632.517626 0.029063 
2631.316939 0.029120 
2630.116252 0.029099 
2628.915565 0.029055 
2627.714878 0.029020 
2626.514191 0.029020 
2625.313505 0.029072 
2624.112818 0.029163 
2622.912131 0.029219 
2621.711444 0.029195 
2620.510757 0.029112 
2619.310070 0.029065 
2618.109383 0.029138 
2616.908696 0.029253 
2615.708009 0.029284 
2614.507322 0.029228 
2613.306636 0.029207 
2612.105949 0.029278 
2610.905262 0.029329 
2609.704575 0.029328 
2608.503888 0.029335 
2607.303201 0.029407 
2606.102514 0.029481 
2604.901827 0.029520 
2603.701140 0.029512 
2602.500453 0.029533 
2601.299767 0.029654 
2600.099080 0.029806 
2598.898393 0.029851 
2597.697706 0.029707 
2596.497019 0.029609 
2595.296332 0.029713 
2594.095645 0.029960 
2592.894958 0.030099 
2591.694271 0.030101 
2590.493585 0.030048 
2589.292898 0.030004 
2588.092211 0.029955 
2586.891524 0.029891 
2585.690837 0.029844 
2584.490150 0.029897 
2583.289463 0.030126 
2582.088776 0.030410 
2580.888089 0.030644 
2579.687402 0.030721 
2578.486716 0.030699 
2577.286029 0.030714 
2576.085342 0.030809 
2574.884655 0.030899 
2573.683968 0.030851 
2572.483281 0.030740 
2571.282594 0.030723 
2570.081907 0.030806 
2568.881220 0.030860 
2567.680534 0.030819 
2566.479847 0.030819 
2565.279160 0.030929 
2564.078473 0.031091 
2562.877786 0.031167 
2561.677099 0.031188 
2560.476412 0.031220 
2559.275725 0.031281 
2558.075038 0.031314 
2556.874351 0.031304 
2555.673665 0.031314 
2554.472978 0.031390 
2553.272291 0.031497 
2552.071604 0.031582 
2550.870917 0.031677 
2549.670230 0.031780 
2548.469543 0.031834 
2547.268856 0.031852 
2546.068169 0.031883 
2544.867482 0.031937 
2543.666796 0.031937 
2542.466109 0.031913 
2541.265422 0.031952 
2540.064735 0.032057 
2538.864048 0.032095 
2537.663361 0.032037 
2536.462674 0.031965 
2535.261987 0.031975 
2534.061300 0.032119 
2532.860614 0.032302 
2531.659927 0.032439 
2530.459240 0.032441 
2529.258553 0.032353 
2528.057866 0.032295 
2526.857179 0.032320 
2525.656492 0.032413 
2524.455805 0.032557 
2523.255118 0.032723 
2522.054431 0.032840 
2520.853745 0.032902 
2519.653058 0.032931 
2518.452371 0.032989 
2517.251684 0.033084 
2516.050997 0.033182 
2514.850310 0.033238 
2513.649623 0.033234 
2512.448936 0.033241 
2511.248249 0.033307 
2510.047563 0.033421 
2508.846876 0.033533 
2507.646189 0.033647 
2506.445502 0.033760 
2505.244815 0.033829 
2504.044128 0.033851 
2502.843441 0.033894 
2501.642754 0.033996 
2500.442067 0.034096 
2499.241380 0.034174 
2498.040694 0.034255 
2496.840007 0.034339 
2495.639320 0.034368 
2494.438633 0.034387 
2493.237946 0.034451 
2492.037259 0.034518 
2490.836572 0.034559 
2489.635885 0.034638 
2488.435198 0.034791 
2487.234512 0.034919 
2486.033825 0.034946 
2484.833138 0.034942 
2483.632451 0.034961 
2482.431764 0.034953 
2481.231077 0.034903 
2480.030390 0.034923 
2478.829703 0.035066 
2477.629016 0.035263 
2476.428329 0.035395 
2475.227643 0.035487 
2474.026956 0.035592 
2472.826269 0.035676 
2471.625582 0.035728 
2470.424895 0.035847 
2469.224208 0.036014 
2468.023521 0.036061 
2466.822834 0.035954 
2465.622147 0.035930 
2464.421460 0.036112 
2463.220774 0.036304 
2462.020087 0.036324 
2460.819400 0.036286 
2459.618713 0.036355 
2458.418026 0.036461 
2457.217339 0.036507 
2456.016652 0.036562 
2454.815965 0.036667 
2453.615278 0.036784 
2452.414592 0.036896 
2451.213905 0.037045 
2450.013218 0.037173 
2448.812531 0.037182 
2447.611844 0.037140 
2446.411157 0.037206 
2445.210470 0.037388 
2444.009783 0.037552 
2442.809096 0.037640 
2441.608409 0.037699 
2440.407723 0.037770 
2439.207036 0.037848 
2438.006349 0.037934 
2436.805662 0.038077 
2435.604975 0.038249 
2434.404288 0.038445 
2433.203601 0.038633 
2432.002914 0.038768 
2430.802227 0.038780 
2429.601541 0.038703 
2428.400854 0.038633 
2427.200167 0.038629 
2425.999480 0.038652 
2424.798793 0.038648 
2423.598106 0.038661 
2422.397419 0.038740 
2421.196732 0.038880 
2419.996045 0.039025 
2418.795358 0.039124 
2417.594672 0.039151 
2416.393985 0.039088 
2415.193298 0.039034 
2413.992611 0.039087 
2412.791924 0.039237 
2411.591237 0.039363 
2410.390550 0.039451 
2409.189863 0.039539 
2407.989176 0.039610 
2406.788489 0.039612 
2405.587803 0.039594 
2404.387116 0.039656 
2403.186429 0.039809 
2401.985742 0.039972 
2400.785055 0.040066 
2399.584368 0.040138 
2398.383681 0.040207 
2397.182994 0.040267 
2395.982307 0.040325 
2394.781621 0.040413 
2393.580934 0.040559 
2392.380247 0.040688 
2391.179560 0.040741 
2389.978873 0.040771 
2388.778186 0.040868 
2387.577499 0.041020 
2386.376812 0.041149 
2385.176125 0.041224 
2383.975438 0.041277 
2382.774752 0.041357 
2381.574065 0.041453 
2380.373378 0.041568 
2379.172691 0.041660 
2377.972004 0.041696 
2376.771317 0.041735 
2375.570630 0.041869 
2374.369943 0.042073 
2373.169256 0.042245 
2371.968570 0.042341 
2370.767883 0.042419 
2369.567196 0.042534 
2368.366509 0.042641 
2367.165822 0.042713 
2365.965135 0.042768 
2364.764448 0.042840 
2363.563761 0.042944 
2362.363074 0.043055 
2361.162387 0.043208 
2359.961701 0.043412 
2358.761014 0.043639 
2357.560327 0.043823 
2356.359640 0.044042 
2355.158953 0.044356 
2353.958266 0.044764 
2352.757579 0.045401 
2351.556892 0.046324 
2350.356205 0.047854 
2349.155519 0.050042 
2347.954832 0.053230 
2346.754145 0.058010 
2345.553458 0.064433 
2344.352771 0.072178 
2343.152084 0.080170 
2341.951397 0.085775 
2340.750710 0.085655 
2339.550023 0.078943 
2338.349336 0.068761 
2337.148650 0.059182 
2335.947963 0.052762 
2334.747276 0.049736 
2333.546589 0.048480 
2332.345902 0.047943 
2331.145215 0.047586 
2329.944528 0.047429 
2328.743841 0.047487 
2327.543154 0.047641 
2326.342467 0.047772 
2325.141781 0.047815 
2323.941094 0.047783 
2322.740407 0.047724 
2321.539720 0.047699 
2320.339033 0.047753 
2319.138346 0.047891 
2317.937659 0.048068 
2316.736972 0.048209 
2315.536285 0.048328 
2314.335599 0.048448 
2313.134912 0.048611 
2311.934225 0.048778 
2310.733538 0.048903 
2309.532851 0.049035 
2308.332164 0.049213 
2307.131477 0.049441 
2305.930790 0.049664 
2304.730103 0.049867 
2303.529416 0.050027 
2302.328730 0.050153 
2301.128043 0.050240 
2299.927356 0.050342 
2298.726669 0.050534 
2297.525982 0.050751 
2296.325295 0.050955 
2295.124608 0.051114 
2293.923921 0.051294 
2292.723234 0.051527 
2291.522548 0.051744 
2290.321861 0.051883 
2289.121174 0.051980 
2287.920487 0.052141 
2286.719800 0.052385 
2285.519113 0.052705 
2284.318426 0.052970 
2283.117739 0.053182 
2281.917052 0.053361 
2280.716365 0.053554 
2279.515679 0.053821 
2278.314992 0.054114 
2277.114305 0.054408 
2275.913618 0.054640 
2274.712931 0.054805 
2273.512244 0.054912 
2272.311557 0.055045 
2271.110870 0.055220 
2269.910183 0.055407 
2268.709496 0.055575 
2267.508810 0.055719 
2266.308123 0.055908 
2265.107436 0.056140 
2263.906749 0.056390 
2262.706062 0.056585 
2261.505375 0.056764 
2260.304688 0.056941 
2259.104001 0.057141 
2257.903314 0.057357 
2256.702628 0.057588 
2255.501941 0.057865 
2254.301254 0.058080 
2253.100567 0.058234 
2251.899880 0.058345 
2250.699193 0.058453 
2249.498506 0.058608 
2248.297819 0.058801 
2247.097132 0.059006 
2245.896445 0.059165 
2244.695759 0.059281 
2243.495072 0.059398 
2242.294385 0.059576 
2241.093698 0.059815 
2239.893011 0.060105 
2238.692324 0.060360 
2237.491637 0.060462 
2236.290950 0.060445 
2235.090263 0.060486 
2233.889577 0.060684 
2232.688890 0.060927 
2231.488203 0.061111 
2230.287516 0.061165 
2229.086829 0.061219 
2227.886142 0.061347 
2226.685455 0.061528 
2225.484768 0.061692 
2224.284081 0.061753 
2223.083394 0.061767 
2221.882708 0.061827 
2220.682021 0.061993 
2219.481334 0.062144 
2218.280647 0.062206 
2217.079960 0.062182 
2215.879273 0.062176 
2214.678586 0.062257 
2213.477899 0.062383 
2212.277212 0.062521 
2211.076526 0.062603 
2209.875839 0.062642 
2208.675152 0.062661 
2207.474465 0.062686 
2206.273778 0.062726 
2205.073091 0.062771 
2203.872404 0.062782 
2202.671717 0.062728 
2201.471030 0.062652 
2200.270343 0.062634 
2199.069657 0.062649 
2197.868970 0.062621 
2196.668283 0.062551 
2195.467596 0.062502 
2194.266909 0.062459 
2193.066222 0.062366 
2191.865535 0.062262 
2190.664848 0.062229 
2189.464161 0.062231 
2188.263474 0.062161 
2187.062788 0.061992 
2185.862101 0.061808 
2184.661414 0.061700 
2183.460727 0.061711 
2182.260040 0.061809 
2181.059353 0.061859 
2179.858666 0.061760 
2178.657979 0.061547 
2177.457292 0.061318 
2176.256606 0.061194 
2175.055919 0.061091 
2173.855232 0.060951 
2172.654545 0.060819 
2171.453858 0.060757 
2170.253171 0.060736 
2169.052484 0.060656 
2167.851797 0.060496 
2166.651110 0.060272 
2165.450423 0.060055 
2164.249737 0.059813 
2163.049050 0.059540 
2161.848363 0.059205 
2160.647676 0.058829 
2159.446989 0.058522 
2158.246302 0.058246 
2157.045615 0.057993 
2155.844928 0.057714 
2154.644241 0.057416 
2153.443555 0.057085 
2152.242868 0.056673 
2151.042181 0.056322 
2149.841494 0.056074 
2148.640807 0.055884 
2147.440120 0.055650 
2146.239433 0.055415 
2145.038746 0.055158 
2143.838059 0.054850 
2142.637372 0.054495 
2141.436686 0.054174 
2140.235999 0.053948 
2139.035312 0.053715 
2137.834625 0.053458 
2136.633938 0.053196 
2135.433251 0.052976 
2134.232564 0.052728 
2133.031877 0.052446 
2131.831190 0.052150 
2130.630504 0.051860 
2129.429817 0.051581 
2128.229130 0.051247 
2127.028443 0.050932 
2125.827756 0.050644 
2124.627069 0.050413 
2123.426382 0.050211 
2122.225695 0.050024 
2121.025008 0.049801 
2119.824321 0.049538 
2118.623635 0.049237 
2117.422948 0.048856 
2116.222261 0.048497 
2115.021574 0.048177 
2113.820887 0.047951 
2112.620200 0.047732 
2111.419513 0.047442 
2110.218826 0.047119 
2109.018139 0.046847 
2107.817452 0.046649 
2106.616766 0.046443 
2105.416079 0.046200 
2104.215392 0.045889 
2103.014705 0.045612 
2101.814018 0.045357 
2100.613331 0.045092 
2099.412644 0.044807 
2098.211957 0.044505 
2097.011270 0.044264 
2095.810584 0.044056 
2094.609897 0.043864 
2093.409210 0.043659 
2092.208523 0.043457 
2091.007836 0.043210 
2089.807149 0.042940 
2088.606462 0.042675 
2087.405775 0.042402 
2086.205088 0.042145 
2085.004401 0.041868 
2083.803715 0.041617 
2082.603028 0.041359 
2081.402341 0.041099 
2080.201654 0.040790 
2079.000967 0.040506 
2077.800280 0.040266 
2076.599593 0.040044 
2075.398906 0.039823 
2074.198219 0.039572 
2072.997533 0.039343 
2071.796846 0.039097 
2070.596159 0.038855 
2069.395472 0.038629 
2068.194785 0.038427 
2066.994098 0.038205 
2065.793411 0.038030 
2064.592724 0.037952 
2063.392037 0.037874 
2062.191350 0.037702 
2060.990664 0.037447 
2059.789977 0.037251 
2058.589290 0.037149 
2057.388603 0.037051 
2056.187916 0.036927 
2054.987229 0.036823 
2053.786542 0.036784 
2052.585855 0.036796 
2051.385168 0.036816 
2050.184481 0.036812 
2048.983795 0.036759 
2047.783108 0.036668 
2046.582421 0.036570 
2045.381734 0.036493 
2044.181047 0.036384 
2042.980360 0.036179 
2041.779673 0.035842 
2040.578986 0.035452 
2039.378299 0.035039 
2038.177613 0.034645 
2036.976926 0.034195 
2035.776239 0.033738 
2034.575552 0.033296 
2033.374865 0.032863 
2032.174178 0.032485 
2030.973491 0.032101 
2029.772804 0.031789 
2028.572117 0.031540 
2027.371430 0.031311 
2026.170744 0.031045 
2024.970057 0.030777 
2023.769370 0.030557 
2022.568683 0.030387 
2021.367996 0.030227 
2020.167309 0.030051 
2018.966622 0.029925 
2017.765935 0.029803 
2016.565248 0.029645 
2015.364562 0.029461 
2014.163875 0.029277 
2012.963188 0.029115 
2011.762501 0.028958 
2010.561814 0.028831 
2009.361127 0.028737 
2008.160440 0.028642 
2006.959753 0.028502 
2005.759066 0.028365 
2004.558379 0.028270 
2003.357693 0.028188 
2002.157006 0.028089 
2000.956319 0.027969 
1999.755632 0.027900 
1998.554945 0.027862 
1997.354258 0.027797 
1996.153571 0.027659 
1994.952884 0.027509 
1993.752197 0.027397 
1992.551511 0.027346 
1991.350824 0.027349 
1990.150137 0.027374 
1988.949450 0.027362 
1987.748763 0.027284 
1986.548076 0.027169 
1985.347389 0.027063 
1984.146702 0.027002 
1982.946015 0.026972 
1981.745328 0.026970 
1980.544642 0.026986 
1979.343955 0.026994 
1978.143268 0.026967 
1976.942581 0.026886 
1975.741894 0.026782 
1974.541207 0.026688 
1973.340520 0.026622 
1972.139833 0.026572 
1970.939146 0.026535 
1969.738459 0.026506 
1968.537773 0.026473 
1967.337086 0.026436 
1966.136399 0.026411 
1964.935712 0.026391 
1963.735025 0.026371 
1962.534338 0.026383 
1961.333651 0.026436 
1960.132964 0.026447 
1958.932277 0.026384 
1957.731591 0.026326 
1956.530904 0.026375 
1955.330217 0.026483 
1954.129530 0.026543 
1952.928843 0.026570 
1951.728156 0.026612 
1950.527469 0.026681 
1949.326782 0.026766 
1948.126095 0.026860 
1946.925408 0.026961 
1945.724722 0.027035 
1944.524035 0.027139 
1943.323348 0.027314 
1942.122661 0.027573 
1940.921974 0.027841 
1939.721287 0.028108 
1938.520600 0.028327 
1937.319913 0.028485 
1936.119226 0.028653 
1934.918540 0.028859 
1933.717853 0.029102 
1932.517166 0.029307 
1931.316479 0.029497 
1930.115792 0.029734 
1928.915105 0.030010 
1927.714418 0.030286 
1926.513731 0.030540 
1925.313044 0.030761 
1924.112357 0.030935 
1922.911671 0.031140 
1921.710984 0.031357 
1920.510297 0.031530 
1919.309610 0.031623 
1918.108923 0.031713 
1916.908236 0.031906 
1915.707549 0.032151 
1914.506862 0.032400 
1913.306175 0.032633 
1912.105488 0.032846 
1910.904802 0.032973 
1909.704115 0.033077 
1908.503428 0.033220 
1907.302741 0.033391 
1906.102054 0.033516 
1904.901367 0.033578 
1903.700680 0.033642 
1902.499993 0.033710 
1901.299306 0.033722 
1900.098620 0.033665 
1898.897933 0.033569 
1897.697246 0.033452 
1896.496559 0.033227 
1895.295872 0.032898 
1894.095185 0.032597 
1892.894498 0.032372 
1891.693811 0.032180 
1890.493124 0.031910 
1889.292437 0.031644 
1888.091751 0.031491 
1886.891064 0.031425 
1885.690377 0.031320 
1884.489690 0.031184 
1883.289003 0.031072 
1882.088316 0.030937 
1880.887629 0.030762 
1879.686942 0.030569 
1878.486255 0.030447 
1877.285569 0.030371 
1876.084882 0.030277 
1874.884195 0.030179 
1873.683508 0.030125 
1872.482821 0.030095 
1871.282134 0.030016 
1870.081447 0.029905 
1868.880760 0.029838 
1867.680073 0.029914 
1866.479386 0.030094 
1865.278700 0.030310 
1864.078013 0.030500 
1862.877326 0.030616 
1861.676639 0.030640 
1860.475952 0.030667 
1859.275265 0.030771 
1858.074578 0.030943 
1856.873891 0.031097 
1855.673204 0.031250 
1854.472518 0.031401 
1853.271831 0.031546 
1852.071144 0.031690 
1850.870457 0.031821 
1849.669770 0.031953 
1848.469083 0.032073 
1847.268396 0.032188 
1846.067709 0.032259 
1844.867022 0.032284 
1843.666335 0.032382 
1842.465649 0.032646 
1841.264962 0.033001 
1840.064275 0.033300 
1838.863588 0.033533 
1837.662901 0.033707 
1836.462214 0.033885 
1835.261527 0.034067 
1834.060840 0.034240 
1832.860153 0.034400 
1831.659466 0.034536 
1830.458780 0.034701 
1829.258093 0.034937 
1828.057406 0.035259 
1826.856719 0.035540 
1825.656032 0.035766 
1824.455345 0.035942 
1823.254658 0.036196 
1822.053971 0.036564 
1820.853284 0.036920 
1819.652598 0.037206 
1818.451911 0.037395 
1817.251224 0.037635 
1816.050537 0.037942 
1814.849850 0.038310 
1813.649163 0.038608 
1812.448476 0.038865 
1811.247789 0.039113 
1810.047102 0.039401 
1808.846415 0.039789 
1807.645729 0.040144 
1806.445042 0.040485 
1805.244355 0.040806 
1804.043668 0.041154 
1802.842981 0.041450 
1801.642294 0.041745 
1800.441607 0.042055 
1799.240920 0.042412 
1798.040233 0.042820 
1796.839547 0.043228 
1795.638860 0.043671 
1794.438173 0.044027 
1793.237486 0.044362 
1792.036799 0.044777 
1790.836112 0.045326 
1789.635425 0.045888 
1788.434738 0.046451 
1787.234051 0.047006 
1786.033364 0.047529 
1784.832678 0.048100 
1783.631991 0.048642 
1782.431304 0.049230 
1781.230617 0.049823 
1780.029930 0.050414 
1778.829243 0.051040 
1777.628556 0.051675 
1776.427869 0.052329 
1775.227182 0.052916 
1774.026495 0.053398 
1772.825809 0.053874 
1771.625122 0.054643 
1770.424435 0.055597 
1769.223748 0.056539 
1768.023061 0.057426 
1766.822374 0.058293 
1765.621687 0.059283 
1764.421000 0.060161 
1763.220313 0.060996 
1762.019627 0.061833 
1760.818940 0.062927 
1759.618253 0.064062 
1758.417566 0.065209 
1757.216879 0.066287 
1756.016192 0.067384 
1754.815505 0.068688 
1753.614818 0.069840 
1752.414131 0.070954 
1751.213444 0.072067 
1750.012758 0.073436 
1748.812071 0.075077 
1747.611384 0.076777 
1746.410697 0.078390 
1745.210010 0.079982 
1744.009323 0.081688 
1742.808636 0.083320 
1741.607949 0.085059 
1740.407262 0.086706 
1739.206576 0.088649 
1738.005889 0.090814 
1736.805202 0.092765 
1735.604515 0.094560 
1734.403828 0.096404 
1733.203141 0.098801 
1732.002454 0.101441 
1730.801767 0.104234 
1729.601080 0.106672 
1728.400393 0.109259 
1727.199707 0.111832 
1725.999020 0.114402 
1724.798333 0.117204 
1723.597646 0.119869 
1722.396959 0.122777 
1721.196272 0.125485 
1719.995585 0.128191 
1718.794898 0.130647 
1717.594211 0.133492 
1716.393525 0.136539 
1715.192838 0.139764 
1713.992151 0.143020 
1712.791464 0.146066 
1711.590777 0.149339 
1710.390090 0.152277 
1709.189403 0.155285 
1707.988716 0.158176 
1706.788029 0.161061 
1705.587342 0.163804 
1704.386656 0.166869 
1703.185969 0.169770 
1701.985282 0.172172 
1700.784595 0.174786 
1699.583908 0.177661 
1698.383221 0.180851 
1697.182534 0.183525 
1695.981847 0.186028 
1694.781160 0.188936 
1693.580473 0.192035 
1692.379787 0.194750 
1691.179100 0.197124 
1689.978413 0.199490 
1688.777726 0.201738 
1687.577039 0.204044 
1686.376352 0.205760 
1685.175665 0.207352 
1683.974978 0.209254 
1682.774291 0.211450 
1681.573605 0.213777 
1680.372918 0.215742 
1679.172231 0.217593 
1677.971544 0.219243 
1676.770857 0.220659 
1675.570170 0.221764 
1674.369483 0.223085 
1673.168796 0.224556 
1671.968109 0.225889 
1670.767422 0.226964 
1669.566736 0.227897 
1668.366049 0.229098 
1667.165362 0.230398 
1665.964675 0.231562 
1664.763988 0.232304 
1663.563301 0.232918 
1662.362614 0.233638 
1661.161927 0.234520 
1659.961240 0.235347 
1658.760554 0.235929 
1657.559867 0.236378 
1656.359180 0.236530 
1655.158493 0.236279 
1653.957806 0.235769 
1652.757119 0.235566 
1651.556432 0.236086 
1650.355745 0.236672 
1649.155058 0.236717 
1647.954371 0.236135 
1646.753685 0.235252 
1645.552998 0.234577 
1644.352311 0.233978 
1643.151624 0.233250 
1641.950937 0.232178 
1640.750250 0.230808 
1639.549563 0.229337 
1638.348876 0.227464 
1637.148189 0.225351 
1635.947503 0.223062 
1634.746816 0.221080 
1633.546129 0.219138 
1632.345442 0.217250 
1631.144755 0.214984 
1629.944068 0.212473 
1628.743381 0.209913 
1627.542694 0.207036 
1626.342007 0.204363 
1625.141320 0.201543 
1623.940634 0.198811 
1622.739947 0.196129 
1621.539260 0.194154 
1620.338573 0.192646 
1619.137886 0.191446 
1617.937199 0.190137 
1616.736512 0.188614 
1615.535825 0.187173 
1614.335138 0.185492 
1613.134451 0.183529 
1611.933765 0.181146 
1610.733078 0.178660 
1609.532391 0.176294 
1608.331704 0.174374 
1607.131017 0.172619 
1605.930330 0.171010 
1604.729643 0.169529 
1603.528956 0.167925 
1602.328269 0.166529 
1601.127583 0.165252 
1599.926896 0.164150 
1598.726209 0.163107 
1597.525522 0.161953 
1596.324835 0.160834 
1595.124148 0.159802 
1593.923461 0.158845 
1592.722774 0.157871 
1591.522087 0.157000 
1590.321400 0.156138 
1589.120714 0.155360 
1587.920027 0.154584 
1586.719340 0.153802 
1585.518653 0.153120 
1584.317966 0.152460 
1583.117279 0.151847 
1581.916592 0.151163 
1580.715905 0.150467 
1579.515218 0.149687 
1578.314532 0.148922 
1577.113845 0.148104 
1575.913158 0.147424 
1574.712471 0.147053 
1573.511784 0.146824 
1572.311097 0.146460 
1571.110410 0.145821 
1569.909723 0.145135 
1568.709036 0.144626 
1567.508349 0.144282 
1566.307663 0.143878 
1565.106976 0.143403 
1563.906289 0.142938 
1562.705602 0.142393 
1561.504915 0.141612 
1560.304228 0.140444 
1559.103541 0.139573 
1557.902854 0.139335 
1556.702167 0.139457 
1555.501480 0.139370 
1554.300794 0.139016 
1553.100107 0.138729 
1551.899420 0.138556 
1550.698733 0.138322 
1549.498046 0.137887 
1548.297359 0.137463 
1547.096672 0.137032 
1545.895985 0.136576 
1544.695298 0.136045 
1543.494612 0.135419 
1542.293925 0.134777 
1541.093238 0.134058 
1539.892551 0.133541 
1538.691864 0.133449 
1537.491177 0.133636 
1536.290490 0.133728 
1535.089803 0.133434 
1533.889116 0.132929 
1532.688429 0.132545 
1531.487743 0.132387 
1530.287056 0.132236 
1529.086369 0.131940 
1527.885682 0.131466 
1526.684995 0.130980 
1525.484308 0.130605 
1524.283621 0.130318 
1523.082934 0.129861 
1521.882247 0.129277 
1520.681561 0.128888 
1519.480874 0.128797 
1518.280187 0.128687 
1517.079500 0.128418 
1515.878813 0.128179 
1514.678126 0.128088 
1513.477439 0.127921 
1512.276752 0.127621 
1511.076065 0.127345 
1509.875378 0.127053 
1508.674692 0.126496 
1507.474005 0.125794 
1506.273318 0.125261 
1505.072631 0.125349 
1503.871944 0.125645 
1502.671257 0.125743 
1501.470570 0.125573 
1500.269883 0.125267 
1499.069196 0.124970 
1497.868510 0.124628 
1496.667823 0.124298 
1495.467136 0.124128 
1494.266449 0.124124 
1493.065762 0.124045 
1491.865075 0.123739 
1490.664388 0.123296 
1489.463701 0.122989 
1488.263014 0.122885 
1487.062327 0.122833 
1485.861641 0.122735 
1484.660954 0.122602 
1483.460267 0.122450 
1482.259580 0.122232 
1481.058893 0.122043 
1479.858206 0.121891 
1478.657519 0.121682 
1477.456832 0.121408 
1476.256145 0.121098 
1475.055458 0.120827 
1473.854772 0.120494 
1472.654085 0.120143 
1471.453398 0.119950 
1470.252711 0.119981 
1469.052024 0.120089 
1467.851337 0.120086 
1466.650650 0.119908 
1465.449963 0.119647 
1464.249276 0.119522 
1463.048590 0.119533 
1461.847903 0.119557 
1460.647216 0.119444 
1459.446529 0.119123 
1458.245842 0.118687 
1457.045155 0.118458 
1455.844468 0.118736 
1454.643781 0.119436 
1453.443094 0.120265 
1452.242407 0.121325 
1451.041721 0.122811 
1449.841034 0.125234 
1448.640347 0.128914 
1447.439660 0.133993 
1446.238973 0.141761 
1445.038286 0.150869 
1443.837599 0.162416 
1442.636912 0.175197 
1441.436225 0.190357 
1440.235539 0.204793 
1439.034852 0.218873 
1437.834165 0.228873 
1436.633478 0.231610 
1435.432791 0.225283 
1434.232104 0.211864 
1433.031417 0.192357 
1431.830730 0.173371 
1430.630043 0.156434 
1429.429356 0.143140 
1428.228670 0.133254 
1427.027983 0.127200 
1425.827296 0.123002 
1424.626609 0.120100 
1423.425922 0.118210 
1422.225235 0.116860 
1421.024548 0.115831 
1419.823861 0.114775 
1418.623174 0.113989 
1417.422487 0.113640 
1416.221801 0.113477 
1415.021114 0.113255 
1413.820427 0.112960 
1412.619740 0.112657 
1411.419053 0.112325 
1410.218366 0.112036 
1409.017679 0.111740 
1407.816992 0.111424 
1406.616305 0.111049 
1405.415619 0.110727 
1404.214932 0.110561 
1403.014245 0.110479 
1401.813558 0.110284 
1400.612871 0.109938 
1399.412184 0.109589 
1398.211497 0.109339 
1397.010810 0.109187 
1395.810123 0.108966 
1394.609436 0.108704 
1393.408750 0.108521 
1392.208063 0.108451 
1391.007376 0.108396 
1389.806689 0.108229 
1388.606002 0.107951 
1387.405315 0.107666 
1386.204628 0.107510 
1385.003941 0.107398 
1383.803254 0.107270 
1382.602568 0.107104 
1381.401881 0.106945 
1380.201194 0.106789 
1379.000507 0.106610 
1377.799820 0.106440 
1376.599133 0.106235 
1375.398446 0.105976 
1374.197759 0.105680 
1372.997072 0.105498 
1371.796385 0.105370 
1370.595699 0.105235 
1369.395012 0.105055 
1368.194325 0.104837 
1366.993638 0.104637 
1365.792951 0.104388 
1364.592264 0.104111 
1363.391577 0.103846 
1362.190890 0.103609 
1360.990203 0.103445 
1359.789517 0.103328 
1358.588830 0.103179 
1357.388143 0.102944 
1356.187456 0.102691 
1354.986769 0.102456 
1353.786082 0.102319 
1352.585395 0.102188 
1351.384708 0.102024 
1350.184021 0.101856 
1348.983334 0.101738 
1347.782648 0.101748 
1346.581961 0.101930 
1345.381274 0.102313 
1344.180587 0.102934 
1342.979900 0.103573 
1341.779213 0.104163 
1340.578526 0.104554 
1339.377839 0.104666 
1338.177152 0.104345 
1336.976465 0.103694 
1335.775779 0.102744 
1334.575092 0.101761 
1333.374405 0.100827 
1332.173718 0.100018 
1330.973031 0.099413 
1329.772344 0.099001 
1328.571657 0.098668 
1327.370970 0.098342 
1326.170283 0.098072 
1324.969597 0.097826 
1323.768910 0.097603 
1322.568223 0.097328 
1321.367536 0.097009 
1320.166849 0.096708 
1318.966162 0.096454 
1317.765475 0.096279 
1316.564788 0.096116 
1315.364101 0.095936 
1314.163414 0.095725 
1312.962728 0.095529 
1311.762041 0.095292 
1310.561354 0.095025 
1309.360667 0.094763 
1308.159980 0.094539 
1306.959293 0.094381 
1305.758606 0.094225 
1304.557919 0.094027 
1303.357232 0.093774 
1302.156546 0.093548 
1300.955859 0.093358 
1299.755172 0.093215 
1298.554485 0.093050 
1297.353798 0.092851 
1296.153111 0.092651 
1294.952424 0.092437 
1293.751737 0.092236 
1292.551050 0.092014 
1291.350363 0.091793 
1290.149677 0.091588 
1288.948990 0.091419 
1287.748303 0.091227 
1286.547616 0.091020 
1285.346929 0.090829 
1284.146242 0.090644 
1282.945555 0.090475 
1281.744868 0.090297 
1280.544181 0.090160 
1279.343494 0.090041 
1278.142808 0.089875 
1276.942121 0.089642 
1275.741434 0.089402 
1274.540747 0.089193 
1273.340060 0.088974 
1272.139373 0.088717 
1270.938686 0.088418 
1269.737999 0.088216 
1268.537312 0.088097 
1267.336626 0.087999 
1266.135939 0.087857 
1264.935252 0.087638 
1263.734565 0.087405 
1262.533878 0.087175 
1261.333191 0.086974 
1260.132504 0.086786 
1258.931817 0.086626 
1257.731130 0.086464 
1256.530443 0.086319 
1255.329757 0.086172 
1254.129070 0.086002 
1252.928383 0.085839 
1251.727696 0.085681 
1250.527009 0.085549 
1249.326322 0.085405 
1248.125635 0.085244 
1246.924948 0.085037 
1245.724261 0.084833 
1244.523575 0.084654 
1243.322888 0.084513 
1242.122201 0.084360 
1240.921514 0.084125 
1239.720827 0.083905 
1238.520140 0.083762 
1237.319453 0.083701 
1236.118766 0.083640 
1234.918079 0.083550 
1233.717392 0.083505 
1232.516706 0.083546 
1231.316019 0.083658 
1230.115332 0.083826 
1228.914645 0.084018 
1227.713958 0.084244 
1226.513271 0.084410 
1225.312584 0.084407 
1224.111897 0.084144 
1222.911210 0.083665 
1221.710524 0.083027 
1220.509837 0.082459 
1219.309150 0.081960 
1218.108463 0.081561 
1216.907776 0.081211 
1215.707089 0.080958 
1214.506402 0.080715 
1213.305715 0.080468 
1212.105028 0.080240 
1210.904341 0.080008 
1209.703655 0.079796 
1208.502968 0.079592 
1207.302281 0.079449 
1206.101594 0.079319 
1204.900907 0.079157 
1203.700220 0.078949 
1202.499533 0.078771 
1201.298846 0.078625 
1200.098159 0.078471 
1198.897472 0.078344 
1197.696786 0.078243 
1196.496099 0.078129 
1195.295412 0.077951 
1194.094725 0.077752 
1192.894038 0.077573 
1191.693351 0.077422 
1190.492664 0.077259 
1189.291977 0.077121 
1188.091290 0.077017 
1186.890604 0.076875 
1185.689917 0.076698 
1184.489230 0.076524 
1183.288543 0.076407 
1182.087856 0.076304 
1180.887169 0.076162 
1179.686482 0.076037 
1178.485795 0.075962 
1177.285108 0.075884 
1176.084421 0.075746 
1174.883735 0.075606 
1173.683048 0.075499 
1172.482361 0.075417 
1171.281674 0.075297 
1170.080987 0.075151 
1168.880300 0.075021 
1167.679613 0.074880 
1166.478926 0.074728 
1165.278239 0.074577 
1164.077553 0.074468 
1162.876866 0.074386 
1161.676179 0.074308 
1160.475492 0.074209 
1159.274805 0.074112 
1158.074118 0.074033 
1156.873431 0.073954 
1155.672744 0.073858 
1154.472057 0.073726 
1153.271370 0.073598 
1152.070684 0.073506 
1150.869997 0.073445 
1149.669310 0.073355 
1148.468623 0.073222 
1147.267936 0.073094 
1146.067249 0.073013 
1144.866562 0.072960 
1143.665875 0.072882 
1142.465188 0.072779 
1141.264502 0.072671 
1140.063815 0.072565 
1138.863128 0.072450 
1137.662441 0.072369 
1136.461754 0.072337 
1135.261067 0.072333 
1134.060380 0.072302 
1132.859693 0.072202 
1131.659006 0.072111 
1130.458319 0.072098 
1129.257633 0.072152 
1128.056946 0.072157 
1126.856259 0.072028 
1125.655572 0.071839 
1124.454885 0.071672 
1123.254198 0.071595 
1122.053511 0.071525 
1120.852824 0.071419 
1119.652137 0.071275 
1118.451450 0.071171 
1117.250764 0.071102 
1116.050077 0.071027 
1114.849390 0.070929 
1113.648703 0.070806 
1112.448016 0.070662 
1111.247329 0.070479 
1110.046642 0.070326 
1108.845955 0.070251 
1107.645268 0.070216 
1106.444582 0.070157 
1105.243895 0.070082 
1104.043208 0.069999 
1102.842521 0.069892 
1101.641834 0.069823 
1100.441147 0.069791 
1099.240460 0.069709 
1098.039773 0.069487 
1096.839086 0.069232 
1095.638399 0.069092 
1094.437713 0.069100 
1093.237026 0.069165 
1092.036339 0.069202 
1090.835652 0.069142 
1089.634965 0.068945 
1088.434278 0.068741 
1087.233591 0.068615 
1086.032904 0.068539 
1084.832217 0.068437 
1083.631531 0.068301 
1082.430844 0.068189 
1081.230157 0.068040 
1080.029470 0.067804 
1078.828783 0.067542 
1077.628096 0.067415 
1076.427409 0.067382 
1075.226722 0.067311 
1074.026035 0.067104 
1072.825348 0.066880 
1071.624662 0.066779 
1070.423975 0.066747 
1069.223288 0.066639 
1068.022601 0.066426 
1066.821914 0.066241 
1065.621227 0.066116 
1064.420540 0.066014 
1063.219853 0.065878 
1062.019166 0.065746 
1060.818479 0.065638 
1059.617793 0.065495 
1058.417106 0.065348 
1057.216419 0.065257 
1056.015732 0.065262 
1054.815045 0.065297 
1053.614358 0.065320 
1052.413671 0.065364 
1051.212984 0.065443 
1050.012297 0.065537 
1048.811611 0.065672 
1047.610924 0.065858 
1046.410237 0.066083 
1045.209550 0.066247 
1044.008863 0.066345 
1042.808176 0.066416 
1041.607489 0.066466 
1040.406802 0.066479 
1039.206115 0.066478 
1038.005428 0.066509 
1036.804742 0.066568 
1035.604055 0.066594 
1034.403368 0.066526 
1033.202681 0.066396 
1032.001994 0.066266 
1030.801307 0.066139 
1029.600620 0.065917 
1028.399933 0.065632 
1027.199246 0.065315 
1025.998560 0.065074 
1024.797873 0.064929 
1023.597186 0.064879 
1022.396499 0.064921 
1021.195812 0.065042 
1019.995125 0.065213 
1018.794438 0.065408 
1017.593751 0.065601 
1016.393064 0.065824 
1015.192377 0.066056 
1013.991691 0.066320 
1012.791004 0.066614 
1011.590317 0.066956 
1010.389630 0.067301 
1009.188943 0.067660 
1007.988256 0.068018 
1006.787569 0.068399 
1005.586882 0.068909 
1004.386195 0.069454 
1003.185509 0.070091 
1001.984822 0.070787 
1000.784135 0.071571 
999.583448 0.072530 
998.382761 0.073561 
997.182074 0.074717 
995.981387 0.076078 
994.780700 0.077608 
993.580013 0.079301 
992.379326 0.081194 
991.178640 0.083421 
989.977953 0.085972 
988.777266 0.088817 
987.576579 0.091936 
986.375892 0.095540 
985.175205 0.099652 
983.974518 0.104259 
982.773831 0.109349 
981.573144 0.115026 
980.372457 0.121293 
979.171771 0.128075 
977.971084 0.135263 
976.770397 0.142810 
975.569710 0.150744 
974.369023 0.158872 
973.168336 0.167085 
971.967649 0.175141 
970.766962 0.182988 
969.566275 0.190473 
968.365589 0.197577 
967.164902 0.204336 
965.964215 0.210748 
964.763528 0.216881 
963.562841 0.222800 
962.362154 0.228611 
961.161467 0.234160 
959.960780 0.239180 
958.760093 0.243271 
957.559406 0.246077 
956.358720 0.247143 
955.158033 0.246414 
953.957346 0.243851 
952.756659 0.239617 
951.555972 0.233792 
950.355285 0.227180 
949.154598 0.220339 
947.953911 0.213891 
946.753224 0.208462 
945.552538 0.204233 
944.351851 0.201110 
943.151164 0.198818 
941.950477 0.196724 
940.749790 0.194245 
939.549103 0.191148 
938.348416 0.187519 
937.147729 0.183723 
935.947042 0.180221 
934.746355 0.177379 
933.545669 0.175299 
932.344982 0.173989 
931.144295 0.173254 
929.943608 0.173094 
928.742921 0.173480 
927.542234 0.174285 
926.341547 0.175265 
925.140860 0.176383 
923.940173 0.177696 
922.739486 0.179230 
921.538800 0.180859 
920.338113 0.182501 
919.137426 0.184184 
917.936739 0.185992 
916.736052 0.187874 
915.535365 0.189778 
914.334678 0.191660 
913.133991 0.193521 
911.933304 0.195349 
910.732618 0.197233 
909.531931 0.199215 
908.331244 0.201256 
907.130557 0.203329 
905.929870 0.205360 
904.729183 0.207358 
903.528496 0.209321 
902.327809 0.211305 
901.127122 0.213358 
899.926435 0.215488 
898.725749 0.217585 
897.525062 0.219610 
896.324375 0.221621 
895.123688 0.223690 
893.923001 0.225744 
892.722314 0.227689 
891.521627 0.229687 
890.320940 0.231806 
889.120253 0.233956 
887.919567 0.235938 
886.718880 0.237889 
885.518193 0.239921 
884.317506 0.241987 
883.116819 0.243896 
881.916132 0.245772 
880.715445 0.247742 
879.514758 0.249781 
878.314071 0.251785 
877.113384 0.253728 
875.912698 0.255657 
874.712011 0.257501 
873.511324 0.259312 
872.310637 0.261241 
871.109950 0.263334 
869.909263 0.265355 
868.708576 0.267115 
867.507889 0.268788 
866.307202 0.270544 
865.106516 0.272331 
863.905829 0.274079 
862.705142 0.275941 
861.504455 0.277882 
860.303768 0.279751 
859.103081 0.281464 
857.902394 0.283238 
856.701707 0.285155 
855.501020 0.287078 
854.300333 0.288830 
853.099647 0.290449 
851.898960 0.292035 
850.698273 0.293641 
849.497586 0.295290 
848.296899 0.296984 
847.096212 0.298710 
845.895525 0.300408 
844.694838 0.302072 
843.494151 0.303691 
842.293464 0.305314 
841.092778 0.306975 
839.892091 0.308646 
838.691404 0.310214 
837.490717 0.311693 
836.290030 0.313115 
835.089343 0.314528 
833.888656 0.316008 
832.687969 0.317518 
831.487282 0.319005 
830.286596 0.320385 
829.085909 0.321700 
827.885222 0.322955 
826.684535 0.324113 
825.483848 0.325097 
824.283161 0.325934 
823.082474 0.326839 
821.881787 0.328012 
820.681100 0.329454 
819.480413 0.330906 
818.279727 0.332214 
817.079040 0.333459 
815.878353 0.334835 
814.677666 0.336300 
813.476979 0.337698 
812.276292 0.339002 
811.075605 0.340280 
809.874918 0.341504 
808.674231 0.342600 
807.473545 0.343673 
806.272858 0.344820 
805.072171 0.345992 
803.871484 0.347048 
802.670797 0.348054 
801.470110 0.349074 
800.269423 0.350112 
799.068736 0.351159 
797.868049 0.352197 
796.667362 0.353141 
795.466676 0.353920 
794.265989 0.354610 
793.065302 0.355332 
791.864615 0.356093 
790.663928 0.356851 
789.463241 0.357608 
788.262554 0.358337 
787.061867 0.359092 
785.861180 0.359964 
784.660493 0.360901 
783.459807 0.361585 
782.259120 0.361890 
781.058433 0.362055 
779.857746 0.362383 
778.657059 0.362777 
777.456372 0.363109 
776.255685 0.363426 
775.054998 0.363862 
773.854311 0.364349 
772.653625 0.364803 
771.452938 0.365165 
770.252251 0.365343 
769.051564 0.365375 
767.850877 0.365393 
766.650190 0.365520 
765.449503 0.365713 
764.248816 0.365765 
763.048129 0.365683 
761.847442 0.365631 
760.646756 0.365735 
759.446069 0.365811 
758.245382 0.365691 
757.044695 0.365457 
755.844008 0.365297 
754.643321 0.365209 
753.442634 0.365034 
752.241947 0.364734 
751.041260 0.364344 
749.840574 0.363904 
748.639887 0.363452 
747.439200 0.363108 
746.238513 0.362885 
745.037826 0.362565 
743.837139 0.362037 
742.636452 0.361415 
741.435765 0.360877 
740.235078 0.360302 
739.034391 0.359528 
737.833705 0.358627 
736.633018 0.357779 
735.432331 0.357023 
734.231644 0.356239 
733.030957 0.355359 
731.830270 0.354405 
730.629583 0.353474 
729.428896 0.352542 
728.228209 0.351615 
727.027523 0.350644 
725.826836 0.349641 
724.626149 0.348578 
723.425462 0.347424 
722.224775 0.346157 
721.024088 0.344809 
719.823401 0.343488 
718.622714 0.342156 
717.422027 0.340773 
716.221340 0.339351 
715.020654 0.337906 
713.819967 0.336331 
712.619280 0.334628 
711.418593 0.333044 
710.217906 0.331681 
709.017219 0.330292 
707.816532 0.328660 
706.615845 0.326854 
705.415158 0.325088 
704.214471 0.323423 
703.013785 0.321775 
701.813098 0.320099 
700.612411 0.318331 
699.411724 0.316489 
698.211037 0.314623 
697.010350 0.312766 
695.809663 0.310818 
694.608976 0.308744 
693.408289 0.306654 
692.207603 0.304677 
691.006916 0.302791 
689.806229 0.300823 
688.605542 0.298679 
687.404855 0.296461 
686.204168 0.294375 
685.003481 0.292360 
683.802794 0.290267 
682.602107 0.288052 
681.401420 0.285862 
680.200734 0.283652 
679.000047 0.281363 
677.799360 0.279154 
676.598673 0.277211 
675.397986 0.275319 
674.197299 0.273116 
672.996612 0.270611 
671.795925 0.268129 
670.595238 0.265759 
669.394552 0.263361 
668.193865 0.260987 
666.993178 0.258743 
665.792491 0.256627 
664.591804 0.254490 
663.391117 0.252189 
662.190430 0.249702 
660.989743 0.247136 
659.789056 0.244737 
658.588369 0.242598 
657.387683 0.240600 
656.186996 0.238579 
654.986309 0.236496 
653.785622 0.234304 
652.584935 0.231944 
651.384248 0.229550 
650.183561 0.227237 
648.982874 0.224998 
647.782187 0.222726 
646.581501 0.220414 
645.380814 0.218042 
644.180127 0.215690 
642.979440 0.213498 
641.778753 0.211435 
640.578066 0.209276 
639.377379 0.206925 
638.176692 0.204557 
636.976005 0.202207 
635.775318 0.199761 
634.574632 0.197243 
633.373945 0.194902 
632.173258 0.192660 
630.972571 0.190405 
629.771884 0.188091 
628.571197 0.185882 
627.370510 0.183798 
626.169823 0.181908 
624.969136 0.180206 
623.768449 0.178422 
622.567763 0.176312 
621.367076 0.174182 
620.166389 0.172368 
618.965702 0.170691 
617.765015 0.168657 
616.564328 0.166215 
615.363641 0.163591 
614.162954 0.160925 
612.962267 0.158664 
611.761581 0.156933 
610.560894 0.155250 
609.360207 0.153468 
608.159520 0.152544 
606.958833 0.152652 
605.758146 0.152763 
604.557459 0.151938 
603.356772 0.150167 
602.156085 0.147679 
600.955398 0.144426 
599.754712 0.141123 
598.554025 0.138839 
597.353338 0.137422 
596.152651 0.136092 
594.951964 0.134321 
593.751277 0.132073 
592.550590 0.129948 
591.349903 0.128719 
590.149216 0.128438 
588.948530 0.127743 
587.747843 0.126002 
586.547156 0.124214 
585.346469 0.123191 
584.145782 0.122270 
582.945095 0.120595 
581.744408 0.118480 
580.543721 0.116542 
579.343034 0.114914 
578.142347 0.113416 
576.941661 0.111818 
575.740974 0.109940 
574.540287 0.108066 
573.339600 0.106738 
572.138913 0.105747 
570.938226 0.104408 
569.737539 0.102508 
568.536852 0.100911 
567.336165 0.100111 
566.135478 0.099794 
564.934792 0.099281 
563.734105 0.098358 
562.533418 0.097030 
561.332731 0.095271 
560.132044 0.093596 
558.931357 0.092814 
557.730670 0.092621 
556.529983 0.091821 
555.329296 0.089968 
554.128610 0.088271 
552.927923 0.087233 
551.727236 0.085947 
550.526549 0.083752 
549.325862 0.081808 
548.125175 0.081121 
546.924488 0.081128 
545.723801 0.080466 
544.523114 0.078903 
543.322427 0.077605 
542.121741 0.077286 
540.921054 0.077396 
539.720367 0.076963 
538.519680 0.076247 
537.318993 0.075956 
536.118306 0.076014 
534.917619 0.075464 
533.716932 0.074095 
532.516245 0.072437 
531.315559 0.070954 
530.114872 0.069710 
528.914185 0.068733 
527.713498 0.068067 
526.512811 0.067523 
525.312124 0.066651 
524.111437 0.065493 
522.910750 0.064388 
521.710063 0.063463 
520.509376 0.062276 
519.308690 0.060696 
518.108003 0.059313 
516.907316 0.058699 
515.706629 0.058594 
514.505942 0.058237 
513.305255 0.057601 
512.104568 0.056935 
510.903881 0.056283 
509.703194 0.055751 
508.502508 0.055506 
507.301821 0.055150 
506.101134 0.053853 
504.900447 0.052006 
503.699760 0.050569 
502.499073 0.049583 
501.298386 0.048049 
500.097699 0.045885 
498.897012 0.044187 
497.696325 0.043673 
496.495639 0.043976 
495.294952 0.044255 
494.094265 0.044466 
492.893578 0.044741 
491.692891 0.044582 
490.492204 0.043468 
489.291517 0.041954 
488.090830 0.040808 
486.890143 0.040147 
485.689456 0.039516 
484.488770 0.038949 
483.288083 0.038489 
482.087396 0.037566 
480.886709 0.035998 
479.686022 0.034844 
478.485335 0.034753 
477.284648 0.035117 
476.083961 0.034963 
474.883274 0.034419 
473.682588 0.033713 
472.481901 0.032671 
471.281214 0.031515 
470.080527 0.030808 
468.879840 0.030469 
467.679153 0.030045 
466.478466 0.029678 
465.277779 0.029812 
464.077092 0.030223 
462.876405 0.030299 
461.675719 0.029695 
460.475032 0.028733 
459.274345 0.027725 
458.073658 0.026977 
456.872971 0.026575 
455.672284 0.026175 
454.471597 0.025642 
453.270910 0.025084 
452.070223 0.024468 
450.869537 0.023675 
449.668850 0.022967 
448.468163 0.022757 
447.267476 0.023094 
446.066789 0.023492 
444.866102 0.023657 
443.665415 0.023475 
442.464728 0.022873 
441.264041 0.022072 
440.063354 0.021341 
438.862668 0.020682 
437.661981 0.019941 
436.461294 0.019225 
435.260607 0.018799 
434.059920 0.018705 
432.859233 0.018607 
431.658546 0.018184 
430.457859 0.017782 
429.257172 0.017935 
428.056485 0.018391 
426.855799 0.018117 
425.655112 0.017018 
424.454425 0.015840 
423.253738 0.015012 
422.053051 0.014306 
420.852364 0.013758 
419.651677 0.013584 
418.450990 0.013589 
417.250303 0.013394 
416.049617 0.013142 
414.848930 0.013069 
413.648243 0.013249 
412.447556 0.013227 
411.246869 0.012155 
410.046182 0.010152 
408.845495 0.009015 
407.644808 0.010106 
406.444121 0.011024 
405.243434 0.010162 
404.042748 0.008979 
402.842061 0.009244 
401.641374 0.009346 
400.440687 0.008710 
399.240000 0.009063 
