3998.87839	7.1E-4
3997.91411	9E-4
3996.94983	0.0011
3995.98555	0.00114
3995.02126	0.00108
3994.05698	0.0012
3993.0927	0.00147
3992.12842	0.00165
3991.16414	0.00165
3990.19985	0.00158
3989.23557	0.0017
3988.27129	0.00199
3987.30701	0.00223
3986.34272	0.00229
3985.37844	0.00216
3984.41416	0.00202
3983.44988	0.00199
3982.4856	0.00211
3981.52131	0.00228
3980.55703	0.00239
3979.59275	0.00241
3978.62847	0.00252
3977.66418	0.00275
3976.6999	0.00296
3975.73562	0.00301
3974.77134	0.00293
3973.80706	0.00278
3972.84277	0.00268
3971.87849	0.00273
3970.91421	0.0029
3969.94993	0.00297
3968.98564	0.00286
3968.02136	0.00269
3967.05708	0.00256
3966.0928	0.00256
3965.12852	0.00266
3964.16423	0.00275
3963.19995	0.0027
3962.23567	0.00252
3961.27139	0.00248
3960.3071	0.00264
3959.34282	0.00277
3958.37854	0.00282
3957.41426	0.00278
3956.44998	0.00272
3955.48569	0.00273
3954.52141	0.00276
3953.55713	0.00282
3952.59285	0.00306
3951.62856	0.00337
3950.66428	0.00337
3949.7	0.00297
3948.73572	0.00228
3947.77144	0.00166
3946.80715	0.00182
3945.84287	0.0026
3944.87859	0.00316
3943.91431	0.00297
3942.95002	0.00228
3941.98574	0.00197
3941.02146	0.00236
3940.05718	0.00278
3939.0929	0.00292
3938.12861	0.00292
3937.16433	0.00301
3936.20005	0.00321
3935.23577	0.0032
3934.27148	0.00247
3933.3072	0.00111
3932.34292	4.1E-4
3931.37864	0.00115
3930.41436	0.00216
3929.45007	0.00252
3928.48579	0.00266
3927.52151	0.00305
3926.55723	0.00344
3925.59294	0.00334
3924.62866	0.00285
3923.66438	0.0026
3922.7001	0.00288
3921.73582	0.00317
3920.77153	0.003
3919.80725	0.00256
3918.84297	0.00193
3917.87869	0.00102
3916.9144	5.8E-4
3915.95012	0.00117
3914.98584	0.00206
3914.02156	0.00256
3913.05728	0.00273
3912.09299	0.00278
3911.12871	0.00279
3910.16443	0.00282
3909.20015	0.00296
3908.23586	0.00322
3907.27158	0.00333
3906.3073	0.00295
3905.34302	0.00213
3904.37874	0.00143
3903.41445	0.00104
3902.45017	6.9E-4
3901.48589	8.2E-4
3900.52161	0.00151
3899.55732	0.00198
3898.59304	0.00217
3897.62876	0.00233
3896.66448	0.00237
3895.7002	0.00239
3894.73591	0.00246
3893.77163	0.00244
3892.80735	0.00205
3891.84307	0.0015
3890.87878	0.00145
3889.9145	0.00196
3888.95022	0.00225
3887.98594	0.0019
3887.02166	0.00113
3886.05737	7.5E-4
3885.09309	0.0014
3884.12881	0.00238
3883.16453	0.00276
3882.20024	0.00239
3881.23596	0.00145
3880.27168	5.4E-4
3879.3074	4.7E-4
3878.34312	0.00109
3877.37883	0.00172
3876.41455	0.00207
3875.45027	0.00197
3874.48599	0.00155
3873.5217	0.0013
3872.55742	0.00135
3871.59314	0.0012
3870.62886	9E-4
3869.66458	9.2E-4
3868.70029	0.00147
3867.73601	0.00198
3866.77173	0.00193
3865.80745	0.00158
3864.84316	0.0015
3863.87888	0.00168
3862.9146	0.00151
3861.95032	0.00102
3860.98604	9.2E-4
3860.02175	0.00127
3859.05747	0.00148
3858.09319	0.00112
3857.12891	2.8E-4
3856.16462	-4.2E-4
3855.20034	1E-5
3854.23606	0.002
3853.27178	0.00405
3852.3075	0.00468
3851.34321	0.00434
3850.37893	0.00349
3849.41465	0.0023
3848.45037	0.00149
3847.48608	0.00141
3846.5218	0.00179
3845.55752	0.00211
3844.59324	0.00202
3843.62896	0.00174
3842.66467	0.00163
3841.70039	0.00151
3840.73611	0.00117
3839.77183	7.7E-4
3838.80754	8.1E-4
3837.84326	0.00179
3836.87898	0.00312
3835.9147	0.00325
3834.95042	0.00249
3833.98613	0.00205
3833.02185	0.00181
3832.05757	0.00145
3831.09329	0.00142
3830.129	0.00184
3829.16472	0.00224
3828.20044	0.00231
3827.23616	0.00217
3826.27188	0.00216
3825.30759	0.00246
3824.34331	0.00271
3823.37903	0.00256
3822.41475	0.00197
3821.45046	0.00139
3820.48618	0.00139
3819.5219	0.0019
3818.55762	0.00201
3817.59333	0.00153
3816.62905	0.00143
3815.66477	0.00233
3814.70049	0.0035
3813.73621	0.0038
3812.77192	0.00338
3811.80764	0.00297
3810.84336	0.00284
3809.87908	0.00282
3808.91479	0.00263
3807.95051	0.00232
3806.98623	0.0025
3806.02195	0.00338
3805.05767	0.00413
3804.09338	0.00395
3803.1291	0.00311
3802.16482	0.00255
3801.20054	0.00317
3800.23625	0.0046
3799.27197	0.00532
3798.30769	0.00483
3797.34341	0.00381
3796.37913	0.00309
3795.41484	0.00311
3794.45056	0.00356
3793.48628	0.00397
3792.522	0.00424
3791.55771	0.00439
3790.59343	0.00449
3789.62915	0.00462
3788.66487	0.00482
3787.70059	0.00504
3786.7363	0.00518
3785.77202	0.00511
3784.80774	0.00489
3783.84346	0.0048
3782.87917	0.00501
3781.91489	0.00535
3780.95061	0.00544
3779.98633	0.00512
3779.02205	0.00478
3778.05776	0.00477
3777.09348	0.00493
3776.1292	0.00507
3775.16492	0.00518
3774.20063	0.00535
3773.23635	0.00553
3772.27207	0.0055
3771.30779	0.00502
3770.34351	0.00436
3769.37922	0.00421
3768.41494	0.00462
3767.45066	0.00477
3766.48638	0.00436
3765.52209	0.00392
3764.55781	0.00396
3763.59353	0.00431
3762.62925	0.00463
3761.66497	0.00471
3760.70068	0.00442
3759.7364	0.00398
3758.77212	0.00374
3757.80784	0.00358
3756.84355	0.00328
3755.87927	0.00306
3754.91499	0.00289
3753.95071	0.00247
3752.98643	0.0022
3752.02214	0.00256
3751.05786	0.00282
3750.09358	0.00241
3749.1293	0.00254
3748.16501	0.00311
3747.20073	0.00219
3746.23645	-3.7E-4
3745.27217	-0.00221
3744.30789	-0.00112
3743.3436	0.00202
3742.37932	0.00389
3741.41504	0.00365
3740.45076	0.00289
3739.48647	0.00243
3738.52219	0.00215
3737.55791	0.00195
3736.59363	0.00177
3735.62935	0.00135
3734.66506	9.7E-4
3733.70078	0.00103
3732.7365	0.00138
3731.77222	0.00213
3730.80793	0.00309
3729.84365	0.00355
3728.87937	0.00322
3727.91509	0.00244
3726.95081	0.00177
3725.98652	0.00177
3725.02224	0.00238
3724.05796	0.00296
3723.09368	0.00306
3722.12939	0.00298
3721.16511	0.00322
3720.20083	0.00356
3719.23655	0.00364
3718.27227	0.00366
3717.30798	0.00381
3716.3437	0.00391
3715.37942	0.00391
3714.41514	0.00391
3713.45085	0.00395
3712.48657	0.00421
3711.52229	0.00475
3710.55801	0.00498
3709.59373	0.00461
3708.62944	0.00444
3707.66516	0.0047
3706.70088	0.00497
3705.7366	0.00518
3704.77231	0.00545
3703.80803	0.00562
3702.84375	0.00545
3701.87947	0.0051
3700.91519	0.00502
3699.9509	0.00521
3698.98662	0.00536
3698.02234	0.0054
3697.05806	0.00537
3696.09377	0.00536
3695.12949	0.00544
3694.16521	0.00556
3693.20093	0.00554
3692.23665	0.00529
3691.27236	0.00492
3690.30808	0.00456
3689.3438	0.0043
3688.37952	0.00464
3687.41523	0.00561
3686.45095	0.0061
3685.48667	0.00568
3684.52239	0.00503
3683.55811	0.00475
3682.59382	0.00488
3681.62954	0.00513
3680.66526	0.00515
3679.70098	0.00492
3678.73669	0.00472
3677.77241	0.00449
3676.80813	0.00407
3675.84385	0.00364
3674.87957	0.00368
3673.91528	0.00431
3672.951	0.00475
3671.98672	0.0048
3671.02244	0.00511
3670.05815	0.00565
3669.09387	0.00573
3668.12959	0.00538
3667.16531	0.0051
3666.20103	0.00495
3665.23674	0.00487
3664.27246	0.00484
3663.30818	0.00487
3662.3439	0.00492
3661.37961	0.00497
3660.41533	0.00501
3659.45105	0.00504
3658.48677	0.00496
3657.52249	0.00465
3656.5582	0.00446
3655.59392	0.00489
3654.62964	0.00562
3653.66536	0.00602
3652.70107	0.00589
3651.73679	0.00528
3650.77251	0.00451
3649.80823	0.00426
3648.84395	0.00458
3647.87966	0.00459
3646.91538	0.00418
3645.9511	0.00411
3644.98682	0.00447
3644.02253	0.00482
3643.05825	0.00498
3642.09397	0.00506
3641.12969	0.00521
3640.16541	0.0054
3639.20112	0.00549
3638.23684	0.00544
3637.27256	0.00539
3636.30828	0.00536
3635.34399	0.00522
3634.37971	0.00494
3633.41543	0.00483
3632.45115	0.00501
3631.48687	0.005
3630.52258	0.00448
3629.5583	0.00386
3628.59402	0.00394
3627.62974	0.00482
3626.66545	0.00543
3625.70117	0.00536
3624.73689	0.0052
3623.77261	0.0053
3622.80833	0.00556
3621.84404	0.00574
3620.87976	0.00565
3619.91548	0.00547
3618.9512	0.00539
3617.98691	0.00532
3617.02263	0.00535
3616.05835	0.00544
3615.09407	0.00526
3614.12979	0.00478
3613.1655	0.0043
3612.20122	0.00423
3611.23694	0.00439
3610.27266	0.00417
3609.30837	0.00405
3608.34409	0.0045
3607.37981	0.0049
3606.41553	0.0051
3605.45125	0.00549
3604.48696	0.00597
3603.52268	0.00633
3602.5584	0.00651
3601.59412	0.00643
3600.62983	0.00623
3599.66555	0.00616
3598.70127	0.00632
3597.73699	0.00655
3596.77271	0.00655
3595.80842	0.00625
3594.84414	0.00608
3593.87986	0.00617
3592.91558	0.00639
3591.95129	0.00675
3590.98701	0.00702
3590.02273	0.00676
3589.05845	0.00617
3588.09417	0.00581
3587.12988	0.00576
3586.1656	0.00628
3585.20132	0.00732
3584.23704	0.00799
3583.27275	0.00814
3582.30847	0.00831
3581.34419	0.00855
3580.37991	0.00865
3579.41563	0.00866
3578.45134	0.00871
3577.48706	0.00878
3576.52278	0.00893
3575.5585	0.00909
3574.59421	0.00917
3573.62993	0.0093
3572.66565	0.00957
3571.70137	0.00999
3570.73708	0.01048
3569.7728	0.01052
3568.80852	0.0096
3567.84424	0.00843
3566.87996	0.00814
3565.91567	0.00889
3564.95139	0.01015
3563.98711	0.01108
3563.02283	0.01149
3562.05854	0.01171
3561.09426	0.01189
3560.12998	0.01205
3559.1657	0.01231
3558.20142	0.01261
3557.23713	0.0128
3556.27285	0.01302
3555.30857	0.01339
3554.34429	0.01382
3553.38	0.01407
3552.41572	0.01407
3551.45144	0.01427
3550.48716	0.01487
3549.52288	0.01547
3548.55859	0.01557
3547.59431	0.01522
3546.63003	0.0152
3545.66575	0.01579
3544.70146	0.01649
3543.73718	0.01707
3542.7729	0.01754
3541.80862	0.01796
3540.84434	0.01829
3539.88005	0.01862
3538.91577	0.01906
3537.95149	0.01952
3536.98721	0.01977
3536.02292	0.01994
3535.05864	0.02036
3534.09436	0.02091
3533.13008	0.02135
3532.1658	0.02167
3531.20151	0.02201
3530.23723	0.02248
3529.27295	0.02296
3528.30867	0.0233
3527.34438	0.02352
3526.3801	0.02383
3525.41582	0.02437
3524.45154	0.02481
3523.48726	0.02482
3522.52297	0.02479
3521.55869	0.02513
3520.59441	0.02568
3519.63013	0.02612
3518.66584	0.02647
3517.70156	0.02685
3516.73728	0.0272
3515.773	0.02742
3514.80872	0.02758
3513.84443	0.02781
3512.88015	0.02811
3511.91587	0.02845
3510.95159	0.02878
3509.9873	0.02891
3509.02302	0.02897
3508.05874	0.02932
3507.09446	0.02986
3506.13018	0.0304
3505.16589	0.03091
3504.20161	0.03116
3503.23733	0.03106
3502.27305	0.03093
3501.30876	0.03116
3500.34448	0.0316
3499.3802	0.03207
3498.41592	0.03243
3497.45164	0.03272
3496.48735	0.03298
3495.52307	0.03323
3494.55879	0.03348
3493.59451	0.03379
3492.63022	0.03409
3491.66594	0.0343
3490.70166	0.03458
3489.73738	0.03494
3488.7731	0.03517
3487.80881	0.03538
3486.84453	0.03578
3485.88025	0.03619
3484.91597	0.03653
3483.95168	0.03688
3482.9874	0.03716
3482.02312	0.03733
3481.05884	0.03748
3480.09456	0.03768
3479.13027	0.03802
3478.16599	0.03845
3477.20171	0.03886
3476.23743	0.03908
3475.27314	0.03906
3474.30886	0.03904
3473.34458	0.0393
3472.3803	0.03969
3471.41602	0.03998
3470.45173	0.04027
3469.48745	0.04071
3468.52317	0.04116
3467.55889	0.04142
3466.5946	0.04161
3465.63032	0.04193
3464.66604	0.04232
3463.70176	0.04264
3462.73748	0.04283
3461.77319	0.04288
3460.80891	0.04292
3459.84463	0.04309
3458.88035	0.04341
3457.91606	0.04368
3456.95178	0.04387
3455.9875	0.04415
3455.02322	0.04455
3454.05894	0.04495
3453.09465	0.04529
3452.13037	0.04555
3451.16609	0.04577
3450.20181	0.04602
3449.23752	0.04641
3448.27324	0.04665
3447.30896	0.04657
3446.34468	0.04667
3445.3804	0.04705
3444.41611	0.04741
3443.45183	0.04759
3442.48755	0.04768
3441.52327	0.04782
3440.55898	0.04801
3439.5947	0.04822
3438.63042	0.04847
3437.66614	0.04878
3436.70186	0.04912
3435.73757	0.04931
3434.77329	0.04934
3433.80901	0.04946
3432.84473	0.04977
3431.88044	0.05005
3430.91616	0.05016
3429.95188	0.05021
3428.9876	0.05032
3428.02332	0.0505
3427.05903	0.05068
3426.09475	0.05078
3425.13047	0.0509
3424.16619	0.05096
3423.2019	0.0509
3422.23762	0.05089
3421.27334	0.05094
3420.30906	0.05101
3419.34478	0.05122
3418.38049	0.05158
3417.41621	0.05191
3416.45193	0.05199
3415.48765	0.05191
3414.52336	0.05189
3413.55908	0.05204
3412.5948	0.05227
3411.63052	0.05249
3410.66624	0.05259
3409.70195	0.05261
3408.73767	0.05268
3407.77339	0.05277
3406.80911	0.05279
3405.84482	0.05273
3404.88054	0.05264
3403.91626	0.05265
3402.95198	0.05282
3401.9877	0.05304
3401.02341	0.05317
3400.05913	0.05304
3399.09485	0.0523
3398.13057	0.05194
3397.16628	0.05181
3396.202	0.05209
3395.23772	0.05261
3394.27344	0.05279
3393.30916	0.05253
3392.34487	0.05247
3391.38059	0.05285
3390.41631	0.05322
3389.45203	0.05332
3388.48774	0.05336
3387.52346	0.05339
3386.55918	0.05346
3385.5949	0.05345
3384.63062	0.05337
3383.66633	0.05336
3382.70205	0.05349
3381.73777	0.05361
3380.77349	0.0536
3379.8092	0.0535
3378.84492	0.05346
3377.88064	0.05354
3376.91636	0.05368
3375.95208	0.05383
3374.98779	0.05394
3374.02351	0.05399
3373.05923	0.05401
3372.09495	0.05401
3371.13066	0.05403
3370.16638	0.05404
3369.2021	0.05387
3368.23782	0.0535
3367.27354	0.0532
3366.30925	0.05312
3365.34497	0.05319
3364.38069	0.05329
3363.41641	0.05334
3362.45212	0.05332
3361.48784	0.05328
3360.52356	0.05332
3359.55928	0.05348
3358.595	0.05368
3357.63071	0.05378
3356.66643	0.05372
3355.70215	0.05363
3354.73787	0.05367
3353.77358	0.05382
3352.8093	0.05391
3351.84502	0.05392
3350.88074	0.054
3349.91646	0.0541
3348.95217	0.05413
3347.98789	0.05413
3347.02361	0.05416
3346.05933	0.05431
3345.09504	0.05447
3344.13076	0.05448
3343.16648	0.05437
3342.2022	0.05432
3341.23792	0.05439
3340.27363	0.05451
3339.30935	0.05457
3338.34507	0.05454
3337.38079	0.05453
3336.4165	0.05462
3335.45222	0.05467
3334.48794	0.05466
3333.52366	0.05473
3332.55938	0.0548
3331.59509	0.05483
3330.63081	0.05481
3329.66653	0.05473
3328.70225	0.0546
3327.73796	0.05453
3326.77368	0.05461
3325.8094	0.05475
3324.84512	0.05482
3323.88083	0.05485
3322.91655	0.05499
3321.95227	0.05522
3320.98799	0.05536
3320.02371	0.0553
3319.05942	0.05512
3318.09514	0.05497
3317.13086	0.05491
3316.16658	0.05491
3315.20229	0.05492
3314.23801	0.05495
3313.27373	0.05495
3312.30945	0.05495
3311.34517	0.05496
3310.38088	0.05499
3309.4166	0.05499
3308.45232	0.05494
3307.48804	0.05495
3306.52375	0.05504
3305.55947	0.05516
3304.59519	0.05525
3303.63091	0.05526
3302.66663	0.05523
3301.70234	0.05524
3300.73806	0.05527
3299.77378	0.0552
3298.8095	0.05501
3297.84521	0.05484
3296.88093	0.05485
3295.91665	0.05498
3294.95237	0.05508
3293.98809	0.05507
3293.0238	0.05495
3292.05952	0.05479
3291.09524	0.05471
3290.13096	0.05473
3289.16667	0.05475
3288.20239	0.05476
3287.23811	0.05475
3286.27383	0.05467
3285.30955	0.05455
3284.34526	0.05447
3283.38098	0.05434
3282.4167	0.0542
3281.45242	0.05412
3280.48813	0.05409
3279.52385	0.05407
3278.55957	0.05406
3277.59529	0.05398
3276.63101	0.05381
3275.66672	0.05364
3274.70244	0.05344
3273.73816	0.05322
3272.77388	0.05318
3271.80959	0.05327
3270.84531	0.05322
3269.88103	0.05307
3268.91675	0.05296
3267.95247	0.05288
3266.98818	0.05279
3266.0239	0.05269
3265.05962	0.05262
3264.09534	0.05259
3263.13105	0.05253
3262.16677	0.05237
3261.20249	0.05216
3260.23821	0.05196
3259.27393	0.05174
3258.30964	0.05146
3257.34536	0.05121
3256.38108	0.05108
3255.4168	0.05095
3254.45251	0.05073
3253.48823	0.05061
3252.52395	0.05068
3251.55967	0.05067
3250.59539	0.05041
3249.6311	0.05011
3248.66682	0.04998
3247.70254	0.04989
3246.73826	0.04963
3245.77397	0.04921
3244.80969	0.04889
3243.84541	0.04884
3242.88113	0.04889
3241.91685	0.04879
3240.95256	0.04849
3239.98828	0.0482
3239.024	0.0481
3238.05972	0.04805
3237.09543	0.04785
3236.13115	0.04753
3235.16687	0.04728
3234.20259	0.04712
3233.23831	0.04697
3232.27402	0.04681
3231.30974	0.04665
3230.34546	0.04645
3229.38118	0.04617
3228.41689	0.04582
3227.45261	0.04546
3226.48833	0.04523
3225.52405	0.04514
3224.55977	0.04503
3223.59548	0.04478
3222.6312	0.0445
3221.66692	0.04431
3220.70264	0.04414
3219.73835	0.04388
3218.77407	0.04367
3217.80979	0.04358
3216.84551	0.04346
3215.88123	0.04319
3214.91694	0.04281
3213.95266	0.04256
3212.98838	0.04252
3212.0241	0.04245
3211.05981	0.04223
3210.09553	0.04201
3209.13125	0.04193
3208.16697	0.0419
3207.20269	0.04175
3206.2384	0.04148
3205.27412	0.04116
3204.30984	0.04085
3203.34556	0.0406
3202.38127	0.04037
3201.41699	0.04012
3200.45271	0.03982
3199.48843	0.03949
3198.52415	0.03914
3197.55986	0.03889
3196.59558	0.03878
3195.6313	0.0387
3194.66702	0.03858
3193.70273	0.03844
3192.73845	0.03828
3191.77417	0.03806
3190.80989	0.03782
3189.84561	0.03759
3188.88132	0.03738
3187.91704	0.03711
3186.95276	0.03675
3185.98848	0.03636
3185.02419	0.03601
3184.05991	0.03572
3183.09563	0.03552
3182.13135	0.03542
3181.16707	0.03536
3180.20278	0.03519
3179.2385	0.03482
3178.27422	0.03443
3177.30994	0.03426
3176.34565	0.03427
3175.38137	0.03421
3174.41709	0.03399
3173.45281	0.03368
3172.48853	0.03342
3171.52424	0.03326
3170.55996	0.03311
3169.59568	0.03294
3168.6314	0.03277
3167.66711	0.03258
3166.70283	0.03243
3165.73855	0.03236
3164.77427	0.03234
3163.80999	0.03224
3162.8457	0.03202
3161.88142	0.03173
3160.91714	0.03137
3159.95286	0.031
3158.98857	0.03066
3158.02429	0.03034
3157.06001	0.02997
3156.09573	0.02959
3155.13145	0.02928
3154.16716	0.02907
3153.20288	0.0289
3152.2386	0.0287
3151.27432	0.02847
3150.31003	0.0283
3149.34575	0.02809
3148.38147	0.02775
3147.41719	0.02743
3146.45291	0.02721
3145.48862	0.02698
3144.52434	0.02667
3143.56006	0.02637
3142.59578	0.02614
3141.63149	0.02595
3140.66721	0.02575
3139.70293	0.02553
3138.73865	0.02529
3137.77437	0.02506
3136.81008	0.02484
3135.8458	0.0246
3134.88152	0.0243
3133.91724	0.02386
3132.95295	0.02345
3131.98867	0.02323
3131.02439	0.02307
3130.06011	0.02281
3129.09583	0.0225
3128.13154	0.02222
3127.16726	0.02198
3126.20298	0.02182
3125.2387	0.02167
3124.27441	0.02135
3123.31013	0.02085
3122.34585	0.02049
3121.38157	0.02048
3120.41729	0.02046
3119.453	0.02015
3118.48872	0.01972
3117.52444	0.01938
3116.56016	0.01905
3115.59587	0.01884
3114.63159	0.01886
3113.66731	0.01885
3112.70303	0.01858
3111.73875	0.01822
3110.77446	0.01797
3109.81018	0.01777
3108.8459	0.01755
3107.88162	0.01733
3106.91733	0.01714
3105.95305	0.01698
3104.98877	0.01684
3104.02449	0.01669
3103.06021	0.01647
3102.09592	0.01611
3101.13164	0.01572
3100.16736	0.01547
3099.20308	0.01539
3098.23879	0.01534
3097.27451	0.01513
3096.31023	0.01478
3095.34595	0.01459
3094.38167	0.01459
3093.41738	0.01454
3092.4531	0.0144
3091.48882	0.01428
3090.52454	0.01408
3089.56025	0.01383
3088.59597	0.01359
3087.63169	0.01338
3086.66741	0.01319
3085.70313	0.01303
3084.73884	0.01277
3083.77456	0.01236
3082.81028	0.012
3081.846	0.01181
3080.88171	0.01164
3079.91743	0.01144
3078.95315	0.01131
3077.98887	0.01126
3077.02458	0.0112
3076.0603	0.0111
3075.09602	0.01095
3074.13174	0.01071
3073.16746	0.01048
3072.20317	0.01041
3071.23889	0.01041
3070.27461	0.01031
3069.31033	0.0101
3068.34604	0.00986
3067.38176	0.00966
3066.41748	0.00953
3065.4532	0.00939
3064.48892	0.00924
3063.52463	0.00919
3062.56035	0.00921
3061.59607	0.00919
3060.63179	0.00909
3059.6675	0.00893
3058.70322	0.00877
3057.73894	0.00862
3056.77466	0.00843
3055.81038	0.00828
3054.84609	0.00812
3053.88181	0.00792
3052.91753	0.00777
3051.95325	0.0077
3050.98896	0.00761
3050.02468	0.00747
3049.0604	0.00732
3048.09612	0.00726
3047.13184	0.00726
3046.16755	0.00719
3045.20327	0.00706
3044.23899	0.00701
3043.27471	0.007
3042.31042	0.00689
3041.34614	0.0067
3040.38186	0.00652
3039.41758	0.00638
3038.4533	0.0063
3037.48901	0.00627
3036.52473	0.00621
3035.56045	0.00606
3034.59617	0.00594
3033.63188	0.00589
3032.6676	0.00571
3031.70332	0.0054
3030.73904	0.00527
3029.77476	0.00546
3028.81047	0.00567
3027.84619	0.0057
3026.88191	0.00554
3025.91763	0.00531
3024.95334	0.00521
3023.98906	0.00534
3023.02478	0.00554
3022.0605	0.00561
3021.09622	0.00557
3020.13193	0.00556
3019.16765	0.00569
3018.20337	0.00595
3017.23909	0.00616
3016.2748	0.00615
3015.31052	0.00606
3014.34624	0.00603
3013.38196	0.00598
3012.41768	0.00599
3011.45339	0.00619
3010.48911	0.00654
3009.52483	0.00699
3008.56055	0.00745
3007.59626	0.00782
3006.63198	0.00817
3005.6677	0.00868
3004.70342	0.00941
3003.73914	0.01038
3002.77485	0.01155
3001.81057	0.01262
3000.84629	0.01312
2999.88201	0.01276
2998.91772	0.01149
2997.95344	0.00995
2996.98916	0.00847
2996.02488	0.00712
2995.0606	0.00593
2994.09631	0.00508
2993.13203	0.00456
2992.16775	0.00418
2991.20347	0.00388
2990.23918	0.00366
2989.2749	0.00343
2988.31062	0.00319
2987.34634	0.00304
2986.38206	0.00301
2985.41777	0.00297
2984.45349	0.00294
2983.48921	0.00301
2982.52493	0.00302
2981.56064	0.00282
2980.59636	0.00256
2979.63208	0.00244
2978.6678	0.00247
2977.70352	0.00258
2976.73923	0.0026
2975.77495	0.00239
2974.81067	0.00212
2973.84639	0.0021
2972.8821	0.00223
2971.91782	0.00233
2970.95354	0.00237
2969.98926	0.00237
2969.02498	0.00234
2968.06069	0.00225
2967.09641	0.00211
2966.13213	0.002
2965.16785	0.00202
2964.20356	0.00209
2963.23928	0.00203
2962.275	0.00196
2961.31072	0.00208
2960.34644	0.00229
2959.38215	0.00231
2958.41787	0.00217
2957.45359	0.00209
2956.48931	0.00207
2955.52502	0.00207
2954.56074	0.00208
2953.59646	0.00213
2952.63218	0.00229
2951.6679	0.00251
2950.70361	0.0027
2949.73933	0.00292
2948.77505	0.0032
2947.81077	0.00346
2946.84648	0.00372
2945.8822	0.00409
2944.91792	0.00461
2943.95364	0.00512
2942.98936	0.00554
2942.02507	0.00602
2941.06079	0.0066
2940.09651	0.0068
2939.13223	0.00618
2938.16794	0.00506
2937.20366	0.00404
2936.23938	0.00333
2935.2751	0.00284
2934.31082	0.00239
2933.34653	0.00199
2932.38225	0.0017
2931.41797	0.00154
2930.45369	0.00149
2929.4894	0.00151
2928.52512	0.00153
2927.56084	0.0015
2926.59656	0.00146
2925.63228	0.00147
2924.66799	0.00151
2923.70371	0.00145
2922.73943	0.0013
2921.77515	0.00117
2920.81086	0.00109
2919.84658	0.00107
2918.8823	0.00109
2917.91802	0.00117
2916.95374	0.0013
2915.98945	0.0014
2915.02517	0.00144
2914.06089	0.00135
2913.09661	0.00117
2912.13232	0.0011
2911.16804	0.00119
2910.20376	0.00134
2909.23948	0.00146
2908.2752	0.00143
2907.31091	0.00126
2906.34663	0.00113
2905.38235	0.00112
2904.41807	0.00115
2903.45378	0.00116
2902.4895	0.00121
2901.52522	0.00136
2900.56094	0.00147
2899.59666	0.00142
2898.63237	0.00131
2897.66809	0.00129
2896.70381	0.00135
2895.73953	0.00132
2894.77524	0.00118
2893.81096	0.00107
2892.84668	0.00113
2891.8824	0.00117
2890.91812	0.00107
2889.95383	0.00102
2888.98955	0.00112
2888.02527	0.00115
2887.06099	0.00103
2886.0967	9.8E-4
2885.13242	0.00106
2884.16814	0.00112
2883.20386	0.00112
2882.23958	0.00111
2881.27529	0.00111
2880.31101	0.0011
2879.34673	0.00109
2878.38245	0.00111
2877.41816	0.00113
2876.45388	0.00108
2875.4896	0.00105
2874.52532	0.00104
2873.56104	9.9E-4
2872.59675	9.1E-4
2871.63247	9.1E-4
2870.66819	9.9E-4
2869.70391	0.00106
2868.73962	0.00107
2867.77534	0.00108
2866.81106	0.00108
2865.84678	0.00101
2864.8825	9.3E-4
2863.91821	8.9E-4
2862.95393	8.5E-4
2861.98965	8.3E-4
2861.02537	8.8E-4
2860.06108	9E-4
2859.0968	7.6E-4
2858.13252	5.7E-4
2857.16824	6.1E-4
2856.20396	7.7E-4
2855.23967	8.4E-4
2854.27539	8.5E-4
2853.31111	9E-4
2852.34683	9.5E-4
2851.38254	9.2E-4
2850.41826	8.7E-4
2849.45398	9.4E-4
2848.4897	0.00106
2847.52542	0.00108
2846.56113	9.9E-4
2845.59685	8.3E-4
2844.63257	6.7E-4
2843.66829	6.7E-4
2842.704	7.8E-4
2841.73972	8.7E-4
2840.77544	9.6E-4
2839.81116	0.00106
2838.84688	0.00105
2837.88259	9.4E-4
2836.91831	9.3E-4
2835.95403	9.7E-4
2834.98975	9.5E-4
2834.02546	9.9E-4
2833.06118	0.00108
2832.0969	0.00105
2831.13262	9.2E-4
2830.16833	8.4E-4
2829.20405	8.7E-4
2828.23977	9.2E-4
2827.27549	9.6E-4
2826.31121	9.9E-4
2825.34692	9.5E-4
2824.38264	9.4E-4
2823.41836	9.8E-4
2822.45408	9.7E-4
2821.48979	9E-4
2820.52551	8.6E-4
2819.56123	8.5E-4
2818.59695	8.6E-4
2817.63267	8.4E-4
2816.66838	8.5E-4
2815.7041	9.4E-4
2814.73982	0.00103
2813.77554	0.00101
2812.81125	9.1E-4
2811.84697	8.3E-4
2810.88269	8.5E-4
2809.91841	9.6E-4
2808.95413	1E-3
2807.98984	9.4E-4
2807.02556	8.2E-4
2806.06128	7.6E-4
2805.097	8.3E-4
2804.13271	9.2E-4
2803.16843	9.5E-4
2802.20415	9.7E-4
2801.23987	1E-3
2800.27559	9.6E-4
2799.3113	8.5E-4
2798.34702	7.4E-4
2797.38274	6.9E-4
2796.41846	6.9E-4
2795.45417	7.3E-4
2794.48989	8.5E-4
2793.52561	9.7E-4
2792.56133	9.7E-4
2791.59705	8.4E-4
2790.63276	7.8E-4
2789.66848	8.2E-4
2788.7042	8.2E-4
2787.73992	7.4E-4
2786.77563	7E-4
2785.81135	6.6E-4
2784.84707	6.2E-4
2783.88279	6.7E-4
2782.91851	7.8E-4
2781.95422	8.5E-4
2780.98994	8.7E-4
2780.02566	9E-4
2779.06138	9.3E-4
2778.09709	9.1E-4
2777.13281	9E-4
2776.16853	9E-4
2775.20425	8.5E-4
2774.23997	8E-4
2773.27568	8.2E-4
2772.3114	8.8E-4
2771.34712	7.9E-4
2770.38284	6.3E-4
2769.41855	6.5E-4
2768.45427	8.2E-4
2767.48999	8.9E-4
2766.52571	7.9E-4
2765.56143	6.6E-4
2764.59714	6.2E-4
2763.63286	6.5E-4
2762.66858	6.5E-4
2761.7043	6E-4
2760.74001	6.1E-4
2759.77573	6.9E-4
2758.81145	7.4E-4
2757.84717	7.5E-4
2756.88289	7.5E-4
2755.9186	7.4E-4
2754.95432	7.7E-4
2753.99004	8.7E-4
2753.02576	8.7E-4
2752.06147	7.1E-4
2751.09719	5.4E-4
2750.13291	5.3E-4
2749.16863	5.4E-4
2748.20435	4.5E-4
2747.24006	3.9E-4
2746.27578	5.1E-4
2745.3115	7.3E-4
2744.34722	8.3E-4
2743.38293	8E-4
2742.41865	7.3E-4
2741.45437	6.7E-4
2740.49009	6.6E-4
2739.52581	6.8E-4
2738.56152	7.1E-4
2737.59724	7.8E-4
2736.63296	8.5E-4
2735.66868	8.2E-4
2734.70439	8.2E-4
2733.74011	8.6E-4
2732.77583	8.3E-4
2731.81155	7.9E-4
2730.84727	8.1E-4
2729.88298	8.2E-4
2728.9187	8.2E-4
2727.95442	8.2E-4
2726.99014	8.1E-4
2726.02585	7.9E-4
2725.06157	7.3E-4
2724.09729	6.5E-4
2723.13301	6.3E-4
2722.16873	6.8E-4
2721.20444	7.2E-4
2720.24016	7.1E-4
2719.27588	7.1E-4
2718.3116	7.6E-4
2717.34731	8.1E-4
2716.38303	8.2E-4
2715.41875	8.5E-4
2714.45447	8.8E-4
2713.49019	8.6E-4
2712.5259	7.8E-4
2711.56162	6.9E-4
2710.59734	6.6E-4
2709.63306	6.4E-4
2708.66877	6.7E-4
2707.70449	7.7E-4
2706.74021	8.9E-4
2705.77593	1E-3
2704.81165	0.0011
2703.84736	0.00111
2702.88308	0.00103
2701.9188	0.00101
2700.95452	0.00104
2699.99023	0.00101
2699.02595	9.3E-4
2698.06167	9.4E-4
2697.09739	0.00104
2696.13311	0.00109
2695.16882	0.00107
2694.20454	0.00101
2693.24026	9.2E-4
2692.27598	8.1E-4
2691.31169	7.3E-4
2690.34741	8.1E-4
2689.38313	0.00102
2688.41885	0.00119
2687.45457	0.00123
2686.49028	0.00112
2685.526	9.4E-4
2684.56172	8.5E-4
2683.59744	8.6E-4
2682.63315	8.8E-4
2681.66887	9.4E-4
2680.70459	1E-3
2679.74031	9.7E-4
2678.77603	9E-4
2677.81174	8.9E-4
2676.84746	9.4E-4
2675.88318	9.5E-4
2674.9189	9E-4
2673.95461	8E-4
2672.99033	7.5E-4
2672.02605	8.6E-4
2671.06177	0.00109
2670.09749	0.00132
2669.1332	0.00141
2668.16892	0.00135
2667.20464	0.00125
2666.24036	0.0012
2665.27607	0.00123
2664.31179	0.00127
2663.34751	0.00125
2662.38323	0.00123
2661.41895	0.00124
2660.45466	0.00122
2659.49038	0.00119
2658.5261	0.00116
2657.56182	0.00113
2656.59753	0.00114
2655.63325	0.00122
2654.66897	0.00132
2653.70469	0.00134
2652.74041	0.00124
2651.77612	0.00117
2650.81184	0.00119
2649.84756	0.0012
2648.88328	0.00118
2647.91899	0.00115
2646.95471	0.00108
2645.99043	0.00102
2645.02615	0.00109
2644.06187	0.00124
2643.09758	0.00131
2642.1333	0.00134
2641.16902	0.00143
2640.20474	0.00155
2639.24045	0.00156
2638.27617	0.00144
2637.31189	0.00132
2636.34761	0.00131
2635.38333	0.00134
2634.41904	0.00135
2633.45476	0.00141
2632.49048	0.00149
2631.5262	0.00152
2630.56191	0.00151
2629.59763	0.0015
2628.63335	0.00142
2627.66907	0.00128
2626.70479	0.00116
2625.7405	0.00112
2624.77622	0.00112
2623.81194	0.00108
2622.84766	0.00102
2621.88337	9.7E-4
2620.91909	9.3E-4
2619.95481	9.2E-4
2618.99053	9.7E-4
2618.02625	0.00104
2617.06196	0.00112
2616.09768	0.00124
2615.1334	0.00134
2614.16912	0.0013
2613.20483	0.00119
2612.24055	0.00109
2611.27627	0.00103
2610.31199	9.8E-4
2609.34771	9.5E-4
2608.38342	9.6E-4
2607.41914	0.00105
2606.45486	0.00115
2605.49058	0.0012
2604.52629	0.00123
2603.56201	0.00123
2602.59773	0.0012
2601.63345	0.00122
2600.66917	0.00132
2599.70488	0.0014
2598.7406	0.00135
2597.77632	0.00125
2596.81204	0.00123
2595.84775	0.00128
2594.88347	0.00129
2593.91919	0.00126
2592.95491	0.00133
2591.99063	0.00149
2591.02634	0.00153
2590.06206	0.00143
2589.09778	0.00131
2588.1335	0.00128
2587.16921	0.00136
2586.20493	0.00146
2585.24065	0.0015
2584.27637	0.00146
2583.31208	0.00142
2582.3478	0.00143
2581.38352	0.00146
2580.41924	0.00146
2579.45496	0.00148
2578.49067	0.00152
2577.52639	0.00155
2576.56211	0.00154
2575.59783	0.00152
2574.63354	0.00151
2573.66926	0.00143
2572.70498	0.00135
2571.7407	0.00138
2570.77642	0.00145
2569.81213	0.0015
2568.84785	0.00156
2567.88357	0.00161
2566.91929	0.00157
2565.955	0.0015
2564.99072	0.00156
2564.02644	0.00168
2563.06216	0.00174
2562.09788	0.00179
2561.13359	0.00184
2560.16931	0.00182
2559.20503	0.00176
2558.24075	0.00175
2557.27646	0.00179
2556.31218	0.00179
2555.3479	0.00173
2554.38362	0.00166
2553.41934	0.00164
2552.45505	0.00169
2551.49077	0.0018
2550.52649	0.00184
2549.56221	0.00182
2548.59792	0.00178
2547.63364	0.00175
2546.66936	0.00181
2545.70508	0.00188
2544.7408	0.0019
2543.77651	0.00192
2542.81223	0.00193
2541.84795	0.00187
2540.88367	0.00187
2539.91938	0.00194
2538.9551	0.00199
2537.99082	0.00197
2537.02654	0.00195
2536.06226	0.00199
2535.09797	0.00198
2534.13369	0.00189
2533.16941	0.00183
2532.20513	0.00189
2531.24084	0.00196
2530.27656	0.00195
2529.31228	0.00196
2528.348	0.00204
2527.38372	0.00216
2526.41943	0.00226
2525.45515	0.00233
2524.49087	0.00239
2523.52659	0.00238
2522.5623	0.00229
2521.59802	0.00226
2520.63374	0.00232
2519.66946	0.00233
2518.70518	0.00231
2517.74089	0.00234
2516.77661	0.00245
2515.81233	0.00257
2514.84805	0.00254
2513.88376	0.00243
2512.91948	0.00241
2511.9552	0.00249
2510.99092	0.00256
2510.02664	0.00262
2509.06235	0.00265
2508.09807	0.00269
2507.13379	0.00272
2506.16951	0.00274
2505.20522	0.00271
2504.24094	0.00267
2503.27666	0.00269
2502.31238	0.00279
2501.3481	0.00287
2500.38381	0.00289
2499.41953	0.00287
2498.45525	0.00279
2497.49097	0.00274
2496.52668	0.0028
2495.5624	0.00288
2494.59812	0.00292
2493.63384	0.00292
2492.66956	0.00293
2491.70527	0.00299
2490.74099	0.00309
2489.77671	0.00312
2488.81243	0.00307
2487.84814	0.00308
2486.88386	0.00319
2485.91958	0.00329
2484.9553	0.00335
2483.99102	0.00343
2483.02673	0.00347
2482.06245	0.00342
2481.09817	0.00337
2480.13389	0.00339
2479.1696	0.00344
2478.20532	0.0035
2477.24104	0.00357
2476.27676	0.00362
2475.31248	0.00364
2474.34819	0.00366
2473.38391	0.00365
2472.41963	0.00361
2471.45535	0.00354
2470.49106	0.00344
2469.52678	0.00341
2468.5625	0.00354
2467.59822	0.0037
2466.63394	0.00379
2465.66965	0.00381
2464.70537	0.00386
2463.74109	0.00396
2462.77681	0.00407
2461.81252	0.00412
2460.84824	0.00408
2459.88396	0.00403
2458.91968	0.00409
2457.9554	0.00419
2456.99111	0.00419
2456.02683	0.00417
2455.06255	0.00421
2454.09827	0.00422
2453.13398	0.00422
2452.1697	0.00424
2451.20542	0.00432
2450.24114	0.00441
2449.27686	0.00447
2448.31257	0.0045
2447.34829	0.00448
2446.38401	0.00444
2445.41973	0.00446
2444.45544	0.00449
2443.49116	0.00445
2442.52688	0.00435
2441.5626	0.00424
2440.59832	0.00418
2439.63403	0.00422
2438.66975	0.00433
2437.70547	0.00436
2436.74119	0.00426
2435.7769	0.0042
2434.81262	0.00427
2433.84834	0.00433
2432.88406	0.00433
2431.91978	0.00432
2430.95549	0.00426
2429.99121	0.0042
2429.02693	0.00428
2428.06265	0.0044
2427.09836	0.00442
2426.13408	0.00441
2425.1698	0.00443
2424.20552	0.00447
2423.24124	0.00449
2422.27695	0.00451
2421.31267	0.00454
2420.34839	0.00458
2419.38411	0.00466
2418.41982	0.00478
2417.45554	0.00486
2416.49126	0.00491
2415.52698	0.00499
2414.5627	0.00512
2413.59841	0.00524
2412.63413	0.00526
2411.66985	0.00515
2410.70557	0.00494
2409.74128	0.0047
2408.777	0.00454
2407.81272	0.00451
2406.84844	0.00451
2405.88416	0.00442
2404.91987	0.00428
2403.95559	0.00413
2402.99131	0.00398
2402.02703	0.00385
2401.06274	0.00378
2400.09846	0.00371
2399.13418	0.00343
2398.1699	0.00329
2397.20562	0.00333
2396.24133	0.00343
2395.27705	0.0035
2394.31277	0.00353
2393.34849	0.00358
2392.3842	0.00367
2391.41992	0.00376
2390.45564	0.00382
2389.49136	0.00386
2388.52708	0.00391
2387.56279	0.004
2386.59851	0.00408
2385.63423	0.00413
2384.66995	0.00417
2383.70566	0.00422
2382.74138	0.00427
2381.7771	0.00431
2380.81282	0.00432
2379.84854	0.00433
2378.88425	0.00435
2377.91997	0.00434
2376.95569	0.00429
2375.99141	0.00418
2375.02712	0.00406
2374.06284	0.00395
2373.09856	0.00382
2372.13428	0.0037
2371.17	0.00362
2370.20571	0.00358
2369.24143	0.00351
2368.27715	0.0035
2367.31287	0.00362
2366.34858	0.0038
2365.3843	0.00392
2364.42002	0.00391
2363.45574	0.00382
2362.49146	0.00377
2361.52717	0.00386
2360.56289	0.00397
2359.59861	0.00386
2358.63433	0.0036
2357.67004	0.00351
2356.70576	0.00358
2355.74148	0.0037
2354.7772	0.00379
2353.81292	0.0038
2352.84863	0.00367
2351.88435	0.0035
2350.92007	0.00359
2349.95579	0.00395
2348.9915	0.00419
2348.02722	0.00404
2347.06294	0.00369
2346.09866	0.00345
2345.13438	0.00343
2344.17009	0.00356
2343.20581	0.00372
2342.24153	0.00376
2341.27725	0.00372
2340.31296	0.00359
2339.34868	0.00336
2338.3844	0.00323
2337.42012	0.00316
2336.45583	0.00296
2335.49155	0.00269
2334.52727	0.00259
2333.56299	0.00256
2332.59871	0.00239
2331.63442	0.00218
2330.67014	0.00211
2329.70586	0.00205
2328.74158	0.0018
2327.77729	0.00154
2326.81301	0.00143
2325.84873	0.00137
2324.88445	0.00122
2323.92017	0.00108
2322.95588	0.00109
2321.9916	0.00114
2321.02732	0.00111
2320.06304	0.00111
2319.09875	0.00118
2318.13447	0.00123
2317.17019	0.00125
2316.20591	0.0013
2315.24163	0.00135
2314.27734	0.00136
2313.31306	0.00138
2312.34878	0.00145
2311.3845	0.00155
2310.42021	0.00168
2309.45593	0.00184
2308.49165	0.00202
2307.52737	0.0022
2306.56309	0.00241
2305.5988	0.00271
2304.63452	0.00314
2303.67024	0.00366
2302.70596	0.00418
2301.74167	0.00466
2300.77739	0.00519
2299.81311	0.00583
2298.84883	0.00654
2297.88455	0.00723
2296.92026	0.00784
2295.95598	0.0083
2294.9917	0.00861
2294.02742	0.0088
2293.06313	0.00882
2292.09885	0.00863
2291.13457	0.00827
2290.17029	0.00779
2289.20601	0.00725
2288.24172	0.00671
2287.27744	0.00622
2286.31316	0.00577
2285.34888	0.00537
2284.38459	0.00501
2283.42031	0.00468
2282.45603	0.0044
2281.49175	0.00422
2280.52747	0.00407
2279.56318	0.00396
2278.5989	0.00392
2277.63462	0.00395
2276.67034	0.00402
2275.70605	0.00412
2274.74177	0.00424
2273.77749	0.00445
2272.81321	0.00479
2271.84893	0.00525
2270.88464	0.00583
2269.92036	0.00656
2268.95608	0.00743
2267.9918	0.00843
2267.02751	0.00951
2266.06323	0.01052
2265.09895	0.01133
2264.13467	0.0119
2263.17039	0.0122
2262.2061	0.01219
2261.24182	0.01186
2260.27754	0.01138
2259.31326	0.01096
2258.34897	0.01076
2257.38469	0.01094
2256.42041	0.0117
2255.45613	0.01317
2254.49185	0.01553
2253.52756	0.01912
2252.56328	0.02409
2251.599	0.02876
2250.63472	0.02963
2249.67043	0.02529
2248.70615	0.01911
2247.74187	0.01364
2246.77759	0.00935
2245.81331	0.00614
2244.84902	0.00412
2243.88474	0.0032
2242.92046	0.00292
2241.95618	0.00288
2240.99189	0.00293
2240.02761	0.00305
2239.06333	0.00311
2238.09905	0.00306
2237.13477	0.00301
2236.17048	0.00305
2235.2062	0.00312
2234.24192	0.00314
2233.27764	0.00313
2232.31335	0.00311
2231.34907	0.00315
2230.38479	0.00329
2229.42051	0.0034
2228.45623	0.00341
2227.49194	0.00344
2226.52766	0.00352
2225.56338	0.00352
2224.5991	0.00346
2223.63481	0.00345
2222.67053	0.00349
2221.70625	0.00349
2220.74197	0.00347
2219.77769	0.00352
2218.8134	0.00361
2217.84912	0.00368
2216.88484	0.00366
2215.92056	0.00359
2214.95627	0.00354
2213.99199	0.00352
2213.02771	0.00353
2212.06343	0.00358
2211.09915	0.00363
2210.13486	0.00364
2209.17058	0.0036
2208.2063	0.00351
2207.24202	0.00343
2206.27773	0.00343
2205.31345	0.00347
2204.34917	0.00351
2203.38489	0.00357
2202.42061	0.00368
2201.45632	0.00381
2200.49204	0.00386
2199.52776	0.00385
2198.56348	0.00378
2197.59919	0.00369
2196.63491	0.00359
2195.67063	0.00345
2194.70635	0.00331
2193.74207	0.00328
2192.77778	0.00338
2191.8135	0.00348
2190.84922	0.0035
2189.88494	0.00347
2188.92065	0.00344
2187.95637	0.00343
2186.99209	0.00347
2186.02781	0.00351
2185.06353	0.00353
2184.09924	0.00351
2183.13496	0.00343
2182.17068	0.00332
2181.2064	0.00327
2180.24211	0.00333
2179.27783	0.00336
2178.31355	0.00335
2177.34927	0.0034
2176.38499	0.00343
2175.4207	0.00339
2174.45642	0.00332
2173.49214	0.00327
2172.52786	0.00326
2171.56357	0.00328
2170.59929	0.00325
2169.63501	0.00319
2168.67073	0.00315
2167.70645	0.00316
2166.74216	0.00319
2165.77788	0.00321
2164.8136	0.00314
2163.84932	0.00302
2162.88503	0.00295
2161.92075	0.00288
2160.95647	0.00284
2159.99219	0.00287
2159.02791	0.00285
2158.06362	0.00273
2157.09934	0.00269
2156.13506	0.00286
2155.17078	0.003
2154.20649	0.00295
2153.24221	0.00282
2152.27793	0.00278
2151.31365	0.00286
2150.34937	0.0029
2149.38508	0.00279
2148.4208	0.00261
2147.45652	0.0025
2146.49224	0.00246
2145.52795	0.00249
2144.56367	0.00258
2143.59939	0.00265
2142.63511	0.00267
2141.67083	0.00268
2140.70654	0.00265
2139.74226	0.00256
2138.77798	0.00247
2137.8137	0.00239
2136.84941	0.00224
2135.88513	0.00219
2134.92085	0.00233
2133.95657	0.00247
2132.99229	0.0025
2132.028	0.00248
2131.06372	0.00246
2130.09944	0.00241
2129.13516	0.0023
2128.17087	0.00217
2127.20659	0.00211
2126.24231	0.00211
2125.27803	0.00209
2124.31375	0.00206
2123.34946	0.00214
2122.38518	0.00228
2121.4209	0.00232
2120.45662	0.00222
2119.49233	0.00211
2118.52805	0.00207
2117.56377	0.00206
2116.59949	0.00195
2115.63521	0.00168
2114.67092	0.00153
2113.70664	0.00168
2112.74236	0.0019
2111.77808	0.00194
2110.81379	0.00187
2109.84951	0.00185
2108.88523	0.00183
2107.92095	0.0018
2106.95667	0.00182
2105.99238	0.0019
2105.0281	0.0019
2104.06382	0.00184
2103.09954	0.00183
2102.13525	0.00184
2101.17097	0.00176
2100.20669	0.00161
2099.24241	0.00158
2098.27813	0.0016
2097.31384	0.00159
2096.34956	0.00155
2095.38528	0.00153
2094.421	0.00155
2093.45671	0.00154
2092.49243	0.00151
2091.52815	0.00144
2090.56387	0.00134
2089.59958	0.00127
2088.6353	0.00129
2087.67102	0.00135
2086.70674	0.00142
2085.74246	0.00145
2084.77817	0.00142
2083.81389	0.00143
2082.84961	0.00151
2081.88533	0.00162
2080.92104	0.00167
2079.95676	0.0016
2078.99248	0.00148
2078.0282	0.00138
2077.06392	0.00134
2076.09963	0.00135
2075.13535	0.00136
2074.17107	0.00138
2073.20679	0.00138
2072.2425	0.00137
2071.27822	0.00139
2070.31394	0.00148
2069.34966	0.00157
2068.38538	0.0016
2067.42109	0.00157
2066.45681	0.00151
2065.49253	0.00135
2064.52825	0.00123
2063.56396	0.00125
2062.59968	0.0013
2061.6354	0.00128
2060.67112	0.00122
2059.70684	0.00121
2058.74255	0.00123
2057.77827	0.00126
2056.81399	0.00132
2055.84971	0.00135
2054.88542	0.00131
2053.92114	0.00125
2052.95686	0.00125
2051.99258	0.00127
2051.0283	0.00128
2050.06401	0.00128
2049.09973	0.00129
2048.13545	0.0013
2047.17117	0.00128
2046.20688	0.00122
2045.2426	0.00116
2044.27832	0.00115
2043.31404	0.00123
2042.34976	0.00125
2041.38547	0.00118
2040.42119	0.00117
2039.45691	0.0012
2038.49263	0.00118
2037.52834	0.00111
2036.56406	0.00106
2035.59978	0.00108
2034.6355	0.00113
2033.67122	0.00115
2032.70693	0.00116
2031.74265	0.0012
2030.77837	0.00123
2029.81409	0.00124
2028.8498	0.00128
2027.88552	0.00127
2026.92124	0.0012
2025.95696	0.00115
2024.99268	0.00111
2024.02839	0.00106
2023.06411	0.00104
2022.09983	0.00109
2021.13555	0.00117
2020.17126	0.00125
2019.20698	0.00133
2018.2427	0.00136
2017.27842	0.00128
2016.31414	0.00124
2015.34985	0.00131
2014.38557	0.0013
2013.42129	0.00125
2012.45701	0.00122
2011.49272	0.00121
2010.52844	0.00119
2009.56416	0.00118
2008.59988	0.00118
2007.6356	0.00115
2006.67131	0.00112
2005.70703	0.00114
2004.74275	0.00118
2003.77847	0.00122
2002.81418	0.00125
2001.8499	0.00128
2000.88562	0.00133
1999.92134	0.00135
1998.95706	0.00132
1997.99277	0.00131
1997.02849	0.0013
1996.06421	0.00128
1995.09993	0.00135
1994.13564	0.00146
1993.17136	0.00129
1992.20708	8.6E-4
1991.2428	8.9E-4
1990.27852	0.00129
1989.31423	0.00139
1988.34995	0.00129
1987.38567	0.00134
1986.42139	0.00148
1985.4571	0.00151
1984.49282	0.00151
1983.52854	0.00153
1982.56426	0.00153
1981.59998	0.00146
1980.63569	0.00139
1979.67141	0.00136
1978.70713	0.00135
1977.74285	0.00134
1976.77856	0.00136
1975.81428	0.00141
1974.85	0.00149
1973.88572	0.0015
1972.92144	0.00145
1971.95715	0.0014
1970.99287	0.00143
1970.02859	0.00156
1969.06431	0.00171
1968.10002	0.00159
1967.13574	0.00135
1966.17146	0.00129
1965.20718	0.00136
1964.2429	0.00137
1963.27861	0.00139
1962.31433	0.00147
1961.35005	0.00155
1960.38577	0.0017
1959.42148	0.00191
1958.4572	0.00197
1957.49292	0.0018
1956.52864	0.00158
1955.56436	0.00148
1954.60007	0.00147
1953.63579	0.00148
1952.67151	0.00146
1951.70723	0.00144
1950.74294	0.00143
1949.77866	0.00146
1948.81438	0.00153
1947.8501	0.0016
1946.88582	0.00159
1945.92153	0.00156
1944.95725	0.00178
1943.99297	0.0018
1943.02869	0.00115
1942.0644	7.7E-4
1941.10012	0.00115
1940.13584	0.00139
1939.17156	0.00137
1938.20728	0.00139
1937.24299	0.00144
1936.27871	0.00148
1935.31443	0.00151
1934.35015	0.00152
1933.38586	0.00154
1932.42158	0.0016
1931.4573	0.00163
1930.49302	0.00154
1929.52874	0.00139
1928.56445	0.00132
1927.60017	0.00137
1926.63589	0.00146
1925.67161	0.00161
1924.70732	0.0017
1923.74304	0.00149
1922.77876	0.00116
1921.81448	0.00124
1920.8502	0.00157
1919.88591	0.00165
1918.92163	0.00106
1917.95735	5.5E-4
1916.99307	0.00106
1916.02878	0.00159
1915.0645	0.00154
1914.10022	0.00142
1913.13594	0.00142
1912.17166	0.00154
1911.20737	0.0016
1910.24309	0.00153
1909.27881	0.00148
1908.31453	0.00148
1907.35024	0.00149
1906.38596	0.00157
1905.42168	0.0016
1904.4574	0.00155
1903.49312	0.00155
1902.52883	0.00158
1901.56455	0.00159
1900.60027	0.0016
1899.63599	0.00162
1898.6717	0.00165
1897.70742	0.00169
1896.74314	0.00169
1895.77886	0.00149
1894.81458	0.00132
1893.85029	0.00139
1892.88601	0.00157
1891.92173	0.00183
1890.95745	0.00186
1889.99316	0.0014
1889.02888	0.00122
1888.0646	0.00161
1887.10032	0.0018
1886.13604	0.00171
1885.17175	0.00166
1884.20747	0.0017
1883.24319	0.00179
1882.27891	0.00184
1881.31462	0.00182
1880.35034	0.00182
1879.38606	0.00183
1878.42178	0.00183
1877.4575	0.00176
1876.49321	0.00172
1875.52893	0.00177
1874.56465	0.00187
1873.60037	0.00195
1872.63608	0.00202
1871.6718	0.00209
1870.70752	0.00178
1869.74324	0.0012
1868.77896	0.00114
1867.81467	0.00165
1866.85039	0.00197
1865.88611	0.00201
1864.92183	0.00205
1863.95754	0.00209
1862.99326	0.00215
1862.02898	0.00216
1861.0647	0.00209
1860.10042	0.00197
1859.13613	0.00185
1858.17185	0.00181
1857.20757	0.00189
1856.24329	0.00201
1855.279	0.00209
1854.31472	0.0021
1853.35044	0.00205
1852.38616	0.00199
1851.42188	0.00204
1850.45759	0.00222
1849.49331	0.00234
1848.52903	0.00219
1847.56475	0.00211
1846.60046	0.00217
1845.63618	0.00146
1844.6719	2.4E-4
1843.70762	5.5E-4
1842.74333	0.00198
1841.77905	0.00241
1840.81477	0.00213
1839.85049	0.00201
1838.88621	0.00204
1837.92192	0.002
1836.95764	0.002
1835.99336	0.00212
1835.02908	0.00224
1834.06479	0.00234
1833.10051	0.00262
1832.13623	0.00296
1831.17195	0.00273
1830.20767	0.00203
1829.24338	0.00201
1828.2791	0.00271
1827.31482	0.003
1826.35054	0.00227
1825.38625	0.00139
1824.42197	0.00156
1823.45769	0.00228
1822.49341	0.00257
1821.52913	0.00261
1820.56484	0.00268
1819.60056	0.00266
1818.63628	0.0024
1817.672	0.00209
1816.70771	0.00213
1815.74343	0.00244
1814.77915	0.00267
1813.81487	0.00281
1812.85059	0.0029
1811.8863	0.00282
1810.92202	0.00262
1809.95774	0.00265
1808.99346	0.00279
1808.02917	0.00271
1807.06489	0.00256
1806.10061	0.00256
1805.13633	0.00262
1804.17205	0.00241
1803.20776	0.00163
1802.24348	7E-4
1801.2792	4.8E-4
1800.31492	9.9E-4
1799.35063	0.00178
1798.38635	0.0025
1797.42207	0.00278
1796.45779	0.00263
1795.49351	0.00254
1794.52922	0.00248
1793.56494	0.00205
1792.60066	0.00155
1791.63638	0.0015
1790.67209	0.00173
1789.70781	0.00202
1788.74353	0.00223
1787.77925	0.00219
1786.81497	0.00165
1785.85068	6.7E-4
1784.8864	1.5E-4
1783.92212	8.3E-4
1782.95784	0.00197
1781.99355	0.00245
1781.02927	0.00229
1780.06499	0.00218
1779.10071	0.00236
1778.13643	0.00253
1777.17214	0.00248
1776.20786	0.00226
1775.24358	0.00218
1774.2793	0.00226
1773.31501	0.00239
1772.35073	0.00256
1771.38645	0.00272
1770.42217	0.00237
1769.45789	0.00126
1768.4936	2E-4
1767.52932	3.6E-4
1766.56504	0.00143
1765.60076	0.00232
1764.63647	0.00269
1763.67219	0.00263
1762.70791	0.00229
1761.74363	0.00213
1760.77935	0.00248
1759.81506	0.00283
1758.85078	0.00269
1757.8865	0.00219
1756.92222	0.00184
1755.95793	0.00204
1754.99365	0.00249
1754.02937	0.00268
1753.06509	0.00246
1752.10081	0.0021
1751.13652	0.00215
1750.17224	0.00269
1749.20796	0.00303
1748.24368	0.00303
1747.27939	0.00307
1746.31511	0.00325
1745.35083	0.00337
1744.38655	0.00328
1743.42227	0.00316
1742.45798	0.00327
1741.4937	0.00342
1740.52942	0.00334
1739.56514	0.00333
1738.60085	0.00364
1737.63657	0.00395
1736.67229	0.00399
1735.70801	0.0038
1734.74373	0.00362
1733.77944	0.00399
1732.81516	0.0048
1731.85088	0.00509
1730.8866	0.00455
1729.92231	0.00392
1728.95803	0.0038
1727.99375	0.00402
1727.02947	0.00423
1726.06519	0.00437
1725.1009	0.00442
1724.13662	0.00437
1723.17234	0.00435
1722.20806	0.00451
1721.24377	0.00479
1720.27949	0.00492
1719.31521	0.00473
1718.35093	0.00463
1717.38665	0.00514
1716.42236	0.0057
1715.45808	0.00545
1714.4938	0.00487
1713.52952	0.00475
1712.56523	0.00494
1711.60095	0.00509
1710.63667	0.00517
1709.67239	0.00539
1708.70811	0.00571
1707.74382	0.00581
1706.77954	0.00561
1705.81526	0.00538
1704.85098	0.00529
1703.88669	0.00533
1702.92241	0.00508
1701.95813	0.00398
1700.99385	0.00277
1700.02957	0.00323
1699.06528	0.00548
1698.101	0.00691
1697.13672	0.00676
1696.17244	0.00642
1695.20815	0.00695
1694.24387	0.00769
1693.27959	0.00773
1692.31531	0.00742
1691.35103	0.00723
1690.38674	0.00722
1689.42246	0.00737
1688.45818	0.00777
1687.4939	0.00843
1686.52961	0.00906
1685.56533	0.00929
1684.60105	0.00923
1683.63677	0.00931
1682.67249	0.00961
1681.7082	0.00963
1680.74392	0.00927
1679.77964	0.00906
1678.81536	0.00936
1677.85107	0.00979
1676.88679	0.0099
1675.92251	0.00978
1674.95823	0.01004
1673.99395	0.01078
1673.02966	0.01114
1672.06538	0.01095
1671.1011	0.01057
1670.13682	0.01014
1669.17253	0.00984
1668.20825	0.01004
1667.24397	0.01041
1666.27969	0.01054
1665.31541	0.01043
1664.35112	0.0101
1663.38684	0.00963
1662.42256	0.0094
1661.45828	0.00948
1660.49399	0.00946
1659.52971	0.00922
1658.56543	0.00898
1657.60115	0.00888
1656.63687	0.00884
1655.67258	0.00852
1654.7083	0.00766
1653.74402	0.00669
1652.77974	0.00691
1651.81545	0.00864
1650.85117	0.00971
1649.88689	0.00916
1648.92261	0.00793
1647.95833	0.00696
1646.99404	0.00661
1646.02976	0.00696
1645.06548	0.00761
1644.1012	0.00782
1643.13691	0.00749
1642.17263	0.00706
1641.20835	0.00685
1640.24407	0.00685
1639.27979	0.00691
1638.3155	0.00683
1637.35122	0.00657
1636.38694	0.00615
1635.42266	0.006
1634.45837	0.00646
1633.49409	0.00691
1632.52981	0.00683
1631.56553	0.00657
1630.60125	0.00643
1629.63696	0.0063
1628.67268	0.00602
1627.7084	0.00582
1626.74412	0.00598
1625.77983	0.00621
1624.81555	0.00612
1623.85127	0.00582
1622.88699	0.00578
1621.92271	0.006
1620.95842	0.0061
1619.99414	0.00609
1619.02986	0.00604
1618.06558	0.00594
1617.10129	0.00612
1616.13701	0.0068
1615.17273	0.00741
1614.20845	0.00723
1613.24417	0.00671
1612.27988	0.00643
1611.3156	0.00645
1610.35132	0.00658
1609.38704	0.0067
1608.42275	0.00677
1607.45847	0.00676
1606.49419	0.00669
1605.52991	0.00663
1604.56563	0.00656
1603.60134	0.00646
1602.63706	0.00641
1601.67278	0.00642
1600.7085	0.00646
1599.74421	0.00649
1598.77993	0.00647
1597.81565	0.00644
1596.85137	0.00643
1595.88708	0.00642
1594.9228	0.00641
1593.95852	0.00641
1592.99424	0.00642
1592.02996	0.00641
1591.06567	0.00638
1590.10139	0.00637
1589.13711	0.00638
1588.17283	0.00641
1587.20854	0.0064
1586.24426	0.00637
1585.27998	0.00629
1584.3157	0.00615
1583.35142	0.00594
1582.38713	0.00569
1581.42285	0.00549
1580.45857	0.00541
1579.49429	0.00543
1578.53	0.0054
1577.56572	0.0052
1576.60144	0.00506
1575.63716	0.0053
1574.67288	0.00558
1573.70859	0.00527
1572.74431	0.00472
1571.78003	0.00428
1570.81575	0.00381
1569.85146	0.00336
1568.88718	0.00337
1567.9229	0.00371
1566.95862	0.00373
1565.99434	0.00328
1565.03005	0.00276
1564.06577	0.00265
1563.10149	0.003
1562.13721	0.00347
1561.17292	0.00382
1560.20864	0.00408
1559.24436	0.00415
1558.28008	0.00405
1557.3158	0.00411
1556.35151	0.00376
1555.38723	0.00265
1554.42295	0.00173
1553.45867	0.00178
1552.49438	0.00214
1551.5301	0.00198
1550.56582	0.0014
1549.60154	0.00107
1548.63726	0.00128
1547.67297	0.00161
1546.70869	0.00161
1545.74441	0.00136
1544.78013	0.00134
1543.81584	0.00165
1542.85156	0.0021
1541.88728	0.00278
1540.923	0.00336
1539.95872	0.00331
1538.99443	0.00316
1538.03015	0.0033
1537.06587	0.00309
1536.10159	0.00238
1535.1373	0.00155
1534.17302	9.6E-4
1533.20874	9.5E-4
1532.24446	0.00147
1531.28018	0.00202
1530.31589	0.0023
1529.35161	0.00224
1528.38733	0.00196
1527.42305	0.0017
1526.45876	0.00154
1525.49448	0.00165
1524.5302	0.00214
1523.56592	0.00248
1522.60164	0.00225
1521.63735	0.00189
1520.67307	0.00205
1519.70879	0.00264
1518.74451	0.00277
1517.78022	0.0022
1516.81594	0.00171
1515.85166	0.0019
1514.88738	0.00243
1513.9231	0.00277
1512.95881	0.00278
1511.99453	0.0028
1511.03025	0.00301
1510.06597	0.00315
1509.10168	0.00303
1508.1374	0.00261
1507.17312	0.00203
1506.20884	0.00208
1505.24456	0.00309
1504.28027	0.00393
1503.31599	0.00375
1502.35171	0.00311
1501.38743	0.00271
1500.42314	0.00255
1499.45886	0.00251
1498.49458	0.00275
1497.5303	0.00319
1496.56602	0.00356
1495.60173	0.00408
1494.63745	0.00463
1493.67317	0.00484
1492.70889	0.00474
1491.7446	0.00441
1490.78032	0.00399
1489.81604	0.00389
1488.85176	0.00424
1487.88748	0.0046
1486.92319	0.00492
1485.95891	0.00533
1484.99463	0.00568
1484.03035	0.00587
1483.06606	0.00593
1482.10178	0.0059
1481.1375	0.00592
1480.17322	0.0061
1479.20894	0.00632
1478.24465	0.00631
1477.28037	0.00599
1476.31609	0.00579
1475.35181	0.00611
1474.38752	0.00657
1473.42324	0.00677
1472.45896	0.00693
1471.49468	0.0074
1470.5304	0.00798
1469.56611	0.00829
1468.60183	0.00845
1467.63755	0.00864
1466.67327	0.0088
1465.70898	0.00892
1464.7447	0.00948
1463.78042	0.01077
1462.81614	0.01235
1461.85186	0.014
1460.88757	0.01587
1459.92329	0.01813
1458.95901	0.02141
1457.99473	0.02716
1457.03044	0.03701
1456.06616	0.05014
1455.10188	0.06213
1454.1376	0.06822
1453.17332	0.06651
1452.20903	0.05886
1451.24475	0.04944
1450.28047	0.04155
1449.31619	0.03611
1448.3519	0.03274
1447.38762	0.03091
1446.42334	0.02994
1445.45906	0.02902
1444.49478	0.02787
1443.53049	0.02651
1442.56621	0.02506
1441.60193	0.02362
1440.63765	0.0223
1439.67336	0.02105
1438.70908	0.01957
1437.7448	0.01775
1436.78052	0.01645
1435.81624	0.01653
1434.85195	0.01714
1433.88767	0.01725
1432.92339	0.01712
1431.95911	0.0171
1430.99482	0.01711
1430.03054	0.01723
1429.06626	0.01782
1428.10198	0.01876
1427.1377	0.01976
1426.17341	0.02082
1425.20913	0.02193
1424.24485	0.02348
1423.28057	0.0263
1422.31628	0.03061
1421.352	0.03526
1420.38772	0.03843
1419.42344	0.0388
1418.45916	0.03625
1417.49487	0.03184
1416.53059	0.0275
1415.56631	0.02451
1414.60203	0.02263
1413.63774	0.02127
1412.67346	0.02025
1411.70918	0.01957
1410.7449	0.01922
1409.78062	0.01892
1408.81633	0.01821
1407.85205	0.01683
1406.88777	0.01486
1405.92349	0.0125
1404.9592	0.01036
1403.99492	0.00902
1403.03064	0.00823
1402.06636	0.00753
1401.10208	0.00677
1400.13779	0.00573
1399.17351	0.00472
1398.20923	0.00442
1397.24495	0.00443
1396.28066	0.00384
1395.31638	0.00274
1394.3521	0.00233
1393.38782	0.00303
1392.42354	0.00358
1391.45925	0.00353
1390.49497	0.00347
1389.53069	0.00344
1388.56641	0.00311
1387.60212	0.0031
1386.63784	0.00428
1385.67356	0.00598
1384.70928	0.00716
1383.745	0.00787
1382.78071	0.00857
1381.81643	0.00959
1380.85215	0.01117
1379.88787	0.01342
1378.92358	0.01612
1377.9593	0.01853
1376.99502	0.01986
1376.03074	0.01988
1375.06646	0.01923
1374.10217	0.01873
1373.13789	0.01872
1372.17361	0.01847
1371.20933	0.01713
1370.24504	0.01476
1369.28076	0.01208
1368.31648	0.00977
1367.3522	0.0081
1366.38792	0.00684
1365.42363	0.00581
1364.45935	0.00469
1363.49507	0.00333
1362.53079	0.00229
1361.5665	0.00179
1360.60222	0.00185
1359.63794	0.00239
1358.67366	0.00274
1357.70938	0.00269
1356.74509	0.00252
1355.78081	0.0023
1354.81653	0.00215
1353.85225	0.0022
1352.88796	0.00223
1351.92368	0.00216
1350.9594	0.00211
1349.99512	0.00212
1349.03083	0.00216
1348.06655	0.00219
1347.10227	0.00218
1346.13799	0.0021
1345.17371	0.00204
1344.20942	0.00208
1343.24514	0.00227
1342.28086	0.00247
1341.31658	0.00237
1340.35229	0.00211
1339.38801	0.00201
1338.42373	0.00211
1337.45945	0.00206
1336.49517	0.00186
1335.53088	0.00191
1334.5666	0.0021
1333.60232	0.00223
1332.63804	0.00224
1331.67375	0.00209
1330.70947	0.0019
1329.74519	0.00183
1328.78091	0.0019
1327.81663	0.00198
1326.85234	0.002
1325.88806	0.00197
1324.92378	0.0019
1323.9595	0.0018
1322.99521	0.00177
1322.03093	0.0019
1321.06665	0.0021
1320.10237	0.00216
1319.13809	0.0021
1318.1738	0.00203
1317.20952	0.00199
1316.24524	0.00201
1315.28096	0.00209
1314.31667	0.00212
1313.35239	0.00213
1312.38811	0.00216
1311.42383	0.00222
1310.45955	0.0022
1309.49526	0.00211
1308.53098	0.00199
1307.5667	0.00194
1306.60242	0.00201
1305.63813	0.00209
1304.67385	0.00213
1303.70957	0.00217
1302.74529	0.0022
1301.78101	0.00218
1300.81672	0.00212
1299.85244	0.00205
1298.88816	0.00197
1297.92388	0.00189
1296.95959	0.00181
1295.99531	0.00179
1295.03103	0.00186
1294.06675	0.00193
1293.10247	0.00192
1292.13818	0.00187
1291.1739	0.00185
1290.20962	0.00191
1289.24534	0.00201
1288.28105	0.00203
1287.31677	0.00199
1286.35249	0.00194
1285.38821	0.00189
1284.42393	0.00185
1283.45964	0.00181
1282.49536	0.00179
1281.53108	0.00181
1280.5668	0.00181
1279.60251	0.00178
1278.63823	0.00176
1277.67395	0.00176
1276.70967	0.00175
1275.74539	0.00177
1274.7811	0.00185
1273.81682	0.00189
1272.85254	0.00186
1271.88826	0.00184
1270.92397	0.0019
1269.95969	0.00198
1268.99541	0.00204
1268.03113	0.00207
1267.06685	0.00213
1266.10256	0.00232
1265.13828	0.00264
1264.174	0.00298
1263.20972	0.00323
1262.24543	0.00336
1261.28115	0.00338
1260.31687	0.00329
1259.35259	0.00316
1258.38831	0.00303
1257.42402	0.00293
1256.45974	0.0028
1255.49546	0.00262
1254.53118	0.00245
1253.56689	0.00239
1252.60261	0.00238
1251.63833	0.00233
1250.67405	0.00231
1249.70977	0.00236
1248.74548	0.0024
1247.7812	0.0024
1246.81692	0.00239
1245.85264	0.00235
1244.88835	0.00231
1243.92407	0.00239
1242.95979	0.00253
1241.99551	0.00261
1241.03123	0.00259
1240.06694	0.00253
1239.10266	0.00249
1238.13838	0.00252
1237.1741	0.00257
1236.20981	0.00259
1235.24553	0.00261
1234.28125	0.00266
1233.31697	0.00268
1232.35269	0.00273
1231.3884	0.0028
1230.42412	0.00282
1229.45984	0.0028
1228.49556	0.00282
1227.53127	0.00288
1226.56699	0.00284
1225.60271	0.00272
1224.63843	0.00267
1223.67415	0.00276
1222.70986	0.00288
1221.74558	0.00295
1220.7813	0.003
1219.81702	0.003
1218.85273	0.00289
1217.88845	0.00274
1216.92417	0.00267
1215.95989	0.00266
1214.99561	0.00266
1214.03132	0.00268
1213.06704	0.00267
1212.10276	0.00263
1211.13848	0.00264
1210.17419	0.00268
1209.20991	0.00271
1208.24563	0.00276
1207.28135	0.00286
1206.31707	0.00295
1205.35278	0.00298
1204.3885	0.00294
1203.42422	0.00281
1202.45994	0.00266
1201.49565	0.00262
1200.53137	0.00283
1199.56709	0.00333
1198.60281	0.0032
1197.63853	0.00318
1196.67424	0.00332
1195.70996	0.00343
1194.74568	0.00354
1193.7814	0.00362
1192.81711	0.00357
1191.85283	0.00348
1190.88855	0.00346
1189.92427	0.00347
1188.95999	0.00343
1187.9957	0.00339
1187.03142	0.0034
1186.06714	0.00353
1185.10286	0.00371
1184.13857	0.00378
1183.17429	0.00379
1182.21001	0.00387
1181.24573	0.00393
1180.28145	0.00386
1179.31716	0.00378
1178.35288	0.00372
1177.3886	0.00366
1176.42432	0.00352
1175.46003	0.00328
1174.49575	0.00312
1173.53147	0.00324
1172.56719	0.00346
1171.60291	0.00352
1170.63862	0.00353
1169.67434	0.00367
1168.71006	0.00378
1167.74578	0.00375
1166.78149	0.00371
1165.81721	0.00376
1164.85293	0.0038
1163.88865	0.00375
1162.92437	0.00369
1161.96008	0.00369
1160.9958	0.00378
1160.03152	0.00384
1159.06724	0.0038
1158.10295	0.00375
1157.13867	0.00375
1156.17439	0.00372
1155.21011	0.00367
1154.24583	0.00366
1153.28154	0.00369
1152.31726	0.00369
1151.35298	0.00365
1150.3887	0.00358
1149.42441	0.00349
1148.46013	0.00349
1147.49585	0.00367
1146.53157	0.00386
1145.56729	0.00392
1144.603	0.00384
1143.63872	0.00366
1142.67444	0.00349
1141.71016	0.00357
1140.74587	0.00381
1139.78159	0.00391
1138.81731	0.00389
1137.85303	0.00391
1136.88875	0.00391
1135.92446	0.00374
1134.96018	0.00359
1133.9959	0.00364
1133.03162	0.0038
1132.06733	0.00397
1131.10305	0.00412
1130.13877	0.00424
1129.17449	0.00432
1128.21021	0.00431
1127.24592	0.00432
1126.28164	0.00439
1125.31736	0.00442
1124.35308	0.00442
1123.38879	0.00444
1122.42451	0.00443
1121.46023	0.00444
1120.49595	0.00448
1119.53167	0.0045
1118.56738	0.00459
1117.6031	0.00474
1116.63882	0.00478
1115.67454	0.00468
1114.71025	0.00461
1113.74597	0.00468
1112.78169	0.00482
1111.81741	0.00483
1110.85313	0.00467
1109.88884	0.00458
1108.92456	0.00463
1107.96028	0.0047
1106.996	0.0048
1106.03171	0.00502
1105.06743	0.00519
1104.10315	0.0052
1103.13887	0.00507
1102.17458	0.00485
1101.2103	0.00462
1100.24602	0.00456
1099.28174	0.00469
1098.31746	0.0048
1097.35317	0.00473
1096.38889	0.00455
1095.42461	0.00442
1094.46033	0.00446
1093.49604	0.00467
1092.53176	0.00483
1091.56748	0.00476
1090.6032	0.00466
1089.63892	0.00467
1088.67463	0.00466
1087.71035	0.00454
1086.74607	0.00443
1085.78179	0.0044
1084.8175	0.00445
1083.85322	0.00459
1082.88894	0.00471
1081.92466	0.00472
1080.96038	0.00469
1079.99609	0.00466
1079.03181	0.00461
1078.06753	0.00463
1077.10325	0.00474
1076.13896	0.00478
1075.17468	0.00467
1074.2104	0.00453
1073.24612	0.00449
1072.28184	0.00449
1071.31755	0.0044
1070.35327	0.00421
1069.38899	0.00415
1068.42471	0.0042
1067.46042	0.00418
1066.49614	0.00409
1065.53186	0.00409
1064.56758	0.00409
1063.6033	0.0041
1062.63901	0.00422
1061.67473	0.00442
1060.71045	0.00462
1059.74617	0.00487
1058.78188	0.00513
1057.8176	0.00533
1056.85332	0.00558
1055.88904	0.00596
1054.92476	0.00656
1053.96047	0.00746
1052.99619	0.00881
1052.03191	0.01107
1051.06763	0.01499
1050.10334	0.02153
1049.13906	0.03062
1048.17478	0.03857
1047.2105	0.04049
1046.24622	0.03718
1045.28193	0.03374
1044.31765	0.03268
1043.35337	0.0334
1042.38909	0.03483
1041.4248	0.03637
1040.46052	0.03786
1039.49624	0.0394
1038.53196	0.04191
1037.56768	0.04599
1036.60339	0.04809
1035.63911	0.04313
1034.67483	0.03291
1033.71055	0.02359
1032.74626	0.01752
1031.78198	0.01363
1030.8177	0.01077
1029.85342	0.00841
1028.88914	0.00648
1027.92485	0.00501
1026.96057	0.00399
1025.99629	0.00328
1025.03201	0.00277
1024.06772	0.00244
1023.10344	0.00233
1022.13916	0.00227
1021.17488	0.00213
1020.2106	0.00196
1019.24631	0.00196
1018.28203	0.00207
1017.31775	0.00206
1016.35347	0.00189
1015.38918	0.0018
1014.4249	0.00186
1013.46062	0.0019
1012.49634	0.0019
1011.53206	0.00201
1010.56777	0.00216
1009.60349	0.00222
1008.63921	0.00228
1007.67493	0.0024
1006.71064	0.00247
1005.74636	0.00243
1004.78208	0.00237
1003.8178	0.00238
1002.85352	0.00246
1001.88923	0.00257
1000.92495	0.00268
999.96067	0.00276
998.99639	0.00281
998.0321	0.0029
997.06782	0.00305
996.10354	0.00316
995.13926	0.00317
994.17498	0.00315
993.21069	0.00319
992.24641	0.00323
991.28213	0.00324
990.31785	0.00326
989.35356	0.00336
988.38928	0.00349
987.425	0.00357
986.46072	0.00372
985.49644	0.00405
984.53215	0.00427
983.56787	0.0042
982.60359	0.00414
981.63931	0.00429
980.67502	0.00446
979.71074	0.00453
978.74646	0.00464
977.78218	0.00485
976.8179	0.00507
975.85361	0.0053
974.88933	0.00554
973.92505	0.00566
972.96077	0.0057
971.99648	0.00579
971.0322	0.00591
970.06792	0.00612
969.10364	0.00646
968.13936	0.00684
967.17507	0.00713
966.21079	0.00729
965.24651	0.00743
964.28223	0.00775
963.31794	0.0082
962.35366	0.00846
961.38938	0.00849
960.4251	0.00863
959.46082	0.00916
958.49653	0.00984
957.53225	0.01028
956.56797	0.0105
955.60369	0.01072
954.6394	0.01109
953.67512	0.01145
952.71084	0.01176
951.74656	0.01212
950.78228	0.01246
949.81799	0.01275
948.85371	0.0132
947.88943	0.01386
946.92515	0.01451
945.96086	0.01483
944.99658	0.01513
944.0323	0.01588
943.06802	0.01676
942.10374	0.01722
941.13945	0.01725
940.17517	0.01725
939.21089	0.01766
938.24661	0.01862
937.28232	0.01959
936.31804	0.02008
935.35376	0.0203
934.38948	0.02067
933.4252	0.02131
932.46091	0.02219
931.49663	0.02312
930.53235	0.02422
929.56807	0.02582
928.60378	0.02782
927.6395	0.02986
926.67522	0.03162
925.71094	0.03324
924.74666	0.03508
923.78237	0.03708
922.81809	0.03875
921.85381	0.04009
920.88953	0.04141
919.92524	0.0429
918.96096	0.0443
917.99668	0.04436
917.0324	0.04184
916.06812	0.0377
915.10383	0.03419
914.13955	0.03233
913.17527	0.03164
912.21099	0.03149
911.2467	0.0318
910.28242	0.03257
909.31814	0.03338
908.35386	0.0338
907.38958	0.03401
906.42529	0.03435
905.46101	0.03467
904.49673	0.03501
903.53245	0.03561
902.56816	0.03627
901.60388	0.03676
900.6396	0.03726
899.67532	0.03776
898.71104	0.03822
897.74675	0.03876
896.78247	0.0393
895.81819	0.03972
894.85391	0.04023
893.88962	0.0409
892.92534	0.04162
891.96106	0.0422
890.99678	0.04241
890.0325	0.04236
889.06821	0.04257
888.10393	0.04316
887.13965	0.04366
886.17537	0.0438
885.21108	0.04384
884.2468	0.04401
883.28252	0.04457
882.31824	0.04549
881.35396	0.04606
880.38967	0.04604
879.42539	0.04617
878.46111	0.047
877.49683	0.04805
876.53254	0.04876
875.56826	0.04907
874.60398	0.04923
873.6397	0.04948
872.67542	0.04991
871.71113	0.05026
870.74685	0.05034
869.78257	0.05046
868.81829	0.05069
867.854	0.05079
866.88972	0.05085
865.92544	0.05121
864.96116	0.0518
863.99688	0.05226
863.03259	0.05265
862.06831	0.05301
861.10403	0.05311
860.13975	0.05307
859.17546	0.05324
858.21118	0.05358
857.2469	0.05391
856.28262	0.05424
855.31833	0.05446
854.35405	0.05448
853.38977	0.05442
852.42549	0.0544
851.46121	0.05449
850.49692	0.05472
849.53264	0.0551
848.56836	0.05554
847.60408	0.05583
846.63979	0.05592
845.67551	0.05595
844.71123	0.05602
843.74695	0.05627
842.78267	0.05673
841.81838	0.05721
840.8541	0.05743
839.88982	0.05734
838.92554	0.05721
837.96125	0.05725
836.99697	0.05742
836.03269	0.05765
835.06841	0.05791
834.10413	0.05818
833.13984	0.05833
832.17556	0.05838
831.21128	0.05829
830.247	0.05807
829.28271	0.05789
828.31843	0.05787
827.35415	0.0579
826.38987	0.05784
825.42559	0.05778
824.4613	0.05775
823.49702	0.05771
822.53274	0.05783
821.56846	0.05805
820.60417	0.05804
819.63989	0.05787
818.67561	0.05783
817.71133	0.05791
816.74705	0.05796
815.78276	0.05774
814.81848	0.05748
813.8542	0.05757
812.88992	0.05764
811.92563	0.0574
810.96135	0.05721
809.99707	0.0572
809.03279	0.05708
808.06851	0.05688
807.10422	0.05673
806.13994	0.0567
805.17566	0.05665
804.21138	0.05653
803.24709	0.05651
802.28281	0.05659
801.31853	0.05644
800.35425	0.05609
799.38997	0.05596
798.42568	0.05615
797.4614	0.05632
796.49712	0.05617
795.53284	0.05597
794.56855	0.05595
793.60427	0.05587
792.63999	0.05547
791.67571	0.05288
790.71143	0.04801
789.74714	0.0465
788.78286	0.05024
787.81858	0.05381
786.8543	0.05473
785.89001	0.05487
784.92573	0.05498
783.96145	0.05463
782.99717	0.05387
782.03289	0.05331
781.0686	0.0532
780.10432	0.05319
779.14004	0.05307
778.17576	0.05306
777.21147	0.0533
776.24719	0.05345
775.28291	0.05342
774.31863	0.05334
773.35435	0.05323
772.39006	0.05317
771.42578	0.05325
770.4615	0.05329
769.49722	0.05312
768.53293	0.05287
767.56865	0.05248
766.60437	0.05191
765.64009	0.05151
764.67581	0.05146
763.71152	0.05146
762.74724	0.05119
761.78296	0.05064
760.81868	0.0499
759.85439	0.04924
758.89011	0.04889
757.92583	0.04866
756.96155	0.04829
755.99727	0.04769
755.03298	0.047
754.0687	0.04651
753.10442	0.0462
752.14014	0.04574
751.17585	0.04503
750.21157	0.04423
749.24729	0.04371
748.28301	0.04354
747.31873	0.04346
746.35444	0.04315
745.39016	0.04272
744.42588	0.04255
743.4616	0.04239
742.49731	0.04183
741.53303	0.04119
740.56875	0.04087
739.60447	0.04077
738.64019	0.04062
737.6759	0.04047
736.71162	0.0404
735.74734	0.04024
734.78306	0.03972
733.81877	0.03897
732.85449	0.03847
731.89021	0.03822
730.92593	0.03798
729.96165	0.03778
728.99736	0.03764
728.03308	0.03753
727.0688	0.03725
726.10452	0.03671
725.14023	0.03629
724.17595	0.03617
723.21167	0.03578
722.24739	0.03544
721.28311	0.03515
720.31882	0.0348
719.35454	0.03459
718.39026	0.03451
717.42598	0.03436
716.46169	0.03413
715.49741	0.03391
714.53313	0.03359
713.56885	0.03305
712.60457	0.03246
711.64028	0.03209
710.676	0.0319
709.71172	0.03159
708.74744	0.03099
707.78315	0.03028
706.81887	0.02973
705.85459	0.02935
704.89031	0.02896
703.92603	0.02843
702.96174	0.02796
701.99746	0.02762
701.03318	0.02712
700.0689	0.02637
699.10461	0.02575
698.14033	0.02531
697.17605	0.02473
696.21177	0.02387
695.24749	0.0229
694.2832	0.0221
693.31892	0.02154
692.35464	0.02099
691.39036	0.02032
690.42607	0.01976
689.46179	0.01948
688.49751	0.01929
687.53323	0.01893
686.56895	0.01839
685.60466	0.01784
684.64038	0.0174
683.6761	0.01714
682.71182	0.01712
681.74753	0.01729
680.78325	0.01768
679.81897	0.0182
678.85469	0.01852
677.89041	0.01851
676.92612	0.01844
675.96184	0.01837
674.99756	0.01809
674.03328	0.0175
673.06899	0.01693
672.10471	0.01687
671.14043	0.01716
670.17615	0.01634
669.21187	0.01317
668.24758	0.01001
667.2833	0.01132
666.31902	0.01495
665.35474	0.01661
664.39045	0.0162
663.42617	0.01503
662.46189	0.01404
661.49761	0.01345
660.53333	0.01313
659.56904	0.01291
658.60476	0.01266
657.64048	0.01241
656.6762	0.01214
655.71191	0.01193
654.74763	0.01201
653.78335	0.01259
652.81907	0.0134
651.85479	0.01382
650.8905	0.01352
649.92622	0.01286
648.96194	0.01243
647.99766	0.01234
647.03337	0.01223
646.06909	0.01205
645.10481	0.01201
644.14053	0.01211
643.17625	0.01229
642.21196	0.01264
641.24768	0.01319
640.2834	0.01379
639.31912	0.01414
638.35483	0.01411
637.39055	0.01391
636.42627	0.01376
635.46199	0.01348
634.49771	0.01288
633.53342	0.01221
632.56914	0.0118
631.60486	0.01168
630.64058	0.01152
629.67629	0.01111
628.71201	0.0109
627.74773	0.011
626.78345	0.01022
625.81917	0.00886
624.85488	0.00838
623.8906	0.00874
622.92632	0.00895
621.96204	0.00907
620.99775	0.00922
620.03347	0.00868
619.06919	0.00729
618.10491	0.00619
617.14063	0.00645
616.17634	0.00758
615.21206	0.00868
614.24778	0.00928
613.2835	0.00899
612.31921	0.00783
611.35493	0.00667
610.39065	0.0065
609.42637	0.00733
608.46208	0.00836
607.4978	0.00846
606.53352	0.00767
605.56924	0.00692
604.60496	0.00635
603.64067	0.00602
602.67639	0.00599
601.71211	0.00551
600.74783	0.00462
599.78354	0.00467
598.81926	0.00553
597.85498	0.00578
596.8907	0.00522
595.92642	0.0043
594.96213	0.00326
593.99785	0.00153
593.03357	-0.00166
592.06929	-0.00354
591.105	-0.00108
590.14072	0.00271
589.17644	0.00411
588.21216	0.00395
587.24788	0.0037
586.28359	0.00338
585.31931	0.00273
584.35503	0.0021
583.39075	0.00269
582.42646	0.00386
581.46218	0.00367
580.4979	0.00348
579.53362	0.00533
578.56934	0.0069
577.60505	0.00507
576.64077	9.2E-4
575.67649	-0.00135
574.71221	-2.8E-4
573.74792	0.00141
572.78364	0.00184
571.81936	0.00123
570.85508	-2.3E-4
569.8908	-0.0016
568.92651	-0.00143
567.96223	-2.7E-4
566.99795	4E-4
566.03367	7.8E-4
565.06938	0.0016
564.1051	0.00303
563.14082	0.00373
562.17654	0.00221
561.21226	6.9E-4
560.24797	0.00122
559.28369	0.00283
558.31941	0.00517
557.35513	0.00719
556.39084	0.00594
555.42656	0.00176
554.46228	-0.00124
553.498	-0.00105
552.53372	3.7E-4
551.56943	7.6E-4
550.60515	1.6E-4
549.64087	-9.3E-4
