4000.100000 0.042097 
3998.899313 0.042054 
3997.698626 0.042327 
3996.497939 0.042687 
3995.297252 0.042784 
3994.096566 0.042593 
3992.895879 0.042553 
3991.695192 0.042594 
3990.494505 0.042376 
3989.293818 0.041928 
3988.093131 0.041863 
3986.892444 0.042180 
3985.691757 0.042375 
3984.491070 0.042139 
3983.290383 0.041814 
3982.089697 0.041620 
3980.889010 0.041560 
3979.688323 0.041554 
3978.487636 0.041532 
3977.286949 0.041457 
3976.086262 0.041403 
3974.885575 0.041636 
3973.684888 0.042153 
3972.484201 0.042567 
3971.283515 0.042591 
3970.082828 0.042274 
3968.882141 0.041872 
3967.681454 0.041515 
3966.480767 0.041327 
3965.280080 0.041335 
3964.079393 0.041394 
3962.878706 0.041431 
3961.678019 0.041562 
3960.477332 0.041827 
3959.276646 0.041998 
3958.075959 0.041920 
3956.875272 0.041767 
3955.674585 0.041696 
3954.473898 0.041550 
3953.273211 0.041248 
3952.072524 0.040885 
3950.871837 0.040736 
3949.671150 0.040871 
3948.470463 0.041035 
3947.269777 0.040951 
3946.069090 0.040563 
3944.868403 0.040328 
3943.667716 0.040631 
3942.467029 0.041255 
3941.266342 0.041716 
3940.065655 0.041582 
3938.864968 0.041226 
3937.664281 0.040938 
3936.463595 0.040791 
3935.262908 0.040744 
3934.062221 0.040772 
3932.861534 0.040799 
3931.660847 0.040719 
3930.460160 0.040634 
3929.259473 0.040728 
3928.058786 0.040901 
3926.858099 0.040816 
3925.657412 0.040310 
3924.456726 0.039719 
3923.256039 0.039511 
3922.055352 0.039605 
3920.854665 0.039563 
3919.653978 0.039225 
3918.453291 0.038946 
3917.252604 0.039035 
3916.051917 0.039357 
3914.851230 0.039427 
3913.650544 0.039239 
3912.449857 0.039102 
3911.249170 0.039189 
3910.048483 0.039315 
3908.847796 0.039279 
3907.647109 0.039163 
3906.446422 0.039148 
3905.245735 0.039166 
3904.045048 0.038941 
3902.844361 0.038314 
3901.643675 0.037613 
3900.442988 0.037354 
3899.242301 0.037686 
3898.041614 0.038366 
3896.840927 0.038888 
3895.640240 0.039045 
3894.439553 0.038823 
3893.238866 0.038439 
3892.038179 0.038162 
3890.837492 0.038269 
3889.636806 0.038450 
3888.436119 0.038373 
3887.235432 0.037984 
3886.034745 0.037488 
3884.834058 0.036993 
3883.633371 0.036686 
3882.432684 0.036688 
3881.231997 0.037004 
3880.031310 0.037389 
3878.830624 0.037758 
3877.629937 0.037818 
3876.429250 0.037469 
3875.228563 0.037217 
3874.027876 0.037571 
3872.827189 0.038157 
3871.626502 0.038219 
3870.425815 0.037787 
3869.225128 0.037486 
3868.024441 0.037490 
3866.823755 0.037565 
3865.623068 0.037572 
3864.422381 0.037563 
3863.221694 0.037618 
3862.021007 0.037754 
3860.820320 0.037829 
3859.619633 0.037772 
3858.418946 0.037784 
3857.218259 0.038017 
3856.017573 0.038065 
3854.816886 0.037636 
3853.616199 0.037115 
3852.415512 0.037160 
3851.214825 0.037666 
3850.014138 0.037969 
3848.813451 0.037900 
3847.612764 0.037639 
3846.412077 0.037440 
3845.211390 0.037433 
3844.010704 0.037496 
3842.810017 0.037431 
3841.609330 0.037251 
3840.408643 0.037090 
3839.207956 0.036954 
3838.007269 0.036797 
3836.806582 0.036795 
3835.605895 0.037064 
3834.405208 0.037393 
3833.204522 0.037494 
3832.003835 0.037341 
3830.803148 0.037088 
3829.602461 0.036822 
3828.401774 0.036561 
3827.201087 0.036407 
3826.000400 0.036532 
3824.799713 0.036883 
3823.599026 0.037097 
3822.398339 0.036868 
3821.197653 0.036490 
3819.996966 0.036406 
3818.796279 0.036544 
3817.595592 0.036391 
3816.394905 0.035974 
3815.194218 0.035757 
3813.993531 0.035947 
3812.792844 0.036347 
3811.592157 0.036798 
3810.391470 0.037226 
3809.190784 0.037480 
3807.990097 0.037369 
3806.789410 0.037004 
3805.588723 0.036647 
3804.388036 0.036442 
3803.187349 0.036126 
3801.986662 0.035678 
3800.785975 0.035372 
3799.585288 0.035641 
3798.384602 0.036308 
3797.183915 0.036798 
3795.983228 0.036878 
3794.782541 0.036853 
3793.581854 0.037030 
3792.381167 0.037253 
3791.180480 0.037215 
3789.979793 0.036897 
3788.779106 0.036633 
3787.578419 0.036630 
3786.377733 0.036771 
3785.177046 0.036898 
3783.976359 0.037003 
3782.775672 0.037081 
3781.574985 0.037068 
3780.374298 0.036907 
3779.173611 0.036708 
3777.972924 0.036666 
3776.772237 0.036769 
3775.571551 0.036917 
3774.370864 0.037085 
3773.170177 0.037252 
3771.969490 0.037313 
3770.768803 0.037188 
3769.568116 0.036964 
3768.367429 0.036884 
3767.166742 0.037038 
3765.966055 0.037299 
3764.765368 0.037527 
3763.564682 0.037549 
3762.363995 0.037416 
3761.163308 0.037228 
3759.962621 0.037069 
3758.761934 0.037101 
3757.561247 0.037220 
3756.360560 0.037248 
3755.159873 0.037061 
3753.959186 0.036733 
3752.758499 0.036481 
3751.557813 0.036259 
3750.357126 0.036148 
3749.156439 0.036488 
3747.955752 0.037024 
3746.755065 0.037162 
3745.554378 0.036573 
3744.353691 0.035923 
3743.153004 0.035962 
3741.952317 0.036394 
3740.751631 0.036701 
3739.550944 0.036780 
3738.350257 0.036858 
3737.149570 0.036870 
3735.948883 0.036792 
3734.748196 0.036814 
3733.547509 0.036882 
3732.346822 0.036864 
3731.146135 0.036947 
3729.945448 0.037399 
3728.744762 0.037889 
3727.544075 0.038168 
3726.343388 0.038370 
3725.142701 0.038685 
3723.942014 0.038816 
3722.741327 0.038676 
3721.540640 0.038726 
3720.339953 0.039257 
3719.139266 0.039839 
3717.938580 0.039879 
3716.737893 0.039540 
3715.537206 0.039313 
3714.336519 0.039374 
3713.135832 0.039622 
3711.935145 0.040033 
3710.734458 0.040698 
3709.533771 0.041322 
3708.333084 0.041696 
3707.132397 0.041802 
3705.931711 0.041987 
3704.731024 0.042548 
3703.530337 0.043407 
3702.329650 0.044236 
3701.128963 0.044939 
3699.928276 0.045854 
3698.727589 0.046942 
3697.526902 0.048222 
3696.326215 0.049410 
3695.125529 0.050403 
3693.924842 0.051197 
3692.724155 0.051874 
3691.523468 0.052491 
3690.322781 0.052935 
3689.122094 0.053256 
3687.921407 0.053703 
3686.720720 0.054483 
3685.520033 0.055275 
3684.319346 0.056012 
3683.118660 0.056774 
3681.917973 0.057560 
3680.717286 0.058409 
3679.516599 0.059319 
3678.315912 0.060350 
3677.115225 0.061307 
3675.914538 0.062395 
3674.713851 0.063873 
3673.513164 0.065990 
3672.312477 0.068164 
3671.111791 0.069990 
3669.911104 0.071734 
3668.710417 0.073421 
3667.509730 0.075281 
3666.309043 0.076794 
3665.108356 0.077888 
3663.907669 0.078554 
3662.706982 0.079066 
3661.506295 0.079339 
3660.305609 0.079119 
3659.104922 0.078250 
3657.904235 0.076957 
3656.703548 0.075536 
3655.502861 0.074693 
3654.302174 0.074176 
3653.101487 0.073488 
3651.900800 0.072201 
3650.700113 0.070886 
3649.499426 0.069904 
3648.298740 0.069328 
3647.098053 0.068912 
3645.897366 0.068669 
3644.696679 0.068788 
3643.495992 0.069163 
3642.295305 0.069532 
3641.094618 0.069783 
3639.893931 0.069995 
3638.693244 0.070292 
3637.492558 0.070791 
3636.291871 0.071536 
3635.091184 0.072380 
3633.890497 0.073188 
3632.689810 0.074148 
3631.489123 0.075078 
3630.288436 0.075953 
3629.087749 0.076870 
3627.887062 0.078063 
3626.686375 0.079674 
3625.485689 0.081085 
3624.285002 0.082251 
3623.084315 0.083444 
3621.883628 0.085072 
3620.682941 0.086516 
3619.482254 0.087637 
3618.281567 0.088650 
3617.080880 0.090236 
3615.880193 0.092409 
3614.679507 0.094211 
3613.478820 0.095678 
3612.278133 0.097089 
3611.077446 0.098917 
3609.876759 0.100880 
3608.676072 0.102713 
3607.475385 0.104463 
3606.274698 0.106562 
3605.074011 0.108989 
3603.873324 0.111334 
3602.672638 0.113710 
3601.471951 0.115784 
3600.271264 0.117974 
3599.070577 0.120160 
3597.869890 0.122238 
3596.669203 0.124529 
3595.468516 0.126864 
3594.267829 0.129086 
3593.067142 0.131074 
3591.866455 0.133487 
3590.665769 0.136245 
3589.465082 0.139450 
3588.264395 0.142265 
3587.063708 0.144883 
3585.863021 0.147825 
3584.662334 0.150765 
3583.461647 0.153880 
3582.260960 0.156775 
3581.060273 0.159969 
3579.859587 0.163117 
3578.658900 0.166443 
3577.458213 0.169488 
3576.257526 0.172896 
3575.056839 0.176565 
3573.856152 0.180105 
3572.655465 0.183790 
3571.454778 0.187119 
3570.254091 0.190616 
3569.053404 0.193974 
3567.852718 0.197575 
3566.652031 0.201046 
3565.451344 0.204907 
3564.250657 0.208855 
3563.049970 0.213028 
3561.849283 0.217570 
3560.648596 0.221754 
3559.447909 0.226131 
3558.247222 0.230134 
3557.046536 0.234466 
3555.845849 0.239208 
3554.645162 0.244387 
3553.444475 0.249159 
3552.243788 0.253809 
3551.043101 0.258510 
3549.842414 0.263352 
3548.641727 0.268930 
3547.441040 0.273826 
3546.240353 0.278613 
3545.039667 0.283418 
3543.838980 0.288614 
3542.638293 0.294382 
3541.437606 0.299864 
3540.236919 0.305328 
3539.036232 0.311166 
3537.835545 0.317844 
3536.634858 0.323905 
3535.434171 0.329954 
3534.233484 0.335375 
3533.032798 0.340871 
3531.832111 0.346779 
3530.631424 0.352744 
3529.430737 0.359743 
3528.230050 0.366721 
3527.029363 0.373817 
3525.828676 0.380297 
3524.627989 0.387431 
3523.427302 0.394510 
3522.226616 0.402034 
3521.025929 0.409146 
3519.825242 0.415527 
3518.624555 0.422502 
3517.423868 0.429326 
3516.223181 0.436777 
3515.022494 0.443851 
3513.821807 0.451402 
3512.621120 0.458659 
3511.420433 0.466715 
3510.219747 0.474661 
3509.019060 0.482845 
3507.818373 0.491843 
3506.617686 0.500486 
3505.416999 0.509864 
3504.216312 0.518459 
3503.015625 0.527143 
3501.814938 0.535551 
3500.614251 0.543528 
3499.413565 0.552843 
3498.212878 0.562396 
3497.012191 0.572195 
3495.811504 0.581729 
3494.610817 0.592556 
3493.410130 0.602735 
3492.209443 0.613066 
3491.008756 0.622664 
3489.808069 0.631813 
3488.607382 0.641512 
3487.406696 0.650981 
3486.206009 0.662222 
3485.005322 0.673871 
3483.804635 0.686084 
3482.603948 0.696754 
3481.403261 0.707712 
3480.202574 0.717835 
3479.001887 0.727760 
3477.801200 0.737463 
3476.600514 0.746952 
3475.399827 0.758582 
3474.199140 0.770366 
3472.998453 0.782443 
3471.797766 0.793588 
3470.597079 0.804898 
3469.396392 0.816015 
3468.195705 0.828239 
3466.995018 0.839928 
3465.794331 0.850090 
3464.593645 0.860362 
3463.392958 0.869977 
3462.192271 0.880162 
3460.991584 0.889424 
3459.790897 0.898835 
3458.590210 0.909317 
3457.389523 0.919921 
3456.188836 0.929618 
3454.988149 0.939427 
3453.787462 0.950232 
3452.586776 0.960391 
3451.386089 0.971124 
3450.185402 0.980807 
3448.984715 0.989792 
3447.784028 0.997332 
3446.583341 1.004035 
3445.382654 1.012265 
3444.181967 1.021384 
3442.981280 1.030934 
3441.780594 1.039904 
3440.579907 1.048643 
3439.379220 1.055883 
3438.178533 1.063236 
3436.977846 1.070164 
3435.777159 1.076369 
3434.576472 1.082379 
3433.375785 1.086922 
3432.175098 1.090583 
3430.974411 1.093916 
3429.773725 1.099402 
3428.573038 1.106199 
3427.372351 1.113182 
3426.171664 1.118075 
3424.970977 1.122835 
3423.770290 1.128963 
3422.569603 1.136231 
3421.368916 1.144055 
3420.168229 1.149727 
3418.967543 1.154352 
3417.766856 1.157616 
3416.566169 1.158813 
3415.365482 1.159268 
3414.164795 1.162022 
3412.964108 1.167496 
3411.763421 1.173446 
3410.562734 1.177878 
3409.362047 1.181306 
3408.161360 1.185390 
3406.960674 1.189826 
3405.759987 1.193433 
3404.559300 1.195333 
3403.358613 1.195774 
3402.157926 1.196580 
3400.957239 1.199236 
3399.756552 1.203022 
3398.555865 1.205714 
3397.355178 1.207590 
3396.154491 1.210237 
3394.953805 1.213987 
3393.753118 1.216844 
3392.552431 1.217869 
3391.351744 1.219047 
3390.151057 1.221747 
3388.950370 1.225565 
3387.749683 1.228396 
3386.548996 1.230502 
3385.348309 1.232513 
3384.147623 1.234152 
3382.946936 1.233828 
3381.746249 1.232129 
3380.545562 1.231345 
3379.344875 1.231990 
3378.144188 1.233441 
3376.943501 1.235660 
3375.742814 1.238354 
3374.542127 1.239961 
3373.341440 1.240200 
3372.140754 1.240543 
3370.940067 1.241580 
3369.739380 1.241934 
3368.538693 1.241211 
3367.338006 1.240384 
3366.137319 1.240590 
3364.936632 1.242477 
3363.735945 1.245979 
3362.535258 1.249294 
3361.334572 1.250317 
3360.133885 1.249623 
3358.933198 1.249833 
3357.732511 1.250822 
3356.531824 1.250842 
3355.331137 1.250002 
3354.130450 1.249529 
3352.929763 1.248916 
3351.729076 1.247348 
3350.528389 1.245900 
3349.327703 1.245754 
3348.127016 1.246115 
3346.926329 1.246543 
3345.725642 1.247559 
3344.524955 1.247900 
3343.324268 1.246656 
3342.123581 1.244264 
3340.922894 1.241275 
3339.722207 1.238233 
3338.521521 1.236428 
3337.320834 1.237970 
3336.120147 1.240996 
3334.919460 1.243685 
3333.718773 1.244100 
3332.518086 1.241795 
3331.317399 1.239131 
3330.116712 1.238580 
3328.916025 1.240570 
3327.715338 1.241574 
3326.514652 1.239438 
3325.313965 1.236591 
3324.113278 1.234619 
3322.912591 1.232000 
3321.711904 1.228149 
3320.511217 1.226018 
3319.310530 1.227282 
3318.109843 1.229119 
3316.909156 1.228549 
3315.708469 1.226317 
3314.507783 1.224094 
3313.307096 1.222088 
3312.106409 1.221239 
3310.905722 1.222092 
3309.705035 1.223663 
3308.504348 1.223509 
3307.303661 1.220830 
3306.102974 1.217767 
3304.902287 1.215559 
3303.701601 1.213838 
3302.500914 1.210343 
3301.300227 1.206681 
3300.099540 1.204622 
3298.898853 1.204810 
3297.698166 1.204531 
3296.497479 1.202776 
3295.296792 1.200413 
3294.096105 1.197440 
3292.895418 1.194530 
3291.694732 1.192214 
3290.494045 1.190794 
3289.293358 1.188712 
3288.092671 1.185378 
3286.891984 1.181889 
3285.691297 1.180072 
3284.490610 1.179699 
3283.289923 1.179507 
3282.089236 1.178891 
3280.888550 1.177472 
3279.687863 1.175689 
3278.487176 1.174871 
3277.286489 1.175665 
3276.085802 1.176914 
3274.885115 1.176772 
3273.684428 1.174181 
3272.483741 1.170403 
3271.283054 1.167494 
3270.082367 1.166088 
3268.881681 1.165160 
3267.680994 1.163555 
3266.480307 1.161908 
3265.279620 1.161324 
3264.078933 1.162255 
3262.878246 1.162566 
3261.677559 1.160927 
3260.476872 1.157631 
3259.276185 1.154509 
3258.075498 1.153542 
3256.874812 1.154225 
3255.674125 1.154870 
3254.473438 1.154505 
3253.272751 1.151632 
3252.072064 1.149195 
3250.871377 1.148784 
3249.670690 1.150344 
3248.470003 1.151071 
3247.269316 1.150017 
3246.068630 1.148114 
3244.867943 1.147526 
3243.667256 1.147589 
3242.466569 1.146323 
3241.265882 1.143865 
3240.065195 1.142616 
3238.864508 1.144470 
3237.663821 1.145043 
3236.463134 1.143461 
3235.262447 1.143403 
3234.061761 1.146179 
3232.861074 1.148259 
3231.660387 1.147492 
3230.459700 1.146754 
3229.259013 1.148411 
3228.058326 1.149617 
3226.857639 1.149058 
3225.656952 1.147761 
3224.456265 1.146819 
3223.255579 1.146273 
3222.054892 1.146000 
3220.854205 1.147705 
3219.653518 1.150448 
3218.452831 1.152392 
3217.252144 1.152351 
3216.051457 1.151181 
3214.850770 1.151074 
3213.650083 1.153450 
3212.449396 1.157777 
3211.248710 1.160793 
3210.048023 1.159845 
3208.847336 1.156944 
3207.646649 1.155699 
3206.445962 1.156459 
3205.245275 1.156118 
3204.044588 1.153998 
3202.843901 1.152217 
3201.643214 1.152861 
3200.442528 1.154675 
3199.241841 1.155729 
3198.041154 1.156659 
3196.840467 1.158719 
3195.639780 1.160596 
3194.439093 1.160779 
3193.238406 1.159175 
3192.037719 1.156971 
3190.837032 1.155584 
3189.636345 1.155783 
3188.435659 1.157064 
3187.234972 1.158192 
3186.034285 1.157319 
3184.833598 1.154374 
3183.632911 1.150962 
3182.432224 1.148785 
3181.231537 1.148054 
3180.030850 1.146909 
3178.830163 1.144254 
3177.629476 1.140688 
3176.428790 1.138253 
3175.228103 1.137774 
3174.027416 1.137442 
3172.826729 1.135468 
3171.626042 1.132637 
3170.425355 1.129959 
3169.224668 1.126544 
3168.023981 1.121608 
3166.823294 1.116631 
3165.622608 1.114292 
3164.421921 1.112675 
3163.221234 1.109664 
3162.020547 1.104938 
3160.819860 1.101060 
3159.619173 1.097084 
3158.418486 1.092530 
3157.217799 1.088361 
3156.017112 1.083953 
3154.816425 1.079172 
3153.615739 1.073479 
3152.415052 1.068460 
3151.214365 1.063772 
3150.013678 1.057831 
3148.812991 1.049380 
3147.612304 1.041181 
3146.411617 1.035935 
3145.210930 1.032480 
3144.010243 1.028065 
3142.809557 1.020269 
3141.608870 1.011939 
3140.408183 1.003944 
3139.207496 0.996206 
3138.006809 0.988048 
3136.806122 0.980961 
3135.605435 0.974184 
3134.404748 0.966842 
3133.204061 0.958888 
3132.003374 0.949569 
3130.802688 0.940767 
3129.602001 0.931898 
3128.401314 0.923958 
3127.200627 0.916712 
3125.999940 0.908574 
3124.799253 0.899707 
3123.598566 0.890358 
3122.397879 0.880853 
3121.197192 0.870915 
3119.996506 0.862103 
3118.795819 0.852583 
3117.595132 0.842760 
3116.394445 0.831962 
3115.193758 0.820826 
3113.993071 0.810513 
3112.792384 0.799470 
3111.591697 0.789567 
3110.391010 0.780057 
3109.190323 0.770820 
3107.989637 0.759815 
3106.788950 0.749399 
3105.588263 0.738916 
3104.387576 0.728779 
3103.186889 0.718827 
3101.986202 0.707850 
3100.785515 0.697467 
3099.584828 0.686092 
3098.384141 0.675132 
3097.183454 0.663526 
3095.982768 0.652873 
3094.782081 0.641832 
3093.581394 0.631809 
3092.380707 0.621749 
3091.180020 0.610610 
3089.979333 0.599840 
3088.778646 0.588825 
3087.577959 0.579531 
3086.377272 0.569663 
3085.176586 0.559041 
3083.975899 0.548711 
3082.775212 0.537948 
3081.574525 0.527720 
3080.373838 0.517413 
3079.173151 0.507848 
3077.972464 0.497944 
3076.771777 0.488671 
3075.571090 0.478542 
3074.370403 0.468823 
3073.169717 0.459675 
3071.969030 0.450221 
3070.768343 0.441470 
3069.567656 0.432261 
3068.366969 0.423928 
3067.166282 0.415092 
3065.965595 0.406488 
3064.764908 0.397223 
3063.564221 0.389263 
3062.363535 0.381817 
3061.162848 0.374407 
3059.962161 0.367218 
3058.761474 0.359486 
3057.560787 0.352681 
3056.360100 0.345729 
3055.159413 0.338771 
3053.958726 0.331263 
3052.758039 0.324611 
3051.557352 0.318121 
3050.356666 0.312092 
3049.155979 0.306346 
3047.955292 0.300159 
3046.754605 0.294498 
3045.553918 0.288666 
3044.353231 0.283464 
3043.152544 0.278665 
3041.951857 0.274039 
3040.751170 0.269443 
3039.550483 0.264996 
3038.349797 0.260497 
3037.149110 0.256196 
3035.948423 0.252518 
3034.747736 0.248896 
3033.547049 0.245878 
3032.346362 0.243061 
3031.145675 0.240607 
3029.944988 0.238593 
3028.744301 0.236889 
3027.543615 0.235775 
3026.342928 0.235339 
3025.142241 0.235626 
3023.941554 0.236677 
3022.740867 0.238186 
3021.540180 0.240716 
3020.339493 0.244413 
3019.138806 0.249568 
3017.938119 0.256273 
3016.737432 0.263667 
3015.536746 0.273016 
3014.336059 0.283152 
3013.135372 0.294145 
3011.934685 0.303856 
3010.733998 0.312868 
3009.533311 0.318820 
3008.332624 0.321707 
3007.131937 0.320487 
3005.931250 0.314897 
3004.730564 0.303483 
3003.529877 0.288732 
3002.329190 0.270469 
3001.128503 0.251416 
2999.927816 0.231726 
2998.727129 0.215077 
2997.526442 0.199926 
2996.325755 0.187787 
2995.125068 0.178317 
2993.924381 0.170040 
2992.723695 0.163455 
2991.523008 0.157569 
2990.322321 0.153205 
2989.121634 0.149547 
2987.920947 0.146057 
2986.720260 0.142947 
2985.519573 0.140023 
2984.318886 0.137843 
2983.118199 0.135866 
2981.917513 0.133994 
2980.716826 0.131914 
2979.516139 0.130161 
2978.315452 0.128622 
2977.114765 0.127244 
2975.914078 0.125906 
2974.713391 0.124443 
2973.512704 0.123207 
2972.312017 0.121961 
2971.111330 0.120682 
2969.910644 0.119190 
2968.709957 0.117861 
2967.509270 0.116583 
2966.308583 0.115497 
2965.107896 0.114484 
2963.907209 0.113332 
2962.706522 0.112184 
2961.505835 0.111055 
2960.305148 0.110239 
2959.104461 0.109344 
2957.903775 0.108270 
2956.703088 0.107183 
2955.502401 0.106362 
2954.301714 0.105424 
2953.101027 0.104307 
2951.900340 0.103310 
2950.699653 0.102508 
2949.498966 0.101916 
2948.298279 0.101332 
2947.097593 0.100765 
2945.896906 0.100011 
2944.696219 0.098994 
2943.495532 0.098088 
2942.294845 0.097553 
2941.094158 0.097214 
2939.893471 0.096659 
2938.692784 0.095965 
2937.492097 0.095250 
2936.291410 0.094702 
2935.090724 0.094164 
2933.890037 0.093572 
2932.689350 0.092979 
2931.488663 0.092322 
2930.287976 0.091660 
2929.087289 0.090966 
2927.886602 0.090247 
2926.685915 0.089376 
2925.485228 0.088592 
2924.284542 0.087955 
2923.083855 0.087538 
2921.883168 0.087262 
2920.682481 0.087011 
2919.481794 0.086748 
2918.281107 0.086377 
2917.080420 0.085937 
2915.879733 0.085451 
2914.679046 0.085023 
2913.478359 0.084621 
2912.277673 0.084358 
2911.076986 0.084294 
2909.876299 0.084345 
2908.675612 0.084425 
2907.474925 0.084602 
2906.274238 0.084981 
2905.073551 0.085480 
2903.872864 0.085823 
2902.672177 0.085796 
2901.471490 0.085395 
2900.270804 0.084721 
2899.070117 0.083746 
2897.869430 0.082515 
2896.668743 0.081077 
2895.468056 0.079947 
2894.267369 0.079000 
2893.066682 0.078202 
2891.865995 0.077517 
2890.665308 0.076974 
2889.464622 0.076540 
2888.263935 0.076110 
2887.063248 0.075710 
2885.862561 0.075391 
2884.661874 0.075106 
2883.461187 0.074721 
2882.260500 0.074331 
2881.059813 0.074023 
2879.859126 0.073801 
2878.658439 0.073615 
2877.457753 0.073383 
2876.257066 0.073098 
2875.056379 0.072716 
2873.855692 0.072347 
2872.655005 0.072078 
2871.454318 0.071864 
2870.253631 0.071531 
2869.052944 0.071108 
2867.852257 0.070816 
2866.651571 0.070825 
2865.450884 0.070925 
2864.250197 0.070842 
2863.049510 0.070476 
2861.848823 0.069973 
2860.648136 0.069538 
2859.447449 0.069237 
2858.246762 0.069051 
2857.046075 0.068936 
2855.845388 0.068884 
2854.644702 0.068845 
2853.444015 0.068686 
2852.243328 0.068374 
2851.042641 0.068032 
2849.841954 0.067792 
2848.641267 0.067590 
2847.440580 0.067277 
2846.239893 0.066987 
2845.039206 0.066838 
2843.838520 0.066764 
2842.637833 0.066610 
2841.437146 0.066509 
2840.236459 0.066536 
2839.035772 0.066591 
2837.835085 0.066504 
2836.634398 0.066375 
2835.433711 0.066377 
2834.233024 0.066496 
2833.032337 0.066532 
2831.831651 0.066394 
2830.630964 0.066130 
2829.430277 0.065809 
2828.229590 0.065662 
2827.028903 0.065756 
2825.828216 0.065995 
2824.627529 0.066144 
2823.426842 0.066108 
2822.226155 0.066060 
2821.025468 0.066173 
2819.824782 0.066444 
2818.624095 0.066815 
2817.423408 0.067174 
2816.222721 0.067461 
2815.022034 0.067473 
2813.821347 0.067084 
2812.620660 0.066292 
2811.419973 0.065394 
2810.219286 0.064361 
2809.018600 0.063387 
2807.817913 0.062459 
2806.617226 0.061667 
2805.416539 0.061108 
2804.215852 0.060819 
2803.015165 0.060655 
2801.814478 0.060470 
2800.613791 0.060203 
2799.413104 0.059817 
2798.212417 0.059461 
2797.011731 0.059147 
2795.811044 0.058897 
2794.610357 0.058716 
2793.409670 0.058599 
2792.208983 0.058453 
2791.008296 0.058187 
2789.807609 0.057866 
2788.606922 0.057624 
2787.406235 0.057492 
2786.205549 0.057343 
2785.004862 0.057177 
2783.804175 0.057050 
2782.603488 0.056934 
2781.402801 0.056803 
2780.202114 0.056629 
2779.001427 0.056464 
2777.800740 0.056270 
2776.600053 0.056046 
2775.399366 0.055865 
2774.198680 0.055843 
2772.997993 0.055897 
2771.797306 0.055878 
2770.596619 0.055703 
2769.395932 0.055399 
2768.195245 0.055173 
2766.994558 0.055062 
2765.793871 0.055024 
2764.593184 0.054933 
2763.392497 0.054725 
2762.191811 0.054509 
2760.991124 0.054376 
2759.790437 0.054314 
2758.589750 0.054245 
2757.389063 0.054140 
2756.188376 0.053982 
2754.987689 0.053817 
2753.787002 0.053681 
2752.586315 0.053600 
2751.385629 0.053531 
2750.184942 0.053446 
2748.984255 0.053409 
2747.783568 0.053386 
2746.582881 0.053260 
2745.382194 0.052960 
2744.181507 0.052670 
2742.980820 0.052521 
2741.780133 0.052551 
2740.579446 0.052676 
2739.378760 0.052713 
2738.178073 0.052599 
2736.977386 0.052396 
2735.776699 0.052231 
2734.576012 0.052087 
2733.375325 0.051965 
2732.174638 0.051907 
2730.973951 0.051939 
2729.773264 0.051966 
2728.572578 0.051900 
2727.371891 0.051756 
2726.171204 0.051549 
2724.970517 0.051384 
2723.769830 0.051306 
2722.569143 0.051287 
2721.368456 0.051206 
2720.167769 0.051078 
2718.967082 0.051026 
2717.766395 0.051048 
2716.565709 0.051010 
2715.365022 0.050856 
2714.164335 0.050738 
2712.963648 0.050697 
2711.762961 0.050647 
2710.562274 0.050510 
2709.361587 0.050371 
2708.160900 0.050321 
2706.960213 0.050279 
2705.759527 0.050138 
2704.558840 0.049961 
2703.358153 0.049899 
2702.157466 0.049973 
2700.956779 0.050071 
2699.756092 0.050085 
2698.555405 0.049983 
2697.354718 0.049836 
2696.154031 0.049742 
2694.953344 0.049764 
2693.752658 0.049809 
2692.551971 0.049799 
2691.351284 0.049725 
2690.150597 0.049611 
2688.949910 0.049435 
2687.749223 0.049231 
2686.548536 0.049095 
2685.347849 0.049074 
2684.147162 0.049097 
2682.946475 0.049081 
2681.745789 0.049017 
2680.545102 0.048982 
2679.344415 0.048991 
2678.143728 0.049007 
2676.943041 0.049014 
2675.742354 0.049051 
2674.541667 0.049084 
2673.340980 0.049021 
2672.140293 0.048845 
2670.939607 0.048704 
2669.738920 0.048650 
2668.538233 0.048674 
2667.337546 0.048730 
2666.136859 0.048774 
2664.936172 0.048752 
2663.735485 0.048685 
2662.534798 0.048658 
2661.334111 0.048709 
2660.133424 0.048686 
2658.932738 0.048524 
2657.732051 0.048347 
2656.531364 0.048335 
2655.330677 0.048442 
2654.129990 0.048514 
2652.929303 0.048511 
2651.728616 0.048519 
2650.527929 0.048545 
2649.327242 0.048527 
2648.126556 0.048472 
2646.925869 0.048460 
2645.725182 0.048499 
2644.524495 0.048572 
2643.323808 0.048676 
2642.123121 0.048755 
2640.922434 0.048683 
2639.721747 0.048509 
2638.521060 0.048404 
2637.320373 0.048423 
2636.119687 0.048473 
2634.919000 0.048552 
2633.718313 0.048666 
2632.517626 0.048685 
2631.316939 0.048515 
2630.116252 0.048369 
2628.915565 0.048375 
2627.714878 0.048443 
2626.514191 0.048437 
2625.313505 0.048431 
2624.112818 0.048496 
2622.912131 0.048557 
2621.711444 0.048577 
2620.510757 0.048632 
2619.310070 0.048720 
2618.109383 0.048731 
2616.908696 0.048600 
2615.708009 0.048421 
2614.507322 0.048346 
2613.306636 0.048403 
2612.105949 0.048518 
2610.905262 0.048599 
2609.704575 0.048690 
2608.503888 0.048803 
2607.303201 0.048804 
2606.102514 0.048663 
2604.901827 0.048512 
2603.701140 0.048529 
2602.500453 0.048698 
2601.299767 0.048891 
2600.099080 0.049084 
2598.898393 0.049320 
2597.697706 0.049484 
2596.497019 0.049563 
2595.296332 0.049631 
2594.095645 0.049725 
2592.894958 0.049736 
2591.694271 0.049633 
2590.493585 0.049479 
2589.292898 0.049349 
2588.092211 0.049243 
2586.891524 0.049189 
2585.690837 0.049206 
2584.490150 0.049285 
2583.289463 0.049386 
2582.088776 0.049450 
2580.888089 0.049468 
2579.687402 0.049459 
2578.486716 0.049502 
2577.286029 0.049645 
2576.085342 0.049763 
2574.884655 0.049761 
2573.683968 0.049664 
2572.483281 0.049635 
2571.282594 0.049706 
2570.081907 0.049773 
2568.881220 0.049773 
2567.680534 0.049745 
2566.479847 0.049727 
2565.279160 0.049716 
2564.078473 0.049720 
2562.877786 0.049778 
2561.677099 0.049867 
2560.476412 0.049919 
2559.275725 0.049930 
2558.075038 0.049976 
2556.874351 0.050067 
2555.673665 0.050161 
2554.472978 0.050192 
2553.272291 0.050189 
2552.071604 0.050235 
2550.870917 0.050352 
2549.670230 0.050443 
2548.469543 0.050405 
2547.268856 0.050312 
2546.068169 0.050302 
2544.867482 0.050392 
2543.666796 0.050449 
2542.466109 0.050466 
2541.265422 0.050550 
2540.064735 0.050737 
2538.864048 0.050908 
2537.663361 0.051005 
2536.462674 0.051039 
2535.261987 0.051042 
2534.061300 0.051073 
2532.860614 0.051155 
2531.659927 0.051240 
2530.459240 0.051228 
2529.258553 0.051147 
2528.057866 0.051137 
2526.857179 0.051223 
2525.656492 0.051296 
2524.455805 0.051275 
2523.255118 0.051235 
2522.054431 0.051287 
2520.853745 0.051461 
2519.653058 0.051631 
2518.452371 0.051715 
2517.251684 0.051745 
2516.050997 0.051776 
2514.850310 0.051798 
2513.649623 0.051793 
2512.448936 0.051840 
2511.248249 0.051957 
2510.047563 0.052067 
2508.846876 0.052095 
2507.646189 0.052132 
2506.445502 0.052226 
2505.244815 0.052308 
2504.044128 0.052318 
2502.843441 0.052351 
2501.642754 0.052467 
2500.442067 0.052584 
2499.241380 0.052611 
2498.040694 0.052622 
2496.840007 0.052714 
2495.639320 0.052872 
2494.438633 0.052981 
2493.237946 0.052994 
2492.037259 0.052979 
2490.836572 0.053052 
2489.635885 0.053231 
2488.435198 0.053395 
2487.234512 0.053431 
2486.033825 0.053370 
2484.833138 0.053377 
2483.632451 0.053486 
2482.431764 0.053612 
2481.231077 0.053678 
2480.030390 0.053725 
2478.829703 0.053815 
2477.629016 0.053944 
2476.428329 0.054050 
2475.227643 0.054125 
2474.026956 0.054203 
2472.826269 0.054283 
2471.625582 0.054347 
2470.424895 0.054406 
2469.224208 0.054466 
2468.023521 0.054496 
2466.822834 0.054505 
2465.622147 0.054571 
2464.421460 0.054751 
2463.220774 0.054959 
2462.020087 0.055074 
2460.819400 0.055104 
2459.618713 0.055146 
2458.418026 0.055228 
2457.217339 0.055296 
2456.016652 0.055340 
2454.815965 0.055404 
2453.615278 0.055539 
2452.414592 0.055717 
2451.213905 0.055862 
2450.013218 0.055940 
2448.812531 0.055992 
2447.611844 0.056102 
2446.411157 0.056261 
2445.210470 0.056380 
2444.009783 0.056413 
2442.809096 0.056389 
2441.608409 0.056385 
2440.407723 0.056449 
2439.207036 0.056577 
2438.006349 0.056729 
2436.805662 0.056885 
2435.604975 0.056966 
2434.404288 0.056991 
2433.203601 0.056995 
2432.002914 0.057034 
2430.802227 0.057155 
2429.601541 0.057300 
2428.400854 0.057422 
2427.200167 0.057487 
2425.999480 0.057510 
2424.798793 0.057556 
2423.598106 0.057678 
2422.397419 0.057835 
2421.196732 0.057922 
2419.996045 0.057907 
2418.795358 0.057875 
2417.594672 0.057918 
2416.393985 0.058036 
2415.193298 0.058149 
2413.992611 0.058239 
2412.791924 0.058365 
2411.591237 0.058508 
2410.390550 0.058622 
2409.189863 0.058696 
2407.989176 0.058789 
2406.788489 0.058966 
2405.587803 0.059131 
2404.387116 0.059232 
2403.186429 0.059256 
2401.985742 0.059266 
2400.785055 0.059319 
2399.584368 0.059459 
2398.383681 0.059657 
2397.182994 0.059817 
2395.982307 0.059891 
2394.781621 0.059944 
2393.580934 0.060062 
2392.380247 0.060191 
2391.179560 0.060269 
2389.978873 0.060326 
2388.778186 0.060396 
2387.577499 0.060446 
2386.376812 0.060481 
2385.176125 0.060579 
2383.975438 0.060759 
2382.774752 0.060980 
2381.574065 0.061119 
2380.373378 0.061182 
2379.172691 0.061185 
2377.972004 0.061188 
2376.771317 0.061274 
2375.570630 0.061427 
2374.369943 0.061557 
2373.169256 0.061602 
2371.968570 0.061634 
2370.767883 0.061769 
2369.567196 0.062004 
2368.366509 0.062168 
2367.165822 0.062176 
2365.965135 0.062173 
2364.764448 0.062278 
2363.563761 0.062479 
2362.363074 0.062641 
2361.162387 0.062808 
2359.961701 0.063018 
2358.761014 0.063221 
2357.560327 0.063325 
2356.359640 0.063438 
2355.158953 0.063646 
2353.958266 0.063931 
2352.757579 0.064328 
2351.556892 0.064820 
2350.356205 0.065500 
2349.155519 0.066270 
2347.954832 0.067158 
2346.754145 0.068287 
2345.553458 0.069538 
2344.352771 0.070678 
2343.152084 0.071496 
2341.951397 0.071855 
2340.750710 0.071593 
2339.550023 0.070610 
2338.349336 0.069244 
2337.148650 0.067958 
2335.947963 0.067113 
2334.747276 0.066787 
2333.546589 0.066813 
2332.345902 0.067001 
2331.145215 0.067211 
2329.944528 0.067378 
2328.743841 0.067548 
2327.543154 0.067737 
2326.342467 0.067960 
2325.141781 0.068156 
2323.941094 0.068309 
2322.740407 0.068488 
2321.539720 0.068698 
2320.339033 0.068899 
2319.138346 0.068994 
2317.937659 0.069080 
2316.736972 0.069273 
2315.536285 0.069582 
2314.335599 0.069853 
2313.134912 0.070051 
2311.934225 0.070249 
2310.733538 0.070473 
2309.532851 0.070741 
2308.332164 0.070982 
2307.131477 0.071227 
2305.930790 0.071456 
2304.730103 0.071676 
2303.529416 0.071900 
2302.328730 0.072185 
2301.128043 0.072493 
2299.927356 0.072750 
2298.726669 0.072968 
2297.525982 0.073186 
2296.325295 0.073466 
2295.124608 0.073736 
2293.923921 0.073957 
2292.723234 0.074199 
2291.522548 0.074490 
2290.321861 0.074792 
2289.121174 0.075055 
2287.920487 0.075300 
2286.719800 0.075525 
2285.519113 0.075788 
2284.318426 0.076088 
2283.117739 0.076423 
2281.917052 0.076725 
2280.716365 0.076973 
2279.515679 0.077287 
2278.314992 0.077656 
2277.114305 0.078018 
2275.913618 0.078307 
2274.712931 0.078605 
2273.512244 0.078913 
2272.311557 0.079261 
2271.110870 0.079589 
2269.910183 0.079860 
2268.709496 0.080072 
2267.508810 0.080253 
2266.308123 0.080499 
2265.107436 0.080797 
2263.906749 0.081105 
2262.706062 0.081350 
2261.505375 0.081576 
2260.304688 0.081799 
2259.104001 0.082096 
2257.903314 0.082476 
2256.702628 0.082832 
2255.501941 0.083125 
2254.301254 0.083322 
2253.100567 0.083538 
2251.899880 0.083798 
2250.699193 0.084081 
2249.498506 0.084378 
2248.297819 0.084630 
2247.097132 0.084840 
2245.896445 0.085050 
2244.695759 0.085348 
2243.495072 0.085651 
2242.294385 0.085932 
2241.093698 0.086134 
2239.893011 0.086308 
2238.692324 0.086504 
2237.491637 0.086687 
2236.290950 0.086873 
2235.090263 0.087057 
2233.889577 0.087274 
2232.688890 0.087475 
2231.488203 0.087659 
2230.287516 0.087818 
2229.086829 0.088013 
2227.886142 0.088209 
2226.685455 0.088345 
2225.484768 0.088448 
2224.284081 0.088552 
2223.083394 0.088663 
2221.882708 0.088732 
2220.682021 0.088790 
2219.481334 0.088905 
2218.280647 0.089065 
2217.079960 0.089166 
2215.879273 0.089177 
2214.678586 0.089175 
2213.477899 0.089194 
2212.277212 0.089228 
2211.076526 0.089269 
2209.875839 0.089302 
2208.675152 0.089256 
2207.474465 0.089116 
2206.273778 0.089009 
2205.073091 0.088995 
2203.872404 0.088973 
2202.671717 0.088858 
2201.471030 0.088660 
2200.270343 0.088489 
2199.069657 0.088339 
2197.868970 0.088230 
2196.668283 0.088172 
2195.467596 0.088127 
2194.266909 0.088053 
2193.066222 0.087933 
2191.865535 0.087737 
2190.664848 0.087414 
2189.464161 0.087106 
2188.263474 0.086845 
2187.062788 0.086638 
2185.862101 0.086406 
2184.661414 0.086167 
2183.460727 0.085964 
2182.260040 0.085694 
2181.059353 0.085368 
2179.858666 0.085047 
2178.657979 0.084789 
2177.457292 0.084498 
2176.256606 0.084184 
2175.055919 0.083865 
2173.855232 0.083554 
2172.654545 0.083232 
2171.453858 0.082862 
2170.253171 0.082508 
2169.052484 0.082072 
2167.851797 0.081574 
2166.651110 0.081093 
2165.450423 0.080757 
2164.249737 0.080435 
2163.049050 0.080050 
2161.848363 0.079584 
2160.647676 0.079107 
2159.446989 0.078734 
2158.246302 0.078419 
2157.045615 0.078151 
2155.844928 0.077808 
2154.644241 0.077371 
2153.443555 0.076930 
2152.242868 0.076495 
2151.042181 0.076125 
2149.841494 0.075733 
2148.640807 0.075308 
2147.440120 0.074838 
2146.239433 0.074460 
2145.038746 0.074097 
2143.838059 0.073670 
2142.637372 0.073160 
2141.436686 0.072680 
2140.235999 0.072346 
2139.035312 0.072005 
2137.834625 0.071602 
2136.633938 0.071125 
2135.433251 0.070689 
2134.232564 0.070232 
2133.031877 0.069843 
2131.831190 0.069498 
2130.630504 0.069105 
2129.429817 0.068657 
2128.229130 0.068166 
2127.028443 0.067776 
2125.827756 0.067375 
2124.627069 0.066968 
2123.426382 0.066595 
2122.225695 0.066288 
2121.025008 0.065884 
2119.824321 0.065384 
2118.623635 0.064907 
2117.422948 0.064470 
2116.222261 0.064078 
2115.021574 0.063672 
2113.820887 0.063360 
2112.620200 0.063147 
2111.419513 0.062883 
2110.218826 0.062463 
2109.018139 0.061926 
2107.817452 0.061408 
2106.616766 0.061022 
2105.416079 0.060790 
2104.215392 0.060540 
2103.014705 0.060161 
2101.814018 0.059681 
2100.613331 0.059271 
2099.412644 0.059022 
2098.211957 0.058786 
2097.011270 0.058431 
2095.810584 0.057976 
2094.609897 0.057589 
2093.409210 0.057300 
2092.208523 0.057088 
2091.007836 0.056852 
2089.807149 0.056582 
2088.606462 0.056261 
2087.405775 0.055884 
2086.205088 0.055576 
2085.004401 0.055318 
2083.803715 0.055068 
2082.603028 0.054732 
2081.402341 0.054404 
2080.201654 0.054107 
2079.000967 0.053878 
2077.800280 0.053628 
2076.599593 0.053323 
2075.398906 0.053019 
2074.198219 0.052723 
2072.997533 0.052493 
2071.796846 0.052271 
2070.596159 0.052061 
2069.395472 0.051866 
2068.194785 0.051693 
2066.994098 0.051467 
2065.793411 0.051186 
2064.592724 0.050899 
2063.392037 0.050628 
2062.191350 0.050384 
2060.990664 0.050114 
2059.789977 0.049884 
2058.589290 0.049706 
2057.388603 0.049493 
2056.187916 0.049203 
2054.987229 0.048921 
2053.786542 0.048724 
2052.585855 0.048550 
2051.385168 0.048347 
2050.184481 0.048098 
2048.983795 0.047877 
2047.783108 0.047635 
2046.582421 0.047388 
2045.381734 0.047214 
2044.181047 0.047097 
2042.980360 0.046971 
2041.779673 0.046795 
2040.578986 0.046613 
2039.378299 0.046392 
2038.177613 0.046146 
2036.976926 0.045902 
2035.776239 0.045728 
2034.575552 0.045565 
2033.374865 0.045347 
2032.174178 0.045150 
2030.973491 0.044993 
2029.772804 0.044860 
2028.572117 0.044677 
2027.371430 0.044472 
2026.170744 0.044303 
2024.970057 0.044194 
2023.769370 0.044092 
2022.568683 0.043970 
2021.367996 0.043826 
2020.167309 0.043616 
2018.966622 0.043386 
2017.765935 0.043170 
2016.565248 0.043030 
2015.364562 0.042943 
2014.163875 0.042845 
2012.963188 0.042723 
2011.762501 0.042592 
2010.561814 0.042464 
2009.361127 0.042332 
2008.160440 0.042234 
2006.959753 0.042141 
2005.759066 0.042042 
2004.558379 0.041906 
2003.357693 0.041740 
2002.157006 0.041573 
2000.956319 0.041410 
1999.755632 0.041305 
1998.554945 0.041222 
1997.354258 0.041132 
1996.153571 0.041028 
1994.952884 0.040968 
1993.752197 0.040907 
1992.551511 0.040771 
1991.350824 0.040575 
1990.150137 0.040423 
1988.949450 0.040395 
1987.748763 0.040406 
1986.548076 0.040391 
1985.347389 0.040362 
1984.146702 0.040348 
1982.946015 0.040311 
1981.745328 0.040229 
1980.544642 0.040147 
1979.343955 0.040107 
1978.143268 0.040092 
1976.942581 0.040055 
1975.741894 0.039985 
1974.541207 0.039912 
1973.340520 0.039853 
1972.139833 0.039796 
1970.939146 0.039742 
1969.738459 0.039722 
1968.537773 0.039756 
1967.337086 0.039809 
1966.136399 0.039835 
1964.935712 0.039821 
1963.735025 0.039790 
1962.534338 0.039750 
1961.333651 0.039708 
1960.132964 0.039684 
1958.932277 0.039679 
1957.731591 0.039667 
1956.530904 0.039648 
1955.330217 0.039658 
1954.129530 0.039706 
1952.928843 0.039757 
1951.728156 0.039757 
1950.527469 0.039713 
1949.326782 0.039672 
1948.126095 0.039666 
1946.925408 0.039677 
1945.724722 0.039684 
1944.524035 0.039699 
1943.323348 0.039744 
1942.122661 0.039813 
1940.921974 0.039864 
1939.721287 0.039891 
1938.520600 0.039895 
1937.319913 0.039893 
1936.119226 0.039917 
1934.918540 0.039969 
1933.717853 0.040039 
1932.517166 0.040098 
1931.316479 0.040133 
1930.115792 0.040144 
1928.915105 0.040152 
1927.714418 0.040206 
1926.513731 0.040320 
1925.313044 0.040422 
1924.112357 0.040473 
1922.911671 0.040539 
1921.710984 0.040652 
1920.510297 0.040718 
1919.309610 0.040660 
1918.108923 0.040566 
1916.908236 0.040604 
1915.707549 0.040790 
1914.506862 0.040993 
1913.306175 0.041099 
1912.105488 0.041118 
1910.904802 0.041126 
1909.704115 0.041179 
1908.503428 0.041253 
1907.302741 0.041313 
1906.102054 0.041376 
1904.901367 0.041476 
1903.700680 0.041618 
1902.499993 0.041735 
1901.299306 0.041838 
1900.098620 0.041967 
1898.897933 0.042137 
1897.697246 0.042245 
1896.496559 0.042280 
1895.295872 0.042348 
1894.095185 0.042502 
1892.894498 0.042672 
1891.693811 0.042716 
1890.493124 0.042710 
1889.292437 0.042777 
1888.091751 0.042954 
1886.891064 0.043129 
1885.690377 0.043275 
1884.489690 0.043408 
1883.289003 0.043546 
1882.088316 0.043703 
1880.887629 0.043843 
1879.686942 0.043988 
1878.486255 0.044127 
1877.285569 0.044276 
1876.084882 0.044440 
1874.884195 0.044588 
1873.683508 0.044712 
1872.482821 0.044814 
1871.282134 0.044868 
1870.081447 0.044877 
1868.880760 0.044939 
1867.680073 0.045159 
1866.479386 0.045458 
1865.278700 0.045699 
1864.078013 0.045859 
1862.877326 0.046055 
1861.676639 0.046290 
1860.475952 0.046540 
1859.275265 0.046739 
1858.074578 0.046912 
1856.873891 0.047083 
1855.673204 0.047286 
1854.472518 0.047491 
1853.271831 0.047683 
1852.071144 0.047876 
1850.870457 0.048034 
1849.669770 0.048188 
1848.469083 0.048357 
1847.268396 0.048542 
1846.067709 0.048652 
1844.867022 0.048701 
1843.666335 0.048884 
1842.465649 0.049288 
1841.264962 0.049723 
1840.064275 0.049995 
1838.863588 0.050195 
1837.662901 0.050439 
1836.462214 0.050743 
1835.261527 0.051014 
1834.060840 0.051247 
1832.860153 0.051480 
1831.659466 0.051649 
1830.458780 0.051788 
1829.258093 0.052020 
1828.057406 0.052419 
1826.856719 0.052768 
1825.656032 0.053042 
1824.455345 0.053315 
1823.254658 0.053737 
1822.053971 0.054238 
1820.853284 0.054644 
1819.652598 0.054974 
1818.451911 0.055234 
1817.251224 0.055523 
1816.050537 0.055850 
1814.849850 0.056266 
1813.649163 0.056644 
1812.448476 0.056972 
1811.247789 0.057265 
1810.047102 0.057586 
1808.846415 0.058018 
1807.645729 0.058439 
1806.445042 0.058881 
1805.244355 0.059325 
1804.043668 0.059806 
1802.842981 0.060205 
1801.642294 0.060576 
1800.441607 0.060958 
1799.240920 0.061435 
1798.040233 0.061997 
1796.839547 0.062519 
1795.638860 0.063031 
1794.438173 0.063400 
1793.237486 0.063721 
1792.036799 0.064146 
1790.836112 0.064834 
1789.635425 0.065672 
1788.434738 0.066497 
1787.234051 0.067175 
1786.033364 0.067718 
1784.832678 0.068319 
1783.631991 0.068911 
1782.431304 0.069552 
1781.230617 0.070222 
1780.029930 0.070947 
1778.829243 0.071758 
1777.628556 0.072573 
1776.427869 0.073396 
1775.227182 0.074107 
1774.026495 0.074613 
1772.825809 0.075061 
1771.625122 0.075884 
1770.424435 0.077035 
1769.223748 0.078211 
1768.023061 0.079290 
1766.822374 0.080349 
1765.621687 0.081632 
1764.421000 0.082783 
1763.220313 0.083782 
1762.019627 0.084710 
1760.818940 0.085946 
1759.618253 0.087293 
1758.417566 0.088677 
1757.216879 0.089988 
1756.016192 0.091328 
1754.815505 0.092909 
1753.614818 0.094284 
1752.414131 0.095582 
1751.213444 0.096852 
1750.012758 0.098391 
1748.812071 0.100262 
1747.611384 0.102290 
1746.410697 0.104292 
1745.210010 0.106219 
1744.009323 0.108146 
1742.808636 0.109968 
1741.607949 0.111976 
1740.407262 0.113880 
1739.206576 0.116029 
1738.005889 0.118424 
1736.805202 0.120649 
1735.604515 0.122689 
1734.403828 0.124664 
1733.203141 0.127242 
1732.002454 0.130237 
1730.801767 0.133474 
1729.601080 0.136256 
1728.400393 0.139166 
1727.199707 0.142083 
1725.999020 0.144973 
1724.798333 0.147978 
1723.597646 0.150763 
1722.396959 0.153831 
1721.196272 0.156774 
1719.995585 0.159641 
1718.794898 0.162072 
1717.594211 0.164757 
1716.393525 0.167737 
1715.192838 0.171092 
1713.992151 0.174557 
1712.791464 0.177763 
1711.590777 0.181059 
1710.390090 0.183880 
1709.189403 0.186748 
1707.988716 0.189507 
1706.788029 0.192183 
1705.587342 0.194625 
1704.386656 0.197422 
1703.185969 0.200095 
1701.985282 0.202082 
1700.784595 0.203910 
1699.583908 0.206155 
1698.383221 0.209016 
1697.182534 0.211438 
1695.981847 0.213459 
1694.781160 0.215844 
1693.580473 0.218615 
1692.379787 0.221062 
1691.179100 0.222964 
1689.978413 0.224694 
1688.777726 0.226337 
1687.577039 0.227980 
1686.376352 0.228972 
1685.175665 0.229732 
1683.974978 0.230868 
1682.774291 0.232614 
1681.573605 0.234670 
1680.372918 0.236247 
1679.172231 0.237497 
1677.971544 0.238502 
1676.770857 0.239259 
1675.570170 0.239792 
1674.369483 0.240557 
1673.168796 0.241524 
1671.968109 0.242287 
1670.767422 0.242629 
1669.566736 0.242891 
1668.366049 0.243472 
1667.165362 0.244231 
1665.964675 0.244816 
1664.763988 0.245025 
1663.563301 0.245031 
1662.362614 0.245142 
1661.161927 0.245449 
1659.961240 0.245777 
1658.760554 0.245978 
1657.559867 0.246119 
1656.359180 0.245984 
1655.158493 0.245205 
1653.957806 0.243898 
1652.757119 0.243052 
1651.556432 0.243606 
1650.355745 0.244637 
1649.155058 0.245014 
1647.954371 0.244463 
1646.753685 0.243586 
1645.552998 0.243120 
1644.352311 0.242945 
1643.151624 0.242708 
1641.950937 0.242085 
1640.750250 0.241160 
1639.549563 0.240117 
1638.348876 0.238720 
1637.148189 0.236989 
1635.947503 0.235095 
1634.746816 0.233647 
1633.546129 0.232514 
1632.345442 0.231438 
1631.144755 0.229972 
1629.944068 0.228224 
1628.743381 0.226473 
1627.542694 0.224630 
1626.342007 0.222935 
1625.141320 0.221055 
1623.940634 0.219192 
1622.739947 0.217421 
1621.539260 0.216042 
1620.338573 0.214615 
1619.137886 0.212982 
1617.937199 0.211054 
1616.736512 0.209162 
1615.535825 0.207899 
1614.335138 0.207033 
1613.134451 0.206243 
1611.933765 0.205151 
1610.733078 0.203910 
1609.532391 0.202712 
1608.331704 0.201730 
1607.131017 0.200795 
1605.930330 0.199908 
1604.729643 0.199071 
1603.528956 0.198137 
1602.328269 0.197295 
1601.127583 0.196498 
1599.926896 0.195782 
1598.726209 0.195054 
1597.525522 0.194168 
1596.324835 0.193321 
1595.124148 0.192608 
1593.923461 0.192007 
1592.722774 0.191331 
1591.522087 0.190612 
1590.321400 0.189857 
1589.120714 0.189243 
1587.920027 0.188654 
1586.719340 0.188008 
1585.518653 0.187407 
1584.317966 0.186791 
1583.117279 0.186190 
1581.916592 0.185548 
1580.715905 0.184987 
1579.515218 0.184379 
1578.314532 0.183599 
1577.113845 0.182550 
1575.913158 0.181678 
1574.712471 0.181382 
1573.511784 0.181464 
1572.311097 0.181254 
1571.110410 0.180506 
1569.909723 0.179577 
1568.709036 0.178891 
1567.508349 0.178532 
1566.307663 0.178179 
1565.106976 0.177713 
1563.906289 0.177212 
1562.705602 0.176603 
1561.504915 0.175650 
1560.304228 0.174086 
1559.103541 0.172804 
1557.902854 0.172432 
1556.702167 0.172719 
1555.501480 0.172860 
1554.300794 0.172576 
1553.100107 0.172280 
1551.899420 0.172061 
1550.698733 0.171758 
1549.498046 0.171289 
1548.297359 0.170881 
1547.096672 0.170415 
1545.895985 0.169756 
1544.695298 0.168978 
1543.494612 0.168187 
1542.293925 0.167424 
1541.093238 0.166452 
1539.892551 0.165661 
1538.691864 0.165577 
1537.491177 0.166064 
1536.290490 0.166467 
1535.089803 0.166218 
1533.889116 0.165679 
1532.688429 0.165438 
1531.487743 0.165560 
1530.287056 0.165669 
1529.086369 0.165502 
1527.885682 0.165147 
1526.684995 0.164749 
1525.484308 0.164325 
1524.283621 0.163800 
1523.082934 0.162979 
1521.882247 0.162079 
1520.681561 0.161517 
1519.480874 0.161348 
1518.280187 0.161145 
1517.079500 0.160708 
1515.878813 0.160327 
1514.678126 0.160138 
1513.477439 0.159848 
1512.276752 0.159379 
1511.076065 0.158943 
1509.875378 0.158528 
1508.674692 0.157801 
1507.474005 0.156833 
1506.273318 0.156029 
1505.072631 0.156070 
1503.871944 0.156511 
1502.671257 0.156758 
1501.470570 0.156603 
1500.269883 0.156179 
1499.069196 0.155723 
1497.868510 0.155191 
1496.667823 0.154678 
1495.467136 0.154418 
1494.266449 0.154427 
1493.065762 0.154387 
1491.865075 0.154089 
1490.664388 0.153603 
1489.463701 0.153171 
1488.263014 0.152947 
1487.062327 0.152863 
1485.861641 0.152857 
1484.660954 0.152814 
1483.460267 0.152690 
1482.259580 0.152481 
1481.058893 0.152326 
1479.858206 0.152198 
1478.657519 0.152008 
1477.456832 0.151712 
1476.256145 0.151282 
1475.055458 0.150761 
1473.854772 0.150081 
1472.654085 0.149471 
1471.453398 0.149160 
1470.252711 0.149202 
1469.052024 0.149323 
1467.851337 0.149291 
1466.650650 0.149022 
1465.449963 0.148615 
1464.249276 0.148374 
1463.048590 0.148303 
1461.847903 0.148229 
1460.647216 0.147904 
1459.446529 0.147204 
1458.245842 0.146221 
1457.045155 0.145428 
1455.844468 0.145292 
1454.643781 0.145639 
1453.443094 0.145934 
1452.242407 0.145953 
1451.041721 0.145784 
1449.841034 0.145528 
1448.640347 0.145152 
1447.439660 0.144753 
1446.238973 0.144443 
1445.038286 0.144232 
1443.837599 0.143971 
1442.636912 0.143660 
1441.436225 0.143403 
1440.235539 0.143168 
1439.034852 0.142777 
1437.834165 0.142207 
1436.633478 0.141709 
1435.432791 0.141549 
1434.232104 0.141643 
1433.031417 0.141690 
1431.830730 0.141501 
1430.630043 0.141220 
1429.429356 0.140989 
1428.228670 0.140834 
1427.027983 0.140666 
1425.827296 0.140388 
1424.626609 0.140048 
1423.425922 0.139785 
1422.225235 0.139489 
1421.024548 0.139012 
1419.823861 0.138374 
1418.623174 0.137936 
1417.422487 0.137843 
1416.221801 0.137855 
1415.021114 0.137740 
1413.820427 0.137523 
1412.619740 0.137260 
1411.419053 0.136976 
1410.218366 0.136718 
1409.017679 0.136456 
1407.816992 0.136176 
1406.616305 0.135800 
1405.415619 0.135361 
1404.214932 0.135024 
1403.014245 0.134798 
1401.813558 0.134610 
1400.612871 0.134316 
1399.412184 0.133964 
1398.211497 0.133608 
1397.010810 0.133296 
1395.810123 0.132905 
1394.609436 0.132529 
1393.408750 0.132321 
1392.208063 0.132278 
1391.007376 0.132171 
1389.806689 0.131867 
1388.606002 0.131442 
1387.405315 0.131061 
1386.204628 0.130885 
1385.003941 0.130827 
1383.803254 0.130720 
1382.602568 0.130490 
1381.401881 0.130195 
1380.201194 0.129926 
1379.000507 0.129630 
1377.799820 0.129342 
1376.599133 0.129034 
1375.398446 0.128694 
1374.197759 0.128360 
1372.997072 0.128148 
1371.796385 0.128015 
1370.595699 0.127847 
1369.395012 0.127574 
1368.194325 0.127192 
1366.993638 0.126881 
1365.792951 0.126615 
1364.592264 0.126341 
1363.391577 0.126006 
1362.190890 0.125662 
1360.990203 0.125391 
1359.789517 0.125193 
1358.588830 0.124999 
1357.388143 0.124776 
1356.187456 0.124560 
1354.986769 0.124318 
1353.786082 0.124075 
1352.585395 0.123810 
1351.384708 0.123557 
1350.184021 0.123300 
1348.983334 0.122991 
1347.782648 0.122685 
1346.581961 0.122406 
1345.381274 0.122174 
1344.180587 0.121911 
1342.979900 0.121617 
1341.779213 0.121284 
1340.578526 0.120965 
1339.377839 0.120675 
1338.177152 0.120405 
1336.976465 0.120232 
1335.775779 0.120132 
1334.575092 0.120027 
1333.374405 0.119855 
1332.173718 0.119625 
1330.973031 0.119411 
1329.772344 0.119269 
1328.571657 0.119212 
1327.370970 0.119174 
1326.170283 0.119131 
1324.969597 0.119069 
1323.768910 0.119045 
1322.568223 0.119094 
1321.367536 0.119233 
1320.166849 0.119513 
1318.966162 0.120107 
1317.765475 0.121093 
1316.564788 0.122629 
1315.364101 0.124862 
1314.163414 0.128854 
1312.962728 0.134645 
1311.762041 0.143978 
1310.561354 0.157206 
1309.360667 0.175893 
1308.159980 0.202138 
1306.959293 0.232363 
1305.758606 0.269881 
1304.557919 0.306821 
1303.357232 0.340392 
1302.156546 0.360463 
1300.955859 0.364067 
1299.755172 0.346231 
1298.554485 0.311908 
1297.353798 0.269098 
1296.153111 0.228589 
1294.952424 0.191853 
1293.751737 0.167162 
1292.551050 0.149374 
1291.350363 0.137804 
1290.149677 0.129877 
1288.948990 0.124887 
1287.748303 0.121149 
1286.547616 0.118516 
1285.346929 0.116627 
1284.146242 0.115092 
1282.945555 0.113910 
1281.744868 0.112795 
1280.544181 0.111852 
1279.343494 0.111039 
1278.142808 0.110309 
1276.942121 0.109641 
1275.741434 0.109042 
1274.540747 0.108479 
1273.340060 0.107962 
1272.139373 0.107539 
1270.938686 0.107130 
1269.737999 0.106723 
1268.537312 0.106239 
1267.336626 0.105735 
1266.135939 0.105293 
1264.935252 0.104911 
1263.734565 0.104586 
1262.533878 0.104268 
1261.333191 0.103959 
1260.132504 0.103602 
1258.931817 0.103250 
1257.731130 0.102882 
1256.530443 0.102568 
1255.329757 0.102314 
1254.129070 0.102071 
1252.928383 0.101822 
1251.727696 0.101517 
1250.527009 0.101240 
1249.326322 0.100975 
1248.125635 0.100728 
1246.924948 0.100436 
1245.724261 0.100148 
1244.523575 0.099845 
1243.322888 0.099524 
1242.122201 0.099208 
1240.921514 0.098896 
1239.720827 0.098657 
1238.520140 0.098451 
1237.319453 0.098266 
1236.118766 0.098061 
1234.918079 0.097782 
1233.717392 0.097478 
1232.516706 0.097201 
1231.316019 0.096968 
1230.115332 0.096713 
1228.914645 0.096433 
1227.713958 0.096102 
1226.513271 0.095816 
1225.312584 0.095582 
1224.111897 0.095357 
1222.911210 0.095120 
1221.710524 0.094843 
1220.509837 0.094605 
1219.309150 0.094387 
1218.108463 0.094177 
1216.907776 0.093917 
1215.707089 0.093649 
1214.506402 0.093375 
1213.305715 0.093128 
1212.105028 0.092897 
1210.904341 0.092614 
1209.703655 0.092342 
1208.502968 0.092081 
1207.302281 0.091861 
1206.101594 0.091620 
1204.900907 0.091393 
1203.700220 0.091168 
1202.499533 0.090948 
1201.298846 0.090670 
1200.098159 0.090354 
1198.897472 0.090096 
1197.696786 0.089881 
1196.496099 0.089697 
1195.295412 0.089484 
1194.094725 0.089262 
1192.894038 0.089053 
1191.693351 0.088883 
1190.492664 0.088694 
1189.291977 0.088472 
1188.091290 0.088248 
1186.890604 0.088012 
1185.689917 0.087784 
1184.489230 0.087531 
1183.288543 0.087313 
1182.087856 0.087141 
1180.887169 0.086940 
1179.686482 0.086710 
1178.485795 0.086507 
1177.285108 0.086338 
1176.084421 0.086125 
1174.883735 0.085909 
1173.683048 0.085730 
1172.482361 0.085607 
1171.281674 0.085427 
1170.080987 0.085188 
1168.880300 0.084975 
1167.679613 0.084774 
1166.478926 0.084580 
1165.278239 0.084397 
1164.077553 0.084265 
1162.876866 0.084114 
1161.676179 0.083920 
1160.475492 0.083689 
1159.274805 0.083465 
1158.074118 0.083256 
1156.873431 0.083066 
1155.672744 0.082946 
1154.472057 0.082833 
1153.271370 0.082667 
1152.070684 0.082440 
1150.869997 0.082245 
1149.669310 0.082062 
1148.468623 0.081886 
1147.267936 0.081714 
1146.067249 0.081566 
1144.866562 0.081439 
1143.665875 0.081268 
1142.465188 0.081077 
1141.264502 0.080920 
1140.063815 0.080844 
1138.863128 0.080814 
1137.662441 0.080752 
1136.461754 0.080637 
1135.261067 0.080503 
1134.060380 0.080389 
1132.859693 0.080313 
1131.659006 0.080262 
1130.458319 0.080198 
1129.257633 0.080119 
1128.056946 0.080040 
1126.856259 0.079945 
1125.655572 0.079822 
1124.454885 0.079658 
1123.254198 0.079478 
1122.053511 0.079255 
1120.852824 0.079042 
1119.652137 0.078844 
1118.451450 0.078655 
1117.250764 0.078386 
1116.050077 0.078055 
1114.849390 0.077763 
1113.648703 0.077527 
1112.448016 0.077379 
1111.247329 0.077274 
1110.046642 0.077176 
1108.845955 0.076987 
1107.645268 0.076730 
1106.444582 0.076478 
1105.243895 0.076296 
1104.043208 0.076127 
1102.842521 0.075867 
1101.641834 0.075605 
1100.441147 0.075385 
1099.240460 0.075254 
1098.039773 0.075152 
1096.839086 0.075045 
1095.638399 0.074940 
1094.437713 0.074830 
1093.237026 0.074694 
1092.036339 0.074578 
1090.835652 0.074511 
1089.634965 0.074436 
1088.434278 0.074317 
1087.233591 0.074179 
1086.032904 0.074072 
1084.832217 0.074005 
1083.631531 0.073933 
1082.430844 0.073824 
1081.230157 0.073654 
1080.029470 0.073446 
1078.828783 0.073220 
1077.628096 0.073022 
1076.427409 0.072809 
1075.226722 0.072617 
1074.026035 0.072483 
1072.825348 0.072393 
1071.624662 0.072313 
1070.423975 0.072193 
1069.223288 0.072028 
1068.022601 0.071817 
1066.821914 0.071626 
1065.621227 0.071477 
1064.420540 0.071388 
1063.219853 0.071278 
1062.019166 0.071128 
1060.818479 0.070982 
1059.617793 0.070848 
1058.417106 0.070718 
1057.216419 0.070577 
1056.015732 0.070463 
1054.815045 0.070342 
1053.614358 0.070192 
1052.413671 0.070032 
1051.212984 0.069917 
1050.012297 0.069813 
1048.811611 0.069661 
1047.610924 0.069523 
1046.410237 0.069412 
1045.209550 0.069327 
1044.008863 0.069237 
1042.808176 0.069140 
1041.607489 0.069031 
1040.406802 0.068931 
1039.206115 0.068870 
1038.005428 0.068847 
1036.804742 0.068814 
1035.604055 0.068739 
1034.403368 0.068688 
1033.202681 0.068707 
1032.001994 0.068795 
1030.801307 0.068912 
1029.600620 0.069020 
1028.399933 0.069116 
1027.199246 0.069286 
1025.998560 0.069569 
1024.797873 0.069968 
1023.597186 0.070343 
1022.396499 0.070771 
1021.195812 0.071254 
1019.995125 0.071787 
1018.794438 0.072276 
1017.593751 0.072594 
1016.393064 0.072752 
1015.192377 0.072740 
1013.991691 0.072641 
1012.791004 0.072448 
1011.590317 0.072127 
1010.389630 0.071755 
1009.188943 0.071407 
1007.988256 0.071133 
1006.787569 0.070925 
1005.586882 0.070764 
1004.386195 0.070696 
1003.185509 0.070703 
1001.984822 0.070771 
1000.784135 0.070905 
999.583448 0.071168 
998.382761 0.071527 
997.182074 0.071948 
995.981387 0.072420 
994.780700 0.072940 
993.580013 0.073509 
992.379326 0.074123 
991.178640 0.074793 
989.977953 0.075505 
988.777266 0.076241 
987.576579 0.076991 
986.375892 0.077822 
985.175205 0.078769 
983.974518 0.079805 
982.773831 0.080875 
981.573144 0.081961 
980.372457 0.083089 
979.171771 0.084271 
977.971084 0.085498 
976.770397 0.086785 
975.569710 0.088177 
974.369023 0.089634 
973.168336 0.091132 
971.967649 0.092649 
970.766962 0.094232 
969.566275 0.095874 
968.365589 0.097590 
967.164902 0.099405 
965.964215 0.101291 
964.763528 0.103212 
963.562841 0.105146 
962.362154 0.107116 
961.161467 0.109126 
959.960780 0.111207 
958.760093 0.113349 
957.559406 0.115566 
956.358720 0.117820 
955.158033 0.120116 
953.957346 0.122429 
952.756659 0.124777 
951.555972 0.127255 
950.355285 0.129765 
949.154598 0.132231 
947.953911 0.134602 
946.753224 0.137016 
945.552538 0.139538 
944.351851 0.142181 
943.151164 0.144824 
941.950477 0.147450 
940.749790 0.150098 
939.549103 0.152793 
938.348416 0.155494 
937.147729 0.158169 
935.947042 0.160845 
934.746355 0.163499 
933.545669 0.166156 
932.344982 0.168833 
931.144295 0.171596 
929.943608 0.174365 
928.742921 0.177123 
927.542234 0.179845 
926.341547 0.182604 
925.140860 0.185322 
923.940173 0.187980 
922.739486 0.190683 
921.538800 0.193466 
920.338113 0.196310 
919.137426 0.199126 
917.936739 0.201833 
916.736052 0.204374 
915.535365 0.206844 
914.334678 0.209364 
913.133991 0.212033 
911.933304 0.214796 
910.732618 0.217571 
909.531931 0.220280 
908.331244 0.222867 
907.130557 0.225412 
905.929870 0.227926 
904.729183 0.230428 
903.528496 0.232876 
902.327809 0.235333 
901.127122 0.237865 
899.926435 0.240506 
898.725749 0.243102 
897.525062 0.245577 
896.324375 0.247971 
895.123688 0.250349 
893.923001 0.252692 
892.722314 0.255023 
891.521627 0.257443 
890.320940 0.259906 
889.120253 0.262339 
887.919567 0.264673 
886.718880 0.267032 
885.518193 0.269384 
884.317506 0.271686 
883.116819 0.273952 
881.916132 0.276274 
880.715445 0.278560 
879.514758 0.280718 
878.314071 0.282872 
877.113384 0.285122 
875.912698 0.287411 
874.712011 0.289578 
873.511324 0.291611 
872.310637 0.293608 
871.109950 0.295616 
869.909263 0.297624 
868.708576 0.299708 
867.507889 0.301886 
866.307202 0.304086 
865.106516 0.306181 
863.905829 0.308114 
862.705142 0.309977 
861.504455 0.311844 
860.303768 0.313745 
859.103081 0.315616 
857.902394 0.317450 
856.701707 0.319260 
855.501020 0.321095 
854.300333 0.322928 
853.099647 0.324757 
851.898960 0.326574 
850.698273 0.328404 
849.497586 0.330256 
848.296899 0.332011 
847.096212 0.333713 
845.895525 0.335406 
844.694838 0.337145 
843.494151 0.338817 
842.293464 0.340431 
841.092778 0.342042 
839.892091 0.343676 
838.691404 0.345256 
837.490717 0.346812 
836.290030 0.348370 
835.089343 0.349898 
833.888656 0.351401 
832.687969 0.352944 
831.487282 0.354556 
830.286596 0.356116 
829.085909 0.357538 
827.885222 0.358905 
826.684535 0.360280 
825.483848 0.361656 
824.283161 0.362979 
823.082474 0.364306 
821.881787 0.365670 
820.681100 0.367026 
819.480413 0.368280 
818.279727 0.369480 
817.079040 0.370688 
815.878353 0.371920 
814.677666 0.373146 
813.476979 0.374363 
812.276292 0.375557 
811.075605 0.376708 
809.874918 0.377813 
808.674231 0.378851 
807.473545 0.379865 
806.272858 0.380862 
805.072171 0.381877 
803.871484 0.382940 
802.670797 0.384066 
801.470110 0.385133 
800.269423 0.386069 
799.068736 0.386909 
797.868049 0.387768 
796.667362 0.388697 
795.466676 0.389639 
794.265989 0.390482 
793.065302 0.391254 
791.864615 0.391989 
790.663928 0.392665 
789.463241 0.393212 
788.262554 0.393740 
787.061867 0.394349 
785.861180 0.395000 
784.660493 0.395588 
783.459807 0.396088 
782.259120 0.396544 
781.058433 0.396948 
779.857746 0.397307 
778.657059 0.397725 
777.456372 0.398209 
776.255685 0.398607 
775.054998 0.398780 
773.854311 0.398862 
772.653625 0.398976 
771.452938 0.399123 
770.252251 0.399262 
769.051564 0.399417 
767.850877 0.399548 
766.650190 0.399630 
765.449503 0.399763 
764.248816 0.399954 
763.048129 0.399961 
761.847442 0.399636 
760.646756 0.399144 
759.446069 0.398781 
758.245382 0.398472 
757.044695 0.398072 
755.844008 0.397653 
754.643321 0.397363 
753.442634 0.397165 
752.241947 0.396902 
751.041260 0.396452 
749.840574 0.395867 
748.639887 0.395233 
747.439200 0.394643 
746.238513 0.394088 
745.037826 0.393427 
743.837139 0.392609 
742.636452 0.391724 
741.435765 0.390934 
740.235078 0.390216 
739.034391 0.389385 
737.833705 0.388299 
736.633018 0.387033 
735.432331 0.385893 
734.231644 0.384935 
733.030957 0.383985 
731.830270 0.382865 
730.629583 0.381559 
729.428896 0.380085 
728.228209 0.378558 
727.027523 0.377157 
725.826836 0.375960 
724.626149 0.374775 
723.425462 0.373441 
722.224775 0.371919 
721.024088 0.370218 
719.823401 0.368455 
718.622714 0.366771 
717.422027 0.365259 
716.221340 0.363704 
715.020654 0.361975 
713.819967 0.360089 
712.619280 0.358179 
711.418593 0.356202 
710.217906 0.354234 
709.017219 0.352349 
707.816532 0.350509 
706.615845 0.348606 
705.415158 0.346617 
704.214471 0.344641 
703.013785 0.342616 
701.813098 0.340430 
700.612411 0.338167 
699.411724 0.335950 
698.211037 0.333807 
697.010350 0.331788 
695.809663 0.329759 
694.608976 0.327543 
693.408289 0.325024 
692.207603 0.322385 
691.006916 0.320051 
689.806229 0.318031 
688.605542 0.316039 
687.404855 0.313752 
686.204168 0.311263 
685.003481 0.308740 
683.802794 0.306279 
682.602107 0.303896 
681.401420 0.301569 
680.200734 0.299204 
679.000047 0.296765 
677.799360 0.294282 
676.598673 0.291723 
675.397986 0.289148 
674.197299 0.286580 
672.996612 0.284073 
671.795925 0.281563 
670.595238 0.279056 
669.394552 0.276568 
668.193865 0.274083 
666.993178 0.271487 
665.792491 0.268898 
664.591804 0.266427 
663.391117 0.264010 
662.190430 0.261578 
660.989743 0.259187 
659.789056 0.256717 
658.588369 0.253737 
657.387683 0.250407 
656.186996 0.247579 
654.986309 0.245572 
653.785622 0.243801 
652.584935 0.241596 
651.384248 0.239148 
650.183561 0.236768 
648.982874 0.234415 
647.782187 0.231984 
646.581501 0.229629 
645.380814 0.227226 
644.180127 0.224560 
642.979440 0.221869 
641.778753 0.219704 
640.578066 0.217883 
639.377379 0.215801 
638.176692 0.213248 
636.976005 0.210819 
635.775318 0.208688 
634.574632 0.206543 
633.373945 0.204194 
632.173258 0.201908 
630.972571 0.199922 
629.771884 0.198165 
628.571197 0.196429 
627.370510 0.194382 
626.169823 0.192066 
624.969136 0.189678 
623.768449 0.187166 
622.567763 0.184258 
621.367076 0.181478 
620.166389 0.179690 
618.965702 0.178928 
617.765015 0.178050 
616.564328 0.176403 
615.363641 0.174154 
614.162954 0.171498 
612.962267 0.168956 
611.761581 0.166901 
610.560894 0.164983 
609.360207 0.162775 
608.159520 0.160714 
606.958833 0.158620 
605.758146 0.155561 
604.557459 0.151918 
603.356772 0.150027 
602.156085 0.150379 
600.955398 0.151020 
599.754712 0.150195 
598.554025 0.148506 
597.353338 0.147102 
596.152651 0.145821 
594.951964 0.144235 
593.751277 0.142690 
592.550590 0.141506 
591.349903 0.140289 
590.149216 0.138342 
588.948530 0.135702 
587.747843 0.133546 
586.547156 0.132595 
585.346469 0.132230 
584.145782 0.131230 
582.945095 0.129660 
581.744408 0.128195 
580.543721 0.127092 
579.343034 0.126134 
578.142347 0.124867 
576.941661 0.122962 
575.740974 0.120989 
574.540287 0.121123 
573.339600 0.123500 
572.138913 0.125282 
570.938226 0.123732 
569.737539 0.119938 
568.536852 0.117850 
567.336165 0.117625 
566.135478 0.116681 
564.934792 0.113780 
563.734105 0.111089 
562.533418 0.109740 
561.332731 0.109026 
560.132044 0.108181 
558.931357 0.106921 
557.730670 0.104661 
556.529983 0.101630 
555.329296 0.100175 
554.128610 0.101579 
552.927923 0.103491 
551.727236 0.103164 
550.526549 0.100145 
549.325862 0.096589 
548.125175 0.094021 
546.924488 0.092638 
545.723801 0.091885 
544.523114 0.091010 
543.322427 0.090165 
542.121741 0.090114 
540.921054 0.090824 
539.720367 0.090939 
538.519680 0.089910 
537.318993 0.088433 
536.118306 0.087342 
534.917619 0.086653 
533.716932 0.085964 
532.516245 0.085111 
531.315559 0.084101 
530.114872 0.083095 
528.914185 0.082245 
527.713498 0.081347 
526.512811 0.080155 
525.312124 0.078915 
524.111437 0.078110 
522.910750 0.077590 
521.710063 0.076946 
520.509376 0.076464 
519.308690 0.076658 
518.108003 0.077031 
516.907316 0.076477 
515.706629 0.074615 
514.505942 0.072602 
513.305255 0.071083 
512.104568 0.069976 
510.903881 0.069142 
509.703194 0.068365 
508.502508 0.067274 
507.301821 0.065730 
506.101134 0.064205 
504.900447 0.063295 
503.699760 0.063019 
502.499073 0.063023 
501.298386 0.062563 
500.097699 0.061104 
498.897012 0.059029 
497.696325 0.057220 
496.495639 0.056159 
495.294952 0.055388 
494.094265 0.054569 
492.893578 0.053729 
491.692891 0.052733 
490.492204 0.051376 
489.291517 0.049919 
488.090830 0.048656 
486.890143 0.047591 
485.689456 0.046619 
484.488770 0.045809 
483.288083 0.045010 
482.087396 0.043914 
480.886709 0.042784 
479.686022 0.042145 
478.485335 0.041739 
477.284648 0.040754 
476.083961 0.039391 
474.883274 0.038863 
473.682588 0.039338 
472.481901 0.039628 
471.281214 0.038787 
470.080527 0.037596 
468.879840 0.036802 
467.679153 0.036441 
466.478466 0.036158 
465.277779 0.035663 
464.077092 0.034818 
462.876405 0.033792 
461.675719 0.032998 
460.475032 0.032275 
459.274345 0.031223 
458.073658 0.029991 
456.872971 0.029196 
455.672284 0.028731 
454.471597 0.028172 
453.270910 0.027590 
452.070223 0.027307 
450.869537 0.027008 
449.668850 0.026516 
448.468163 0.026394 
447.267476 0.027091 
446.066789 0.027505 
444.866102 0.026622 
443.665415 0.024858 
442.464728 0.023642 
441.264041 0.023306 
440.063354 0.023115 
438.862668 0.022560 
437.661981 0.021761 
436.461294 0.021080 
435.260607 0.020635 
434.059920 0.020413 
432.859233 0.020351 
431.658546 0.020200 
430.457859 0.019727 
429.257172 0.019066 
428.056485 0.018831 
426.855799 0.019227 
425.655112 0.019347 
424.454425 0.018526 
423.253738 0.017374 
422.053051 0.016893 
420.852364 0.016684 
419.651677 0.016192 
418.450990 0.015866 
417.250303 0.016298 
416.049617 0.016862 
414.848930 0.016851 
413.648243 0.015839 
412.447556 0.013559 
411.246869 0.011151 
410.046182 0.010373 
408.845495 0.011909 
407.644808 0.013922 
406.444121 0.014315 
405.243434 0.013280 
404.042748 0.012566 
402.842061 0.013994 
401.641374 0.016029 
400.440687 0.015746 
399.240000 0.012563 
