4000.100000 0.002365 
3998.899313 0.002328 
3997.698626 0.001865 
3996.497939 0.001374 
3995.297252 0.001099 
3994.096566 0.001035 
3992.895879 0.000916 
3991.695192 0.000929 
3990.494505 0.001368 
3989.293818 0.002101 
3988.093131 0.002322 
3986.892444 0.001931 
3985.691757 0.001581 
3984.491070 0.001815 
3983.290383 0.002087 
3982.089697 0.001905 
3980.889010 0.001507 
3979.688323 0.001496 
3978.487636 0.001818 
3977.286949 0.001918 
3976.086262 0.001629 
3974.885575 0.001215 
3973.684888 0.000910 
3972.484201 0.000720 
3971.283515 0.000770 
3970.082828 0.001210 
3968.882141 0.001758 
3967.681454 0.001924 
3966.480767 0.001622 
3965.280080 0.001242 
3964.079393 0.001205 
3962.878706 0.001293 
3961.678019 0.001256 
3960.477332 0.001148 
3959.276646 0.001238 
3958.075959 0.001505 
3956.875272 0.001783 
3955.674585 0.001919 
3954.473898 0.001950 
3953.273211 0.001907 
3952.072524 0.001691 
3950.871837 0.001264 
3949.671150 0.000930 
3948.470463 0.001018 
3947.269777 0.001362 
3946.069090 0.001552 
3944.868403 0.001403 
3943.667716 0.001270 
3942.467029 0.001250 
3941.266342 0.001123 
3940.065655 0.000854 
3938.864968 0.000686 
3937.664281 0.000736 
3936.463595 0.000845 
3935.262908 0.000825 
3934.062221 0.000703 
3932.861534 0.000705 
3931.660847 0.000972 
3930.460160 0.001392 
3929.259473 0.001588 
3928.058786 0.001491 
3926.858099 0.001225 
3925.657412 0.000885 
3924.456726 0.000577 
3923.256039 0.000595 
3922.055352 0.001017 
3920.854665 0.001364 
3919.653978 0.001328 
3918.453291 0.001172 
3917.252604 0.001260 
3916.051917 0.001585 
3914.851230 0.001899 
3913.650544 0.002195 
3912.449857 0.002358 
3911.249170 0.002140 
3910.048483 0.001733 
3908.847796 0.001549 
3907.647109 0.001627 
3906.446422 0.001551 
3905.245735 0.001090 
3904.045048 0.000727 
3902.844361 0.000660 
3901.643675 0.000715 
3900.442988 0.000662 
3899.242301 0.000580 
3898.041614 0.000636 
3896.840927 0.000843 
3895.640240 0.001068 
3894.439553 0.001189 
3893.238866 0.001116 
3892.038179 0.000829 
3890.837492 0.000569 
3889.636806 0.000610 
3888.436119 0.000943 
3887.235432 0.001178 
3886.034745 0.001022 
3884.834058 0.000888 
3883.633371 0.001113 
3882.432684 0.001509 
3881.231997 0.001672 
3880.031310 0.001701 
3878.830624 0.001961 
3877.629937 0.002414 
3876.429250 0.002662 
3875.228563 0.002564 
3874.027876 0.002266 
3872.827189 0.001915 
3871.626502 0.001624 
3870.425815 0.001598 
3869.225128 0.001957 
3868.024441 0.002557 
3866.823755 0.002847 
3865.623068 0.002779 
3864.422381 0.002573 
3863.221694 0.002404 
3862.021007 0.002191 
3860.820320 0.001948 
3859.619633 0.001934 
3858.418946 0.002288 
3857.218259 0.002610 
3856.017573 0.002297 
3854.816886 0.001438 
3853.616199 0.000744 
3852.415512 0.000846 
3851.214825 0.001578 
3850.014138 0.002156 
3848.813451 0.002297 
3847.612764 0.002100 
3846.412077 0.001963 
3845.211390 0.001918 
3844.010704 0.001729 
3842.810017 0.001469 
3841.609330 0.001508 
3840.408643 0.001793 
3839.207956 0.001876 
3838.007269 0.001585 
3836.806582 0.001288 
3835.605895 0.001239 
3834.405208 0.001410 
3833.204522 0.001685 
3832.003835 0.001907 
3830.803148 0.002031 
3829.602461 0.002020 
3828.401774 0.001856 
3827.201087 0.001427 
3826.000400 0.001019 
3824.799713 0.000871 
3823.599026 0.000965 
3822.398339 0.000939 
3821.197653 0.000987 
3819.996966 0.001389 
3818.796279 0.001929 
3817.595592 0.001865 
3816.394905 0.001548 
3815.194218 0.001634 
3813.993531 0.002058 
3812.792844 0.002151 
3811.592157 0.001958 
3810.391470 0.001869 
3809.190784 0.001873 
3807.990097 0.001740 
3806.789410 0.001592 
3805.588723 0.001598 
3804.388036 0.001577 
3803.187349 0.001307 
3801.986662 0.001132 
3800.785975 0.001423 
3799.585288 0.002082 
3798.384602 0.002623 
3797.183915 0.002794 
3795.983228 0.002803 
3794.782541 0.002950 
3793.581854 0.003364 
3792.381167 0.003927 
3791.180480 0.004350 
3789.979793 0.004307 
3788.779106 0.003740 
3787.578419 0.003111 
3786.377733 0.002960 
3785.177046 0.003368 
3783.976359 0.004009 
3782.775672 0.004293 
3781.574985 0.004095 
3780.374298 0.003576 
3779.173611 0.003135 
3777.972924 0.003062 
3776.772237 0.003220 
3775.571551 0.003393 
3774.370864 0.003570 
3773.170177 0.003810 
3771.969490 0.003925 
3770.768803 0.003815 
3769.568116 0.003669 
3768.367429 0.003664 
3767.166742 0.003739 
3765.966055 0.003775 
3764.765368 0.003815 
3763.564682 0.003939 
3762.363995 0.004174 
3761.163308 0.004373 
3759.962621 0.004374 
3758.761934 0.004159 
3757.561247 0.003994 
3756.360560 0.003891 
3755.159873 0.003577 
3753.959186 0.003043 
3752.758499 0.002849 
3751.557813 0.003073 
3750.357126 0.003333 
3749.156439 0.003440 
3747.955752 0.003534 
3746.755065 0.003474 
3745.554378 0.003096 
3744.353691 0.002939 
3743.153004 0.003619 
3741.952317 0.004626 
3740.751631 0.005311 
3739.550944 0.005314 
3738.350257 0.005104 
3737.149570 0.004936 
3735.948883 0.004793 
3734.748196 0.004624 
3733.547509 0.004498 
3732.346822 0.004637 
3731.146135 0.005155 
3729.945448 0.005890 
3728.744762 0.006190 
3727.544075 0.006063 
3726.343388 0.005923 
3725.142701 0.006138 
3723.942014 0.006602 
3722.741327 0.006924 
3721.540640 0.007066 
3720.339953 0.007168 
3719.139266 0.007342 
3717.938580 0.007577 
3716.737893 0.007849 
3715.537206 0.007913 
3714.336519 0.007517 
3713.135832 0.006868 
3711.935145 0.006527 
3710.734458 0.006829 
3709.533771 0.007598 
3708.333084 0.008440 
3707.132397 0.009157 
3705.931711 0.009762 
3704.731024 0.010136 
3703.530337 0.010307 
3702.329650 0.010370 
3701.128963 0.010523 
3699.928276 0.010875 
3698.727589 0.011112 
3697.526902 0.011234 
3696.326215 0.011473 
3695.125529 0.011865 
3693.924842 0.011981 
3692.724155 0.011643 
3691.523468 0.011228 
3690.322781 0.011081 
3689.122094 0.011092 
3687.921407 0.011168 
3686.720720 0.011409 
3685.520033 0.011836 
3684.319346 0.012364 
3683.118660 0.012918 
3681.917973 0.013416 
3680.717286 0.013870 
3679.516599 0.014212 
3678.315912 0.014414 
3677.115225 0.014459 
3675.914538 0.014645 
3674.713851 0.015257 
3673.513164 0.016056 
3672.312477 0.016449 
3671.111791 0.016454 
3669.911104 0.016683 
3668.710417 0.017290 
3667.509730 0.018142 
3666.309043 0.019034 
3665.108356 0.020188 
3663.907669 0.021343 
3662.706982 0.022420 
3661.506295 0.023182 
3660.305609 0.023794 
3659.104922 0.024377 
3657.904235 0.024968 
3656.703548 0.025910 
3655.502861 0.027281 
3654.302174 0.028952 
3653.101487 0.030231 
3651.900800 0.030816 
3650.700113 0.031225 
3649.499426 0.032370 
3648.298740 0.034327 
3647.098053 0.036456 
3645.897366 0.038542 
3644.696679 0.040438 
3643.495992 0.042583 
3642.295305 0.044643 
3641.094618 0.046653 
3639.893931 0.048776 
3638.693244 0.050956 
3637.492558 0.053009 
3636.291871 0.055150 
3635.091184 0.057756 
3633.890497 0.060612 
3632.689810 0.063816 
3631.489123 0.066236 
3630.288436 0.068201 
3629.087749 0.070127 
3627.887062 0.072512 
3626.686375 0.075740 
3625.485689 0.078917 
3624.285002 0.082049 
3623.084315 0.085178 
3621.883628 0.088589 
3620.682941 0.091344 
3619.482254 0.093826 
3618.281567 0.096322 
3617.080880 0.099211 
3615.880193 0.102367 
3614.679507 0.105045 
3613.478820 0.107629 
3612.278133 0.109897 
3611.077446 0.112059 
3609.876759 0.114152 
3608.676072 0.116436 
3607.475385 0.118977 
3606.274698 0.121657 
3605.074011 0.123980 
3603.873324 0.125640 
3602.672638 0.127178 
3601.471951 0.128852 
3600.271264 0.130919 
3599.070577 0.132864 
3597.869890 0.134279 
3596.669203 0.135368 
3595.468516 0.136398 
3594.267829 0.137474 
3593.067142 0.138544 
3591.866455 0.139800 
3590.665769 0.141056 
3589.465082 0.142259 
3588.264395 0.143146 
3587.063708 0.144084 
3585.863021 0.145213 
3584.662334 0.146077 
3583.461647 0.146592 
3582.260960 0.147049 
3581.060273 0.147865 
3579.859587 0.148780 
3578.658900 0.149574 
3577.458213 0.149931 
3576.257526 0.150059 
3575.056839 0.150239 
3573.856152 0.150819 
3572.655465 0.151933 
3571.454778 0.152923 
3570.254091 0.153566 
3569.053404 0.153878 
3567.852718 0.154189 
3566.652031 0.154658 
3565.451344 0.155437 
3564.250657 0.156399 
3563.049970 0.157305 
3561.849283 0.158073 
3560.648596 0.158767 
3559.447909 0.159709 
3558.247222 0.160824 
3557.046536 0.162096 
3555.845849 0.163486 
3554.645162 0.165058 
3553.444475 0.166822 
3552.243788 0.168831 
3551.043101 0.170730 
3549.842414 0.172153 
3548.641727 0.173488 
3547.441040 0.175064 
3546.240353 0.177271 
3545.039667 0.179702 
3543.838980 0.182057 
3542.638293 0.184772 
3541.437606 0.187890 
3540.236919 0.191305 
3539.036232 0.194583 
3537.835545 0.197913 
3536.634858 0.201088 
3535.434171 0.204824 
3534.233484 0.208642 
3533.032798 0.212537 
3531.832111 0.216459 
3530.631424 0.220303 
3529.430737 0.224925 
3528.230050 0.229584 
3527.029363 0.234032 
3525.828676 0.237808 
3524.627989 0.242196 
3523.427302 0.247064 
3522.226616 0.252450 
3521.025929 0.257572 
3519.825242 0.262389 
3518.624555 0.267956 
3517.423868 0.273275 
3516.223181 0.278836 
3515.022494 0.284279 
3513.821807 0.290555 
3512.621120 0.296637 
3511.420433 0.303073 
3510.219747 0.309015 
3509.019060 0.314755 
3507.818373 0.320884 
3506.617686 0.326988 
3505.416999 0.333938 
3504.216312 0.340379 
3503.015625 0.346810 
3501.814938 0.353207 
3500.614251 0.359566 
3499.413565 0.366961 
3498.212878 0.374223 
3497.012191 0.381516 
3495.811504 0.388580 
3494.610817 0.396511 
3493.410130 0.403893 
3492.209443 0.411494 
3491.008756 0.418807 
3489.808069 0.425910 
3488.607382 0.433504 
3487.406696 0.440755 
3486.206009 0.448941 
3485.005322 0.457109 
3483.804635 0.465789 
3482.603948 0.473780 
3481.403261 0.482240 
3480.202574 0.490095 
3479.001887 0.498189 
3477.801200 0.506740 
3476.600514 0.514956 
3475.399827 0.523710 
3474.199140 0.531791 
3472.998453 0.540537 
3471.797766 0.549424 
3470.597079 0.558450 
3469.396392 0.566853 
3468.195705 0.576329 
3466.995018 0.586155 
3465.794331 0.595041 
3464.593645 0.603373 
3463.392958 0.611006 
3462.192271 0.620063 
3460.991584 0.629554 
3459.790897 0.638764 
3458.590210 0.647439 
3457.389523 0.655791 
3456.188836 0.664274 
3454.988149 0.673520 
3453.787462 0.683564 
3452.586776 0.692935 
3451.386089 0.702719 
3450.185402 0.711160 
3448.984715 0.719457 
3447.784028 0.727758 
3446.583341 0.736048 
3445.382654 0.745325 
3444.181967 0.754141 
3442.981280 0.763079 
3441.780594 0.772226 
3440.579907 0.782977 
3439.379220 0.792616 
3438.178533 0.801980 
3436.977846 0.810543 
3435.777159 0.819189 
3434.576472 0.828192 
3433.375785 0.835890 
3432.175098 0.844086 
3430.974411 0.852951 
3429.773725 0.862397 
3428.573038 0.869746 
3427.372351 0.876554 
3426.171664 0.884332 
3424.970977 0.894352 
3423.770290 0.904473 
3422.569603 0.912379 
3421.368916 0.919712 
3420.168229 0.926946 
3418.967543 0.935556 
3417.766856 0.944592 
3416.566169 0.954009 
3415.365482 0.961770 
3414.164795 0.968109 
3412.964108 0.973065 
3411.763421 0.978544 
3410.562734 0.986459 
3409.362047 0.993589 
3408.161360 0.999295 
3406.960674 1.003885 
3405.759987 1.010027 
3404.559300 1.018015 
3403.358613 1.025152 
3402.157926 1.030956 
3400.957239 1.035795 
3399.756552 1.042832 
3398.555865 1.051381 
3397.355178 1.060002 
3396.154491 1.065110 
3394.953805 1.069484 
3393.753118 1.074985 
3392.552431 1.081317 
3391.351744 1.087294 
3390.151057 1.091212 
3388.950370 1.094216 
3387.749683 1.096416 
3386.548996 1.100155 
3385.348309 1.106626 
3384.147623 1.115229 
3382.946936 1.122056 
3381.746249 1.126381 
3380.545562 1.130700 
3379.344875 1.134007 
3378.144188 1.134895 
3376.943501 1.134741 
3375.742814 1.136532 
3374.542127 1.140139 
3373.341440 1.143776 
3372.140754 1.146482 
3370.940067 1.149460 
3369.739380 1.152684 
3368.538693 1.156442 
3367.338006 1.161813 
3366.137319 1.166806 
3364.936632 1.170790 
3363.735945 1.173787 
3362.535258 1.176037 
3361.334572 1.178239 
3360.133885 1.179566 
3358.933198 1.180853 
3357.732511 1.182735 
3356.531824 1.185173 
3355.331137 1.187979 
3354.130450 1.191751 
3352.929763 1.194963 
3351.729076 1.195469 
3350.528389 1.193785 
3349.327703 1.192868 
3348.127016 1.194317 
3346.926329 1.196256 
3345.725642 1.197932 
3344.524955 1.200028 
3343.324268 1.203259 
3342.123581 1.205255 
3340.922894 1.204923 
3339.722207 1.204033 
3338.521521 1.204389 
3337.320834 1.204549 
3336.120147 1.202748 
3334.919460 1.199988 
3333.718773 1.198715 
3332.518086 1.198503 
3331.317399 1.197324 
3330.116712 1.195689 
3328.916025 1.194810 
3327.715338 1.194538 
3326.514652 1.194300 
3325.313965 1.194712 
3324.113278 1.195294 
3322.912591 1.194281 
3321.711904 1.192426 
3320.511217 1.191731 
3319.310530 1.191305 
3318.109843 1.187311 
3316.909156 1.180929 
3315.708469 1.176095 
3314.507783 1.174665 
3313.307096 1.175374 
3312.106409 1.176336 
3310.905722 1.175974 
3309.705035 1.172557 
3308.504348 1.166622 
3307.303661 1.161609 
3306.102974 1.159622 
3304.902287 1.158414 
3303.701601 1.156381 
3302.500914 1.153722 
3301.300227 1.150661 
3300.099540 1.145053 
3298.898853 1.137593 
3297.698166 1.130859 
3296.497479 1.126754 
3295.296792 1.124274 
3294.096105 1.121634 
3292.895418 1.119895 
3291.694732 1.118695 
3290.494045 1.116769 
3289.293358 1.112663 
3288.092671 1.107771 
3286.891984 1.103137 
3285.691297 1.100083 
3284.490610 1.097672 
3283.289923 1.093822 
3282.089236 1.089055 
3280.888550 1.084154 
3279.687863 1.080772 
3278.487176 1.077838 
3277.286489 1.073903 
3276.085802 1.069819 
3274.885115 1.067176 
3273.684428 1.065049 
3272.483741 1.061700 
3271.283054 1.058121 
3270.082367 1.056079 
3268.881681 1.054354 
3267.680994 1.050445 
3266.480307 1.044961 
3265.279620 1.040571 
3264.078933 1.037569 
3262.878246 1.034247 
3261.677559 1.030649 
3260.476872 1.029254 
3259.276185 1.030746 
3258.075498 1.031048 
3256.874812 1.027382 
3255.674125 1.020823 
3254.473438 1.015152 
3253.272751 1.010561 
3252.072064 1.007581 
3250.871377 1.005419 
3249.670690 1.003298 
3248.470003 0.999008 
3247.269316 0.993050 
3246.068630 0.985912 
3244.867943 0.980534 
3243.667256 0.976805 
3242.466569 0.973854 
3241.265882 0.970172 
3240.065195 0.963819 
3238.864508 0.957413 
3237.663821 0.951880 
3236.463134 0.947486 
3235.262447 0.942222 
3234.061761 0.936292 
3232.861074 0.930327 
3231.660387 0.925088 
3230.459700 0.920240 
3229.259013 0.914618 
3228.058326 0.908752 
3226.857639 0.901667 
3225.656952 0.894739 
3224.456265 0.889051 
3223.255579 0.884885 
3222.054892 0.881688 
3220.854205 0.878658 
3219.653518 0.874670 
3218.452831 0.869910 
3217.252144 0.865971 
3216.051457 0.862639 
3214.850770 0.859123 
3213.650083 0.853915 
3212.449396 0.848220 
3211.248710 0.843895 
3210.048023 0.839860 
3208.847336 0.834555 
3207.646649 0.827678 
3206.445962 0.821518 
3205.245275 0.817051 
3204.044588 0.813344 
3202.843901 0.808092 
3201.643214 0.802075 
3200.442528 0.796527 
3199.241841 0.790570 
3198.041154 0.783834 
3196.840467 0.776165 
3195.639780 0.770707 
3194.439093 0.766036 
3193.238406 0.760385 
3192.037719 0.753296 
3190.837032 0.746579 
3189.636345 0.740149 
3188.435659 0.733576 
3187.234972 0.726885 
3186.034285 0.719226 
3184.833598 0.712424 
3183.632911 0.705878 
3182.432224 0.699445 
3181.231537 0.692358 
3180.030850 0.684258 
3178.830163 0.676839 
3177.629476 0.670017 
3176.428790 0.663444 
3175.228103 0.656523 
3174.027416 0.650039 
3172.826729 0.642619 
3171.626042 0.635315 
3170.425355 0.628367 
3169.224668 0.621560 
3168.023981 0.614833 
3166.823294 0.607477 
3165.622608 0.601354 
3164.421921 0.595526 
3163.221234 0.589331 
3162.020547 0.581314 
3160.819860 0.573391 
3159.619173 0.565378 
3158.418486 0.558012 
3157.217799 0.551623 
3156.017112 0.545186 
3154.816425 0.539037 
3153.615739 0.532217 
3152.415052 0.525808 
3151.214365 0.519138 
3150.013678 0.512582 
3148.812991 0.505344 
3147.612304 0.498805 
3146.411617 0.492935 
3145.210930 0.486858 
3144.010243 0.480718 
3142.809557 0.473658 
3141.608870 0.467322 
3140.408183 0.461276 
3139.207496 0.455678 
3138.006809 0.449963 
3136.806122 0.444304 
3135.605435 0.438213 
3134.404748 0.432092 
3133.204061 0.426221 
3132.003374 0.419683 
3130.802688 0.413635 
3129.602001 0.407683 
3128.401314 0.402332 
3127.200627 0.397114 
3125.999940 0.391208 
3124.799253 0.385069 
3123.598566 0.379095 
3122.397879 0.373509 
3121.197192 0.367659 
3119.996506 0.361979 
3118.795819 0.355708 
3117.595132 0.350125 
3116.394445 0.344948 
3115.193758 0.339811 
3113.993071 0.334855 
3112.792384 0.329303 
3111.591697 0.323916 
3110.391010 0.318239 
3109.190323 0.312719 
3107.989637 0.306807 
3106.788950 0.301569 
3105.588263 0.296098 
3104.387576 0.290585 
3103.186889 0.285443 
3101.986202 0.280497 
3100.785515 0.276100 
3099.584828 0.270972 
3098.384141 0.265676 
3097.183454 0.260348 
3095.982768 0.255796 
3094.782081 0.250775 
3093.581394 0.245499 
3092.380707 0.240226 
3091.180020 0.235230 
3089.979333 0.230810 
3088.778646 0.226012 
3087.577959 0.221645 
3086.377272 0.217132 
3085.176586 0.212308 
3083.975899 0.207430 
3082.775212 0.202297 
3081.574525 0.197683 
3080.373838 0.193159 
3079.173151 0.188898 
3077.972464 0.184683 
3076.771777 0.181061 
3075.571090 0.177069 
3074.370403 0.172846 
3073.169717 0.168584 
3071.969030 0.164361 
3070.768343 0.160685 
3069.567656 0.156732 
3068.366969 0.152858 
3067.166282 0.148830 
3065.965595 0.145375 
3064.764908 0.141939 
3063.564221 0.138569 
3062.363535 0.134802 
3061.162848 0.131121 
3059.962161 0.128159 
3058.761474 0.125318 
3057.560787 0.122549 
3056.360100 0.119388 
3055.159413 0.116217 
3053.958726 0.112888 
3052.758039 0.109926 
3051.557352 0.106953 
3050.356666 0.104185 
3049.155979 0.101618 
3047.955292 0.098927 
3046.754605 0.096500 
3045.553918 0.094055 
3044.353231 0.091898 
3043.152544 0.089803 
3041.951857 0.087678 
3040.751170 0.085658 
3039.550483 0.083835 
3038.349797 0.081862 
3037.149110 0.079721 
3035.948423 0.077701 
3034.747736 0.075514 
3033.547049 0.073442 
3032.346362 0.071413 
3031.145675 0.069714 
3029.944988 0.068312 
3028.744301 0.066788 
3027.543615 0.065269 
3026.342928 0.063754 
3025.142241 0.062281 
3023.941554 0.060758 
3022.740867 0.059505 
3021.540180 0.058298 
3020.339493 0.057065 
3019.138806 0.055787 
3017.938119 0.054518 
3016.737432 0.053443 
3015.536746 0.052413 
3014.336059 0.051545 
3013.135372 0.050579 
3011.934685 0.049515 
3010.733998 0.048314 
3009.533311 0.047338 
3008.332624 0.046399 
3007.131937 0.045362 
3005.931250 0.044323 
3004.730564 0.043261 
3003.529877 0.042359 
3002.329190 0.041460 
3001.128503 0.040605 
2999.927816 0.039719 
2998.727129 0.038947 
2997.526442 0.038290 
2996.325755 0.037800 
2995.125068 0.037323 
2993.924381 0.036725 
2992.723695 0.036199 
2991.523008 0.035708 
2990.322321 0.035220 
2989.121634 0.034653 
2987.920947 0.034119 
2986.720260 0.033654 
2985.519573 0.033042 
2984.318886 0.032415 
2983.118199 0.031953 
2981.917513 0.031617 
2980.716826 0.031089 
2979.516139 0.030512 
2978.315452 0.030158 
2977.114765 0.030000 
2975.914078 0.029710 
2974.713391 0.029159 
2973.512704 0.028741 
2972.312017 0.028453 
2971.111330 0.028115 
2969.910644 0.027638 
2968.709957 0.027268 
2967.509270 0.026950 
2966.308583 0.026580 
2965.107896 0.026143 
2963.907209 0.025719 
2962.706522 0.025363 
2961.505835 0.024972 
2960.305148 0.024614 
2959.104461 0.024330 
2957.903775 0.024198 
2956.703088 0.024188 
2955.502401 0.024114 
2954.301714 0.023855 
2953.101027 0.023534 
2951.900340 0.023336 
2950.699653 0.023226 
2949.498966 0.023070 
2948.298279 0.022814 
2947.097593 0.022586 
2945.896906 0.022428 
2944.696219 0.022245 
2943.495532 0.021936 
2942.294845 0.021582 
2941.094158 0.021352 
2939.893471 0.021238 
2938.692784 0.021129 
2937.492097 0.021069 
2936.291410 0.021208 
2935.090724 0.021413 
2933.890037 0.021379 
2932.689350 0.021156 
2931.488663 0.021069 
2930.287976 0.021207 
2929.087289 0.021250 
2927.886602 0.021084 
2926.685915 0.020897 
2925.485228 0.020908 
2924.284542 0.020971 
2923.083855 0.020902 
2921.883168 0.020650 
2920.682481 0.020292 
2919.481794 0.020042 
2918.281107 0.019922 
2917.080420 0.019826 
2915.879733 0.019578 
2914.679046 0.019323 
2913.478359 0.019224 
2912.277673 0.019276 
2911.076986 0.019253 
2909.876299 0.019080 
2908.675612 0.018925 
2907.474925 0.018861 
2906.274238 0.018825 
2905.073551 0.018722 
2903.872864 0.018585 
2902.672177 0.018419 
2901.471490 0.018251 
2900.270804 0.018104 
2899.070117 0.017993 
2897.869430 0.017854 
2896.668743 0.017641 
2895.468056 0.017521 
2894.267369 0.017533 
2893.066682 0.017561 
2891.865995 0.017461 
2890.665308 0.017259 
2889.464622 0.017095 
2888.263935 0.017009 
2887.063248 0.016989 
2885.862561 0.016996 
2884.661874 0.017011 
2883.461187 0.017033 
2882.260500 0.017049 
2881.059813 0.017041 
2879.859126 0.017010 
2878.658439 0.016996 
2877.457753 0.017022 
2876.257066 0.017055 
2875.056379 0.017037 
2873.855692 0.016959 
2872.655005 0.016821 
2871.454318 0.016683 
2870.253631 0.016626 
2869.052944 0.016710 
2867.852257 0.016855 
2866.651571 0.016855 
2865.450884 0.016684 
2864.250197 0.016499 
2863.049510 0.016481 
2861.848823 0.016576 
2860.648136 0.016593 
2859.447449 0.016457 
2858.246762 0.016274 
2857.046075 0.016192 
2855.845388 0.016210 
2854.644702 0.016234 
2853.444015 0.016189 
2852.243328 0.016070 
2851.042641 0.015934 
2849.841954 0.015885 
2848.641267 0.015963 
2847.440580 0.016037 
2846.239893 0.015946 
2845.039206 0.015796 
2843.838520 0.015775 
2842.637833 0.015843 
2841.437146 0.015798 
2840.236459 0.015690 
2839.035772 0.015712 
2837.835085 0.015835 
2836.634398 0.015849 
2835.433711 0.015756 
2834.233024 0.015680 
2833.032337 0.015658 
2831.831651 0.015578 
2830.630964 0.015473 
2829.430277 0.015414 
2828.229590 0.015438 
2827.028903 0.015447 
2825.828216 0.015391 
2824.627529 0.015297 
2823.426842 0.015232 
2822.226155 0.015222 
2821.025468 0.015212 
2819.824782 0.015167 
2818.624095 0.015123 
2817.423408 0.015113 
2816.222721 0.015098 
2815.022034 0.015068 
2813.821347 0.015052 
2812.620660 0.015049 
2811.419973 0.015028 
2810.219286 0.015015 
2809.018600 0.015018 
2807.817913 0.014974 
2806.617226 0.014904 
2805.416539 0.014950 
2804.215852 0.015104 
2803.015165 0.015148 
2801.814478 0.015016 
2800.613791 0.014882 
2799.413104 0.014828 
2798.212417 0.014797 
2797.011731 0.014747 
2795.811044 0.014752 
2794.610357 0.014784 
2793.409670 0.014769 
2792.208983 0.014752 
2791.008296 0.014785 
2789.807609 0.014869 
2788.606922 0.014987 
2787.406235 0.015088 
2786.205549 0.015093 
2785.004862 0.014961 
2783.804175 0.014820 
2782.603488 0.014805 
2781.402801 0.014902 
2780.202114 0.015059 
2779.001427 0.015183 
2777.800740 0.015212 
2776.600053 0.015159 
2775.399366 0.015146 
2774.198680 0.015248 
2772.997993 0.015382 
2771.797306 0.015498 
2770.596619 0.015586 
2769.395932 0.015609 
2768.195245 0.015538 
2766.994558 0.015437 
2765.793871 0.015402 
2764.593184 0.015409 
2763.392497 0.015365 
2762.191811 0.015284 
2760.991124 0.015241 
2759.790437 0.015281 
2758.589750 0.015356 
2757.389063 0.015414 
2756.188376 0.015505 
2754.987689 0.015650 
2753.787002 0.015767 
2752.586315 0.015754 
2751.385629 0.015640 
2750.184942 0.015525 
2748.984255 0.015501 
2747.783568 0.015558 
2746.582881 0.015676 
2745.382194 0.015850 
2744.181507 0.015985 
2742.980820 0.016037 
2741.780133 0.016007 
2740.579446 0.015954 
2739.378760 0.015920 
2738.178073 0.015913 
2736.977386 0.015957 
2735.776699 0.016094 
2734.576012 0.016297 
2733.375325 0.016400 
2732.174638 0.016366 
2730.973951 0.016274 
2729.773264 0.016231 
2728.572578 0.016275 
2727.371891 0.016393 
2726.171204 0.016538 
2724.970517 0.016549 
2723.769830 0.016439 
2722.569143 0.016349 
2721.368456 0.016388 
2720.167769 0.016489 
2718.967082 0.016567 
2717.766395 0.016636 
2716.565709 0.016730 
2715.365022 0.016810 
2714.164335 0.016818 
2712.963648 0.016786 
2711.762961 0.016793 
2710.562274 0.016882 
2709.361587 0.016975 
2708.160900 0.016976 
2706.960213 0.016918 
2705.759527 0.016928 
2704.558840 0.017015 
2703.358153 0.017074 
2702.157466 0.017062 
2700.956779 0.017031 
2699.756092 0.017053 
2698.555405 0.017155 
2697.354718 0.017321 
2696.154031 0.017511 
2694.953344 0.017600 
2693.752658 0.017575 
2692.551971 0.017495 
2691.351284 0.017435 
2690.150597 0.017425 
2688.949910 0.017421 
2687.749223 0.017422 
2686.548536 0.017484 
2685.347849 0.017632 
2684.147162 0.017733 
2682.946475 0.017727 
2681.745789 0.017677 
2680.545102 0.017707 
2679.344415 0.017789 
2678.143728 0.017894 
2676.943041 0.018021 
2675.742354 0.018124 
2674.541667 0.018122 
2673.340980 0.018065 
2672.140293 0.018092 
2670.939607 0.018227 
2669.738920 0.018305 
2668.538233 0.018240 
2667.337546 0.018136 
2666.136859 0.018166 
2664.936172 0.018313 
2663.735485 0.018437 
2662.534798 0.018453 
2661.334111 0.018436 
2660.133424 0.018491 
2658.932738 0.018604 
2657.732051 0.018710 
2656.531364 0.018830 
2655.330677 0.018980 
2654.129990 0.019080 
2652.929303 0.019101 
2651.728616 0.019078 
2650.527929 0.019063 
2649.327242 0.019087 
2648.126556 0.019175 
2646.925869 0.019315 
2645.725182 0.019451 
2644.524495 0.019555 
2643.323808 0.019635 
2642.123121 0.019699 
2640.922434 0.019728 
2639.721747 0.019728 
2638.521060 0.019704 
2637.320373 0.019685 
2636.119687 0.019750 
2634.919000 0.019927 
2633.718313 0.020071 
2632.517626 0.020040 
2631.316939 0.019886 
2630.116252 0.019821 
2628.915565 0.019883 
2627.714878 0.019980 
2626.514191 0.020086 
2625.313505 0.020266 
2624.112818 0.020498 
2622.912131 0.020633 
2621.711444 0.020651 
2620.510757 0.020691 
2619.310070 0.020805 
2618.109383 0.020905 
2616.908696 0.020883 
2615.708009 0.020873 
2614.507322 0.020975 
2613.306636 0.021106 
2612.105949 0.021141 
2610.905262 0.021149 
2609.704575 0.021229 
2608.503888 0.021355 
2607.303201 0.021480 
2606.102514 0.021595 
2604.901827 0.021699 
2603.701140 0.021729 
2602.500453 0.021722 
2601.299767 0.021801 
2600.099080 0.021950 
2598.898393 0.022087 
2597.697706 0.022128 
2596.497019 0.022140 
2595.296332 0.022164 
2594.095645 0.022214 
2592.894958 0.022317 
2591.694271 0.022468 
2590.493585 0.022616 
2589.292898 0.022712 
2588.092211 0.022805 
2586.891524 0.022906 
2585.690837 0.022965 
2584.490150 0.022938 
2583.289463 0.022919 
2582.088776 0.023001 
2580.888089 0.023138 
2579.687402 0.023242 
2578.486716 0.023346 
2577.286029 0.023542 
2576.085342 0.023748 
2574.884655 0.023879 
2573.683968 0.023877 
2572.483281 0.023844 
2571.282594 0.023881 
2570.081907 0.024013 
2568.881220 0.024243 
2567.680534 0.024463 
2566.479847 0.024589 
2565.279160 0.024587 
2564.078473 0.024520 
2562.877786 0.024536 
2561.677099 0.024691 
2560.476412 0.024919 
2559.275725 0.025092 
2558.075038 0.025130 
2556.874351 0.025097 
2555.673665 0.025099 
2554.472978 0.025210 
2553.272291 0.025421 
2552.071604 0.025587 
2550.870917 0.025676 
2549.670230 0.025715 
2548.469543 0.025779 
2547.268856 0.025847 
2546.068169 0.025890 
2544.867482 0.025963 
2543.666796 0.026100 
2542.466109 0.026251 
2541.265422 0.026370 
2540.064735 0.026495 
2538.864048 0.026617 
2537.663361 0.026671 
2536.462674 0.026664 
2535.261987 0.026714 
2534.061300 0.026894 
2532.860614 0.027064 
2531.659927 0.027183 
2530.459240 0.027257 
2529.258553 0.027310 
2528.057866 0.027372 
2526.857179 0.027521 
2525.656492 0.027742 
2524.455805 0.027885 
2523.255118 0.027890 
2522.054431 0.027866 
2520.853745 0.027895 
2519.653058 0.027943 
2518.452371 0.027997 
2517.251684 0.028117 
2516.050997 0.028323 
2514.850310 0.028563 
2513.649623 0.028690 
2512.448936 0.028693 
2511.248249 0.028680 
2510.047563 0.028825 
2508.846876 0.029102 
2507.646189 0.029366 
2506.445502 0.029501 
2505.244815 0.029544 
2504.044128 0.029585 
2502.843441 0.029658 
2501.642754 0.029785 
2500.442067 0.029928 
2499.241380 0.030020 
2498.040694 0.030026 
2496.840007 0.029975 
2495.639320 0.029937 
2494.438633 0.030012 
2493.237946 0.030226 
2492.037259 0.030460 
2490.836572 0.030615 
2489.635885 0.030665 
2488.435198 0.030727 
2487.234512 0.030797 
2486.033825 0.030842 
2484.833138 0.030896 
2483.632451 0.031008 
2482.431764 0.031147 
2481.231077 0.031272 
2480.030390 0.031405 
2478.829703 0.031511 
2477.629016 0.031599 
2476.428329 0.031705 
2475.227643 0.031860 
2474.026956 0.032001 
2472.826269 0.032065 
2471.625582 0.032079 
2470.424895 0.032124 
2469.224208 0.032272 
2468.023521 0.032493 
2466.822834 0.032747 
2465.622147 0.032891 
2464.421460 0.032963 
2463.220774 0.033001 
2462.020087 0.033022 
2460.819400 0.033063 
2459.618713 0.033165 
2458.418026 0.033289 
2457.217339 0.033346 
2456.016652 0.033368 
2454.815965 0.033468 
2453.615278 0.033652 
2452.414592 0.033819 
2451.213905 0.033930 
2450.013218 0.034029 
2448.812531 0.034121 
2447.611844 0.034223 
2446.411157 0.034325 
2445.210470 0.034402 
2444.009783 0.034457 
2442.809096 0.034534 
2441.608409 0.034640 
2440.407723 0.034707 
2439.207036 0.034735 
2438.006349 0.034808 
2436.805662 0.034974 
2435.604975 0.035116 
2434.404288 0.035207 
2433.203601 0.035324 
2432.002914 0.035506 
2430.802227 0.035689 
2429.601541 0.035770 
2428.400854 0.035778 
2427.200167 0.035776 
2425.999480 0.035838 
2424.798793 0.035967 
2423.598106 0.036128 
2422.397419 0.036220 
2421.196732 0.036243 
2419.996045 0.036325 
2418.795358 0.036500 
2417.594672 0.036695 
2416.393985 0.036760 
2415.193298 0.036793 
2413.992611 0.036910 
2412.791924 0.037133 
2411.591237 0.037307 
2410.390550 0.037384 
2409.189863 0.037403 
2407.989176 0.037410 
2406.788489 0.037411 
2405.587803 0.037421 
2404.387116 0.037496 
2403.186429 0.037655 
2401.985742 0.037860 
2400.785055 0.038003 
2399.584368 0.038108 
2398.383681 0.038190 
2397.182994 0.038263 
2395.982307 0.038340 
2394.781621 0.038439 
2393.580934 0.038576 
2392.380247 0.038690 
2391.179560 0.038781 
2389.978873 0.038889 
2388.778186 0.039014 
2387.577499 0.039104 
2386.376812 0.039184 
2385.176125 0.039298 
2383.975438 0.039437 
2382.774752 0.039570 
2381.574065 0.039656 
2380.373378 0.039731 
2379.172691 0.039804 
2377.972004 0.039891 
2376.771317 0.040028 
2375.570630 0.040208 
2374.369943 0.040398 
2373.169256 0.040542 
2371.968570 0.040619 
2370.767883 0.040645 
2369.567196 0.040689 
2368.366509 0.040789 
2367.165822 0.040945 
2365.965135 0.041117 
2364.764448 0.041263 
2363.563761 0.041366 
2362.363074 0.041376 
2361.162387 0.041377 
2359.961701 0.041473 
2358.761014 0.041697 
2357.560327 0.041911 
2356.359640 0.042076 
2355.158953 0.042226 
2353.958266 0.042412 
2352.757579 0.042651 
2351.556892 0.042889 
2350.356205 0.043192 
2349.155519 0.043582 
2347.954832 0.044093 
2346.754145 0.044795 
2345.553458 0.045704 
2344.352771 0.046786 
2343.152084 0.047885 
2341.951397 0.048670 
2340.750710 0.048744 
2339.550023 0.048031 
2338.349336 0.046873 
2337.148650 0.045776 
2335.947963 0.045067 
2334.747276 0.044791 
2333.546589 0.044788 
2332.345902 0.044920 
2331.145215 0.045106 
2329.944528 0.045299 
2328.743841 0.045497 
2327.543154 0.045640 
2326.342467 0.045753 
2325.141781 0.045884 
2323.941094 0.046093 
2322.740407 0.046347 
2321.539720 0.046508 
2320.339033 0.046596 
2319.138346 0.046712 
2317.937659 0.046941 
2316.736972 0.047163 
2315.536285 0.047334 
2314.335599 0.047440 
2313.134912 0.047549 
2311.934225 0.047673 
2310.733538 0.047812 
2309.532851 0.048014 
2308.332164 0.048229 
2307.131477 0.048427 
2305.930790 0.048605 
2304.730103 0.048818 
2303.529416 0.049028 
2302.328730 0.049223 
2301.128043 0.049424 
2299.927356 0.049656 
2298.726669 0.049902 
2297.525982 0.050061 
2296.325295 0.050180 
2295.124608 0.050293 
2293.923921 0.050421 
2292.723234 0.050591 
2291.522548 0.050819 
2290.321861 0.051067 
2289.121174 0.051274 
2287.920487 0.051453 
2286.719800 0.051645 
2285.519113 0.051928 
2284.318426 0.052239 
2283.117739 0.052499 
2281.917052 0.052624 
2280.716365 0.052661 
2279.515679 0.052795 
2278.314992 0.053080 
2277.114305 0.053389 
2275.913618 0.053593 
2274.712931 0.053767 
2273.512244 0.053989 
2272.311557 0.054260 
2271.110870 0.054469 
2269.910183 0.054586 
2268.709496 0.054674 
2267.508810 0.054785 
2266.308123 0.054978 
2265.107436 0.055234 
2263.906749 0.055488 
2262.706062 0.055665 
2261.505375 0.055857 
2260.304688 0.056083 
2259.104001 0.056270 
2257.903314 0.056372 
2256.702628 0.056509 
2255.501941 0.056819 
2254.301254 0.057122 
2253.100567 0.057291 
2251.899880 0.057392 
2250.699193 0.057582 
2249.498506 0.057892 
2248.297819 0.058104 
2247.097132 0.058184 
2245.896445 0.058247 
2244.695759 0.058437 
2243.495072 0.058676 
2242.294385 0.058904 
2241.093698 0.059075 
2239.893011 0.059247 
2238.692324 0.059404 
2237.491637 0.059473 
2236.290950 0.059503 
2235.090263 0.059617 
2233.889577 0.059840 
2232.688890 0.060069 
2231.488203 0.060254 
2230.287516 0.060320 
2229.086829 0.060320 
2227.886142 0.060337 
2226.685455 0.060439 
2225.484768 0.060633 
2224.284081 0.060799 
2223.083394 0.060937 
2221.882708 0.061029 
2220.682021 0.061063 
2219.481334 0.061094 
2218.280647 0.061212 
2217.079960 0.061391 
2215.879273 0.061490 
2214.678586 0.061458 
2213.477899 0.061394 
2212.277212 0.061359 
2211.076526 0.061347 
2209.875839 0.061338 
2208.675152 0.061333 
2207.474465 0.061311 
2206.273778 0.061269 
2205.073091 0.061255 
2203.872404 0.061275 
2202.671717 0.061264 
2201.471030 0.061179 
2200.270343 0.061091 
2199.069657 0.061040 
2197.868970 0.061010 
2196.668283 0.060961 
2195.467596 0.060884 
2194.266909 0.060784 
2193.066222 0.060654 
2191.865535 0.060539 
2190.664848 0.060487 
2189.464161 0.060451 
2188.263474 0.060325 
2187.062788 0.060086 
2185.862101 0.059815 
2184.661414 0.059596 
2183.460727 0.059451 
2182.260040 0.059354 
2181.059353 0.059318 
2179.858666 0.059262 
2178.657979 0.059127 
2177.457292 0.058914 
2176.256606 0.058743 
2175.055919 0.058593 
2173.855232 0.058412 
2172.654545 0.058194 
2171.453858 0.057909 
2170.253171 0.057618 
2169.052484 0.057342 
2167.851797 0.057171 
2166.651110 0.057030 
2165.450423 0.056826 
2164.249737 0.056559 
2163.049050 0.056334 
2161.848363 0.056123 
2160.647676 0.055826 
2159.446989 0.055504 
2158.246302 0.055207 
2157.045615 0.055031 
2155.844928 0.054885 
2154.644241 0.054677 
2153.443555 0.054379 
2152.242868 0.054011 
2151.042181 0.053740 
2149.841494 0.053551 
2148.640807 0.053358 
2147.440120 0.053085 
2146.239433 0.052852 
2145.038746 0.052677 
2143.838059 0.052506 
2142.637372 0.052247 
2141.436686 0.051937 
2140.235999 0.051723 
2139.035312 0.051537 
2137.834625 0.051270 
2136.633938 0.050888 
2135.433251 0.050605 
2134.232564 0.050452 
2133.031877 0.050351 
2131.831190 0.050164 
2130.630504 0.049895 
2129.429817 0.049600 
2128.229130 0.049233 
2127.028443 0.048893 
2125.827756 0.048605 
2124.627069 0.048370 
2123.426382 0.048106 
2122.225695 0.047840 
2121.025008 0.047617 
2119.824321 0.047468 
2118.623635 0.047336 
2117.422948 0.047123 
2116.222261 0.046879 
2115.021574 0.046617 
2113.820887 0.046397 
2112.620200 0.046229 
2111.419513 0.046065 
2110.218826 0.045835 
2109.018139 0.045523 
2107.817452 0.045207 
2106.616766 0.044978 
2105.416079 0.044830 
2104.215392 0.044649 
2103.014705 0.044448 
2101.814018 0.044260 
2100.613331 0.044071 
2099.412644 0.043844 
2098.211957 0.043580 
2097.011270 0.043375 
2095.810584 0.043172 
2094.609897 0.042937 
2093.409210 0.042682 
2092.208523 0.042501 
2091.007836 0.042302 
2089.807149 0.042037 
2088.606462 0.041768 
2087.405775 0.041561 
2086.205088 0.041385 
2085.004401 0.041135 
2083.803715 0.040862 
2082.603028 0.040623 
2081.402341 0.040432 
2080.201654 0.040185 
2079.000967 0.039893 
2077.800280 0.039617 
2076.599593 0.039416 
2075.398906 0.039279 
2074.198219 0.039124 
2072.997533 0.038957 
2071.796846 0.038778 
2070.596159 0.038575 
2069.395472 0.038310 
2068.194785 0.038055 
2066.994098 0.037827 
2065.793411 0.037622 
2064.592724 0.037412 
2063.392037 0.037163 
2062.191350 0.036934 
2060.990664 0.036714 
2059.789977 0.036542 
2058.589290 0.036378 
2057.388603 0.036158 
2056.187916 0.035891 
2054.987229 0.035650 
2053.786542 0.035465 
2052.585855 0.035311 
2051.385168 0.035172 
2050.184481 0.034995 
2048.983795 0.034790 
2047.783108 0.034599 
2046.582421 0.034468 
2045.381734 0.034360 
2044.181047 0.034155 
2042.980360 0.033921 
2041.779673 0.033725 
2040.578986 0.033608 
2039.378299 0.033468 
2038.177613 0.033265 
2036.976926 0.033013 
2035.776239 0.032809 
2034.575552 0.032676 
2033.374865 0.032560 
2032.174178 0.032430 
2030.973491 0.032242 
2029.772804 0.032007 
2028.572117 0.031750 
2027.371430 0.031563 
2026.170744 0.031471 
2024.970057 0.031378 
2023.769370 0.031201 
2022.568683 0.031024 
2021.367996 0.030934 
2020.167309 0.030868 
2018.966622 0.030725 
2017.765935 0.030514 
2016.565248 0.030345 
2015.364562 0.030268 
2014.163875 0.030199 
2012.963188 0.030055 
2011.762501 0.029861 
2010.561814 0.029710 
2009.361127 0.029633 
2008.160440 0.029556 
2006.959753 0.029407 
2005.759066 0.029242 
2004.558379 0.029127 
2003.357693 0.029051 
2002.157006 0.028976 
2000.956319 0.028882 
1999.755632 0.028791 
1998.554945 0.028708 
1997.354258 0.028640 
1996.153571 0.028560 
1994.952884 0.028433 
1993.752197 0.028248 
1992.551511 0.028064 
1991.350824 0.027948 
1990.150137 0.027900 
1988.949450 0.027876 
1987.748763 0.027839 
1986.548076 0.027783 
1985.347389 0.027690 
1984.146702 0.027575 
1982.946015 0.027450 
1981.745328 0.027371 
1980.544642 0.027376 
1979.343955 0.027420 
1978.143268 0.027404 
1976.942581 0.027273 
1975.741894 0.027119 
1974.541207 0.027038 
1973.340520 0.027009 
1972.139833 0.026952 
1970.939146 0.026895 
1969.738459 0.026923 
1968.537773 0.027036 
1967.337086 0.027163 
1966.136399 0.027345 
1964.935712 0.027648 
1963.735025 0.028122 
1962.534338 0.028698 
1961.333651 0.029381 
1960.132964 0.030303 
1958.932277 0.031234 
1957.731591 0.032122 
1956.530904 0.032730 
1955.330217 0.033071 
1954.129530 0.033064 
1952.928843 0.032602 
1951.728156 0.031770 
1950.527469 0.030773 
1949.326782 0.029790 
1948.126095 0.028941 
1946.925408 0.028141 
1945.724722 0.027568 
1944.524035 0.027120 
1943.323348 0.026784 
1942.122661 0.026543 
1940.921974 0.026417 
1939.721287 0.026343 
1938.520600 0.026311 
1937.319913 0.026316 
1936.119226 0.026324 
1934.918540 0.026286 
1933.717853 0.026202 
1932.517166 0.026127 
1931.316479 0.026097 
1930.115792 0.026099 
1928.915105 0.026112 
1927.714418 0.026137 
1926.513731 0.026174 
1925.313044 0.026195 
1924.112357 0.026177 
1922.911671 0.026133 
1921.710984 0.026105 
1920.510297 0.026052 
1919.309610 0.025939 
1918.108923 0.025820 
1916.908236 0.025779 
1915.707549 0.025826 
1914.506862 0.025894 
1913.306175 0.025954 
1912.105488 0.025988 
1910.904802 0.025964 
1909.704115 0.025911 
1908.503428 0.025901 
1907.302741 0.025942 
1906.102054 0.025962 
1904.901367 0.025950 
1903.700680 0.025951 
1902.499993 0.025972 
1901.299306 0.025980 
1900.098620 0.025992 
1898.897933 0.026030 
1897.697246 0.026057 
1896.496559 0.026039 
1895.295872 0.026011 
1894.095185 0.026014 
1892.894498 0.026040 
1891.693811 0.026056 
1890.493124 0.026068 
1889.292437 0.026086 
1888.091751 0.026123 
1886.891064 0.026186 
1885.690377 0.026262 
1884.489690 0.026333 
1883.289003 0.026408 
1882.088316 0.026472 
1880.887629 0.026448 
1879.686942 0.026326 
1878.486255 0.026224 
1877.285569 0.026250 
1876.084882 0.026336 
1874.884195 0.026401 
1873.683508 0.026454 
1872.482821 0.026485 
1871.282134 0.026412 
1870.081447 0.026249 
1868.880760 0.026121 
1867.680073 0.026206 
1866.479386 0.026424 
1865.278700 0.026640 
1864.078013 0.026760 
1862.877326 0.026771 
1861.676639 0.026738 
1860.475952 0.026737 
1859.275265 0.026797 
1858.074578 0.026893 
1856.873891 0.026980 
1855.673204 0.027066 
1854.472518 0.027132 
1853.271831 0.027168 
1852.071144 0.027180 
1850.870457 0.027176 
1849.669770 0.027173 
1848.469083 0.027209 
1847.268396 0.027256 
1846.067709 0.027230 
1844.867022 0.027125 
1843.666335 0.027104 
1842.465649 0.027273 
1841.264962 0.027532 
1840.064275 0.027699 
1838.863588 0.027743 
1837.662901 0.027753 
1836.462214 0.027819 
1835.261527 0.027941 
1834.060840 0.028073 
1832.860153 0.028149 
1831.659466 0.028107 
1830.458780 0.028001 
1829.258093 0.027983 
1828.057406 0.028136 
1826.856719 0.028302 
1825.656032 0.028413 
1824.455345 0.028519 
1823.254658 0.028712 
1822.053971 0.028931 
1820.853284 0.029083 
1819.652598 0.029199 
1818.451911 0.029303 
1817.251224 0.029416 
1816.050537 0.029537 
1814.849850 0.029678 
1813.649163 0.029766 
1812.448476 0.029807 
1811.247789 0.029854 
1810.047102 0.029955 
1808.846415 0.030111 
1807.645729 0.030263 
1806.445042 0.030410 
1805.244355 0.030512 
1804.043668 0.030552 
1802.842981 0.030578 
1801.642294 0.030643 
1800.441607 0.030753 
1799.240920 0.030902 
1798.040233 0.031114 
1796.839547 0.031351 
1795.638860 0.031568 
1794.438173 0.031619 
1793.237486 0.031562 
1792.036799 0.031580 
1790.836112 0.031839 
1789.635425 0.032271 
1788.434738 0.032678 
1787.234051 0.032936 
1786.033364 0.033087 
1784.832678 0.033278 
1783.631991 0.033502 
1782.431304 0.033741 
1781.230617 0.033990 
1780.029930 0.034296 
1778.829243 0.034649 
1777.628556 0.034932 
1776.427869 0.035137 
1775.227182 0.035246 
1774.026495 0.035219 
1772.825809 0.035194 
1771.625122 0.035430 
1770.424435 0.035957 
1769.223748 0.036484 
1768.023061 0.036852 
1766.822374 0.037202 
1765.621687 0.037729 
1764.421000 0.038195 
1763.220313 0.038468 
1762.019627 0.038670 
1760.818940 0.039078 
1759.618253 0.039590 
1758.417566 0.040020 
1757.216879 0.040350 
1756.016192 0.040787 
1754.815505 0.041453 
1753.614818 0.041954 
1752.414131 0.042237 
1751.213444 0.042479 
1750.012758 0.043014 
1748.812071 0.043805 
1747.611384 0.044629 
1746.410697 0.045368 
1745.210010 0.046055 
1744.009323 0.046747 
1742.808636 0.047381 
1741.607949 0.048030 
1740.407262 0.048599 
1739.206576 0.049307 
1738.005889 0.050213 
1736.805202 0.051039 
1735.604515 0.051538 
1734.403828 0.051877 
1733.203141 0.052660 
1732.002454 0.053942 
1730.801767 0.055432 
1729.601080 0.056584 
1728.400393 0.057695 
1727.199707 0.058825 
1725.999020 0.059922 
1724.798333 0.060961 
1723.597646 0.061891 
1722.396959 0.062980 
1721.196272 0.064074 
1719.995585 0.065059 
1718.794898 0.065767 
1717.594211 0.066538 
1716.393525 0.067598 
1715.192838 0.069029 
1713.992151 0.070647 
1712.791464 0.072199 
1711.590777 0.073772 
1710.390090 0.075066 
1709.189403 0.076380 
1707.988716 0.077701 
1706.788029 0.079015 
1705.587342 0.080218 
1704.386656 0.081650 
1703.185969 0.083043 
1701.985282 0.083957 
1700.784595 0.084627 
1699.583908 0.085715 
1698.383221 0.087441 
1697.182534 0.088931 
1695.981847 0.089848 
1694.781160 0.090829 
1693.580473 0.092215 
1692.379787 0.093558 
1691.179100 0.094401 
1689.978413 0.094916 
1688.777726 0.095390 
1687.577039 0.095907 
1686.376352 0.096031 
1685.175665 0.095843 
1683.974978 0.095904 
1682.774291 0.096645 
1681.573605 0.097892 
1680.372918 0.098840 
1679.172231 0.099434 
1677.971544 0.099851 
1676.770857 0.100181 
1675.570170 0.100402 
1674.369483 0.100755 
1673.168796 0.101335 
1671.968109 0.101892 
1670.767422 0.102214 
1669.566736 0.102475 
1668.366049 0.103015 
1667.165362 0.103778 
1665.964675 0.104450 
1664.763988 0.104797 
1663.563301 0.104982 
1662.362614 0.105237 
1661.161927 0.105680 
1659.961240 0.106134 
1658.760554 0.106409 
1657.559867 0.106573 
1656.359180 0.106619 
1655.158493 0.106277 
1653.957806 0.105425 
1652.757119 0.104715 
1651.556432 0.105061 
1650.355745 0.106018 
1649.155058 0.106626 
1647.954371 0.106488 
1646.753685 0.105938 
1645.552998 0.105602 
1644.352311 0.105522 
1643.151624 0.105513 
1641.950937 0.105287 
1640.750250 0.104850 
1639.549563 0.104340 
1638.348876 0.103618 
1637.148189 0.102552 
1635.947503 0.101263 
1634.746816 0.100330 
1633.546129 0.099877 
1632.345442 0.099624 
1631.144755 0.099074 
1629.944068 0.098196 
1628.743381 0.097192 
1627.542694 0.096111 
1626.342007 0.095192 
1625.141320 0.094235 
1623.940634 0.093218 
1622.739947 0.092091 
1621.539260 0.091218 
1620.338573 0.090470 
1619.137886 0.089641 
1617.937199 0.088416 
1616.736512 0.086997 
1615.535825 0.086042 
1614.335138 0.085575 
1613.134451 0.085311 
1611.933765 0.084802 
1610.733078 0.084097 
1609.532391 0.083371 
1608.331704 0.082728 
1607.131017 0.082049 
1605.930330 0.081396 
1604.729643 0.080834 
1603.528956 0.080235 
1602.328269 0.079657 
1601.127583 0.079052 
1599.926896 0.078460 
1598.726209 0.077864 
1597.525522 0.077269 
1596.324835 0.076761 
1595.124148 0.076288 
1593.923461 0.075793 
1592.722774 0.075283 
1591.522087 0.074877 
1590.321400 0.074497 
1589.120714 0.074134 
1587.920027 0.073723 
1586.719340 0.073258 
1585.518653 0.072822 
1584.317966 0.072407 
1583.117279 0.072050 
1581.916592 0.071664 
1580.715905 0.071307 
1579.515218 0.070928 
1578.314532 0.070417 
1577.113845 0.069663 
1575.913158 0.069002 
1574.712471 0.068815 
1573.511784 0.068965 
1572.311097 0.068869 
1571.110410 0.068352 
1569.909723 0.067723 
1568.709036 0.067316 
1567.508349 0.067120 
1566.307663 0.066891 
1565.106976 0.066589 
1563.906289 0.066324 
1562.705602 0.066018 
1561.504915 0.065365 
1560.304228 0.064098 
1559.103541 0.063000 
1557.902854 0.062749 
1556.702167 0.063185 
1555.501480 0.063552 
1554.300794 0.063479 
1553.100107 0.063337 
1551.899420 0.063228 
1550.698733 0.063034 
1549.498046 0.062735 
1548.297359 0.062531 
1547.096672 0.062324 
1545.895985 0.061944 
1544.695298 0.061366 
1543.494612 0.060716 
1542.293925 0.060115 
1541.093238 0.059407 
1539.892551 0.058820 
1538.691864 0.058724 
1537.491177 0.059098 
1536.290490 0.059504 
1535.089803 0.059426 
1533.889116 0.059034 
1532.688429 0.058749 
1531.487743 0.058682 
1530.287056 0.058618 
1529.086369 0.058419 
1527.885682 0.058076 
1526.684995 0.057671 
1525.484308 0.057322 
1524.283621 0.057080 
1523.082934 0.056691 
1521.882247 0.056128 
1520.681561 0.055725 
1519.480874 0.055748 
1518.280187 0.055832 
1517.079500 0.055707 
1515.878813 0.055519 
1514.678126 0.055493 
1513.477439 0.055488 
1512.276752 0.055353 
1511.076065 0.055141 
1509.875378 0.054805 
1508.674692 0.054144 
1507.474005 0.053301 
1506.273318 0.052652 
1505.072631 0.052826 
1503.871944 0.053415 
1502.671257 0.053849 
1501.470570 0.053880 
1500.269883 0.053620 
1499.069196 0.053276 
1497.868510 0.052852 
1496.667823 0.052473 
1495.467136 0.052374 
1494.266449 0.052513 
1493.065762 0.052588 
1491.865075 0.052413 
1490.664388 0.052109 
1489.463701 0.051882 
1488.263014 0.051776 
1487.062327 0.051714 
1485.861641 0.051704 
1484.660954 0.051721 
1483.460267 0.051682 
1482.259580 0.051562 
1481.058893 0.051458 
1479.858206 0.051373 
1478.657519 0.051197 
1477.456832 0.050913 
1476.256145 0.050557 
1475.055458 0.050205 
1473.854772 0.049785 
1472.654085 0.049460 
1471.453398 0.049463 
1470.252711 0.049725 
1469.052024 0.049954 
1467.851337 0.049947 
1466.650650 0.049710 
1465.449963 0.049366 
1464.249276 0.049151 
1463.048590 0.049106 
1461.847903 0.049158 
1460.647216 0.049066 
1459.446529 0.048626 
1458.245842 0.047877 
1457.045155 0.047278 
1455.844468 0.047285 
1454.643781 0.047742 
1453.443094 0.048149 
1452.242407 0.048319 
1451.041721 0.048311 
1449.841034 0.048224 
1448.640347 0.048016 
1447.439660 0.047771 
1446.238973 0.047664 
1445.038286 0.047692 
1443.837599 0.047688 
1442.636912 0.047569 
1441.436225 0.047394 
1440.235539 0.047230 
1439.034852 0.046961 
1437.834165 0.046551 
1436.633478 0.046175 
1435.432791 0.046072 
1434.232104 0.046182 
1433.031417 0.046266 
1431.830730 0.046162 
1430.630043 0.045988 
1429.429356 0.045867 
1428.228670 0.045831 
1427.027983 0.045832 
1425.827296 0.045796 
1424.626609 0.045728 
1423.425922 0.045679 
1422.225235 0.045563 
1421.024548 0.045217 
1419.823861 0.044644 
1418.623174 0.044192 
1417.422487 0.044095 
1416.221801 0.044166 
1415.021114 0.044108 
1413.820427 0.043915 
1412.619740 0.043716 
1411.419053 0.043527 
1410.218366 0.043329 
1409.017679 0.043126 
1407.816992 0.043006 
1406.616305 0.042873 
1405.415619 0.042606 
1404.214932 0.042277 
1403.014245 0.041989 
1401.813558 0.041773 
1400.612871 0.041481 
1399.412184 0.041182 
1398.211497 0.040984 
1397.010810 0.040886 
1395.810123 0.040686 
1394.609436 0.040399 
1393.408750 0.040207 
1392.208063 0.040203 
1391.007376 0.040207 
1389.806689 0.040053 
1388.606002 0.039752 
1387.405315 0.039465 
1386.204628 0.039341 
1385.003941 0.039305 
1383.803254 0.039245 
1382.602568 0.039129 
1381.401881 0.039047 
1380.201194 0.039043 
1379.000507 0.039082 
1377.799820 0.039085 
1376.599133 0.039011 
1375.398446 0.038877 
1374.197759 0.038741 
1372.997072 0.038646 
1371.796385 0.038516 
1370.595699 0.038286 
1369.395012 0.037966 
1368.194325 0.037568 
1366.993638 0.037241 
1365.792951 0.036966 
1364.592264 0.036717 
1363.391577 0.036434 
1362.190890 0.036154 
1360.990203 0.036003 
1359.789517 0.035989 
1358.588830 0.035989 
1357.388143 0.035840 
1356.187456 0.035544 
1354.986769 0.035147 
1353.786082 0.034831 
1352.585395 0.034616 
1351.384708 0.034443 
1350.184021 0.034256 
1348.983334 0.034006 
1347.782648 0.033738 
1346.581961 0.033461 
1345.381274 0.033221 
1344.180587 0.033002 
1342.979900 0.032799 
1341.779213 0.032539 
1340.578526 0.032242 
1339.377839 0.031964 
1338.177152 0.031738 
1336.976465 0.031591 
1335.775779 0.031460 
1334.575092 0.031300 
1333.374405 0.031093 
1332.173718 0.030887 
1330.973031 0.030731 
1329.772344 0.030612 
1328.571657 0.030472 
1327.370970 0.030266 
1326.170283 0.030019 
1324.969597 0.029753 
1323.768910 0.029577 
1322.568223 0.029421 
1321.367536 0.029221 
1320.166849 0.028996 
1318.966162 0.028808 
1317.765475 0.028697 
1316.564788 0.028596 
1315.364101 0.028477 
1314.163414 0.028339 
1312.962728 0.028210 
1311.762041 0.028059 
1310.561354 0.027906 
1309.360667 0.027765 
1308.159980 0.027625 
1306.959293 0.027480 
1305.758606 0.027305 
1304.557919 0.027152 
1303.357232 0.027020 
1302.156546 0.026883 
1300.955859 0.026686 
1299.755172 0.026489 
1298.554485 0.026333 
1297.353798 0.026204 
1296.153111 0.026073 
1294.952424 0.025920 
1293.751737 0.025788 
1292.551050 0.025656 
1291.350363 0.025533 
1290.149677 0.025407 
1288.948990 0.025268 
1287.748303 0.025089 
1286.547616 0.024913 
1285.346929 0.024773 
1284.146242 0.024634 
1282.945555 0.024498 
1281.744868 0.024358 
1280.544181 0.024238 
1279.343494 0.024127 
1278.142808 0.024025 
1276.942121 0.023919 
1275.741434 0.023782 
1274.540747 0.023609 
1273.340060 0.023444 
1272.139373 0.023315 
1270.938686 0.023170 
1269.737999 0.023020 
1268.537312 0.022879 
1267.336626 0.022767 
1266.135939 0.022665 
1264.935252 0.022530 
1263.734565 0.022397 
1262.533878 0.022296 
1261.333191 0.022217 
1260.132504 0.022087 
1258.931817 0.021929 
1257.731130 0.021785 
1256.530443 0.021699 
1255.329757 0.021619 
1254.129070 0.021506 
1252.928383 0.021419 
1251.727696 0.021396 
1250.527009 0.021443 
1249.326322 0.021497 
1248.125635 0.021496 
1246.924948 0.021404 
1245.724261 0.021253 
1244.523575 0.021101 
1243.322888 0.020968 
1242.122201 0.020838 
1240.921514 0.020694 
1239.720827 0.020587 
1238.520140 0.020492 
1237.319453 0.020379 
1236.118766 0.020233 
1234.918079 0.020051 
1233.717392 0.019866 
1232.516706 0.019697 
1231.316019 0.019573 
1230.115332 0.019495 
1228.914645 0.019442 
1227.713958 0.019372 
1226.513271 0.019276 
1225.312584 0.019147 
1224.111897 0.019009 
1222.911210 0.018891 
1221.710524 0.018783 
1220.509837 0.018703 
1219.309150 0.018649 
1218.108463 0.018604 
1216.907776 0.018514 
1215.707089 0.018383 
1214.506402 0.018252 
1213.305715 0.018155 
1212.105028 0.018067 
1210.904341 0.017959 
1209.703655 0.017880 
1208.502968 0.017838 
1207.302281 0.017801 
1206.101594 0.017718 
1204.900907 0.017625 
1203.700220 0.017525 
1202.499533 0.017420 
1201.298846 0.017306 
1200.098159 0.017209 
1198.897472 0.017146 
1197.696786 0.017087 
1196.496099 0.016999 
1195.295412 0.016879 
1194.094725 0.016763 
1192.894038 0.016698 
1191.693351 0.016680 
1190.492664 0.016632 
1189.291977 0.016534 
1188.091290 0.016439 
1186.890604 0.016379 
1185.689917 0.016332 
1184.489230 0.016251 
1183.288543 0.016161 
1182.087856 0.016104 
1180.887169 0.016071 
1179.686482 0.016002 
1178.485795 0.015872 
1177.285108 0.015731 
1176.084421 0.015645 
1174.883735 0.015604 
1173.683048 0.015540 
1172.482361 0.015448 
1171.281674 0.015362 
1170.080987 0.015286 
1168.880300 0.015212 
1167.679613 0.015147 
1166.478926 0.015095 
1165.278239 0.015012 
1164.077553 0.014912 
1162.876866 0.014826 
1161.676179 0.014756 
1160.475492 0.014668 
1159.274805 0.014614 
1158.074118 0.014627 
1156.873431 0.014608 
1155.672744 0.014491 
1154.472057 0.014327 
1153.271370 0.014233 
1152.070684 0.014186 
1150.869997 0.014119 
1149.669310 0.014023 
1148.468623 0.013932 
1147.267936 0.013837 
1146.067249 0.013739 
1144.866562 0.013663 
1143.665875 0.013597 
1142.465188 0.013526 
1141.264502 0.013435 
1140.063815 0.013354 
1138.863128 0.013309 
1137.662441 0.013289 
1136.461754 0.013242 
1135.261067 0.013155 
1134.060380 0.013059 
1132.859693 0.012964 
1131.659006 0.012870 
1130.458319 0.012764 
1129.257633 0.012688 
1128.056946 0.012664 
1126.856259 0.012635 
1125.655572 0.012556 
1124.454885 0.012411 
1123.254198 0.012271 
1122.053511 0.012170 
1120.852824 0.012093 
1119.652137 0.011980 
1118.451450 0.011860 
1117.250764 0.011783 
1116.050077 0.011755 
1114.849390 0.011750 
1113.648703 0.011773 
1112.448016 0.011802 
1111.247329 0.011744 
1110.046642 0.011551 
1108.845955 0.011300 
1107.645268 0.011139 
1106.444582 0.011035 
1105.243895 0.010947 
1104.043208 0.010876 
1102.842521 0.010791 
1101.641834 0.010661 
1100.441147 0.010497 
1099.240460 0.010415 
1098.039773 0.010441 
1096.839086 0.010487 
1095.638399 0.010491 
1094.437713 0.010480 
1093.237026 0.010514 
1092.036339 0.010565 
1090.835652 0.010558 
1089.634965 0.010451 
1088.434278 0.010321 
1087.233591 0.010246 
1086.032904 0.010232 
1084.832217 0.010226 
1083.631531 0.010166 
1082.430844 0.010065 
1081.230157 0.009953 
1080.029470 0.009860 
1078.828783 0.009765 
1077.628096 0.009667 
1076.427409 0.009587 
1075.226722 0.009570 
1074.026035 0.009570 
1072.825348 0.009514 
1071.624662 0.009444 
1070.423975 0.009438 
1069.223288 0.009495 
1068.022601 0.009512 
1066.821914 0.009469 
1065.621227 0.009409 
1064.420540 0.009384 
1063.219853 0.009370 
1062.019166 0.009354 
1060.818479 0.009330 
1059.617793 0.009283 
1058.417106 0.009223 
1057.216419 0.009171 
1056.015732 0.009158 
1054.815045 0.009184 
1053.614358 0.009215 
1052.413671 0.009239 
1051.212984 0.009253 
1050.012297 0.009271 
1048.811611 0.009309 
1047.610924 0.009355 
1046.410237 0.009378 
1045.209550 0.009335 
1044.008863 0.009246 
1042.808176 0.009163 
1041.607489 0.009098 
1040.406802 0.009025 
1039.206115 0.008917 
1038.005428 0.008792 
1036.804742 0.008681 
1035.604055 0.008584 
1034.403368 0.008522 
1033.202681 0.008473 
1032.001994 0.008435 
1030.801307 0.008412 
1029.600620 0.008406 
1028.399933 0.008394 
1027.199246 0.008373 
1025.998560 0.008364 
1024.797873 0.008395 
1023.597186 0.008442 
1022.396499 0.008495 
1021.195812 0.008531 
1019.995125 0.008530 
1018.794438 0.008523 
1017.593751 0.008543 
1016.393064 0.008586 
1015.192377 0.008593 
1013.991691 0.008560 
1012.791004 0.008512 
1011.590317 0.008460 
1010.389630 0.008404 
1009.188943 0.008358 
1007.988256 0.008327 
1006.787569 0.008305 
1005.586882 0.008299 
1004.386195 0.008311 
1003.185509 0.008313 
1001.984822 0.008295 
1000.784135 0.008290 
999.583448 0.008314 
998.382761 0.008344 
997.182074 0.008390 
995.981387 0.008467 
994.780700 0.008539 
993.580013 0.008582 
992.379326 0.008633 
991.178640 0.008740 
989.977953 0.008865 
988.777266 0.008958 
987.576579 0.009018 
986.375892 0.009091 
985.175205 0.009212 
983.974518 0.009378 
982.773831 0.009539 
981.573144 0.009649 
980.372457 0.009738 
979.171771 0.009858 
977.971084 0.010010 
976.770397 0.010167 
975.569710 0.010321 
974.369023 0.010468 
973.168336 0.010611 
971.967649 0.010768 
970.766962 0.010968 
969.566275 0.011194 
968.365589 0.011416 
967.164902 0.011635 
965.964215 0.011870 
964.763528 0.012134 
963.562841 0.012431 
962.362154 0.012751 
961.161467 0.013040 
959.960780 0.013270 
958.760093 0.013478 
957.559406 0.013728 
956.358720 0.014036 
955.158033 0.014360 
953.957346 0.014683 
952.756659 0.015010 
951.555972 0.015334 
950.355285 0.015656 
949.154598 0.015992 
947.953911 0.016346 
946.753224 0.016704 
945.552538 0.017062 
944.351851 0.017436 
943.151164 0.017807 
941.950477 0.018166 
940.749790 0.018517 
939.549103 0.018863 
938.348416 0.019196 
937.147729 0.019530 
935.947042 0.019896 
934.746355 0.020261 
933.545669 0.020590 
932.344982 0.020914 
931.144295 0.021299 
929.943608 0.021726 
928.742921 0.022137 
927.542234 0.022515 
926.341547 0.022897 
925.140860 0.023272 
923.940173 0.023610 
922.739486 0.023943 
921.538800 0.024328 
920.338113 0.024750 
919.137426 0.025162 
917.936739 0.025537 
916.736052 0.025894 
915.535365 0.026264 
914.334678 0.026639 
913.133991 0.026985 
911.933304 0.027297 
910.732618 0.027631 
909.531931 0.028035 
908.331244 0.028475 
907.130557 0.028875 
905.929870 0.029219 
904.729183 0.029554 
903.528496 0.029896 
902.327809 0.030230 
901.127122 0.030573 
899.926435 0.030937 
898.725749 0.031269 
897.525062 0.031531 
896.324375 0.031812 
895.123688 0.032188 
893.923001 0.032614 
892.722314 0.032930 
891.521627 0.033135 
890.320940 0.033337 
889.120253 0.033634 
887.919567 0.034017 
886.718880 0.034402 
885.518193 0.034746 
884.317506 0.035045 
883.116819 0.035303 
881.916132 0.035554 
880.715445 0.035835 
879.514758 0.036163 
878.314071 0.036517 
877.113384 0.036838 
875.912698 0.037106 
874.712011 0.037317 
873.511324 0.037500 
872.310637 0.037710 
871.109950 0.037980 
869.909263 0.038293 
868.708576 0.038606 
867.507889 0.038913 
866.307202 0.039222 
865.106516 0.039507 
863.905829 0.039735 
862.705142 0.039949 
861.504455 0.040180 
860.303768 0.040410 
859.103081 0.040611 
857.902394 0.040833 
856.701707 0.041102 
855.501020 0.041371 
854.300333 0.041594 
853.099647 0.041835 
851.898960 0.042127 
850.698273 0.042413 
849.497586 0.042636 
848.296899 0.042848 
847.096212 0.043116 
845.895525 0.043405 
844.694838 0.043656 
843.494151 0.043877 
842.293464 0.044106 
841.092778 0.044337 
839.892091 0.044561 
838.691404 0.044805 
837.490717 0.045080 
836.290030 0.045341 
835.089343 0.045554 
833.888656 0.045765 
832.687969 0.046042 
831.487282 0.046400 
830.286596 0.046791 
829.085909 0.047163 
827.885222 0.047496 
826.684535 0.047812 
825.483848 0.048142 
824.283161 0.048526 
823.082474 0.048948 
821.881787 0.049360 
820.681100 0.049728 
819.480413 0.050077 
818.279727 0.050473 
817.079040 0.050899 
815.878353 0.051332 
814.677666 0.051776 
813.476979 0.052229 
812.276292 0.052664 
811.075605 0.053084 
809.874918 0.053519 
808.674231 0.053928 
807.473545 0.054280 
806.272858 0.054629 
805.072171 0.055062 
803.871484 0.055545 
802.670797 0.056008 
801.470110 0.056425 
800.269423 0.056806 
799.068736 0.057153 
797.868049 0.057497 
796.667362 0.057855 
795.466676 0.058202 
794.265989 0.058508 
793.065302 0.058811 
791.864615 0.059128 
790.663928 0.059408 
789.463241 0.059610 
788.262554 0.059785 
787.061867 0.060002 
785.861180 0.060271 
784.660493 0.060531 
783.459807 0.060720 
782.259120 0.060854 
781.058433 0.060988 
779.857746 0.061141 
778.657059 0.061287 
777.456372 0.061429 
776.255685 0.061588 
775.054998 0.061754 
773.854311 0.061910 
772.653625 0.062058 
771.452938 0.062172 
770.252251 0.062188 
769.051564 0.062193 
767.850877 0.062318 
766.650190 0.062565 
765.449503 0.062773 
764.248816 0.062885 
763.048129 0.062998 
761.847442 0.063152 
760.646756 0.063276 
759.446069 0.063338 
758.245382 0.063380 
757.044695 0.063431 
755.844008 0.063503 
754.643321 0.063611 
753.442634 0.063741 
752.241947 0.063837 
751.041260 0.063845 
749.840574 0.063793 
748.639887 0.063719 
747.439200 0.063633 
746.238513 0.063505 
745.037826 0.063293 
743.837139 0.062985 
742.636452 0.062597 
741.435765 0.062148 
740.235078 0.061653 
739.034391 0.061126 
737.833705 0.060563 
736.633018 0.059985 
735.432331 0.059476 
734.231644 0.059028 
733.030957 0.058519 
731.830270 0.057841 
730.629583 0.057078 
729.428896 0.056355 
728.228209 0.055702 
727.027523 0.055095 
725.826836 0.054537 
724.626149 0.053985 
723.425462 0.053359 
722.224775 0.052635 
721.024088 0.051909 
719.823401 0.051300 
718.622714 0.050795 
717.422027 0.050299 
716.221340 0.049742 
715.020654 0.049167 
713.819967 0.048606 
712.619280 0.048043 
711.418593 0.047438 
710.217906 0.046802 
709.017219 0.046141 
707.816532 0.045484 
706.615845 0.044921 
705.415158 0.044418 
704.214471 0.043884 
703.013785 0.043261 
701.813098 0.042634 
700.612411 0.042037 
699.411724 0.041433 
698.211037 0.040815 
697.010350 0.040269 
695.809663 0.039801 
694.608976 0.039362 
693.408289 0.038924 
692.207603 0.038479 
691.006916 0.038010 
689.806229 0.037486 
688.605542 0.036939 
687.404855 0.036448 
686.204168 0.036028 
685.003481 0.035594 
683.802794 0.035112 
682.602107 0.034734 
681.401420 0.034553 
680.200734 0.034328 
679.000047 0.033746 
677.799360 0.032878 
676.598673 0.032215 
675.397986 0.031899 
674.197299 0.031623 
672.996612 0.031132 
671.795925 0.030579 
670.595238 0.030152 
669.394552 0.029797 
668.193865 0.029394 
666.993178 0.028920 
665.792491 0.028434 
664.591804 0.027993 
663.391117 0.027687 
662.190430 0.027550 
660.989743 0.027444 
659.789056 0.027214 
658.588369 0.026808 
657.387683 0.026355 
656.186996 0.025969 
654.986309 0.025605 
653.785622 0.025179 
652.584935 0.024768 
651.384248 0.024473 
650.183561 0.024229 
648.982874 0.023908 
647.782187 0.023502 
646.581501 0.023094 
645.380814 0.022670 
644.180127 0.022257 
642.979440 0.022025 
641.778753 0.021975 
640.578066 0.021898 
639.377379 0.021620 
638.176692 0.021234 
636.976005 0.020926 
635.775318 0.020641 
634.574632 0.020294 
633.373945 0.020033 
632.173258 0.019910 
630.972571 0.019710 
629.771884 0.019350 
628.571197 0.019184 
627.370510 0.019239 
626.169823 0.018978 
624.969136 0.018141 
623.768449 0.017275 
622.567763 0.016905 
621.367076 0.016842 
620.166389 0.016747 
618.965702 0.016470 
617.765015 0.016084 
616.564328 0.015832 
615.363641 0.015789 
614.162954 0.015432 
612.962267 0.014807 
611.761581 0.015177 
610.560894 0.016475 
609.360207 0.015798 
608.159520 0.011617 
606.958833 0.007654 
605.758146 0.007414 
604.557459 0.010178 
603.356772 0.012147 
602.156085 0.012204 
600.955398 0.011881 
599.754712 0.012306 
598.554025 0.012867 
597.353338 0.012933 
596.152651 0.012779 
594.951964 0.012756 
593.751277 0.012603 
592.550590 0.011835 
591.349903 0.010501 
590.149216 0.009484 
588.948530 0.009916 
587.747843 0.011105 
586.547156 0.011663 
585.346469 0.011128 
584.145782 0.010445 
582.945095 0.010214 
581.744408 0.010021 
580.543721 0.009680 
579.343034 0.009820 
578.142347 0.010591 
576.941661 0.011454 
575.740974 0.011922 
574.540287 0.012067 
573.339600 0.012457 
572.138913 0.013244 
570.938226 0.013640 
569.737539 0.012207 
568.536852 0.009475 
567.336165 0.007331 
566.135478 0.006870 
564.934792 0.007441 
563.734105 0.007895 
562.533418 0.008247 
561.332731 0.008657 
560.132044 0.008820 
558.931357 0.008643 
557.730670 0.008479 
556.529983 0.008541 
555.329296 0.008531 
554.128610 0.007773 
552.927923 0.006136 
551.727236 0.004457 
550.526549 0.004111 
549.325862 0.005155 
548.125175 0.006203 
546.924488 0.006476 
545.723801 0.006276 
544.523114 0.006140 
543.322427 0.005984 
542.121741 0.005666 
540.921054 0.005264 
539.720367 0.004768 
538.519680 0.003986 
537.318993 0.002939 
536.118306 0.002107 
534.917619 0.002183 
533.716932 0.002994 
532.516245 0.003798 
531.315559 0.003970 
530.114872 0.003692 
528.914185 0.003552 
527.713498 0.003544 
526.512811 0.003389 
525.312124 0.003131 
524.111437 0.003177 
522.910750 0.003686 
521.710063 0.004469 
520.509376 0.004919 
519.308690 0.004598 
518.108003 0.003656 
516.907316 0.002797 
515.706629 0.002671 
514.505942 0.002803 
513.305255 0.002627 
512.104568 0.002139 
510.903881 0.001794 
509.703194 0.001779 
508.502508 0.001938 
507.301821 0.002030 
506.101134 0.001883 
504.900447 0.001766 
503.699760 0.001930 
502.499073 0.001964 
501.298386 0.000978 
500.097699 -0.000550 
498.897012 -0.001157 
497.696325 -0.000271 
496.495639 0.001067 
495.294952 0.001560 
494.094265 0.001397 
492.893578 0.001211 
491.692891 0.001084 
490.492204 0.000809 
489.291517 0.000759 
488.090830 0.001202 
486.890143 0.001136 
485.689456 -0.000976 
484.488770 -0.004100 
483.288083 -0.005500 
482.087396 -0.003647 
480.886709 -0.000660 
479.686022 0.000929 
478.485335 0.001135 
477.284648 0.001046 
476.083961 0.001004 
474.883274 0.000776 
473.682588 0.000522 
472.481901 0.000475 
471.281214 0.000517 
470.080527 0.000430 
468.879840 0.000154 
467.679153 -0.000289 
466.478466 -0.000635 
465.277779 -0.000652 
464.077092 -0.000458 
462.876405 -0.000342 
461.675719 -0.000368 
460.475032 -0.000355 
459.274345 -0.000309 
458.073658 -0.000322 
456.872971 -0.000389 
455.672284 -0.000473 
454.471597 -0.000573 
453.270910 -0.000622 
452.070223 -0.000498 
450.869537 -0.000250 
449.668850 0.000025 
448.468163 0.000265 
447.267476 0.000324 
446.066789 0.000105 
444.866102 -0.000277 
443.665415 -0.000605 
442.464728 -0.000748 
441.264041 -0.000709 
440.063354 -0.000568 
438.862668 -0.000473 
437.661981 -0.000490 
436.461294 -0.000433 
435.260607 -0.000346 
434.059920 -0.000506 
432.859233 -0.000701 
431.658546 -0.000319 
430.457859 0.000118 
429.257172 -0.000684 
428.056485 -0.002773 
426.855799 -0.003947 
425.655112 -0.003186 
424.454425 -0.001826 
423.253738 -0.001805 
422.053051 -0.002965 
420.852364 -0.003632 
419.651677 -0.003193 
418.450990 -0.002420 
417.250303 -0.002359 
416.049617 -0.002723 
414.848930 -0.002581 
413.648243 -0.001519 
412.447556 -0.000699 
411.246869 -0.001760 
410.046182 -0.004649 
408.845495 -0.007284 
407.644808 -0.007085 
406.444121 -0.004688 
405.243434 -0.001658 
404.042748 0.000827 
402.842061 0.001460 
401.641374 -0.000281 
400.440687 -0.003672 
399.240000 -0.007166 
