4000.123242 -0.000406 
3998.956130 -0.000226 
3997.789019 -0.000169 
3996.621907 -0.000052 
3995.454795 -0.000063 
3994.287683 -0.000104 
3993.120572 -0.000143 
3991.953460 -0.000027 
3990.786348 -0.000183 
3989.619236 -0.000047 
3988.452125 0.000134 
3987.285013 -0.000046 
3986.117901 -0.000048 
3984.950789 -0.000022 
3983.783678 0.000049 
3982.616566 -0.000168 
3981.449454 -0.000016 
3980.282342 -0.000244 
3979.115231 -0.000096 
3977.948119 -0.000141 
3976.781007 0.000213 
3975.613896 0.000154 
3974.446784 0.000135 
3973.279672 0.000143 
3972.112560 0.000151 
3970.945449 0.000133 
3969.778337 0.000107 
3968.611225 0.000004 
3967.444113 -0.000056 
3966.277002 0.000253 
3965.109890 0.000132 
3963.942778 0.000044 
3962.775666 0.000053 
3961.608555 0.000303 
3960.441443 0.000213 
3959.274331 0.000368 
3958.107219 0.000090 
3956.940108 0.000113 
3955.772996 0.000036 
3954.605884 0.000093 
3953.438772 -0.000032 
3952.271661 -0.000189 
3951.104549 -0.000077 
3949.937437 -0.000039 
3948.770326 -0.000047 
3947.603214 -0.000173 
3946.436102 0.000015 
3945.268990 0.000055 
3944.101879 0.000044 
3942.934767 -0.000184 
3941.767655 -0.000090 
3940.600543 -0.000063 
3939.433432 0.000021 
3938.266320 -0.000049 
3937.099208 -0.000007 
3935.932096 -0.000005 
3934.764985 0.000106 
3933.597873 0.000203 
3932.430761 -0.000038 
3931.263649 -0.000031 
3930.096538 -0.000033 
3928.929426 0.000108 
3927.762314 -0.000067 
3926.595203 -0.000009 
3925.428091 -0.000140 
3924.260979 0.000093 
3923.093867 -0.000057 
3921.926756 0.000078 
3920.759644 -0.000102 
3919.592532 0.000005 
3918.425420 -0.000026 
3917.258309 -0.000000 
3916.091197 0.000009 
3914.924085 0.000081 
3913.756973 -0.000116 
3912.589862 -0.000047 
3911.422750 -0.000059 
3910.255638 -0.000461 
3909.088526 -0.000170 
3907.921415 -0.000202 
3906.754303 -0.000010 
3905.587191 -0.000113 
3904.420080 -0.000299 
3903.252968 -0.000325 
3902.085856 -0.000120 
3900.918744 -0.000259 
3899.751633 -0.000230 
3898.584521 -0.000131 
3897.417409 -0.000119 
3896.250297 -0.000186 
3895.083186 -0.000071 
3893.916074 -0.000061 
3892.748962 -0.000232 
3891.581850 -0.000162 
3890.414739 -0.000153 
3889.247627 0.000152 
3888.080515 0.000006 
3886.913403 -0.000099 
3885.746292 -0.000333 
3884.579180 -0.000071 
3883.412068 0.000172 
3882.244957 0.000166 
3881.077845 0.000029 
3879.910733 0.000178 
3878.743621 0.000278 
3877.576510 0.000265 
3876.409398 0.000338 
3875.242286 0.000218 
3874.075174 0.000521 
3872.908063 0.000419 
3871.740951 0.000678 
3870.573839 0.000533 
3869.406727 0.000436 
3868.239616 0.000460 
3867.072504 0.000591 
3865.905392 0.000514 
3864.738280 0.000521 
3863.571169 0.000536 
3862.404057 0.000603 
3861.236945 0.000556 
3860.069833 0.000688 
3858.902722 0.000731 
3857.735610 0.000520 
3856.568498 0.000475 
3855.401387 0.000256 
3854.234275 0.000174 
3853.067163 0.000101 
3851.900051 0.000221 
3850.732940 0.000356 
3849.565828 0.000456 
3848.398716 0.000224 
3847.231604 0.000323 
3846.064493 0.000267 
3844.897381 0.000130 
3843.730269 0.000023 
3842.563157 0.000108 
3841.396046 0.000049 
3840.228934 -0.000094 
3839.061822 -0.000039 
3837.894710 -0.000383 
3836.727599 -0.000022 
3835.560487 0.000032 
3834.393375 -0.000039 
3833.226264 -0.000101 
3832.059152 -0.000038 
3830.892040 -0.000176 
3829.724928 0.000084 
3828.557817 -0.000010 
3827.390705 -0.000035 
3826.223593 -0.000099 
3825.056481 -0.000015 
3823.889370 0.000103 
3822.722258 0.000074 
3821.555146 -0.000044 
3820.388034 -0.000131 
3819.220923 -0.000034 
3818.053811 -0.000026 
3816.886699 0.000017 
3815.719587 -0.000253 
3814.552476 0.000209 
3813.385364 0.000142 
3812.218252 0.000272 
3811.051141 0.000181 
3809.884029 0.000109 
3808.716917 0.000166 
3807.549805 0.000141 
3806.382694 0.000151 
3805.215582 0.000391 
3804.048470 0.000404 
3802.881358 0.000234 
3801.714247 0.000136 
3800.547135 0.000105 
3799.380023 0.000183 
3798.212911 -0.000005 
3797.045800 0.000232 
3795.878688 0.000166 
3794.711576 0.000099 
3793.544464 0.000085 
3792.377353 0.000207 
3791.210241 0.000209 
3790.043129 0.000110 
3788.876017 0.000129 
3787.708906 0.000068 
3786.541794 0.000138 
3785.374682 -0.000066 
3784.207571 -0.000016 
3783.040459 -0.000101 
3781.873347 0.000117 
3780.706235 0.000003 
3779.539124 0.000145 
3778.372012 0.000108 
3777.204900 0.000174 
3776.037788 -0.000042 
3774.870677 0.000080 
3773.703565 0.000201 
3772.536453 0.000262 
3771.369341 0.000164 
3770.202230 0.000102 
3769.035118 0.000107 
3767.868006 0.000143 
3766.700894 0.000278 
3765.533783 0.000193 
3764.366671 0.000450 
3763.199559 0.000420 
3762.032448 0.000556 
3760.865336 0.000463 
3759.698224 0.000399 
3758.531112 0.000344 
3757.364001 0.000476 
3756.196889 0.000352 
3755.029777 0.000371 
3753.862665 0.000279 
3752.695554 0.000099 
3751.528442 -0.000061 
3750.361330 0.000122 
3749.194218 0.000026 
3748.027107 0.000086 
3746.859995 0.000256 
3745.692883 0.000146 
3744.525771 -0.000119 
3743.358660 -0.000073 
3742.191548 0.000241 
3741.024436 0.000187 
3739.857325 0.000290 
3738.690213 0.000247 
3737.523101 0.000342 
3736.355989 0.000164 
3735.188878 0.000194 
3734.021766 0.000117 
3732.854654 0.000194 
3731.687542 0.000304 
3730.520431 0.000496 
3729.353319 0.000626 
3728.186207 0.000436 
3727.019095 0.000581 
3725.851984 0.000622 
3724.684872 0.000859 
3723.517760 0.000563 
3722.350648 0.000767 
3721.183537 0.000672 
3720.016425 0.000742 
3718.849313 0.000750 
3717.682202 0.000743 
3716.515090 0.000811 
3715.347978 0.000792 
3714.180866 0.000700 
3713.013755 0.000575 
3711.846643 0.000559 
3710.679531 0.000655 
3709.512419 0.000570 
3708.345308 0.000521 
3707.178196 0.000605 
3706.011084 0.000367 
3704.843972 0.000410 
3703.676861 0.000498 
3702.509749 0.000477 
3701.342637 0.000352 
3700.175525 0.000403 
3699.008414 0.000343 
3697.841302 0.000404 
3696.674190 0.000357 
3695.507078 0.000257 
3694.339967 0.000241 
3693.172855 0.000093 
3692.005743 0.000194 
3690.838632 0.000131 
3689.671520 0.000390 
3688.504408 -0.000088 
3687.337296 0.000031 
3686.170185 0.000276 
3685.003073 0.000422 
3683.835961 0.000340 
3682.668849 0.000641 
3681.501738 0.000787 
3680.334626 0.000760 
3679.167514 0.000626 
3678.000402 0.000439 
3676.833291 0.000293 
3675.666179 -0.000067 
3674.499067 0.000168 
3673.331955 0.000203 
3672.164844 0.000375 
3670.997732 -0.000038 
3669.830620 0.000102 
3668.663509 0.000119 
3667.496397 0.000294 
3666.329285 0.000202 
3665.162173 0.000329 
3663.995062 0.000224 
3662.827950 0.000201 
3661.660838 0.000186 
3660.493726 0.000174 
3659.326615 0.000389 
3658.159503 0.000179 
3656.992391 0.000186 
3655.825279 -0.000015 
3654.658168 0.000275 
3653.491056 0.000230 
3652.323944 0.000295 
3651.156832 0.000029 
3649.989721 0.000178 
3648.822609 -0.000090 
3647.655497 0.000037 
3646.488386 0.000027 
3645.321274 0.000085 
3644.154162 -0.000018 
3642.987050 0.000029 
3641.819939 -0.000003 
3640.652827 0.000108 
3639.485715 0.000150 
3638.318603 -0.000009 
3637.151492 0.000120 
3635.984380 -0.000133 
3634.817268 0.000055 
3633.650156 -0.000103 
3632.483045 0.000027 
3631.315933 -0.000047 
3630.148821 0.000030 
3628.981709 -0.000278 
3627.814598 -0.000137 
3626.647486 0.000018 
3625.480374 -0.000117 
3624.313262 -0.000070 
3623.146151 -0.000155 
3621.979039 -0.000038 
3620.811927 -0.000081 
3619.644816 -0.000098 
3618.477704 -0.000350 
3617.310592 -0.000053 
3616.143480 -0.000040 
3614.976369 0.000045 
3613.809257 -0.000112 
3612.642145 -0.000109 
3611.475033 -0.000239 
3610.307922 -0.000055 
3609.140810 -0.000133 
3607.973698 -0.000097 
3606.806586 -0.000102 
3605.639475 -0.000083 
3604.472363 -0.000072 
3603.305251 -0.000047 
3602.138139 -0.000036 
3600.971028 -0.000123 
3599.803916 0.000095 
3598.636804 -0.000044 
3597.469693 -0.000004 
3596.302581 -0.000080 
3595.135469 0.000019 
3593.968357 -0.000116 
3592.801246 0.000082 
3591.634134 0.000131 
3590.467022 0.000091 
3589.299910 0.000040 
3588.132799 0.000133 
3586.965687 0.000148 
3585.798575 0.000026 
3584.631463 0.000274 
3583.464352 0.000280 
3582.297240 0.000412 
3581.130128 0.000386 
3579.963016 0.000669 
3578.795905 0.000696 
3577.628793 0.000826 
3576.461681 0.000660 
3575.294570 0.000811 
3574.127458 0.000754 
3572.960346 0.000997 
3571.793234 0.000993 
3570.626123 0.001003 
3569.459011 0.001183 
3568.291899 0.001109 
3567.124787 0.001233 
3565.957676 0.001234 
3564.790564 0.001547 
3563.623452 0.001504 
3562.456340 0.001853 
3561.289229 0.001702 
3560.122117 0.001866 
3558.955005 0.001877 
3557.787893 0.002127 
3556.620782 0.002176 
3555.453670 0.002451 
3554.286558 0.002413 
3553.119447 0.002488 
3551.952335 0.002699 
3550.785223 0.002818 
3549.618111 0.003108 
3548.451000 0.003210 
3547.283888 0.003366 
3546.116776 0.003251 
3544.949664 0.003484 
3543.782553 0.003612 
3542.615441 0.004083 
3541.448329 0.004031 
3540.281217 0.004251 
3539.114106 0.004349 
3537.946994 0.004671 
3536.779882 0.004898 
3535.612770 0.005130 
3534.445659 0.005250 
3533.278547 0.005451 
3532.111435 0.005813 
3530.944323 0.006022 
3529.777212 0.006432 
3528.610100 0.006767 
3527.442988 0.007154 
3526.275877 0.007312 
3525.108765 0.007778 
3523.941653 0.007826 
3522.774541 0.008324 
3521.607430 0.008626 
3520.440318 0.009148 
3519.273206 0.009391 
3518.106094 0.009770 
3516.938983 0.010030 
3515.771871 0.010569 
3514.604759 0.011006 
3513.437647 0.011300 
3512.270536 0.011686 
3511.103424 0.011988 
3509.936312 0.012650 
3508.769200 0.012905 
3507.602089 0.013453 
3506.434977 0.013712 
3505.267865 0.014182 
3504.100754 0.014455 
3502.933642 0.015121 
3501.766530 0.015484 
3500.599418 0.015989 
3499.432307 0.016374 
3498.265195 0.016837 
3497.098083 0.017365 
3495.930971 0.017845 
3494.763860 0.018559 
3493.596748 0.018979 
3492.429636 0.019605 
3491.262524 0.020200 
3490.095413 0.020795 
3488.928301 0.021097 
3487.761189 0.021763 
3486.594077 0.022130 
3485.426966 0.022856 
3484.259854 0.023269 
3483.092742 0.023921 
3481.925631 0.024428 
3480.758519 0.025190 
3479.591407 0.025810 
3478.424295 0.026370 
3477.257184 0.027032 
3476.090072 0.027674 
3474.922960 0.028399 
3473.755848 0.028912 
3472.588737 0.029886 
3471.421625 0.030396 
3470.254513 0.031200 
3469.087401 0.031917 
3467.920290 0.032783 
3466.753178 0.033455 
3465.586066 0.034477 
3464.418954 0.035268 
3463.251843 0.036179 
3462.084731 0.037073 
3460.917619 0.038090 
3459.750508 0.039200 
3458.583396 0.040096 
3457.416284 0.041416 
3456.249172 0.042493 
3455.082061 0.043768 
3453.914949 0.044867 
3452.747837 0.046278 
3451.580725 0.047486 
3450.413614 0.049079 
3449.246502 0.050246 
3448.079390 0.051715 
3446.912278 0.053059 
3445.745167 0.054535 
3444.578055 0.056117 
3443.410943 0.057882 
3442.243831 0.059483 
3441.076720 0.060937 
3439.909608 0.062471 
3438.742496 0.064016 
3437.575384 0.065942 
3436.408273 0.067352 
3435.241161 0.068913 
3434.074049 0.070167 
3432.906938 0.071783 
3431.739826 0.072944 
3430.572714 0.074367 
3429.405602 0.075527 
3428.238491 0.076871 
3427.071379 0.077969 
3425.904267 0.079206 
3424.737155 0.080254 
3423.570044 0.081341 
3422.402932 0.082292 
3421.235820 0.083238 
3420.068708 0.084491 
3418.901597 0.085221 
3417.734485 0.086213 
3416.567373 0.086941 
3415.400261 0.087885 
3414.233150 0.088661 
3413.066038 0.089653 
3411.898926 0.090379 
3410.731815 0.091534 
3409.564703 0.092493 
3408.397591 0.093755 
3407.230479 0.094801 
3406.063368 0.095958 
3404.896256 0.097180 
3403.729144 0.098357 
3402.562032 0.099709 
3401.394921 0.100842 
3400.227809 0.102252 
3399.060697 0.103439 
3397.893585 0.104759 
3396.726474 0.105820 
3395.559362 0.107326 
3394.392250 0.108645 
3393.225138 0.110165 
3392.058027 0.111496 
3390.890915 0.113140 
3389.723803 0.114710 
3388.556692 0.116181 
3387.389580 0.117806 
3386.222468 0.119363 
3385.055356 0.121097 
3383.888245 0.122834 
3382.721133 0.124899 
3381.554021 0.126738 
3380.386909 0.128825 
3379.219798 0.130704 
3378.052686 0.132811 
3376.885574 0.134795 
3375.718462 0.137107 
3374.551351 0.139079 
3373.384239 0.141203 
3372.217127 0.143522 
3371.050015 0.145920 
3369.882904 0.148247 
3368.715792 0.150731 
3367.548680 0.153259 
3366.381568 0.155778 
3365.214457 0.158450 
3364.047345 0.160979 
3362.880233 0.163712 
3361.713122 0.166244 
3360.546010 0.169181 
3359.378898 0.171699 
3358.211786 0.174552 
3357.044675 0.177414 
3355.877563 0.180381 
3354.710451 0.183243 
3353.543339 0.186213 
3352.376228 0.189166 
3351.209116 0.192086 
3350.042004 0.195138 
3348.874892 0.198305 
3347.707781 0.201623 
3346.540669 0.204716 
3345.373557 0.207995 
3344.206445 0.211164 
3343.039334 0.214729 
3341.872222 0.218266 
3340.705110 0.222133 
3339.537999 0.225727 
3338.370887 0.229802 
3337.203775 0.233649 
3336.036663 0.237926 
3334.869552 0.242240 
3333.702440 0.246747 
3332.535328 0.251483 
3331.368216 0.256080 
3330.201105 0.261127 
3329.033993 0.266400 
3327.866881 0.272130 
3326.699769 0.277880 
3325.532658 0.284135 
3324.365546 0.290238 
3323.198434 0.297234 
3322.031322 0.304467 
3320.864211 0.312362 
3319.697099 0.320272 
3318.529987 0.328831 
3317.362876 0.337787 
3316.195764 0.347717 
3315.028652 0.358189 
3313.861540 0.369462 
3312.694429 0.381306 
3311.527317 0.394116 
3310.360205 0.408002 
3309.193093 0.422428 
3308.025982 0.438415 
3306.858870 0.455164 
3305.691758 0.473344 
3304.524646 0.492861 
3303.357535 0.513053 
3302.190423 0.534284 
3301.023311 0.557144 
3299.856199 0.581147 
3298.689088 0.606268 
3297.521976 0.632210 
3296.354864 0.658555 
3295.187753 0.685059 
3294.020641 0.711031 
3292.853529 0.735915 
3291.686417 0.759698 
3290.519306 0.781495 
3289.352194 0.800919 
3288.185082 0.817561 
3287.017970 0.829943 
3285.850859 0.838553 
3284.683747 0.843738 
3283.516635 0.843747 
3282.349523 0.840217 
3281.182412 0.832819 
3280.015300 0.822652 
3278.848188 0.810147 
3277.681076 0.794974 
3276.513965 0.778884 
3275.346853 0.762215 
3274.179741 0.745408 
3273.012629 0.729048 
3271.845518 0.714059 
3270.678406 0.700572 
3269.511294 0.687971 
3268.344183 0.677265 
3267.177071 0.668873 
3266.009959 0.661887 
3264.842847 0.656202 
3263.675736 0.652894 
3262.508624 0.650723 
3261.341512 0.650016 
3260.174400 0.650715 
3259.007289 0.652598 
3257.840177 0.656116 
3256.673065 0.659850 
3255.505953 0.665018 
3254.338842 0.670881 
3253.171730 0.676819 
3252.004618 0.683982 
3250.837506 0.691198 
3249.670395 0.698443 
3248.503283 0.706305 
3247.336171 0.713265 
3246.169060 0.720664 
3245.001948 0.728022 
3243.834836 0.734697 
3242.667724 0.740404 
3241.500613 0.746171 
3240.333501 0.751096 
3239.166389 0.754935 
3237.999277 0.757739 
3236.832166 0.759530 
3235.665054 0.760441 
3234.497942 0.760165 
3233.330830 0.759004 
3232.163719 0.755825 
3230.996607 0.751567 
3229.829495 0.746853 
3228.662383 0.741427 
3227.495272 0.734994 
3226.328160 0.727795 
3225.161048 0.719489 
3223.993937 0.711210 
3222.826825 0.702312 
3221.659713 0.693072 
3220.492601 0.684301 
3219.325490 0.675063 
3218.158378 0.666300 
3216.991266 0.658006 
3215.824154 0.650365 
3214.657043 0.642963 
3213.489931 0.636268 
3212.322819 0.630410 
3211.155707 0.625533 
3209.988596 0.620999 
3208.821484 0.617672 
3207.654372 0.615364 
3206.487260 0.613232 
3205.320149 0.612261 
3204.153037 0.612509 
3202.985925 0.613872 
3201.818813 0.615804 
3200.651702 0.618559 
3199.484590 0.621863 
3198.317478 0.626527 
3197.150367 0.631565 
3195.983255 0.637643 
3194.816143 0.644648 
3193.649031 0.652676 
3192.481920 0.660837 
3191.314808 0.670356 
3190.147696 0.679634 
3188.980584 0.689569 
3187.813473 0.699701 
3186.646361 0.710393 
3185.479249 0.721112 
3184.312137 0.731561 
3183.145026 0.742503 
3181.977914 0.752636 
3180.810802 0.762072 
3179.643690 0.770843 
3178.476579 0.779617 
3177.309467 0.786781 
3176.142355 0.793246 
3174.975244 0.797669 
3173.808132 0.800606 
3172.641020 0.800961 
3171.473908 0.799900 
3170.306797 0.797053 
3169.139685 0.793029 
3167.972573 0.786399 
3166.805461 0.777587 
3165.638350 0.767332 
3164.471238 0.756027 
3163.304126 0.743103 
3162.137014 0.729336 
3160.969903 0.714041 
3159.802791 0.697905 
3158.635679 0.681796 
3157.468567 0.664030 
3156.301456 0.646527 
3155.134344 0.628563 
3153.967232 0.610551 
3152.800121 0.592288 
3151.633009 0.574561 
3150.465897 0.556712 
3149.298785 0.539028 
3148.131674 0.522028 
3146.964562 0.505261 
3145.797450 0.489169 
3144.630338 0.473597 
3143.463227 0.459022 
3142.296115 0.444716 
3141.129003 0.430821 
3139.961891 0.417455 
3138.794780 0.404843 
3137.627668 0.392667 
3136.460556 0.381293 
3135.293444 0.369775 
3134.126333 0.359176 
3132.959221 0.349178 
3131.792109 0.339543 
3130.624998 0.330116 
3129.457886 0.321217 
3128.290774 0.312909 
3127.123662 0.304749 
3125.956551 0.297055 
3124.789439 0.289597 
3123.622327 0.282657 
3122.455215 0.275999 
3121.288104 0.269609 
3120.120992 0.263356 
3118.953880 0.257714 
3117.786768 0.251947 
3116.619657 0.246543 
3115.452545 0.241404 
3114.285433 0.236331 
3113.118321 0.231327 
3111.951210 0.226506 
3110.784098 0.221954 
3109.616986 0.217704 
3108.449874 0.213497 
3107.282763 0.209423 
3106.115651 0.205516 
3104.948539 0.201726 
3103.781428 0.198312 
3102.614316 0.194541 
3101.447204 0.191052 
3100.280092 0.187752 
3099.112981 0.184710 
3097.945869 0.181559 
3096.778757 0.178570 
3095.611645 0.175655 
3094.444534 0.172632 
3093.277422 0.169792 
3092.110310 0.166990 
3090.943198 0.164356 
3089.776087 0.161619 
3088.608975 0.159071 
3087.441863 0.156401 
3086.274751 0.154170 
3085.107640 0.151583 
3083.940528 0.149158 
3082.773416 0.146666 
3081.606305 0.144329 
3080.439193 0.141879 
3079.272081 0.139548 
3078.104969 0.137210 
3076.937858 0.135043 
3075.770746 0.132923 
3074.603634 0.130761 
3073.436522 0.128717 
3072.269411 0.126523 
3071.102299 0.124631 
3069.935187 0.122668 
3068.768075 0.120919 
3067.600964 0.118892 
3066.433852 0.117152 
3065.266740 0.115298 
3064.099628 0.113623 
3062.932517 0.111869 
3061.765405 0.110270 
3060.598293 0.108703 
3059.431182 0.107166 
3058.264070 0.105746 
3057.096958 0.104313 
3055.929846 0.102900 
3054.762735 0.101461 
3053.595623 0.100143 
3052.428511 0.098764 
3051.261399 0.097594 
3050.094288 0.096284 
3048.927176 0.095118 
3047.760064 0.094028 
3046.592952 0.093068 
3045.425841 0.091843 
3044.258729 0.090920 
3043.091617 0.089760 
3041.924505 0.088741 
3040.757394 0.087802 
3039.590282 0.086707 
3038.423170 0.085765 
3037.256058 0.084777 
3036.088947 0.083749 
3034.921835 0.082726 
3033.754723 0.081779 
3032.587612 0.080863 
3031.420500 0.080021 
3030.253388 0.079055 
3029.086276 0.078208 
3027.919165 0.077235 
3026.752053 0.076260 
3025.584941 0.075382 
3024.417829 0.074477 
3023.250718 0.073642 
3022.083606 0.072705 
3020.916494 0.071976 
3019.749382 0.071070 
3018.582271 0.070458 
3017.415159 0.069703 
3016.248047 0.069037 
3015.080935 0.068303 
3013.913824 0.067756 
3012.746712 0.067143 
3011.579600 0.066649 
3010.412489 0.066338 
3009.245377 0.066099 
3008.078265 0.065861 
3006.911153 0.065718 
3005.744042 0.065627 
3004.576930 0.065676 
3003.409818 0.065917 
3002.242706 0.066245 
3001.075595 0.066844 
2999.908483 0.067571 
2998.741371 0.068901 
2997.574259 0.070545 
2996.407148 0.072859 
2995.240036 0.075910 
2994.072924 0.080488 
2992.905812 0.086749 
2991.738701 0.096517 
2990.571589 0.111689 
2989.404477 0.138270 
2988.237366 0.183386 
2987.070254 0.240638 
2985.903142 0.257268 
2984.736030 0.220096 
2983.568919 0.189357 
2982.401807 0.186358 
2981.234695 0.208363 
2980.067583 0.248939 
2978.900472 0.302674 
2977.733360 0.351470 
2976.566248 0.369484 
2975.399136 0.356887 
2974.232025 0.353493 
2973.064913 0.389306 
2971.897801 0.470103 
2970.730689 0.570783 
2969.563578 0.627090 
2968.396466 0.593318 
2967.229354 0.485905 
2966.062243 0.369431 
2964.895131 0.282385 
2963.728019 0.227164 
2962.560907 0.195742 
2961.393796 0.182795 
2960.226684 0.176915 
2959.059572 0.165703 
2957.892460 0.147996 
2956.725349 0.131657 
2955.558237 0.120718 
2954.391125 0.114896 
2953.224013 0.112605 
2952.056902 0.112667 
2950.889790 0.115036 
2949.722678 0.118568 
2948.555566 0.122233 
2947.388455 0.125206 
2946.221343 0.128064 
2945.054231 0.130941 
2943.887119 0.134559 
2942.720008 0.139823 
2941.552896 0.147609 
2940.385784 0.158001 
2939.218673 0.170760 
2938.051561 0.184139 
2936.884449 0.196871 
2935.717337 0.207899 
2934.550226 0.217448 
2933.383114 0.225240 
2932.216002 0.230942 
2931.048890 0.234705 
2929.881779 0.236867 
2928.714667 0.237894 
2927.547555 0.237429 
2926.380443 0.235445 
2925.213332 0.231314 
2924.046220 0.226685 
2922.879108 0.222635 
2921.711996 0.219923 
2920.544885 0.218478 
2919.377773 0.218328 
2918.210661 0.219494 
2917.043550 0.222153 
2915.876438 0.225831 
2914.709326 0.230255 
2913.542214 0.234085 
2912.375103 0.234578 
2911.207991 0.229828 
2910.040879 0.220577 
2908.873767 0.209861 
2907.706656 0.200065 
2906.539544 0.193154 
2905.372432 0.188960 
2904.205320 0.187205 
2903.038209 0.187493 
2901.871097 0.189346 
2900.703985 0.192339 
2899.536873 0.196200 
2898.369762 0.200895 
2897.202650 0.205788 
2896.035538 0.210787 
2894.868427 0.215773 
2893.701315 0.220936 
2892.534203 0.226598 
2891.367091 0.233455 
2890.199980 0.241296 
2889.032868 0.249895 
2887.865756 0.258416 
2886.698644 0.266299 
2885.531533 0.273084 
2884.364421 0.279097 
2883.197309 0.284835 
2882.030197 0.290309 
2880.863086 0.295002 
2879.695974 0.297426 
2878.528862 0.296481 
2877.361750 0.292689 
2876.194639 0.286867 
2875.027527 0.280172 
2873.860415 0.273618 
2872.693303 0.266475 
2871.526192 0.257926 
2870.359080 0.246918 
2869.191968 0.234189 
2868.024857 0.220583 
2866.857745 0.207676 
2865.690633 0.195961 
2864.523521 0.185461 
2863.356410 0.175924 
2862.189298 0.167250 
2861.022186 0.159820 
2859.855074 0.153806 
2858.687963 0.149057 
2857.520851 0.145266 
2856.353739 0.142355 
2855.186627 0.140075 
2854.019516 0.138426 
2852.852404 0.137022 
2851.685292 0.136315 
2850.518180 0.136013 
2849.351069 0.135914 
2848.183957 0.135714 
2847.016845 0.135211 
2845.849734 0.134654 
2844.682622 0.134375 
2843.515510 0.134783 
2842.348398 0.135749 
2841.181287 0.136893 
2840.014175 0.137845 
2838.847063 0.138682 
2837.679951 0.139136 
2836.512840 0.138571 
2835.345728 0.136327 
2834.178616 0.132448 
2833.011504 0.126640 
2831.844393 0.119526 
2830.677281 0.111810 
2829.510169 0.104113 
2828.343057 0.097104 
2827.175946 0.090854 
2826.008834 0.085292 
2824.841722 0.080364 
2823.674611 0.076268 
2822.507499 0.072698 
2821.340387 0.069689 
2820.173275 0.066892 
2819.006164 0.064554 
2817.839052 0.062381 
2816.671940 0.060482 
2815.504828 0.058583 
2814.337717 0.056738 
2813.170605 0.054933 
2812.003493 0.053424 
2810.836381 0.052131 
2809.669270 0.051243 
2808.502158 0.050335 
2807.335046 0.049357 
2806.167934 0.048286 
2805.000823 0.047172 
2803.833711 0.046400 
2802.666599 0.045361 
2801.499488 0.044264 
2800.332376 0.042713 
2799.165264 0.041086 
2797.998152 0.039514 
2796.831041 0.038095 
2795.663929 0.036485 
2794.496817 0.035107 
2793.329705 0.033717 
2792.162594 0.032581 
2790.995482 0.031557 
2789.828370 0.030523 
2788.661258 0.029633 
2787.494147 0.028910 
2786.327035 0.028428 
2785.159923 0.027857 
2783.992811 0.027434 
2782.825700 0.027116 
2781.658588 0.026856 
2780.491476 0.026548 
2779.324364 0.026262 
2778.157253 0.025936 
2776.990141 0.025773 
2775.823029 0.025423 
2774.655918 0.025093 
2773.488806 0.024824 
2772.321694 0.024600 
2771.154582 0.024431 
2769.987471 0.024359 
2768.820359 0.024347 
2767.653247 0.024386 
2766.486135 0.024657 
2765.319024 0.024887 
2764.151912 0.025312 
2762.984800 0.025775 
2761.817688 0.026482 
2760.650577 0.027182 
2759.483465 0.028113 
2758.316353 0.029242 
2757.149241 0.030566 
2755.982130 0.031854 
2754.815018 0.033208 
2753.647906 0.034563 
2752.480795 0.036116 
2751.313683 0.038008 
2750.146571 0.040015 
2748.979459 0.042611 
2747.812348 0.045431 
2746.645236 0.048414 
2745.478124 0.050737 
2744.311012 0.052441 
2743.143901 0.054165 
2741.976789 0.056663 
2740.809677 0.059578 
2739.642565 0.063276 
2738.475454 0.067484 
2737.308342 0.072398 
2736.141230 0.077421 
2734.974118 0.082429 
2733.807007 0.086622 
2732.639895 0.089133 
2731.472783 0.089404 
2730.305672 0.087489 
2729.138560 0.083730 
2727.971448 0.078477 
2726.804336 0.072760 
2725.637225 0.066645 
2724.470113 0.060694 
2723.303001 0.054933 
2722.135889 0.050172 
2720.968778 0.046854 
2719.801666 0.043879 
2718.634554 0.039689 
2717.467442 0.034614 
2716.300331 0.029700 
2715.133219 0.025637 
2713.966107 0.022641 
2712.798995 0.020509 
2711.631884 0.019429 
2710.464772 0.019076 
2709.297660 0.019801 
2708.130548 0.021268 
2706.963437 0.024037 
2705.796325 0.027819 
2704.629213 0.031783 
2703.462102 0.033872 
2702.294990 0.033177 
2701.127878 0.030628 
2699.960766 0.028253 
2698.793655 0.026789 
2697.626543 0.026004 
2696.459431 0.025785 
2695.292319 0.025544 
2694.125208 0.025358 
2692.958096 0.024770 
2691.790984 0.023961 
2690.623872 0.022846 
2689.456761 0.021577 
2688.289649 0.019858 
2687.122537 0.017841 
2685.955425 0.015481 
2684.788314 0.013159 
2683.621202 0.010974 
2682.454090 0.009165 
2681.286979 0.007619 
2680.119867 0.006308 
2678.952755 0.005274 
2677.785643 0.004342 
2676.618532 0.003626 
2675.451420 0.002851 
2674.284308 0.002339 
2673.117196 0.001826 
2671.950085 0.001456 
2670.782973 0.001115 
2669.615861 0.000976 
2668.448749 0.000783 
2667.281638 0.000731 
2666.114526 0.000817 
2664.947414 0.001017 
2663.780302 0.001172 
2662.613191 0.001482 
2661.446079 0.001914 
2660.278967 0.002302 
2659.111856 0.002860 
2657.944744 0.003541 
2656.777632 0.004401 
2655.610520 0.005203 
2654.443409 0.006217 
2653.276297 0.007290 
2652.109185 0.008595 
2650.942073 0.009945 
2649.774962 0.011290 
2648.607850 0.012791 
2647.440738 0.014333 
2646.273626 0.016030 
2645.106515 0.017716 
2643.939403 0.019679 
2642.772291 0.021781 
2641.605179 0.024195 
2640.438068 0.026682 
2639.270956 0.029323 
2638.103844 0.031922 
2636.936733 0.034532 
2635.769621 0.036735 
2634.602509 0.038525 
2633.435397 0.039513 
2632.268286 0.039809 
2631.101174 0.039149 
2629.934062 0.037569 
2628.766950 0.035269 
2627.599839 0.032362 
2626.432727 0.029124 
2625.265615 0.025632 
2624.098503 0.022184 
2622.931392 0.018903 
2621.764280 0.016016 
2620.597168 0.013438 
2619.430056 0.011553 
2618.262945 0.009954 
2617.095833 0.008779 
2615.928721 0.007781 
2614.761609 0.007161 
2613.594498 0.006598 
2612.427386 0.006206 
2611.260274 0.005934 
2610.093163 0.005788 
2608.926051 0.005878 
2607.758939 0.005952 
2606.591827 0.006207 
2605.424716 0.006462 
2604.257604 0.006954 
2603.090492 0.007325 
2601.923380 0.007830 
2600.756269 0.008173 
2599.589157 0.008783 
2598.422045 0.009134 
2597.254933 0.009553 
2596.087822 0.009863 
2594.920710 0.010119 
2593.753598 0.010189 
2592.586486 0.010011 
2591.419375 0.009654 
2590.252263 0.009159 
2589.085151 0.008668 
2587.918040 0.008170 
2586.750928 0.007780 
2585.583816 0.007446 
2584.416704 0.007222 
2583.249593 0.006843 
2582.082481 0.006632 
2580.915369 0.006424 
2579.748257 0.006246 
2578.581146 0.006167 
2577.414034 0.006077 
2576.246922 0.006035 
2575.079810 0.006087 
2573.912699 0.006231 
2572.745587 0.006375 
2571.578475 0.006550 
2570.411363 0.006761 
2569.244252 0.007047 
2568.077140 0.007407 
2566.910028 0.007769 
2565.742917 0.008021 
2564.575805 0.008476 
2563.408693 0.008965 
2562.241581 0.009520 
2561.074470 0.009985 
2559.907358 0.010597 
2558.740246 0.011330 
2557.573134 0.012046 
2556.406023 0.012745 
2555.238911 0.013245 
2554.071799 0.013714 
2552.904687 0.013887 
2551.737576 0.013995 
2550.570464 0.013790 
2549.403352 0.013583 
2548.236240 0.013076 
2547.069129 0.012695 
2545.902017 0.012137 
2544.734905 0.011680 
2543.567794 0.011015 
2542.400682 0.010451 
2541.233570 0.009730 
2540.066458 0.009025 
2538.899347 0.008433 
2537.732235 0.007907 
2536.565123 0.007583 
2535.398011 0.007192 
2534.230900 0.007081 
2533.063788 0.007011 
2531.896676 0.007124 
2530.729564 0.007084 
2529.562453 0.007226 
2528.395341 0.007218 
2527.228229 0.007492 
2526.061117 0.007721 
2524.894006 0.008118 
2523.726894 0.008547 
2522.559782 0.008987 
2521.392670 0.009336 
2520.225559 0.009738 
2519.058447 0.010037 
2517.891335 0.010203 
2516.724224 0.010387 
2515.557112 0.010334 
2514.390000 0.010460 
2513.222888 0.010284 
2512.055777 0.010316 
2510.888665 0.010195 
2509.721553 0.010092 
2508.554441 0.009724 
2507.387330 0.009359 
2506.220218 0.008807 
2505.053106 0.008245 
2503.885994 0.007622 
2502.718883 0.006964 
2501.551771 0.006424 
2500.384659 0.005808 
2499.217547 0.005282 
2498.050436 0.004729 
2496.883324 0.004374 
2495.716212 0.004011 
2494.549101 0.003884 
2493.381989 0.003679 
2492.214877 0.003647 
2491.047765 0.003655 
2489.880654 0.003934 
2488.713542 0.004211 
2487.546430 0.004788 
2486.379318 0.005362 
2485.212207 0.005947 
2484.045095 0.006602 
2482.877983 0.007005 
2481.710871 0.007359 
2480.543760 0.007520 
2479.376648 0.007736 
2478.209536 0.007828 
2477.042424 0.008158 
2475.875313 0.008354 
2474.708201 0.008691 
2473.541089 0.008978 
2472.373978 0.009171 
2471.206866 0.009077 
2470.039754 0.008676 
2468.872642 0.007855 
2467.705531 0.006751 
2466.538419 0.005491 
2465.371307 0.004341 
2464.204195 0.003320 
2463.037084 0.002398 
2461.869972 0.001687 
2460.702860 0.000988 
2459.535748 0.000632 
2458.368637 0.000310 
2457.201525 0.000204 
2456.034413 -0.000022 
2454.867301 0.000037 
2453.700190 0.000027 
2452.533078 0.000059 
2451.365966 -0.000010 
2450.198854 -0.000003 
2449.031743 0.000035 
2447.864631 -0.000001 
2446.697519 -0.000072 
2445.530408 -0.000223 
2444.363296 -0.000224 
2443.196184 -0.000332 
2442.029072 -0.000276 
2440.861961 -0.000420 
2439.694849 -0.000311 
2438.527737 -0.000364 
2437.360625 -0.000323 
2436.193514 -0.000336 
2435.026402 -0.000102 
2433.859290 0.000131 
2432.692178 0.000394 
2431.525067 0.000742 
2430.357955 0.001086 
2429.190843 0.001549 
2428.023731 0.001853 
2426.856620 0.002237 
2425.689508 0.002474 
2424.522396 0.002803 
2423.355285 0.003087 
2422.188173 0.003827 
2421.021061 0.004593 
2419.853949 0.005828 
2418.686838 0.007322 
2417.519726 0.009297 
2416.352614 0.010866 
2415.185502 0.010533 
2414.018391 0.008957 
2412.851279 0.007762 
2411.684167 0.007448 
2410.517055 0.007400 
2409.349944 0.007710 
2408.182832 0.007848 
2407.015720 0.008134 
2405.848608 0.008240 
2404.681497 0.008589 
2403.514385 0.008611 
2402.347273 0.008629 
2401.180162 0.008365 
2400.013050 0.008164 
2398.845938 0.007626 
2397.678826 0.006997 
2396.511715 0.006222 
2395.344603 0.005329 
2394.177491 0.004437 
2393.010379 0.003644 
2391.843268 0.002988 
2390.676156 0.002379 
2389.509044 0.002099 
2388.341932 0.001730 
2387.174821 0.001711 
2386.007709 0.001522 
2384.840597 0.001727 
2383.673485 0.001865 
2382.506374 0.002218 
2381.339262 0.002477 
2380.172150 0.002861 
2379.005039 0.003173 
2377.837927 0.003495 
2376.670815 0.003749 
2375.503703 0.003839 
2374.336592 0.004061 
2373.169480 0.004261 
2372.002368 0.004752 
2370.835256 0.005328 
2369.668145 0.006173 
2368.501033 0.006945 
2367.333921 0.007842 
2366.166809 0.008443 
2364.999698 0.008906 
2363.832586 0.008856 
2362.665474 0.008380 
2361.498362 0.007590 
2360.331251 0.006761 
2359.164139 0.005844 
2357.997027 0.004965 
2356.829915 0.004246 
2355.662804 0.003459 
2354.495692 0.003012 
2353.328580 0.002502 
2352.161469 0.002256 
2350.994357 0.001909 
2349.827245 0.001842 
2348.660133 0.001521 
2347.493022 0.001256 
2346.325910 0.000937 
2345.158798 0.000884 
2343.991686 0.000544 
2342.824575 0.000367 
2341.657463 0.000341 
2340.490351 0.000361 
2339.323239 0.000414 
2338.156128 0.000361 
2336.989016 0.000172 
2335.821904 -0.000235 
2334.654792 -0.000183 
2333.487681 -0.000441 
2332.320569 -0.000393 
2331.153457 -0.000300 
2329.986346 -0.000245 
2328.819234 -0.000327 
2327.652122 -0.000023 
2326.485010 -0.000202 
2325.317899 0.000003 
2324.150787 -0.000020 
2322.983675 -0.000062 
2321.816563 0.000043 
2320.649452 -0.000071 
2319.482340 0.000044 
2318.315228 0.000003 
2317.148116 0.000061 
2315.981005 0.000049 
2314.813893 0.000132 
2313.646781 0.000132 
2312.479669 0.000306 
2311.312558 0.000181 
2310.145446 0.000371 
2308.978334 0.000288 
2307.811223 0.000349 
2306.644111 0.000221 
2305.476999 0.000218 
2304.309887 0.000204 
2303.142776 0.000191 
2301.975664 0.000215 
2300.808552 0.000149 
2299.641440 0.000276 
2298.474329 0.000136 
2297.307217 0.000269 
2296.140105 0.000152 
2294.972993 0.000266 
2293.805882 0.000119 
2292.638770 0.000173 
2291.471658 0.000031 
2290.304546 0.000078 
2289.137435 0.000095 
2287.970323 0.000052 
2286.803211 0.000073 
2285.636099 0.000078 
2284.468988 0.000109 
2283.301876 0.000093 
2282.134764 0.000207 
2280.967653 0.000155 
2279.800541 0.000324 
2278.633429 0.000278 
2277.466317 0.000532 
2276.299206 0.000477 
2275.132094 0.000681 
2273.964982 0.000722 
2272.797870 0.000871 
2271.630759 0.000844 
2270.463647 0.001042 
2269.296535 0.001177 
2268.129423 0.001400 
2266.962312 0.001697 
2265.795200 0.002040 
2264.628088 0.002676 
2263.460976 0.003278 
2262.293865 0.003931 
2261.126753 0.004084 
2259.959641 0.004144 
2258.792530 0.003758 
2257.625418 0.003612 
2256.458306 0.003367 
2255.291194 0.003300 
2254.124083 0.003082 
2252.956971 0.002896 
2251.789859 0.002602 
2250.622747 0.002322 
2249.455636 0.001947 
2248.288524 0.001651 
2247.121412 0.001451 
2245.954300 0.001016 
2244.787189 0.000864 
2243.620077 0.000486 
2242.452965 0.000405 
2241.285853 0.000190 
2240.118742 0.000236 
2238.951630 0.000045 
2237.784518 0.000051 
2236.617407 -0.000126 
2235.450295 -0.000112 
2234.283183 -0.000225 
2233.116071 -0.000222 
2231.948960 -0.000274 
2230.781848 -0.000235 
2229.614736 -0.000107 
2228.447624 -0.000130 
2227.280513 0.000003 
2226.113401 0.000062 
2224.946289 0.000304 
2223.779177 0.000253 
2222.612066 0.000432 
2221.444954 0.000364 
2220.277842 0.000577 
2219.110730 0.000525 
2217.943619 0.000601 
2216.776507 0.000580 
2215.609395 0.000655 
2214.442284 0.000624 
2213.275172 0.000577 
2212.108060 0.000576 
2210.940948 0.000511 
2209.773837 0.000516 
2208.606725 0.000353 
2207.439613 0.000404 
2206.272501 0.000211 
2205.105390 0.000223 
2203.938278 0.000013 
2202.771166 0.000099 
2201.604054 -0.000086 
2200.436943 0.000009 
2199.269831 -0.000099 
2198.102719 -0.000028 
2196.935607 0.000024 
2195.768496 0.000026 
2194.601384 0.000079 
2193.434272 0.000045 
2192.267160 0.000197 
2191.100049 0.000249 
2189.932937 0.000506 
2188.765825 0.000480 
2187.598714 0.000751 
2186.431602 0.000743 
2185.264490 0.000922 
2184.097378 0.000736 
2182.930267 0.000835 
2181.763155 0.000591 
2180.596043 0.000588 
2179.428931 0.000439 
2178.261820 0.000477 
2177.094708 0.000431 
2175.927596 0.000336 
2174.760484 0.000339 
2173.593373 0.000225 
2172.426261 0.000276 
2171.259149 0.000108 
2170.092037 0.000234 
2168.924926 0.000061 
2167.757814 0.000154 
2166.590702 0.000043 
2165.423591 0.000152 
2164.256479 0.000019 
2163.089367 0.000079 
2161.922255 -0.000020 
2160.755144 0.000019 
2159.588032 -0.000027 
2158.420920 -0.000040 
2157.253808 -0.000017 
2156.086697 -0.000094 
2154.919585 0.000004 
2153.752473 -0.000046 
2152.585361 0.000046 
2151.418250 -0.000018 
2150.251138 0.000230 
2149.084026 0.000235 
2147.916914 0.000460 
2146.749803 0.000399 
2145.582691 0.000699 
2144.415579 0.000773 
2143.248468 0.001019 
2142.081356 0.001212 
2140.914244 0.001419 
2139.747132 0.001614 
2138.580021 0.001761 
2137.412909 0.001970 
2136.245797 0.002033 
2135.078685 0.002133 
2133.911574 0.001941 
2132.744462 0.001932 
2131.577350 0.001620 
2130.410238 0.001528 
2129.243127 0.001295 
2128.076015 0.001318 
2126.908903 0.001244 
2125.741791 0.001410 
2124.574680 0.001406 
2123.407568 0.001342 
2122.240456 0.001086 
2121.073344 0.000719 
2119.906233 0.000432 
2118.739121 0.000120 
2117.572009 0.000096 
2116.404898 -0.000081 
2115.237786 0.000049 
2114.070674 -0.000063 
2112.903562 0.000166 
2111.736451 0.000090 
2110.569339 0.000389 
2109.402227 0.000441 
2108.235115 0.000711 
2107.068004 0.000798 
2105.900892 0.000896 
2104.733780 0.000870 
2103.566668 0.000926 
2102.399557 0.001148 
2101.232445 0.001318 
2100.065333 0.001690 
2098.898221 0.001701 
2097.731110 0.001761 
2096.563998 0.001487 
2095.396886 0.001425 
2094.229775 0.001221 
2093.062663 0.001365 
2091.895551 0.001314 
2090.728439 0.001559 
2089.561328 0.001947 
2088.394216 0.002774 
2087.227104 0.003364 
2086.059992 0.003282 
2084.892881 0.002435 
2083.725769 0.001679 
2082.558657 0.001333 
2081.391545 0.001011 
2080.224434 0.000974 
2079.057322 0.000765 
2077.890210 0.000757 
2076.723098 0.000528 
2075.555987 0.000651 
2074.388875 0.000388 
2073.221763 0.000404 
2072.054652 0.000295 
2070.887540 0.000265 
2069.720428 0.000104 
2068.553316 0.000138 
2067.386205 0.000141 
2066.219093 0.000058 
2065.051981 0.000173 
2063.884869 0.000105 
2062.717758 0.000185 
2061.550646 0.000028 
2060.383534 0.000177 
2059.216422 0.000032 
2058.049311 0.000180 
2056.882199 0.000011 
2055.715087 0.000184 
2054.547975 0.000050 
2053.380864 0.000125 
2052.213752 0.000009 
2051.046640 0.000091 
2049.879529 0.000049 
2048.712417 0.000062 
2047.545305 0.000021 
2046.378193 -0.000053 
2045.211082 0.000061 
2044.043970 -0.000012 
2042.876858 0.000076 
2041.709746 -0.000066 
2040.542635 0.000061 
2039.375523 -0.000120 
2038.208411 0.000022 
2037.041299 -0.000103 
2035.874188 0.000079 
2034.707076 -0.000044 
2033.539964 0.000010 
2032.372852 -0.000079 
2031.205741 -0.000026 
2030.038629 -0.000060 
2028.871517 -0.000049 
2027.704405 0.000018 
2026.537294 -0.000073 
2025.370182 0.000068 
2024.203070 -0.000043 
2023.035959 0.000098 
2021.868847 -0.000093 
2020.701735 0.000058 
2019.534623 -0.000067 
2018.367512 0.000141 
2017.200400 0.000050 
2016.033288 0.000183 
2014.866176 0.000160 
2013.699065 0.000146 
2012.531953 0.000123 
2011.364841 0.000077 
2010.197729 0.000159 
2009.030618 0.000041 
2007.863506 0.000096 
2006.696394 0.000001 
2005.529282 0.000137 
2004.362171 -0.000074 
2003.195059 0.000040 
2002.027947 -0.000033 
2000.860836 0.000146 
1999.693724 -0.000051 
1998.526612 0.000021 
1997.359500 -0.000019 
1996.192389 0.000044 
1995.025277 0.000073 
1993.858165 0.000109 
1992.691053 0.000267 
1991.523942 0.000233 
1990.356830 0.000404 
1989.189718 0.000370 
1988.022606 0.000600 
1986.855495 0.000491 
1985.688383 0.000749 
1984.521271 0.000623 
1983.354159 0.000859 
1982.187048 0.000760 
1981.019936 0.000978 
1979.852824 0.000917 
1978.685713 0.001068 
1977.518601 0.001126 
1976.351489 0.001225 
1975.184377 0.001265 
1974.017266 0.001320 
1972.850154 0.001580 
1971.683042 0.001617 
1970.515930 0.001861 
1969.348819 0.001778 
1968.181707 0.001843 
1967.014595 0.001526 
1965.847483 0.001633 
1964.680372 0.001305 
1963.513260 0.001293 
1962.346148 0.001081 
1961.179036 0.001109 
1960.011925 0.000948 
1958.844813 0.000891 
1957.677701 0.000777 
1956.510589 0.000667 
1955.343478 0.000693 
1954.176366 0.000568 
1953.009254 0.000673 
1951.842143 0.000665 
1950.675031 0.000946 
1949.507919 0.000923 
1948.340807 0.001285 
1947.173696 0.001388 
1946.006584 0.001782 
1944.839472 0.001946 
1943.672360 0.002506 
1942.505249 0.003075 
1941.338137 0.003939 
1940.171025 0.004865 
1939.003913 0.006085 
1937.836802 0.007701 
1936.669690 0.009759 
1935.502578 0.012681 
1934.335466 0.015685 
1933.168355 0.018344 
1932.001243 0.018994 
1930.834131 0.018202 
1929.667020 0.016201 
1928.499908 0.014147 
1927.332796 0.011439 
1926.165684 0.008992 
1924.998573 0.006774 
1923.831461 0.005245 
1922.664349 0.004061 
1921.497237 0.003288 
1920.330126 0.002774 
1919.163014 0.002343 
1917.995902 0.002069 
1916.828790 0.001761 
1915.661679 0.001685 
1914.494567 0.001346 
1913.327455 0.001325 
1912.160343 0.000963 
1910.993232 0.001078 
1909.826120 0.000835 
1908.659008 0.000940 
1907.491897 0.000702 
1906.324785 0.000672 
1905.157673 0.000492 
1903.990561 0.000433 
1902.823450 0.000289 
1901.656338 0.000185 
1900.489226 0.000186 
1899.322114 -0.000018 
1898.155003 0.000067 
1896.987891 -0.000127 
1895.820779 -0.000012 
1894.653667 -0.000208 
1893.486556 -0.000048 
1892.319444 -0.000209 
1891.152332 -0.000086 
1889.985220 -0.000301 
1888.818109 -0.000137 
1887.650997 -0.000158 
1886.483885 -0.000118 
1885.316774 -0.000128 
1884.149662 -0.000139 
1882.982550 -0.000067 
1881.815438 -0.000138 
1880.648327 -0.000015 
1879.481215 -0.000095 
1878.314103 0.000022 
1877.146991 -0.000077 
1875.979880 0.000123 
1874.812768 0.000044 
1873.645656 0.000297 
1872.478544 0.000125 
1871.311433 0.000201 
1870.144321 0.000084 
1868.977209 0.000145 
1867.810097 0.000090 
1866.642986 0.000085 
1865.475874 0.000195 
1864.308762 0.000168 
1863.141650 0.000197 
1861.974539 0.000081 
1860.807427 0.000212 
1859.640315 0.000042 
1858.473204 0.000117 
1857.306092 -0.000103 
1856.138980 0.000049 
1854.971868 -0.000160 
1853.804757 -0.000013 
1852.637645 -0.000131 
1851.470533 0.000034 
1850.303421 -0.000044 
1849.136310 0.000010 
1847.969198 0.000052 
1846.802086 0.000025 
1845.634974 0.000163 
1844.467863 -0.000068 
1843.300751 0.000094 
1842.133639 -0.000003 
1840.966527 0.000189 
1839.799416 0.000055 
1838.632304 0.000195 
1837.465192 -0.000054 
1836.298081 0.000085 
1835.130969 0.000015 
1833.963857 0.000132 
1832.796745 -0.000039 
1831.629634 0.000016 
1830.462522 -0.000038 
1829.295410 -0.000064 
1828.128298 0.000032 
1826.961187 -0.000015 
1825.794075 0.000114 
1824.626963 -0.000040 
1823.459851 0.000153 
1822.292740 0.000044 
1821.125628 0.000277 
1819.958516 0.000131 
1818.791404 0.000337 
1817.624293 0.000207 
1816.457181 0.000379 
1815.290069 0.000226 
1814.122958 0.000399 
1812.955846 0.000397 
1811.788734 0.000382 
1810.621622 0.000314 
1809.454511 0.000294 
1808.287399 0.000401 
1807.120287 0.000297 
1805.953175 0.000480 
1804.786064 0.000300 
1803.618952 0.000498 
1802.451840 0.000306 
1801.284728 0.000453 
1800.117617 0.000364 
1798.950505 0.000606 
1797.783393 0.000597 
1796.616281 0.000807 
1795.449170 0.000855 
1794.282058 0.001068 
1793.114946 0.001153 
1791.947835 0.001321 
1790.780723 0.001609 
1789.613611 0.001733 
1788.446499 0.002056 
1787.279388 0.002101 
1786.112276 0.002530 
1784.945164 0.002654 
1783.778052 0.003227 
1782.610941 0.003498 
1781.443829 0.004139 
1780.276717 0.004418 
1779.109605 0.004779 
1777.942494 0.004691 
1776.775382 0.004701 
1775.608270 0.004610 
1774.441158 0.004556 
1773.274047 0.004342 
1772.106935 0.003873 
1770.939823 0.003791 
1769.772711 0.003547 
1768.605600 0.003597 
1767.438488 0.003496 
1766.271376 0.003924 
1765.104265 0.003948 
1763.937153 0.004127 
1762.770041 0.003742 
1761.602929 0.003547 
1760.435818 0.003291 
1759.268706 0.003205 
1758.101594 0.002968 
1756.934482 0.002770 
1755.767371 0.002651 
1754.600259 0.002525 
1753.433147 0.002454 
1752.266035 0.002113 
1751.098924 0.001996 
1749.931812 0.001757 
1748.764700 0.001711 
1747.597588 0.001330 
1746.430477 0.001327 
1745.263365 0.001001 
1744.096253 0.000956 
1742.929142 0.000649 
1741.762030 0.000728 
1740.594918 0.000467 
1739.427806 0.000365 
1738.260695 0.000462 
1737.093583 0.000411 
1735.926471 0.000366 
1734.759359 -0.000012 
1733.592248 0.000020 
1732.425136 0.000092 
1731.258024 0.000336 
1730.090912 0.000119 
1728.923801 0.000346 
1727.756689 0.000212 
1726.589577 0.000385 
1725.422465 0.000270 
1724.255354 0.000442 
1723.088242 0.000409 
1721.921130 0.000536 
1720.754019 0.000613 
1719.586907 0.000690 
1718.419795 0.000626 
1717.252683 0.000396 
1716.085572 0.000795 
1714.918460 0.000740 
1713.751348 0.000992 
1712.584236 0.000869 
1711.417125 0.001039 
1710.250013 0.000792 
1709.082901 0.000917 
1707.915789 0.000708 
1706.748678 0.000748 
1705.581566 0.000558 
1704.414454 0.000529 
1703.247342 0.000498 
1702.080231 0.000439 
1700.913119 0.000121 
1699.746007 -0.000164 
1698.578895 0.000182 
1697.411784 0.000003 
1696.244672 -0.000230 
1695.077560 -0.000342 
1693.910449 0.000205 
1692.743337 0.000097 
1691.576225 0.000364 
1690.409113 0.000199 
1689.242002 0.000422 
1688.074890 0.000282 
1686.907778 0.000432 
1685.740666 0.000253 
1684.573555 0.000050 
1683.406443 0.000406 
1682.239331 0.000625 
1681.072219 0.000869 
1679.905108 0.000812 
1678.737996 0.000952 
1677.570884 0.000797 
1676.403772 0.000954 
1675.236661 0.000585 
1674.069549 0.000878 
1672.902437 0.000696 
1671.735326 0.000720 
1670.568214 0.000503 
1669.401102 0.000485 
1668.233990 0.000368 
1667.066879 0.000476 
1665.899767 0.000372 
1664.732655 0.000313 
1663.565543 0.000142 
1662.398432 -0.000145 
1661.231320 -0.000056 
1660.064208 -0.000197 
1658.897096 -0.000039 
1657.729985 -0.000170 
1656.562873 0.000071 
1655.395761 -0.000104 
1654.228649 -0.000125 
1653.061538 -0.000599 
1651.894426 -0.000207 
1650.727314 0.000051 
1649.560203 0.000164 
1648.393091 0.000037 
1647.225979 0.000083 
1646.058867 0.000028 
1644.891756 0.000078 
1643.724644 0.000178 
1642.557532 -0.000000 
1641.390420 0.000125 
1640.223309 -0.000111 
1639.056197 0.000052 
1637.889085 -0.000089 
1636.721973 0.000055 
1635.554862 -0.000250 
1634.387750 0.000056 
1633.220638 -0.000088 
1632.053526 -0.000059 
1630.886415 -0.000098 
1629.719303 -0.000020 
1628.552191 0.000128 
1627.385080 0.000249 
1626.217968 0.000445 
1625.050856 0.000431 
1623.883744 0.000599 
1622.716633 0.000560 
1621.549521 0.001057 
1620.382409 0.001177 
1619.215297 0.001702 
1618.048186 0.001781 
1616.881074 0.001995 
1615.713962 0.002253 
1614.546850 0.002714 
1613.379739 0.002677 
1612.212627 0.002892 
1611.045515 0.002915 
1609.878403 0.003029 
1608.711292 0.003239 
1607.544180 0.003360 
1606.377068 0.003629 
1605.209956 0.003658 
1604.042845 0.003857 
1602.875733 0.003693 
1601.708621 0.003929 
1600.541510 0.003751 
1599.374398 0.003979 
1598.207286 0.003799 
1597.040174 0.004004 
1595.873063 0.003910 
1594.705951 0.004048 
1593.538839 0.004112 
1592.371727 0.004266 
1591.204616 0.004392 
1590.037504 0.004456 
1588.870392 0.004735 
1587.703280 0.004865 
1586.536169 0.005136 
1585.369057 0.005189 
1584.201945 0.005643 
1583.034833 0.005701 
1581.867722 0.006162 
1580.700610 0.006256 
1579.533498 0.006702 
1578.366387 0.006823 
1577.199275 0.007092 
1576.032163 0.007042 
1574.865051 0.007752 
1573.697940 0.008132 
1572.530828 0.008410 
1571.363716 0.008883 
1570.196604 0.009031 
1569.029493 0.009511 
1567.862381 0.009812 
1566.695269 0.010427 
1565.528157 0.010678 
1564.361046 0.011201 
1563.193934 0.011386 
1562.026822 0.011998 
1560.859710 0.012002 
1559.692599 0.012317 
1558.525487 0.012554 
1557.358375 0.013195 
1556.191264 0.013758 
1555.024152 0.013939 
1553.857040 0.014157 
1552.689928 0.014653 
1551.522817 0.015302 
1550.355705 0.015667 
1549.188593 0.016301 
1548.021481 0.016551 
1546.854370 0.017139 
1545.687258 0.017159 
1544.520146 0.017688 
1543.353034 0.017763 
1542.185923 0.017817 
1541.018811 0.017812 
1539.851699 0.018117 
1538.684587 0.018662 
1537.517476 0.019744 
1536.350364 0.020325 
1535.183252 0.020702 
1534.016140 0.020895 
1532.849029 0.021139 
1531.681917 0.021731 
1530.514805 0.021938 
1529.347694 0.022426 
1528.180582 0.022553 
1527.013470 0.023019 
1525.846358 0.022983 
1524.679247 0.023454 
1523.512135 0.023713 
1522.345023 0.024349 
1521.177911 0.024801 
1520.010800 0.025790 
1518.843688 0.026568 
1517.676576 0.027208 
1516.509464 0.027991 
1515.342353 0.028814 
1514.175241 0.029853 
1513.008129 0.030631 
1511.841017 0.031698 
1510.673906 0.032626 
1509.506794 0.033800 
1508.339682 0.034683 
1507.172571 0.035771 
1506.005459 0.036843 
1504.838347 0.038528 
1503.671235 0.040010 
1502.504124 0.041646 
1501.337012 0.043280 
1500.169900 0.045176 
1499.002788 0.047279 
1497.835677 0.049642 
1496.668565 0.052448 
1495.501453 0.055817 
1494.334341 0.061063 
1493.167230 0.069221 
1492.000118 0.086379 
1490.833006 0.104515 
1489.665894 0.098113 
1488.498783 0.088354 
1487.331671 0.086651 
1486.164559 0.084443 
1484.997448 0.085804 
1483.830336 0.089800 
1482.663224 0.095090 
1481.496112 0.101494 
1480.329001 0.110530 
1479.161889 0.125632 
1477.994777 0.153639 
1476.827665 0.175408 
1475.660554 0.157846 
1474.493442 0.134947 
1473.326330 0.122128 
1472.159218 0.113701 
1470.992107 0.105064 
1469.824995 0.096859 
1468.657883 0.088503 
1467.490771 0.081226 
1466.323660 0.074733 
1465.156548 0.069777 
1463.989436 0.067470 
1462.822325 0.069244 
1461.655213 0.070270 
1460.488101 0.063135 
1459.320989 0.055939 
1458.153878 0.052816 
1456.986766 0.054823 
1455.819654 0.063123 
1454.652542 0.073722 
1453.485431 0.077541 
1452.318319 0.073047 
1451.151207 0.067179 
1449.984095 0.067381 
1448.816984 0.072328 
1447.649872 0.075393 
1446.482760 0.071495 
1445.315648 0.068043 
1444.148537 0.066362 
1442.981425 0.058228 
1441.814313 0.049302 
1440.647201 0.045767 
1439.480090 0.047283 
1438.312978 0.050727 
1437.145866 0.055643 
1435.978755 0.061719 
1434.811643 0.069646 
1433.644531 0.079113 
1432.477419 0.091720 
1431.310308 0.107169 
1430.143196 0.125150 
1428.976084 0.142700 
1427.808972 0.156248 
1426.641861 0.162451 
1425.474749 0.159821 
1424.307637 0.150335 
1423.140525 0.136877 
1421.973414 0.123010 
1420.806302 0.109871 
1419.639190 0.098925 
1418.472078 0.089772 
1417.304967 0.082893 
1416.137855 0.076973 
1414.970743 0.072783 
1413.803632 0.069189 
1412.636520 0.066698 
1411.469408 0.064658 
1410.302296 0.063422 
1409.135185 0.062486 
1407.968073 0.061973 
1406.800961 0.061792 
1405.633849 0.061790 
1404.466738 0.062117 
1403.299626 0.062525 
1402.132514 0.063357 
1400.965402 0.063903 
1399.798291 0.064889 
1398.631179 0.065463 
1397.464067 0.066534 
1396.296955 0.067140 
1395.129844 0.068082 
1393.962732 0.068776 
1392.795620 0.070247 
1391.628509 0.071757 
1390.461397 0.073945 
1389.294285 0.077425 
1388.127173 0.083203 
1386.960062 0.092972 
1385.792950 0.104907 
1384.625838 0.107252 
1383.458726 0.095175 
1382.291615 0.082658 
1381.124503 0.072707 
1379.957391 0.066487 
1378.790279 0.064888 
1377.623168 0.069119 
1376.456056 0.079712 
1375.288944 0.106029 
1374.121832 0.161221 
1372.954721 0.212804 
1371.787609 0.166457 
1370.620497 0.095394 
1369.453385 0.061110 
1368.286274 0.045402 
1367.119162 0.036631 
1365.952050 0.030957 
1364.784939 0.028617 
1363.617827 0.028027 
1362.450715 0.029826 
1361.283603 0.035452 
1360.116492 0.050844 
1358.949380 0.080972 
1357.782268 0.101189 
1356.615156 0.083550 
1355.448045 0.054994 
1354.280933 0.038112 
1353.113821 0.031044 
1351.946709 0.027378 
1350.779598 0.024920 
1349.612486 0.023935 
1348.445374 0.023683 
1347.278262 0.024415 
1346.111151 0.025241 
1344.944039 0.026953 
1343.776927 0.028734 
1342.609816 0.031462 
1341.442704 0.034218 
1340.275592 0.037829 
1339.108480 0.041949 
1337.941369 0.047296 
1336.774257 0.053643 
1335.607145 0.061723 
1334.440033 0.072140 
1333.272922 0.086564 
1332.105810 0.106953 
1330.938698 0.136081 
1329.771586 0.174954 
1328.604475 0.221087 
1327.437363 0.266580 
1326.270251 0.300367 
1325.103139 0.317137 
1323.936028 0.319284 
1322.768916 0.312810 
1321.601804 0.300839 
1320.434693 0.282841 
1319.267581 0.254184 
1318.100469 0.215235 
1316.933357 0.172615 
1315.766246 0.134764 
1314.599134 0.104841 
1313.432022 0.081987 
1312.264910 0.064962 
1311.097799 0.052098 
1309.930687 0.042592 
1308.763575 0.035000 
1307.596463 0.029360 
1306.429352 0.024576 
1305.262240 0.021114 
1304.095128 0.017989 
1302.928016 0.015784 
1301.760905 0.013629 
1300.593793 0.012043 
1299.426681 0.010606 
1298.259570 0.009398 
1297.092458 0.008370 
1295.925346 0.007453 
1294.758234 0.006807 
1293.591123 0.005981 
1292.424011 0.005643 
1291.256899 0.005093 
1290.089787 0.005061 
1288.922676 0.004762 
1287.755564 0.005149 
1286.588452 0.005381 
1285.421340 0.006410 
1284.254229 0.007769 
1283.087117 0.010562 
1281.920005 0.014950 
1280.752893 0.022977 
1279.585782 0.036134 
1278.418670 0.049049 
1277.251558 0.048774 
1276.084446 0.040379 
1274.917335 0.032968 
1273.750223 0.027235 
1272.583111 0.023824 
1271.416000 0.020679 
1270.248888 0.017725 
1269.081776 0.014112 
1267.914664 0.011091 
1266.747553 0.008251 
1265.580441 0.006447 
1264.413329 0.004855 
1263.246217 0.003882 
1262.079106 0.002966 
1260.911994 0.002348 
1259.744882 0.001783 
1258.577770 0.001228 
1257.410659 0.000928 
1256.243547 0.000501 
1255.076435 0.000425 
1253.909323 0.000060 
1252.742212 0.000130 
1251.575100 -0.000199 
1250.407988 -0.000046 
1249.240877 -0.000269 
1248.073765 -0.000136 
1246.906653 -0.000358 
1245.739541 -0.000286 
1244.572430 -0.000365 
1243.405318 -0.000395 
1242.238206 -0.000499 
1241.071094 -0.000573 
1239.903983 -0.000542 
1238.736871 -0.000594 
1237.569759 -0.000436 
1236.402647 -0.000619 
1235.235536 -0.000388 
1234.068424 -0.000567 
1232.901312 -0.000348 
1231.734200 -0.000544 
1230.567089 -0.000366 
1229.399977 -0.000553 
1228.232865 -0.000388 
1227.065754 -0.000530 
1225.898642 -0.000428 
1224.731530 -0.000400 
1223.564418 -0.000381 
1222.397307 -0.000282 
1221.230195 -0.000374 
1220.063083 -0.000205 
1218.895971 -0.000338 
1217.728860 -0.000060 
1216.561748 -0.000227 
1215.394636 0.000062 
1214.227524 -0.000178 
1213.060413 0.000114 
1211.893301 -0.000085 
1210.726189 0.000117 
1209.559077 -0.000033 
1208.391966 0.000003 
1207.224854 -0.000020 
1206.057742 0.000069 
1204.890630 0.000035 
1203.723519 -0.000049 
1202.556407 -0.000006 
1201.389295 -0.000202 
1200.222184 0.000023 
1199.055072 -0.000193 
1197.887960 -0.000058 
1196.720848 -0.000242 
1195.553737 0.000012 
1194.386625 -0.000206 
1193.219513 -0.000094 
1192.052401 -0.000265 
1190.885290 -0.000085 
1189.718178 -0.000137 
1188.551066 -0.000082 
1187.383954 -0.000121 
1186.216843 0.000000 
1185.049731 0.000211 
1183.882619 0.000254 
1182.715507 0.000533 
1181.548396 0.000523 
1180.381284 0.000838 
1179.214172 0.000931 
1178.047061 0.001440 
1176.879949 0.001648 
1175.712837 0.002342 
1174.545725 0.002756 
1173.378614 0.003642 
1172.211502 0.004553 
1171.044390 0.005981 
1169.877278 0.007818 
1168.710167 0.010367 
1167.543055 0.013768 
1166.375943 0.017626 
1165.208831 0.021453 
1164.041720 0.023325 
1162.874608 0.023581 
1161.707496 0.022180 
1160.540384 0.021074 
1159.373273 0.019845 
1158.206161 0.019718 
1157.039049 0.019852 
1155.871938 0.021155 
1154.704826 0.023150 
1153.537714 0.026442 
1152.370602 0.029833 
1151.203491 0.032528 
1150.036379 0.032775 
1148.869267 0.029902 
1147.702155 0.025050 
1146.535044 0.019946 
1145.367932 0.016320 
1144.200820 0.013530 
1143.033708 0.012292 
1141.866597 0.011225 
1140.699485 0.011037 
1139.532373 0.010914 
1138.365261 0.011639 
1137.198150 0.012616 
1136.031038 0.014596 
1134.863926 0.017132 
1133.696815 0.021183 
1132.529703 0.026912 
1131.362591 0.034111 
1130.195479 0.041115 
1129.028368 0.045459 
1127.861256 0.046641 
1126.694144 0.045014 
1125.527032 0.041635 
1124.359921 0.036238 
1123.192809 0.030671 
1122.025697 0.025649 
1120.858585 0.022793 
1119.691474 0.021054 
1118.524362 0.020749 
1117.357250 0.020884 
1116.190138 0.021855 
1115.023027 0.023149 
1113.855915 0.025104 
1112.688803 0.027792 
1111.521691 0.031269 
1110.354580 0.035900 
1109.187468 0.041587 
1108.020356 0.049503 
1106.853245 0.059761 
1105.686133 0.074309 
1104.519021 0.094655 
1103.351909 0.125965 
1102.184798 0.171770 
1101.017686 0.235054 
1099.850574 0.305471 
1098.683462 0.367583 
1097.516351 0.409497 
1096.349239 0.428794 
1095.182127 0.426347 
1094.015015 0.411794 
1092.847904 0.392957 
1091.680792 0.372884 
1090.513680 0.353707 
1089.346568 0.335531 
1088.179457 0.317624 
1087.012345 0.296692 
1085.845233 0.272145 
1084.678122 0.243256 
1083.511010 0.213781 
1082.343898 0.184308 
1081.176786 0.154443 
1080.009675 0.123523 
1078.842563 0.095114 
1077.675451 0.071816 
1076.508339 0.054353 
1075.341228 0.042141 
1074.174116 0.033859 
1073.007004 0.029543 
1071.839892 0.027704 
1070.672781 0.027989 
1069.505669 0.029117 
1068.338557 0.032641 
1067.171445 0.038288 
1066.004334 0.047233 
1064.837222 0.059933 
1063.670110 0.080270 
1062.502999 0.115105 
1061.335887 0.183385 
1060.168775 0.306512 
1059.001663 0.471577 
1057.834552 0.627084 
1056.667440 0.717396 
1055.500328 0.668924 
1054.333216 0.507655 
1053.166105 0.404377 
1051.998993 0.398195 
1050.831881 0.472882 
1049.664769 0.593811 
1048.497658 0.737799 
1047.330546 0.886728 
1046.163434 1.000000 
1044.996322 0.880473 
1043.829211 0.538239 
1042.662099 0.309291 
1041.494987 0.203686 
1040.327875 0.157638 
1039.160764 0.122896 
1037.993652 0.090753 
1036.826540 0.071700 
1035.659429 0.060978 
1034.492317 0.050673 
1033.325205 0.043683 
1032.158093 0.045321 
1030.990982 0.042734 
1029.823870 0.027721 
1028.656758 0.018156 
1027.489646 0.012799 
1026.322535 0.009913 
1025.155423 0.007774 
1023.988311 0.006406 
1022.821199 0.005062 
1021.654088 0.003934 
1020.486976 0.003145 
1019.319864 0.002448 
1018.152752 0.002114 
1016.985641 0.001507 
1015.818529 0.001382 
1014.651417 0.000832 
1013.484306 0.000874 
1012.317194 0.000474 
1011.150082 0.000505 
1009.982970 0.000154 
1008.815859 0.000230 
1007.648747 -0.000077 
1006.481635 0.000005 
1005.314523 -0.000164 
1004.147412 -0.000148 
1002.980300 -0.000090 
1001.813188 -0.000112 
1000.646076 -0.000109 
999.478965 -0.000291 
998.311853 -0.000123 
997.144741 -0.000327 
995.977629 -0.000012 
994.810518 -0.000224 
993.643406 0.000002 
992.476294 -0.000190 
991.309183 0.000032 
990.142071 -0.000188 
988.974959 -0.000037 
987.807847 -0.000084 
986.640736 0.000056 
985.473624 -0.000068 
984.306512 -0.000101 
983.139400 -0.000033 
981.972289 -0.000050 
980.805177 0.000125 
979.638065 -0.000053 
978.470953 0.000119 
977.303842 -0.000143 
976.136730 0.000062 
974.969618 -0.000195 
973.802506 0.000006 
972.635395 -0.000217 
971.468283 -0.000067 
970.301171 -0.000271 
969.134060 -0.000248 
967.966948 -0.000303 
966.799836 -0.000225 
965.632724 -0.000206 
964.465613 -0.000288 
963.298501 -0.000178 
962.131389 -0.000274 
960.964277 -0.000020 
959.797166 -0.000251 
958.630054 0.000062 
957.462942 -0.000081 
956.295830 0.000207 
955.128719 0.000012 
953.961607 0.000258 
952.794495 0.000245 
951.627383 0.000609 
950.460272 0.000677 
949.293160 0.000930 
948.126048 0.001116 
946.958936 0.001221 
945.791825 0.001538 
944.624713 0.001685 
943.457601 0.002162 
942.290490 0.002310 
941.123378 0.002795 
939.956266 0.002845 
938.789154 0.003366 
937.622043 0.003346 
936.454931 0.003746 
935.287819 0.003920 
934.120707 0.004467 
932.953596 0.004675 
931.786484 0.005084 
930.619372 0.005356 
929.452260 0.005742 
928.285149 0.006138 
927.118037 0.006412 
925.950925 0.006930 
924.783813 0.007211 
923.616702 0.007909 
922.449590 0.008210 
921.282478 0.008978 
920.115367 0.009258 
918.948255 0.010103 
917.781143 0.010445 
916.614031 0.011304 
915.446920 0.011867 
914.279808 0.012701 
913.112696 0.013569 
911.945584 0.014601 
910.778473 0.015707 
909.611361 0.016824 
908.444249 0.018091 
907.277137 0.019455 
906.110026 0.021405 
904.942914 0.023755 
903.775802 0.027089 
902.608690 0.030502 
901.441579 0.034851 
900.274467 0.040102 
899.107355 0.047524 
897.940244 0.057415 
896.773132 0.072187 
895.606020 0.095819 
894.438908 0.135516 
893.271797 0.199037 
892.104685 0.272443 
890.937573 0.292662 
889.770461 0.223360 
888.603350 0.155714 
887.436238 0.132688 
886.269126 0.146004 
885.102014 0.194503 
883.934903 0.278025 
882.767791 0.332909 
881.600679 0.280911 
880.433567 0.183488 
879.266456 0.106650 
878.099344 0.064060 
876.932232 0.043182 
875.765121 0.032002 
874.598009 0.024211 
873.430897 0.019096 
872.263785 0.015628 
871.096674 0.013600 
869.929562 0.012199 
868.762450 0.011611 
867.595338 0.011158 
866.428227 0.011307 
865.261115 0.011208 
864.094003 0.011889 
862.926891 0.012166 
861.759780 0.012908 
860.592668 0.013237 
859.425556 0.014007 
858.258444 0.014551 
857.091333 0.015282 
855.924221 0.016066 
854.757109 0.016859 
853.589997 0.017678 
852.422886 0.018337 
851.255774 0.019241 
850.088662 0.019900 
848.921551 0.021106 
847.754439 0.021737 
846.587327 0.023028 
845.420215 0.023827 
844.253104 0.025026 
843.085992 0.026051 
841.918880 0.027368 
840.751768 0.028321 
839.584657 0.029655 
838.417545 0.030884 
837.250433 0.032038 
836.083321 0.033373 
834.916210 0.034393 
833.749098 0.035770 
832.581986 0.036929 
831.414874 0.038468 
830.247763 0.039712 
829.080651 0.041199 
827.913539 0.042338 
826.746428 0.043909 
825.579316 0.045108 
824.412204 0.046757 
823.245092 0.048227 
822.077981 0.049857 
820.910869 0.051471 
819.743757 0.053428 
818.576645 0.055516 
817.409534 0.057239 
816.242422 0.057449 
815.075310 0.052838 
813.908198 0.045603 
812.741087 0.042155 
811.573975 0.049718 
810.406863 0.067755 
809.239751 0.084796 
808.072640 0.093303 
806.905528 0.105219 
805.738416 0.134351 
804.571305 0.194124 
803.404193 0.215592 
802.237081 0.127644 
801.069969 0.068116 
799.902858 0.057236 
798.735746 0.061921 
797.568634 0.068664 
796.401522 0.074972 
795.234411 0.079783 
794.067299 0.084268 
792.900187 0.087954 
791.733075 0.091812 
790.565964 0.094896 
789.398852 0.097729 
788.231740 0.099332 
787.064628 0.100909 
785.897517 0.101367 
784.730405 0.101008 
783.563293 0.099748 
782.396181 0.097563 
781.229070 0.095220 
780.061958 0.092358 
778.894846 0.089311 
777.727735 0.085862 
776.560623 0.082980 
775.393511 0.079782 
774.226399 0.077201 
773.059288 0.074597 
771.892176 0.072902 
770.725064 0.071185 
769.557952 0.070283 
768.390841 0.069479 
767.223729 0.069557 
766.056617 0.070099 
764.889505 0.071336 
763.722394 0.073261 
762.555282 0.075765 
761.388170 0.079303 
760.221058 0.083414 
759.053947 0.088698 
757.886835 0.094516 
756.719723 0.101529 
755.552612 0.108912 
754.385500 0.117412 
753.218388 0.126057 
752.051276 0.135533 
750.884165 0.144573 
749.717053 0.153329 
748.549941 0.160865 
747.382829 0.166820 
746.215718 0.170648 
745.048606 0.171507 
743.881494 0.169922 
742.714382 0.165283 
741.547271 0.158546 
740.380159 0.149717 
739.213047 0.140258 
738.045935 0.129905 
736.878824 0.120283 
735.711712 0.110796 
734.544600 0.102695 
733.377489 0.095252 
732.210377 0.089413 
731.043265 0.084528 
729.876153 0.080999 
728.709042 0.078567 
727.541930 0.077408 
726.374818 0.077619 
725.207706 0.079065 
724.040595 0.081833 
722.873483 0.085283 
721.706371 0.089852 
720.539259 0.094150 
719.372148 0.098597 
718.205036 0.101511 
717.037924 0.103313 
715.870812 0.102231 
714.703701 0.098806 
713.536589 0.092955 
712.369477 0.085956 
711.202366 0.078074 
710.035254 0.070460 
708.868142 0.063195 
707.701030 0.056604 
706.533919 0.051047 
705.366807 0.045963 
704.199695 0.041833 
703.032583 0.037895 
701.865472 0.034781 
700.698360 0.031654 
699.531248 0.029367 
698.364136 0.026976 
697.197025 0.025270 
696.029913 0.023210 
694.862801 0.021569 
693.695689 0.020114 
692.528578 0.018777 
691.361466 0.017390 
690.194354 0.016426 
689.027242 0.015981 
687.860131 0.014748 
686.693019 0.013788 
685.525907 0.012829 
684.358796 0.012470 
683.191684 0.011743 
682.024572 0.011240 
680.857460 0.010269 
679.690349 0.009867 
678.523237 0.008984 
677.356125 0.008694 
676.189013 0.008112 
675.021902 0.007712 
673.854790 0.007167 
672.687678 0.006736 
671.520566 0.006431 
670.353455 0.005853 
669.186343 0.004890 
668.019231 0.003903 
666.852119 0.004542 
665.685008 0.004576 
664.517896 0.004891 
663.350784 0.004782 
662.183673 0.005125 
661.016561 0.004967 
659.849449 0.004951 
658.682337 0.004095 
657.515226 0.003411 
656.348114 0.002382 
655.181002 0.001235 
654.013890 0.000185 
652.846779 -0.000492 
651.679667 -0.000390 
650.512555 0.000197 
649.345443 0.001563 
648.178332 0.002770 
647.011220 0.004548 
645.844108 0.004869 
644.676996 0.005266 
643.509885 0.004293 
642.342773 0.002535 
641.175661 0.000274 
640.008550 -0.001548 
638.841438 -0.003609 
637.674326 -0.004229 
636.507214 -0.004131 
635.340103 -0.004200 
634.172991 -0.002696 
633.005879 -0.000346 
631.838767 0.001778 
630.671656 0.003799 
629.504544 0.005784 
628.337432 0.006982 
627.170320 0.008423 
626.003209 0.008971 
624.836097 0.009549 
623.668985 0.008746 
622.501873 0.007438 
621.334762 0.006283 
620.167650 0.005223 
619.000538 0.004200 
617.833426 0.003739 
616.666315 0.003324 
615.499203 0.002526 
614.332091 0.002144 
613.164980 0.001289 
611.997868 0.000920 
610.830756 0.000662 
609.663644 0.000439 
608.496533 -0.000242 
607.329421 -0.000327 
606.162309 -0.000426 
604.995197 -0.000492 
603.828086 -0.000980 
602.660974 -0.000352 
601.493862 -0.000372 
600.326750 -0.000259 
599.159639 0.000185 
597.992527 0.000512 
596.825415 0.000911 
595.658303 0.000410 
594.491192 0.000506 
593.324080 0.000200 
592.156968 0.000174 
590.989857 -0.000011 
589.822745 0.000827 
588.655633 0.000999 
587.488521 0.001883 
586.321410 0.002206 
585.154298 0.003385 
583.987186 0.004283 
582.820074 0.004671 
581.652963 0.005024 
580.485851 0.005534 
579.318739 0.005445 
578.151627 0.006181 
576.984516 0.006050 
575.817404 0.005414 
574.650292 0.004965 
573.483180 0.004676 
572.316069 0.004672 
571.148957 0.003704 
569.981845 0.003183 
568.814734 0.003459 
567.647622 0.004037 
566.480510 0.003693 
565.313398 0.003094 
564.146287 0.002634 
562.979175 0.003058 
561.812063 0.002270 
560.644951 0.002651 
559.477840 0.003662 
558.310728 0.002536 
557.143616 0.001797 
555.976504 0.002082 
554.809393 0.001592 
553.642281 0.000936 
552.475169 0.000672 
551.308057 -0.000997 
550.140946 0.001005 
548.973834 -0.000664 
547.806722 0.000095 
546.639611 -0.000487 
545.472499 0.000293 
544.305387 0.000014 
543.138275 -0.000645 
541.971164 -0.000256 
540.804052 -0.001673 
539.636940 -0.001662 
538.469828 -0.000422 
537.302717 -0.000245 
536.135605 -0.000394 
534.968493 0.000788 
533.801381 0.000821 
532.634270 -0.000704 
531.467158 0.000038 
530.300046 0.001314 
529.132934 -0.000268 
527.965823 -0.003264 
526.798711 -0.000381 
525.631599 0.000496 
524.464487 0.000049 
523.297376 -0.002185 
522.130264 -0.004362 
520.963152 -0.003704 
519.796041 0.000253 
518.628929 0.002721 
517.461817 0.003870 
516.294705 0.001039 
515.127594 0.000959 
513.960482 -0.000782 
512.793370 -0.008676 
511.626258 -0.014224 
510.459147 -0.014871 
509.292035 -0.009421 
508.124923 -0.007352 
506.957811 -0.004019 
505.790700 -0.002175 
504.623588 0.001017 
503.456476 0.003889 
502.289364 0.007582 
501.122253 0.007628 
499.955141 0.009795 
