4000.123242 0.002049 
3998.956130 0.001692 
3997.789019 0.001300 
3996.621907 0.001061 
3995.454795 0.000885 
3994.287683 0.000784 
3993.120572 0.000685 
3991.953460 0.000677 
3990.786348 0.000623 
3989.619236 0.000475 
3988.452125 0.000473 
3987.285013 0.000603 
3986.117901 0.000614 
3984.950789 0.000589 
3983.783678 0.000648 
3982.616566 0.000586 
3981.449454 0.000532 
3980.282342 0.000707 
3979.115231 0.000732 
3977.948119 0.000857 
3976.781007 0.000994 
3975.613896 0.001157 
3974.446784 0.001380 
3973.279672 0.001582 
3972.112560 0.001657 
3970.945449 0.001506 
3969.778337 0.001180 
3968.611225 0.000930 
3967.444113 0.000657 
3966.277002 0.000544 
3965.109890 0.000407 
3963.942778 0.000304 
3962.775666 0.000182 
3961.608555 0.000113 
3960.441443 0.000178 
3959.274331 0.000155 
3958.107219 0.000049 
3956.940108 0.000007 
3955.772996 -0.000040 
3954.605884 -0.000025 
3953.438772 0.000018 
3952.271661 -0.000112 
3951.104549 -0.000292 
3949.937437 -0.000249 
3948.770326 -0.000231 
3947.603214 -0.000196 
3946.436102 -0.000195 
3945.268990 -0.000206 
3944.101879 -0.000159 
3942.934767 -0.000096 
3941.767655 -0.000035 
3940.600543 0.000052 
3939.433432 0.000053 
3938.266320 0.000162 
3937.099208 0.000320 
3935.932096 0.000276 
3934.764985 0.000257 
3933.597873 0.000131 
3932.430761 -0.000039 
3931.263649 -0.000188 
3930.096538 -0.000412 
3928.929426 -0.000392 
3927.762314 -0.000394 
3926.595203 -0.000451 
3925.428091 -0.000509 
3924.260979 -0.000635 
3923.093867 -0.000536 
3921.926756 -0.000480 
3920.759644 -0.000477 
3919.592532 -0.000474 
3918.425420 -0.000524 
3917.258309 -0.000640 
3916.091197 -0.000714 
3914.924085 -0.000536 
3913.756973 -0.000540 
3912.589862 -0.000514 
3911.422750 -0.000557 
3910.255638 -0.000598 
3909.088526 -0.000587 
3907.921415 -0.000597 
3906.754303 -0.000679 
3905.587191 -0.000812 
3904.420080 -0.000687 
3903.252968 -0.000730 
3902.085856 -0.000840 
3900.918744 -0.000793 
3899.751633 -0.000785 
3898.584521 -0.000701 
3897.417409 -0.000721 
3896.250297 -0.000802 
3895.083186 -0.000671 
3893.916074 -0.000584 
3892.748962 -0.000519 
3891.581850 -0.000402 
3890.414739 -0.000404 
3889.247627 -0.000405 
3888.080515 -0.000437 
3886.913403 -0.000328 
3885.746292 -0.000151 
3884.579180 -0.000245 
3883.412068 -0.000210 
3882.244957 -0.000270 
3881.077845 -0.000248 
3879.910733 -0.000196 
3878.743621 -0.000035 
3877.576510 0.000165 
3876.409398 0.000374 
3875.242286 0.000561 
3874.075174 0.000498 
3872.908063 0.000401 
3871.740951 0.000228 
3870.573839 0.000246 
3869.406727 0.000280 
3868.239616 0.000195 
3867.072504 0.000227 
3865.905392 0.000387 
3864.738280 0.000690 
3863.571169 0.000865 
3862.404057 0.001019 
3861.236945 0.001050 
3860.069833 0.000838 
3858.902722 0.000641 
3857.735610 0.000418 
3856.568498 0.000295 
3855.401387 0.000206 
3854.234275 0.000343 
3853.067163 0.000248 
3851.900051 0.000231 
3850.732940 0.000056 
3849.565828 0.000057 
3848.398716 0.000097 
3847.231604 0.000090 
3846.064493 0.000066 
3844.897381 0.000114 
3843.730269 0.000143 
3842.563157 0.000057 
3841.396046 0.000072 
3840.228934 0.000256 
3839.061822 0.000189 
3837.894710 0.000217 
3836.727599 0.000092 
3835.560487 -0.000001 
3834.393375 0.000047 
3833.226264 0.000053 
3832.059152 0.000084 
3830.892040 0.000094 
3829.724928 0.000061 
3828.557817 0.000047 
3827.390705 0.000177 
3826.223593 0.000139 
3825.056481 0.000047 
3823.889370 0.000175 
3822.722258 0.000202 
3821.555146 0.000308 
3820.388034 0.000279 
3819.220923 0.000281 
3818.053811 0.000184 
3816.886699 0.000222 
3815.719587 0.000399 
3814.552476 0.000158 
3813.385364 0.000102 
3812.218252 0.000160 
3811.051141 0.000168 
3809.884029 0.000163 
3808.716917 0.000246 
3807.549805 0.000440 
3806.382694 0.000453 
3805.215582 0.000285 
3804.048470 0.000386 
3802.881358 0.000388 
3801.714247 0.000509 
3800.547135 0.000497 
3799.380023 0.000337 
3798.212911 0.000389 
3797.045800 0.000361 
3795.878688 0.000328 
3794.711576 0.000320 
3793.544464 0.000290 
3792.377353 0.000221 
3791.210241 0.000186 
3790.043129 0.000082 
3788.876017 0.000071 
3787.708906 0.000062 
3786.541794 0.000160 
3785.374682 0.000098 
3784.207571 0.000118 
3783.040459 0.000105 
3781.873347 0.000105 
3780.706235 0.000218 
3779.539124 0.000239 
3778.372012 0.000178 
3777.204900 0.000166 
3776.037788 0.000150 
3774.870677 0.000098 
3773.703565 0.000091 
3772.536453 0.000107 
3771.369341 0.000118 
3770.202230 0.000120 
3769.035118 0.000010 
3767.868006 -0.000057 
3766.700894 -0.000104 
3765.533783 -0.000110 
3764.366671 -0.000121 
3763.199559 -0.000157 
3762.032448 -0.000171 
3760.865336 -0.000089 
3759.698224 -0.000158 
3758.531112 -0.000146 
3757.364001 -0.000135 
3756.196889 -0.000170 
3755.029777 -0.000244 
3753.862665 -0.000204 
3752.695554 -0.000005 
3751.528442 -0.000076 
3750.361330 -0.000195 
3749.194218 0.000006 
3748.027107 -0.000065 
3746.859995 -0.000168 
3745.692883 -0.000080 
3744.525771 0.000148 
3743.358660 0.000024 
3742.191548 -0.000059 
3741.024436 0.000010 
3739.857325 0.000028 
3738.690213 0.000033 
3737.523101 0.000089 
3736.355989 0.000191 
3735.188878 0.000200 
3734.021766 0.000239 
3732.854654 0.000289 
3731.687542 0.000271 
3730.520431 -0.000001 
3729.353319 -0.000020 
3728.186207 -0.000004 
3727.019095 -0.000098 
3725.851984 -0.000055 
3724.684872 -0.000127 
3723.517760 -0.000182 
3722.350648 -0.000160 
3721.183537 -0.000212 
3720.016425 -0.000275 
3718.849313 -0.000204 
3717.682202 -0.000267 
3716.515090 -0.000284 
3715.347978 -0.000305 
3714.180866 -0.000263 
3713.013755 -0.000292 
3711.846643 -0.000112 
3710.679531 -0.000197 
3709.512419 -0.000198 
3708.345308 -0.000238 
3707.178196 -0.000304 
3706.011084 -0.000324 
3704.843972 -0.000388 
3703.676861 -0.000435 
3702.509749 -0.000455 
3701.342637 -0.000397 
3700.175525 -0.000398 
3699.008414 -0.000482 
3697.841302 -0.000544 
3696.674190 -0.000524 
3695.507078 -0.000452 
3694.339967 -0.000453 
3693.172855 -0.000475 
3692.005743 -0.000361 
3690.838632 -0.000278 
3689.671520 -0.000217 
3688.504408 0.000037 
3687.337296 0.000097 
3686.170185 0.000235 
3685.003073 0.000340 
3683.835961 0.000261 
3682.668849 0.000077 
3681.501738 -0.000059 
3680.334626 -0.000124 
3679.167514 -0.000147 
3678.000402 -0.000327 
3676.833291 -0.000262 
3675.666179 -0.000174 
3674.499067 -0.000267 
3673.331955 -0.000548 
3672.164844 -0.000505 
3670.997732 -0.000343 
3669.830620 -0.000460 
3668.663509 -0.000505 
3667.496397 -0.000462 
3666.329285 -0.000466 
3665.162173 -0.000551 
3663.995062 -0.000534 
3662.827950 -0.000491 
3661.660838 -0.000478 
3660.493726 -0.000411 
3659.326615 -0.000408 
3658.159503 -0.000374 
3656.992391 -0.000264 
3655.825279 -0.000181 
3654.658168 -0.000250 
3653.491056 -0.000293 
3652.323944 -0.000291 
3651.156832 -0.000135 
3649.989721 -0.000048 
3648.822609 0.000037 
3647.655497 -0.000002 
3646.488386 0.000065 
3645.321274 -0.000027 
3644.154162 0.000032 
3642.987050 0.000037 
3641.819939 0.000064 
3640.652827 0.000046 
3639.485715 0.000015 
3638.318603 0.000130 
3637.151492 0.000112 
3635.984380 0.000124 
3634.817268 0.000212 
3633.650156 0.000267 
3632.483045 0.000235 
3631.315933 0.000178 
3630.148821 0.000165 
3628.981709 0.000204 
3627.814598 0.000139 
3626.647486 0.000078 
3625.480374 0.000105 
3624.313262 0.000088 
3623.146151 -0.000071 
3621.979039 -0.000037 
3620.811927 -0.000041 
3619.644816 -0.000056 
3618.477704 -0.000103 
3617.310592 0.000001 
3616.143480 -0.000013 
3614.976369 -0.000027 
3613.809257 0.000063 
3612.642145 0.000214 
3611.475033 0.000320 
3610.307922 0.000467 
3609.140810 0.000667 
3607.973698 0.000767 
3606.806586 0.000845 
3605.639475 0.000979 
3604.472363 0.001141 
3603.305251 0.001167 
3602.138139 0.001246 
3600.971028 0.001184 
3599.803916 0.001159 
3598.636804 0.000984 
3597.469693 0.000899 
3596.302581 0.000815 
3595.135469 0.000795 
3593.968357 0.000728 
3592.801246 0.000689 
3591.634134 0.000672 
3590.467022 0.000638 
3589.299910 0.000624 
3588.132799 0.000696 
3586.965687 0.000700 
3585.798575 0.000618 
3584.631463 0.000627 
3583.464352 0.000702 
3582.297240 0.000825 
3581.130128 0.000783 
3579.963016 0.000633 
3578.795905 0.000443 
3577.628793 0.000384 
3576.461681 0.000398 
3575.294570 0.000290 
3574.127458 0.000225 
3572.960346 0.000111 
3571.793234 0.000076 
3570.626123 0.000075 
3569.459011 0.000096 
3568.291899 0.000108 
3567.124787 0.000097 
3565.957676 0.000116 
3564.790564 0.000128 
3563.623452 0.000195 
3562.456340 0.000275 
3561.289229 0.000207 
3560.122117 0.000157 
3558.955005 0.000019 
3557.787893 -0.000077 
3556.620782 0.000012 
3555.453670 0.000058 
3554.286558 0.000081 
3553.119447 0.000086 
3551.952335 0.000206 
3550.785223 0.000178 
3549.618111 0.000270 
3548.451000 0.000389 
3547.283888 0.000431 
3546.116776 0.000409 
3544.949664 0.000454 
3543.782553 0.000318 
3542.615441 0.000322 
3541.448329 0.000326 
3540.281217 0.000192 
3539.114106 0.000075 
3537.946994 0.000087 
3536.779882 0.000080 
3535.612770 -0.000037 
3534.445659 -0.000011 
3533.278547 -0.000104 
3532.111435 -0.000212 
3530.944323 -0.000226 
3529.777212 -0.000304 
3528.610100 -0.000367 
3527.442988 -0.000376 
3526.275877 -0.000419 
3525.108765 -0.000540 
3523.941653 -0.000520 
3522.774541 -0.000498 
3521.607430 -0.000482 
3520.440318 -0.000516 
3519.273206 -0.000649 
3518.106094 -0.000653 
3516.938983 -0.000655 
3515.771871 -0.000598 
3514.604759 -0.000398 
3513.437647 -0.000205 
3512.270536 0.000031 
3511.103424 0.000334 
3509.936312 0.000514 
3508.769200 0.000471 
3507.602089 0.000432 
3506.434977 0.000237 
3505.267865 0.000103 
3504.100754 -0.000100 
3502.933642 -0.000302 
3501.766530 -0.000466 
3500.599418 -0.000575 
3499.432307 -0.000699 
3498.265195 -0.000833 
3497.098083 -0.000872 
3495.930971 -0.000808 
3494.763860 -0.000756 
3493.596748 -0.000718 
3492.429636 -0.000722 
3491.262524 -0.000781 
3490.095413 -0.000860 
3488.928301 -0.000940 
3487.761189 -0.000857 
3486.594077 -0.000803 
3485.426966 -0.000704 
3484.259854 -0.000522 
3483.092742 -0.000455 
3481.925631 -0.000310 
3480.758519 -0.000161 
3479.591407 -0.000055 
3478.424295 0.000241 
3477.257184 0.000328 
3476.090072 0.000491 
3474.922960 0.000812 
3473.755848 0.001156 
3472.588737 0.001330 
3471.421625 0.001294 
3470.254513 0.001276 
3469.087401 0.001248 
3467.920290 0.001024 
3466.753178 0.000797 
3465.586066 0.000601 
3464.418954 0.000386 
3463.251843 0.000370 
3462.084731 0.000259 
3460.917619 0.000194 
3459.750508 0.000189 
3458.583396 0.000195 
3457.416284 0.000253 
3456.249172 0.000193 
3455.082061 0.000383 
3453.914949 0.000531 
3452.747837 0.000675 
3451.580725 0.000781 
3450.413614 0.000952 
3449.246502 0.001199 
3448.079390 0.001454 
3446.912278 0.001725 
3445.745167 0.001897 
3444.578055 0.002231 
3443.410943 0.002545 
3442.243831 0.002783 
3441.076720 0.003034 
3439.909608 0.003355 
3438.742496 0.003499 
3437.575384 0.003720 
3436.408273 0.004255 
3435.241161 0.004891 
3434.074049 0.005469 
3432.906938 0.005987 
3431.739826 0.006488 
3430.572714 0.007134 
3429.405602 0.007983 
3428.238491 0.009653 
3427.071379 0.013309 
3425.904267 0.021669 
3424.737155 0.038822 
3423.570044 0.060071 
3422.402932 0.065797 
3421.235820 0.051819 
3420.068708 0.032343 
3418.901597 0.019610 
3417.734485 0.012319 
3416.567373 0.009413 
3415.400261 0.010025 
3414.233150 0.012790 
3413.066038 0.012055 
3411.898926 0.008196 
3410.731815 0.005511 
3409.564703 0.003982 
3408.397591 0.002830 
3407.230479 0.002058 
3406.063368 0.001508 
3404.896256 0.001223 
3403.729144 0.000978 
3402.562032 0.000703 
3401.394921 0.000537 
3400.227809 0.000430 
3399.060697 0.000347 
3397.893585 0.000247 
3396.726474 0.000186 
3395.559362 0.000097 
3394.392250 0.000067 
3393.225138 -0.000006 
3392.058027 -0.000125 
3390.890915 -0.000152 
3389.723803 -0.000163 
3388.556692 -0.000216 
3387.389580 -0.000172 
3386.222468 -0.000209 
3385.055356 -0.000210 
3383.888245 -0.000091 
3382.721133 0.000024 
3381.554021 -0.000092 
3380.386909 -0.000204 
3379.219798 -0.000277 
3378.052686 -0.000252 
3376.885574 -0.000238 
3375.718462 -0.000210 
3374.551351 -0.000139 
3373.384239 -0.000143 
3372.217127 -0.000091 
3371.050015 -0.000093 
3369.882904 -0.000014 
3368.715792 0.000168 
3367.548680 0.000491 
3366.381568 0.000685 
3365.214457 0.000598 
3364.047345 0.000299 
3362.880233 0.000130 
3361.713122 0.000008 
3360.546010 -0.000133 
3359.378898 -0.000119 
3358.211786 -0.000036 
3357.044675 0.000029 
3355.877563 0.000124 
3354.710451 0.000226 
3353.543339 0.000269 
3352.376228 0.000328 
3351.209116 0.000603 
3350.042004 0.000867 
3348.874892 0.001152 
3347.707781 0.001108 
3346.540669 0.000793 
3345.373557 0.000548 
3344.206445 0.000414 
3343.039334 0.000368 
3341.872222 0.000349 
3340.705110 0.000316 
3339.537999 0.000288 
3338.370887 0.000241 
3337.203775 0.000181 
3336.036663 0.000096 
3334.869552 0.000027 
3333.702440 0.000021 
3332.535328 0.000050 
3331.368216 -0.000010 
3330.201105 0.000002 
3329.033993 -0.000035 
3327.866881 0.000014 
3326.699769 -0.000016 
3325.532658 -0.000049 
3324.365546 0.000007 
3323.198434 0.000007 
3322.031322 -0.000028 
3320.864211 -0.000002 
3319.697099 -0.000034 
3318.529987 -0.000055 
3317.362876 -0.000045 
3316.195764 -0.000063 
3315.028652 -0.000093 
3313.861540 -0.000051 
3312.694429 -0.000031 
3311.527317 -0.000076 
3310.360205 -0.000141 
3309.193093 -0.000117 
3308.025982 -0.000117 
3306.858870 -0.000177 
3305.691758 -0.000214 
3304.524646 -0.000195 
3303.357535 -0.000046 
3302.190423 -0.000111 
3301.023311 -0.000146 
3299.856199 -0.000158 
3298.689088 -0.000179 
3297.521976 -0.000130 
3296.354864 -0.000120 
3295.187753 -0.000125 
3294.020641 -0.000054 
3292.853529 -0.000066 
3291.686417 -0.000093 
3290.519306 -0.000117 
3289.352194 -0.000086 
3288.185082 -0.000081 
3287.017970 -0.000024 
3285.850859 0.000007 
3284.683747 -0.000004 
3283.516635 0.000026 
3282.349523 -0.000007 
3281.182412 0.000007 
3280.015300 0.000151 
3278.848188 0.000163 
3277.681076 0.000171 
3276.513965 0.000200 
3275.346853 0.000183 
3274.179741 0.000190 
3273.012629 0.000175 
3271.845518 0.000205 
3270.678406 0.000222 
3269.511294 0.000180 
3268.344183 0.000203 
3267.177071 0.000255 
3266.009959 0.000203 
3264.842847 0.000149 
3263.675736 0.000147 
3262.508624 0.000071 
3261.341512 0.000073 
3260.174400 0.000034 
3259.007289 -0.000013 
3257.840177 -0.000008 
3256.673065 -0.000009 
3255.505953 -0.000065 
3254.338842 -0.000065 
3253.171730 -0.000080 
3252.004618 -0.000115 
3250.837506 -0.000065 
3249.670395 -0.000131 
3248.503283 -0.000137 
3247.336171 -0.000228 
3246.169060 -0.000173 
3245.001948 -0.000120 
3243.834836 -0.000151 
3242.667724 -0.000154 
3241.500613 -0.000181 
3240.333501 -0.000161 
3239.166389 -0.000176 
3237.999277 -0.000198 
3236.832166 -0.000195 
3235.665054 -0.000144 
3234.497942 -0.000132 
3233.330830 -0.000173 
3232.163719 -0.000237 
3230.996607 -0.000144 
3229.829495 -0.000118 
3228.662383 -0.000157 
3227.495272 -0.000190 
3226.328160 -0.000130 
3225.161048 -0.000162 
3223.993937 -0.000141 
3222.826825 -0.000086 
3221.659713 -0.000051 
3220.492601 -0.000047 
3219.325490 -0.000100 
3218.158378 -0.000022 
3216.991266 -0.000008 
3215.824154 -0.000033 
3214.657043 0.000017 
3213.489931 0.000049 
3212.322819 0.000109 
3211.155707 0.000063 
3209.988596 0.000057 
3208.821484 0.000012 
3207.654372 0.000022 
3206.487260 0.000030 
3205.320149 0.000116 
3204.153037 0.000062 
3202.985925 0.000068 
3201.818813 0.000048 
3200.651702 0.000160 
3199.484590 0.000105 
3198.317478 0.000067 
3197.150367 0.000073 
3195.983255 0.000149 
3194.816143 0.000104 
3193.649031 0.000098 
3192.481920 0.000005 
3191.314808 0.000042 
3190.147696 0.000180 
3188.980584 0.000216 
3187.813473 0.000270 
3186.646361 0.000418 
3185.479249 0.000517 
3184.312137 0.000655 
3183.145026 0.000779 
3181.977914 0.000916 
3180.810802 0.001091 
3179.643690 0.001219 
3178.476579 0.001459 
3177.309467 0.001669 
3176.142355 0.001878 
3174.975244 0.002000 
3173.808132 0.002155 
3172.641020 0.002282 
3171.473908 0.002360 
3170.306797 0.002408 
3169.139685 0.002392 
3167.972573 0.002282 
3166.805461 0.002180 
3165.638350 0.001997 
3164.471238 0.001851 
3163.304126 0.001715 
3162.137014 0.001498 
3160.969903 0.001242 
3159.802791 0.001093 
3158.635679 0.000944 
3157.468567 0.000809 
3156.301456 0.000659 
3155.134344 0.000527 
3153.967232 0.000384 
3152.800121 0.000268 
3151.633009 0.000098 
3150.465897 0.000074 
3149.298785 0.000075 
3148.131674 0.000049 
3146.964562 0.000040 
3145.797450 0.000000 
3144.630338 -0.000028 
3143.463227 -0.000020 
3142.296115 -0.000051 
3141.129003 -0.000079 
3139.961891 -0.000028 
3138.794780 -0.000052 
3137.627668 -0.000007 
3136.460556 0.000204 
3135.293444 0.000450 
3134.126333 0.000765 
3132.959221 0.001149 
3131.792109 0.001561 
3130.624998 0.002111 
3129.457886 0.002789 
3128.290774 0.003548 
3127.123662 0.004405 
3125.956551 0.005376 
3124.789439 0.006445 
3123.622327 0.007381 
3122.455215 0.007926 
3121.288104 0.007799 
3120.120992 0.006851 
3118.953880 0.005440 
3117.786768 0.004113 
3116.619657 0.003037 
3115.452545 0.002250 
3114.285433 0.001650 
3113.118321 0.001120 
3111.951210 0.000742 
3110.784098 0.000498 
3109.616986 0.000238 
3108.449874 0.000103 
3107.282763 0.000106 
3106.115651 0.000068 
3104.948539 0.000169 
3103.781428 0.000483 
3102.614316 0.000862 
3101.447204 0.001248 
3100.280092 0.001377 
3099.112981 0.001220 
3097.945869 0.000864 
3096.778757 0.000586 
3095.611645 0.000375 
3094.444534 0.000249 
3093.277422 0.000196 
3092.110310 0.000183 
3090.943198 0.000220 
3089.776087 0.000182 
3088.608975 0.000221 
3087.441863 0.000330 
3086.274751 0.000381 
3085.107640 0.000335 
3083.940528 0.000430 
3082.773416 0.000450 
3081.606305 0.000426 
3080.439193 0.000303 
3079.272081 0.000278 
3078.104969 0.000287 
3076.937858 0.000298 
3075.770746 0.000321 
3074.603634 0.000355 
3073.436522 0.000436 
3072.269411 0.000472 
3071.102299 0.000517 
3069.935187 0.000494 
3068.768075 0.000520 
3067.600964 0.000506 
3066.433852 0.000417 
3065.266740 0.000374 
3064.099628 0.000446 
3062.932517 0.000522 
3061.765405 0.000512 
3060.598293 0.000553 
3059.431182 0.000559 
3058.264070 0.000601 
3057.096958 0.000649 
3055.929846 0.000639 
3054.762735 0.000655 
3053.595623 0.000661 
3052.428511 0.000626 
3051.261399 0.000661 
3050.094288 0.000732 
3048.927176 0.000786 
3047.760064 0.000842 
3046.592952 0.000848 
3045.425841 0.000888 
3044.258729 0.000940 
3043.091617 0.001024 
3041.924505 0.001121 
3040.757394 0.001215 
3039.590282 0.001283 
3038.423170 0.001274 
3037.256058 0.001213 
3036.088947 0.001077 
3034.921835 0.000882 
3033.754723 0.000775 
3032.587612 0.000643 
3031.420500 0.000466 
3030.253388 0.000373 
3029.086276 0.000269 
3027.919165 0.000140 
3026.752053 0.000089 
3025.584941 0.000045 
3024.417829 -0.000025 
3023.250718 -0.000129 
3022.083606 -0.000134 
3020.916494 -0.000061 
3019.749382 0.000018 
3018.582271 0.000157 
3017.415159 0.000398 
3016.248047 0.000754 
3015.080935 0.001325 
3013.913824 0.002314 
3012.746712 0.003748 
3011.579600 0.005357 
3010.412489 0.007227 
3009.245377 0.010506 
3008.078265 0.016682 
3006.911153 0.029541 
3005.744042 0.057288 
3004.576930 0.106513 
3003.409818 0.157879 
3002.242706 0.154551 
3001.075595 0.106049 
2999.908483 0.064160 
2998.741371 0.039654 
2997.574259 0.027045 
2996.407148 0.019973 
2995.240036 0.016107 
2994.072924 0.014139 
2992.905812 0.012693 
2991.738701 0.010813 
2990.571589 0.008964 
2989.404477 0.007686 
2988.237366 0.006816 
2987.070254 0.006139 
2985.903142 0.005456 
2984.736030 0.004886 
2983.568919 0.004409 
2982.401807 0.003975 
2981.234695 0.003697 
2980.067583 0.003402 
2978.900472 0.003150 
2977.733360 0.002981 
2976.566248 0.002824 
2975.399136 0.002667 
2974.232025 0.002689 
2973.064913 0.002864 
2971.897801 0.003115 
2970.730689 0.003656 
2969.563578 0.004697 
2968.396466 0.006513 
2967.229354 0.009865 
2966.062243 0.015239 
2964.895131 0.021315 
2963.728019 0.023947 
2962.560907 0.021742 
2961.393796 0.018187 
2960.226684 0.014813 
2959.059572 0.011237 
2957.892460 0.007946 
2956.725349 0.005695 
2955.558237 0.004389 
2954.391125 0.003577 
2953.224013 0.003002 
2952.056902 0.002583 
2950.889790 0.002222 
2949.722678 0.001866 
2948.555566 0.001582 
2947.388455 0.001360 
2946.221343 0.001113 
2945.054231 0.000952 
2943.887119 0.000815 
2942.720008 0.000687 
2941.552896 0.000541 
2940.385784 0.000414 
2939.218673 0.000330 
2938.051561 0.000257 
2936.884449 0.000129 
2935.717337 0.000024 
2934.550226 -0.000063 
2933.383114 -0.000102 
2932.216002 -0.000092 
2931.048890 -0.000060 
2929.881779 -0.000043 
2928.714667 0.000018 
2927.547555 0.000194 
2926.380443 0.000583 
2925.213332 0.001266 
2924.046220 0.002528 
2922.879108 0.005277 
2921.711996 0.011541 
2920.544885 0.027447 
2919.377773 0.059343 
2918.210661 0.088668 
2917.043550 0.079882 
2915.876438 0.052693 
2914.709326 0.031127 
2913.542214 0.019124 
2912.375103 0.012800 
2911.207991 0.009139 
2910.040879 0.006939 
2908.873767 0.005599 
2907.706656 0.004686 
2906.539544 0.003998 
2905.372432 0.003542 
2904.205320 0.003181 
2903.038209 0.002948 
2901.871097 0.002746 
2900.703985 0.002607 
2899.536873 0.002423 
2898.369762 0.002341 
2897.202650 0.002296 
2896.035538 0.002240 
2894.868427 0.002227 
2893.701315 0.002275 
2892.534203 0.002420 
2891.367091 0.002576 
2890.199980 0.002791 
2889.032868 0.003165 
2887.865756 0.003636 
2886.698644 0.004313 
2885.531533 0.005182 
2884.364421 0.006288 
2883.197309 0.007706 
2882.030197 0.009441 
2880.863086 0.011598 
2879.695974 0.014240 
2878.528862 0.017545 
2877.361750 0.021626 
2876.194639 0.026497 
2875.027527 0.032184 
2873.860415 0.038621 
2872.693303 0.045488 
2871.526192 0.051901 
2870.359080 0.057149 
2869.191968 0.061266 
2868.024857 0.064633 
2866.857745 0.068250 
2865.690633 0.072829 
2864.523521 0.079509 
2863.356410 0.089355 
2862.189298 0.104289 
2861.022186 0.126476 
2859.855074 0.158068 
2858.687963 0.199343 
2857.520851 0.244737 
2856.353739 0.282352 
2855.186627 0.299878 
2854.019516 0.290799 
2852.852404 0.261767 
2851.685292 0.225944 
2850.518180 0.192865 
2849.351069 0.166177 
2848.183957 0.146402 
2847.016845 0.131611 
2845.849734 0.120918 
2844.682622 0.113579 
2843.515510 0.108283 
2842.348398 0.103062 
2841.181287 0.096643 
2840.014175 0.089636 
2838.847063 0.083325 
2837.679951 0.079548 
2836.512840 0.079933 
2835.345728 0.082946 
2834.178616 0.083719 
2833.011504 0.081582 
2831.844393 0.078009 
2830.677281 0.073293 
2829.510169 0.070154 
2828.343057 0.070181 
2827.175946 0.073780 
2826.008834 0.081540 
2824.841722 0.092049 
2823.674611 0.099866 
2822.507499 0.097183 
2821.340387 0.083303 
2820.173275 0.066723 
2819.006164 0.054078 
2817.839052 0.045410 
2816.671940 0.039242 
2815.504828 0.034674 
2814.337717 0.031130 
2813.170605 0.028332 
2812.003493 0.026064 
2810.836381 0.024045 
2809.669270 0.022349 
2808.502158 0.021194 
2807.335046 0.020711 
2806.167934 0.021033 
2805.000823 0.022291 
2803.833711 0.024466 
2802.666599 0.027001 
2801.499488 0.028970 
2800.332376 0.029626 
2799.165264 0.029034 
2797.998152 0.027488 
2796.831041 0.025506 
2795.663929 0.023401 
2794.496817 0.021291 
2793.329705 0.019324 
2792.162594 0.017650 
2790.995482 0.016360 
2789.828370 0.015509 
2788.661258 0.014987 
2787.494147 0.014809 
2786.327035 0.015025 
2785.159923 0.015513 
2783.992811 0.016404 
2782.825700 0.017704 
2781.658588 0.019468 
2780.491476 0.021299 
2779.324364 0.022853 
2778.157253 0.023897 
2776.990141 0.024439 
2775.823029 0.024950 
2774.655918 0.026116 
2773.488806 0.028195 
2772.321694 0.030728 
2771.154582 0.033102 
2769.987471 0.035439 
2768.820359 0.038396 
2767.653247 0.044170 
2766.486135 0.057776 
2765.319024 0.087378 
2764.151912 0.137317 
2762.984800 0.190565 
2761.817688 0.213769 
2760.650577 0.209099 
2759.483465 0.196350 
2758.316353 0.183984 
2757.149241 0.171153 
2755.982130 0.157368 
2754.815018 0.143932 
2753.647906 0.132409 
2752.480795 0.124759 
2751.313683 0.124148 
2750.146571 0.134485 
2748.979459 0.155866 
2747.812348 0.177040 
2746.645236 0.184170 
2745.478124 0.176025 
2744.311012 0.161647 
2743.143901 0.145991 
2741.976789 0.132217 
2740.809677 0.122170 
2739.642565 0.116013 
2738.475454 0.111230 
2737.308342 0.103227 
2736.141230 0.088908 
2734.974118 0.070872 
2733.807007 0.054874 
2732.639895 0.042840 
2731.472783 0.034560 
2730.305672 0.028617 
2729.138560 0.024336 
2727.971448 0.021065 
2726.804336 0.018564 
2725.637225 0.016638 
2724.470113 0.015119 
2723.303001 0.013900 
2722.135889 0.012945 
2720.968778 0.012214 
2719.801666 0.011641 
2718.634554 0.011113 
2717.467442 0.010629 
2716.300331 0.010027 
2715.133219 0.009368 
2713.966107 0.008806 
2712.798995 0.008437 
2711.631884 0.008175 
2710.464772 0.007988 
2709.297660 0.007803 
2708.130548 0.007579 
2706.963437 0.007340 
2705.796325 0.007163 
2704.629213 0.006935 
2703.462102 0.006720 
2702.294990 0.006541 
2701.127878 0.006347 
2699.960766 0.006180 
2698.793655 0.005969 
2697.626543 0.005780 
2696.459431 0.005638 
2695.292319 0.005456 
2694.125208 0.005255 
2692.958096 0.005081 
2691.790984 0.004902 
2690.623872 0.004767 
2689.456761 0.004643 
2688.289649 0.004498 
2687.122537 0.004396 
2685.955425 0.004217 
2684.788314 0.004139 
2683.621202 0.004206 
2682.454090 0.004145 
2681.286979 0.003882 
2680.119867 0.003615 
2678.952755 0.003312 
2677.785643 0.003002 
2676.618532 0.002777 
2675.451420 0.002660 
2674.284308 0.002548 
2673.117196 0.002406 
2671.950085 0.002292 
2670.782973 0.002264 
2669.615861 0.002275 
2668.448749 0.002234 
2667.281638 0.002242 
2666.114526 0.002237 
2664.947414 0.002284 
2663.780302 0.002312 
2662.613191 0.002299 
2661.446079 0.002309 
2660.278967 0.002317 
2659.111856 0.002351 
2657.944744 0.002277 
2656.777632 0.002196 
2655.610520 0.002085 
2654.443409 0.002016 
2653.276297 0.001907 
2652.109185 0.001767 
2650.942073 0.001642 
2649.774962 0.001502 
2648.607850 0.001338 
2647.440738 0.001217 
2646.273626 0.001082 
2645.106515 0.000927 
2643.939403 0.000789 
2642.772291 0.000703 
2641.605179 0.000634 
2640.438068 0.000565 
2639.270956 0.000498 
2638.103844 0.000395 
2636.936733 0.000326 
2635.769621 0.000278 
2634.602509 0.000223 
2633.435397 0.000179 
2632.268286 0.000127 
2631.101174 0.000098 
2629.934062 0.000080 
2628.766950 0.000102 
2627.599839 0.000068 
2626.432727 0.000053 
2625.265615 0.000038 
2624.098503 0.000001 
2622.931392 -0.000000 
2621.764280 0.000003 
2620.597168 0.000009 
2619.430056 0.000043 
2618.262945 0.000073 
2617.095833 0.000086 
2615.928721 0.000089 
2614.761609 0.000182 
2613.594498 0.000277 
2612.427386 0.000399 
2611.260274 0.000515 
2610.093163 0.000675 
2608.926051 0.000830 
2607.758939 0.000979 
2606.591827 0.001205 
2605.424716 0.001505 
2604.257604 0.001855 
2603.090492 0.002313 
2601.923380 0.002996 
2600.756269 0.003874 
2599.589157 0.005001 
2598.422045 0.006388 
2597.254933 0.007795 
2596.087822 0.008415 
2594.920710 0.007798 
2593.753598 0.006409 
2592.586486 0.005057 
2591.419375 0.003935 
2590.252263 0.003002 
2589.085151 0.002230 
2587.918040 0.001632 
2586.750928 0.001161 
2585.583816 0.000842 
2584.416704 0.000667 
2583.249593 0.000465 
2582.082481 0.000355 
2580.915369 0.000312 
2579.748257 0.000217 
2578.581146 0.000130 
2577.414034 0.000076 
2576.246922 0.000024 
2575.079810 -0.000007 
2573.912699 -0.000000 
2572.745587 0.000004 
2571.578475 -0.000035 
2570.411363 -0.000073 
2569.244252 -0.000026 
2568.077140 -0.000034 
2566.910028 0.000010 
2565.742917 0.000054 
2564.575805 0.000124 
2563.408693 0.000199 
2562.241581 0.000332 
2561.074470 0.000454 
2559.907358 0.000639 
2558.740246 0.000783 
2557.573134 0.000932 
2556.406023 0.000985 
2555.238911 0.001003 
2554.071799 0.000985 
2552.904687 0.000962 
2551.737576 0.000981 
2550.570464 0.001072 
2549.403352 0.001214 
2548.236240 0.001431 
2547.069129 0.001729 
2545.902017 0.002155 
2544.734905 0.002657 
2543.567794 0.003005 
2542.400682 0.003046 
2541.233570 0.002689 
2540.066458 0.002191 
2538.899347 0.001736 
2537.732235 0.001485 
2536.565123 0.001369 
2535.398011 0.001305 
2534.230900 0.001352 
2533.063788 0.001453 
2531.896676 0.001640 
2530.729564 0.001851 
2529.562453 0.002129 
2528.395341 0.002495 
2527.228229 0.002918 
2526.061117 0.003368 
2524.894006 0.003813 
2523.726894 0.004058 
2522.559782 0.003872 
2521.392670 0.003038 
2520.225559 0.002027 
2519.058447 0.001317 
2517.891335 0.000948 
2516.724224 0.000739 
2515.557112 0.000645 
2514.390000 0.000644 
2513.222888 0.000700 
2512.055777 0.000803 
2510.888665 0.000884 
2509.721553 0.001046 
2508.554441 0.001192 
2507.387330 0.001256 
2506.220218 0.001193 
2505.053106 0.001004 
2503.885994 0.000787 
2502.718883 0.000630 
2501.551771 0.000605 
2500.384659 0.000598 
2499.217547 0.000630 
2498.050436 0.000705 
2496.883324 0.000776 
2495.716212 0.000857 
2494.549101 0.000937 
2493.381989 0.000991 
2492.214877 0.001117 
2491.047765 0.001269 
2489.880654 0.001396 
2488.713542 0.001519 
2487.546430 0.001518 
2486.379318 0.001349 
2485.212207 0.001135 
2484.045095 0.000948 
2482.877983 0.000764 
2481.710871 0.000606 
2480.543760 0.000571 
2479.376648 0.000667 
2478.209536 0.000815 
2477.042424 0.000973 
2475.875313 0.001163 
2474.708201 0.001392 
2473.541089 0.001660 
2472.373978 0.001961 
2471.206866 0.002371 
2470.039754 0.003075 
2468.872642 0.004492 
2467.705531 0.007119 
2466.538419 0.007682 
2465.371307 0.005640 
2464.204195 0.004209 
2463.037084 0.002755 
2461.869972 0.001707 
2460.702860 0.001319 
2459.535748 0.001251 
2458.368637 0.001333 
2457.201525 0.001524 
2456.034413 0.001750 
2454.867301 0.001946 
2453.700190 0.001963 
2452.533078 0.001986 
2451.365966 0.002201 
2450.198854 0.002683 
2449.031743 0.003390 
2447.864631 0.003876 
2446.697519 0.003173 
2445.530408 0.001741 
2444.363296 0.000883 
2443.196184 0.000582 
2442.029072 0.000451 
2440.861961 0.000318 
2439.694849 0.000238 
2438.527737 0.000194 
2437.360625 0.000139 
2436.193514 0.000154 
2435.026402 0.000123 
2433.859290 0.000169 
2432.692178 0.000131 
2431.525067 0.000037 
2430.357955 0.000040 
2429.190843 0.000026 
2428.023731 0.000026 
2426.856620 0.000026 
2425.689508 0.000026 
2424.522396 0.000009 
2423.355285 -0.000003 
2422.188173 0.000012 
2421.021061 0.000002 
2419.853949 0.000004 
2418.686838 0.000004 
2417.519726 0.000015 
2416.352614 -0.000012 
2415.185502 -0.000026 
2414.018391 -0.000037 
2412.851279 -0.000014 
2411.684167 -0.000057 
2410.517055 -0.000064 
2409.349944 -0.000034 
2408.182832 -0.000031 
2407.015720 -0.000065 
2405.848608 -0.000074 
2404.681497 -0.000110 
2403.514385 -0.000119 
2402.347273 -0.000120 
2401.180162 -0.000111 
2400.013050 -0.000109 
2398.845938 -0.000106 
2397.678826 -0.000106 
2396.511715 -0.000109 
2395.344603 -0.000110 
2394.177491 -0.000115 
2393.010379 -0.000124 
2391.843268 -0.000105 
2390.676156 -0.000064 
2389.509044 -0.000100 
2388.341932 -0.000128 
2387.174821 -0.000119 
2386.007709 -0.000162 
2384.840597 -0.000179 
2383.673485 -0.000193 
2382.506374 -0.000173 
2381.339262 -0.000189 
2380.172150 -0.000212 
2379.005039 -0.000232 
2377.837927 -0.000194 
2376.670815 -0.000158 
2375.503703 -0.000188 
2374.336592 -0.000177 
2373.169480 -0.000110 
2372.002368 -0.000143 
2370.835256 -0.000126 
2369.668145 -0.000074 
2368.501033 -0.000102 
2367.333921 -0.000077 
2366.166809 -0.000068 
2364.999698 -0.000049 
2363.832586 -0.000049 
2362.665474 -0.000065 
2361.498362 -0.000075 
2360.331251 -0.000073 
2359.164139 -0.000061 
2357.997027 -0.000065 
2356.829915 -0.000095 
2355.662804 -0.000093 
2354.495692 -0.000145 
2353.328580 -0.000201 
2352.161469 -0.000203 
2350.994357 -0.000229 
2349.827245 -0.000269 
2348.660133 -0.000241 
2347.493022 -0.000207 
2346.325910 -0.000182 
2345.158798 -0.000050 
2343.991686 0.000147 
2342.824575 0.000495 
2341.657463 0.000939 
2340.490351 0.001107 
2339.323239 0.000867 
2338.156128 0.001635 
2336.989016 0.004656 
2335.821904 0.006034 
2334.654792 0.001406 
2333.487681 0.000455 
2332.320569 0.000457 
2331.153457 0.000436 
2329.986346 0.000483 
2328.819234 0.000508 
2327.652122 0.000530 
2326.485010 0.000640 
2325.317899 0.000652 
2324.150787 0.000694 
2322.983675 0.000732 
2321.816563 0.000610 
2320.649452 0.000589 
2319.482340 0.000551 
2318.315228 0.000493 
2317.148116 0.000491 
2315.981005 0.000446 
2314.813893 0.000446 
2313.646781 0.000426 
2312.479669 0.000414 
2311.312558 0.000353 
2310.145446 0.000346 
2308.978334 0.000293 
2307.811223 0.000236 
2306.644111 0.000228 
2305.476999 0.000179 
2304.309887 0.000122 
2303.142776 0.000059 
2301.975664 -0.000018 
2300.808552 -0.000065 
2299.641440 -0.000097 
2298.474329 -0.000112 
2297.307217 -0.000092 
2296.140105 -0.000085 
2294.972993 -0.000073 
2293.805882 -0.000069 
2292.638770 -0.000029 
2291.471658 -0.000027 
2290.304546 -0.000002 
2289.137435 -0.000002 
2287.970323 0.000002 
2286.803211 0.000023 
2285.636099 -0.000009 
2284.468988 -0.000032 
2283.301876 -0.000060 
2282.134764 -0.000078 
2280.967653 -0.000122 
2279.800541 -0.000090 
2278.633429 -0.000027 
2277.466317 -0.000006 
2276.299206 -0.000020 
2275.132094 -0.000002 
2273.964982 0.000055 
2272.797870 0.000136 
2271.630759 0.000199 
2270.463647 0.000257 
2269.296535 0.000184 
2268.129423 0.000147 
2266.962312 0.000125 
2265.795200 0.000019 
2264.628088 -0.000027 
2263.460976 -0.000058 
2262.293865 -0.000099 
2261.126753 -0.000157 
2259.959641 -0.000152 
2258.792530 -0.000173 
2257.625418 -0.000159 
2256.458306 -0.000114 
2255.291194 -0.000065 
2254.124083 -0.000004 
2252.956971 0.000116 
2251.789859 0.000261 
2250.622747 0.000492 
2249.455636 0.000787 
2248.288524 0.001141 
2247.121412 0.001557 
2245.954300 0.002070 
2244.787189 0.002700 
2243.620077 0.003416 
2242.452965 0.004241 
2241.285853 0.005102 
2240.118742 0.006182 
2238.951630 0.007415 
2237.784518 0.008695 
2236.617407 0.009897 
2235.450295 0.010710 
2234.283183 0.010972 
2233.116071 0.010664 
2231.948960 0.009956 
2230.781848 0.009123 
2229.614736 0.007838 
2228.447624 0.006172 
2227.280513 0.004542 
2226.113401 0.003267 
2224.946289 0.002375 
2223.779177 0.001747 
2222.612066 0.001336 
2221.444954 0.001038 
2220.277842 0.000812 
2219.110730 0.000617 
2217.943619 0.000460 
2216.776507 0.000383 
2215.609395 0.000316 
2214.442284 0.000305 
2213.275172 0.000418 
2212.108060 0.000492 
2210.940948 0.000533 
2209.773837 0.000544 
2208.606725 0.000592 
2207.439613 0.000691 
2206.272501 0.000830 
2205.105390 0.000973 
2203.938278 0.001089 
2202.771166 0.001365 
2201.604054 0.002135 
2200.436943 0.003237 
2199.269831 0.003340 
2198.102719 0.002586 
2196.935607 0.002011 
2195.768496 0.001717 
2194.601384 0.001539 
2193.434272 0.001373 
2192.267160 0.001189 
2191.100049 0.000921 
2189.932937 0.000702 
2188.765825 0.000567 
2187.598714 0.000469 
2186.431602 0.000358 
2185.264490 0.000288 
2184.097378 0.000246 
2182.930267 0.000202 
2181.763155 0.000196 
2180.596043 0.000232 
2179.428931 0.000204 
2178.261820 0.000230 
2177.094708 0.000270 
2175.927596 0.000257 
2174.760484 0.000222 
2173.593373 0.000184 
2172.426261 0.000088 
2171.259149 0.000040 
2170.092037 0.000028 
2168.924926 0.000000 
2167.757814 0.000028 
2166.590702 0.000046 
2165.423591 0.000077 
2164.256479 0.000097 
2163.089367 0.000134 
2161.922255 0.000135 
2160.755144 0.000125 
2159.588032 0.000118 
2158.420920 0.000097 
2157.253808 0.000094 
2156.086697 0.000065 
2154.919585 0.000050 
2153.752473 0.000058 
2152.585361 0.000022 
2151.418250 -0.000019 
2150.251138 -0.000004 
2149.084026 -0.000029 
2147.916914 -0.000027 
2146.749803 -0.000029 
2145.582691 -0.000017 
2144.415579 -0.000021 
2143.248468 0.000020 
2142.081356 0.000051 
2140.914244 0.000139 
2139.747132 0.000253 
2138.580021 0.000198 
2137.412909 0.000149 
2136.245797 0.000120 
2135.078685 0.000116 
2133.911574 0.000131 
2132.744462 0.000165 
2131.577350 0.000196 
2130.410238 0.000280 
2129.243127 0.000418 
2128.076015 0.000626 
2126.908903 0.000862 
2125.741791 0.001115 
2124.574680 0.001408 
2123.407568 0.001601 
2122.240456 0.001718 
2121.073344 0.001932 
2119.906233 0.002204 
2118.739121 0.002430 
2117.572009 0.002504 
2116.404898 0.002346 
2115.237786 0.001984 
2114.070674 0.001518 
2112.903562 0.001199 
2111.736451 0.000943 
2110.569339 0.000789 
2109.402227 0.000687 
2108.235115 0.000629 
2107.068004 0.000622 
2105.900892 0.000641 
2104.733780 0.000663 
2103.566668 0.000697 
2102.399557 0.000746 
2101.232445 0.000819 
2100.065333 0.000839 
2098.898221 0.000814 
2097.731110 0.000789 
2096.563998 0.000759 
2095.396886 0.000775 
2094.229775 0.000760 
2093.062663 0.000727 
2091.895551 0.000670 
2090.728439 0.000648 
2089.561328 0.000616 
2088.394216 0.000599 
2087.227104 0.000579 
2086.059992 0.000561 
2084.892881 0.000510 
2083.725769 0.000461 
2082.558657 0.000448 
2081.391545 0.000407 
2080.224434 0.000365 
2079.057322 0.000361 
2077.890210 0.000373 
2076.723098 0.000354 
2075.555987 0.000387 
2074.388875 0.000342 
2073.221763 0.000320 
2072.054652 0.000299 
2070.887540 0.000324 
2069.720428 0.000331 
2068.553316 0.000278 
2067.386205 0.000245 
2066.219093 0.000212 
2065.051981 0.000177 
2063.884869 0.000146 
2062.717758 0.000145 
2061.550646 0.000107 
2060.383534 0.000110 
2059.216422 0.000061 
2058.049311 0.000050 
2056.882199 0.000005 
2055.715087 0.000010 
2054.547975 0.000019 
2053.380864 0.000021 
2052.213752 -0.000002 
2051.046640 0.000002 
2049.879529 -0.000018 
2048.712417 -0.000044 
2047.545305 -0.000030 
2046.378193 -0.000002 
2045.211082 -0.000015 
2044.043970 -0.000041 
2042.876858 -0.000031 
2041.709746 -0.000040 
2040.542635 -0.000027 
2039.375523 -0.000025 
2038.208411 -0.000013 
2037.041299 -0.000009 
2035.874188 -0.000006 
2034.707076 -0.000028 
2033.539964 -0.000013 
2032.372852 -0.000011 
2031.205741 -0.000003 
2030.038629 -0.000006 
2028.871517 -0.000020 
2027.704405 -0.000011 
2026.537294 0.000016 
2025.370182 0.000062 
2024.203070 0.000066 
2023.035959 0.000128 
2021.868847 0.000172 
2020.701735 0.000229 
2019.534623 0.000317 
2018.367512 0.000428 
2017.200400 0.000557 
2016.033288 0.000723 
2014.866176 0.000942 
2013.699065 0.001256 
2012.531953 0.001650 
2011.364841 0.002143 
2010.197729 0.002784 
2009.030618 0.003558 
2007.863506 0.004528 
2006.696394 0.005736 
2005.529282 0.007247 
2004.362171 0.009064 
2003.195059 0.011035 
2002.027947 0.012963 
2000.860836 0.014467 
1999.693724 0.014452 
1998.526612 0.012503 
1997.359500 0.009549 
1996.192389 0.006863 
1995.025277 0.004855 
1993.858165 0.003486 
1992.691053 0.002606 
1991.523942 0.001997 
1990.356830 0.001531 
1989.189718 0.001234 
1988.022606 0.001016 
1986.855495 0.000794 
1985.688383 0.000725 
1984.521271 0.000653 
1983.354159 0.000601 
1982.187048 0.000563 
1981.019936 0.000459 
1979.852824 0.000305 
1978.685713 0.000143 
1977.518601 0.000057 
1976.351489 -0.000014 
1975.184377 -0.000092 
1974.017266 -0.000160 
1972.850154 -0.000198 
1971.683042 -0.000223 
1970.515930 -0.000255 
1969.348819 -0.000284 
1968.181707 -0.000229 
1967.014595 -0.000166 
1965.847483 -0.000112 
1964.680372 -0.000033 
1963.513260 0.000078 
1962.346148 0.000157 
1961.179036 0.000243 
1960.011925 0.000292 
1958.844813 0.000327 
1957.677701 0.000291 
1956.510589 0.000299 
1955.343478 0.000275 
1954.176366 0.000245 
1953.009254 0.000193 
1951.842143 0.000115 
1950.675031 0.000059 
1949.507919 0.000019 
1948.340807 0.000033 
1947.173696 0.000010 
1946.006584 -0.000020 
1944.839472 -0.000079 
1943.672360 -0.000097 
1942.505249 -0.000094 
1941.338137 -0.000138 
1940.171025 -0.000151 
1939.003913 -0.000143 
1937.836802 -0.000160 
1936.669690 -0.000163 
1935.502578 -0.000146 
1934.335466 -0.000113 
1933.168355 -0.000058 
1932.001243 0.000023 
1930.834131 0.000094 
1929.667020 0.000175 
1928.499908 0.000291 
1927.332796 0.000399 
1926.165684 0.000459 
1924.998573 0.000522 
1923.831461 0.000610 
1922.664349 0.000635 
1921.497237 0.000581 
1920.330126 0.000507 
1919.163014 0.000397 
1917.995902 0.000340 
1916.828790 0.000205 
1915.661679 0.000108 
1914.494567 0.000016 
1913.327455 -0.000003 
1912.160343 -0.000051 
1910.993232 -0.000060 
1909.826120 -0.000077 
1908.659008 -0.000075 
1907.491897 -0.000059 
1906.324785 -0.000009 
1905.157673 0.000049 
1903.990561 0.000018 
1902.823450 -0.000043 
1901.656338 -0.000048 
1900.489226 -0.000067 
1899.322114 -0.000049 
1898.155003 -0.000008 
1896.987891 0.000043 
1895.820779 0.000140 
1894.653667 0.000232 
1893.486556 0.000365 
1892.319444 0.000475 
1891.152332 0.000508 
1889.985220 0.000516 
1888.818109 0.000476 
1887.650997 0.000337 
1886.483885 0.000231 
1885.316774 0.000123 
1884.149662 0.000057 
1882.982550 0.000018 
1881.815438 -0.000041 
1880.648327 -0.000062 
1879.481215 -0.000069 
1878.314103 -0.000018 
1877.146991 0.000027 
1875.979880 0.000175 
1874.812768 0.000346 
1873.645656 0.000490 
1872.478544 0.000593 
1871.311433 0.000676 
1870.144321 0.000805 
1868.977209 0.001201 
1867.810097 0.001588 
1866.642986 0.001824 
1865.475874 0.001869 
1864.308762 0.001809 
1863.141650 0.001706 
1861.974539 0.001623 
1860.807427 0.001584 
1859.640315 0.001580 
1858.473204 0.001631 
1857.306092 0.001674 
1856.138980 0.001725 
1854.971868 0.001773 
1853.804757 0.001801 
1852.637645 0.001818 
1851.470533 0.001820 
1850.303421 0.001790 
1849.136310 0.001803 
1847.969198 0.001764 
1846.802086 0.001696 
1845.634974 0.001650 
1844.467863 0.001626 
1843.300751 0.001439 
1842.133639 0.001250 
1840.966527 0.001098 
1839.799416 0.000904 
1838.632304 0.000782 
1837.465192 0.000640 
1836.298081 0.000493 
1835.130969 0.000346 
1833.963857 0.000215 
1832.796745 0.000111 
1831.629634 0.000033 
1830.462522 -0.000025 
1829.295410 -0.000108 
1828.128298 -0.000176 
1826.961187 -0.000226 
1825.794075 -0.000221 
1824.626963 -0.000170 
1823.459851 -0.000165 
1822.292740 -0.000126 
1821.125628 -0.000054 
1819.958516 -0.000002 
1818.791404 0.000029 
1817.624293 0.000015 
1816.457181 0.000000 
1815.290069 0.000017 
1814.122958 0.000052 
1812.955846 0.000080 
1811.788734 0.000090 
1810.621622 0.000088 
1809.454511 0.000037 
1808.287399 0.000035 
1807.120287 0.000032 
1805.953175 0.000063 
1804.786064 0.000145 
1803.618952 0.000288 
1802.451840 0.000503 
1801.284728 0.000770 
1800.117617 0.001082 
1798.950505 0.001476 
1797.783393 0.001937 
1796.616281 0.002587 
1795.449170 0.003323 
1794.282058 0.004158 
1793.114946 0.005201 
1791.947835 0.006331 
1790.780723 0.007570 
1789.613611 0.009044 
1788.446499 0.010807 
1787.279388 0.012918 
1786.112276 0.015485 
1784.945164 0.018541 
1783.778052 0.022176 
1782.610941 0.026527 
1781.443829 0.031666 
1780.276717 0.037573 
1779.109605 0.044140 
1777.942494 0.051121 
1776.775382 0.058265 
1775.608270 0.065228 
1774.441158 0.071792 
1773.274047 0.077937 
1772.106935 0.083480 
1770.939823 0.087934 
1769.772711 0.091006 
1768.605600 0.092028 
1767.438488 0.090273 
1766.271376 0.085300 
1765.104265 0.077702 
1763.937153 0.068384 
1762.770041 0.058703 
1761.602929 0.049680 
1760.435818 0.041753 
1759.268706 0.035279 
1758.101594 0.030140 
1756.934482 0.026245 
1755.767371 0.023398 
1754.600259 0.021556 
1753.433147 0.020565 
1752.266035 0.020314 
1751.098924 0.020387 
1749.931812 0.020282 
1748.764700 0.020345 
1747.597588 0.020728 
1746.430477 0.021744 
1745.263365 0.023581 
1744.096253 0.026582 
1742.929142 0.030873 
1741.762030 0.037030 
1740.594918 0.045666 
1739.427806 0.057944 
1738.260695 0.075823 
1737.093583 0.102401 
1735.926471 0.143357 
1734.759359 0.204718 
1733.592248 0.286078 
1732.425136 0.363134 
1731.258024 0.431250 
1730.090912 0.500296 
1728.923801 0.574693 
1727.756689 0.647014 
1726.589577 0.707095 
1725.422465 0.768280 
1724.255354 0.823495 
1723.088242 0.847766 
1721.921130 0.854597 
1720.754019 0.868400 
1719.586907 0.916054 
1718.419795 1.000000 
1717.252683 0.990262 
1716.085572 0.892768 
1714.918460 0.821496 
1713.751348 0.763320 
1712.584236 0.683958 
1711.417125 0.553838 
1710.250013 0.434956 
1709.082901 0.325614 
1707.915789 0.242168 
1706.748678 0.190639 
1705.581566 0.158271 
1704.414454 0.135478 
1703.247342 0.115859 
1702.080231 0.101184 
1700.913119 0.090055 
1699.746007 0.081092 
1698.578895 0.073319 
1697.411784 0.066855 
1696.244672 0.061589 
1695.077560 0.056925 
1693.910449 0.053262 
1692.743337 0.052734 
1691.576225 0.058016 
1690.409113 0.054488 
1689.242002 0.045557 
1688.074890 0.040949 
1686.907778 0.039705 
1685.740666 0.042379 
1684.573555 0.056405 
1683.406443 0.090725 
1682.239331 0.091969 
1681.072219 0.060490 
1679.905108 0.043180 
1678.737996 0.037581 
1677.570884 0.038075 
1676.403772 0.033964 
1675.236661 0.028929 
1674.069549 0.026021 
1672.902437 0.024146 
1671.735326 0.022720 
1670.568214 0.021384 
1669.401102 0.020302 
1668.233990 0.019223 
1667.066879 0.018290 
1665.899767 0.017434 
1664.732655 0.016700 
1663.565543 0.016063 
1662.398432 0.015480 
1661.231320 0.014879 
1660.064208 0.014387 
1658.897096 0.013985 
1657.729985 0.013652 
1656.562873 0.013411 
1655.395761 0.013289 
1654.228649 0.013348 
1653.061538 0.013583 
1651.894426 0.013439 
1650.727314 0.013070 
1649.560203 0.012889 
1648.393091 0.012898 
1647.225979 0.013330 
1646.058867 0.014395 
1644.891756 0.016052 
1643.724644 0.018534 
1642.557532 0.021863 
1641.390420 0.025495 
1640.223309 0.028701 
1639.056197 0.031212 
1637.889085 0.032498 
1636.721973 0.032140 
1635.554862 0.031044 
1634.387750 0.029163 
1633.220638 0.025709 
1632.053526 0.021445 
1630.886415 0.018387 
1629.719303 0.016673 
1628.552191 0.015646 
1627.385080 0.014859 
1626.217968 0.013948 
1625.050856 0.013078 
1623.883744 0.012257 
1622.716633 0.011450 
1621.549521 0.010894 
1620.382409 0.010519 
1619.215297 0.010132 
1618.048186 0.009486 
1616.881074 0.008951 
1615.713962 0.008266 
1614.546850 0.007805 
1613.379739 0.007573 
1612.212627 0.007416 
1611.045515 0.007217 
1609.878403 0.007040 
1608.711292 0.006941 
1607.544180 0.006796 
1606.377068 0.006665 
1605.209956 0.006560 
1604.042845 0.006428 
1602.875733 0.006277 
1601.708621 0.006131 
1600.541510 0.005938 
1599.374398 0.005748 
1598.207286 0.005529 
1597.040174 0.005306 
1595.873063 0.005014 
1594.705951 0.004721 
1593.538839 0.004389 
1592.371727 0.004066 
1591.204616 0.003732 
1590.037504 0.003408 
1588.870392 0.003075 
1587.703280 0.002730 
1586.536169 0.002435 
1585.369057 0.002141 
1584.201945 0.001860 
1583.034833 0.001596 
1581.867722 0.001368 
1580.700610 0.001142 
1579.533498 0.000957 
1578.366387 0.000767 
1577.199275 0.000709 
1576.032163 0.000746 
1574.865051 0.000450 
1573.697940 0.000282 
1572.530828 0.000191 
1571.363716 0.000109 
1570.196604 0.000143 
1569.029493 0.000116 
1567.862381 0.000029 
1566.695269 -0.000005 
1565.528157 0.000000 
1564.361046 0.000012 
1563.193934 -0.000003 
1562.026822 0.000004 
1560.859710 0.000157 
1559.692599 0.000343 
1558.525487 0.000382 
1557.358375 0.000327 
1556.191264 0.000237 
1555.024152 0.000410 
1553.857040 0.000692 
1552.689928 0.001078 
1551.522817 0.001819 
1550.355705 0.003088 
1549.188593 0.004998 
1548.021481 0.007665 
1546.854370 0.010549 
1545.687258 0.012506 
1544.520146 0.013088 
1543.353034 0.012762 
1542.185923 0.012157 
1541.018811 0.011136 
1539.851699 0.009961 
1538.684587 0.008476 
1537.517476 0.006896 
1536.350364 0.005593 
1535.183252 0.004536 
1534.016140 0.003731 
1532.849029 0.003023 
1531.681917 0.002467 
1530.514805 0.002043 
1529.347694 0.001754 
1528.180582 0.001542 
1527.013470 0.001366 
1525.846358 0.001274 
1524.679247 0.001170 
1523.512135 0.001066 
1522.345023 0.001168 
1521.177911 0.001297 
1520.010800 0.001277 
1518.843688 0.001227 
1517.676576 0.001367 
1516.509464 0.001417 
1515.342353 0.001424 
1514.175241 0.001481 
1513.008129 0.001519 
1511.841017 0.001592 
1510.673906 0.001635 
1509.506794 0.001765 
1508.339682 0.001868 
1507.172571 0.002095 
1506.005459 0.002187 
1504.838347 0.002161 
1503.671235 0.002112 
1502.504124 0.002190 
1501.337012 0.002223 
1500.169900 0.002251 
1499.002788 0.002288 
1497.835677 0.002225 
1496.668565 0.002220 
1495.501453 0.002113 
1494.334341 0.001932 
1493.167230 0.001829 
1492.000118 0.001731 
1490.833006 0.001665 
1489.665894 0.001572 
1488.498783 0.001442 
1487.331671 0.001347 
1486.164559 0.001216 
1484.997448 0.001169 
1483.830336 0.001085 
1482.663224 0.001056 
1481.496112 0.001033 
1480.329001 0.000985 
1479.161889 0.000922 
1477.994777 0.000883 
1476.827665 0.000890 
1475.660554 0.000867 
1474.493442 0.000790 
1473.326330 0.000825 
1472.159218 0.000816 
1470.992107 0.000690 
1469.824995 0.000581 
1468.657883 0.000534 
1467.490771 0.000486 
1466.323660 0.000424 
1465.156548 0.000455 
1463.989436 0.000352 
1462.822325 0.000260 
1461.655213 0.000217 
1460.488101 0.000192 
1459.320989 0.000177 
1458.153878 0.000179 
1456.986766 0.000275 
1455.819654 0.000093 
1454.652542 -0.000035 
1453.485431 -0.000073 
1452.318319 -0.000026 
1451.151207 0.000008 
1449.984095 0.000105 
1448.816984 0.000265 
1447.649872 0.000540 
1446.482760 0.000864 
1445.315648 0.001450 
1444.148537 0.002405 
1442.981425 0.003802 
1441.814313 0.005785 
1440.647201 0.008608 
1439.480090 0.012779 
1438.312978 0.019044 
1437.145866 0.029110 
1435.978755 0.046740 
1434.811643 0.077633 
1433.644531 0.134820 
1432.477419 0.222791 
1431.310308 0.300900 
1430.143196 0.309531 
1428.976084 0.276392 
1427.808972 0.241118 
1426.641861 0.211281 
1425.474749 0.210476 
1424.307637 0.233052 
1423.140525 0.251792 
1421.973414 0.242814 
1420.806302 0.198291 
1419.639190 0.143337 
1418.472078 0.103111 
1417.304967 0.080798 
1416.137855 0.072283 
1414.970743 0.072460 
1413.803632 0.068991 
1412.636520 0.061592 
1411.469408 0.059503 
1410.302296 0.066791 
1409.135185 0.085843 
1407.968073 0.113831 
1406.800961 0.135188 
1405.633849 0.132809 
1404.466738 0.116426 
1403.299626 0.090846 
1402.132514 0.066044 
1400.965402 0.051179 
1399.798291 0.044853 
1398.631179 0.043624 
1397.464067 0.047075 
1396.296955 0.055873 
1395.129844 0.071114 
1393.962732 0.088510 
1392.795620 0.102521 
1391.628509 0.118013 
1390.461397 0.135456 
1389.294285 0.132041 
1388.127173 0.099950 
1386.960062 0.066519 
1385.792950 0.045064 
1384.625838 0.032083 
1383.458726 0.024311 
1382.291615 0.019400 
1381.124503 0.016037 
1379.957391 0.013378 
1378.790279 0.011180 
1377.623168 0.009547 
1376.456056 0.008256 
1375.288944 0.007315 
1374.121832 0.006580 
1372.954721 0.005977 
1371.787609 0.005470 
1370.620497 0.005078 
1369.453385 0.004756 
1368.286274 0.004494 
1367.119162 0.004257 
1365.952050 0.004153 
1364.784939 0.004123 
1363.617827 0.004313 
1362.450715 0.004795 
1361.283603 0.006016 
1360.116492 0.009019 
1358.949380 0.014924 
1357.782268 0.023357 
1356.615156 0.043000 
1355.448045 0.092676 
1354.280933 0.178932 
1353.113821 0.261263 
1351.946709 0.285275 
1350.779598 0.290174 
1349.612486 0.388504 
1348.445374 0.548959 
1347.278262 0.502759 
1346.111151 0.391146 
1344.944039 0.245406 
1343.776927 0.126173 
1342.609816 0.070531 
1341.442704 0.051250 
1340.275592 0.048696 
1339.108480 0.039114 
1337.941369 0.026640 
1336.774257 0.019704 
1335.607145 0.015654 
1334.440033 0.013200 
1333.272922 0.011586 
1332.105810 0.010382 
1330.938698 0.009471 
1329.771586 0.008732 
1328.604475 0.008178 
1327.437363 0.007698 
1326.270251 0.007316 
1325.103139 0.007023 
1323.936028 0.006772 
1322.768916 0.006586 
1321.601804 0.006415 
1320.434693 0.006318 
1319.267581 0.006257 
1318.100469 0.006253 
1316.933357 0.006260 
1315.766246 0.006317 
1314.599134 0.006406 
1313.432022 0.006585 
1312.264910 0.006817 
1311.097799 0.007049 
1309.930687 0.007302 
1308.763575 0.007577 
1307.596463 0.007812 
1306.429352 0.007995 
1305.262240 0.008105 
1304.095128 0.008108 
1302.928016 0.007997 
1301.760905 0.007729 
1300.593793 0.007333 
1299.426681 0.006782 
1298.259570 0.006179 
1297.092458 0.005602 
1295.925346 0.005089 
1294.758234 0.004600 
1293.591123 0.004144 
1292.424011 0.003682 
1291.256899 0.003269 
1290.089787 0.002911 
1288.922676 0.002597 
1287.755564 0.002308 
1286.588452 0.002030 
1285.421340 0.001820 
1284.254229 0.001613 
1283.087117 0.001430 
1281.920005 0.001268 
1280.752893 0.001135 
1279.585782 0.001011 
1278.418670 0.000956 
1277.251558 0.000869 
1276.084446 0.000790 
1274.917335 0.000723 
1273.750223 0.000637 
1272.583111 0.000602 
1271.416000 0.000517 
1270.248888 0.000439 
1269.081776 0.000379 
1267.914664 0.000321 
1266.747553 0.000241 
1265.580441 0.000204 
1264.413329 0.000158 
1263.246217 0.000122 
1262.079106 0.000044 
1260.911994 0.000019 
1259.744882 0.000011 
1258.577770 -0.000016 
1257.410659 -0.000026 
1256.243547 0.000001 
1255.076435 -0.000003 
1253.909323 0.000002 
1252.742212 0.000004 
1251.575100 -0.000034 
1250.407988 -0.000036 
1249.240877 -0.000014 
1248.073765 -0.000007 
1246.906653 -0.000002 
1245.739541 0.000053 
1244.572430 0.000059 
1243.405318 0.000089 
1242.238206 0.000063 
1241.071094 0.000003 
1239.903983 -0.000063 
1238.736871 -0.000038 
1237.569759 -0.000030 
1236.402647 -0.000031 
1235.235536 -0.000048 
1234.068424 -0.000027 
1232.901312 0.000010 
1231.734200 0.000019 
1230.567089 0.000042 
1229.399977 0.000082 
1228.232865 0.000090 
1227.065754 0.000092 
1225.898642 0.000117 
1224.731530 0.000075 
1223.564418 0.000105 
1222.397307 0.000135 
1221.230195 0.000177 
1220.063083 0.000136 
1218.895971 0.000136 
1217.728860 0.000141 
1216.561748 0.000122 
1215.394636 0.000133 
1214.227524 0.000141 
1213.060413 0.000124 
1211.893301 0.000084 
1210.726189 0.000084 
1209.559077 0.000030 
1208.391966 0.000037 
1207.224854 0.000003 
1206.057742 -0.000004 
1204.890630 -0.000012 
1203.723519 -0.000027 
1202.556407 -0.000061 
1201.389295 -0.000075 
1200.222184 -0.000071 
1199.055072 -0.000047 
1197.887960 -0.000047 
1196.720848 -0.000039 
1195.553737 -0.000040 
1194.386625 -0.000092 
1193.219513 -0.000118 
1192.052401 -0.000149 
1190.885290 -0.000128 
1189.718178 -0.000151 
1188.551066 -0.000155 
1187.383954 -0.000155 
1186.216843 -0.000181 
1185.049731 -0.000204 
1183.882619 -0.000231 
1182.715507 -0.000210 
1181.548396 -0.000177 
1180.381284 -0.000198 
1179.214172 -0.000191 
1178.047061 -0.000207 
1176.879949 -0.000252 
1175.712837 -0.000277 
1174.545725 -0.000351 
1173.378614 -0.000375 
1172.211502 -0.000430 
1171.044390 -0.000446 
1169.877278 -0.000521 
1168.710167 -0.000593 
1167.543055 -0.000667 
1166.375943 -0.000740 
1165.208831 -0.000795 
1164.041720 -0.000889 
1162.874608 -0.000927 
1161.707496 -0.001030 
1160.540384 -0.001105 
1159.373273 -0.001185 
1158.206161 -0.001282 
1157.039049 -0.001404 
1155.871938 -0.001535 
1154.704826 -0.001669 
1153.537714 -0.001767 
1152.370602 -0.001874 
1151.203491 -0.001989 
1150.036379 -0.002115 
1148.869267 -0.002206 
1147.702155 -0.002377 
1146.535044 -0.002471 
1145.367932 -0.002623 
1144.200820 -0.002772 
1143.033708 -0.002957 
1141.866597 -0.003107 
1140.699485 -0.003277 
1139.532373 -0.003399 
1138.365261 -0.003561 
1137.198150 -0.003665 
1136.031038 -0.003752 
1134.863926 -0.003756 
1133.696815 -0.003593 
1132.529703 -0.003232 
1131.362591 -0.002414 
1130.195479 -0.000883 
1129.028368 0.002188 
1127.861256 0.008608 
1126.694144 0.022894 
1125.527032 0.060360 
1124.359921 0.138961 
1123.192809 0.240860 
1122.025697 0.323299 
1120.858585 0.346266 
1119.691474 0.361674 
1118.524362 0.391985 
1117.357250 0.215129 
1116.190138 0.083537 
1115.023027 0.044341 
1113.855915 0.030891 
1112.688803 0.026409 
1111.521691 0.027841 
1110.354580 0.025222 
1109.187468 0.018806 
1108.020356 0.017756 
1106.853245 0.020580 
1105.686133 0.021379 
1104.519021 0.022699 
1103.351909 0.040389 
1102.184798 0.046820 
1101.017686 0.027349 
1099.850574 0.014891 
1098.683462 0.010248 
1097.516351 0.008682 
1096.349239 0.008051 
1095.182127 0.007081 
1094.015015 0.006323 
1092.847904 0.005902 
1091.680792 0.005571 
1090.513680 0.005372 
1089.346568 0.005377 
1088.179457 0.005057 
1087.012345 0.004585 
1085.845233 0.004349 
1084.678122 0.004168 
1083.511010 0.003957 
1082.343898 0.003814 
1081.176786 0.003631 
1080.009675 0.003469 
1078.842563 0.003303 
1077.675451 0.003119 
1076.508339 0.003034 
1075.341228 0.002893 
1074.174116 0.002712 
1073.007004 0.002602 
1071.839892 0.002459 
1070.672781 0.002375 
1069.505669 0.002198 
1068.338557 0.002094 
1067.171445 0.002014 
1066.004334 0.001921 
1064.837222 0.001860 
1063.670110 0.001770 
1062.502999 0.001651 
1061.335887 0.001595 
1060.168775 0.001527 
1059.001663 0.001475 
1057.834552 0.001382 
1056.667440 0.001326 
1055.500328 0.001281 
1054.333216 0.001242 
1053.166105 0.001201 
1051.998993 0.001153 
1050.831881 0.001119 
1049.664769 0.001089 
1048.497658 0.001082 
1047.330546 0.001142 
1046.163434 0.001296 
1044.996322 0.001638 
1043.829211 0.002114 
1042.662099 0.002698 
1041.494987 0.003391 
1040.327875 0.003974 
1039.160764 0.004208 
1037.993652 0.003875 
1036.826540 0.003338 
1035.659429 0.002747 
1034.492317 0.002221 
1033.325205 0.001814 
1032.158093 0.001416 
1030.990982 0.001051 
1029.823870 0.000825 
1028.656758 0.000675 
1027.489646 0.000547 
1026.322535 0.000422 
1025.155423 0.000336 
1023.988311 0.000258 
1022.821199 0.000202 
1021.654088 0.000151 
1020.486976 0.000120 
1019.319864 0.000141 
1018.152752 0.000078 
1016.985641 0.000049 
1015.818529 0.000039 
1014.651417 0.000018 
1013.484306 0.000005 
1012.317194 -0.000021 
1011.150082 -0.000035 
1009.982970 -0.000017 
1008.815859 -0.000006 
1007.648747 -0.000031 
1006.481635 0.000002 
1005.314523 -0.000002 
1004.147412 0.000036 
1002.980300 0.000044 
1001.813188 0.000098 
1000.646076 0.000122 
999.478965 0.000198 
998.311853 0.000238 
997.144741 0.000295 
995.977629 0.000365 
994.810518 0.000493 
993.643406 0.000635 
992.476294 0.000811 
991.309183 0.000943 
990.142071 0.001037 
988.974959 0.001212 
987.807847 0.001424 
986.640736 0.001669 
985.473624 0.001956 
984.306512 0.002285 
983.139400 0.002569 
981.972289 0.002810 
980.805177 0.003006 
979.638065 0.003195 
978.470953 0.003301 
977.303842 0.003344 
976.136730 0.003276 
974.969618 0.003183 
973.802506 0.003064 
972.635395 0.002872 
971.468283 0.002671 
970.301171 0.002452 
969.134060 0.002210 
967.966948 0.001997 
966.799836 0.001766 
965.632724 0.001537 
964.465613 0.001350 
963.298501 0.001138 
962.131389 0.000985 
960.964277 0.000852 
959.797166 0.000772 
958.630054 0.000632 
957.462942 0.000531 
956.295830 0.000437 
955.128719 0.000309 
953.961607 0.000209 
952.794495 0.000175 
951.627383 0.000166 
950.460272 0.000106 
949.293160 0.000009 
948.126048 -0.000022 
946.958936 0.000006 
945.791825 0.000004 
944.624713 0.000001 
943.457601 -0.000102 
942.290490 -0.000112 
941.123378 -0.000132 
939.956266 -0.000139 
938.789154 -0.000167 
937.622043 -0.000216 
936.454931 -0.000227 
935.287819 -0.000285 
934.120707 -0.000291 
932.953596 -0.000307 
931.786484 -0.000331 
930.619372 -0.000322 
929.452260 -0.000291 
928.285149 -0.000303 
927.118037 -0.000323 
925.950925 -0.000351 
924.783813 -0.000311 
923.616702 -0.000281 
922.449590 -0.000287 
921.282478 -0.000310 
920.115367 -0.000293 
918.948255 -0.000265 
917.781143 -0.000232 
916.614031 -0.000201 
915.446920 -0.000191 
914.279808 -0.000141 
913.112696 -0.000124 
911.945584 -0.000070 
910.778473 -0.000010 
909.611361 0.000041 
908.444249 0.000067 
907.277137 0.000162 
906.110026 0.000241 
904.942914 0.000367 
903.775802 0.000544 
902.608690 0.000809 
901.441579 0.001081 
900.274467 0.001471 
899.107355 0.001965 
897.940244 0.002590 
896.773132 0.003540 
895.606020 0.004844 
894.438908 0.006718 
893.271797 0.009521 
892.104685 0.013688 
890.937573 0.019255 
889.770461 0.024962 
888.603350 0.028218 
887.436238 0.028553 
886.269126 0.028993 
885.102014 0.032226 
883.934903 0.038275 
882.767791 0.042888 
881.600679 0.039525 
880.433567 0.030404 
879.266456 0.021612 
878.099344 0.015344 
876.932232 0.011378 
875.765121 0.008986 
874.598009 0.007443 
873.430897 0.006270 
872.263785 0.005177 
871.096674 0.004255 
869.929562 0.003605 
868.762450 0.003120 
867.595338 0.002750 
866.428227 0.002470 
865.261115 0.002252 
864.094003 0.002065 
862.926891 0.001918 
861.759780 0.001813 
860.592668 0.001676 
859.425556 0.001572 
858.258444 0.001509 
857.091333 0.001446 
855.924221 0.001417 
854.757109 0.001376 
853.589997 0.001316 
852.422886 0.001252 
851.255774 0.001210 
850.088662 0.001166 
848.921551 0.001163 
847.754439 0.001150 
846.587327 0.001124 
845.420215 0.001115 
844.253104 0.001109 
843.085992 0.001114 
841.918880 0.001108 
840.751768 0.001111 
839.584657 0.001088 
838.417545 0.001091 
837.250433 0.001072 
836.083321 0.001033 
834.916210 0.001001 
833.749098 0.000935 
832.581986 0.000906 
831.414874 0.000871 
830.247763 0.000857 
829.080651 0.000832 
827.913539 0.000852 
826.746428 0.000875 
825.579316 0.000859 
824.412204 0.000785 
823.245092 0.000800 
822.077981 0.000756 
820.910869 0.000753 
819.743757 0.000798 
818.576645 0.000801 
817.409534 0.000788 
816.242422 0.000792 
815.075310 0.000840 
813.908198 0.000793 
812.741087 0.000725 
811.573975 0.000763 
810.406863 0.000730 
809.239751 0.000669 
808.072640 0.000615 
806.905528 0.000619 
805.738416 0.000628 
804.571305 0.000574 
803.404193 0.000530 
802.237081 0.000504 
801.069969 0.000435 
799.902858 0.000399 
798.735746 0.000359 
797.568634 0.000351 
796.401522 0.000253 
795.234411 0.000190 
794.067299 0.000143 
792.900187 0.000146 
791.733075 0.000156 
790.565964 0.000073 
789.398852 0.000066 
788.231740 0.000013 
787.064628 0.000017 
785.897517 0.000061 
784.730405 0.000155 
783.563293 0.000192 
782.396181 0.000323 
781.229070 0.000595 
780.061958 0.001079 
778.894846 0.001929 
777.727735 0.003531 
776.560623 0.006719 
775.393511 0.013436 
774.226399 0.027869 
773.059288 0.052993 
771.892176 0.068460 
770.725064 0.062932 
769.557952 0.056276 
768.390841 0.042529 
767.223729 0.030243 
766.056617 0.025511 
764.889505 0.021619 
763.722394 0.015324 
762.555282 0.010095 
761.388170 0.006974 
760.221058 0.005222 
759.053947 0.004127 
757.886835 0.003347 
756.719723 0.002818 
755.552612 0.002428 
754.385500 0.002046 
753.218388 0.001784 
752.051276 0.001568 
750.884165 0.001402 
749.717053 0.001241 
748.549941 0.001032 
747.382829 0.000872 
746.215718 0.000791 
745.048606 0.000698 
743.881494 0.000614 
742.714382 0.000555 
741.547271 0.000465 
740.380159 0.000393 
739.213047 0.000309 
738.045935 0.000206 
736.878824 0.000166 
735.711712 0.000132 
734.544600 0.000146 
733.377489 0.000118 
732.210377 0.000031 
731.043265 -0.000009 
729.876153 0.000003 
728.709042 -0.000051 
727.541930 -0.000077 
726.374818 -0.000047 
725.207706 -0.000033 
724.040595 -0.000078 
722.873483 -0.000069 
721.706371 -0.000104 
720.539259 -0.000153 
719.372148 -0.000197 
718.205036 -0.000150 
717.037924 -0.000175 
715.870812 -0.000221 
714.703701 -0.000253 
713.536589 -0.000293 
712.369477 -0.000319 
711.202366 -0.000323 
710.035254 -0.000288 
708.868142 -0.000275 
707.701030 -0.000286 
706.533919 -0.000326 
705.366807 -0.000249 
704.199695 -0.000191 
703.032583 -0.000264 
701.865472 -0.000212 
700.698360 -0.000187 
699.531248 -0.000185 
698.364136 -0.000201 
697.197025 -0.000176 
696.029913 -0.000108 
694.862801 -0.000135 
693.695689 -0.000137 
692.528578 -0.000056 
691.361466 -0.000036 
690.194354 -0.000020 
689.027242 -0.000000 
687.860131 0.000089 
686.693019 0.000140 
685.525907 0.000093 
684.358796 0.000026 
683.191684 0.000014 
682.024572 0.000035 
680.857460 -0.000062 
679.690349 -0.000104 
678.523237 -0.000110 
677.356125 -0.000159 
676.189013 -0.000279 
675.021902 -0.000216 
673.854790 -0.000247 
672.687678 -0.000300 
671.520566 -0.000283 
670.353455 -0.000379 
669.186343 -0.000784 
668.019231 -0.000655 
666.852119 -0.000569 
665.685008 -0.000558 
664.517896 -0.000410 
663.350784 -0.000086 
662.183673 -0.000174 
661.016561 -0.000119 
659.849449 -0.000164 
658.682337 -0.000293 
657.515226 -0.000467 
656.348114 -0.000720 
655.181002 -0.000968 
654.013890 -0.001128 
652.846779 -0.001093 
651.679667 -0.000928 
650.512555 -0.000656 
649.345443 -0.000072 
648.178332 0.000364 
647.011220 0.000451 
645.844108 0.000433 
644.676996 0.000306 
643.509885 0.000013 
642.342773 -0.000478 
641.175661 -0.000895 
640.008550 -0.001392 
638.841438 -0.001702 
637.674326 -0.001800 
636.507214 -0.001722 
635.340103 -0.001574 
634.172991 -0.001311 
633.005879 -0.000842 
631.838767 -0.000491 
630.671656 0.000090 
629.504544 0.000461 
628.337432 0.000820 
627.170320 0.001047 
626.003209 0.001216 
624.836097 0.001179 
623.668985 0.000993 
622.501873 0.000752 
621.334762 0.000551 
620.167650 0.000396 
619.000538 0.000296 
617.833426 0.000384 
616.666315 0.000363 
615.499203 0.000177 
614.332091 0.000151 
613.164980 0.000149 
611.997868 0.000086 
610.830756 0.000014 
609.663644 0.000000 
608.496533 -0.000034 
607.329421 -0.000169 
606.162309 -0.000210 
604.995197 -0.000146 
603.828086 -0.000110 
602.660974 -0.000096 
601.493862 -0.000135 
600.326750 -0.000067 
599.159639 -0.000076 
597.992527 -0.000010 
596.825415 0.000208 
595.658303 0.000169 
594.491192 0.000037 
593.324080 0.000041 
592.156968 -0.000110 
590.989857 -0.000257 
589.822745 -0.000264 
588.655633 -0.000100 
587.488521 -0.000001 
586.321410 0.000049 
585.154298 0.000131 
583.987186 0.000237 
582.820074 0.000575 
581.652963 0.000526 
580.485851 0.000479 
579.318739 0.000378 
578.151627 0.000526 
576.984516 -0.000137 
575.817404 -0.000208 
574.650292 0.000601 
573.483180 0.000329 
572.316069 0.000283 
571.148957 0.000383 
569.981845 0.000333 
568.814734 0.000126 
567.647622 0.000230 
566.480510 0.000041 
565.313398 0.000204 
564.146287 0.000129 
562.979175 -0.000116 
561.812063 0.000141 
560.644951 0.000210 
559.477840 -0.000549 
558.310728 -0.000084 
557.143616 -0.000583 
555.976504 -0.000515 
554.809393 0.000208 
553.642281 0.000318 
552.475169 0.000068 
551.308057 -0.000773 
550.140946 -0.000355 
548.973834 0.000169 
547.806722 0.000091 
546.639611 0.000119 
545.472499 -0.000358 
544.305387 0.000173 
543.138275 0.000448 
541.971164 0.000209 
540.804052 0.000857 
539.636940 0.001884 
538.469828 0.002561 
537.302717 0.003631 
536.135605 0.004458 
534.968493 0.005911 
533.801381 0.008548 
532.634270 0.011125 
531.467158 0.014966 
530.300046 0.021043 
529.132934 0.030410 
527.965823 0.050659 
526.798711 0.087914 
525.631599 0.133642 
524.464487 0.173295 
523.297376 0.188353 
522.130264 0.165909 
520.963152 0.124524 
519.796041 0.117069 
518.628929 0.156338 
517.461817 0.217938 
516.294705 0.232126 
515.127594 0.177271 
513.960482 0.087093 
512.793370 0.038124 
511.626258 0.017292 
510.459147 0.009712 
509.292035 0.007639 
508.124923 0.006279 
506.957811 0.004754 
505.790700 0.003911 
504.623588 0.003798 
503.456476 0.004303 
502.289364 0.003684 
501.122253 0.003081 
499.955141 0.004282 
