4000.123242 0.001537 
3998.956130 0.001424 
3997.789019 0.001179 
3996.621907 0.000840 
3995.454795 0.000687 
3994.287683 0.000462 
3993.120572 0.000415 
3991.953460 0.000386 
3990.786348 0.000237 
3989.619236 0.000123 
3988.452125 0.000163 
3987.285013 0.000290 
3986.117901 0.000180 
3984.950789 0.000137 
3983.783678 0.000232 
3982.616566 0.000232 
3981.449454 0.000089 
3980.282342 0.000298 
3979.115231 0.000432 
3977.948119 0.000544 
3976.781007 0.000647 
3975.613896 0.000908 
3974.446784 0.001226 
3973.279672 0.001374 
3972.112560 0.001472 
3970.945449 0.001451 
3969.778337 0.001131 
3968.611225 0.000896 
3967.444113 0.000651 
3966.277002 0.000515 
3965.109890 0.000427 
3963.942778 0.000270 
3962.775666 0.000099 
3961.608555 0.000067 
3960.441443 0.000120 
3959.274331 0.000051 
3958.107219 -0.000035 
3956.940108 -0.000001 
3955.772996 -0.000068 
3954.605884 -0.000198 
3953.438772 -0.000228 
3952.271661 -0.000196 
3951.104549 -0.000285 
3949.937437 -0.000313 
3948.770326 -0.000337 
3947.603214 -0.000361 
3946.436102 -0.000387 
3945.268990 -0.000293 
3944.101879 -0.000262 
3942.934767 -0.000248 
3941.767655 -0.000140 
3940.600543 -0.000181 
3939.433432 -0.000061 
3938.266320 0.000081 
3937.099208 0.000207 
3935.932096 0.000250 
3934.764985 0.000214 
3933.597873 0.000126 
3932.430761 -0.000005 
3931.263649 -0.000191 
3930.096538 -0.000344 
3928.929426 -0.000388 
3927.762314 -0.000373 
3926.595203 -0.000412 
3925.428091 -0.000520 
3924.260979 -0.000388 
3923.093867 -0.000341 
3921.926756 -0.000362 
3920.759644 -0.000349 
3919.592532 -0.000439 
3918.425420 -0.000519 
3917.258309 -0.000458 
3916.091197 -0.000520 
3914.924085 -0.000581 
3913.756973 -0.000580 
3912.589862 -0.000536 
3911.422750 -0.000470 
3910.255638 -0.000507 
3909.088526 -0.000541 
3907.921415 -0.000571 
3906.754303 -0.000678 
3905.587191 -0.000713 
3904.420080 -0.000604 
3903.252968 -0.000680 
3902.085856 -0.000738 
3900.918744 -0.000726 
3899.751633 -0.000722 
3898.584521 -0.000682 
3897.417409 -0.000655 
3896.250297 -0.000639 
3895.083186 -0.000655 
3893.916074 -0.000578 
3892.748962 -0.000494 
3891.581850 -0.000475 
3890.414739 -0.000425 
3889.247627 -0.000411 
3888.080515 -0.000364 
3886.913403 -0.000369 
3885.746292 -0.000092 
3884.579180 -0.000114 
3883.412068 -0.000179 
3882.244957 -0.000253 
3881.077845 -0.000200 
3879.910733 -0.000093 
3878.743621 -0.000043 
3877.576510 0.000187 
3876.409398 0.000305 
3875.242286 0.000560 
3874.075174 0.000683 
3872.908063 0.000514 
3871.740951 0.000451 
3870.573839 0.000494 
3869.406727 0.000404 
3868.239616 0.000289 
3867.072504 0.000229 
3865.905392 0.000369 
3864.738280 0.000628 
3863.571169 0.000788 
3862.404057 0.001086 
3861.236945 0.001225 
3860.069833 0.001019 
3858.902722 0.000759 
3857.735610 0.000544 
3856.568498 0.000462 
3855.401387 0.000355 
3854.234275 0.000525 
3853.067163 0.000335 
3851.900051 0.000304 
3850.732940 0.000207 
3849.565828 0.000187 
3848.398716 0.000129 
3847.231604 0.000045 
3846.064493 -0.000016 
3844.897381 0.000048 
3843.730269 0.000193 
3842.563157 -0.000031 
3841.396046 0.000098 
3840.228934 0.000218 
3839.061822 0.000083 
3837.894710 0.000283 
3836.727599 0.000177 
3835.560487 -0.000000 
3834.393375 -0.000000 
3833.226264 0.000072 
3832.059152 0.000190 
3830.892040 0.000135 
3829.724928 -0.000023 
3828.557817 -0.000036 
3827.390705 0.000079 
3826.223593 0.000065 
3825.056481 0.000096 
3823.889370 0.000143 
3822.722258 0.000198 
3821.555146 0.000337 
3820.388034 0.000340 
3819.220923 0.000223 
3818.053811 0.000184 
3816.886699 0.000219 
3815.719587 0.000425 
3814.552476 0.000185 
3813.385364 0.000135 
3812.218252 0.000065 
3811.051141 0.000103 
3809.884029 0.000084 
3808.716917 0.000129 
3807.549805 0.000321 
3806.382694 0.000357 
3805.215582 0.000237 
3804.048470 0.000318 
3802.881358 0.000381 
3801.714247 0.000542 
3800.547135 0.000483 
3799.380023 0.000427 
3798.212911 0.000405 
3797.045800 0.000408 
3795.878688 0.000423 
3794.711576 0.000275 
3793.544464 0.000310 
3792.377353 0.000214 
3791.210241 0.000129 
3790.043129 0.000071 
3788.876017 0.000054 
3787.708906 0.000181 
3786.541794 0.000235 
3785.374682 0.000098 
3784.207571 0.000006 
3783.040459 0.000029 
3781.873347 0.000079 
3780.706235 0.000054 
3779.539124 0.000212 
3778.372012 0.000205 
3777.204900 0.000207 
3776.037788 0.000206 
3774.870677 0.000079 
3773.703565 0.000069 
3772.536453 0.000075 
3771.369341 0.000062 
3770.202230 0.000052 
3769.035118 -0.000021 
3767.868006 -0.000014 
3766.700894 -0.000074 
3765.533783 -0.000146 
3764.366671 -0.000131 
3763.199559 -0.000170 
3762.032448 -0.000187 
3760.865336 -0.000202 
3759.698224 -0.000139 
3758.531112 -0.000027 
3757.364001 -0.000033 
3756.196889 -0.000111 
3755.029777 -0.000171 
3753.862665 -0.000129 
3752.695554 0.000004 
3751.528442 0.000069 
3750.361330 -0.000037 
3749.194218 0.000159 
3748.027107 -0.000071 
3746.859995 -0.000129 
3745.692883 -0.000054 
3744.525771 0.000220 
3743.358660 0.000034 
3742.191548 -0.000047 
3741.024436 0.000007 
3739.857325 0.000031 
3738.690213 0.000102 
3737.523101 0.000151 
3736.355989 0.000273 
3735.188878 0.000223 
3734.021766 0.000211 
3732.854654 0.000237 
3731.687542 0.000235 
3730.520431 0.000047 
3729.353319 0.000114 
3728.186207 0.000079 
3727.019095 -0.000056 
3725.851984 -0.000050 
3724.684872 -0.000128 
3723.517760 -0.000240 
3722.350648 -0.000184 
3721.183537 -0.000188 
3720.016425 -0.000270 
3718.849313 -0.000180 
3717.682202 -0.000195 
3716.515090 -0.000259 
3715.347978 -0.000327 
3714.180866 -0.000255 
3713.013755 -0.000266 
3711.846643 -0.000078 
3710.679531 -0.000196 
3709.512419 -0.000169 
3708.345308 -0.000142 
3707.178196 -0.000161 
3706.011084 -0.000267 
3704.843972 -0.000312 
3703.676861 -0.000414 
3702.509749 -0.000346 
3701.342637 -0.000338 
3700.175525 -0.000379 
3699.008414 -0.000412 
3697.841302 -0.000397 
3696.674190 -0.000374 
3695.507078 -0.000432 
3694.339967 -0.000429 
3693.172855 -0.000374 
3692.005743 -0.000266 
3690.838632 -0.000151 
3689.671520 -0.000196 
3688.504408 0.000140 
3687.337296 0.000177 
3686.170185 0.000175 
3685.003073 0.000309 
3683.835961 0.000319 
3682.668849 0.000186 
3681.501738 0.000054 
3680.334626 -0.000046 
3679.167514 -0.000047 
3678.000402 -0.000263 
3676.833291 -0.000164 
3675.666179 -0.000042 
3674.499067 -0.000200 
3673.331955 -0.000409 
3672.164844 -0.000385 
3670.997732 -0.000116 
3669.830620 -0.000212 
3668.663509 -0.000338 
3667.496397 -0.000312 
3666.329285 -0.000387 
3665.162173 -0.000409 
3663.995062 -0.000384 
3662.827950 -0.000329 
3661.660838 -0.000283 
3660.493726 -0.000286 
3659.326615 -0.000274 
3658.159503 -0.000294 
3656.992391 -0.000179 
3655.825279 -0.000103 
3654.658168 -0.000236 
3653.491056 -0.000187 
3652.323944 -0.000058 
3651.156832 0.000000 
3649.989721 0.000050 
3648.822609 0.000177 
3647.655497 0.000110 
3646.488386 0.000051 
3645.321274 -0.000017 
3644.154162 0.000026 
3642.987050 0.000075 
3641.819939 0.000176 
3640.652827 0.000187 
3639.485715 0.000091 
3638.318603 0.000134 
3637.151492 0.000166 
3635.984380 0.000222 
3634.817268 0.000276 
3633.650156 0.000304 
3632.483045 0.000296 
3631.315933 0.000266 
3630.148821 0.000273 
3628.981709 0.000360 
3627.814598 0.000280 
3626.647486 0.000100 
3625.480374 0.000113 
3624.313262 0.000143 
3623.146151 0.000071 
3621.979039 0.000086 
3620.811927 0.000169 
3619.644816 0.000266 
3618.477704 0.000163 
3617.310592 0.000136 
3616.143480 0.000134 
3614.976369 0.000187 
3613.809257 0.000301 
3612.642145 0.000371 
3611.475033 0.000410 
3610.307922 0.000429 
3609.140810 0.000465 
3607.973698 0.000485 
3606.806586 0.000626 
3605.639475 0.000722 
3604.472363 0.000661 
3603.305251 0.000652 
3602.138139 0.000635 
3600.971028 0.000637 
3599.803916 0.000632 
3598.636804 0.000593 
3597.469693 0.000482 
3596.302581 0.000521 
3595.135469 0.000534 
3593.968357 0.000525 
3592.801246 0.000511 
3591.634134 0.000499 
3590.467022 0.000482 
3589.299910 0.000629 
3588.132799 0.000689 
3586.965687 0.000810 
3585.798575 0.000799 
3584.631463 0.000774 
3583.464352 0.000791 
3582.297240 0.000847 
3581.130128 0.000966 
3579.963016 0.000815 
3578.795905 0.000668 
3577.628793 0.000587 
3576.461681 0.000546 
3575.294570 0.000510 
3574.127458 0.000540 
3572.960346 0.000527 
3571.793234 0.000544 
3570.626123 0.000642 
3569.459011 0.000697 
3568.291899 0.000675 
3567.124787 0.000701 
3565.957676 0.000727 
3564.790564 0.000785 
3563.623452 0.000803 
3562.456340 0.000861 
3561.289229 0.000852 
3560.122117 0.000792 
3558.955005 0.000753 
3557.787893 0.000759 
3556.620782 0.000861 
3555.453670 0.000779 
3554.286558 0.000794 
3553.119447 0.000869 
3551.952335 0.000947 
3550.785223 0.000917 
3549.618111 0.000994 
3548.451000 0.001079 
3547.283888 0.001090 
3546.116776 0.001071 
3544.949664 0.001019 
3543.782553 0.000948 
3542.615441 0.001022 
3541.448329 0.000973 
3540.281217 0.000919 
3539.114106 0.000947 
3537.946994 0.000899 
3536.779882 0.000888 
3535.612770 0.000819 
3534.445659 0.000870 
3533.278547 0.000847 
3532.111435 0.000838 
3530.944323 0.000891 
3529.777212 0.000886 
3528.610100 0.000774 
3527.442988 0.000697 
3526.275877 0.000696 
3525.108765 0.000599 
3523.941653 0.000621 
3522.774541 0.000641 
3521.607430 0.000667 
3520.440318 0.000552 
3519.273206 0.000512 
3518.106094 0.000546 
3516.938983 0.000555 
3515.771871 0.000496 
3514.604759 0.000472 
3513.437647 0.000616 
3512.270536 0.000706 
3511.103424 0.000811 
3509.936312 0.000797 
3508.769200 0.000712 
3507.602089 0.000613 
3506.434977 0.000461 
3505.267865 0.000359 
3504.100754 0.000319 
3502.933642 0.000237 
3501.766530 0.000090 
3500.599418 0.000067 
3499.432307 0.000040 
3498.265195 -0.000006 
3497.098083 0.000004 
3495.930971 0.000012 
3494.763860 0.000015 
3493.596748 0.000037 
3492.429636 0.000108 
3491.262524 0.000026 
3490.095413 0.000004 
3488.928301 -0.000004 
3487.761189 0.000078 
3486.594077 0.000102 
3485.426966 0.000239 
3484.259854 0.000340 
3483.092742 0.000474 
3481.925631 0.000593 
3480.758519 0.000737 
3479.591407 0.000828 
3478.424295 0.001011 
3477.257184 0.001161 
3476.090072 0.001273 
3474.922960 0.001587 
3473.755848 0.001781 
3472.588737 0.002000 
3471.421625 0.002055 
3470.254513 0.002005 
3469.087401 0.002010 
3467.920290 0.001893 
3466.753178 0.001621 
3465.586066 0.001488 
3464.418954 0.001333 
3463.251843 0.001221 
3462.084731 0.001090 
3460.917619 0.001023 
3459.750508 0.001052 
3458.583396 0.000997 
3457.416284 0.000986 
3456.249172 0.000998 
3455.082061 0.001129 
3453.914949 0.001252 
3452.747837 0.001299 
3451.580725 0.001415 
3450.413614 0.001596 
3449.246502 0.001799 
3448.079390 0.001945 
3446.912278 0.002262 
3445.745167 0.002572 
3444.578055 0.002860 
3443.410943 0.003151 
3442.243831 0.003435 
3441.076720 0.003569 
3439.909608 0.003731 
3438.742496 0.003858 
3437.575384 0.004152 
3436.408273 0.004693 
3435.241161 0.005363 
3434.074049 0.005775 
3432.906938 0.006227 
3431.739826 0.006608 
3430.572714 0.006714 
3429.405602 0.007016 
3428.238491 0.008375 
3427.071379 0.012319 
3425.904267 0.022328 
3424.737155 0.044336 
3423.570044 0.070265 
3422.402932 0.072878 
3421.235820 0.050772 
3420.068708 0.029045 
3418.901597 0.016907 
3417.734485 0.010853 
3416.567373 0.008837 
3415.400261 0.010017 
3414.233150 0.011466 
3413.066038 0.008923 
3411.898926 0.005745 
3410.731815 0.004032 
3409.564703 0.002948 
3408.397591 0.002176 
3407.230479 0.001714 
3406.063368 0.001327 
3404.896256 0.001065 
3403.729144 0.000822 
3402.562032 0.000662 
3401.394921 0.000521 
3400.227809 0.000486 
3399.060697 0.000333 
3397.893585 0.000239 
3396.726474 0.000137 
3395.559362 0.000097 
3394.392250 0.000046 
3393.225138 -0.000029 
3392.058027 -0.000108 
3390.890915 -0.000123 
3389.723803 -0.000048 
3388.556692 -0.000142 
3387.389580 -0.000206 
3386.222468 -0.000260 
3385.055356 -0.000290 
3383.888245 -0.000065 
3382.721133 0.000051 
3381.554021 -0.000118 
3380.386909 -0.000238 
3379.219798 -0.000324 
3378.052686 -0.000334 
3376.885574 -0.000301 
3375.718462 -0.000262 
3374.551351 -0.000255 
3373.384239 -0.000186 
3372.217127 -0.000057 
3371.050015 -0.000074 
3369.882904 0.000056 
3368.715792 0.000234 
3367.548680 0.000472 
3366.381568 0.000668 
3365.214457 0.000653 
3364.047345 0.000295 
3362.880233 0.000060 
3361.713122 -0.000046 
3360.546010 -0.000061 
3359.378898 -0.000101 
3358.211786 -0.000133 
3357.044675 0.000013 
3355.877563 0.000177 
3354.710451 0.000164 
3353.543339 0.000155 
3352.376228 0.000300 
3351.209116 0.000533 
3350.042004 0.000889 
3348.874892 0.001238 
3347.707781 0.001114 
3346.540669 0.000801 
3345.373557 0.000603 
3344.206445 0.000481 
3343.039334 0.000484 
3341.872222 0.000428 
3340.705110 0.000425 
3339.537999 0.000391 
3338.370887 0.000329 
3337.203775 0.000241 
3336.036663 0.000216 
3334.869552 0.000119 
3333.702440 0.000081 
3332.535328 0.000110 
3331.368216 0.000059 
3330.201105 0.000069 
3329.033993 0.000060 
3327.866881 0.000022 
3326.699769 0.000041 
3325.532658 0.000009 
3324.365546 0.000004 
3323.198434 0.000029 
3322.031322 0.000051 
3320.864211 0.000079 
3319.697099 0.000001 
3318.529987 -0.000055 
3317.362876 -0.000027 
3316.195764 0.000017 
3315.028652 -0.000042 
3313.861540 0.000033 
3312.694429 0.000097 
3311.527317 0.000002 
3310.360205 0.000025 
3309.193093 -0.000016 
3308.025982 -0.000019 
3306.858870 -0.000152 
3305.691758 -0.000146 
3304.524646 -0.000152 
3303.357535 -0.000059 
3302.190423 -0.000044 
3301.023311 -0.000089 
3299.856199 -0.000105 
3298.689088 -0.000129 
3297.521976 -0.000097 
3296.354864 -0.000162 
3295.187753 -0.000106 
3294.020641 -0.000083 
3292.853529 -0.000099 
3291.686417 -0.000137 
3290.519306 -0.000064 
3289.352194 -0.000020 
3288.185082 -0.000013 
3287.017970 -0.000047 
3285.850859 -0.000025 
3284.683747 -0.000040 
3283.516635 0.000046 
3282.349523 0.000059 
3281.182412 0.000050 
3280.015300 0.000111 
3278.848188 0.000176 
3277.681076 0.000180 
3276.513965 0.000248 
3275.346853 0.000182 
3274.179741 0.000182 
3273.012629 0.000184 
3271.845518 0.000187 
3270.678406 0.000114 
3269.511294 0.000121 
3268.344183 0.000206 
3267.177071 0.000218 
3266.009959 0.000216 
3264.842847 0.000163 
3263.675736 0.000141 
3262.508624 0.000153 
3261.341512 0.000065 
3260.174400 0.000024 
3259.007289 -0.000018 
3257.840177 -0.000030 
3256.673065 -0.000104 
3255.505953 -0.000107 
3254.338842 -0.000091 
3253.171730 -0.000090 
3252.004618 -0.000091 
3250.837506 -0.000136 
3249.670395 -0.000181 
3248.503283 -0.000173 
3247.336171 -0.000187 
3246.169060 -0.000196 
3245.001948 -0.000179 
3243.834836 -0.000160 
3242.667724 -0.000087 
3241.500613 -0.000194 
3240.333501 -0.000179 
3239.166389 -0.000168 
3237.999277 -0.000151 
3236.832166 -0.000141 
3235.665054 -0.000156 
3234.497942 -0.000163 
3233.330830 -0.000145 
3232.163719 -0.000153 
3230.996607 -0.000183 
3229.829495 -0.000141 
3228.662383 -0.000143 
3227.495272 -0.000196 
3226.328160 -0.000201 
3225.161048 -0.000091 
3223.993937 -0.000168 
3222.826825 -0.000102 
3221.659713 -0.000081 
3220.492601 -0.000020 
3219.325490 -0.000012 
3218.158378 -0.000025 
3216.991266 -0.000040 
3215.824154 -0.000122 
3214.657043 -0.000000 
3213.489931 0.000092 
3212.322819 0.000065 
3211.155707 0.000053 
3209.988596 0.000001 
3208.821484 0.000003 
3207.654372 0.000010 
3206.487260 0.000014 
3205.320149 0.000050 
3204.153037 0.000040 
3202.985925 0.000116 
3201.818813 0.000116 
3200.651702 0.000147 
3199.484590 0.000116 
3198.317478 0.000118 
3197.150367 0.000103 
3195.983255 0.000075 
3194.816143 0.000117 
3193.649031 0.000103 
3192.481920 0.000106 
3191.314808 0.000088 
3190.147696 0.000216 
3188.980584 0.000163 
3187.813473 0.000164 
3186.646361 0.000285 
3185.479249 0.000451 
3184.312137 0.000528 
3183.145026 0.000660 
3181.977914 0.000799 
3180.810802 0.000850 
3179.643690 0.000992 
3178.476579 0.001165 
3177.309467 0.001394 
3176.142355 0.001603 
3174.975244 0.001752 
3173.808132 0.001980 
3172.641020 0.002097 
3171.473908 0.002157 
3170.306797 0.002214 
3169.139685 0.002180 
3167.972573 0.002197 
3166.805461 0.002191 
3165.638350 0.002082 
3164.471238 0.001933 
3163.304126 0.001839 
3162.137014 0.001682 
3160.969903 0.001553 
3159.802791 0.001339 
3158.635679 0.001219 
3157.468567 0.001044 
3156.301456 0.000852 
3155.134344 0.000741 
3153.967232 0.000611 
3152.800121 0.000448 
3151.633009 0.000298 
3150.465897 0.000284 
3149.298785 0.000205 
3148.131674 0.000165 
3146.964562 0.000071 
3145.797450 -0.000001 
3144.630338 0.000052 
3143.463227 0.000003 
3142.296115 -0.000112 
3141.129003 -0.000143 
3139.961891 -0.000074 
3138.794780 -0.000013 
3137.627668 -0.000014 
3136.460556 0.000150 
3135.293444 0.000321 
3134.126333 0.000608 
3132.959221 0.000996 
3131.792109 0.001471 
3130.624998 0.002070 
3129.457886 0.002669 
3128.290774 0.003428 
3127.123662 0.004272 
3125.956551 0.005265 
3124.789439 0.006316 
3123.622327 0.007253 
3122.455215 0.007789 
3121.288104 0.007730 
3120.120992 0.006838 
3118.953880 0.005402 
3117.786768 0.003950 
3116.619657 0.002843 
3115.452545 0.002061 
3114.285433 0.001426 
3113.118321 0.000932 
3111.951210 0.000645 
3110.784098 0.000441 
3109.616986 0.000183 
3108.449874 0.000121 
3107.282763 0.000091 
3106.115651 0.000108 
3104.948539 0.000103 
3103.781428 0.000229 
3102.614316 0.000518 
3101.447204 0.000874 
3100.280092 0.000997 
3099.112981 0.000838 
3097.945869 0.000508 
3096.778757 0.000232 
3095.611645 0.000100 
3094.444534 -0.000055 
3093.277422 -0.000141 
3092.110310 -0.000134 
3090.943198 -0.000132 
3089.776087 -0.000139 
3088.608975 -0.000096 
3087.441863 0.000002 
3086.274751 0.000019 
3085.107640 0.000046 
3083.940528 0.000136 
3082.773416 0.000214 
3081.606305 0.000227 
3080.439193 0.000174 
3079.272081 0.000161 
3078.104969 0.000119 
3076.937858 0.000096 
3075.770746 0.000162 
3074.603634 0.000164 
3073.436522 0.000220 
3072.269411 0.000263 
3071.102299 0.000300 
3069.935187 0.000272 
3068.768075 0.000262 
3067.600964 0.000198 
3066.433852 0.000094 
3065.266740 0.000070 
3064.099628 0.000068 
3062.932517 0.000057 
3061.765405 0.000080 
3060.598293 0.000135 
3059.431182 0.000162 
3058.264070 0.000236 
3057.096958 0.000317 
3055.929846 0.000317 
3054.762735 0.000359 
3053.595623 0.000406 
3052.428511 0.000448 
3051.261399 0.000506 
3050.094288 0.000542 
3048.927176 0.000610 
3047.760064 0.000658 
3046.592952 0.000721 
3045.425841 0.000745 
3044.258729 0.000848 
3043.091617 0.000920 
3041.924505 0.000953 
3040.757394 0.001048 
3039.590282 0.001126 
3038.423170 0.001135 
3037.256058 0.001093 
3036.088947 0.001060 
3034.921835 0.000950 
3033.754723 0.000787 
3032.587612 0.000729 
3031.420500 0.000517 
3030.253388 0.000350 
3029.086276 0.000204 
3027.919165 0.000076 
3026.752053 0.000067 
3025.584941 0.000050 
3024.417829 -0.000008 
3023.250718 -0.000009 
3022.083606 -0.000050 
3020.916494 0.000045 
3019.749382 0.000096 
3018.582271 0.000213 
3017.415159 0.000436 
3016.248047 0.000816 
3015.080935 0.001405 
3013.913824 0.002363 
3012.746712 0.003816 
3011.579600 0.005570 
3010.412489 0.007512 
3009.245377 0.010739 
3008.078265 0.016870 
3006.911153 0.029659 
3005.744042 0.057747 
3004.576930 0.108767 
3003.409818 0.162558 
3002.242706 0.156294 
3001.075595 0.104589 
2999.908483 0.063090 
2998.741371 0.039736 
2997.574259 0.027637 
2996.407148 0.020772 
2995.240036 0.016911 
2994.072924 0.014962 
2992.905812 0.013478 
2991.738701 0.011446 
2990.571589 0.009642 
2989.404477 0.008402 
2988.237366 0.007517 
2987.070254 0.006862 
2985.903142 0.006229 
2984.736030 0.005632 
2983.568919 0.005134 
2982.401807 0.004726 
2981.234695 0.004406 
2980.067583 0.004155 
2978.900472 0.003898 
2977.733360 0.003684 
2976.566248 0.003521 
2975.399136 0.003414 
2974.232025 0.003482 
2973.064913 0.003543 
2971.897801 0.003719 
2970.730689 0.004159 
2969.563578 0.005014 
2968.396466 0.006480 
2967.229354 0.009343 
2966.062243 0.013992 
2964.895131 0.019378 
2963.728019 0.021657 
2962.560907 0.019425 
2961.393796 0.016035 
2960.226684 0.012890 
2959.059572 0.009837 
2957.892460 0.007291 
2956.725349 0.005635 
2955.558237 0.004677 
2954.391125 0.004042 
2953.224013 0.003616 
2952.056902 0.003302 
2950.889790 0.003031 
2949.722678 0.002823 
2948.555566 0.002575 
2947.388455 0.002369 
2946.221343 0.002176 
2945.054231 0.002036 
2943.887119 0.001943 
2942.720008 0.001835 
2941.552896 0.001750 
2940.385784 0.001623 
2939.218673 0.001572 
2938.051561 0.001502 
2936.884449 0.001477 
2935.717337 0.001423 
2934.550226 0.001376 
2933.383114 0.001442 
2932.216002 0.001439 
2931.048890 0.001501 
2929.881779 0.001583 
2928.714667 0.001704 
2927.547555 0.001968 
2926.380443 0.002429 
2925.213332 0.003207 
2924.046220 0.004520 
2922.879108 0.007180 
2921.711996 0.012910 
2920.544885 0.026765 
2919.377773 0.054450 
2918.210661 0.081313 
2917.043550 0.074338 
2915.876438 0.048733 
2914.709326 0.029502 
2913.542214 0.019184 
2912.375103 0.013619 
2911.207991 0.010389 
2910.040879 0.008395 
2908.873767 0.007158 
2907.706656 0.006342 
2906.539544 0.005748 
2905.372432 0.005303 
2904.205320 0.005041 
2903.038209 0.004831 
2901.871097 0.004711 
2900.703985 0.004628 
2899.536873 0.004510 
2898.369762 0.004433 
2897.202650 0.004396 
2896.035538 0.004408 
2894.868427 0.004400 
2893.701315 0.004473 
2892.534203 0.004534 
2891.367091 0.004693 
2890.199980 0.004891 
2889.032868 0.005205 
2887.865756 0.005550 
2886.698644 0.006137 
2885.531533 0.006806 
2884.364421 0.007691 
2883.197309 0.008755 
2882.030197 0.010032 
2880.863086 0.011655 
2879.695974 0.013629 
2878.528862 0.016067 
2877.361750 0.019020 
2876.194639 0.022657 
2875.027527 0.026985 
2873.860415 0.032095 
2872.693303 0.037744 
2871.526192 0.043550 
2870.359080 0.048994 
2869.191968 0.053663 
2868.024857 0.057691 
2866.857745 0.061975 
2865.690633 0.067268 
2864.523521 0.074416 
2863.356410 0.084315 
2862.189298 0.098832 
2861.022186 0.120186 
2859.855074 0.150812 
2858.687963 0.192070 
2857.520851 0.239860 
2856.353739 0.283295 
2855.186627 0.308893 
2854.019516 0.306544 
2852.852404 0.279748 
2851.685292 0.242308 
2850.518180 0.205830 
2849.351069 0.176051 
2848.183957 0.154035 
2847.016845 0.137534 
2845.849734 0.125511 
2844.682622 0.117135 
2843.515510 0.111210 
2842.348398 0.105957 
2841.181287 0.099724 
2840.014175 0.092843 
2838.847063 0.086318 
2837.679951 0.081827 
2836.512840 0.081661 
2835.345728 0.084914 
2834.178616 0.086446 
2833.011504 0.085204 
2831.844393 0.082158 
2830.677281 0.077443 
2829.510169 0.074182 
2828.343057 0.074065 
2827.175946 0.077321 
2826.008834 0.084526 
2824.841722 0.094676 
2823.674611 0.103021 
2822.507499 0.101600 
2821.340387 0.088629 
2820.173275 0.071675 
2819.006164 0.058249 
2817.839052 0.049122 
2816.671940 0.042779 
2815.504828 0.038162 
2814.337717 0.034655 
2813.170605 0.031922 
2812.003493 0.029773 
2810.836381 0.027838 
2809.669270 0.026230 
2808.502158 0.025106 
2807.335046 0.024539 
2806.167934 0.024639 
2805.000823 0.025533 
2803.833711 0.027296 
2802.666599 0.029393 
2801.499488 0.031208 
2800.332376 0.032074 
2799.165264 0.031852 
2797.998152 0.030683 
2796.831041 0.028997 
2795.663929 0.027096 
2794.496817 0.025168 
2793.329705 0.023330 
2792.162594 0.021712 
2790.995482 0.020427 
2789.828370 0.019513 
2788.661258 0.018944 
2787.494147 0.018661 
2786.327035 0.018717 
2785.159923 0.018951 
2783.992811 0.019544 
2782.825700 0.020468 
2781.658588 0.021733 
2780.491476 0.023127 
2779.324364 0.024327 
2778.157253 0.025165 
2776.990141 0.025607 
2775.823029 0.025889 
2774.655918 0.026505 
2773.488806 0.027944 
2772.321694 0.030172 
2771.154582 0.032630 
2769.987471 0.035214 
2768.820359 0.038612 
2767.653247 0.044897 
2766.486135 0.058031 
2765.319024 0.084956 
2764.151912 0.130964 
2762.984800 0.184035 
2761.817688 0.212201 
2760.650577 0.211530 
2759.483465 0.200510 
2758.316353 0.189173 
2757.149241 0.177221 
2755.982130 0.163869 
2754.815018 0.150580 
2753.647906 0.139093 
2752.480795 0.131117 
2751.313683 0.129715 
2750.146571 0.138729 
2748.979459 0.159467 
2747.812348 0.183895 
2746.645236 0.196983 
2745.478124 0.191377 
2744.311012 0.175935 
2743.143901 0.158741 
2741.976789 0.143417 
2740.809677 0.131334 
2739.642565 0.122905 
2738.475454 0.116181 
2737.308342 0.107355 
2736.141230 0.093315 
2734.974118 0.075572 
2733.807007 0.059369 
2732.639895 0.047126 
2731.472783 0.038733 
2730.305672 0.032744 
2729.138560 0.028559 
2727.971448 0.025395 
2726.804336 0.023009 
2725.637225 0.021119 
2724.470113 0.019545 
2723.303001 0.018313 
2722.135889 0.017346 
2720.968778 0.016568 
2719.801666 0.015964 
2718.634554 0.015401 
2717.467442 0.014879 
2716.300331 0.014296 
2715.133219 0.013655 
2713.966107 0.013053 
2712.798995 0.012616 
2711.631884 0.012295 
2710.464772 0.012016 
2709.297660 0.011810 
2708.130548 0.011556 
2706.963437 0.011288 
2705.796325 0.011063 
2704.629213 0.010838 
2703.462102 0.010617 
2702.294990 0.010399 
2701.127878 0.010167 
2699.960766 0.009942 
2698.793655 0.009729 
2697.626543 0.009480 
2696.459431 0.009349 
2695.292319 0.009153 
2694.125208 0.008921 
2692.958096 0.008750 
2691.790984 0.008552 
2690.623872 0.008333 
2689.456761 0.008130 
2688.289649 0.007921 
2687.122537 0.007776 
2685.955425 0.007599 
2684.788314 0.007516 
2683.621202 0.007520 
2682.454090 0.007447 
2681.286979 0.007152 
2680.119867 0.006858 
2678.952755 0.006574 
2677.785643 0.006278 
2676.618532 0.006028 
2675.451420 0.005857 
2674.284308 0.005708 
2673.117196 0.005539 
2671.950085 0.005433 
2670.782973 0.005373 
2669.615861 0.005289 
2668.448749 0.005205 
2667.281638 0.005217 
2666.114526 0.005242 
2664.947414 0.005206 
2663.780302 0.005155 
2662.613191 0.005123 
2661.446079 0.005124 
2660.278967 0.005055 
2659.111856 0.005034 
2657.944744 0.004981 
2656.777632 0.004896 
2655.610520 0.004765 
2654.443409 0.004642 
2653.276297 0.004489 
2652.109185 0.004362 
2650.942073 0.004277 
2649.774962 0.004108 
2648.607850 0.003882 
2647.440738 0.003714 
2646.273626 0.003578 
2645.106515 0.003398 
2643.939403 0.003243 
2642.772291 0.003133 
2641.605179 0.003024 
2640.438068 0.002894 
2639.270956 0.002817 
2638.103844 0.002688 
2636.936733 0.002598 
2635.769621 0.002543 
2634.602509 0.002431 
2633.435397 0.002329 
2632.268286 0.002270 
2631.101174 0.002166 
2629.934062 0.002078 
2628.766950 0.002085 
2627.599839 0.002045 
2626.432727 0.002018 
2625.265615 0.001954 
2624.098503 0.001901 
2622.931392 0.001862 
2621.764280 0.001819 
2620.597168 0.001782 
2619.430056 0.001804 
2618.262945 0.001785 
2617.095833 0.001770 
2615.928721 0.001754 
2614.761609 0.001803 
2613.594498 0.001851 
2612.427386 0.001933 
2611.260274 0.002035 
2610.093163 0.002125 
2608.926051 0.002209 
2607.758939 0.002320 
2606.591827 0.002496 
2605.424716 0.002819 
2604.257604 0.003090 
2603.090492 0.003470 
2601.923380 0.004040 
2600.756269 0.004776 
2599.589157 0.005713 
2598.422045 0.006963 
2597.254933 0.008200 
2596.087822 0.008858 
2594.920710 0.008448 
2593.753598 0.007208 
2592.586486 0.005806 
2591.419375 0.004618 
2590.252263 0.003642 
2589.085151 0.002875 
2587.918040 0.002278 
2586.750928 0.001831 
2585.583816 0.001477 
2584.416704 0.001242 
2583.249593 0.001051 
2582.082481 0.000939 
2580.915369 0.000785 
2579.748257 0.000619 
2578.581146 0.000503 
2577.414034 0.000451 
2576.246922 0.000345 
2575.079810 0.000266 
2573.912699 0.000225 
2572.745587 0.000168 
2571.578475 0.000117 
2570.411363 0.000064 
2569.244252 0.000035 
2568.077140 -0.000027 
2566.910028 -0.000031 
2565.742917 -0.000043 
2564.575805 -0.000008 
2563.408693 0.000020 
2562.241581 0.000099 
2561.074470 0.000198 
2559.907358 0.000315 
2558.740246 0.000418 
2557.573134 0.000535 
2556.406023 0.000586 
2555.238911 0.000614 
2554.071799 0.000557 
2552.904687 0.000491 
2551.737576 0.000481 
2550.570464 0.000549 
2549.403352 0.000616 
2548.236240 0.000785 
2547.069129 0.001056 
2545.902017 0.001413 
2544.734905 0.001825 
2543.567794 0.002193 
2542.400682 0.002312 
2541.233570 0.002002 
2540.066458 0.001477 
2538.899347 0.001010 
2537.732235 0.000682 
2536.565123 0.000499 
2535.398011 0.000362 
2534.230900 0.000402 
2533.063788 0.000436 
2531.896676 0.000612 
2530.729564 0.000803 
2529.562453 0.001038 
2528.395341 0.001350 
2527.228229 0.001747 
2526.061117 0.002192 
2524.894006 0.002627 
2523.726894 0.002912 
2522.559782 0.002789 
2521.392670 0.002056 
2520.225559 0.001038 
2519.058447 0.000266 
2517.891335 -0.000160 
2516.724224 -0.000444 
2515.557112 -0.000562 
2514.390000 -0.000540 
2513.222888 -0.000528 
2512.055777 -0.000458 
2510.888665 -0.000368 
2509.721553 -0.000186 
2508.554441 -0.000076 
2507.387330 0.000017 
2506.220218 -0.000045 
2505.053106 -0.000246 
2503.885994 -0.000454 
2502.718883 -0.000621 
2501.551771 -0.000691 
2500.384659 -0.000690 
2499.217547 -0.000628 
2498.050436 -0.000552 
2496.883324 -0.000449 
2495.716212 -0.000339 
2494.549101 -0.000243 
2493.381989 -0.000171 
2492.214877 -0.000077 
2491.047765 0.000056 
2489.880654 0.000237 
2488.713542 0.000387 
2487.546430 0.000387 
2486.379318 0.000250 
2485.212207 0.000092 
2484.045095 -0.000150 
2482.877983 -0.000354 
2481.710871 -0.000482 
2480.543760 -0.000559 
2479.376648 -0.000495 
2478.209536 -0.000368 
2477.042424 -0.000199 
2475.875313 0.000017 
2474.708201 0.000266 
2473.541089 0.000546 
2472.373978 0.000849 
2471.206866 0.001227 
2470.039754 0.001822 
2468.872642 0.002958 
2467.705531 0.005447 
2466.538419 0.007078 
2465.371307 0.005376 
2464.204195 0.003711 
2463.037084 0.002214 
2461.869972 0.000992 
2460.702860 0.000523 
2459.535748 0.000478 
2458.368637 0.000589 
2457.201525 0.000824 
2456.034413 0.001071 
2454.867301 0.001300 
2453.700190 0.001307 
2452.533078 0.001348 
2451.365966 0.001584 
2450.198854 0.002120 
2449.031743 0.002915 
2447.864631 0.003436 
2446.697519 0.002667 
2445.530408 0.001274 
2444.363296 0.000485 
2443.196184 0.000204 
2442.029072 0.000097 
2440.861961 0.000006 
2439.694849 -0.000060 
2438.527737 -0.000115 
2437.360625 -0.000140 
2436.193514 -0.000122 
2435.026402 -0.000094 
2433.859290 -0.000048 
2432.692178 -0.000032 
2431.525067 -0.000092 
2430.357955 -0.000088 
2429.190843 -0.000102 
2428.023731 -0.000100 
2426.856620 -0.000073 
2425.689508 -0.000071 
2424.522396 -0.000083 
2423.355285 -0.000068 
2422.188173 -0.000027 
2421.021061 -0.000006 
2419.853949 -0.000013 
2418.686838 0.000007 
2417.519726 0.000057 
2416.352614 0.000042 
2415.185502 0.000033 
2414.018391 0.000033 
2412.851279 0.000071 
2411.684167 0.000089 
2410.517055 0.000092 
2409.349944 0.000108 
2408.182832 0.000104 
2407.015720 0.000087 
2405.848608 0.000069 
2404.681497 0.000050 
2403.514385 0.000064 
2402.347273 0.000092 
2401.180162 0.000083 
2400.013050 0.000087 
2398.845938 0.000088 
2397.678826 0.000081 
2396.511715 0.000126 
2395.344603 0.000152 
2394.177491 0.000142 
2393.010379 0.000135 
2391.843268 0.000160 
2390.676156 0.000188 
2389.509044 0.000184 
2388.341932 0.000169 
2387.174821 0.000169 
2386.007709 0.000143 
2384.840597 0.000129 
2383.673485 0.000078 
2382.506374 0.000067 
2381.339262 0.000088 
2380.172150 0.000072 
2379.005039 0.000030 
2377.837927 0.000017 
2376.670815 0.000013 
2375.503703 -0.000044 
2374.336592 -0.000044 
2373.169480 -0.000065 
2372.002368 -0.000147 
2370.835256 -0.000178 
2369.668145 -0.000169 
2368.501033 -0.000202 
2367.333921 -0.000208 
2366.166809 -0.000252 
2364.999698 -0.000320 
2363.832586 -0.000335 
2362.665474 -0.000325 
2361.498362 -0.000342 
2360.331251 -0.000334 
2359.164139 -0.000344 
2357.997027 -0.000324 
2356.829915 -0.000312 
2355.662804 -0.000311 
2354.495692 -0.000283 
2353.328580 -0.000244 
2352.161469 -0.000183 
2350.994357 -0.000169 
2349.827245 -0.000103 
2348.660133 -0.000123 
2347.493022 -0.000173 
2346.325910 -0.000212 
2345.158798 -0.000127 
2343.991686 0.000106 
2342.824575 0.000745 
2341.657463 0.001741 
2340.490351 0.001721 
2339.323239 0.000990 
2338.156128 0.001289 
2336.989016 0.003602 
2335.821904 0.004225 
2334.654792 0.000662 
2333.487681 0.000129 
2332.320569 0.000141 
2331.153457 0.000204 
2329.986346 0.000225 
2328.819234 0.000252 
2327.652122 0.000348 
2326.485010 0.000381 
2325.317899 0.000454 
2324.150787 0.000530 
2322.983675 0.000537 
2321.816563 0.000525 
2320.649452 0.000496 
2319.482340 0.000508 
2318.315228 0.000447 
2317.148116 0.000389 
2315.981005 0.000407 
2314.813893 0.000429 
2313.646781 0.000421 
2312.479669 0.000383 
2311.312558 0.000351 
2310.145446 0.000365 
2308.978334 0.000323 
2307.811223 0.000272 
2306.644111 0.000235 
2305.476999 0.000208 
2304.309887 0.000154 
2303.142776 0.000093 
2301.975664 0.000009 
2300.808552 -0.000056 
2299.641440 -0.000059 
2298.474329 -0.000091 
2297.307217 -0.000092 
2296.140105 -0.000113 
2294.972993 -0.000090 
2293.805882 -0.000104 
2292.638770 -0.000062 
2291.471658 -0.000031 
2290.304546 -0.000006 
2289.137435 0.000002 
2287.970323 -0.000005 
2286.803211 -0.000006 
2285.636099 -0.000010 
2284.468988 -0.000037 
2283.301876 -0.000097 
2282.134764 -0.000085 
2280.967653 -0.000119 
2279.800541 -0.000110 
2278.633429 -0.000079 
2277.466317 -0.000021 
2276.299206 -0.000033 
2275.132094 -0.000012 
2273.964982 0.000001 
2272.797870 0.000077 
2271.630759 0.000159 
2270.463647 0.000194 
2269.296535 0.000126 
2268.129423 0.000100 
2266.962312 0.000084 
2265.795200 -0.000006 
2264.628088 -0.000034 
2263.460976 -0.000083 
2262.293865 -0.000104 
2261.126753 -0.000157 
2259.959641 -0.000117 
2258.792530 -0.000146 
2257.625418 -0.000106 
2256.458306 -0.000085 
2255.291194 -0.000062 
2254.124083 -0.000023 
2252.956971 0.000075 
2251.789859 0.000204 
2250.622747 0.000417 
2249.455636 0.000692 
2248.288524 0.001049 
2247.121412 0.001470 
2245.954300 0.001910 
2244.787189 0.002477 
2243.620077 0.003177 
2242.452965 0.003927 
2241.285853 0.004733 
2240.118742 0.005758 
2238.951630 0.006902 
2237.784518 0.008158 
2236.617407 0.009306 
2235.450295 0.010086 
2234.283183 0.010391 
2233.116071 0.010169 
2231.948960 0.009556 
2230.781848 0.008885 
2229.614736 0.007810 
2228.447624 0.006249 
2227.280513 0.004706 
2226.113401 0.003436 
2224.946289 0.002509 
2223.779177 0.001853 
2222.612066 0.001418 
2221.444954 0.001112 
2220.277842 0.000929 
2219.110730 0.000736 
2217.943619 0.000556 
2216.776507 0.000415 
2215.609395 0.000365 
2214.442284 0.000337 
2213.275172 0.000413 
2212.108060 0.000503 
2210.940948 0.000505 
2209.773837 0.000494 
2208.606725 0.000529 
2207.439613 0.000638 
2206.272501 0.000711 
2205.105390 0.000866 
2203.938278 0.001002 
2202.771166 0.001310 
2201.604054 0.002149 
2200.436943 0.003470 
2199.269831 0.003370 
2198.102719 0.002430 
2196.935607 0.001846 
2195.768496 0.001623 
2194.601384 0.001503 
2193.434272 0.001367 
2192.267160 0.001205 
2191.100049 0.000977 
2189.932937 0.000739 
2188.765825 0.000575 
2187.598714 0.000494 
2186.431602 0.000359 
2185.264490 0.000296 
2184.097378 0.000238 
2182.930267 0.000191 
2181.763155 0.000180 
2180.596043 0.000204 
2179.428931 0.000182 
2178.261820 0.000202 
2177.094708 0.000243 
2175.927596 0.000264 
2174.760484 0.000232 
2173.593373 0.000191 
2172.426261 0.000122 
2171.259149 0.000064 
2170.092037 0.000039 
2168.924926 -0.000000 
2167.757814 0.000046 
2166.590702 0.000059 
2165.423591 0.000060 
2164.256479 0.000051 
2163.089367 0.000107 
2161.922255 0.000135 
2160.755144 0.000098 
2159.588032 0.000090 
2158.420920 0.000095 
2157.253808 0.000067 
2156.086697 0.000051 
2154.919585 0.000033 
2153.752473 0.000006 
2152.585361 0.000001 
2151.418250 -0.000020 
2150.251138 -0.000038 
2149.084026 -0.000056 
2147.916914 -0.000052 
2146.749803 -0.000070 
2145.582691 -0.000056 
2144.415579 -0.000069 
2143.248468 -0.000054 
2142.081356 -0.000025 
2140.914244 0.000036 
2139.747132 0.000084 
2138.580021 0.000052 
2137.412909 0.000019 
2136.245797 0.000013 
2135.078685 0.000018 
2133.911574 0.000036 
2132.744462 0.000062 
2131.577350 0.000055 
2130.410238 0.000133 
2129.243127 0.000244 
2128.076015 0.000435 
2126.908903 0.000637 
2125.741791 0.000890 
2124.574680 0.001141 
2123.407568 0.001311 
2122.240456 0.001443 
2121.073344 0.001637 
2119.906233 0.001902 
2118.739121 0.002132 
2117.572009 0.002235 
2116.404898 0.002150 
2115.237786 0.001812 
2114.070674 0.001344 
2112.903562 0.001024 
2111.736451 0.000749 
2110.569339 0.000566 
2109.402227 0.000467 
2108.235115 0.000424 
2107.068004 0.000416 
2105.900892 0.000403 
2104.733780 0.000397 
2103.566668 0.000462 
2102.399557 0.000521 
2101.232445 0.000566 
2100.065333 0.000586 
2098.898221 0.000527 
2097.731110 0.000511 
2096.563998 0.000494 
2095.396886 0.000500 
2094.229775 0.000452 
2093.062663 0.000468 
2091.895551 0.000445 
2090.728439 0.000423 
2089.561328 0.000402 
2088.394216 0.000382 
2087.227104 0.000339 
2086.059992 0.000339 
2084.892881 0.000278 
2083.725769 0.000231 
2082.558657 0.000233 
2081.391545 0.000202 
2080.224434 0.000186 
2079.057322 0.000155 
2077.890210 0.000124 
2076.723098 0.000098 
2075.555987 0.000112 
2074.388875 0.000068 
2073.221763 0.000065 
2072.054652 0.000028 
2070.887540 0.000031 
2069.720428 0.000016 
2068.553316 0.000001 
2067.386205 -0.000040 
2066.219093 -0.000072 
2065.051981 -0.000094 
2063.884869 -0.000105 
2062.717758 -0.000114 
2061.550646 -0.000137 
2060.383534 -0.000137 
2059.216422 -0.000224 
2058.049311 -0.000237 
2056.882199 -0.000255 
2055.715087 -0.000256 
2054.547975 -0.000286 
2053.380864 -0.000288 
2052.213752 -0.000276 
2051.046640 -0.000256 
2049.879529 -0.000295 
2048.712417 -0.000291 
2047.545305 -0.000264 
2046.378193 -0.000270 
2045.211082 -0.000280 
2044.043970 -0.000308 
2042.876858 -0.000284 
2041.709746 -0.000316 
2040.542635 -0.000266 
2039.375523 -0.000261 
2038.208411 -0.000227 
2037.041299 -0.000237 
2035.874188 -0.000264 
2034.707076 -0.000275 
2033.539964 -0.000252 
2032.372852 -0.000248 
2031.205741 -0.000215 
2030.038629 -0.000191 
2028.871517 -0.000197 
2027.704405 -0.000184 
2026.537294 -0.000166 
2025.370182 -0.000098 
2024.203070 -0.000068 
2023.035959 -0.000030 
2021.868847 -0.000013 
2020.701735 0.000064 
2019.534623 0.000167 
2018.367512 0.000271 
2017.200400 0.000411 
2016.033288 0.000589 
2014.866176 0.000772 
2013.699065 0.001034 
2012.531953 0.001396 
2011.364841 0.001886 
2010.197729 0.002437 
2009.030618 0.003108 
2007.863506 0.003967 
2006.696394 0.004982 
2005.529282 0.006292 
2004.362171 0.007859 
2003.195059 0.009581 
2002.027947 0.011336 
2000.860836 0.012831 
1999.693724 0.013286 
1998.526612 0.012143 
1997.359500 0.009742 
1996.192389 0.007255 
1995.025277 0.005274 
1993.858165 0.003846 
1992.691053 0.002873 
1991.523942 0.002178 
1990.356830 0.001675 
1989.189718 0.001311 
1988.022606 0.001059 
1986.855495 0.000831 
1985.688383 0.000723 
1984.521271 0.000603 
1983.354159 0.000553 
1982.187048 0.000491 
1981.019936 0.000385 
1979.852824 0.000253 
1978.685713 0.000139 
1977.518601 0.000019 
1976.351489 -0.000061 
1975.184377 -0.000140 
1974.017266 -0.000189 
1972.850154 -0.000233 
1971.683042 -0.000267 
1970.515930 -0.000271 
1969.348819 -0.000297 
1968.181707 -0.000268 
1967.014595 -0.000240 
1965.847483 -0.000184 
1964.680372 -0.000131 
1963.513260 0.000002 
1962.346148 0.000069 
1961.179036 0.000177 
1960.011925 0.000212 
1958.844813 0.000262 
1957.677701 0.000245 
1956.510589 0.000248 
1955.343478 0.000227 
1954.176366 0.000185 
1953.009254 0.000143 
1951.842143 0.000119 
1950.675031 0.000081 
1949.507919 0.000011 
1948.340807 0.000021 
1947.173696 -0.000003 
1946.006584 -0.000004 
1944.839472 -0.000050 
1943.672360 -0.000041 
1942.505249 -0.000062 
1941.338137 -0.000072 
1940.171025 -0.000114 
1939.003913 -0.000125 
1937.836802 -0.000140 
1936.669690 -0.000158 
1935.502578 -0.000134 
1934.335466 -0.000093 
1933.168355 -0.000049 
1932.001243 0.000001 
1930.834131 0.000075 
1929.667020 0.000127 
1928.499908 0.000232 
1927.332796 0.000325 
1926.165684 0.000406 
1924.998573 0.000479 
1923.831461 0.000556 
1922.664349 0.000575 
1921.497237 0.000555 
1920.330126 0.000531 
1919.163014 0.000431 
1917.995902 0.000389 
1916.828790 0.000258 
1915.661679 0.000186 
1914.494567 0.000113 
1913.327455 0.000071 
1912.160343 0.000023 
1910.993232 0.000027 
1909.826120 0.000003 
1908.659008 0.000009 
1907.491897 0.000008 
1906.324785 0.000024 
1905.157673 0.000044 
1903.990561 0.000027 
1902.823450 -0.000012 
1901.656338 -0.000016 
1900.489226 -0.000024 
1899.322114 -0.000036 
1898.155003 -0.000000 
1896.987891 0.000019 
1895.820779 0.000099 
1894.653667 0.000182 
1893.486556 0.000297 
1892.319444 0.000414 
1891.152332 0.000507 
1889.985220 0.000535 
1888.818109 0.000520 
1887.650997 0.000396 
1886.483885 0.000306 
1885.316774 0.000174 
1884.149662 0.000116 
1882.982550 0.000077 
1881.815438 0.000026 
1880.648327 0.000005 
1879.481215 -0.000009 
1878.314103 0.000007 
1877.146991 0.000038 
1875.979880 0.000179 
1874.812768 0.000302 
1873.645656 0.000472 
1872.478544 0.000564 
1871.311433 0.000597 
1870.144321 0.000720 
1868.977209 0.001053 
1867.810097 0.001400 
1866.642986 0.001645 
1865.475874 0.001654 
1864.308762 0.001575 
1863.141650 0.001426 
1861.974539 0.001349 
1860.807427 0.001289 
1859.640315 0.001277 
1858.473204 0.001322 
1857.306092 0.001353 
1856.138980 0.001416 
1854.971868 0.001460 
1853.804757 0.001510 
1852.637645 0.001575 
1851.470533 0.001615 
1850.303421 0.001607 
1849.136310 0.001665 
1847.969198 0.001676 
1846.802086 0.001646 
1845.634974 0.001640 
1844.467863 0.001710 
1843.300751 0.001610 
1842.133639 0.001458 
1840.966527 0.001341 
1839.799416 0.001186 
1838.632304 0.001087 
1837.465192 0.000939 
1836.298081 0.000796 
1835.130969 0.000622 
1833.963857 0.000511 
1832.796745 0.000383 
1831.629634 0.000286 
1830.462522 0.000237 
1829.295410 0.000135 
1828.128298 0.000056 
1826.961187 -0.000007 
1825.794075 -0.000010 
1824.626963 0.000017 
1823.459851 0.000003 
1822.292740 0.000066 
1821.125628 0.000139 
1819.958516 0.000208 
1818.791404 0.000254 
1817.624293 0.000264 
1816.457181 0.000315 
1815.290069 0.000356 
1814.122958 0.000418 
1812.955846 0.000446 
1811.788734 0.000506 
1810.621622 0.000553 
1809.454511 0.000563 
1808.287399 0.000574 
1807.120287 0.000562 
1805.953175 0.000565 
1804.786064 0.000600 
1803.618952 0.000732 
1802.451840 0.000896 
1801.284728 0.001132 
1800.117617 0.001407 
1798.950505 0.001796 
1797.783393 0.002204 
1796.616281 0.002777 
1795.449170 0.003482 
1794.282058 0.004376 
1793.114946 0.005448 
1791.947835 0.006590 
1790.780723 0.007826 
1789.613611 0.009254 
1788.446499 0.011016 
1787.279388 0.013116 
1786.112276 0.015603 
1784.945164 0.018576 
1783.778052 0.022100 
1782.610941 0.026243 
1781.443829 0.031126 
1780.276717 0.036649 
1779.109605 0.042811 
1777.942494 0.049400 
1776.775382 0.056139 
1775.608270 0.062688 
1774.441158 0.068825 
1773.274047 0.074372 
1772.106935 0.079141 
1770.939823 0.082738 
1769.772711 0.085095 
1768.605600 0.085785 
1767.438488 0.084391 
1766.271376 0.080635 
1765.104265 0.074775 
1763.937153 0.067417 
1762.770041 0.059421 
1761.602929 0.051674 
1760.435818 0.044465 
1759.268706 0.038359 
1758.101594 0.033389 
1756.934482 0.029508 
1755.767371 0.026516 
1754.600259 0.024454 
1753.433147 0.023213 
1752.266035 0.022698 
1751.098924 0.022673 
1749.931812 0.022626 
1748.764700 0.022909 
1747.597588 0.023454 
1746.430477 0.024656 
1745.263365 0.026659 
1744.096253 0.029837 
1742.929142 0.034345 
1741.762030 0.040761 
1740.594918 0.049739 
1739.427806 0.062459 
1738.260695 0.080750 
1737.093583 0.107776 
1735.926471 0.148994 
1734.759359 0.209262 
1733.592248 0.284658 
1732.425136 0.353377 
1731.258024 0.414474 
1730.090912 0.476880 
1728.923801 0.545664 
1727.756689 0.614457 
1726.589577 0.679171 
1725.422465 0.754586 
1724.255354 0.821495 
1723.088242 0.847114 
1721.921130 0.850926 
1720.754019 0.861694 
1719.586907 0.915326 
1718.419795 1.000000 
1717.252683 0.979900 
1716.085572 0.873881 
1714.918460 0.808790 
1713.751348 0.748178 
1712.584236 0.647628 
1711.417125 0.511269 
1710.250013 0.393133 
1709.082901 0.293338 
1707.915789 0.225373 
1706.748678 0.180917 
1705.581566 0.152320 
1704.414454 0.131451 
1703.247342 0.112795 
1702.080231 0.099033 
1700.913119 0.088529 
1699.746007 0.079978 
1698.578895 0.072387 
1697.411784 0.066145 
1696.244672 0.061081 
1695.077560 0.056469 
1693.910449 0.052734 
1692.743337 0.052591 
1691.576225 0.059704 
1690.409113 0.054864 
1689.242002 0.045058 
1688.074890 0.040477 
1686.907778 0.038979 
1685.740666 0.040970 
1684.573555 0.056931 
1683.406443 0.099158 
1682.239331 0.094263 
1681.072219 0.058193 
1679.905108 0.041719 
1678.737996 0.037248 
1677.570884 0.036706 
1676.403772 0.031913 
1675.236661 0.028108 
1674.069549 0.025746 
1672.902437 0.024072 
1671.735326 0.022757 
1670.568214 0.021495 
1669.401102 0.020503 
1668.233990 0.019417 
1667.066879 0.018461 
1665.899767 0.017652 
1664.732655 0.016939 
1663.565543 0.016253 
1662.398432 0.015689 
1661.231320 0.015065 
1660.064208 0.014584 
1658.897096 0.014197 
1657.729985 0.013844 
1656.562873 0.013599 
1655.395761 0.013480 
1654.228649 0.013544 
1653.061538 0.013765 
1651.894426 0.013547 
1650.727314 0.013064 
1649.560203 0.012856 
1648.393091 0.012763 
1647.225979 0.012913 
1646.058867 0.013492 
1644.891756 0.014579 
1643.724644 0.016645 
1642.557532 0.019801 
1641.390420 0.023591 
1640.223309 0.027156 
1639.056197 0.030011 
1637.889085 0.031966 
1636.721973 0.032238 
1635.554862 0.031332 
1634.387750 0.029428 
1633.220638 0.025967 
1632.053526 0.021574 
1630.886415 0.018245 
1629.719303 0.016372 
1628.552191 0.015218 
1627.385080 0.014398 
1626.217968 0.013582 
1625.050856 0.012903 
1623.883744 0.012248 
1622.716633 0.011538 
1621.549521 0.011036 
1620.382409 0.010735 
1619.215297 0.010440 
1618.048186 0.009841 
1616.881074 0.009326 
1615.713962 0.008486 
1614.546850 0.007900 
1613.379739 0.007517 
1612.212627 0.007221 
1611.045515 0.006950 
1609.878403 0.006758 
1608.711292 0.006600 
1607.544180 0.006466 
1606.377068 0.006332 
1605.209956 0.006218 
1604.042845 0.006085 
1602.875733 0.005932 
1601.708621 0.005824 
1600.541510 0.005660 
1599.374398 0.005490 
1598.207286 0.005282 
1597.040174 0.005118 
1595.873063 0.004872 
1594.705951 0.004632 
1593.538839 0.004366 
1592.371727 0.004112 
1591.204616 0.003822 
1590.037504 0.003562 
1588.870392 0.003273 
1587.703280 0.002989 
1586.536169 0.002723 
1585.369057 0.002446 
1584.201945 0.002168 
1583.034833 0.001901 
1581.867722 0.001675 
1580.700610 0.001448 
1579.533498 0.001251 
1578.366387 0.001019 
1577.199275 0.000958 
1576.032163 0.001018 
1574.865051 0.000645 
1573.697940 0.000393 
1572.530828 0.000284 
1571.363716 0.000191 
1570.196604 0.000235 
1569.029493 0.000166 
1567.862381 0.000039 
1566.695269 -0.000000 
1565.528157 0.000016 
1564.361046 0.000046 
1563.193934 -0.000008 
1562.026822 0.000007 
1560.859710 0.000182 
1559.692599 0.000417 
1558.525487 0.000461 
1557.358375 0.000399 
1556.191264 0.000225 
1555.024152 0.000364 
1553.857040 0.000602 
1552.689928 0.000846 
1551.522817 0.001401 
1550.355705 0.002346 
1549.188593 0.003774 
1548.021481 0.005921 
1546.854370 0.008756 
1545.687258 0.011546 
1544.520146 0.013113 
1543.353034 0.013196 
1542.185923 0.012557 
1541.018811 0.011275 
1539.851699 0.009913 
1538.684587 0.008317 
1537.517476 0.006620 
1536.350364 0.005249 
1535.183252 0.004184 
1534.016140 0.003433 
1532.849029 0.002765 
1531.681917 0.002209 
1530.514805 0.001837 
1529.347694 0.001605 
1528.180582 0.001415 
1527.013470 0.001237 
1525.846358 0.001118 
1524.679247 0.001012 
1523.512135 0.000872 
1522.345023 0.001041 
1521.177911 0.001229 
1520.010800 0.001190 
1518.843688 0.001101 
1517.676576 0.001220 
1516.509464 0.001250 
1515.342353 0.001279 
1514.175241 0.001344 
1513.008129 0.001357 
1511.841017 0.001432 
1510.673906 0.001467 
1509.506794 0.001577 
1508.339682 0.001671 
1507.172571 0.001902 
1506.005459 0.001970 
1504.838347 0.001894 
1503.671235 0.001798 
1502.504124 0.001859 
1501.337012 0.001893 
1500.169900 0.001956 
1499.002788 0.002020 
1497.835677 0.001981 
1496.668565 0.002022 
1495.501453 0.001969 
1494.334341 0.001777 
1493.167230 0.001700 
1492.000118 0.001656 
1490.833006 0.001614 
1489.665894 0.001536 
1488.498783 0.001400 
1487.331671 0.001323 
1486.164559 0.001164 
1484.997448 0.001112 
1483.830336 0.001017 
1482.663224 0.000981 
1481.496112 0.000934 
1480.329001 0.000916 
1479.161889 0.000856 
1477.994777 0.000819 
1476.827665 0.000829 
1475.660554 0.000801 
1474.493442 0.000734 
1473.326330 0.000801 
1472.159218 0.000762 
1470.992107 0.000631 
1469.824995 0.000541 
1468.657883 0.000469 
1467.490771 0.000430 
1466.323660 0.000360 
1465.156548 0.000428 
1463.989436 0.000341 
1462.822325 0.000252 
1461.655213 0.000197 
1460.488101 0.000169 
1459.320989 0.000161 
1458.153878 0.000197 
1456.986766 0.000359 
1455.819654 0.000171 
1454.652542 0.000014 
1453.485431 -0.000027 
1452.318319 0.000031 
1451.151207 0.000081 
1449.984095 0.000194 
1448.816984 0.000364 
1447.649872 0.000657 
1446.482760 0.000966 
1445.315648 0.001529 
1444.148537 0.002334 
1442.981425 0.003568 
1441.814313 0.005274 
1440.647201 0.007638 
1439.480090 0.011255 
1438.312978 0.016893 
1437.145866 0.025986 
1435.978755 0.041760 
1434.811643 0.069732 
1433.644531 0.121434 
1432.477419 0.202560 
1431.310308 0.285254 
1430.143196 0.310427 
1428.976084 0.279768 
1427.808972 0.238082 
1426.641861 0.203310 
1425.474749 0.199923 
1424.307637 0.224793 
1423.140525 0.247050 
1421.973414 0.241277 
1420.806302 0.201204 
1419.639190 0.148581 
1418.472078 0.108184 
1417.304967 0.084271 
1416.137855 0.072818 
1414.970743 0.069489 
1413.803632 0.065868 
1412.636520 0.059676 
1411.469408 0.057841 
1410.302296 0.064403 
1409.135185 0.082264 
1407.968073 0.110440 
1406.800961 0.133373 
1405.633849 0.131105 
1404.466738 0.115331 
1403.299626 0.092743 
1402.132514 0.069521 
1400.965402 0.054577 
1399.798291 0.047860 
1398.631179 0.046153 
1397.464067 0.048560 
1396.296955 0.055179 
1395.129844 0.066570 
1393.962732 0.080594 
1392.795620 0.093554 
1391.628509 0.106963 
1390.461397 0.121723 
1389.294285 0.122984 
1388.127173 0.100633 
1386.960062 0.071078 
1385.792950 0.049348 
1384.625838 0.035467 
1383.458726 0.026866 
1382.291615 0.021279 
1381.124503 0.017521 
1379.957391 0.014704 
1378.790279 0.012411 
1377.623168 0.010642 
1376.456056 0.009248 
1375.288944 0.008286 
1374.121832 0.007483 
1372.954721 0.006879 
1371.787609 0.006383 
1370.620497 0.006043 
1369.453385 0.005774 
1368.286274 0.005596 
1367.119162 0.005437 
1365.952050 0.005420 
1364.784939 0.005561 
1363.617827 0.005951 
1362.450715 0.006669 
1361.283603 0.008046 
1360.116492 0.010721 
1358.949380 0.015990 
1357.782268 0.025284 
1356.615156 0.045144 
1355.448045 0.092895 
1354.280933 0.176375 
1353.113821 0.255615 
1351.946709 0.278468 
1350.779598 0.282323 
1349.612486 0.373780 
1348.445374 0.542434 
1347.278262 0.501114 
1346.111151 0.377913 
1344.944039 0.228802 
1343.776927 0.120570 
1342.609816 0.070356 
1341.442704 0.051506 
1340.275592 0.048829 
1339.108480 0.040576 
1337.941369 0.027707 
1336.774257 0.020304 
1335.607145 0.016187 
1334.440033 0.013684 
1333.272922 0.012010 
1332.105810 0.010711 
1330.938698 0.009727 
1329.771586 0.008933 
1328.604475 0.008310 
1327.437363 0.007786 
1326.270251 0.007383 
1325.103139 0.007079 
1323.936028 0.006783 
1322.768916 0.006552 
1321.601804 0.006337 
1320.434693 0.006243 
1319.267581 0.006148 
1318.100469 0.006107 
1316.933357 0.006037 
1315.766246 0.006078 
1314.599134 0.006100 
1313.432022 0.006206 
1312.264910 0.006330 
1311.097799 0.006455 
1309.930687 0.006601 
1308.763575 0.006787 
1307.596463 0.006976 
1306.429352 0.007112 
1305.262240 0.007205 
1304.095128 0.007260 
1302.928016 0.007246 
1301.760905 0.007127 
1300.593793 0.006973 
1299.426681 0.006659 
1298.259570 0.006285 
1297.092458 0.005840 
1295.925346 0.005419 
1294.758234 0.005000 
1293.591123 0.004620 
1292.424011 0.004138 
1291.256899 0.003706 
1290.089787 0.003312 
1288.922676 0.002997 
1287.755564 0.002736 
1286.588452 0.002429 
1285.421340 0.002157 
1284.254229 0.001907 
1283.087117 0.001729 
1281.920005 0.001566 
1280.752893 0.001404 
1279.585782 0.001245 
1278.418670 0.001164 
1277.251558 0.001058 
1276.084446 0.000984 
1274.917335 0.000915 
1273.750223 0.000834 
1272.583111 0.000783 
1271.416000 0.000701 
1270.248888 0.000625 
1269.081776 0.000562 
1267.914664 0.000520 
1266.747553 0.000426 
1265.580441 0.000382 
1264.413329 0.000324 
1263.246217 0.000265 
1262.079106 0.000152 
1260.911994 0.000127 
1259.744882 0.000086 
1258.577770 0.000040 
1257.410659 0.000010 
1256.243547 0.000006 
1255.076435 -0.000021 
1253.909323 0.000003 
1252.742212 -0.000021 
1251.575100 -0.000046 
1250.407988 -0.000060 
1249.240877 -0.000035 
1248.073765 -0.000019 
1246.906653 -0.000035 
1245.739541 0.000022 
1244.572430 0.000009 
1243.405318 0.000064 
1242.238206 0.000039 
1241.071094 0.000020 
1239.903983 -0.000027 
1238.736871 -0.000014 
1237.569759 -0.000010 
1236.402647 0.000026 
1235.235536 -0.000003 
1234.068424 -0.000008 
1232.901312 0.000010 
1231.734200 0.000010 
1230.567089 0.000060 
1229.399977 0.000075 
1228.232865 0.000100 
1227.065754 0.000074 
1225.898642 0.000091 
1224.731530 0.000020 
1223.564418 0.000075 
1222.397307 0.000091 
1221.230195 0.000102 
1220.063083 0.000065 
1218.895971 0.000073 
1217.728860 0.000084 
1216.561748 0.000075 
1215.394636 0.000096 
1214.227524 0.000129 
1213.060413 0.000134 
1211.893301 0.000065 
1210.726189 0.000090 
1209.559077 0.000065 
1208.391966 0.000046 
1207.224854 -0.000002 
1206.057742 0.000005 
1204.890630 -0.000034 
1203.723519 -0.000039 
1202.556407 -0.000058 
1201.389295 -0.000056 
1200.222184 -0.000077 
1199.055072 -0.000065 
1197.887960 -0.000052 
1196.720848 -0.000089 
1195.553737 -0.000112 
1194.386625 -0.000121 
1193.219513 -0.000113 
1192.052401 -0.000155 
1190.885290 -0.000134 
1189.718178 -0.000143 
1188.551066 -0.000153 
1187.383954 -0.000167 
1186.216843 -0.000185 
1185.049731 -0.000227 
1183.882619 -0.000202 
1182.715507 -0.000198 
1181.548396 -0.000149 
1180.381284 -0.000166 
1179.214172 -0.000152 
1178.047061 -0.000169 
1176.879949 -0.000216 
1175.712837 -0.000258 
1174.545725 -0.000316 
1173.378614 -0.000332 
1172.211502 -0.000373 
1171.044390 -0.000357 
1169.877278 -0.000426 
1168.710167 -0.000477 
1167.543055 -0.000571 
1166.375943 -0.000615 
1165.208831 -0.000678 
1164.041720 -0.000768 
1162.874608 -0.000824 
1161.707496 -0.000892 
1160.540384 -0.000958 
1159.373273 -0.001050 
1158.206161 -0.001140 
1157.039049 -0.001256 
1155.871938 -0.001363 
1154.704826 -0.001500 
1153.537714 -0.001624 
1152.370602 -0.001722 
1151.203491 -0.001820 
1150.036379 -0.001918 
1148.869267 -0.002006 
1147.702155 -0.002193 
1146.535044 -0.002291 
1145.367932 -0.002395 
1144.200820 -0.002502 
1143.033708 -0.002668 
1141.866597 -0.002809 
1140.699485 -0.002970 
1139.532373 -0.003109 
1138.365261 -0.003199 
1137.198150 -0.003301 
1136.031038 -0.003341 
1134.863926 -0.003345 
1133.696815 -0.003195 
1132.529703 -0.002840 
1131.362591 -0.002081 
1130.195479 -0.000727 
1129.028368 0.001800 
1127.861256 0.006736 
1126.694144 0.017225 
1125.527032 0.043949 
1124.359921 0.107483 
1123.192809 0.208347 
1122.025697 0.298800 
1120.858585 0.337986 
1119.691474 0.362258 
1118.524362 0.411289 
1117.357250 0.247321 
1116.190138 0.097523 
1115.023027 0.049684 
1113.855915 0.033689 
1112.688803 0.027237 
1111.521691 0.028179 
1110.354580 0.027409 
1109.187468 0.019569 
1108.020356 0.017162 
1106.853245 0.020040 
1105.686133 0.022089 
1104.519021 0.022031 
1103.351909 0.040264 
1102.184798 0.048386 
1101.017686 0.026813 
1099.850574 0.013972 
1098.683462 0.009990 
1097.516351 0.008685 
1096.349239 0.008157 
1095.182127 0.007142 
1094.015015 0.006411 
1092.847904 0.005926 
1091.680792 0.005585 
1090.513680 0.005379 
1089.346568 0.005439 
1088.179457 0.005102 
1087.012345 0.004618 
1085.845233 0.004350 
1084.678122 0.004161 
1083.511010 0.003981 
1082.343898 0.003824 
1081.176786 0.003653 
1080.009675 0.003478 
1078.842563 0.003323 
1077.675451 0.003172 
1076.508339 0.003088 
1075.341228 0.002929 
1074.174116 0.002767 
1073.007004 0.002603 
1071.839892 0.002467 
1070.672781 0.002349 
1069.505669 0.002230 
1068.338557 0.002131 
1067.171445 0.002041 
1066.004334 0.001928 
1064.837222 0.001876 
1063.670110 0.001780 
1062.502999 0.001664 
1061.335887 0.001630 
1060.168775 0.001541 
1059.001663 0.001486 
1057.834552 0.001376 
1056.667440 0.001319 
1055.500328 0.001277 
1054.333216 0.001254 
1053.166105 0.001211 
1051.998993 0.001175 
1050.831881 0.001098 
1049.664769 0.001091 
1048.497658 0.001075 
1047.330546 0.001081 
1046.163434 0.001160 
1044.996322 0.001404 
1043.829211 0.001882 
1042.662099 0.002519 
1041.494987 0.003280 
1040.327875 0.003954 
1039.160764 0.004304 
1037.993652 0.004018 
1036.826540 0.003443 
1035.659429 0.002750 
1034.492317 0.002203 
1033.325205 0.001801 
1032.158093 0.001423 
1030.990982 0.001068 
1029.823870 0.000851 
1028.656758 0.000678 
1027.489646 0.000534 
1026.322535 0.000447 
1025.155423 0.000332 
1023.988311 0.000258 
1022.821199 0.000197 
1021.654088 0.000167 
1020.486976 0.000105 
1019.319864 0.000113 
1018.152752 0.000047 
1016.985641 0.000062 
1015.818529 0.000021 
1014.651417 -0.000001 
1013.484306 0.000004 
1012.317194 -0.000021 
1011.150082 -0.000038 
1009.982970 -0.000019 
1008.815859 -0.000021 
1007.648747 -0.000060 
1006.481635 -0.000012 
1005.314523 -0.000002 
1004.147412 0.000030 
1002.980300 0.000065 
1001.813188 0.000102 
1000.646076 0.000125 
999.478965 0.000176 
998.311853 0.000227 
997.144741 0.000271 
995.977629 0.000295 
994.810518 0.000406 
993.643406 0.000500 
992.476294 0.000676 
991.309183 0.000773 
990.142071 0.000841 
988.974959 0.000976 
987.807847 0.001151 
986.640736 0.001377 
985.473624 0.001596 
984.306512 0.001888 
983.139400 0.002136 
981.972289 0.002394 
980.805177 0.002572 
979.638065 0.002786 
978.470953 0.002954 
977.303842 0.003085 
976.136730 0.003114 
974.969618 0.003131 
973.802506 0.003109 
972.635395 0.002993 
971.468283 0.002878 
970.301171 0.002698 
969.134060 0.002523 
967.966948 0.002351 
966.799836 0.002171 
965.632724 0.001948 
964.465613 0.001768 
963.298501 0.001552 
962.131389 0.001417 
960.964277 0.001233 
959.797166 0.001108 
958.630054 0.001011 
957.462942 0.000936 
956.295830 0.000790 
955.128719 0.000649 
953.961607 0.000537 
952.794495 0.000487 
951.627383 0.000479 
950.460272 0.000392 
949.293160 0.000322 
948.126048 0.000246 
946.958936 0.000298 
945.791825 0.000281 
944.624713 0.000242 
943.457601 0.000160 
942.290490 0.000146 
941.123378 0.000095 
939.956266 0.000072 
938.789154 0.000064 
937.622043 0.000038 
936.454931 0.000004 
935.287819 -0.000023 
934.120707 -0.000041 
932.953596 -0.000112 
931.786484 -0.000090 
930.619372 -0.000078 
929.452260 -0.000040 
928.285149 -0.000085 
927.118037 -0.000071 
925.950925 -0.000108 
924.783813 -0.000052 
923.616702 -0.000053 
922.449590 -0.000020 
921.282478 -0.000055 
920.115367 -0.000015 
918.948255 -0.000001 
917.781143 0.000046 
916.614031 0.000111 
915.446920 0.000163 
914.279808 0.000252 
913.112696 0.000252 
911.945584 0.000348 
910.778473 0.000456 
909.611361 0.000563 
908.444249 0.000604 
907.277137 0.000708 
906.110026 0.000830 
904.942914 0.000991 
903.775802 0.001223 
902.608690 0.001517 
901.441579 0.001811 
900.274467 0.002213 
899.107355 0.002726 
897.940244 0.003407 
896.773132 0.004358 
895.606020 0.005615 
894.438908 0.007422 
893.271797 0.009986 
892.104685 0.013619 
890.937573 0.018195 
889.770461 0.023044 
888.603350 0.026448 
887.436238 0.027770 
886.269126 0.028504 
885.102014 0.030747 
883.934903 0.034774 
882.767791 0.038147 
881.600679 0.036269 
880.433567 0.029600 
879.266456 0.022108 
878.099344 0.016207 
876.932232 0.012249 
875.765121 0.009631 
874.598009 0.007956 
873.430897 0.006704 
872.263785 0.005610 
871.096674 0.004635 
869.929562 0.003921 
868.762450 0.003395 
867.595338 0.003018 
866.428227 0.002679 
865.261115 0.002428 
864.094003 0.002235 
862.926891 0.002058 
861.759780 0.001924 
860.592668 0.001772 
859.425556 0.001660 
858.258444 0.001599 
857.091333 0.001526 
855.924221 0.001483 
854.757109 0.001452 
853.589997 0.001375 
852.422886 0.001290 
851.255774 0.001245 
850.088662 0.001215 
848.921551 0.001188 
847.754439 0.001169 
846.587327 0.001105 
845.420215 0.001108 
844.253104 0.001106 
843.085992 0.001132 
841.918880 0.001102 
840.751768 0.001057 
839.584657 0.001100 
838.417545 0.001103 
837.250433 0.001048 
836.083321 0.001008 
834.916210 0.000980 
833.749098 0.000873 
832.581986 0.000811 
831.414874 0.000821 
830.247763 0.000807 
829.080651 0.000731 
827.913539 0.000737 
826.746428 0.000788 
825.579316 0.000759 
824.412204 0.000731 
823.245092 0.000702 
822.077981 0.000691 
820.910869 0.000674 
819.743757 0.000727 
818.576645 0.000745 
817.409534 0.000722 
816.242422 0.000666 
815.075310 0.000734 
813.908198 0.000672 
812.741087 0.000628 
811.573975 0.000642 
810.406863 0.000592 
809.239751 0.000572 
808.072640 0.000519 
806.905528 0.000532 
805.738416 0.000516 
804.571305 0.000475 
803.404193 0.000396 
802.237081 0.000339 
801.069969 0.000298 
799.902858 0.000257 
798.735746 0.000194 
797.568634 0.000215 
796.401522 0.000103 
795.234411 0.000108 
794.067299 0.000085 
792.900187 0.000073 
791.733075 0.000098 
790.565964 0.000042 
789.398852 0.000019 
788.231740 -0.000014 
787.064628 0.000033 
785.897517 0.000091 
784.730405 0.000183 
783.563293 0.000305 
782.396181 0.000463 
781.229070 0.000675 
780.061958 0.001177 
778.894846 0.001958 
777.727735 0.003279 
776.560623 0.005752 
775.393511 0.010809 
774.226399 0.021596 
773.059288 0.043650 
771.892176 0.067879 
770.725064 0.069210 
769.557952 0.059894 
768.390841 0.045781 
767.223729 0.031870 
766.056617 0.024254 
764.889505 0.018455 
763.722394 0.012763 
762.555282 0.008934 
761.388170 0.006613 
760.221058 0.005168 
759.053947 0.004144 
757.886835 0.003440 
756.719723 0.002939 
755.552612 0.002485 
754.385500 0.002137 
753.218388 0.001868 
752.051276 0.001635 
750.884165 0.001449 
749.717053 0.001291 
748.549941 0.001091 
747.382829 0.000951 
746.215718 0.000833 
745.048606 0.000702 
743.881494 0.000657 
742.714382 0.000595 
741.547271 0.000442 
740.380159 0.000403 
739.213047 0.000318 
738.045935 0.000224 
736.878824 0.000200 
735.711712 0.000137 
734.544600 0.000156 
733.377489 0.000154 
732.210377 0.000069 
731.043265 0.000012 
729.876153 0.000004 
728.709042 -0.000014 
727.541930 -0.000033 
726.374818 -0.000036 
725.207706 -0.000033 
724.040595 -0.000083 
722.873483 -0.000085 
721.706371 -0.000133 
720.539259 -0.000155 
719.372148 -0.000179 
718.205036 -0.000084 
717.037924 -0.000080 
715.870812 -0.000138 
714.703701 -0.000166 
713.536589 -0.000189 
712.369477 -0.000259 
711.202366 -0.000275 
710.035254 -0.000241 
708.868142 -0.000229 
707.701030 -0.000210 
706.533919 -0.000245 
705.366807 -0.000218 
704.199695 -0.000147 
703.032583 -0.000157 
701.865472 -0.000140 
700.698360 -0.000125 
699.531248 -0.000164 
698.364136 -0.000166 
697.197025 -0.000178 
696.029913 -0.000087 
694.862801 -0.000050 
693.695689 -0.000091 
692.528578 -0.000015 
691.361466 -0.000017 
690.194354 0.000027 
689.027242 0.000002 
687.860131 0.000110 
686.693019 0.000187 
685.525907 0.000201 
684.358796 0.000083 
683.191684 0.000029 
682.024572 0.000033 
680.857460 -0.000033 
679.690349 -0.000073 
678.523237 -0.000084 
677.356125 -0.000110 
676.189013 -0.000273 
675.021902 -0.000264 
673.854790 -0.000271 
672.687678 -0.000281 
671.520566 -0.000281 
670.353455 -0.000330 
669.186343 -0.000751 
668.019231 -0.000969 
666.852119 -0.000786 
665.685008 -0.000518 
664.517896 -0.000338 
663.350784 0.000019 
662.183673 -0.000000 
661.016561 0.000059 
659.849449 0.000061 
658.682337 -0.000076 
657.515226 -0.000350 
656.348114 -0.000676 
655.181002 -0.001049 
654.013890 -0.001260 
652.846779 -0.001249 
651.679667 -0.001055 
650.512555 -0.000613 
649.345443 0.000120 
648.178332 0.000595 
647.011220 0.000926 
645.844108 0.001098 
644.676996 0.001003 
643.509885 0.000656 
642.342773 0.000052 
641.175661 -0.000609 
640.008550 -0.001308 
638.841438 -0.001777 
637.674326 -0.001965 
636.507214 -0.001937 
635.340103 -0.001670 
634.172991 -0.001265 
633.005879 -0.000580 
631.838767 0.000015 
630.671656 0.000760 
629.504544 0.001411 
628.337432 0.001978 
627.170320 0.002415 
626.003209 0.002711 
624.836097 0.002679 
623.668985 0.002426 
622.501873 0.001957 
621.334762 0.001528 
620.167650 0.001254 
619.000538 0.001017 
617.833426 0.000981 
616.666315 0.000903 
615.499203 0.000663 
614.332091 0.000487 
613.164980 0.000408 
611.997868 0.000292 
610.830756 0.000146 
609.663644 0.000012 
608.496533 -0.000074 
607.329421 -0.000239 
606.162309 -0.000283 
604.995197 -0.000264 
603.828086 -0.000299 
602.660974 -0.000232 
601.493862 -0.000269 
600.326750 -0.000150 
599.159639 -0.000204 
597.992527 -0.000174 
596.825415 -0.000043 
595.658303 -0.000103 
594.491192 -0.000144 
593.324080 -0.000299 
592.156968 -0.000445 
590.989857 -0.000464 
589.822745 -0.000521 
588.655633 -0.000307 
587.488521 -0.000071 
586.321410 0.000127 
585.154298 0.000256 
583.987186 0.000349 
582.820074 0.000697 
581.652963 0.000734 
580.485851 0.000748 
579.318739 0.000830 
578.151627 0.000980 
576.984516 0.000254 
575.817404 -0.000054 
574.650292 0.000830 
573.483180 0.000646 
572.316069 0.000546 
571.148957 0.000763 
569.981845 0.000599 
568.814734 0.000343 
567.647622 0.000423 
566.480510 0.000126 
565.313398 0.000401 
564.146287 0.000355 
562.979175 0.000112 
561.812063 0.000371 
560.644951 0.000484 
559.477840 0.000017 
558.310728 0.000207 
557.143616 -0.000042 
555.976504 0.000035 
554.809393 0.000307 
553.642281 0.000632 
552.475169 0.000332 
551.308057 -0.000104 
550.140946 -0.000314 
548.973834 0.000524 
547.806722 0.000878 
546.639611 0.001138 
545.472499 0.000653 
544.305387 0.001105 
543.138275 0.001298 
541.971164 0.001244 
540.804052 0.002008 
539.636940 0.002773 
538.469828 0.003892 
537.302717 0.004849 
536.135605 0.005837 
534.968493 0.007424 
533.801381 0.010227 
532.634270 0.012844 
531.467158 0.016656 
530.300046 0.022549 
529.132934 0.031253 
527.965823 0.049150 
526.798711 0.082929 
525.631599 0.127010 
524.464487 0.167734 
523.297376 0.190241 
522.130264 0.180239 
520.963152 0.137156 
519.796041 0.119873 
518.628929 0.158031 
517.461817 0.224144 
516.294705 0.230661 
515.127594 0.168573 
513.960482 0.086574 
512.793370 0.040308 
511.626258 0.019813 
510.459147 0.012829 
509.292035 0.011434 
508.124923 0.010225 
506.957811 0.009312 
505.790700 0.009039 
504.623588 0.009090 
503.456476 0.009923 
502.289364 0.009697 
501.122253 0.009815 
499.955141 0.011082 
