4000.123242 0.000368 
3998.956130 0.000438 
3997.789019 0.000637 
3996.621907 0.000730 
3995.454795 0.000742 
3994.287683 0.000731 
3993.120572 0.000694 
3991.953460 0.000847 
3990.786348 0.000886 
3989.619236 0.000801 
3988.452125 0.000838 
3987.285013 0.000871 
3986.117901 0.000955 
3984.950789 0.000949 
3983.783678 0.000943 
3982.616566 0.000932 
3981.449454 0.000898 
3980.282342 0.000949 
3979.115231 0.001013 
3977.948119 0.001020 
3976.781007 0.000885 
3975.613896 0.000809 
3974.446784 0.000789 
3973.279672 0.000702 
3972.112560 0.000647 
3970.945449 0.000608 
3969.778337 0.000539 
3968.611225 0.000551 
3967.444113 0.000473 
3966.277002 0.000426 
3965.109890 0.000445 
3963.942778 0.000345 
3962.775666 0.000269 
3961.608555 0.000265 
3960.441443 0.000290 
3959.274331 0.000273 
3958.107219 0.000166 
3956.940108 0.000008 
3955.772996 0.000042 
3954.605884 0.000168 
3953.438772 0.000126 
3952.271661 0.000107 
3951.104549 0.000131 
3949.937437 0.000096 
3948.770326 0.000103 
3947.603214 0.000096 
3946.436102 0.000015 
3945.268990 0.000080 
3944.101879 0.000080 
3942.934767 0.000093 
3941.767655 0.000083 
3940.600543 0.000078 
3939.433432 0.000145 
3938.266320 0.000120 
3937.099208 0.000005 
3935.932096 -0.000038 
3934.764985 -0.000014 
3933.597873 0.000015 
3932.430761 0.000031 
3931.263649 -0.000041 
3930.096538 -0.000140 
3928.929426 -0.000051 
3927.762314 -0.000086 
3926.595203 -0.000189 
3925.428091 -0.000238 
3924.260979 -0.000331 
3923.093867 -0.000419 
3921.926756 -0.000433 
3920.759644 -0.000409 
3919.592532 -0.000498 
3918.425420 -0.000472 
3917.258309 -0.000430 
3916.091197 -0.000398 
3914.924085 -0.000431 
3913.756973 -0.000501 
3912.589862 -0.000533 
3911.422750 -0.000566 
3910.255638 -0.000634 
3909.088526 -0.000660 
3907.921415 -0.000608 
3906.754303 -0.000633 
3905.587191 -0.000577 
3904.420080 -0.000430 
3903.252968 -0.000450 
3902.085856 -0.000450 
3900.918744 -0.000411 
3899.751633 -0.000460 
3898.584521 -0.000436 
3897.417409 -0.000387 
3896.250297 -0.000390 
3895.083186 -0.000360 
3893.916074 -0.000271 
3892.748962 -0.000229 
3891.581850 -0.000184 
3890.414739 -0.000148 
3889.247627 -0.000176 
3888.080515 -0.000088 
3886.913403 -0.000123 
3885.746292 0.000015 
3884.579180 0.000008 
3883.412068 -0.000065 
3882.244957 -0.000054 
3881.077845 -0.000065 
3879.910733 -0.000076 
3878.743621 0.000006 
3877.576510 -0.000033 
3876.409398 0.000000 
3875.242286 0.000094 
3874.075174 0.000126 
3872.908063 0.000087 
3871.740951 -0.000027 
3870.573839 0.000052 
3869.406727 0.000013 
3868.239616 -0.000079 
3867.072504 -0.000112 
3865.905392 -0.000041 
3864.738280 0.000146 
3863.571169 0.000116 
3862.404057 0.000147 
3861.236945 0.000134 
3860.069833 0.000007 
3858.902722 0.000023 
3857.735610 0.000095 
3856.568498 0.000128 
3855.401387 0.000097 
3854.234275 0.000269 
3853.067163 0.000212 
3851.900051 0.000209 
3850.732940 0.000137 
3849.565828 0.000125 
3848.398716 0.000061 
3847.231604 0.000104 
3846.064493 0.000148 
3844.897381 0.000245 
3843.730269 0.000256 
3842.563157 0.000134 
3841.396046 0.000124 
3840.228934 0.000194 
3839.061822 0.000066 
3837.894710 0.000155 
3836.727599 0.000059 
3835.560487 -0.000000 
3834.393375 -0.000079 
3833.226264 -0.000126 
3832.059152 -0.000001 
3830.892040 -0.000021 
3829.724928 -0.000045 
3828.557817 -0.000094 
3827.390705 -0.000026 
3826.223593 0.000086 
3825.056481 0.000045 
3823.889370 0.000070 
3822.722258 0.000140 
3821.555146 0.000118 
3820.388034 0.000118 
3819.220923 0.000053 
3818.053811 0.000014 
3816.886699 0.000076 
3815.719587 0.000108 
3814.552476 0.000057 
3813.385364 0.000048 
3812.218252 0.000000 
3811.051141 0.000006 
3809.884029 0.000084 
3808.716917 0.000130 
3807.549805 0.000210 
3806.382694 0.000219 
3805.215582 0.000161 
3804.048470 0.000135 
3802.881358 0.000092 
3801.714247 0.000146 
3800.547135 0.000142 
3799.380023 0.000121 
3798.212911 0.000120 
3797.045800 0.000117 
3795.878688 0.000059 
3794.711576 0.000016 
3793.544464 0.000121 
3792.377353 0.000042 
3791.210241 -0.000045 
3790.043129 -0.000039 
3788.876017 -0.000079 
3787.708906 -0.000091 
3786.541794 -0.000015 
3785.374682 -0.000053 
3784.207571 0.000018 
3783.040459 -0.000059 
3781.873347 -0.000023 
3780.706235 -0.000007 
3779.539124 -0.000047 
3778.372012 -0.000057 
3777.204900 -0.000006 
3776.037788 0.000042 
3774.870677 -0.000070 
3773.703565 -0.000080 
3772.536453 -0.000090 
3771.369341 -0.000042 
3770.202230 -0.000022 
3769.035118 -0.000075 
3767.868006 -0.000048 
3766.700894 -0.000093 
3765.533783 -0.000068 
3764.366671 -0.000055 
3763.199559 -0.000127 
3762.032448 -0.000103 
3760.865336 -0.000075 
3759.698224 -0.000090 
3758.531112 -0.000040 
3757.364001 -0.000083 
3756.196889 -0.000124 
3755.029777 -0.000116 
3753.862665 -0.000076 
3752.695554 -0.000074 
3751.528442 -0.000034 
3750.361330 -0.000039 
3749.194218 0.000122 
3748.027107 -0.000032 
3746.859995 -0.000086 
3745.692883 -0.000085 
3744.525771 0.000095 
3743.358660 0.000069 
3742.191548 0.000012 
3741.024436 -0.000009 
3739.857325 -0.000092 
3738.690213 -0.000009 
3737.523101 -0.000042 
3736.355989 0.000071 
3735.188878 0.000200 
3734.021766 0.000127 
3732.854654 0.000120 
3731.687542 0.000141 
3730.520431 0.000005 
3729.353319 0.000065 
3728.186207 0.000017 
3727.019095 -0.000057 
3725.851984 0.000028 
3724.684872 0.000025 
3723.517760 -0.000076 
3722.350648 -0.000139 
3721.183537 -0.000140 
3720.016425 -0.000188 
3718.849313 -0.000179 
3717.682202 -0.000125 
3716.515090 -0.000088 
3715.347978 -0.000124 
3714.180866 -0.000142 
3713.013755 -0.000206 
3711.846643 -0.000132 
3710.679531 -0.000185 
3709.512419 -0.000130 
3708.345308 -0.000156 
3707.178196 -0.000257 
3706.011084 -0.000187 
3704.843972 -0.000140 
3703.676861 -0.000180 
3702.509749 -0.000206 
3701.342637 -0.000139 
3700.175525 -0.000206 
3699.008414 -0.000196 
3697.841302 -0.000135 
3696.674190 -0.000155 
3695.507078 -0.000134 
3694.339967 -0.000103 
3693.172855 -0.000135 
3692.005743 -0.000095 
3690.838632 -0.000093 
3689.671520 -0.000156 
3688.504408 -0.000015 
3687.337296 -0.000097 
3686.170185 -0.000133 
3685.003073 -0.000087 
3683.835961 -0.000087 
3682.668849 -0.000060 
3681.501738 -0.000091 
3680.334626 -0.000181 
3679.167514 -0.000040 
3678.000402 -0.000046 
3676.833291 -0.000029 
3675.666179 0.000004 
3674.499067 -0.000043 
3673.331955 -0.000174 
3672.164844 -0.000120 
3670.997732 -0.000044 
3669.830620 -0.000072 
3668.663509 -0.000115 
3667.496397 -0.000200 
3666.329285 -0.000162 
3665.162173 -0.000208 
3663.995062 -0.000179 
3662.827950 -0.000163 
3661.660838 -0.000087 
3660.493726 -0.000001 
3659.326615 -0.000006 
3658.159503 -0.000066 
3656.992391 -0.000052 
3655.825279 0.000023 
3654.658168 -0.000046 
3653.491056 -0.000010 
3652.323944 0.000033 
3651.156832 0.000065 
3649.989721 0.000160 
3648.822609 0.000179 
3647.655497 0.000053 
3646.488386 0.000036 
3645.321274 -0.000009 
3644.154162 -0.000024 
3642.987050 0.000014 
3641.819939 0.000054 
3640.652827 -0.000035 
3639.485715 -0.000029 
3638.318603 -0.000038 
3637.151492 -0.000106 
3635.984380 -0.000083 
3634.817268 -0.000026 
3633.650156 0.000025 
3632.483045 0.000042 
3631.315933 0.000007 
3630.148821 -0.000016 
3628.981709 -0.000019 
3627.814598 -0.000035 
3626.647486 -0.000062 
3625.480374 -0.000080 
3624.313262 -0.000032 
3623.146151 -0.000107 
3621.979039 -0.000103 
3620.811927 -0.000109 
3619.644816 -0.000100 
3618.477704 -0.000092 
3617.310592 -0.000106 
3616.143480 -0.000104 
3614.976369 -0.000166 
3613.809257 -0.000154 
3612.642145 0.000034 
3611.475033 -0.000036 
3610.307922 -0.000064 
3609.140810 -0.000008 
3607.973698 -0.000052 
3606.806586 -0.000034 
3605.639475 0.000050 
3604.472363 0.000119 
3603.305251 0.000095 
3602.138139 0.000052 
3600.971028 0.000144 
3599.803916 0.000172 
3598.636804 0.000214 
3597.469693 0.000207 
3596.302581 0.000210 
3595.135469 0.000283 
3593.968357 0.000280 
3592.801246 0.000298 
3591.634134 0.000373 
3590.467022 0.000357 
3589.299910 0.000461 
3588.132799 0.000526 
3586.965687 0.000555 
3585.798575 0.000591 
3584.631463 0.000583 
3583.464352 0.000563 
3582.297240 0.000614 
3581.130128 0.000726 
3579.963016 0.000766 
3578.795905 0.000785 
3577.628793 0.000901 
3576.461681 0.001003 
3575.294570 0.001036 
3574.127458 0.001144 
3572.960346 0.001149 
3571.793234 0.001236 
3570.626123 0.001340 
3569.459011 0.001441 
3568.291899 0.001589 
3567.124787 0.001759 
3565.957676 0.001843 
3564.790564 0.001932 
3563.623452 0.002187 
3562.456340 0.002342 
3561.289229 0.002475 
3560.122117 0.002647 
3558.955005 0.002785 
3557.787893 0.002837 
3556.620782 0.003014 
3555.453670 0.003153 
3554.286558 0.003398 
3553.119447 0.003473 
3551.952335 0.003679 
3550.785223 0.003806 
3549.618111 0.003913 
3548.451000 0.004109 
3547.283888 0.004239 
3546.116776 0.004311 
3544.949664 0.004519 
3543.782553 0.004564 
3542.615441 0.004688 
3541.448329 0.004780 
3540.281217 0.004858 
3539.114106 0.004847 
3537.946994 0.004898 
3536.779882 0.004997 
3535.612770 0.005020 
3534.445659 0.005061 
3533.278547 0.005051 
3532.111435 0.004938 
3530.944323 0.004916 
3529.777212 0.004867 
3528.610100 0.004793 
3527.442988 0.004655 
3526.275877 0.004630 
3525.108765 0.004479 
3523.941653 0.004294 
3522.774541 0.004112 
3521.607430 0.004105 
3520.440318 0.003901 
3519.273206 0.003686 
3518.106094 0.003467 
3516.938983 0.003251 
3515.771871 0.003131 
3514.604759 0.002884 
3513.437647 0.002590 
3512.270536 0.002409 
3511.103424 0.002221 
3509.936312 0.002031 
3508.769200 0.001928 
3507.602089 0.001721 
3506.434977 0.001499 
3505.267865 0.001403 
3504.100754 0.001370 
3502.933642 0.001262 
3501.766530 0.001254 
3500.599418 0.001280 
3499.432307 0.001227 
3498.265195 0.001209 
3497.098083 0.001246 
3495.930971 0.001256 
3494.763860 0.001319 
3493.596748 0.001447 
3492.429636 0.001555 
3491.262524 0.001567 
3490.095413 0.001649 
3488.928301 0.001818 
3487.761189 0.001955 
3486.594077 0.002115 
3485.426966 0.002237 
3484.259854 0.002338 
3483.092742 0.002506 
3481.925631 0.002637 
3480.758519 0.002784 
3479.591407 0.002807 
3478.424295 0.002868 
3477.257184 0.002959 
3476.090072 0.003020 
3474.922960 0.003053 
3473.755848 0.003161 
3472.588737 0.003180 
3471.421625 0.003118 
3470.254513 0.003168 
3469.087401 0.003360 
3467.920290 0.003479 
3466.753178 0.003587 
3465.586066 0.003742 
3464.418954 0.003723 
3463.251843 0.003665 
3462.084731 0.003577 
3460.917619 0.003458 
3459.750508 0.003299 
3458.583396 0.003197 
3457.416284 0.003111 
3456.249172 0.002974 
3455.082061 0.002954 
3453.914949 0.002846 
3452.747837 0.002755 
3451.580725 0.002713 
3450.413614 0.002774 
3449.246502 0.002842 
3448.079390 0.002801 
3446.912278 0.002897 
3445.745167 0.003027 
3444.578055 0.003144 
3443.410943 0.003236 
3442.243831 0.003498 
3441.076720 0.003818 
3439.909608 0.004089 
3438.742496 0.004381 
3437.575384 0.004724 
3436.408273 0.005022 
3435.241161 0.005456 
3434.074049 0.005988 
3432.906938 0.006586 
3431.739826 0.007220 
3430.572714 0.007960 
3429.405602 0.008886 
3428.238491 0.009873 
3427.071379 0.011160 
3425.904267 0.012558 
3424.737155 0.014141 
3423.570044 0.015788 
3422.402932 0.017592 
3421.235820 0.019413 
3420.068708 0.021077 
3418.901597 0.022677 
3417.734485 0.023901 
3416.567373 0.024677 
3415.400261 0.024983 
3414.233150 0.024748 
3413.066038 0.023751 
3411.898926 0.022283 
3410.731815 0.020293 
3409.564703 0.018155 
3408.397591 0.015789 
3407.230479 0.013461 
3406.063368 0.011294 
3404.896256 0.009376 
3403.729144 0.007615 
3402.562032 0.006154 
3401.394921 0.004930 
3400.227809 0.003855 
3399.060697 0.003007 
3397.893585 0.002360 
3396.726474 0.001812 
3395.559362 0.001398 
3394.392250 0.001136 
3393.225138 0.000898 
3392.058027 0.000612 
3390.890915 0.000452 
3389.723803 0.000429 
3388.556692 0.000293 
3387.389580 0.000258 
3386.222468 0.000155 
3385.055356 0.000016 
3383.888245 0.000024 
3382.721133 0.000014 
3381.554021 -0.000002 
3380.386909 -0.000073 
3379.219798 -0.000090 
3378.052686 -0.000028 
3376.885574 -0.000075 
3375.718462 -0.000087 
3374.551351 -0.000041 
3373.384239 -0.000051 
3372.217127 -0.000007 
3371.050015 -0.000064 
3369.882904 0.000017 
3368.715792 0.000068 
3367.548680 0.000082 
3366.381568 0.000150 
3365.214457 0.000160 
3364.047345 0.000154 
3362.880233 0.000203 
3361.713122 0.000282 
3360.546010 0.000281 
3359.378898 0.000284 
3358.211786 0.000310 
3357.044675 0.000361 
3355.877563 0.000353 
3354.710451 0.000289 
3353.543339 0.000378 
3352.376228 0.000403 
3351.209116 0.000406 
3350.042004 0.000463 
3348.874892 0.000401 
3347.707781 0.000437 
3346.540669 0.000403 
3345.373557 0.000392 
3344.206445 0.000351 
3343.039334 0.000385 
3341.872222 0.000444 
3340.705110 0.000397 
3339.537999 0.000387 
3338.370887 0.000360 
3337.203775 0.000402 
3336.036663 0.000316 
3334.869552 0.000198 
3333.702440 0.000182 
3332.535328 0.000188 
3331.368216 0.000110 
3330.201105 0.000092 
3329.033993 0.000028 
3327.866881 0.000011 
3326.699769 0.000052 
3325.532658 0.000042 
3324.365546 0.000002 
3323.198434 0.000075 
3322.031322 0.000028 
3320.864211 -0.000008 
3319.697099 -0.000029 
3318.529987 -0.000063 
3317.362876 -0.000006 
3316.195764 -0.000008 
3315.028652 -0.000044 
3313.861540 0.000042 
3312.694429 0.000039 
3311.527317 -0.000009 
3310.360205 -0.000053 
3309.193093 0.000040 
3308.025982 0.000061 
3306.858870 0.000027 
3305.691758 0.000068 
3304.524646 0.000040 
3303.357535 0.000108 
3302.190423 0.000083 
3301.023311 0.000143 
3299.856199 0.000149 
3298.689088 0.000160 
3297.521976 0.000214 
3296.354864 0.000109 
3295.187753 0.000104 
3294.020641 0.000156 
3292.853529 0.000224 
3291.686417 0.000212 
3290.519306 0.000248 
3289.352194 0.000232 
3288.185082 0.000181 
3287.017970 0.000187 
3285.850859 0.000241 
3284.683747 0.000224 
3283.516635 0.000213 
3282.349523 0.000154 
3281.182412 0.000237 
3280.015300 0.000266 
3278.848188 0.000231 
3277.681076 0.000173 
3276.513965 0.000216 
3275.346853 0.000223 
3274.179741 0.000200 
3273.012629 0.000225 
3271.845518 0.000145 
3270.678406 0.000119 
3269.511294 0.000106 
3268.344183 0.000110 
3267.177071 0.000094 
3266.009959 0.000090 
3264.842847 0.000080 
3263.675736 0.000105 
3262.508624 0.000038 
3261.341512 0.000011 
3260.174400 0.000001 
3259.007289 -0.000021 
3257.840177 -0.000063 
3256.673065 -0.000128 
3255.505953 -0.000075 
3254.338842 -0.000099 
3253.171730 -0.000131 
3252.004618 -0.000125 
3250.837506 -0.000075 
3249.670395 -0.000143 
3248.503283 -0.000164 
3247.336171 -0.000205 
3246.169060 -0.000241 
3245.001948 -0.000174 
3243.834836 -0.000162 
3242.667724 -0.000158 
3241.500613 -0.000179 
3240.333501 -0.000199 
3239.166389 -0.000246 
3237.999277 -0.000173 
3236.832166 -0.000197 
3235.665054 -0.000203 
3234.497942 -0.000183 
3233.330830 -0.000111 
3232.163719 -0.000166 
3230.996607 -0.000160 
3229.829495 -0.000160 
3228.662383 -0.000164 
3227.495272 -0.000137 
3226.328160 -0.000114 
3225.161048 -0.000122 
3223.993937 -0.000102 
3222.826825 -0.000096 
3221.659713 -0.000082 
3220.492601 -0.000007 
3219.325490 -0.000127 
3218.158378 -0.000092 
3216.991266 -0.000084 
3215.824154 -0.000091 
3214.657043 -0.000040 
3213.489931 -0.000020 
3212.322819 -0.000004 
3211.155707 -0.000000 
3209.988596 -0.000030 
3208.821484 -0.000051 
3207.654372 0.000059 
3206.487260 0.000101 
3205.320149 0.000098 
3204.153037 0.000017 
3202.985925 -0.000010 
3201.818813 -0.000025 
3200.651702 0.000089 
3199.484590 0.000063 
3198.317478 0.000038 
3197.150367 0.000043 
3195.983255 0.000104 
3194.816143 0.000123 
3193.649031 0.000097 
3192.481920 0.000046 
3191.314808 0.000076 
3190.147696 0.000099 
3188.980584 0.000114 
3187.813473 0.000084 
3186.646361 0.000120 
3185.479249 0.000105 
3184.312137 0.000133 
3183.145026 0.000099 
3181.977914 0.000058 
3180.810802 0.000113 
3179.643690 0.000108 
3178.476579 0.000104 
3177.309467 0.000105 
3176.142355 0.000136 
3174.975244 0.000152 
3173.808132 0.000142 
3172.641020 0.000142 
3171.473908 0.000132 
3170.306797 0.000130 
3169.139685 0.000169 
3167.972573 0.000199 
3166.805461 0.000200 
3165.638350 0.000231 
3164.471238 0.000214 
3163.304126 0.000222 
3162.137014 0.000208 
3160.969903 0.000210 
3159.802791 0.000154 
3158.635679 0.000145 
3157.468567 0.000160 
3156.301456 0.000161 
3155.134344 0.000154 
3153.967232 0.000143 
3152.800121 0.000160 
3151.633009 0.000117 
3150.465897 0.000126 
3149.298785 0.000156 
3148.131674 0.000079 
3146.964562 0.000052 
3145.797450 0.000000 
3144.630338 0.000011 
3143.463227 0.000017 
3142.296115 -0.000021 
3141.129003 -0.000005 
3139.961891 0.000004 
3138.794780 -0.000009 
3137.627668 0.000046 
3136.460556 0.000076 
3135.293444 0.000130 
3134.126333 0.000239 
3132.959221 0.000381 
3131.792109 0.000433 
3130.624998 0.000553 
3129.457886 0.000711 
3128.290774 0.000959 
3127.123662 0.001147 
3125.956551 0.001286 
3124.789439 0.001455 
3123.622327 0.001637 
3122.455215 0.001814 
3121.288104 0.001929 
3120.120992 0.001892 
3118.953880 0.001832 
3117.786768 0.001779 
3116.619657 0.001757 
3115.452545 0.001639 
3114.285433 0.001487 
3113.118321 0.001336 
3111.951210 0.001167 
3110.784098 0.001033 
3109.616986 0.000865 
3108.449874 0.000752 
3107.282763 0.000673 
3106.115651 0.000600 
3104.948539 0.000530 
3103.781428 0.000456 
3102.614316 0.000353 
3101.447204 0.000325 
3100.280092 0.000323 
3099.112981 0.000281 
3097.945869 0.000190 
3096.778757 0.000027 
3095.611645 -0.000060 
3094.444534 -0.000074 
3093.277422 -0.000167 
3092.110310 -0.000266 
3090.943198 -0.000332 
3089.776087 -0.000456 
3088.608975 -0.000488 
3087.441863 -0.000509 
3086.274751 -0.000577 
3085.107640 -0.000573 
3083.940528 -0.000536 
3082.773416 -0.000545 
3081.606305 -0.000554 
3080.439193 -0.000575 
3079.272081 -0.000598 
3078.104969 -0.000508 
3076.937858 -0.000448 
3075.770746 -0.000438 
3074.603634 -0.000441 
3073.436522 -0.000420 
3072.269411 -0.000341 
3071.102299 -0.000276 
3069.935187 -0.000268 
3068.768075 -0.000203 
3067.600964 -0.000149 
3066.433852 -0.000126 
3065.266740 -0.000081 
3064.099628 -0.000065 
3062.932517 -0.000048 
3061.765405 -0.000007 
3060.598293 0.000040 
3059.431182 0.000013 
3058.264070 0.000031 
3057.096958 0.000043 
3055.929846 -0.000003 
3054.762735 -0.000034 
3053.595623 0.000001 
3052.428511 -0.000021 
3051.261399 -0.000025 
3050.094288 -0.000083 
3048.927176 -0.000126 
3047.760064 -0.000097 
3046.592952 -0.000082 
3045.425841 -0.000050 
3044.258729 -0.000069 
3043.091617 -0.000083 
3041.924505 -0.000074 
3040.757394 -0.000034 
3039.590282 -0.000015 
3038.423170 0.000010 
3037.256058 0.000039 
3036.088947 0.000013 
3034.921835 0.000019 
3033.754723 0.000065 
3032.587612 0.000110 
3031.420500 0.000105 
3030.253388 0.000158 
3029.086276 0.000160 
3027.919165 0.000177 
3026.752053 0.000273 
3025.584941 0.000355 
3024.417829 0.000503 
3023.250718 0.000690 
3022.083606 0.000907 
3020.916494 0.001274 
3019.749382 0.001804 
3018.582271 0.002455 
3017.415159 0.003386 
3016.248047 0.004654 
3015.080935 0.006364 
3013.913824 0.008550 
3012.746712 0.011136 
3011.579600 0.014294 
3010.412489 0.017902 
3009.245377 0.022019 
3008.078265 0.026304 
3006.911153 0.030580 
3005.744042 0.034685 
3004.576930 0.038346 
3003.409818 0.041060 
3002.242706 0.042664 
3001.075595 0.042790 
2999.908483 0.041454 
2998.741371 0.039076 
2997.574259 0.035599 
2996.407148 0.031492 
2995.240036 0.026990 
2994.072924 0.022505 
2992.905812 0.018363 
2991.738701 0.014764 
2990.571589 0.011704 
2989.404477 0.009303 
2988.237366 0.007576 
2987.070254 0.006298 
2985.903142 0.005377 
2984.736030 0.004772 
2983.568919 0.004399 
2982.401807 0.004168 
2981.234695 0.004019 
2980.067583 0.004056 
2978.900472 0.004208 
2977.733360 0.004451 
2976.566248 0.004856 
2975.399136 0.005432 
2974.232025 0.006164 
2973.064913 0.007037 
2971.897801 0.007971 
2970.730689 0.008961 
2969.563578 0.010009 
2968.396466 0.011015 
2967.229354 0.011920 
2966.062243 0.012732 
2964.895131 0.013318 
2963.728019 0.013659 
2962.560907 0.013721 
2961.393796 0.013529 
2960.226684 0.013082 
2959.059572 0.012364 
2957.892460 0.011387 
2956.725349 0.010351 
2955.558237 0.009225 
2954.391125 0.008075 
2953.224013 0.006998 
2952.056902 0.005969 
2950.889790 0.005063 
2949.722678 0.004286 
2948.555566 0.003650 
2947.388455 0.003072 
2946.221343 0.002618 
2945.054231 0.002245 
2943.887119 0.002023 
2942.720008 0.001842 
2941.552896 0.001629 
2940.385784 0.001454 
2939.218673 0.001337 
2938.051561 0.001210 
2936.884449 0.001151 
2935.717337 0.001067 
2934.550226 0.001052 
2933.383114 0.001071 
2932.216002 0.001105 
2931.048890 0.001279 
2929.881779 0.001512 
2928.714667 0.001881 
2927.547555 0.002556 
2926.380443 0.003579 
2925.213332 0.004917 
2924.046220 0.006745 
2922.879108 0.009048 
2921.711996 0.011693 
2920.544885 0.014563 
2919.377773 0.017392 
2918.210661 0.019846 
2917.043550 0.021338 
2915.876438 0.021804 
2914.709326 0.021159 
2913.542214 0.019610 
2912.375103 0.017457 
2911.207991 0.014914 
2910.040879 0.012333 
2908.873767 0.009977 
2907.706656 0.008033 
2906.539544 0.006534 
2905.372432 0.005431 
2904.205320 0.004719 
2903.038209 0.004332 
2901.871097 0.004257 
2900.703985 0.004312 
2899.536873 0.004548 
2898.369762 0.005018 
2897.202650 0.005657 
2896.035538 0.006435 
2894.868427 0.007413 
2893.701315 0.008647 
2892.534203 0.010110 
2891.367091 0.011834 
2890.199980 0.013817 
2889.032868 0.016145 
2887.865756 0.018720 
2886.698644 0.021565 
2885.531533 0.024740 
2884.364421 0.028255 
2883.197309 0.032086 
2882.030197 0.036224 
2880.863086 0.040578 
2879.695974 0.045205 
2878.528862 0.050111 
2877.361750 0.055142 
2876.194639 0.060315 
2875.027527 0.065615 
2873.860415 0.071019 
2872.693303 0.076360 
2871.526192 0.081667 
2870.359080 0.086913 
2869.191968 0.091968 
2868.024857 0.096771 
2866.857745 0.101358 
2865.690633 0.105550 
2864.523521 0.109229 
2863.356410 0.112327 
2862.189298 0.114934 
2861.022186 0.116865 
2859.855074 0.117976 
2858.687963 0.118361 
2857.520851 0.117799 
2856.353739 0.116323 
2855.186627 0.113910 
2854.019516 0.110780 
2852.852404 0.106882 
2851.685292 0.102419 
2850.518180 0.097561 
2849.351069 0.092410 
2848.183957 0.087208 
2847.016845 0.082053 
2845.849734 0.077056 
2844.682622 0.072290 
2843.515510 0.068061 
2842.348398 0.064458 
2841.181287 0.061372 
2840.014175 0.058741 
2838.847063 0.056628 
2837.679951 0.055022 
2836.512840 0.053797 
2835.345728 0.052883 
2834.178616 0.052185 
2833.011504 0.051638 
2831.844393 0.051159 
2830.677281 0.050723 
2829.510169 0.050157 
2828.343057 0.049442 
2827.175946 0.048578 
2826.008834 0.047545 
2824.841722 0.046255 
2823.674611 0.044845 
2822.507499 0.043127 
2821.340387 0.041289 
2820.173275 0.039277 
2819.006164 0.037194 
2817.839052 0.035064 
2816.671940 0.032930 
2815.504828 0.030837 
2814.337717 0.028908 
2813.170605 0.027062 
2812.003493 0.025379 
2810.836381 0.023888 
2809.669270 0.022522 
2808.502158 0.021355 
2807.335046 0.020362 
2806.167934 0.019505 
2805.000823 0.018808 
2803.833711 0.018234 
2802.666599 0.017772 
2801.499488 0.017396 
2800.332376 0.017031 
2799.165264 0.016736 
2797.998152 0.016495 
2796.831041 0.016192 
2795.663929 0.015972 
2794.496817 0.015794 
2793.329705 0.015763 
2792.162594 0.015689 
2790.995482 0.015715 
2789.828370 0.015891 
2788.661258 0.016197 
2787.494147 0.016695 
2786.327035 0.017393 
2785.159923 0.018260 
2783.992811 0.019344 
2782.825700 0.020753 
2781.658588 0.022448 
2780.491476 0.024435 
2779.324364 0.026770 
2778.157253 0.029518 
2776.990141 0.032584 
2775.823029 0.036064 
2774.655918 0.039948 
2773.488806 0.044132 
2772.321694 0.048597 
2771.154582 0.053297 
2769.987471 0.058050 
2768.820359 0.062842 
2767.653247 0.067401 
2766.486135 0.071654 
2765.319024 0.075522 
2764.151912 0.078886 
2762.984800 0.081547 
2761.817688 0.083280 
2760.650577 0.084116 
2759.483465 0.084037 
2758.316353 0.083147 
2757.149241 0.081468 
2755.982130 0.079152 
2754.815018 0.076348 
2753.647906 0.073226 
2752.480795 0.070054 
2751.313683 0.066918 
2750.146571 0.063962 
2748.979459 0.061348 
2747.812348 0.059067 
2746.645236 0.057114 
2745.478124 0.055378 
2744.311012 0.053881 
2743.143901 0.052578 
2741.976789 0.051407 
2740.809677 0.050271 
2739.642565 0.049191 
2738.475454 0.048082 
2737.308342 0.046860 
2736.141230 0.045479 
2734.974118 0.043944 
2733.807007 0.042255 
2732.639895 0.040350 
2731.472783 0.038176 
2730.305672 0.035724 
2729.138560 0.033055 
2727.971448 0.030128 
2726.804336 0.027083 
2725.637225 0.023953 
2724.470113 0.020939 
2723.303001 0.018076 
2722.135889 0.015529 
2720.968778 0.013350 
2719.801666 0.011602 
2718.634554 0.010111 
2717.467442 0.008979 
2716.300331 0.008070 
2715.133219 0.007366 
2713.966107 0.006829 
2712.798995 0.006427 
2711.631884 0.006072 
2710.464772 0.005809 
2709.297660 0.005583 
2708.130548 0.005356 
2706.963437 0.005163 
2705.796325 0.005020 
2704.629213 0.004858 
2703.462102 0.004734 
2702.294990 0.004635 
2701.127878 0.004464 
2699.960766 0.004319 
2698.793655 0.004238 
2697.626543 0.004130 
2696.459431 0.004042 
2695.292319 0.003979 
2694.125208 0.003913 
2692.958096 0.003888 
2691.790984 0.003811 
2690.623872 0.003740 
2689.456761 0.003691 
2688.289649 0.003681 
2687.122537 0.003628 
2685.955425 0.003520 
2684.788314 0.003480 
2683.621202 0.003473 
2682.454090 0.003392 
2681.286979 0.003309 
2680.119867 0.003218 
2678.952755 0.003143 
2677.785643 0.002992 
2676.618532 0.002861 
2675.451420 0.002744 
2674.284308 0.002630 
2673.117196 0.002476 
2671.950085 0.002331 
2670.782973 0.002230 
2669.615861 0.002112 
2668.448749 0.001980 
2667.281638 0.001881 
2666.114526 0.001778 
2664.947414 0.001734 
2663.780302 0.001646 
2662.613191 0.001529 
2661.446079 0.001457 
2660.278967 0.001380 
2659.111856 0.001341 
2657.944744 0.001305 
2656.777632 0.001230 
2655.610520 0.001117 
2654.443409 0.001092 
2653.276297 0.001022 
2652.109185 0.000969 
2650.942073 0.000965 
2649.774962 0.000890 
2648.607850 0.000799 
2647.440738 0.000731 
2646.273626 0.000676 
2645.106515 0.000584 
2643.939403 0.000512 
2642.772291 0.000455 
2641.605179 0.000424 
2640.438068 0.000376 
2639.270956 0.000341 
2638.103844 0.000273 
2636.936733 0.000223 
2635.769621 0.000208 
2634.602509 0.000149 
2633.435397 0.000105 
2632.268286 0.000081 
2631.101174 0.000081 
2629.934062 0.000057 
2628.766950 0.000073 
2627.599839 0.000057 
2626.432727 0.000045 
2625.265615 0.000029 
2624.098503 -0.000001 
2622.931392 -0.000001 
2621.764280 0.000030 
2620.597168 0.000067 
2619.430056 0.000146 
2618.262945 0.000168 
2617.095833 0.000202 
2615.928721 0.000223 
2614.761609 0.000303 
2613.594498 0.000387 
2612.427386 0.000471 
2611.260274 0.000583 
2610.093163 0.000683 
2608.926051 0.000801 
2607.758939 0.000909 
2606.591827 0.001045 
2605.424716 0.001222 
2604.257604 0.001361 
2603.090492 0.001500 
2601.923380 0.001709 
2600.756269 0.001917 
2599.589157 0.002089 
2598.422045 0.002217 
2597.254933 0.002314 
2596.087822 0.002434 
2594.920710 0.002543 
2593.753598 0.002597 
2592.586486 0.002576 
2591.419375 0.002496 
2590.252263 0.002332 
2589.085151 0.002168 
2587.918040 0.001933 
2586.750928 0.001673 
2585.583816 0.001342 
2584.416704 0.001102 
2583.249593 0.000860 
2582.082481 0.000632 
2580.915369 0.000429 
2579.748257 0.000260 
2578.581146 0.000104 
2577.414034 0.000001 
2576.246922 -0.000063 
2575.079810 -0.000160 
2573.912699 -0.000165 
2572.745587 -0.000129 
2571.578475 -0.000142 
2570.411363 -0.000124 
2569.244252 -0.000062 
2568.077140 -0.000029 
2566.910028 0.000004 
2565.742917 0.000035 
2564.575805 0.000141 
2563.408693 0.000261 
2562.241581 0.000336 
2561.074470 0.000460 
2559.907358 0.000585 
2558.740246 0.000686 
2557.573134 0.000785 
2556.406023 0.000825 
2555.238911 0.000929 
2554.071799 0.001029 
2552.904687 0.001084 
2551.737576 0.001185 
2550.570464 0.001254 
2549.403352 0.001315 
2548.236240 0.001329 
2547.069129 0.001346 
2545.902017 0.001360 
2544.734905 0.001361 
2543.567794 0.001311 
2542.400682 0.001286 
2541.233570 0.001267 
2540.066458 0.001252 
2538.899347 0.001248 
2537.732235 0.001248 
2536.565123 0.001251 
2535.398011 0.001257 
2534.230900 0.001291 
2533.063788 0.001299 
2531.896676 0.001313 
2530.729564 0.001277 
2529.562453 0.001245 
2528.395341 0.001213 
2527.228229 0.001143 
2526.061117 0.001024 
2524.894006 0.000957 
2523.726894 0.000856 
2522.559782 0.000755 
2521.392670 0.000613 
2520.225559 0.000510 
2519.058447 0.000446 
2517.891335 0.000357 
2516.724224 0.000257 
2515.557112 0.000189 
2514.390000 0.000141 
2513.222888 0.000099 
2512.055777 0.000093 
2510.888665 -0.000000 
2509.721553 -0.000032 
2508.554441 -0.000033 
2507.387330 0.000006 
2506.220218 -0.000000 
2505.053106 0.000004 
2503.885994 0.000049 
2502.718883 0.000067 
2501.551771 0.000135 
2500.384659 0.000178 
2499.217547 0.000252 
2498.050436 0.000297 
2496.883324 0.000343 
2495.716212 0.000430 
2494.549101 0.000500 
2493.381989 0.000554 
2492.214877 0.000631 
2491.047765 0.000660 
2489.880654 0.000706 
2488.713542 0.000798 
2487.546430 0.000859 
2486.379318 0.000896 
2485.212207 0.000947 
2484.045095 0.001027 
2482.877983 0.001082 
2481.710871 0.001147 
2480.543760 0.001211 
2479.376648 0.001342 
2478.209536 0.001469 
2477.042424 0.001622 
2475.875313 0.001817 
2474.708201 0.002046 
2473.541089 0.002271 
2472.373978 0.002520 
2471.206866 0.002759 
2470.039754 0.003017 
2468.872642 0.003236 
2467.705531 0.003448 
2466.538419 0.003604 
2465.371307 0.003710 
2464.204195 0.003759 
2463.037084 0.003743 
2461.869972 0.003708 
2460.702860 0.003636 
2459.535748 0.003464 
2458.368637 0.003271 
2457.201525 0.003049 
2456.034413 0.002760 
2454.867301 0.002501 
2453.700190 0.002234 
2452.533078 0.001935 
2451.365966 0.001682 
2450.198854 0.001480 
2449.031743 0.001250 
2447.864631 0.001042 
2446.697519 0.000879 
2445.530408 0.000718 
2444.363296 0.000514 
2443.196184 0.000410 
2442.029072 0.000316 
2440.861961 0.000222 
2439.694849 0.000166 
2438.527737 0.000101 
2437.360625 0.000051 
2436.193514 0.000025 
2435.026402 0.000014 
2433.859290 0.000027 
2432.692178 0.000015 
2431.525067 -0.000020 
2430.357955 0.000013 
2429.190843 0.000005 
2428.023731 0.000028 
2426.856620 0.000030 
2425.689508 0.000014 
2424.522396 0.000013 
2423.355285 0.000013 
2422.188173 -0.000012 
2421.021061 -0.000004 
2419.853949 0.000000 
2418.686838 -0.000008 
2417.519726 0.000022 
2416.352614 0.000025 
2415.185502 0.000012 
2414.018391 -0.000012 
2412.851279 0.000000 
2411.684167 -0.000012 
2410.517055 0.000029 
2409.349944 0.000033 
2408.182832 0.000011 
2407.015720 -0.000013 
2405.848608 -0.000004 
2404.681497 -0.000021 
2403.514385 -0.000038 
2402.347273 -0.000038 
2401.180162 -0.000033 
2400.013050 -0.000041 
2398.845938 -0.000037 
2397.678826 -0.000045 
2396.511715 -0.000055 
2395.344603 -0.000038 
2394.177491 -0.000058 
2393.010379 -0.000055 
2391.843268 -0.000042 
2390.676156 -0.000054 
2389.509044 -0.000070 
2388.341932 -0.000049 
2387.174821 -0.000061 
2386.007709 -0.000086 
2384.840597 -0.000095 
2383.673485 -0.000087 
2382.506374 -0.000069 
2381.339262 -0.000067 
2380.172150 -0.000082 
2379.005039 -0.000075 
2377.837927 -0.000083 
2376.670815 -0.000080 
2375.503703 -0.000106 
2374.336592 -0.000060 
2373.169480 -0.000022 
2372.002368 -0.000057 
2370.835256 -0.000058 
2369.668145 -0.000010 
2368.501033 0.000018 
2367.333921 0.000044 
2366.166809 0.000043 
2364.999698 0.000028 
2363.832586 0.000039 
2362.665474 0.000023 
2361.498362 0.000046 
2360.331251 0.000082 
2359.164139 0.000059 
2357.997027 0.000027 
2356.829915 0.000029 
2355.662804 0.000025 
2354.495692 -0.000009 
2353.328580 -0.000042 
2352.161469 -0.000025 
2350.994357 -0.000067 
2349.827245 -0.000141 
2348.660133 -0.000134 
2347.493022 -0.000070 
2346.325910 0.000075 
2345.158798 0.000516 
2343.991686 0.001541 
2342.824575 0.003101 
2341.657463 0.004246 
2340.490351 0.003952 
2339.323239 0.002502 
2338.156128 0.001120 
2336.989016 0.000429 
2335.821904 0.000271 
2334.654792 0.000261 
2333.487681 0.000247 
2332.320569 0.000276 
2331.153457 0.000272 
2329.986346 0.000302 
2328.819234 0.000301 
2327.652122 0.000332 
2326.485010 0.000504 
2325.317899 0.000516 
2324.150787 0.000410 
2322.983675 0.000387 
2321.816563 0.000321 
2320.649452 0.000307 
2319.482340 0.000312 
2318.315228 0.000271 
2317.148116 0.000231 
2315.981005 0.000249 
2314.813893 0.000270 
2313.646781 0.000241 
2312.479669 0.000226 
2311.312558 0.000198 
2310.145446 0.000201 
2308.978334 0.000159 
2307.811223 0.000138 
2306.644111 0.000130 
2305.476999 0.000115 
2304.309887 0.000142 
2303.142776 0.000117 
2301.975664 0.000076 
2300.808552 0.000065 
2299.641440 0.000070 
2298.474329 0.000057 
2297.307217 0.000052 
2296.140105 0.000016 
2294.972993 0.000025 
2293.805882 0.000004 
2292.638770 -0.000017 
2291.471658 -0.000014 
2290.304546 -0.000011 
2289.137435 0.000000 
2287.970323 -0.000037 
2286.803211 -0.000029 
2285.636099 -0.000038 
2284.468988 -0.000046 
2283.301876 -0.000067 
2282.134764 -0.000033 
2280.967653 -0.000085 
2279.800541 -0.000090 
2278.633429 -0.000048 
2277.466317 -0.000005 
2276.299206 -0.000027 
2275.132094 -0.000032 
2273.964982 -0.000056 
2272.797870 -0.000071 
2271.630759 -0.000072 
2270.463647 -0.000051 
2269.296535 -0.000072 
2268.129423 -0.000037 
2266.962312 0.000023 
2265.795200 0.000016 
2264.628088 0.000062 
2263.460976 0.000118 
2262.293865 0.000229 
2261.126753 0.000321 
2259.959641 0.000468 
2258.792530 0.000619 
2257.625418 0.000745 
2256.458306 0.000895 
2255.291194 0.001040 
2254.124083 0.001199 
2252.956971 0.001389 
2251.789859 0.001601 
2250.622747 0.001848 
2249.455636 0.002103 
2248.288524 0.002388 
2247.121412 0.002733 
2245.954300 0.003022 
2244.787189 0.003388 
2243.620077 0.003777 
2242.452965 0.004134 
2241.285853 0.004457 
2240.118742 0.004841 
2238.951630 0.005207 
2237.784518 0.005506 
2236.617407 0.005696 
2235.450295 0.005891 
2234.283183 0.005989 
2233.116071 0.006011 
2231.948960 0.005905 
2230.781848 0.005730 
2229.614736 0.005466 
2228.447624 0.005100 
2227.280513 0.004717 
2226.113401 0.004327 
2224.946289 0.003930 
2223.779177 0.003533 
2222.612066 0.003156 
2221.444954 0.002801 
2220.277842 0.002511 
2219.110730 0.002200 
2217.943619 0.001959 
2216.776507 0.001757 
2215.609395 0.001581 
2214.442284 0.001456 
2213.275172 0.001321 
2212.108060 0.001279 
2210.940948 0.001237 
2209.773837 0.001145 
2208.606725 0.001093 
2207.439613 0.001000 
2206.272501 0.000884 
2205.105390 0.000842 
2203.938278 0.000824 
2202.771166 0.000780 
2201.604054 0.000713 
2200.436943 0.000677 
2199.269831 0.000624 
2198.102719 0.000646 
2196.935607 0.000566 
2195.768496 0.000530 
2194.601384 0.000505 
2193.434272 0.000501 
2192.267160 0.000496 
2191.100049 0.000425 
2189.932937 0.000374 
2188.765825 0.000349 
2187.598714 0.000332 
2186.431602 0.000303 
2185.264490 0.000248 
2184.097378 0.000238 
2182.930267 0.000213 
2181.763155 0.000168 
2180.596043 0.000187 
2179.428931 0.000133 
2178.261820 0.000103 
2177.094708 0.000112 
2175.927596 0.000112 
2174.760484 0.000098 
2173.593373 0.000084 
2172.426261 0.000034 
2171.259149 0.000012 
2170.092037 0.000017 
2168.924926 0.000000 
2167.757814 0.000014 
2166.590702 0.000022 
2165.423591 -0.000006 
2164.256479 -0.000044 
2163.089367 -0.000016 
2161.922255 -0.000045 
2160.755144 -0.000045 
2159.588032 -0.000052 
2158.420920 -0.000059 
2157.253808 -0.000084 
2156.086697 -0.000085 
2154.919585 -0.000067 
2153.752473 -0.000075 
2152.585361 -0.000069 
2151.418250 -0.000063 
2150.251138 -0.000040 
2149.084026 -0.000035 
2147.916914 -0.000044 
2146.749803 -0.000058 
2145.582691 0.000000 
2144.415579 0.000007 
2143.248468 0.000071 
2142.081356 0.000141 
2140.914244 0.000210 
2139.747132 0.000361 
2138.580021 0.000556 
2137.412909 0.000680 
2136.245797 0.000760 
2135.078685 0.000791 
2133.911574 0.000771 
2132.744462 0.000736 
2131.577350 0.000709 
2130.410238 0.000708 
2129.243127 0.000727 
2128.076015 0.000748 
2126.908903 0.000780 
2125.741791 0.000852 
2124.574680 0.000894 
2123.407568 0.000923 
2122.240456 0.000901 
2121.073344 0.000915 
2119.906233 0.000918 
2118.739121 0.000882 
2117.572009 0.000854 
2116.404898 0.000833 
2115.237786 0.000780 
2114.070674 0.000717 
2112.903562 0.000673 
2111.736451 0.000621 
2110.569339 0.000540 
2109.402227 0.000446 
2108.235115 0.000364 
2107.068004 0.000324 
2105.900892 0.000290 
2104.733780 0.000227 
2103.566668 0.000173 
2102.399557 0.000133 
2101.232445 0.000110 
2100.065333 0.000113 
2098.898221 0.000091 
2097.731110 0.000061 
2096.563998 0.000048 
2095.396886 0.000068 
2094.229775 0.000049 
2093.062663 0.000046 
2091.895551 0.000037 
2090.728439 0.000030 
2089.561328 0.000049 
2088.394216 0.000059 
2087.227104 0.000023 
2086.059992 0.000019 
2084.892881 0.000023 
2083.725769 0.000010 
2082.558657 0.000021 
2081.391545 0.000025 
2080.224434 0.000016 
2079.057322 -0.000016 
2077.890210 0.000019 
2076.723098 0.000019 
2075.555987 0.000048 
2074.388875 0.000003 
2073.221763 -0.000007 
2072.054652 -0.000006 
2070.887540 0.000015 
2069.720428 0.000005 
2068.553316 0.000001 
2067.386205 -0.000034 
2066.219093 -0.000017 
2065.051981 -0.000027 
2063.884869 -0.000042 
2062.717758 0.000002 
2061.550646 -0.000000 
2060.383534 -0.000024 
2059.216422 -0.000080 
2058.049311 -0.000099 
2056.882199 -0.000086 
2055.715087 -0.000057 
2054.547975 -0.000064 
2053.380864 -0.000058 
2052.213752 -0.000052 
2051.046640 -0.000018 
2049.879529 -0.000031 
2048.712417 -0.000044 
2047.545305 -0.000017 
2046.378193 0.000011 
2045.211082 0.000011 
2044.043970 -0.000020 
2042.876858 0.000023 
2041.709746 0.000030 
2040.542635 0.000081 
2039.375523 0.000121 
2038.208411 0.000183 
2037.041299 0.000168 
2035.874188 0.000209 
2034.707076 0.000257 
2033.539964 0.000308 
2032.372852 0.000397 
2031.205741 0.000461 
2030.038629 0.000546 
2028.871517 0.000628 
2027.704405 0.000736 
2026.537294 0.000860 
2025.370182 0.001055 
2024.203070 0.001200 
2023.035959 0.001395 
2021.868847 0.001611 
2020.701735 0.001825 
2019.534623 0.002077 
2018.367512 0.002379 
2017.200400 0.002689 
2016.033288 0.003012 
2014.866176 0.003326 
2013.699065 0.003675 
2012.531953 0.003989 
2011.364841 0.004338 
2010.197729 0.004644 
2009.030618 0.004930 
2007.863506 0.005172 
2006.696394 0.005326 
2005.529282 0.005459 
2004.362171 0.005511 
2003.195059 0.005498 
2002.027947 0.005366 
2000.860836 0.005172 
1999.693724 0.004907 
1998.526612 0.004608 
1997.359500 0.004264 
1996.192389 0.003888 
1995.025277 0.003516 
1993.858165 0.003139 
1992.691053 0.002781 
1991.523942 0.002452 
1990.356830 0.002157 
1989.189718 0.001826 
1988.022606 0.001591 
1986.855495 0.001345 
1985.688383 0.001152 
1984.521271 0.000971 
1983.354159 0.000830 
1982.187048 0.000718 
1981.019936 0.000622 
1979.852824 0.000530 
1978.685713 0.000452 
1977.518601 0.000421 
1976.351489 0.000398 
1975.184377 0.000338 
1974.017266 0.000293 
1972.850154 0.000283 
1971.683042 0.000230 
1970.515930 0.000230 
1969.348819 0.000226 
1968.181707 0.000257 
1967.014595 0.000286 
1965.847483 0.000305 
1964.680372 0.000303 
1963.513260 0.000313 
1962.346148 0.000327 
1961.179036 0.000327 
1960.011925 0.000300 
1958.844813 0.000307 
1957.677701 0.000261 
1956.510589 0.000286 
1955.343478 0.000291 
1954.176366 0.000226 
1953.009254 0.000184 
1951.842143 0.000157 
1950.675031 0.000116 
1949.507919 0.000053 
1948.340807 0.000029 
1947.173696 0.000015 
1946.006584 -0.000011 
1944.839472 -0.000039 
1943.672360 -0.000053 
1942.505249 -0.000069 
1941.338137 -0.000093 
1940.171025 -0.000128 
1939.003913 -0.000139 
1937.836802 -0.000153 
1936.669690 -0.000176 
1935.502578 -0.000192 
1934.335466 -0.000166 
1933.168355 -0.000157 
1932.001243 -0.000145 
1930.834131 -0.000130 
1929.667020 -0.000138 
1928.499908 -0.000114 
1927.332796 -0.000113 
1926.165684 -0.000103 
1924.998573 -0.000088 
1923.831461 -0.000060 
1922.664349 -0.000064 
1921.497237 -0.000071 
1920.330126 -0.000069 
1919.163014 -0.000057 
1917.995902 -0.000038 
1916.828790 -0.000055 
1915.661679 -0.000080 
1914.494567 -0.000120 
1913.327455 -0.000109 
1912.160343 -0.000130 
1910.993232 -0.000080 
1909.826120 -0.000112 
1908.659008 -0.000114 
1907.491897 -0.000124 
1906.324785 -0.000086 
1905.157673 -0.000059 
1903.990561 -0.000088 
1902.823450 -0.000100 
1901.656338 -0.000057 
1900.489226 -0.000042 
1899.322114 -0.000041 
1898.155003 -0.000032 
1896.987891 -0.000043 
1895.820779 -0.000050 
1894.653667 -0.000041 
1893.486556 -0.000003 
1892.319444 0.000005 
1891.152332 0.000015 
1889.985220 0.000051 
1888.818109 0.000034 
1887.650997 0.000044 
1886.483885 0.000076 
1885.316774 0.000078 
1884.149662 0.000133 
1882.982550 0.000173 
1881.815438 0.000170 
1880.648327 0.000207 
1879.481215 0.000213 
1878.314103 0.000240 
1877.146991 0.000255 
1875.979880 0.000307 
1874.812768 0.000348 
1873.645656 0.000383 
1872.478544 0.000393 
1871.311433 0.000415 
1870.144321 0.000438 
1868.977209 0.000480 
1867.810097 0.000472 
1866.642986 0.000463 
1865.475874 0.000455 
1864.308762 0.000465 
1863.141650 0.000409 
1861.974539 0.000379 
1860.807427 0.000331 
1859.640315 0.000266 
1858.473204 0.000246 
1857.306092 0.000174 
1856.138980 0.000110 
1854.971868 0.000052 
1853.804757 -0.000006 
1852.637645 -0.000049 
1851.470533 -0.000074 
1850.303421 -0.000091 
1849.136310 -0.000071 
1847.969198 -0.000072 
1846.802086 -0.000070 
1845.634974 -0.000065 
1844.467863 -0.000015 
1843.300751 -0.000045 
1842.133639 -0.000074 
1840.966527 -0.000065 
1839.799416 -0.000072 
1838.632304 -0.000048 
1837.465192 -0.000048 
1836.298081 -0.000026 
1835.130969 -0.000044 
1833.963857 -0.000027 
1832.796745 -0.000021 
1831.629634 -0.000000 
1830.462522 0.000021 
1829.295410 0.000019 
1828.128298 0.000026 
1826.961187 0.000055 
1825.794075 0.000086 
1824.626963 0.000144 
1823.459851 0.000162 
1822.292740 0.000202 
1821.125628 0.000211 
1819.958516 0.000238 
1818.791404 0.000262 
1817.624293 0.000265 
1816.457181 0.000302 
1815.290069 0.000372 
1814.122958 0.000467 
1812.955846 0.000569 
1811.788734 0.000693 
1810.621622 0.000853 
1809.454511 0.000999 
1808.287399 0.001185 
1807.120287 0.001396 
1805.953175 0.001660 
1804.786064 0.001935 
1803.618952 0.002295 
1802.451840 0.002680 
1801.284728 0.003150 
1800.117617 0.003642 
1798.950505 0.004254 
1797.783393 0.004910 
1796.616281 0.005682 
1795.449170 0.006541 
1794.282058 0.007558 
1793.114946 0.008684 
1791.947835 0.009951 
1790.780723 0.011340 
1789.613611 0.012857 
1788.446499 0.014604 
1787.279388 0.016526 
1786.112276 0.018634 
1784.945164 0.020860 
1783.778052 0.023238 
1782.610941 0.025744 
1781.443829 0.028331 
1780.276717 0.030937 
1779.109605 0.033517 
1777.942494 0.036006 
1776.775382 0.038327 
1775.608270 0.040373 
1774.441158 0.042069 
1773.274047 0.043393 
1772.106935 0.044199 
1770.939823 0.044441 
1769.772711 0.044192 
1768.605600 0.043479 
1767.438488 0.042268 
1766.271376 0.040575 
1765.104265 0.038543 
1763.937153 0.036255 
1762.770041 0.033785 
1761.602929 0.031254 
1760.435818 0.028599 
1759.268706 0.026078 
1758.101594 0.023694 
1756.934482 0.021477 
1755.767371 0.019378 
1754.600259 0.017486 
1753.433147 0.015762 
1752.266035 0.014229 
1751.098924 0.012941 
1749.931812 0.011704 
1748.764700 0.010733 
1747.597588 0.009895 
1746.430477 0.009296 
1745.263365 0.008860 
1744.096253 0.008771 
1742.929142 0.009012 
1741.762030 0.009671 
1740.594918 0.010940 
1739.427806 0.013120 
1738.260695 0.016590 
1737.093583 0.022183 
1735.926471 0.031910 
1734.759359 0.050424 
1733.592248 0.090522 
1732.425136 0.174536 
1731.258024 0.310819 
1730.090912 0.470873 
1728.923801 0.615800 
1727.756689 0.734405 
1726.589577 0.830536 
1725.422465 0.903185 
1724.255354 0.954189 
1723.088242 0.980634 
1721.921130 0.998528 
1720.754019 1.000000 
1719.586907 0.990748 
1718.419795 0.981809 
1717.252683 0.968948 
1716.085572 0.934825 
1714.918460 0.892278 
1713.751348 0.837430 
1712.584236 0.770243 
1711.417125 0.693134 
1710.250013 0.610873 
1709.082901 0.524686 
1707.915789 0.436425 
1706.748678 0.345382 
1705.581566 0.252668 
1704.414454 0.168628 
1703.247342 0.109877 
1702.080231 0.078368 
1700.913119 0.062173 
1699.746007 0.052924 
1698.578895 0.046495 
1697.411784 0.041844 
1696.244672 0.038375 
1695.077560 0.035468 
1693.910449 0.033094 
1692.743337 0.031376 
1691.576225 0.030217 
1690.409113 0.029457 
1689.242002 0.029033 
1688.074890 0.028929 
1686.907778 0.029123 
1685.740666 0.029855 
1684.573555 0.031371 
1683.406443 0.033269 
1682.239331 0.035622 
1681.072219 0.037891 
1679.905108 0.039338 
1678.737996 0.039322 
1677.570884 0.037447 
1676.403772 0.034064 
1675.236661 0.029772 
1674.069549 0.025231 
1672.902437 0.021304 
1671.735326 0.018344 
1670.568214 0.016182 
1669.401102 0.014804 
1668.233990 0.013815 
1667.066879 0.013129 
1665.899767 0.012625 
1664.732655 0.012246 
1663.565543 0.011936 
1662.398432 0.011681 
1661.231320 0.011405 
1660.064208 0.011265 
1658.897096 0.011193 
1657.729985 0.011145 
1656.562873 0.011194 
1655.395761 0.011364 
1654.228649 0.011709 
1653.061538 0.012188 
1651.894426 0.012538 
1650.727314 0.012904 
1649.560203 0.013461 
1648.393091 0.014110 
1647.225979 0.014814 
1646.058867 0.015528 
1644.891756 0.016102 
1643.724644 0.016617 
1642.557532 0.017130 
1641.390420 0.017499 
1640.223309 0.017662 
1639.056197 0.017729 
1637.889085 0.017652 
1636.721973 0.017401 
1635.554862 0.016963 
1634.387750 0.016214 
1633.220638 0.015289 
1632.053526 0.014269 
1630.886415 0.013152 
1629.719303 0.012019 
1628.552191 0.010892 
1627.385080 0.009834 
1626.217968 0.008814 
1625.050856 0.007939 
1623.883744 0.007202 
1622.716633 0.006519 
1621.549521 0.005952 
1620.382409 0.005422 
1619.215297 0.004973 
1618.048186 0.004569 
1616.881074 0.004346 
1615.713962 0.003913 
1614.546850 0.003556 
1613.379739 0.003281 
1612.212627 0.003053 
1611.045515 0.002781 
1609.878403 0.002545 
1608.711292 0.002363 
1607.544180 0.002165 
1606.377068 0.001986 
1605.209956 0.001809 
1604.042845 0.001645 
1602.875733 0.001478 
1601.708621 0.001344 
1600.541510 0.001202 
1599.374398 0.001079 
1598.207286 0.000921 
1597.040174 0.000821 
1595.873063 0.000692 
1594.705951 0.000589 
1593.538839 0.000488 
1592.371727 0.000379 
1591.204616 0.000282 
1590.037504 0.000198 
1588.870392 0.000133 
1587.703280 0.000062 
1586.536169 -0.000005 
1585.369057 -0.000037 
1584.201945 -0.000092 
1583.034833 -0.000160 
1581.867722 -0.000148 
1580.700610 -0.000202 
1579.533498 -0.000175 
1578.366387 -0.000179 
1577.199275 -0.000083 
1576.032163 0.000091 
1574.865051 0.000058 
1573.697940 0.000091 
1572.530828 0.000222 
1571.363716 0.000372 
1570.196604 0.000663 
1569.029493 0.000899 
1567.862381 0.001108 
1566.695269 0.001396 
1565.528157 0.001744 
1564.361046 0.002136 
1563.193934 0.002499 
1562.026822 0.002895 
1560.859710 0.003409 
1559.692599 0.003955 
1558.525487 0.004353 
1557.358375 0.004673 
1556.191264 0.004929 
1555.024152 0.005304 
1553.857040 0.005618 
1552.689928 0.005809 
1551.522817 0.006056 
1550.355705 0.006254 
1549.188593 0.006347 
1548.021481 0.006364 
1546.854370 0.006345 
1545.687258 0.006237 
1544.520146 0.006052 
1543.353034 0.005772 
1542.185923 0.005505 
1541.018811 0.005092 
1539.851699 0.004780 
1538.684587 0.004436 
1537.517476 0.003995 
1536.350364 0.003621 
1535.183252 0.003267 
1534.016140 0.002958 
1532.849029 0.002573 
1531.681917 0.002190 
1530.514805 0.001865 
1529.347694 0.001610 
1528.180582 0.001346 
1527.013470 0.001071 
1525.846358 0.000853 
1524.679247 0.000671 
1523.512135 0.000458 
1522.345023 0.000420 
1521.177911 0.000413 
1520.010800 0.000313 
1518.843688 0.000189 
1517.676576 0.000190 
1516.509464 0.000116 
1515.342353 0.000069 
1514.175241 0.000046 
1513.008129 0.000002 
1511.841017 -0.000005 
1510.673906 -0.000039 
1509.506794 -0.000015 
1508.339682 0.000011 
1507.172571 0.000104 
1506.005459 0.000099 
1504.838347 0.000059 
1503.671235 -0.000026 
1502.504124 -0.000013 
1501.337012 -0.000036 
1500.169900 -0.000003 
1499.002788 0.000038 
1497.835677 0.000047 
1496.668565 0.000088 
1495.501453 0.000063 
1494.334341 -0.000016 
1493.167230 -0.000004 
1492.000118 0.000048 
1490.833006 0.000070 
1489.665894 0.000075 
1488.498783 0.000059 
1487.331671 0.000077 
1486.164559 0.000034 
1484.997448 0.000053 
1483.830336 0.000029 
1482.663224 0.000027 
1481.496112 0.000012 
1480.329001 -0.000011 
1479.161889 -0.000017 
1477.994777 -0.000015 
1476.827665 0.000000 
1475.660554 0.000007 
1474.493442 -0.000023 
1473.326330 -0.000002 
1472.159218 -0.000006 
1470.992107 -0.000045 
1469.824995 -0.000076 
1468.657883 -0.000099 
1467.490771 -0.000090 
1466.323660 -0.000065 
1465.156548 0.000054 
1463.989436 0.000093 
1462.822325 0.000145 
1461.655213 0.000240 
1460.488101 0.000362 
1459.320989 0.000549 
1458.153878 0.000814 
1456.986766 0.001212 
1455.819654 0.001597 
1454.652542 0.002221 
1453.485431 0.003305 
1452.318319 0.005088 
1451.151207 0.007906 
1449.984095 0.012338 
1448.816984 0.018694 
1447.649872 0.027492 
1446.482760 0.038452 
1445.315648 0.051310 
1444.148537 0.065436 
1442.981425 0.080376 
1441.814313 0.095639 
1440.647201 0.111017 
1439.480090 0.126238 
1438.312978 0.141208 
1437.145866 0.155769 
1435.978755 0.169512 
1434.811643 0.182181 
1433.644531 0.193506 
1432.477419 0.203148 
1431.310308 0.210634 
1430.143196 0.215440 
1428.976084 0.217617 
1427.808972 0.216975 
1426.641861 0.213481 
1425.474749 0.206952 
1424.307637 0.197420 
1423.140525 0.184748 
1421.973414 0.168902 
1420.806302 0.150428 
1419.639190 0.130747 
1418.472078 0.112311 
1417.304967 0.098030 
1416.137855 0.089053 
1414.970743 0.084786 
1413.803632 0.083837 
1412.636520 0.084580 
1411.469408 0.085877 
1410.302296 0.086995 
1409.135185 0.087276 
1407.968073 0.086464 
1406.800961 0.084469 
1405.633849 0.081469 
1404.466738 0.077821 
1403.299626 0.073983 
1402.132514 0.070774 
1400.965402 0.068780 
1399.798291 0.068376 
1398.631179 0.069486 
1397.464067 0.071943 
1396.296955 0.075179 
1395.129844 0.078569 
1393.962732 0.081226 
1392.795620 0.082362 
1391.628509 0.081399 
1390.461397 0.077994 
1389.294285 0.071857 
1388.127173 0.063725 
1386.960062 0.054215 
1385.792950 0.044430 
1384.625838 0.035352 
1383.458726 0.027654 
1382.291615 0.021478 
1381.124503 0.016821 
1379.957391 0.013412 
1378.790279 0.010877 
1377.623168 0.008990 
1376.456056 0.007476 
1375.288944 0.006350 
1374.121832 0.005424 
1372.954721 0.004656 
1371.787609 0.004023 
1370.620497 0.003572 
1369.453385 0.003198 
1368.286274 0.002939 
1367.119162 0.002817 
1365.952050 0.002988 
1364.784939 0.003720 
1363.617827 0.005564 
1362.450715 0.009291 
1361.283603 0.016171 
1360.116492 0.026946 
1358.949380 0.042446 
1357.782268 0.062621 
1356.615156 0.087195 
1355.448045 0.115745 
1354.280933 0.147298 
1353.113821 0.181163 
1351.946709 0.215917 
1350.779598 0.250441 
1349.612486 0.283113 
1348.445374 0.311899 
1347.278262 0.332555 
1346.111151 0.342001 
1344.944039 0.336708 
1343.776927 0.315547 
1342.609816 0.279151 
1341.442704 0.230842 
1340.275592 0.177170 
1339.108480 0.125963 
1337.941369 0.083422 
1336.774257 0.053111 
1335.607145 0.033950 
1334.440033 0.022937 
1333.272922 0.016908 
1332.105810 0.013240 
1330.938698 0.010886 
1329.771586 0.009126 
1328.604475 0.007795 
1327.437363 0.006804 
1326.270251 0.006065 
1325.103139 0.005537 
1323.936028 0.005109 
1322.768916 0.004766 
1321.601804 0.004463 
1320.434693 0.004252 
1319.267581 0.004041 
1318.100469 0.003884 
1316.933357 0.003695 
1315.766246 0.003562 
1314.599134 0.003416 
1313.432022 0.003304 
1312.264910 0.003240 
1311.097799 0.003164 
1309.930687 0.003108 
1308.763575 0.003077 
1307.596463 0.003079 
1306.429352 0.003082 
1305.262240 0.003086 
1304.095128 0.003061 
1302.928016 0.003006 
1301.760905 0.002906 
1300.593793 0.002795 
1299.426681 0.002655 
1298.259570 0.002512 
1297.092458 0.002373 
1295.925346 0.002272 
1294.758234 0.002140 
1293.591123 0.002046 
1292.424011 0.001938 
1291.256899 0.001829 
1290.089787 0.001706 
1288.922676 0.001593 
1287.755564 0.001481 
1286.588452 0.001349 
1285.421340 0.001229 
1284.254229 0.001070 
1283.087117 0.000975 
1281.920005 0.000849 
1280.752893 0.000714 
1279.585782 0.000606 
1278.418670 0.000537 
1277.251558 0.000440 
1276.084446 0.000361 
1274.917335 0.000303 
1273.750223 0.000221 
1272.583111 0.000155 
1271.416000 0.000107 
1270.248888 0.000073 
1269.081776 0.000027 
1267.914664 0.000015 
1266.747553 -0.000005 
1265.580441 -0.000007 
1264.413329 -0.000005 
1263.246217 0.000033 
1262.079106 0.000025 
1260.911994 0.000057 
1259.744882 0.000058 
1258.577770 0.000040 
1257.410659 0.000023 
1256.243547 0.000004 
1255.076435 -0.000000 
1253.909323 -0.000001 
1252.742212 -0.000026 
1251.575100 -0.000042 
1250.407988 -0.000060 
1249.240877 -0.000063 
1248.073765 -0.000034 
1246.906653 -0.000029 
1245.739541 0.000020 
1244.572430 0.000018 
1243.405318 0.000022 
1242.238206 0.000021 
1241.071094 0.000031 
1239.903983 0.000007 
1238.736871 0.000009 
1237.569759 -0.000001 
1236.402647 0.000023 
1235.235536 0.000015 
1234.068424 0.000010 
1232.901312 0.000005 
1231.734200 0.000032 
1230.567089 0.000074 
1229.399977 0.000079 
1228.232865 0.000076 
1227.065754 0.000033 
1225.898642 0.000022 
1224.731530 -0.000012 
1223.564418 0.000011 
1222.397307 0.000004 
1221.230195 0.000027 
1220.063083 0.000017 
1218.895971 0.000014 
1217.728860 -0.000012 
1216.561748 0.000000 
1215.394636 0.000019 
1214.227524 0.000029 
1213.060413 0.000036 
1211.893301 0.000013 
1210.726189 0.000032 
1209.559077 0.000010 
1208.391966 0.000038 
1207.224854 0.000002 
1206.057742 0.000004 
1204.890630 0.000001 
1203.723519 0.000006 
1202.556407 -0.000018 
1201.389295 0.000010 
1200.222184 0.000013 
1199.055072 0.000031 
1197.887960 0.000029 
1196.720848 0.000002 
1195.553737 0.000005 
1194.386625 -0.000028 
1193.219513 -0.000044 
1192.052401 -0.000062 
1190.885290 -0.000051 
1189.718178 -0.000077 
1188.551066 -0.000045 
1187.383954 -0.000006 
1186.216843 -0.000021 
1185.049731 -0.000005 
1183.882619 0.000013 
1182.715507 0.000023 
1181.548396 0.000083 
1180.381284 0.000074 
1179.214172 0.000042 
1178.047061 0.000009 
1176.879949 -0.000018 
1175.712837 -0.000024 
1174.545725 -0.000022 
1173.378614 0.000032 
1172.211502 0.000052 
1171.044390 0.000044 
1169.877278 -0.000069 
1168.710167 -0.000161 
1167.543055 -0.000266 
1166.375943 -0.000331 
1165.208831 -0.000365 
1164.041720 -0.000432 
1162.874608 -0.000494 
1161.707496 -0.000545 
1160.540384 -0.000606 
1159.373273 -0.000675 
1158.206161 -0.000728 
1157.039049 -0.000791 
1155.871938 -0.000851 
1154.704826 -0.000926 
1153.537714 -0.001010 
1152.370602 -0.001105 
1151.203491 -0.001191 
1150.036379 -0.001311 
1148.869267 -0.001373 
1147.702155 -0.001514 
1146.535044 -0.001604 
1145.367932 -0.001721 
1144.200820 -0.001893 
1143.033708 -0.002041 
1141.866597 -0.002160 
1140.699485 -0.002293 
1139.532373 -0.002367 
1138.365261 -0.002280 
1137.198150 -0.002011 
1136.031038 -0.001109 
1134.863926 0.001254 
1133.696815 0.006934 
1132.529703 0.018269 
1131.362591 0.038275 
1130.195479 0.066848 
1129.028368 0.101663 
1127.861256 0.138016 
1126.694144 0.171875 
1125.527032 0.200038 
1124.359921 0.220800 
1123.192809 0.232093 
1122.025697 0.233705 
1120.858585 0.225842 
1119.691474 0.209077 
1118.524362 0.185091 
1117.357250 0.154907 
1116.190138 0.124264 
1115.023027 0.100096 
1113.855915 0.085104 
1112.688803 0.076857 
1111.521691 0.071925 
1110.354580 0.067374 
1109.187468 0.061987 
1108.020356 0.055392 
1106.853245 0.047892 
1105.686133 0.039998 
1104.519021 0.032343 
1103.351909 0.025581 
1102.184798 0.019954 
1101.017686 0.015716 
1099.850574 0.012780 
1098.683462 0.010864 
1097.516351 0.009538 
1096.349239 0.008619 
1095.182127 0.007899 
1094.015015 0.007325 
1092.847904 0.006817 
1091.680792 0.006401 
1090.513680 0.006061 
1089.346568 0.005756 
1088.179457 0.005460 
1087.012345 0.005224 
1085.845233 0.005035 
1084.678122 0.004873 
1083.511010 0.004671 
1082.343898 0.004488 
1081.176786 0.004314 
1080.009675 0.004183 
1078.842563 0.004038 
1077.675451 0.003908 
1076.508339 0.003800 
1075.341228 0.003667 
1074.174116 0.003497 
1073.007004 0.003432 
1071.839892 0.003273 
1070.672781 0.003148 
1069.505669 0.003057 
1068.338557 0.002967 
1067.171445 0.002888 
1066.004334 0.002779 
1064.837222 0.002729 
1063.670110 0.002652 
1062.502999 0.002535 
1061.335887 0.002479 
1060.168775 0.002380 
1059.001663 0.002322 
1057.834552 0.002255 
1056.667440 0.002255 
1055.500328 0.002245 
1054.333216 0.002229 
1053.166105 0.002244 
1051.998993 0.002225 
1050.831881 0.002223 
1049.664769 0.002308 
1048.497658 0.002372 
1047.330546 0.002444 
1046.163434 0.002541 
1044.996322 0.002660 
1043.829211 0.002756 
1042.662099 0.002880 
1041.494987 0.003025 
1040.327875 0.003063 
1039.160764 0.003115 
1037.993652 0.003110 
1036.826540 0.003131 
1035.659429 0.003051 
1034.492317 0.002945 
1033.325205 0.002840 
1032.158093 0.002627 
1030.990982 0.002385 
1029.823870 0.002178 
1028.656758 0.001919 
1027.489646 0.001656 
1026.322535 0.001394 
1025.155423 0.001135 
1023.988311 0.000933 
1022.821199 0.000759 
1021.654088 0.000650 
1020.486976 0.000534 
1019.319864 0.000471 
1018.152752 0.000372 
1016.985641 0.000358 
1015.818529 0.000317 
1014.651417 0.000257 
1013.484306 0.000230 
1012.317194 0.000170 
1011.150082 0.000123 
1009.982970 0.000094 
1008.815859 0.000088 
1007.648747 0.000019 
1006.481635 -0.000015 
1005.314523 -0.000040 
1004.147412 -0.000028 
1002.980300 -0.000063 
1001.813188 -0.000039 
1000.646076 -0.000038 
999.478965 0.000000 
998.311853 -0.000043 
997.144741 -0.000055 
995.977629 -0.000053 
994.810518 -0.000036 
993.643406 -0.000042 
992.476294 -0.000037 
991.309183 -0.000043 
990.142071 -0.000072 
988.974959 -0.000116 
987.807847 -0.000120 
986.640736 -0.000112 
985.473624 -0.000095 
984.306512 -0.000075 
983.139400 -0.000053 
981.972289 -0.000065 
980.805177 -0.000069 
979.638065 -0.000058 
978.470953 -0.000074 
977.303842 -0.000084 
976.136730 -0.000062 
974.969618 -0.000014 
973.802506 0.000014 
972.635395 -0.000000 
971.468283 0.000008 
970.301171 0.000010 
969.134060 0.000007 
967.966948 0.000027 
966.799836 0.000032 
965.632724 0.000040 
964.465613 0.000036 
963.298501 -0.000003 
962.131389 0.000027 
960.964277 0.000028 
959.797166 0.000050 
958.630054 0.000018 
957.462942 0.000026 
956.295830 0.000006 
955.128719 -0.000057 
953.961607 -0.000082 
952.794495 -0.000054 
951.627383 -0.000036 
950.460272 -0.000068 
949.293160 -0.000149 
948.126048 -0.000178 
946.958936 -0.000134 
945.791825 -0.000134 
944.624713 -0.000173 
943.457601 -0.000231 
942.290490 -0.000229 
941.123378 -0.000275 
939.956266 -0.000288 
938.789154 -0.000302 
937.622043 -0.000313 
936.454931 -0.000309 
935.287819 -0.000296 
934.120707 -0.000292 
932.953596 -0.000294 
931.786484 -0.000242 
930.619372 -0.000202 
929.452260 -0.000145 
928.285149 -0.000119 
927.118037 -0.000039 
925.950925 -0.000014 
924.783813 0.000073 
923.616702 0.000149 
922.449590 0.000262 
921.282478 0.000330 
920.115367 0.000459 
918.948255 0.000590 
917.781143 0.000748 
916.614031 0.000932 
915.446920 0.001126 
914.279808 0.001354 
913.112696 0.001576 
911.945584 0.001915 
910.778473 0.002272 
909.611361 0.002649 
908.444249 0.003070 
907.277137 0.003559 
906.110026 0.004126 
904.942914 0.004801 
903.775802 0.005600 
902.608690 0.006558 
901.441579 0.007626 
900.274467 0.008898 
899.107355 0.010414 
897.940244 0.012147 
896.773132 0.014197 
895.606020 0.016505 
894.438908 0.019080 
893.271797 0.021855 
892.104685 0.024755 
890.937573 0.027573 
889.770461 0.030111 
888.603350 0.032085 
887.436238 0.033367 
886.269126 0.033650 
885.102014 0.032966 
883.934903 0.031355 
882.767791 0.028969 
881.600679 0.025975 
880.433567 0.022767 
879.266456 0.019697 
878.099344 0.016878 
876.932232 0.014468 
875.765121 0.012394 
874.598009 0.010661 
873.430897 0.009268 
872.263785 0.008102 
871.096674 0.007113 
869.929562 0.006360 
868.762450 0.005705 
867.595338 0.005124 
866.428227 0.004621 
865.261115 0.004208 
864.094003 0.003869 
862.926891 0.003602 
861.759780 0.003361 
860.592668 0.003099 
859.425556 0.002934 
858.258444 0.002786 
857.091333 0.002629 
855.924221 0.002495 
854.757109 0.002369 
853.589997 0.002281 
852.422886 0.002144 
851.255774 0.002028 
850.088662 0.001945 
848.921551 0.001851 
847.754439 0.001803 
846.587327 0.001731 
845.420215 0.001658 
844.253104 0.001614 
843.085992 0.001590 
841.918880 0.001534 
840.751768 0.001489 
839.584657 0.001450 
838.417545 0.001437 
837.250433 0.001357 
836.083321 0.001292 
834.916210 0.001271 
833.749098 0.001206 
832.581986 0.001162 
831.414874 0.001119 
830.247763 0.001079 
829.080651 0.001035 
827.913539 0.001037 
826.746428 0.001040 
825.579316 0.000969 
824.412204 0.000895 
823.245092 0.000869 
822.077981 0.000853 
820.910869 0.000839 
819.743757 0.000833 
818.576645 0.000821 
817.409534 0.000775 
816.242422 0.000717 
815.075310 0.000749 
813.908198 0.000664 
812.741087 0.000571 
811.573975 0.000592 
810.406863 0.000518 
809.239751 0.000418 
808.072640 0.000369 
806.905528 0.000374 
805.738416 0.000377 
804.571305 0.000309 
803.404193 0.000238 
802.237081 0.000175 
801.069969 0.000089 
799.902858 0.000041 
798.735746 0.000003 
797.568634 0.000048 
796.401522 -0.000001 
795.234411 0.000030 
794.067299 0.000065 
792.900187 0.000223 
791.733075 0.000487 
790.565964 0.000809 
789.398852 0.001378 
788.231740 0.002262 
787.064628 0.003591 
785.897517 0.005444 
784.730405 0.007895 
783.563293 0.010985 
782.396181 0.014711 
781.229070 0.019061 
780.061958 0.023810 
778.894846 0.028701 
777.727735 0.033482 
776.560623 0.037778 
775.393511 0.041377 
774.226399 0.044067 
773.059288 0.045513 
771.892176 0.045621 
770.725064 0.044319 
769.557952 0.041675 
768.390841 0.037796 
767.223729 0.033113 
766.056617 0.028054 
764.889505 0.023027 
763.722394 0.018368 
762.555282 0.014446 
761.388170 0.011183 
760.221058 0.008607 
759.053947 0.006634 
757.886835 0.005224 
756.719723 0.004210 
755.552612 0.003434 
754.385500 0.002855 
753.218388 0.002431 
752.051276 0.002119 
750.884165 0.001889 
749.717053 0.001628 
748.549941 0.001407 
747.382829 0.001251 
746.215718 0.001115 
745.048606 0.000924 
743.881494 0.000838 
742.714382 0.000791 
741.547271 0.000662 
740.380159 0.000591 
739.213047 0.000517 
738.045935 0.000381 
736.878824 0.000350 
735.711712 0.000266 
734.544600 0.000282 
733.377489 0.000212 
732.210377 0.000129 
731.043265 0.000059 
729.876153 -0.000002 
728.709042 -0.000032 
727.541930 -0.000013 
726.374818 -0.000067 
725.207706 -0.000074 
724.040595 -0.000116 
722.873483 -0.000081 
721.706371 -0.000107 
720.539259 -0.000158 
719.372148 -0.000136 
718.205036 -0.000088 
717.037924 -0.000105 
715.870812 -0.000156 
714.703701 -0.000152 
713.536589 -0.000146 
712.369477 -0.000175 
711.202366 -0.000191 
710.035254 -0.000180 
708.868142 -0.000141 
707.701030 -0.000138 
706.533919 -0.000175 
705.366807 -0.000140 
704.199695 -0.000101 
703.032583 -0.000118 
701.865472 -0.000128 
700.698360 -0.000118 
699.531248 -0.000119 
698.364136 -0.000112 
697.197025 -0.000119 
696.029913 -0.000036 
694.862801 -0.000055 
693.695689 -0.000095 
692.528578 -0.000050 
691.361466 -0.000026 
690.194354 -0.000040 
689.027242 -0.000000 
687.860131 0.000059 
686.693019 0.000067 
685.525907 0.000025 
684.358796 0.000007 
683.191684 0.000007 
682.024572 -0.000017 
680.857460 -0.000055 
679.690349 -0.000028 
678.523237 -0.000035 
677.356125 -0.000083 
676.189013 -0.000166 
675.021902 -0.000147 
673.854790 -0.000135 
672.687678 -0.000173 
671.520566 -0.000125 
670.353455 -0.000221 
669.186343 -0.000518 
668.019231 -0.000407 
666.852119 -0.000328 
665.685008 -0.000282 
664.517896 -0.000273 
663.350784 -0.000174 
662.183673 -0.000098 
661.016561 -0.000015 
659.849449 0.000082 
658.682337 0.000027 
657.515226 -0.000126 
656.348114 -0.000302 
655.181002 -0.000481 
654.013890 -0.000590 
652.846779 -0.000621 
651.679667 -0.000493 
650.512555 -0.000300 
649.345443 -0.000105 
648.178332 0.000185 
647.011220 0.000367 
645.844108 0.000388 
644.676996 0.000251 
643.509885 0.000027 
642.342773 -0.000317 
641.175661 -0.000683 
640.008550 -0.001013 
638.841438 -0.001126 
637.674326 -0.001200 
636.507214 -0.001198 
635.340103 -0.001135 
634.172991 -0.000989 
633.005879 -0.000689 
631.838767 -0.000569 
630.671656 -0.000362 
629.504544 -0.000172 
628.337432 0.000168 
627.170320 0.000381 
626.003209 0.000501 
624.836097 0.000474 
623.668985 0.000368 
622.501873 0.000292 
621.334762 0.000280 
620.167650 0.000212 
619.000538 0.000199 
617.833426 0.000293 
616.666315 0.000289 
615.499203 0.000132 
614.332091 0.000031 
613.164980 0.000067 
611.997868 0.000079 
610.830756 0.000069 
609.663644 0.000004 
608.496533 0.000013 
607.329421 -0.000119 
606.162309 -0.000153 
604.995197 -0.000154 
603.828086 -0.000208 
602.660974 -0.000172 
601.493862 -0.000129 
600.326750 -0.000040 
599.159639 -0.000119 
597.992527 -0.000156 
596.825415 0.000114 
595.658303 0.000081 
594.491192 0.000011 
593.324080 -0.000095 
592.156968 -0.000224 
590.989857 -0.000166 
589.822745 -0.000318 
588.655633 -0.000173 
587.488521 -0.000018 
586.321410 0.000020 
585.154298 0.000068 
583.987186 0.000106 
582.820074 0.000293 
581.652963 0.000366 
580.485851 0.000380 
579.318739 0.000470 
578.151627 0.000584 
576.984516 0.000059 
575.817404 -0.000306 
574.650292 0.000574 
573.483180 0.000414 
572.316069 0.000425 
571.148957 0.000526 
569.981845 0.000465 
568.814734 0.000265 
567.647622 0.000366 
566.480510 0.000150 
565.313398 0.000401 
564.146287 0.000343 
562.979175 0.000030 
561.812063 0.000315 
560.644951 0.000264 
559.477840 -0.000050 
558.310728 0.000284 
557.143616 0.000107 
555.976504 0.000072 
554.809393 0.000584 
553.642281 0.001067 
552.475169 0.000814 
551.308057 -0.000033 
550.140946 -0.000443 
548.973834 0.000500 
547.806722 0.000172 
546.639611 0.000252 
545.472499 0.000064 
544.305387 0.000156 
543.138275 0.000002 
541.971164 0.000086 
540.804052 0.000921 
539.636940 0.001041 
538.469828 0.001358 
537.302717 0.002170 
536.135605 0.002364 
534.968493 0.003328 
533.801381 0.005159 
532.634270 0.006495 
531.467158 0.008974 
530.300046 0.012665 
529.132934 0.018184 
527.965823 0.028151 
526.798711 0.043636 
525.631599 0.064070 
524.464487 0.089953 
523.297376 0.118692 
522.130264 0.146236 
520.963152 0.171477 
519.796041 0.192854 
518.628929 0.207035 
517.461817 0.212931 
516.294705 0.207358 
515.127594 0.187618 
513.960482 0.154481 
512.793370 0.109798 
511.626258 0.065113 
510.459147 0.032417 
509.292035 0.015463 
508.124923 0.008330 
506.957811 0.005227 
505.790700 0.003173 
504.623588 0.002827 
503.456476 0.002899 
502.289364 0.001355 
501.122253 0.000833 
499.955141 0.001967 
