4000.123242 0.001647 
3998.956130 0.001358 
3997.789019 0.001085 
3996.621907 0.000896 
3995.454795 0.001075 
3994.287683 0.001132 
3993.120572 0.001211 
3991.953460 0.001208 
3990.786348 0.001352 
3989.619236 0.001490 
3988.452125 0.001694 
3987.285013 0.001816 
3986.117901 0.001893 
3984.950789 0.002100 
3983.783678 0.002415 
3982.616566 0.002800 
3981.449454 0.002955 
3980.282342 0.002805 
3979.115231 0.002525 
3977.948119 0.002399 
3976.781007 0.002346 
3975.613896 0.002978 
3974.446784 0.003366 
3973.279672 0.002926 
3972.112560 0.002042 
3970.945449 0.001484 
3969.778337 0.001185 
3968.611225 0.000933 
3967.444113 0.000841 
3966.277002 0.000904 
3965.109890 0.001005 
3963.942778 0.001132 
3962.775666 0.001147 
3961.608555 0.001006 
3960.441443 0.000923 
3959.274331 0.000750 
3958.107219 0.000918 
3956.940108 0.000905 
3955.772996 0.001075 
3954.605884 0.001195 
3953.438772 0.001500 
3952.271661 0.001930 
3951.104549 0.001885 
3949.937437 0.001350 
3948.770326 0.000995 
3947.603214 0.000635 
3946.436102 0.000484 
3945.268990 0.000408 
3944.101879 0.000278 
3942.934767 0.000202 
3941.767655 0.000056 
3940.600543 0.000115 
3939.433432 -0.000067 
3938.266320 0.000047 
3937.099208 0.000044 
3935.932096 0.000024 
3934.764985 -0.000012 
3933.597873 -0.000009 
3932.430761 -0.000097 
3931.263649 -0.000007 
3930.096538 -0.000088 
3928.929426 -0.000094 
3927.762314 -0.000011 
3926.595203 -0.000107 
3925.428091 -0.000058 
3924.260979 -0.000056 
3923.093867 -0.000063 
3921.926756 -0.000048 
3920.759644 -0.000003 
3919.592532 0.000002 
3918.425420 0.000203 
3917.258309 0.000244 
3916.091197 0.000456 
3914.924085 0.000723 
3913.756973 0.001140 
3912.589862 0.001718 
3911.422750 0.002598 
3910.255638 0.003487 
3909.088526 0.003795 
3907.921415 0.003231 
3906.754303 0.002709 
3905.587191 0.002821 
3904.420080 0.003058 
3903.252968 0.003359 
3902.085856 0.003769 
3900.918744 0.003801 
3899.751633 0.002829 
3898.584521 0.002010 
3897.417409 0.001275 
3896.250297 0.000809 
3895.083186 0.000578 
3893.916074 0.000471 
3892.748962 0.000354 
3891.581850 0.000296 
3890.414739 0.000233 
3889.247627 0.000101 
3888.080515 0.000148 
3886.913403 0.000044 
3885.746292 -0.000047 
3884.579180 -0.000052 
3883.412068 0.000031 
3882.244957 0.000093 
3881.077845 0.000149 
3879.910733 0.000134 
3878.743621 0.000138 
3877.576510 -0.000031 
3876.409398 -0.000042 
3875.242286 -0.000008 
3874.075174 0.000044 
3872.908063 0.000012 
3871.740951 0.000066 
3870.573839 0.000006 
3869.406727 -0.000050 
3868.239616 0.000052 
3867.072504 0.000026 
3865.905392 0.000095 
3864.738280 0.000017 
3863.571169 0.000070 
3862.404057 0.000073 
3861.236945 0.000162 
3860.069833 -0.000009 
3858.902722 -0.000027 
3857.735610 0.000053 
3856.568498 0.000110 
3855.401387 0.000124 
3854.234275 -0.000068 
3853.067163 0.000037 
3851.900051 0.000038 
3850.732940 0.000091 
3849.565828 0.000070 
3848.398716 0.000159 
3847.231604 0.000131 
3846.064493 0.000232 
3844.897381 0.000192 
3843.730269 0.000197 
3842.563157 0.000061 
3841.396046 0.000055 
3840.228934 0.000066 
3839.061822 0.000142 
3837.894710 0.000025 
3836.727599 -0.000081 
3835.560487 -0.000034 
3834.393375 -0.000014 
3833.226264 -0.000077 
3832.059152 -0.000205 
3830.892040 -0.000263 
3829.724928 -0.000393 
3828.557817 -0.000425 
3827.390705 -0.000506 
3826.223593 -0.000462 
3825.056481 -0.000542 
3823.889370 -0.000460 
3822.722258 -0.000430 
3821.555146 -0.000470 
3820.388034 -0.000505 
3819.220923 -0.000460 
3818.053811 -0.000357 
3816.886699 -0.000268 
3815.719587 -0.000394 
3814.552476 -0.000351 
3813.385364 -0.000246 
3812.218252 -0.000283 
3811.051141 -0.000002 
3809.884029 -0.000073 
3808.716917 -0.000067 
3807.549805 -0.000152 
3806.382694 -0.000073 
3805.215582 0.000027 
3804.048470 0.000123 
3802.881358 -0.000049 
3801.714247 -0.000314 
3800.547135 -0.000419 
3799.380023 -0.000309 
3798.212911 -0.000257 
3797.045800 -0.000378 
3795.878688 -0.000464 
3794.711576 -0.000428 
3793.544464 -0.000330 
3792.377353 -0.000485 
3791.210241 -0.000340 
3790.043129 -0.000309 
3788.876017 -0.000280 
3787.708906 -0.000338 
3786.541794 -0.000154 
3785.374682 -0.000097 
3784.207571 -0.000043 
3783.040459 -0.000095 
3781.873347 -0.000145 
3780.706235 -0.000073 
3779.539124 -0.000108 
3778.372012 -0.000047 
3777.204900 -0.000079 
3776.037788 -0.000068 
3774.870677 -0.000124 
3773.703565 -0.000049 
3772.536453 -0.000051 
3771.369341 0.000029 
3770.202230 0.000062 
3769.035118 0.000135 
3767.868006 0.000129 
3766.700894 0.000116 
3765.533783 0.000044 
3764.366671 0.000204 
3763.199559 0.000207 
3762.032448 0.000135 
3760.865336 0.000179 
3759.698224 0.000177 
3758.531112 0.000224 
3757.364001 0.000150 
3756.196889 0.000195 
3755.029777 0.000202 
3753.862665 0.000280 
3752.695554 0.000247 
3751.528442 0.000268 
3750.361330 0.000304 
3749.194218 0.000229 
3748.027107 0.000399 
3746.859995 0.000482 
3745.692883 0.000558 
3744.525771 0.000518 
3743.358660 0.000729 
3742.191548 0.001055 
3741.024436 0.001334 
3739.857325 0.001477 
3738.690213 0.001669 
3737.523101 0.001628 
3736.355989 0.001566 
3735.188878 0.001345 
3734.021766 0.001378 
3732.854654 0.001366 
3731.687542 0.001481 
3730.520431 0.001489 
3729.353319 0.001471 
3728.186207 0.001341 
3727.019095 0.000994 
3725.851984 0.000677 
3724.684872 0.000513 
3723.517760 0.000452 
3722.350648 0.000335 
3721.183537 0.000295 
3720.016425 0.000242 
3718.849313 0.000271 
3717.682202 0.000239 
3716.515090 0.000293 
3715.347978 0.000177 
3714.180866 0.000147 
3713.013755 0.000084 
3711.846643 0.000117 
3710.679531 0.000098 
3709.512419 0.000098 
3708.345308 0.000190 
3707.178196 0.000076 
3706.011084 0.000066 
3704.843972 -0.000008 
3703.676861 0.000013 
3702.509749 -0.000066 
3701.342637 -0.000039 
3700.175525 -0.000120 
3699.008414 -0.000011 
3697.841302 -0.000132 
3696.674190 -0.000061 
3695.507078 -0.000159 
3694.339967 -0.000125 
3693.172855 -0.000060 
3692.005743 -0.000064 
3690.838632 -0.000090 
3689.671520 -0.000090 
3688.504408 -0.000134 
3687.337296 -0.000078 
3686.170185 0.000002 
3685.003073 -0.000037 
3683.835961 0.000074 
3682.668849 -0.000049 
3681.501738 0.000082 
3680.334626 -0.000007 
3679.167514 0.000048 
3678.000402 -0.000042 
3676.833291 -0.000073 
3675.666179 -0.000147 
3674.499067 -0.000031 
3673.331955 -0.000098 
3672.164844 -0.000125 
3670.997732 -0.000147 
3669.830620 -0.000049 
3668.663509 0.000003 
3667.496397 -0.000076 
3666.329285 0.000061 
3665.162173 -0.000018 
3663.995062 0.000015 
3662.827950 -0.000037 
3661.660838 0.000066 
3660.493726 0.000007 
3659.326615 0.000128 
3658.159503 0.000020 
3656.992391 0.000036 
3655.825279 -0.000067 
3654.658168 -0.000045 
3653.491056 -0.000018 
3652.323944 -0.000023 
3651.156832 0.000042 
3649.989721 -0.000031 
3648.822609 -0.000073 
3647.655497 -0.000072 
3646.488386 0.000052 
3645.321274 0.000018 
3644.154162 0.000064 
3642.987050 0.000022 
3641.819939 0.000050 
3640.652827 -0.000005 
3639.485715 0.000088 
3638.318603 0.000053 
3637.151492 0.000017 
3635.984380 0.000004 
3634.817268 -0.000043 
3633.650156 -0.000002 
3632.483045 0.000012 
3631.315933 0.000097 
3630.148821 0.000007 
3628.981709 0.000061 
3627.814598 -0.000001 
3626.647486 0.000038 
3625.480374 -0.000089 
3624.313262 0.000038 
3623.146151 -0.000012 
3621.979039 0.000000 
3620.811927 -0.000086 
3619.644816 -0.000114 
3618.477704 0.000010 
3617.310592 0.000044 
3616.143480 -0.000017 
3614.976369 -0.000016 
3613.809257 -0.000025 
3612.642145 -0.000052 
3611.475033 0.000047 
3610.307922 0.000008 
3609.140810 -0.000036 
3607.973698 -0.000082 
3606.806586 0.000008 
3605.639475 -0.000103 
3604.472363 -0.000138 
3603.305251 -0.000110 
3602.138139 -0.000047 
3600.971028 -0.000125 
3599.803916 -0.000057 
3598.636804 -0.000048 
3597.469693 -0.000055 
3596.302581 -0.000082 
3595.135469 -0.000100 
3593.968357 -0.000015 
3592.801246 -0.000160 
3591.634134 -0.000135 
3590.467022 -0.000167 
3589.299910 0.000020 
3588.132799 -0.000178 
3586.965687 -0.000124 
3585.798575 -0.000169 
3584.631463 -0.000074 
3583.464352 -0.000086 
3582.297240 -0.000031 
3581.130128 -0.000086 
3579.963016 -0.000077 
3578.795905 0.000018 
3577.628793 -0.000066 
3576.461681 0.000054 
3575.294570 0.000008 
3574.127458 0.000040 
3572.960346 -0.000054 
3571.793234 0.000085 
3570.626123 0.000017 
3569.459011 0.000104 
3568.291899 0.000031 
3567.124787 0.000079 
3565.957676 0.000067 
3564.790564 0.000123 
3563.623452 0.000051 
3562.456340 0.000121 
3561.289229 0.000086 
3560.122117 0.000065 
3558.955005 0.000158 
3557.787893 0.000107 
3556.620782 0.000094 
3555.453670 -0.000055 
3554.286558 0.000036 
3553.119447 0.000013 
3551.952335 0.000081 
3550.785223 0.000051 
3549.618111 0.000086 
3548.451000 0.000063 
3547.283888 0.000092 
3546.116776 0.000022 
3544.949664 0.000056 
3543.782553 0.000062 
3542.615441 0.000015 
3541.448329 0.000084 
3540.281217 0.000019 
3539.114106 0.000036 
3537.946994 -0.000062 
3536.779882 0.000057 
3535.612770 -0.000057 
3534.445659 -0.000002 
3533.278547 -0.000024 
3532.111435 0.000019 
3530.944323 -0.000127 
3529.777212 -0.000028 
3528.610100 0.000044 
3527.442988 0.000064 
3526.275877 -0.000046 
3525.108765 -0.000075 
3523.941653 -0.000064 
3522.774541 -0.000096 
3521.607430 -0.000017 
3520.440318 -0.000011 
3519.273206 0.000100 
3518.106094 -0.000048 
3516.938983 -0.000002 
3515.771871 -0.000034 
3514.604759 0.000017 
3513.437647 -0.000066 
3512.270536 0.000019 
3511.103424 -0.000010 
3509.936312 0.000042 
3508.769200 0.000036 
3507.602089 0.000054 
3506.434977 0.000011 
3505.267865 -0.000048 
3504.100754 -0.000014 
3502.933642 -0.000055 
3501.766530 0.000016 
3500.599418 -0.000129 
3499.432307 -0.000042 
3498.265195 -0.000078 
3497.098083 0.000043 
3495.930971 -0.000109 
3494.763860 -0.000093 
3493.596748 -0.000084 
3492.429636 0.000008 
3491.262524 -0.000000 
3490.095413 0.000077 
3488.928301 0.000046 
3487.761189 0.000058 
3486.594077 0.000058 
3485.426966 0.000023 
3484.259854 0.000097 
3483.092742 -0.000048 
3481.925631 -0.000002 
3480.758519 0.000001 
3479.591407 0.000019 
3478.424295 -0.000143 
3477.257184 -0.000093 
3476.090072 -0.000117 
3474.922960 0.000025 
3473.755848 -0.000003 
3472.588737 -0.000000 
3471.421625 -0.000007 
3470.254513 0.000049 
3469.087401 -0.000008 
3467.920290 -0.000054 
3466.753178 -0.000052 
3465.586066 -0.000170 
3464.418954 -0.000067 
3463.251843 -0.000137 
3462.084731 0.000007 
3460.917619 -0.000076 
3459.750508 0.000029 
3458.583396 -0.000040 
3457.416284 0.000032 
3456.249172 -0.000004 
3455.082061 0.000031 
3453.914949 0.000027 
3452.747837 0.000037 
3451.580725 0.000059 
3450.413614 0.000086 
3449.246502 0.000090 
3448.079390 0.000011 
3446.912278 -0.000013 
3445.745167 -0.000032 
3444.578055 0.000069 
3443.410943 0.000033 
3442.243831 0.000088 
3441.076720 0.000014 
3439.909608 0.000099 
3438.742496 -0.000044 
3437.575384 0.000019 
3436.408273 0.000011 
3435.241161 0.000064 
3434.074049 0.000066 
3432.906938 0.000011 
3431.739826 -0.000014 
3430.572714 -0.000031 
3429.405602 0.000016 
3428.238491 -0.000111 
3427.071379 -0.000053 
3425.904267 -0.000114 
3424.737155 -0.000033 
3423.570044 -0.000224 
3422.402932 -0.000170 
3421.235820 -0.000204 
3420.068708 -0.000123 
3418.901597 -0.000177 
3417.734485 -0.000192 
3416.567373 -0.000174 
3415.400261 -0.000189 
3414.233150 -0.000151 
3413.066038 -0.000168 
3411.898926 -0.000011 
3410.731815 -0.000047 
3409.564703 -0.000007 
3408.397591 -0.000106 
3407.230479 -0.000063 
3406.063368 -0.000175 
3404.896256 -0.000119 
3403.729144 -0.000240 
3402.562032 -0.000122 
3401.394921 -0.000200 
3400.227809 -0.000159 
3399.060697 -0.000100 
3397.893585 -0.000053 
3396.726474 -0.000044 
3395.559362 -0.000040 
3394.392250 -0.000011 
3393.225138 -0.000034 
3392.058027 0.000027 
3390.890915 -0.000002 
3389.723803 0.000101 
3388.556692 -0.000037 
3387.389580 0.000105 
3386.222468 0.000043 
3385.055356 0.000139 
3383.888245 0.000007 
3382.721133 0.000061 
3381.554021 0.000027 
3380.386909 -0.000016 
3379.219798 -0.000058 
3378.052686 0.000046 
3376.885574 0.000039 
3375.718462 -0.000044 
3374.551351 -0.000017 
3373.384239 -0.000044 
3372.217127 0.000015 
3371.050015 -0.000095 
3369.882904 -0.000090 
3368.715792 -0.000163 
3367.548680 -0.000046 
3366.381568 -0.000082 
3365.214457 0.000027 
3364.047345 -0.000088 
3362.880233 0.000007 
3361.713122 -0.000004 
3360.546010 0.000026 
3359.378898 -0.000001 
3358.211786 0.000029 
3357.044675 0.000029 
3355.877563 -0.000068 
3354.710451 -0.000022 
3353.543339 -0.000049 
3352.376228 0.000041 
3351.209116 -0.000011 
3350.042004 0.000094 
3348.874892 -0.000028 
3347.707781 0.000054 
3346.540669 0.000030 
3345.373557 0.000061 
3344.206445 0.000020 
3343.039334 0.000023 
3341.872222 -0.000017 
3340.705110 -0.000036 
3339.537999 -0.000029 
3338.370887 -0.000048 
3337.203775 0.000012 
3336.036663 -0.000076 
3334.869552 0.000009 
3333.702440 -0.000099 
3332.535328 -0.000062 
3331.368216 -0.000111 
3330.201105 -0.000006 
3329.033993 -0.000031 
3327.866881 0.000013 
3326.699769 -0.000032 
3325.532658 0.000054 
3324.365546 -0.000013 
3323.198434 -0.000044 
3322.031322 -0.000002 
3320.864211 0.000007 
3319.697099 0.000083 
3318.529987 0.000018 
3317.362876 0.000182 
3316.195764 0.000116 
3315.028652 0.000321 
3313.861540 0.000314 
3312.694429 0.000296 
3311.527317 0.000168 
3310.360205 0.000154 
3309.193093 0.000109 
3308.025982 0.000138 
3306.858870 0.000052 
3305.691758 0.000052 
3304.524646 0.000031 
3303.357535 -0.000014 
3302.190423 0.000010 
3301.023311 -0.000025 
3299.856199 0.000074 
3298.689088 -0.000027 
3297.521976 0.000026 
3296.354864 -0.000073 
3295.187753 0.000029 
3294.020641 -0.000017 
3292.853529 0.000088 
3291.686417 -0.000009 
3290.519306 -0.000056 
3289.352194 -0.000041 
3288.185082 0.000039 
3287.017970 0.000062 
3285.850859 0.000004 
3284.683747 0.000043 
3283.516635 0.000051 
3282.349523 0.000084 
3281.182412 0.000011 
3280.015300 0.000113 
3278.848188 0.000046 
3277.681076 0.000098 
3276.513965 0.000006 
3275.346853 0.000072 
3274.179741 0.000027 
3273.012629 0.000120 
3271.845518 -0.000003 
3270.678406 -0.000009 
3269.511294 -0.000033 
3268.344183 -0.000067 
3267.177071 -0.000104 
3266.009959 -0.000078 
3264.842847 -0.000086 
3263.675736 -0.000167 
3262.508624 -0.000107 
3261.341512 -0.000109 
3260.174400 -0.000004 
3259.007289 -0.000035 
3257.840177 0.000101 
3256.673065 0.000059 
3255.505953 0.000215 
3254.338842 0.000269 
3253.171730 0.000343 
3252.004618 0.000281 
3250.837506 0.000266 
3249.670395 0.000177 
3248.503283 0.000033 
3247.336171 0.000096 
3246.169060 -0.000055 
3245.001948 -0.000078 
3243.834836 -0.000157 
3242.667724 -0.000084 
3241.500613 -0.000111 
3240.333501 0.000011 
3239.166389 -0.000019 
3237.999277 0.000200 
3236.832166 0.000240 
3235.665054 0.000210 
3234.497942 -0.000013 
3233.330830 -0.000090 
3232.163719 -0.000089 
3230.996607 -0.000103 
3229.829495 -0.000059 
3228.662383 -0.000056 
3227.495272 0.000057 
3226.328160 0.000111 
3225.161048 0.000127 
3223.993937 0.000073 
3222.826825 0.000112 
3221.659713 0.000055 
3220.492601 0.000173 
3219.325490 0.000104 
3218.158378 0.000135 
3216.991266 -0.000053 
3215.824154 -0.000049 
3214.657043 -0.000119 
3213.489931 -0.000041 
3212.322819 0.000001 
3211.155707 0.000017 
3209.988596 0.000069 
3208.821484 -0.000038 
3207.654372 -0.000036 
3206.487260 -0.000019 
3205.320149 0.000024 
3204.153037 -0.000008 
3202.985925 -0.000017 
3201.818813 -0.000066 
3200.651702 -0.000018 
3199.484590 -0.000067 
3198.317478 -0.000047 
3197.150367 -0.000097 
3195.983255 -0.000074 
3194.816143 -0.000084 
3193.649031 -0.000111 
3192.481920 -0.000054 
3191.314808 -0.000146 
3190.147696 -0.000105 
3188.980584 -0.000130 
3187.813473 -0.000042 
3186.646361 -0.000157 
3185.479249 -0.000097 
3184.312137 -0.000174 
3183.145026 -0.000142 
3181.977914 -0.000129 
3180.810802 -0.000007 
3179.643690 -0.000070 
3178.476579 -0.000084 
3177.309467 -0.000082 
3176.142355 -0.000058 
3174.975244 -0.000105 
3173.808132 -0.000134 
3172.641020 -0.000099 
3171.473908 -0.000093 
3170.306797 -0.000036 
3169.139685 -0.000074 
3167.972573 0.000018 
3166.805461 -0.000068 
3165.638350 0.000003 
3164.471238 -0.000037 
3163.304126 0.000003 
3162.137014 -0.000048 
3160.969903 -0.000044 
3159.802791 -0.000092 
3158.635679 -0.000076 
3157.468567 -0.000112 
3156.301456 -0.000072 
3155.134344 -0.000059 
3153.967232 -0.000102 
3152.800121 -0.000012 
3151.633009 0.000029 
3150.465897 0.000217 
3149.298785 0.000135 
3148.131674 0.000090 
3146.964562 -0.000122 
3145.797450 -0.000188 
3144.630338 -0.000274 
3143.463227 -0.000244 
3142.296115 -0.000245 
3141.129003 -0.000231 
3139.961891 -0.000258 
3138.794780 -0.000213 
3137.627668 -0.000244 
3136.460556 -0.000213 
3135.293444 -0.000197 
3134.126333 -0.000190 
3132.959221 -0.000115 
3131.792109 -0.000095 
3130.624998 -0.000003 
3129.457886 -0.000094 
3128.290774 -0.000061 
3127.123662 -0.000043 
3125.956551 -0.000016 
3124.789439 -0.000065 
3123.622327 0.000014 
3122.455215 0.000063 
3121.288104 0.000029 
3120.120992 0.000016 
3118.953880 -0.000053 
3117.786768 -0.000017 
3116.619657 -0.000071 
3115.452545 0.000000 
3114.285433 -0.000012 
3113.118321 0.000100 
3111.951210 -0.000002 
3110.784098 0.000050 
3109.616986 -0.000001 
3108.449874 -0.000021 
3107.282763 -0.000114 
3106.115651 -0.000033 
3104.948539 -0.000001 
3103.781428 -0.000019 
3102.614316 -0.000017 
3101.447204 -0.000099 
3100.280092 -0.000088 
3099.112981 -0.000077 
3097.945869 -0.000068 
3096.778757 -0.000083 
3095.611645 0.000048 
3094.444534 0.000012 
3093.277422 -0.000002 
3092.110310 -0.000052 
3090.943198 -0.000043 
3089.776087 -0.000128 
3088.608975 -0.000069 
3087.441863 -0.000126 
3086.274751 -0.000012 
3085.107640 -0.000032 
3083.940528 -0.000101 
3082.773416 -0.000068 
3081.606305 -0.000061 
3080.439193 -0.000034 
3079.272081 -0.000002 
3078.104969 0.000003 
3076.937858 0.000039 
3075.770746 0.000099 
3074.603634 -0.000002 
3073.436522 0.000079 
3072.269411 0.000003 
3071.102299 -0.000011 
3069.935187 -0.000002 
3068.768075 -0.000004 
3067.600964 0.000021 
3066.433852 0.000057 
3065.266740 -0.000008 
3064.099628 0.000017 
3062.932517 0.000061 
3061.765405 0.000025 
3060.598293 0.000056 
3059.431182 0.000049 
3058.264070 0.000072 
3057.096958 0.000065 
3055.929846 0.000025 
3054.762735 0.000009 
3053.595623 0.000087 
3052.428511 0.000108 
3051.261399 0.000120 
3050.094288 0.000141 
3048.927176 0.000169 
3047.760064 0.000279 
3046.592952 0.000296 
3045.425841 0.000375 
3044.258729 0.000359 
3043.091617 0.000412 
3041.924505 0.000442 
3040.757394 0.000516 
3039.590282 0.000466 
3038.423170 0.000596 
3037.256058 0.000519 
3036.088947 0.000610 
3034.921835 0.000682 
3033.754723 0.000763 
3032.587612 0.000798 
3031.420500 0.000812 
3030.253388 0.000902 
3029.086276 0.000992 
3027.919165 0.001104 
3026.752053 0.001138 
3025.584941 0.001204 
3024.417829 0.001229 
3023.250718 0.001350 
3022.083606 0.001345 
3020.916494 0.001431 
3019.749382 0.001426 
3018.582271 0.001614 
3017.415159 0.001760 
3016.248047 0.001885 
3015.080935 0.001900 
3013.913824 0.002002 
3012.746712 0.002134 
3011.579600 0.002261 
3010.412489 0.002495 
3009.245377 0.002809 
3008.078265 0.003157 
3006.911153 0.003498 
3005.744042 0.003976 
3004.576930 0.004477 
3003.409818 0.005216 
3002.242706 0.006097 
3001.075595 0.007300 
2999.908483 0.008839 
2998.741371 0.010741 
2997.574259 0.013120 
2996.407148 0.016712 
2995.240036 0.022687 
2994.072924 0.033259 
2992.905812 0.053898 
2991.738701 0.095778 
2990.571589 0.158411 
2989.404477 0.181157 
2988.237366 0.150780 
2987.070254 0.149182 
2985.903142 0.213380 
2984.736030 0.257438 
2983.568919 0.181822 
2982.401807 0.112103 
2981.234695 0.083328 
2980.067583 0.069828 
2978.900472 0.051044 
2977.733360 0.037181 
2976.566248 0.031768 
2975.399136 0.030728 
2974.232025 0.030457 
2973.064913 0.030148 
2971.897801 0.028806 
2970.730689 0.026929 
2969.563578 0.024662 
2968.396466 0.022128 
2967.229354 0.019853 
2966.062243 0.018618 
2964.895131 0.018475 
2963.728019 0.019681 
2962.560907 0.021658 
2961.393796 0.023950 
2960.226684 0.026717 
2959.059572 0.030280 
2957.892460 0.034566 
2956.725349 0.039125 
2955.558237 0.043518 
2954.391125 0.046994 
2953.224013 0.049437 
2952.056902 0.050935 
2950.889790 0.051550 
2949.722678 0.051774 
2948.555566 0.052903 
2947.388455 0.054955 
2946.221343 0.056553 
2945.054231 0.057545 
2943.887119 0.060019 
2942.720008 0.063693 
2941.552896 0.067765 
2940.385784 0.071930 
2939.218673 0.075508 
2938.051561 0.079007 
2936.884449 0.082438 
2935.717337 0.085931 
2934.550226 0.089965 
2933.383114 0.095879 
2932.216002 0.102731 
2931.048890 0.108526 
2929.881779 0.113369 
2928.714667 0.118221 
2927.547555 0.123002 
2926.380443 0.127515 
2925.213332 0.131185 
2924.046220 0.134143 
2922.879108 0.137778 
2921.711996 0.140145 
2920.544885 0.135132 
2919.377773 0.122227 
2918.210661 0.107251 
2917.043550 0.094944 
2915.876438 0.085717 
2914.709326 0.078834 
2913.542214 0.072791 
2912.375103 0.066413 
2911.207991 0.061284 
2910.040879 0.058319 
2908.873767 0.057832 
2907.706656 0.059644 
2906.539544 0.064925 
2905.372432 0.072908 
2904.205320 0.080168 
2903.038209 0.084429 
2901.871097 0.085367 
2900.703985 0.084084 
2899.536873 0.083789 
2898.369762 0.088946 
2897.202650 0.099296 
2896.035538 0.110540 
2894.868427 0.120445 
2893.701315 0.129755 
2892.534203 0.140040 
2891.367091 0.155027 
2890.199980 0.179618 
2889.032868 0.211086 
2887.865756 0.236480 
2886.698644 0.230497 
2885.531533 0.187037 
2884.364421 0.137927 
2883.197309 0.102545 
2882.030197 0.080689 
2880.863086 0.068729 
2879.695974 0.063575 
2878.528862 0.063161 
2877.361750 0.065303 
2876.194639 0.070355 
2875.027527 0.078766 
2873.860415 0.090560 
2872.693303 0.103701 
2871.526192 0.112300 
2870.359080 0.101024 
2869.191968 0.073123 
2868.024857 0.050505 
2866.857745 0.037340 
2865.690633 0.030059 
2864.523521 0.025958 
2863.356410 0.023476 
2862.189298 0.021720 
2861.022186 0.020005 
2859.855074 0.017859 
2858.687963 0.015605 
2857.520851 0.013424 
2856.353739 0.011613 
2855.186627 0.010156 
2854.019516 0.009162 
2852.852404 0.008445 
2851.685292 0.007869 
2850.518180 0.007438 
2849.351069 0.007067 
2848.183957 0.006745 
2847.016845 0.006351 
2845.849734 0.005909 
2844.682622 0.005521 
2843.515510 0.005645 
2842.348398 0.005870 
2841.181287 0.006159 
2840.014175 0.006420 
2838.847063 0.006798 
2837.679951 0.007232 
2836.512840 0.007936 
2835.345728 0.008802 
2834.178616 0.009942 
2833.011504 0.011487 
2831.844393 0.013561 
2830.677281 0.016396 
2829.510169 0.020365 
2828.343057 0.026713 
2827.175946 0.037204 
2826.008834 0.057614 
2824.841722 0.100850 
2823.674611 0.191884 
2822.507499 0.304294 
2821.340387 0.280857 
2820.173275 0.176040 
2819.006164 0.116280 
2817.839052 0.101939 
2816.671940 0.132449 
2815.504828 0.237331 
2814.337717 0.364537 
2813.170605 0.271450 
2812.003493 0.133951 
2810.836381 0.069004 
2809.669270 0.040325 
2808.502158 0.025530 
2807.335046 0.017431 
2806.167934 0.012767 
2805.000823 0.009646 
2803.833711 0.007616 
2802.666599 0.006052 
2801.499488 0.004931 
2800.332376 0.004090 
2799.165264 0.003466 
2797.998152 0.002945 
2796.831041 0.002533 
2795.663929 0.002230 
2794.496817 0.001943 
2793.329705 0.001778 
2792.162594 0.001621 
2790.995482 0.001486 
2789.828370 0.001363 
2788.661258 0.001304 
2787.494147 0.001182 
2786.327035 0.001121 
2785.159923 0.001008 
2783.992811 0.000985 
2782.825700 0.000846 
2781.658588 0.000803 
2780.491476 0.000707 
2779.324364 0.000609 
2778.157253 0.000544 
2776.990141 0.000441 
2775.823029 0.000339 
2774.655918 0.000238 
2773.488806 0.000175 
2772.321694 0.000022 
2771.154582 0.000012 
2769.987471 -0.000045 
2768.820359 -0.000041 
2767.653247 -0.000068 
2766.486135 -0.000077 
2765.319024 -0.000179 
2764.151912 -0.000163 
2762.984800 -0.000150 
2761.817688 -0.000150 
2760.650577 -0.000152 
2759.483465 -0.000119 
2758.316353 -0.000102 
2757.149241 -0.000055 
2755.982130 0.000007 
2754.815018 -0.000064 
2753.647906 -0.000007 
2752.480795 -0.000063 
2751.313683 -0.000061 
2750.146571 -0.000107 
2748.979459 -0.000066 
2747.812348 -0.000157 
2746.645236 -0.000095 
2745.478124 -0.000138 
2744.311012 -0.000144 
2743.143901 -0.000135 
2741.976789 -0.000102 
2740.809677 -0.000006 
2739.642565 0.000078 
2738.475454 0.000176 
2737.308342 0.000234 
2736.141230 0.000358 
2734.974118 0.000413 
2733.807007 0.000481 
2732.639895 0.000495 
2731.472783 0.000452 
2730.305672 0.000313 
2729.138560 0.000220 
2727.971448 0.000103 
2726.804336 0.000073 
2725.637225 0.000076 
2724.470113 0.000110 
2723.303001 0.000207 
2722.135889 0.000374 
2720.968778 0.000547 
2719.801666 0.000681 
2718.634554 0.000884 
2717.467442 0.000994 
2716.300331 0.001241 
2715.133219 0.001451 
2713.966107 0.001732 
2712.798995 0.001915 
2711.631884 0.002032 
2710.464772 0.001942 
2709.297660 0.001837 
2708.130548 0.001631 
2706.963437 0.001561 
2705.796325 0.001509 
2704.629213 0.001553 
2703.462102 0.001560 
2702.294990 0.001516 
2701.127878 0.001431 
2699.960766 0.001174 
2698.793655 0.001009 
2697.626543 0.000825 
2696.459431 0.000772 
2695.292319 0.000630 
2694.125208 0.000565 
2692.958096 0.000452 
2691.790984 0.000389 
2690.623872 0.000371 
2689.456761 0.000305 
2688.289649 0.000227 
2687.122537 0.000124 
2685.955425 0.000024 
2684.788314 0.000006 
2683.621202 -0.000008 
2682.454090 -0.000041 
2681.286979 -0.000001 
2680.119867 -0.000062 
2678.952755 0.000001 
2677.785643 -0.000023 
2676.618532 0.000043 
2675.451420 0.000064 
2674.284308 0.000096 
2673.117196 0.000031 
2671.950085 0.000053 
2670.782973 0.000021 
2669.615861 0.000093 
2668.448749 0.000221 
2667.281638 0.000217 
2666.114526 0.000292 
2664.947414 0.000259 
2663.780302 0.000345 
2662.613191 0.000426 
2661.446079 0.000527 
2660.278967 0.000667 
2659.111856 0.001013 
2657.944744 0.001331 
2656.777632 0.001473 
2655.610520 0.001145 
2654.443409 0.000788 
2653.276297 0.000581 
2652.109185 0.000481 
2650.942073 0.000454 
2649.774962 0.000455 
2648.607850 0.000514 
2647.440738 0.000524 
2646.273626 0.000636 
2645.106515 0.000591 
2643.939403 0.000495 
2642.772291 0.000400 
2641.605179 0.000419 
2640.438068 0.000385 
2639.270956 0.000520 
2638.103844 0.000596 
2636.936733 0.000716 
2635.769621 0.000823 
2634.602509 0.000979 
2633.435397 0.001089 
2632.268286 0.001132 
2631.101174 0.001207 
2629.934062 0.001254 
2628.766950 0.001298 
2627.599839 0.001350 
2626.432727 0.001326 
2625.265615 0.001144 
2624.098503 0.001052 
2622.931392 0.000997 
2621.764280 0.001061 
2620.597168 0.001028 
2619.430056 0.001012 
2618.262945 0.000960 
2617.095833 0.001004 
2615.928721 0.000967 
2614.761609 0.000850 
2613.594498 0.000717 
2612.427386 0.000635 
2611.260274 0.000657 
2610.093163 0.000650 
2608.926051 0.000647 
2607.758939 0.000591 
2606.591827 0.000622 
2605.424716 0.000665 
2604.257604 0.000721 
2603.090492 0.000721 
2601.923380 0.000729 
2600.756269 0.000771 
2599.589157 0.000918 
2598.422045 0.001072 
2597.254933 0.001070 
2596.087822 0.000984 
2594.920710 0.000869 
2593.753598 0.000872 
2592.586486 0.000918 
2591.419375 0.001012 
2590.252263 0.000867 
2589.085151 0.000517 
2587.918040 0.000230 
2586.750928 0.000140 
2585.583816 0.000072 
2584.416704 0.000019 
2583.249593 -0.000030 
2582.082481 -0.000000 
2580.915369 0.000118 
2579.748257 0.000179 
2578.581146 0.000258 
2577.414034 0.000338 
2576.246922 0.000501 
2575.079810 0.000677 
2573.912699 0.001093 
2572.745587 0.001698 
2571.578475 0.002241 
2570.411363 0.001743 
2569.244252 0.000946 
2568.077140 0.000424 
2566.910028 0.000181 
2565.742917 0.000005 
2564.575805 -0.000051 
2563.408693 -0.000055 
2562.241581 -0.000081 
2561.074470 -0.000048 
2559.907358 -0.000094 
2558.740246 -0.000017 
2557.573134 -0.000069 
2556.406023 -0.000039 
2555.238911 -0.000087 
2554.071799 -0.000026 
2552.904687 -0.000070 
2551.737576 -0.000009 
2550.570464 -0.000039 
2549.403352 0.000007 
2548.236240 0.000044 
2547.069129 0.000134 
2545.902017 0.000233 
2544.734905 0.000319 
2543.567794 0.000329 
2542.400682 0.000331 
2541.233570 0.000370 
2540.066458 0.000331 
2538.899347 0.000403 
2537.732235 0.000502 
2536.565123 0.000625 
2535.398011 0.000722 
2534.230900 0.000818 
2533.063788 0.000641 
2531.896676 0.000375 
2530.729564 0.000152 
2529.562453 0.000069 
2528.395341 0.000016 
2527.228229 -0.000011 
2526.061117 0.000007 
2524.894006 0.000027 
2523.726894 0.000023 
2522.559782 0.000008 
2521.392670 0.000041 
2520.225559 0.000028 
2519.058447 0.000052 
2517.891335 0.000000 
2516.724224 0.000004 
2515.557112 0.000021 
2514.390000 0.000038 
2513.222888 0.000023 
2512.055777 0.000027 
2510.888665 0.000014 
2509.721553 0.000015 
2508.554441 0.000029 
2507.387330 0.000006 
2506.220218 0.000046 
2505.053106 0.000066 
2503.885994 0.000137 
2502.718883 0.000196 
2501.551771 0.000387 
2500.384659 0.000470 
2499.217547 0.000665 
2498.050436 0.000751 
2496.883324 0.000790 
2495.716212 0.000742 
2494.549101 0.000723 
2493.381989 0.000661 
2492.214877 0.000569 
2491.047765 0.000458 
2489.880654 0.000379 
2488.713542 0.000329 
2487.546430 0.000245 
2486.379318 0.000199 
2485.212207 0.000155 
2484.045095 0.000185 
2482.877983 0.000108 
2481.710871 0.000104 
2480.543760 0.000061 
2479.376648 0.000053 
2478.209536 0.000016 
2477.042424 0.000054 
2475.875313 0.000059 
2474.708201 0.000047 
2473.541089 0.000033 
2472.373978 0.000031 
2471.206866 0.000062 
2470.039754 -0.000011 
2468.872642 0.000026 
2467.705531 -0.000002 
2466.538419 0.000039 
2465.371307 -0.000040 
2464.204195 0.000008 
2463.037084 -0.000008 
2461.869972 -0.000027 
2460.702860 -0.000032 
2459.535748 0.000012 
2458.368637 -0.000018 
2457.201525 -0.000012 
2456.034413 0.000001 
2454.867301 0.000003 
2453.700190 0.000058 
2452.533078 0.000064 
2451.365966 0.000057 
2450.198854 -0.000012 
2449.031743 0.000026 
2447.864631 0.000014 
2446.697519 0.000076 
2445.530408 0.000051 
2444.363296 0.000059 
2443.196184 0.000034 
2442.029072 0.000056 
2440.861961 0.000069 
2439.694849 0.000072 
2438.527737 0.000095 
2437.360625 0.000097 
2436.193514 0.000149 
2435.026402 0.000147 
2433.859290 0.000185 
2432.692178 0.000190 
2431.525067 0.000276 
2430.357955 0.000316 
2429.190843 0.000489 
2428.023731 0.000605 
2426.856620 0.000740 
2425.689508 0.000727 
2424.522396 0.000788 
2423.355285 0.000689 
2422.188173 0.000727 
2421.021061 0.000745 
2419.853949 0.000859 
2418.686838 0.001000 
2417.519726 0.001157 
2416.352614 0.001431 
2415.185502 0.001643 
2414.018391 0.001982 
2412.851279 0.002374 
2411.684167 0.002981 
2410.517055 0.003773 
2409.349944 0.005056 
2408.182832 0.006033 
2407.015720 0.005444 
2405.848608 0.003820 
2404.681497 0.002649 
2403.514385 0.001794 
2402.347273 0.001308 
2401.180162 0.001004 
2400.013050 0.000800 
2398.845938 0.000733 
2397.678826 0.000682 
2396.511715 0.000612 
2395.344603 0.000478 
2394.177491 0.000433 
2393.010379 0.000401 
2391.843268 0.000434 
2390.676156 0.000398 
2389.509044 0.000378 
2388.341932 0.000343 
2387.174821 0.000373 
2386.007709 0.000375 
2384.840597 0.000360 
2383.673485 0.000332 
2382.506374 0.000318 
2381.339262 0.000312 
2380.172150 0.000245 
2379.005039 0.000278 
2377.837927 0.000212 
2376.670815 0.000253 
2375.503703 0.000186 
2374.336592 0.000137 
2373.169480 -0.000012 
2372.002368 -0.000121 
2370.835256 -0.000285 
2369.668145 -0.000377 
2368.501033 -0.000487 
2367.333921 -0.000524 
2366.166809 -0.000536 
2364.999698 -0.000527 
2363.832586 -0.000477 
2362.665474 -0.000445 
2361.498362 -0.000307 
2360.331251 -0.000249 
2359.164139 -0.000090 
2357.997027 -0.000031 
2356.829915 0.000089 
2355.662804 -0.000001 
2354.495692 0.000163 
2353.328580 0.000265 
2352.161469 0.000438 
2350.994357 0.000530 
2349.827245 0.000692 
2348.660133 0.000800 
2347.493022 0.000847 
2346.325910 0.000891 
2345.158798 0.000782 
2343.991686 0.000490 
2342.824575 0.000218 
2341.657463 0.000157 
2340.490351 -0.000033 
2339.323239 -0.000072 
2338.156128 -0.000023 
2336.989016 0.000107 
2335.821904 0.000314 
2334.654792 0.001155 
2333.487681 0.001541 
2332.320569 0.001183 
2331.153457 0.000779 
2329.986346 0.000501 
2328.819234 0.000436 
2327.652122 0.000557 
2326.485010 0.000541 
2325.317899 0.000573 
2324.150787 0.000643 
2322.983675 0.000738 
2321.816563 0.001501 
2320.649452 0.002113 
2319.482340 0.001829 
2318.315228 0.000954 
2317.148116 0.000699 
2315.981005 0.000675 
2314.813893 0.000560 
2313.646781 0.000481 
2312.479669 0.000462 
2311.312558 0.000497 
2310.145446 0.000509 
2308.978334 0.000511 
2307.811223 0.000526 
2306.644111 0.000550 
2305.476999 0.000420 
2304.309887 0.000294 
2303.142776 0.000162 
2301.975664 0.000143 
2300.808552 0.000038 
2299.641440 0.000084 
2298.474329 0.000054 
2297.307217 0.000077 
2296.140105 0.000027 
2294.972993 0.000063 
2293.805882 0.000033 
2292.638770 0.000051 
2291.471658 0.000083 
2290.304546 0.000031 
2289.137435 0.000021 
2287.970323 -0.000014 
2286.803211 0.000009 
2285.636099 -0.000072 
2284.468988 -0.000019 
2283.301876 -0.000121 
2282.134764 -0.000016 
2280.967653 -0.000092 
2279.800541 -0.000023 
2278.633429 -0.000058 
2277.466317 -0.000016 
2276.299206 -0.000093 
2275.132094 -0.000117 
2273.964982 -0.000077 
2272.797870 -0.000086 
2271.630759 -0.000045 
2270.463647 -0.000054 
2269.296535 -0.000043 
2268.129423 -0.000109 
2266.962312 -0.000010 
2265.795200 -0.000057 
2264.628088 0.000044 
2263.460976 -0.000020 
2262.293865 0.000037 
2261.126753 0.000020 
2259.959641 0.000124 
2258.792530 0.000083 
2257.625418 0.000114 
2256.458306 0.000114 
2255.291194 0.000099 
2254.124083 0.000200 
2252.956971 0.000242 
2251.789859 0.000304 
2250.622747 0.000276 
2249.455636 0.000535 
2248.288524 0.001177 
2247.121412 0.002380 
2245.954300 0.001903 
2244.787189 0.001049 
2243.620077 0.000618 
2242.452965 0.000450 
2241.285853 0.000311 
2240.118742 0.000346 
2238.951630 0.000395 
2237.784518 0.000425 
2236.617407 0.000463 
2235.450295 0.000489 
2234.283183 0.000600 
2233.116071 0.000536 
2231.948960 0.000522 
2230.781848 0.000328 
2229.614736 0.000345 
2228.447624 0.000219 
2227.280513 0.000279 
2226.113401 0.000170 
2224.946289 0.000236 
2223.779177 0.000147 
2222.612066 0.000165 
2221.444954 0.000157 
2220.277842 0.000172 
2219.110730 0.000164 
2217.943619 0.000150 
2216.776507 0.000213 
2215.609395 0.000155 
2214.442284 0.000194 
2213.275172 0.000120 
2212.108060 0.000192 
2210.940948 0.000089 
2209.773837 0.000154 
2208.606725 0.000081 
2207.439613 0.000164 
2206.272501 0.000072 
2205.105390 0.000123 
2203.938278 0.000099 
2202.771166 0.000106 
2201.604054 0.000082 
2200.436943 0.000024 
2199.269831 0.000061 
2198.102719 0.000004 
2196.935607 0.000042 
2195.768496 0.000013 
2194.601384 0.000199 
2193.434272 0.000276 
2192.267160 0.000506 
2191.100049 0.000562 
2189.932937 0.000777 
2188.765825 0.000805 
2187.598714 0.000921 
2186.431602 0.000956 
2185.264490 0.001064 
2184.097378 0.001108 
2182.930267 0.001179 
2181.763155 0.001295 
2180.596043 0.001426 
2179.428931 0.001618 
2178.261820 0.001779 
2177.094708 0.002340 
2175.927596 0.002186 
2174.760484 0.001815 
2173.593373 0.001462 
2172.426261 0.001427 
2171.259149 0.001296 
2170.092037 0.001364 
2168.924926 0.001445 
2167.757814 0.001766 
2166.590702 0.002079 
2165.423591 0.002432 
2164.256479 0.002928 
2163.089367 0.003671 
2161.922255 0.004679 
2160.755144 0.004817 
2159.588032 0.003797 
2158.420920 0.002340 
2157.253808 0.001547 
2156.086697 0.000946 
2154.919585 0.000788 
2153.752473 0.000555 
2152.585361 0.000499 
2151.418250 0.000368 
2150.251138 0.000361 
2149.084026 0.000295 
2147.916914 0.000268 
2146.749803 0.000316 
2145.582691 0.000360 
2144.415579 0.000307 
2143.248468 0.000214 
2142.081356 0.000235 
2140.914244 0.000133 
2139.747132 0.000154 
2138.580021 0.000039 
2137.412909 0.000113 
2136.245797 0.000051 
2135.078685 0.000185 
2133.911574 0.000119 
2132.744462 0.000138 
2131.577350 0.000066 
2130.410238 0.000084 
2129.243127 0.000030 
2128.076015 -0.000009 
2126.908903 -0.000002 
2125.741791 -0.000029 
2124.574680 -0.000009 
2123.407568 -0.000039 
2122.240456 0.000052 
2121.073344 -0.000065 
2119.906233 0.000031 
2118.739121 -0.000094 
2117.572009 -0.000007 
2116.404898 -0.000094 
2115.237786 -0.000013 
2114.070674 -0.000084 
2112.903562 -0.000014 
2111.736451 -0.000002 
2110.569339 0.000044 
2109.402227 0.000008 
2108.235115 -0.000004 
2107.068004 0.000037 
2105.900892 0.000059 
2104.733780 0.000208 
2103.566668 0.000247 
2102.399557 0.000385 
2101.232445 0.000350 
2100.065333 0.000535 
2098.898221 0.000562 
2097.731110 0.000788 
2096.563998 0.000944 
2095.396886 0.001260 
2094.229775 0.001539 
2093.062663 0.002022 
2091.895551 0.002717 
2090.728439 0.003453 
2089.561328 0.003531 
2088.394216 0.002927 
2087.227104 0.002682 
2086.059992 0.002693 
2084.892881 0.003014 
2083.725769 0.003149 
2082.558657 0.003611 
2081.391545 0.004328 
2080.224434 0.005952 
2079.057322 0.007367 
2077.890210 0.008716 
2076.723098 0.011281 
2075.555987 0.021011 
2074.388875 0.029161 
2073.221763 0.015680 
2072.054652 0.006591 
2070.887540 0.004783 
2069.720428 0.003125 
2068.553316 0.001607 
2067.386205 0.001045 
2066.219093 0.000708 
2065.051981 0.000589 
2063.884869 0.000401 
2062.717758 0.000484 
2061.550646 0.000607 
2060.383534 0.001035 
2059.216422 0.000652 
2058.049311 0.000295 
2056.882199 0.000129 
2055.715087 0.000148 
2054.547975 0.000108 
2053.380864 0.000034 
2052.213752 0.000046 
2051.046640 -0.000012 
2049.879529 0.000092 
2048.712417 0.000005 
2047.545305 0.000038 
2046.378193 -0.000052 
2045.211082 0.000050 
2044.043970 -0.000013 
2042.876858 0.000007 
2041.709746 -0.000057 
2040.542635 0.000057 
2039.375523 0.000029 
2038.208411 0.000036 
2037.041299 -0.000033 
2035.874188 -0.000028 
2034.707076 -0.000011 
2033.539964 -0.000054 
2032.372852 0.000045 
2031.205741 -0.000056 
2030.038629 0.000002 
2028.871517 -0.000046 
2027.704405 0.000089 
2026.537294 -0.000018 
2025.370182 0.000071 
2024.203070 0.000014 
2023.035959 0.000213 
2021.868847 0.000373 
2020.701735 0.000732 
2019.534623 0.000998 
2018.367512 0.001045 
2017.200400 0.001211 
2016.033288 0.001364 
2014.866176 0.001582 
2013.699065 0.001811 
2012.531953 0.002335 
2011.364841 0.002639 
2010.197729 0.002947 
2009.030618 0.003322 
2007.863506 0.004212 
2006.696394 0.004946 
2005.529282 0.005464 
2004.362171 0.005718 
2003.195059 0.006734 
2002.027947 0.013656 
2000.860836 0.036996 
1999.693724 0.037208 
1998.526612 0.014635 
1997.359500 0.005573 
1996.192389 0.002309 
1995.025277 0.001165 
1993.858165 0.000588 
1992.691053 0.000457 
1991.523942 0.000203 
1990.356830 0.000200 
1989.189718 0.000071 
1988.022606 0.000140 
1986.855495 0.000066 
1985.688383 0.000169 
1984.521271 0.000450 
1983.354159 0.001291 
1982.187048 0.000882 
1981.019936 0.000244 
1979.852824 0.000074 
1978.685713 -0.000034 
1977.518601 -0.000031 
1976.351489 -0.000116 
1975.184377 -0.000054 
1974.017266 -0.000105 
1972.850154 0.000016 
1971.683042 -0.000116 
1970.515930 -0.000004 
1969.348819 -0.000094 
1968.181707 -0.000017 
1967.014595 0.000037 
1965.847483 0.000061 
1964.680372 -0.000037 
1963.513260 -0.000058 
1962.346148 -0.000043 
1961.179036 -0.000079 
1960.011925 -0.000031 
1958.844813 -0.000076 
1957.677701 -0.000019 
1956.510589 -0.000134 
1955.343478 -0.000004 
1954.176366 -0.000029 
1953.009254 0.000032 
1951.842143 -0.000106 
1950.675031 0.000019 
1949.507919 -0.000052 
1948.340807 -0.000011 
1947.173696 -0.000033 
1946.006584 -0.000030 
1944.839472 0.000032 
1943.672360 0.000009 
1942.505249 0.000033 
1941.338137 -0.000018 
1940.171025 0.000076 
1939.003913 -0.000009 
1937.836802 0.000082 
1936.669690 -0.000012 
1935.502578 0.000078 
1934.335466 -0.000033 
1933.168355 0.000091 
1932.001243 -0.000003 
1930.834131 0.000044 
1929.667020 0.000002 
1928.499908 0.000039 
1927.332796 0.000016 
1926.165684 -0.000010 
1924.998573 0.000020 
1923.831461 -0.000014 
1922.664349 0.000014 
1921.497237 -0.000073 
1920.330126 0.000036 
1919.163014 -0.000037 
1917.995902 0.000053 
1916.828790 -0.000076 
1915.661679 0.000017 
1914.494567 -0.000080 
1913.327455 -0.000009 
1912.160343 -0.000088 
1910.993232 0.000007 
1909.826120 -0.000017 
1908.659008 -0.000007 
1907.491897 -0.000022 
1906.324785 -0.000035 
1905.157673 0.000004 
1903.990561 -0.000102 
1902.823450 -0.000044 
1901.656338 -0.000103 
1900.489226 0.000004 
1899.322114 -0.000097 
1898.155003 -0.000013 
1896.987891 -0.000101 
1895.820779 0.000017 
1894.653667 -0.000065 
1893.486556 -0.000035 
1892.319444 -0.000058 
1891.152332 0.000009 
1889.985220 0.000008 
1888.818109 -0.000004 
1887.650997 0.000033 
1886.483885 -0.000003 
1885.316774 0.000024 
1884.149662 -0.000031 
1882.982550 0.000059 
1881.815438 -0.000036 
1880.648327 0.000069 
1879.481215 -0.000002 
1878.314103 0.000071 
1877.146991 0.000024 
1875.979880 0.000064 
1874.812768 -0.000007 
1873.645656 0.000005 
1872.478544 0.000001 
1871.311433 -0.000022 
1870.144321 -0.000024 
1868.977209 -0.000056 
1867.810097 0.000051 
1866.642986 -0.000014 
1865.475874 0.000094 
1864.308762 -0.000052 
1863.141650 0.000071 
1861.974539 -0.000006 
1860.807427 0.000138 
1859.640315 0.000066 
1858.473204 0.000198 
1857.306092 0.000164 
1856.138980 0.000229 
1854.971868 0.000208 
1853.804757 0.000164 
1852.637645 0.000129 
1851.470533 0.000089 
1850.303421 0.000084 
1849.136310 -0.000028 
1847.969198 0.000048 
1846.802086 -0.000112 
1845.634974 -0.000031 
1844.467863 -0.000134 
1843.300751 0.000141 
1842.133639 0.000273 
1840.966527 0.000501 
1839.799416 0.000577 
1838.632304 0.000751 
1837.465192 0.000812 
1836.298081 0.001133 
1835.130969 0.001589 
1833.963857 0.001869 
1832.796745 0.001847 
1831.629634 0.001830 
1830.462522 0.003108 
1829.295410 0.004346 
1828.128298 0.002484 
1826.961187 0.001684 
1825.794075 0.001693 
1824.626963 0.000843 
1823.459851 0.000504 
1822.292740 0.000264 
1821.125628 0.000244 
1819.958516 0.000141 
1818.791404 0.000135 
1817.624293 0.000058 
1816.457181 0.000076 
1815.290069 0.000197 
1814.122958 0.000173 
1812.955846 0.000192 
1811.788734 0.000060 
1810.621622 0.000207 
1809.454511 0.000175 
1808.287399 0.000164 
1807.120287 -0.000000 
1805.953175 0.000068 
1804.786064 -0.000063 
1803.618952 0.000072 
1802.451840 -0.000032 
1801.284728 0.000002 
1800.117617 -0.000042 
1798.950505 -0.000031 
1797.783393 -0.000031 
1796.616281 -0.000088 
1795.449170 -0.000017 
1794.282058 -0.000077 
1793.114946 0.000002 
1791.947835 -0.000116 
1790.780723 -0.000006 
1789.613611 -0.000105 
1788.446499 0.000020 
1787.279388 -0.000073 
1786.112276 0.000013 
1784.945164 -0.000075 
1783.778052 0.000027 
1782.610941 -0.000008 
1781.443829 0.000024 
1780.276717 -0.000009 
1779.109605 0.000008 
1777.942494 0.000047 
1776.775382 -0.000003 
1775.608270 0.000041 
1774.441158 -0.000012 
1773.274047 0.000052 
1772.106935 -0.000056 
1770.939823 0.000103 
1769.772711 0.000001 
1768.605600 0.000098 
1767.438488 0.000018 
1766.271376 0.000163 
1765.104265 0.000094 
1763.937153 0.000150 
1762.770041 0.000153 
1761.602929 0.000152 
1760.435818 0.000182 
1759.268706 0.000206 
1758.101594 0.000293 
1756.934482 0.000203 
1755.767371 0.000339 
1754.600259 0.000254 
1753.433147 0.000384 
1752.266035 0.000275 
1751.098924 0.000353 
1749.931812 0.000324 
1748.764700 0.000425 
1747.597588 0.000376 
1746.430477 0.000451 
1745.263365 0.000422 
1744.096253 0.000517 
1742.929142 0.000568 
1741.762030 0.000594 
1740.594918 0.000699 
1739.427806 0.000653 
1738.260695 0.000852 
1737.093583 0.000813 
1735.926471 0.000959 
1734.759359 0.000850 
1733.592248 0.001008 
1732.425136 0.001069 
1731.258024 0.001286 
1730.090912 0.001257 
1728.923801 0.001382 
1727.756689 0.001405 
1726.589577 0.001482 
1725.422465 0.001486 
1724.255354 0.001489 
1723.088242 0.001556 
1721.921130 0.001517 
1720.754019 0.001611 
1719.586907 0.001451 
1718.419795 0.001457 
1717.252683 0.001246 
1716.085572 0.001425 
1714.918460 0.001253 
1713.751348 0.001383 
1712.584236 0.001288 
1711.417125 0.001414 
1710.250013 0.001309 
1709.082901 0.001375 
1707.915789 0.001336 
1706.748678 0.001357 
1705.581566 0.001382 
1704.414454 0.001341 
1703.247342 0.001430 
1702.080231 0.001401 
1700.913119 0.001473 
1699.746007 0.001385 
1698.578895 0.001648 
1697.411784 0.001548 
1696.244672 0.001610 
1695.077560 0.001537 
1693.910449 0.001818 
1692.743337 0.001765 
1691.576225 0.001895 
1690.409113 0.001869 
1689.242002 0.001913 
1688.074890 0.001929 
1686.907778 0.001937 
1685.740666 0.001917 
1684.573555 0.001726 
1683.406443 0.001901 
1682.239331 0.001864 
1681.072219 0.002009 
1679.905108 0.001899 
1678.737996 0.002036 
1677.570884 0.001892 
1676.403772 0.001975 
1675.236661 0.001815 
1674.069549 0.001926 
1672.902437 0.001881 
1671.735326 0.001883 
1670.568214 0.001838 
1669.401102 0.001793 
1668.233990 0.001812 
1667.066879 0.001767 
1665.899767 0.001809 
1664.732655 0.001675 
1663.565543 0.001704 
1662.398432 0.001568 
1661.231320 0.001667 
1660.064208 0.001540 
1658.897096 0.001682 
1657.729985 0.001607 
1656.562873 0.001711 
1655.395761 0.001583 
1654.228649 0.001556 
1653.061538 0.001394 
1651.894426 0.001469 
1650.727314 0.001591 
1649.560203 0.001570 
1648.393091 0.001593 
1647.225979 0.001471 
1646.058867 0.001521 
1644.891756 0.001454 
1643.724644 0.001536 
1642.557532 0.001395 
1641.390420 0.001502 
1640.223309 0.001317 
1639.056197 0.001460 
1637.889085 0.001390 
1636.721973 0.001416 
1635.554862 0.001283 
1634.387750 0.001315 
1633.220638 0.001306 
1632.053526 0.001282 
1630.886415 0.001324 
1629.719303 0.001297 
1628.552191 0.001435 
1627.385080 0.001378 
1626.217968 0.001557 
1625.050856 0.001441 
1623.883744 0.001550 
1622.716633 0.001462 
1621.549521 0.001679 
1620.382409 0.001640 
1619.215297 0.001793 
1618.048186 0.001709 
1616.881074 0.001688 
1615.713962 0.001714 
1614.546850 0.001789 
1613.379739 0.001808 
1612.212627 0.001799 
1611.045515 0.001910 
1609.878403 0.001903 
1608.711292 0.002069 
1607.544180 0.002063 
1606.377068 0.002284 
1605.209956 0.002259 
1604.042845 0.002497 
1602.875733 0.002466 
1601.708621 0.002638 
1600.541510 0.002587 
1599.374398 0.002722 
1598.207286 0.002773 
1597.040174 0.002921 
1595.873063 0.003144 
1594.705951 0.003396 
1593.538839 0.003830 
1592.371727 0.004165 
1591.204616 0.004663 
1590.037504 0.004809 
1588.870392 0.004977 
1587.703280 0.004702 
1586.536169 0.004488 
1585.369057 0.003945 
1584.201945 0.003618 
1583.034833 0.003174 
1581.867722 0.002990 
1580.700610 0.002728 
1579.533498 0.002601 
1578.366387 0.002446 
1577.199275 0.002299 
1576.032163 0.002210 
1574.865051 0.002190 
1573.697940 0.002261 
1572.530828 0.002123 
1571.363716 0.002252 
1570.196604 0.002121 
1569.029493 0.002245 
1567.862381 0.002155 
1566.695269 0.002301 
1565.528157 0.002203 
1564.361046 0.002352 
1563.193934 0.002324 
1562.026822 0.002388 
1560.859710 0.002332 
1559.692599 0.002287 
1558.525487 0.002338 
1557.358375 0.002404 
1556.191264 0.002567 
1555.024152 0.002454 
1553.857040 0.002492 
1552.689928 0.002441 
1551.522817 0.002655 
1550.355705 0.002612 
1549.188593 0.002837 
1548.021481 0.002740 
1546.854370 0.002795 
1545.687258 0.002608 
1544.520146 0.002680 
1543.353034 0.002560 
1542.185923 0.002456 
1541.018811 0.002317 
1539.851699 0.002249 
1538.684587 0.002428 
1537.517476 0.002672 
1536.350364 0.002864 
1535.183252 0.002832 
1534.016140 0.002887 
1532.849029 0.002819 
1531.681917 0.003016 
1530.514805 0.002957 
1529.347694 0.003113 
1528.180582 0.003042 
1527.013470 0.003141 
1525.846358 0.003056 
1524.679247 0.003118 
1523.512135 0.003138 
1522.345023 0.003212 
1521.177911 0.003390 
1520.010800 0.003568 
1518.843688 0.003782 
1517.676576 0.003784 
1516.509464 0.003993 
1515.342353 0.003977 
1514.175241 0.004187 
1513.008129 0.004105 
1511.841017 0.004290 
1510.673906 0.004285 
1509.506794 0.004413 
1508.339682 0.004353 
1507.172571 0.004383 
1506.005459 0.004374 
1504.838347 0.004462 
1503.671235 0.004610 
1502.504124 0.004659 
1501.337012 0.004848 
1500.169900 0.004946 
1499.002788 0.005246 
1497.835677 0.005377 
1496.668565 0.005785 
1495.501453 0.006047 
1494.334341 0.006760 
1493.167230 0.007328 
1492.000118 0.008440 
1490.833006 0.009741 
1489.665894 0.011779 
1488.498783 0.014735 
1487.331671 0.018294 
1486.164559 0.022220 
1484.997448 0.031351 
1483.830336 0.055020 
1482.663224 0.106635 
1481.496112 0.126242 
1480.329001 0.066094 
1479.161889 0.030290 
1477.994777 0.019695 
1476.827665 0.017509 
1475.660554 0.019259 
1474.493442 0.023108 
1473.326330 0.025861 
1472.159218 0.032149 
1470.992107 0.048926 
1469.824995 0.101017 
1468.657883 0.243111 
1467.490771 0.300115 
1466.323660 0.127404 
1465.156548 0.062972 
1463.989436 0.074243 
1462.822325 0.082875 
1461.655213 0.083658 
1460.488101 0.114806 
1459.320989 0.072890 
1458.153878 0.055403 
1456.986766 0.073201 
1455.819654 0.043828 
1454.652542 0.028885 
1453.485431 0.036552 
1452.318319 0.028802 
1451.151207 0.013758 
1449.984095 0.015346 
1448.816984 0.037248 
1447.649872 0.059455 
1446.482760 0.037257 
1445.315648 0.019736 
1444.148537 0.019601 
1442.981425 0.017808 
1441.814313 0.009482 
1440.647201 0.004919 
1439.480090 0.003169 
1438.312978 0.001995 
1437.145866 0.001397 
1435.978755 0.000907 
1434.811643 0.000868 
1433.644531 0.000903 
1432.477419 0.001937 
1431.310308 0.005506 
1430.143196 0.006391 
1428.976084 0.005096 
1427.808972 0.001925 
1426.641861 0.000643 
1425.474749 0.000075 
1424.307637 0.000052 
1423.140525 -0.000076 
1421.973414 0.000081 
1420.806302 -0.000012 
1419.639190 0.000134 
1418.472078 0.000100 
1417.304967 0.000309 
1416.137855 0.000276 
1414.970743 0.000390 
1413.803632 0.000315 
1412.636520 0.000290 
1411.469408 0.000251 
1410.302296 0.000260 
1409.135185 0.000298 
1407.968073 0.000222 
1406.800961 0.000312 
1405.633849 0.000167 
1404.466738 0.000301 
1403.299626 0.000172 
1402.132514 0.000274 
1400.965402 0.000124 
1399.798291 0.000204 
1398.631179 0.000055 
1397.464067 0.000121 
1396.296955 -0.000001 
1395.129844 -0.000039 
1393.962732 -0.000142 
1392.795620 -0.000118 
1391.628509 -0.000042 
1390.461397 -0.000074 
1389.294285 0.000031 
1388.127173 -0.000117 
1386.960062 -0.000008 
1385.792950 -0.000032 
1384.625838 0.000131 
1383.458726 -0.000031 
1382.291615 0.000004 
1381.124503 -0.000138 
1379.957391 -0.000072 
1378.790279 -0.000106 
1377.623168 -0.000049 
1376.456056 -0.000057 
1375.288944 -0.000036 
1374.121832 0.000038 
1372.954721 -0.000002 
1371.787609 0.000077 
1370.620497 -0.000001 
1369.453385 0.000148 
1368.286274 0.000044 
1367.119162 0.000212 
1365.952050 0.000115 
1364.784939 0.000309 
1363.617827 0.000157 
1362.450715 0.000270 
1361.283603 0.000194 
1360.116492 0.000305 
1358.949380 0.000275 
1357.782268 0.000333 
1356.615156 0.000325 
1355.448045 0.000340 
1354.280933 0.000380 
1353.113821 0.000343 
1351.946709 0.000489 
1350.779598 0.000414 
1349.612486 0.000555 
1348.445374 0.000456 
1347.278262 0.000665 
1346.111151 0.000574 
1344.944039 0.000728 
1343.776927 0.000703 
1342.609816 0.000921 
1341.442704 0.000887 
1340.275592 0.000949 
1339.108480 0.001017 
1337.941369 0.001082 
1336.774257 0.001153 
1335.607145 0.001109 
1334.440033 0.001171 
1333.272922 0.001122 
1332.105810 0.001236 
1330.938698 0.001108 
1329.771586 0.001241 
1328.604475 0.001130 
1327.437363 0.001281 
1326.270251 0.001174 
1325.103139 0.001289 
1323.936028 0.001224 
1322.768916 0.001294 
1321.601804 0.001271 
1320.434693 0.001257 
1319.267581 0.001315 
1318.100469 0.001288 
1316.933357 0.001357 
1315.766246 0.001305 
1314.599134 0.001471 
1313.432022 0.001369 
1312.264910 0.001543 
1311.097799 0.001424 
1309.930687 0.001594 
1308.763575 0.001497 
1307.596463 0.001636 
1306.429352 0.001622 
1305.262240 0.001779 
1304.095128 0.001709 
1302.928016 0.001752 
1301.760905 0.001792 
1300.593793 0.001794 
1299.426681 0.001864 
1298.259570 0.001833 
1297.092458 0.001980 
1295.925346 0.001910 
1294.758234 0.002099 
1293.591123 0.002012 
1292.424011 0.002201 
1291.256899 0.002115 
1290.089787 0.002313 
1288.922676 0.002216 
1287.755564 0.002397 
1286.588452 0.002360 
1285.421340 0.002494 
1284.254229 0.002508 
1283.087117 0.002592 
1281.920005 0.002661 
1280.752893 0.002725 
1279.585782 0.002871 
1278.418670 0.002832 
1277.251558 0.003013 
1276.084446 0.002980 
1274.917335 0.003187 
1273.750223 0.003141 
1272.583111 0.003350 
1271.416000 0.003347 
1270.248888 0.003591 
1269.081776 0.003627 
1267.914664 0.003848 
1266.747553 0.003960 
1265.580441 0.004180 
1264.413329 0.004379 
1263.246217 0.004609 
1262.079106 0.004950 
1260.911994 0.005257 
1259.744882 0.005768 
1258.577770 0.006253 
1257.410659 0.007228 
1256.243547 0.008343 
1255.076435 0.010426 
1253.909323 0.013657 
1252.742212 0.020654 
1251.575100 0.036040 
1250.407988 0.068190 
1249.240877 0.088513 
1248.073765 0.061162 
1246.906653 0.032006 
1245.739541 0.018347 
1244.572430 0.012708 
1243.405318 0.010255 
1242.238206 0.008836 
1241.071094 0.007318 
1239.903983 0.006600 
1238.736871 0.006090 
1237.569759 0.006012 
1236.402647 0.005765 
1235.235536 0.005871 
1234.068424 0.005753 
1232.901312 0.005896 
1231.734200 0.005897 
1230.567089 0.006063 
1229.399977 0.006127 
1228.232865 0.006287 
1227.065754 0.006456 
1225.898642 0.006497 
1224.731530 0.006713 
1223.564418 0.006795 
1222.397307 0.007023 
1221.230195 0.007052 
1220.063083 0.007381 
1218.895971 0.007437 
1217.728860 0.007790 
1216.561748 0.007866 
1215.394636 0.008205 
1214.227524 0.008346 
1213.060413 0.008684 
1211.893301 0.008854 
1210.726189 0.009153 
1209.559077 0.009420 
1208.391966 0.009693 
1207.224854 0.009998 
1206.057742 0.010280 
1204.890630 0.010748 
1203.723519 0.011020 
1202.556407 0.011548 
1201.389295 0.011885 
1200.222184 0.012435 
1199.055072 0.012756 
1197.887960 0.013395 
1196.720848 0.013760 
1195.553737 0.014448 
1194.386625 0.015005 
1193.219513 0.015751 
1192.052401 0.016561 
1190.885290 0.017515 
1189.718178 0.018687 
1188.551066 0.020133 
1187.383954 0.022101 
1186.216843 0.024692 
1185.049731 0.028981 
1183.882619 0.036784 
1182.715507 0.053837 
1181.548396 0.080269 
1180.381284 0.094138 
1179.214172 0.088822 
1178.047061 0.062063 
1176.879949 0.045414 
1175.712837 0.043089 
1174.545725 0.046034 
1173.378614 0.052560 
1172.211502 0.062437 
1171.044390 0.077676 
1169.877278 0.105541 
1168.710167 0.161453 
1167.543055 0.272023 
1166.375943 0.429985 
1165.208831 0.622562 
1164.041720 0.943423 
1162.874608 0.779271 
1161.707496 0.362329 
1160.540384 0.163022 
1159.373273 0.083492 
1158.206161 0.064357 
1157.039049 0.029938 
1155.871938 0.014321 
1154.704826 0.007082 
1153.537714 0.003562 
1152.370602 0.002034 
1151.203491 0.001810 
1150.036379 0.002814 
1148.869267 0.002643 
1147.702155 0.001947 
1146.535044 0.000564 
1145.367932 -0.000379 
1144.200820 -0.000919 
1143.033708 -0.000687 
1141.866597 -0.000399 
1140.699485 0.000426 
1139.532373 0.000532 
1138.365261 0.000709 
1137.198150 0.000913 
1136.031038 0.001093 
1134.863926 0.001404 
1133.696815 0.001736 
1132.529703 0.002184 
1131.362591 0.002515 
1130.195479 0.002995 
1129.028368 0.003287 
1127.861256 0.003821 
1126.694144 0.004111 
1125.527032 0.004694 
1124.359921 0.005035 
1123.192809 0.005795 
1122.025697 0.006599 
1120.858585 0.007287 
1119.691474 0.007750 
1118.524362 0.008124 
1117.357250 0.008635 
1116.190138 0.009391 
1115.023027 0.010345 
1113.855915 0.011341 
1112.688803 0.012621 
1111.521691 0.013841 
1110.354580 0.015509 
1109.187468 0.017287 
1108.020356 0.019605 
1106.853245 0.022160 
1105.686133 0.025527 
1104.519021 0.029548 
1103.351909 0.035120 
1102.184798 0.042378 
1101.017686 0.053206 
1099.850574 0.070050 
1098.683462 0.100581 
1097.516351 0.168272 
1096.349239 0.277793 
1095.182127 0.377604 
1094.015015 0.477767 
1092.847904 0.673329 
1091.680792 1.000000 
1090.513680 0.670882 
1089.346568 0.266837 
1088.179457 0.094171 
1087.012345 0.039089 
1085.845233 0.021977 
1084.678122 0.030255 
1083.511010 0.046978 
1082.343898 0.017532 
1081.176786 0.001401 
1080.009675 -0.002543 
1078.842563 -0.004219 
1077.675451 -0.005249 
1076.508339 -0.005775 
1075.341228 -0.005555 
1074.174116 -0.004280 
1073.007004 0.000305 
1071.839892 -0.003250 
1070.672781 -0.005657 
1069.505669 -0.005977 
1068.338557 -0.005744 
1067.171445 -0.005682 
1066.004334 -0.005392 
1064.837222 -0.005256 
1063.670110 -0.004980 
1062.502999 -0.004926 
1061.335887 -0.004808 
1060.168775 -0.004642 
1059.001663 -0.004609 
1057.834552 -0.004482 
1056.667440 -0.004565 
1055.500328 -0.004372 
1054.333216 -0.004456 
1053.166105 -0.004240 
1051.998993 -0.004295 
1050.831881 -0.004064 
1049.664769 -0.004125 
1048.497658 -0.003954 
1047.330546 -0.003963 
1046.163434 -0.003797 
1044.996322 -0.003704 
1043.829211 -0.003602 
1042.662099 -0.003492 
1041.494987 -0.003403 
1040.327875 -0.003215 
1039.160764 -0.003237 
1037.993652 -0.003025 
1036.826540 -0.003034 
1035.659429 -0.002764 
1034.492317 -0.002840 
1033.325205 -0.002599 
1032.158093 -0.002608 
1030.990982 -0.002326 
1029.823870 -0.002361 
1028.656758 -0.002232 
1027.489646 -0.002216 
1026.322535 -0.002098 
1025.155423 -0.002044 
1023.988311 -0.001962 
1022.821199 -0.001865 
1021.654088 -0.001894 
1020.486976 -0.001711 
1019.319864 -0.001766 
1018.152752 -0.001618 
1016.985641 -0.001712 
1015.818529 -0.001489 
1014.651417 -0.001570 
1013.484306 -0.001377 
1012.317194 -0.001451 
1011.150082 -0.001213 
1009.982970 -0.001226 
1008.815859 -0.000994 
1007.648747 -0.000927 
1006.481635 -0.000944 
1005.314523 -0.000844 
1004.147412 -0.000834 
1002.980300 -0.000662 
1001.813188 -0.000702 
1000.646076 -0.000514 
999.478965 -0.000550 
998.311853 -0.000299 
997.144741 -0.000381 
995.977629 -0.000161 
994.810518 -0.000299 
993.643406 -0.000158 
992.476294 -0.000242 
991.309183 -0.000122 
990.142071 -0.000144 
988.974959 -0.000038 
987.807847 -0.000004 
986.640736 0.000022 
985.473624 0.000174 
984.306512 0.000206 
983.139400 0.000349 
981.972289 0.000316 
980.805177 0.000539 
979.638065 0.000452 
978.470953 0.000673 
977.303842 0.000614 
976.136730 0.000822 
974.969618 0.000736 
973.802506 0.000863 
972.635395 0.000854 
971.468283 0.001016 
970.301171 0.001043 
969.134060 0.001095 
967.966948 0.001253 
966.799836 0.001315 
965.632724 0.001524 
964.465613 0.001568 
963.298501 0.001833 
962.131389 0.001813 
960.964277 0.002074 
959.797166 0.002053 
958.630054 0.002332 
957.462942 0.002374 
956.295830 0.002676 
955.128719 0.002763 
953.961607 0.002963 
952.794495 0.003108 
951.627383 0.003402 
950.460272 0.003600 
949.293160 0.003800 
948.126048 0.004119 
946.958936 0.004242 
945.791825 0.004632 
944.624713 0.004775 
943.457601 0.005275 
942.290490 0.005498 
941.123378 0.006078 
939.956266 0.006366 
938.789154 0.006953 
937.622043 0.007434 
936.454931 0.008151 
935.287819 0.008752 
934.120707 0.009686 
932.953596 0.010652 
931.786484 0.011844 
930.619372 0.013280 
929.452260 0.014968 
928.285149 0.017413 
927.118037 0.020504 
925.950925 0.025144 
924.783813 0.031424 
923.616702 0.041553 
922.449590 0.062699 
921.282478 0.113836 
920.115367 0.221360 
918.948255 0.382158 
917.781143 0.501070 
916.614031 0.370560 
915.446920 0.290614 
914.279808 0.309476 
913.112696 0.167997 
911.945584 0.035700 
910.778473 0.003832 
909.611361 0.001808 
908.444249 0.022908 
907.277137 0.028751 
906.110026 0.001787 
904.942914 -0.002759 
903.775802 -0.005333 
902.608690 -0.007352 
901.441579 -0.007243 
900.274467 -0.007058 
899.107355 -0.006573 
897.940244 -0.006310 
896.773132 -0.006065 
895.606020 -0.005707 
894.438908 -0.005412 
893.271797 -0.005115 
892.104685 -0.004930 
890.937573 -0.004575 
889.770461 -0.004475 
888.603350 -0.004066 
887.436238 -0.003989 
886.269126 -0.003599 
885.102014 -0.003527 
883.934903 -0.003231 
882.767791 -0.003162 
881.600679 -0.002919 
880.433567 -0.002816 
879.266456 -0.002625 
878.099344 -0.002445 
876.932232 -0.002311 
875.765121 -0.002167 
874.598009 -0.002146 
873.430897 -0.001902 
872.263785 -0.001906 
871.096674 -0.001701 
869.929562 -0.001727 
868.762450 -0.001525 
867.595338 -0.001623 
866.428227 -0.001343 
865.261115 -0.001391 
864.094003 -0.001207 
862.926891 -0.001243 
861.759780 -0.001072 
860.592668 -0.001030 
859.425556 -0.000907 
858.258444 -0.000844 
857.091333 -0.000785 
855.924221 -0.000562 
854.757109 -0.000665 
853.589997 -0.000584 
852.422886 -0.000513 
851.255774 -0.000426 
850.088662 -0.000532 
848.921551 -0.000345 
847.754439 -0.000391 
846.587327 -0.000237 
845.420215 -0.000303 
844.253104 -0.000183 
843.085992 -0.000210 
841.918880 -0.000114 
840.751768 -0.000119 
839.584657 -0.000097 
838.417545 -0.000032 
837.250433 -0.000048 
836.083321 0.000059 
834.916210 0.000029 
833.749098 0.000173 
832.581986 -0.000069 
831.414874 0.000114 
830.247763 0.000051 
829.080651 0.000169 
827.913539 0.000049 
826.746428 0.000135 
825.579316 0.000056 
824.412204 0.000136 
823.245092 0.000150 
822.077981 0.000177 
820.910869 0.000168 
819.743757 0.000122 
818.576645 0.000294 
817.409534 0.000184 
816.242422 0.000250 
815.075310 0.000145 
813.908198 0.000268 
812.741087 0.000113 
811.573975 0.000207 
810.406863 0.000068 
809.239751 0.000249 
808.072640 0.000087 
806.905528 0.000109 
805.738416 0.000110 
804.571305 0.000176 
803.404193 0.000133 
802.237081 0.000012 
801.069969 0.000075 
799.902858 0.000048 
798.735746 0.000038 
797.568634 -0.000136 
796.401522 0.000026 
795.234411 -0.000087 
794.067299 0.000012 
792.900187 -0.000081 
791.733075 -0.000027 
790.565964 -0.000099 
789.398852 -0.000014 
788.231740 -0.000218 
787.064628 -0.000079 
785.897517 -0.000104 
784.730405 -0.000094 
783.563293 -0.000024 
782.396181 -0.000088 
781.229070 -0.000012 
780.061958 -0.000139 
778.894846 -0.000026 
777.727735 -0.000130 
776.560623 -0.000038 
775.393511 -0.000153 
774.226399 -0.000073 
773.059288 -0.000233 
771.892176 -0.000103 
770.725064 -0.000195 
769.557952 -0.000090 
768.390841 -0.000076 
767.223729 -0.000061 
766.056617 -0.000115 
764.889505 -0.000141 
763.722394 -0.000052 
762.555282 -0.000105 
761.388170 0.000017 
760.221058 -0.000210 
759.053947 -0.000013 
757.886835 -0.000129 
756.719723 0.000044 
755.552612 -0.000067 
754.385500 0.000043 
753.218388 -0.000094 
752.051276 0.000026 
750.884165 -0.000044 
749.717053 -0.000054 
748.549941 -0.000042 
747.382829 -0.000097 
746.215718 -0.000032 
745.048606 -0.000163 
743.881494 -0.000068 
742.714382 -0.000183 
741.547271 0.000013 
740.380159 -0.000117 
739.213047 0.000006 
738.045935 -0.000151 
736.878824 -0.000090 
735.711712 -0.000117 
734.544600 -0.000011 
733.377489 -0.000095 
732.210377 -0.000067 
731.043265 -0.000112 
729.876153 -0.000041 
728.709042 -0.000053 
727.541930 -0.000131 
726.374818 -0.000017 
725.207706 -0.000124 
724.040595 -0.000028 
722.873483 -0.000127 
721.706371 0.000092 
720.539259 -0.000086 
719.372148 -0.000005 
718.205036 -0.000074 
717.037924 0.000163 
715.870812 0.000069 
714.703701 0.000113 
713.536589 -0.000002 
712.369477 -0.000002 
711.202366 0.000011 
710.035254 -0.000002 
708.868142 0.000017 
707.701030 -0.000037 
706.533919 0.000049 
705.366807 -0.000130 
704.199695 -0.000015 
703.032583 -0.000079 
701.865472 0.000044 
700.698360 -0.000159 
699.531248 -0.000036 
698.364136 -0.000163 
697.197025 -0.000137 
696.029913 -0.000245 
694.862801 -0.000237 
693.695689 -0.000259 
692.528578 -0.000380 
691.361466 -0.000356 
690.194354 -0.000539 
689.027242 -0.000506 
687.860131 -0.000606 
686.693019 -0.000491 
685.525907 -0.000534 
684.358796 -0.000146 
683.191684 -0.000546 
682.024572 -0.000652 
680.857460 -0.000892 
679.690349 -0.000818 
678.523237 -0.000900 
677.356125 -0.000938 
676.189013 -0.001110 
675.021902 -0.000992 
673.854790 -0.001097 
672.687678 -0.001196 
671.520566 -0.000992 
670.353455 -0.001159 
669.186343 -0.001298 
668.019231 -0.002410 
666.852119 -0.002017 
665.685008 -0.001749 
664.517896 -0.001365 
663.350784 -0.001324 
662.183673 -0.001032 
661.016561 -0.001034 
659.849449 -0.000967 
658.682337 -0.001275 
657.515226 -0.001682 
656.348114 -0.002113 
655.181002 -0.002432 
654.013890 -0.002608 
652.846779 -0.002793 
651.679667 -0.002547 
650.512555 -0.002230 
649.345443 -0.001397 
648.178332 -0.000944 
647.011220 -0.000389 
645.844108 -0.000339 
644.676996 -0.000389 
643.509885 -0.001040 
642.342773 -0.001648 
641.175661 -0.002455 
640.008550 -0.003069 
638.841438 -0.003544 
637.674326 -0.003666 
636.507214 -0.003737 
635.340103 -0.003457 
634.172991 -0.002793 
633.005879 -0.002265 
631.838767 -0.001055 
630.671656 -0.000389 
629.504544 0.000395 
628.337432 0.000835 
627.170320 0.001450 
626.003209 0.001527 
624.836097 0.001556 
623.668985 0.001008 
622.501873 0.000526 
621.334762 0.000053 
620.167650 -0.000187 
619.000538 -0.000453 
617.833426 -0.000628 
616.666315 -0.000661 
615.499203 -0.000872 
614.332091 -0.000847 
613.164980 -0.001058 
611.997868 -0.001046 
610.830756 -0.001350 
609.663644 -0.001338 
608.496533 -0.001536 
607.329421 -0.001379 
606.162309 -0.001634 
604.995197 -0.001521 
603.828086 -0.001445 
602.660974 -0.001343 
601.493862 -0.001319 
600.326750 -0.001185 
599.159639 -0.000987 
597.992527 -0.000817 
596.825415 -0.000683 
595.658303 -0.000813 
594.491192 -0.000778 
593.324080 -0.000997 
592.156968 -0.000921 
590.989857 -0.001109 
589.822745 -0.000702 
588.655633 -0.000591 
587.488521 -0.000403 
586.321410 -0.000130 
585.154298 0.000102 
583.987186 0.000431 
582.820074 0.000619 
581.652963 0.000724 
580.485851 0.000836 
579.318739 0.001012 
578.151627 0.001010 
576.984516 0.000964 
575.817404 0.000958 
574.650292 0.000956 
573.483180 0.001072 
572.316069 0.001198 
571.148957 0.000596 
569.981845 0.000740 
568.814734 0.000883 
567.647622 0.000677 
566.480510 0.000841 
565.313398 0.000966 
564.146287 0.001446 
562.979175 0.001527 
561.812063 0.001071 
560.644951 0.001003 
559.477840 0.000690 
558.310728 0.000495 
557.143616 0.000876 
555.976504 0.000393 
554.809393 0.000530 
553.642281 0.001075 
552.475169 0.000271 
551.308057 0.000119 
550.140946 0.000844 
548.973834 0.001073 
547.806722 0.000308 
546.639611 0.000017 
545.472499 0.000331 
544.305387 -0.000065 
543.138275 -0.000552 
541.971164 0.000041 
540.804052 -0.000514 
539.636940 -0.000763 
538.469828 -0.000481 
537.302717 -0.000067 
536.135605 -0.000083 
534.968493 0.000529 
533.801381 0.000387 
532.634270 0.000278 
531.467158 0.000291 
530.300046 0.000682 
529.132934 0.000500 
527.965823 -0.000244 
526.798711 0.000139 
525.631599 0.000507 
524.464487 0.000927 
523.297376 0.000063 
522.130264 -0.000409 
520.963152 0.000203 
519.796041 0.000646 
518.628929 0.000782 
517.461817 0.001265 
516.294705 0.001274 
515.127594 0.000797 
513.960482 -0.001369 
512.793370 -0.005465 
511.626258 -0.007681 
510.459147 -0.006117 
509.292035 -0.004658 
508.124923 -0.003819 
506.957811 -0.002944 
505.790700 -0.001753 
504.623588 -0.001248 
503.456476 -0.000642 
502.289364 0.000091 
501.122253 0.000077 
499.955141 0.000574 
