5000.111000 -0.000607 
4998.643809 -0.002367 
4997.176617 -0.001851 
4995.709426 0.000589 
4994.242234 0.000613 
4992.775043 -0.000516 
4991.307851 -0.001803 
4989.840660 -0.001973 
4988.373468 -0.000819 
4986.906277 0.000935 
4985.439085 -0.000674 
4983.971894 -0.001378 
4982.504702 -0.003016 
4981.037511 -0.000740 
4979.570319 0.000467 
4978.103128 0.001548 
4976.635936 -0.001900 
4975.168745 -0.001341 
4973.701553 -0.001863 
4972.234362 0.000795 
4970.767170 0.000243 
4969.299979 -0.000376 
4967.832787 -0.002743 
4966.365596 -0.001942 
4964.898404 -0.000704 
4963.431213 0.000291 
4961.964021 -0.000218 
4960.496830 -0.002051 
4959.029638 -0.001584 
4957.562447 -0.000631 
4956.095255 0.000595 
4954.628064 -0.000109 
4953.160872 -0.001487 
4951.693681 -0.003205 
4950.226489 -0.000692 
4948.759298 -0.000030 
4947.292106 0.000030 
4945.824915 -0.002531 
4944.357723 -0.002622 
4942.890532 0.000370 
4941.423340 -0.001863 
4939.956149 -0.000322 
4938.488957 -0.001948 
4937.021766 -0.001912 
4935.554574 -0.002234 
4934.087383 -0.000006 
4932.620191 -0.000856 
4931.153000 -0.001384 
4929.685808 -0.003441 
4928.218617 -0.002822 
4926.751425 -0.000619 
4925.284234 -0.002039 
4923.817042 -0.001954 
4922.349851 -0.001244 
4920.882659 -0.002337 
4919.415468 -0.000898 
4917.948276 -0.001432 
4916.481085 -0.000310 
4915.013893 -0.001135 
4913.546702 -0.002901 
4912.079510 -0.000765 
4910.612319 -0.000473 
4909.145127 -0.001068 
4907.677936 -0.003302 
4906.210744 -0.003241 
4904.743553 -0.002021 
4903.276361 -0.001001 
4901.809170 -0.001633 
4900.341978 -0.001736 
4898.874787 -0.002956 
4897.407595 -0.001687 
4895.940404 -0.001165 
4894.473212 -0.000680 
4893.006021 0.000595 
4891.538829 -0.001475 
4890.071638 -0.002312 
4888.604446 -0.001438 
4887.137255 0.000886 
4885.670063 -0.001214 
4884.202872 -0.002646 
4882.735680 -0.002913 
4881.268489 0.000127 
4879.801297 0.001463 
4878.334106 -0.000862 
4876.866914 -0.001973 
4875.399723 -0.001979 
4873.932531 -0.001517 
4872.465340 0.000097 
4870.998148 0.000218 
4869.530957 -0.001930 
4868.063765 -0.001675 
4866.596574 -0.001918 
4865.129382 0.000340 
4863.662191 0.001111 
4862.194999 -0.001487 
4860.727808 -0.003532 
4859.260616 -0.001487 
4857.793425 -0.000455 
4856.326233 0.000188 
4854.859042 -0.000977 
4853.391850 -0.002167 
4851.924659 -0.001578 
4850.457467 -0.001882 
4848.990276 0.000552 
4847.523084 -0.000109 
4846.055893 -0.001803 
4844.588701 -0.001451 
4843.121510 -0.002179 
4841.654318 0.000492 
4840.187127 -0.000698 
4838.719935 -0.001505 
4837.252744 -0.000613 
4835.785552 -0.001778 
4834.318361 -0.000200 
4832.851169 0.000127 
4831.383978 -0.001942 
4829.916786 -0.002507 
4828.449595 -0.004188 
4826.982403 -0.001372 
4825.515212 -0.000479 
4824.048020 -0.001954 
4822.580829 -0.002021 
4821.113637 -0.002762 
4819.646446 -0.001542 
4818.179254 -0.000813 
4816.712063 -0.001402 
4815.244871 -0.003180 
4813.777680 -0.003678 
4812.310488 -0.002270 
4810.843297 -0.000109 
4809.376105 -0.001888 
4807.908914 -0.002373 
4806.441722 -0.002045 
4804.974531 -0.003514 
4803.507339 -0.000971 
4802.040148 -0.002410 
4800.572956 -0.003411 
4799.105765 -0.003478 
4797.638573 -0.003235 
4796.171382 -0.002319 
4794.704190 -0.002579 
4793.236999 -0.002950 
4791.769807 -0.003957 
4790.302616 -0.004030 
4788.835424 -0.003769 
4787.368233 -0.002331 
4785.901041 -0.002895 
4784.433850 -0.003793 
4782.966658 -0.004340 
4781.499467 -0.002592 
4780.032275 -0.003781 
4778.565084 -0.003417 
4777.097892 -0.003545 
4775.630701 -0.003690 
4774.163509 -0.003532 
4772.696318 -0.002076 
4771.229126 -0.002446 
4769.761935 -0.004364 
4768.294743 -0.004315 
4766.827552 -0.003271 
4765.360360 -0.003029 
4763.893169 -0.003132 
4762.425977 -0.003860 
4760.958786 -0.006579 
4759.491594 -0.004461 
4758.024403 -0.004534 
4756.557211 -0.002689 
4755.090020 -0.004989 
4753.622828 -0.005553 
4752.155637 -0.006185 
4750.688445 -0.005390 
4749.221254 -0.003842 
4747.754062 -0.005280 
4746.286871 -0.006701 
4744.819679 -0.008710 
4743.352488 -0.004947 
4741.885296 -0.006112 
4740.418105 -0.006670 
4738.950914 -0.005596 
4737.483722 -0.008103 
4736.016531 -0.004928 
4734.549339 -0.004837 
4733.082148 -0.007435 
4731.614956 -0.006561 
4730.147765 -0.007569 
4728.680573 -0.006227 
4727.213382 -0.005511 
4725.746190 -0.006045 
4724.278999 -0.004006 
4722.811807 -0.007969 
4721.344616 -0.003824 
4719.877424 -0.005875 
4718.410233 -0.001347 
4716.943041 -0.003988 
4715.475850 -0.003423 
4714.008658 -0.003860 
4712.541467 0.000176 
4711.074275 -0.000692 
4709.607084 0.001572 
4708.139892 0.000613 
4706.672701 0.000540 
4705.205509 0.001839 
4703.738318 0.004831 
4702.271126 0.003605 
4700.803935 0.003247 
4699.336743 0.003265 
4697.869552 0.005347 
4696.402360 0.006033 
4694.935169 0.004552 
4693.467977 0.004327 
4692.000786 0.001402 
4690.533594 0.005341 
4689.066403 0.003284 
4687.599211 0.006154 
4686.132020 0.002361 
4684.664828 0.003168 
4683.197637 0.006167 
4681.730445 0.001511 
4680.263254 0.004892 
4678.796062 -0.002270 
4677.328871 0.000662 
4675.861679 -0.003563 
4674.394488 -0.003538 
4672.927296 -0.003320 
4671.460105 -0.008321 
4669.992913 -0.006816 
4668.525722 -0.009590 
4667.058530 -0.008218 
4665.591339 -0.008309 
4664.124147 -0.008661 
4662.656956 -0.006549 
4661.189764 -0.009153 
4659.722573 -0.007083 
4658.255381 -0.002567 
4656.788190 -0.004758 
4655.320998 -0.003108 
4653.853807 -0.006506 
4652.386615 -0.003994 
4650.919424 -0.002488 
4649.452232 -0.004321 
4647.985041 -0.004704 
4646.517849 -0.006427 
4645.050658 -0.005280 
4643.583466 -0.003969 
4642.116275 -0.004971 
4640.649083 -0.004959 
4639.181892 -0.006622 
4637.714700 -0.005481 
4636.247509 -0.003193 
4634.780317 -0.002240 
4633.313126 -0.002695 
4631.845934 -0.004449 
4630.378743 -0.004503 
4628.911551 -0.001979 
4627.444360 -0.001396 
4625.977168 -0.002124 
4624.509977 -0.003356 
4623.042785 -0.002762 
4621.575594 -0.002458 
4620.108402 -0.001457 
4618.641211 -0.001008 
4617.174019 -0.002853 
4615.706828 -0.002434 
4614.239636 -0.000880 
4612.772445 -0.000613 
4611.305253 -0.000237 
4609.838062 -0.001487 
4608.370870 -0.001269 
4606.903679 -0.001147 
4605.436487 -0.000935 
4603.969296 0.001165 
4602.502104 0.000467 
4601.034913 -0.000200 
4599.567721 -0.003095 
4598.100530 0.000134 
4596.633338 0.001196 
4595.166147 -0.000134 
4593.698955 -0.001080 
4592.231764 -0.000710 
4590.764572 0.000164 
4589.297381 0.000880 
4587.830189 0.001554 
4586.362998 0.000601 
4584.895806 -0.000243 
4583.428615 -0.000443 
4581.961423 0.000206 
4580.494232 0.000334 
4579.027040 -0.000479 
4577.559849 -0.001323 
4576.092657 -0.000297 
4574.625466 0.000504 
4573.158274 0.001572 
4571.691083 0.000206 
4570.223891 -0.000055 
4568.756700 0.000716 
4567.289508 0.000983 
4565.822317 0.001481 
4564.355125 0.001074 
4562.887934 0.000625 
4561.420742 0.000121 
4559.953551 0.001269 
4558.486359 0.003174 
4557.019168 0.002337 
4555.551976 0.000625 
4554.084785 0.001754 
4552.617593 0.001742 
4551.150402 0.003508 
4549.683210 0.003666 
4548.216019 0.002664 
4546.748827 0.001736 
4545.281636 0.000376 
4543.814444 0.002834 
4542.347253 0.002737 
4540.880061 0.001663 
4539.412870 0.000479 
4537.945678 0.001238 
4536.478487 0.001657 
4535.011295 0.001760 
4533.544104 0.000419 
4532.076912 -0.001044 
4530.609721 -0.000164 
4529.142529 0.001026 
4527.675338 0.001572 
4526.208146 -0.000042 
4524.740955 -0.000231 
4523.273763 -0.000704 
4521.806572 0.000127 
4520.339380 0.000085 
4518.872189 0.000486 
4517.404997 -0.001469 
4515.937806 -0.000983 
4514.470614 -0.000237 
4513.003423 0.000728 
4511.536231 0.000000 
4510.069040 -0.001402 
4508.601848 -0.002021 
4507.134657 -0.001378 
4505.667465 -0.000006 
4504.200274 -0.000431 
4502.733082 -0.001196 
4501.265891 -0.001341 
4499.798699 -0.001123 
4498.331508 0.000267 
4496.864316 -0.000449 
4495.397125 -0.001517 
4493.929933 -0.001614 
4492.462742 -0.001942 
4490.995550 -0.001123 
4489.528359 -0.000109 
4488.061167 -0.000322 
4486.593976 -0.000504 
4485.126784 -0.001153 
4483.659593 -0.000164 
4482.192402 -0.000194 
4480.725210 0.000109 
4479.258019 -0.000995 
4477.790827 -0.001821 
4476.323636 -0.000376 
4474.856444 -0.000540 
4473.389253 -0.000036 
4471.922061 -0.000995 
4470.454870 -0.001232 
4468.987678 -0.001608 
4467.520487 -0.000097 
4466.053295 -0.000237 
4464.586104 -0.000158 
4463.118912 -0.001973 
4461.651721 -0.000680 
4460.184529 -0.000030 
4458.717338 0.000061 
4457.250146 0.000073 
4455.782955 -0.001341 
4454.315763 -0.002033 
4452.848572 -0.000164 
4451.381380 0.000862 
4449.914189 0.000577 
4448.446997 -0.001269 
4446.979806 -0.002155 
4445.512614 -0.000376 
4444.045423 0.000291 
4442.578231 0.000437 
4441.111040 -0.000528 
4439.643848 -0.001050 
4438.176657 -0.000637 
4436.709465 0.001159 
4435.242274 -0.000164 
4433.775082 -0.000801 
4432.307891 -0.000461 
4430.840699 -0.001105 
4429.373508 0.000540 
4427.906316 0.000607 
4426.439125 -0.000303 
4424.971933 -0.001566 
4423.504742 0.000152 
4422.037550 0.000291 
4420.570359 0.001214 
4419.103167 0.000297 
4417.635976 -0.001347 
4416.168784 -0.000504 
4414.701593 -0.000091 
4413.234401 0.001554 
4411.767210 0.001432 
4410.300018 -0.000225 
4408.832827 -0.000923 
4407.365635 0.000109 
4405.898444 0.000376 
4404.431252 0.001366 
4402.964061 -0.000097 
4401.496869 -0.001141 
4400.029678 -0.000158 
4398.562486 0.000176 
4397.095295 0.001184 
4395.628103 -0.000067 
4394.160912 -0.000467 
4392.693720 0.000134 
4391.226529 0.000704 
4389.759337 0.000388 
4388.292146 0.000486 
4386.824954 -0.001572 
4385.357763 0.000516 
4383.890571 0.000759 
4382.423380 0.001712 
4380.956188 0.000649 
4379.488997 -0.001062 
4378.021805 -0.001117 
4376.554614 -0.001105 
4375.087422 0.000662 
4373.620231 0.000388 
4372.153039 -0.000771 
4370.685848 -0.002130 
4369.218656 0.000674 
4367.751465 0.000419 
4366.284273 0.000534 
4364.817082 -0.000443 
4363.349890 -0.001590 
4361.882699 -0.000601 
4360.415507 0.000146 
4358.948316 0.000540 
4357.481124 -0.001020 
4356.013933 -0.001663 
4354.546741 -0.000923 
4353.079550 0.000795 
4351.612358 0.000340 
4350.145167 -0.000941 
4348.677975 -0.001748 
4347.210784 -0.000965 
4345.743592 -0.001469 
4344.276401 0.000540 
4342.809209 -0.001111 
4341.342018 -0.002106 
4339.874826 -0.001991 
4338.407635 -0.000935 
4336.940443 -0.000073 
4335.473252 -0.000923 
4334.006060 -0.001129 
4332.538869 -0.001894 
4331.071677 -0.000643 
4329.604486 -0.000334 
4328.137294 -0.000498 
4326.670103 -0.001772 
4325.202911 -0.002076 
4323.735720 -0.001906 
4322.268528 -0.000061 
4320.801337 -0.000783 
4319.334145 -0.001044 
4317.866954 -0.001329 
4316.399762 -0.002913 
4314.932571 -0.001481 
4313.465379 -0.001317 
4311.998188 -0.001797 
4310.530996 -0.002446 
4309.063805 -0.001426 
4307.596613 -0.000965 
4306.129422 -0.000479 
4304.662230 -0.000716 
4303.195039 -0.002840 
4301.727847 -0.002203 
4300.260656 -0.001608 
4298.793464 -0.001341 
4297.326273 -0.000473 
4295.859081 -0.002252 
4294.391890 -0.002586 
4292.924698 -0.001651 
4291.457507 -0.000419 
4289.990315 -0.000492 
4288.523124 -0.002258 
4287.055932 -0.002264 
4285.588741 -0.001979 
4284.121549 -0.000619 
4282.654358 -0.001293 
4281.187166 -0.001821 
4279.719975 -0.002689 
4278.252783 -0.002312 
4276.785592 -0.001147 
4275.318400 -0.000874 
4273.851209 -0.000904 
4272.384017 -0.002932 
4270.916826 -0.002051 
4269.449634 -0.001208 
4267.982443 -0.000079 
4266.515251 -0.001062 
4265.048060 -0.002391 
4263.580868 -0.001888 
4262.113677 -0.001141 
4260.646485 -0.000279 
4259.179294 -0.002070 
4257.712102 -0.001748 
4256.244911 -0.002695 
4254.777719 -0.001044 
4253.310528 -0.000407 
4251.843336 0.000024 
4250.376145 -0.002185 
4248.908953 -0.001960 
4247.441762 -0.002136 
4245.974570 -0.000868 
4244.507379 0.000079 
4243.040187 -0.002434 
4241.572996 -0.001900 
4240.105804 -0.002294 
4238.638613 -0.000443 
4237.171421 -0.001111 
4235.704230 -0.000971 
4234.237038 -0.002051 
4232.769847 -0.001875 
4231.302655 -0.001493 
4229.835464 -0.000680 
4228.368272 -0.001408 
4226.901081 -0.002397 
4225.433889 -0.002312 
4223.966698 -0.001627 
4222.499507 -0.000807 
4221.032315 -0.001505 
4219.565124 -0.001323 
4218.097932 -0.001966 
4216.630741 -0.002021 
4215.163549 -0.001347 
4213.696358 -0.000983 
4212.229166 -0.001942 
4210.761975 -0.002282 
4209.294783 -0.002440 
4207.827592 -0.001960 
4206.360400 -0.000734 
4204.893209 -0.002209 
4203.426017 -0.002780 
4201.958826 -0.002786 
4200.491634 -0.001438 
4199.024443 -0.001190 
4197.557251 -0.001639 
4196.090060 -0.002968 
4194.622868 -0.001863 
4193.155677 -0.001888 
4191.688485 -0.001797 
4190.221294 -0.002130 
4188.754102 -0.002306 
4187.286911 -0.003211 
4185.819719 -0.002604 
4184.352528 -0.001851 
4182.885336 -0.001372 
4181.418145 -0.002221 
4179.950953 -0.003429 
4178.483762 -0.001809 
4177.016570 -0.001220 
4175.549379 -0.001693 
4174.082187 -0.002094 
4172.614996 -0.002640 
4171.147804 -0.003047 
4169.680613 -0.002543 
4168.213421 -0.001736 
4166.746230 -0.002355 
4165.279038 -0.003029 
4163.811847 -0.003302 
4162.344655 -0.001147 
4160.877464 -0.001906 
4159.410272 -0.002015 
4157.943081 -0.003284 
4156.475889 -0.003089 
4155.008698 -0.002567 
4153.541506 -0.001706 
4152.074315 -0.002173 
4150.607123 -0.002798 
4149.139932 -0.003441 
4147.672740 -0.002865 
4146.205549 -0.001821 
4144.738357 -0.002737 
4143.271166 -0.002798 
4141.803974 -0.003563 
4140.336783 -0.002664 
4138.869591 -0.002756 
4137.402400 -0.001906 
4135.935208 -0.002816 
4134.468017 -0.003095 
4133.000825 -0.002907 
4131.533634 -0.002677 
4130.066442 -0.002142 
4128.599251 -0.003271 
4127.132059 -0.002986 
4125.664868 -0.003447 
4124.197676 -0.001960 
4122.730485 -0.001906 
4121.263293 -0.001681 
4119.796102 -0.003551 
4118.328910 -0.003411 
4116.861719 -0.003205 
4115.394527 -0.002428 
4113.927336 -0.002586 
4112.460144 -0.002713 
4110.992953 -0.004364 
4109.525761 -0.003472 
4108.058570 -0.002209 
4106.591378 -0.001797 
4105.124187 -0.002367 
4103.656995 -0.003721 
4102.189804 -0.002889 
4100.722612 -0.002549 
4099.255421 -0.001511 
4097.788229 -0.002986 
4096.321038 -0.002325 
4094.853846 -0.003399 
4093.386655 -0.001317 
4091.919463 -0.001942 
4090.452272 -0.002173 
4088.985080 -0.003423 
4087.517889 -0.004036 
4086.050697 -0.002695 
4084.583506 -0.002021 
4083.116314 -0.001973 
4081.649123 -0.003708 
4080.181931 -0.002871 
4078.714740 -0.003016 
4077.247548 -0.002215 
4075.780357 -0.001973 
4074.313165 -0.002592 
4072.845974 -0.002992 
4071.378782 -0.003095 
4069.911591 -0.002142 
4068.444399 -0.001390 
4066.977208 -0.002598 
4065.510016 -0.003860 
4064.042825 -0.002264 
4062.575633 -0.002027 
4061.108442 -0.001414 
4059.641250 -0.002689 
4058.174059 -0.003041 
4056.706867 -0.003211 
4055.239676 -0.002343 
4053.772484 -0.002282 
4052.305293 -0.001523 
4050.838101 -0.002859 
4049.370910 -0.002671 
4047.903718 -0.002319 
4046.436527 -0.001966 
4044.969335 -0.001839 
4043.502144 -0.002883 
4042.034952 -0.003010 
4040.567761 -0.001639 
4039.100569 -0.000880 
4037.633378 -0.000789 
4036.166186 -0.001803 
4034.698995 -0.002428 
4033.231803 -0.001790 
4031.764612 -0.000255 
4030.297420 -0.000243 
4028.830229 -0.001493 
4027.363037 -0.001821 
4025.895846 -0.000364 
4024.428654 -0.000328 
4022.961463 0.000425 
4021.494271 -0.000655 
4020.027080 -0.000898 
4018.559888 -0.001129 
4017.092697 -0.000012 
4015.625505 0.000455 
4014.158314 -0.000771 
4012.691122 -0.001396 
4011.223931 -0.001505 
4009.756739 0.000055 
4008.289548 -0.000115 
4006.822356 -0.000067 
4005.355165 -0.001724 
4003.887973 -0.001366 
4002.420782 -0.001269 
4000.953590 0.000370 
3999.486399 0.000049 
3998.019207 -0.001481 
3996.552016 -0.001651 
3995.084824 -0.001353 
3993.617633 -0.000680 
3992.150441 -0.000850 
3990.683250 -0.001542 
3989.216058 -0.002428 
3987.748867 -0.001262 
3986.281675 -0.001086 
3984.814484 -0.000407 
3983.347292 -0.002045 
3981.880101 -0.002033 
3980.412909 -0.002379 
3978.945718 -0.001390 
3977.478526 -0.001014 
3976.011335 -0.001269 
3974.544143 -0.002434 
3973.076952 -0.002319 
3971.609760 -0.001748 
3970.142569 -0.001912 
3968.675377 -0.001493 
3967.208186 -0.002112 
3965.740994 -0.002422 
3964.273803 -0.002537 
3962.806612 -0.001074 
3961.339420 -0.001797 
3959.872229 -0.002379 
3958.405037 -0.002276 
3956.937846 -0.002197 
3955.470654 -0.000498 
3954.003463 -0.001748 
3952.536271 -0.001833 
3951.069080 -0.003235 
3949.601888 -0.002446 
3948.134697 -0.001463 
3946.667505 -0.000789 
3945.200314 -0.001760 
3943.733122 -0.001991 
3942.265931 -0.002403 
3940.798739 -0.002276 
3939.331548 -0.000704 
3937.864356 -0.000473 
3936.397165 -0.002349 
3934.929973 -0.002379 
3933.462782 -0.001281 
3931.995590 -0.001232 
3930.528399 -0.001445 
3929.061207 -0.003156 
3927.594016 -0.002622 
3926.126824 -0.002306 
3924.659633 -0.000698 
3923.192441 -0.001681 
3921.725250 -0.002076 
3920.258058 -0.002840 
3918.790867 -0.002871 
3917.323675 -0.001621 
3915.856484 -0.001111 
3914.389292 -0.001839 
3912.922101 -0.002124 
3911.454909 -0.002725 
3909.987718 -0.001426 
3908.520526 -0.001590 
3907.053335 -0.002470 
3905.586143 -0.001863 
3904.118952 -0.001797 
3902.651760 -0.001596 
3901.184569 -0.001062 
3899.717377 -0.001554 
3898.250186 -0.002410 
3896.782994 -0.003466 
3895.315803 -0.002258 
3893.848611 -0.001833 
3892.381420 -0.001991 
3890.914228 -0.001645 
3889.447037 -0.003490 
3887.979845 -0.003004 
3886.512654 -0.001718 
3885.045462 -0.001214 
3883.578271 -0.002901 
3882.111079 -0.003915 
3880.643888 -0.002743 
3879.176696 -0.002452 
3877.709505 -0.002798 
3876.242313 -0.002774 
3874.775122 -0.003793 
3873.307930 -0.003381 
3871.840739 -0.003684 
3870.373547 -0.001918 
3868.906356 -0.003138 
3867.439164 -0.003994 
3865.971973 -0.004085 
3864.504781 -0.002428 
3863.037590 -0.003447 
3861.570398 -0.003095 
3860.103207 -0.004771 
3858.636015 -0.004516 
3857.168824 -0.003812 
3855.701632 -0.003927 
3854.234441 0.001020 
3852.767249 -0.002434 
3851.300058 -0.002191 
3849.832866 -0.004510 
3848.365675 -0.003654 
3846.898483 -0.003332 
3845.431292 -0.003702 
3843.964100 -0.004079 
3842.496909 -0.004012 
3841.029717 -0.002319 
3839.562526 -0.002464 
3838.095334 -0.001973 
3836.628143 -0.003617 
3835.160951 -0.003150 
3833.693760 -0.003047 
3832.226568 -0.001845 
3830.759377 -0.001790 
3829.292185 -0.002998 
3827.824994 -0.003927 
3826.357802 -0.002227 
3824.890611 -0.001627 
3823.423419 -0.001736 
3821.956228 -0.001590 
3820.489036 -0.000698 
3819.021845 -0.000401 
3817.554653 -0.001554 
3816.087462 0.001754 
3814.620270 -0.001511 
3813.153079 -0.001712 
3811.685887 -0.001754 
3810.218696 -0.000916 
3808.751504 -0.000073 
3807.284313 0.000055 
3805.817121 -0.001542 
3804.349930 -0.000971 
3802.882738 0.000152 
3801.415547 0.002051 
3799.948355 -0.000880 
3798.481164 -0.002361 
3797.013972 -0.000558 
3795.546781 -0.000534 
3794.079589 -0.000273 
3792.612398 -0.001511 
3791.145206 -0.002240 
3789.678015 -0.002749 
3788.210823 -0.001712 
3786.743632 -0.001408 
3785.276440 -0.002622 
3783.809249 -0.002889 
3782.342057 -0.002798 
3780.874866 -0.001997 
3779.407674 -0.002094 
3777.940483 -0.001014 
3776.473291 -0.002367 
3775.006100 -0.002853 
3773.538908 -0.002501 
3772.071717 -0.001985 
3770.604525 -0.002009 
3769.137334 -0.001906 
3767.670142 -0.003247 
3766.202951 -0.001778 
3764.735759 -0.000212 
3763.268568 0.000498 
3761.801376 -0.000255 
3760.334185 -0.001171 
3758.866993 -0.000303 
3757.399802 -0.000795 
3755.932610 -0.000425 
3754.465419 -0.000200 
3752.998227 -0.000012 
3751.531036 0.001809 
3750.063844 0.001056 
3748.596653 0.000607 
3747.129461 -0.002258 
3745.662270 -0.004807 
3744.195078 -0.002482 
3742.727887 -0.003265 
3741.260695 -0.001044 
3739.793504 -0.001250 
3738.326312 -0.001930 
3736.859121 -0.002142 
3735.391929 -0.002300 
3733.924738 -0.000874 
3732.457546 -0.000376 
3730.990355 -0.000668 
3729.523163 -0.001184 
3728.055972 -0.000649 
3726.588780 0.001014 
3725.121589 -0.000067 
3723.654397 0.000892 
3722.187206 0.002658 
3720.720014 0.004904 
3719.252823 0.007629 
3717.785631 0.010027 
3716.318440 0.010779 
3714.851248 0.011811 
3713.384057 0.012928 
3711.916865 0.017601 
3710.449674 0.018870 
3708.982482 0.022074 
3707.515291 0.022232 
3706.048099 0.024636 
3704.580908 0.027112 
3703.113717 0.029321 
3701.646525 0.032162 
3700.179334 0.030553 
3698.712142 0.030256 
3697.244951 0.029813 
3695.777759 0.030153 
3694.310568 0.029607 
3692.843376 0.028520 
3691.376185 0.027950 
3689.908993 0.027701 
3688.441802 0.029576 
3686.974610 0.029691 
3685.507419 0.028830 
3684.040227 0.028987 
3682.573036 0.029540 
3681.105844 0.030365 
3679.638653 0.033461 
3678.171461 0.033594 
3676.704270 0.035888 
3675.237078 0.037169 
3673.769887 0.037885 
3672.302695 0.040319 
3670.835504 0.043111 
3669.368312 0.043578 
3667.901121 0.044762 
3666.433929 0.046680 
3664.966738 0.048974 
3663.499546 0.051396 
3662.032355 0.052373 
3660.565163 0.053532 
3659.097972 0.055887 
3657.630780 0.058727 
3656.163589 0.060627 
3654.696397 0.061337 
3653.229206 0.061101 
3651.762014 0.063656 
3650.294823 0.065604 
3648.827631 0.068111 
3647.360440 0.067346 
3645.893248 0.066575 
3644.426057 0.066381 
3642.958865 0.067152 
3641.491674 0.068354 
3640.024482 0.067480 
3638.557291 0.067231 
3637.090099 0.066794 
3635.622908 0.068135 
3634.155716 0.068408 
3632.688525 0.067844 
3631.221333 0.067255 
3629.754142 0.068997 
3628.286950 0.068718 
3626.819759 0.068960 
3625.352567 0.069628 
3623.885376 0.068930 
3622.418184 0.069604 
3620.950993 0.070065 
3619.483801 0.073689 
3618.016610 0.073118 
3616.549418 0.074484 
3615.082227 0.074708 
3613.615035 0.077154 
3612.147844 0.079054 
3610.680652 0.080389 
3609.213461 0.083442 
3607.746269 0.084007 
3606.279078 0.086088 
3604.811886 0.088219 
3603.344695 0.091247 
3601.877503 0.093159 
3600.410312 0.095642 
3598.943120 0.097129 
3597.475929 0.101517 
3596.008737 0.103762 
3594.541546 0.106809 
3593.074354 0.108594 
3591.607163 0.110742 
3590.139971 0.112757 
3588.672780 0.115130 
3587.205588 0.118808 
3585.738397 0.119409 
3584.271205 0.122298 
3582.804014 0.124034 
3581.336822 0.127846 
3579.869631 0.129837 
3578.402439 0.132550 
3576.935248 0.134425 
3575.468056 0.136883 
3574.000865 0.140331 
3572.533673 0.144239 
3571.066482 0.147498 
3569.599290 0.150120 
3568.132099 0.153823 
3566.664907 0.157428 
3565.197716 0.161276 
3563.730524 0.163722 
3562.263333 0.167285 
3560.796141 0.169391 
3559.328950 0.173913 
3557.861758 0.177445 
3556.394567 0.180722 
3554.927375 0.183927 
3553.460184 0.186913 
3551.992992 0.191113 
3550.525801 0.194761 
3549.058609 0.199325 
3547.591418 0.202706 
3546.124226 0.206086 
3544.657035 0.210232 
3543.189843 0.215391 
3541.722652 0.219032 
3540.255460 0.223475 
3538.788269 0.226376 
3537.321077 0.232051 
3535.853886 0.236075 
3534.386694 0.241714 
3532.919503 0.246248 
3531.452311 0.249665 
3529.985120 0.254769 
3528.517928 0.259527 
3527.050737 0.265591 
3525.583545 0.270210 
3524.116354 0.274240 
3522.649162 0.279119 
3521.181971 0.284855 
3519.714779 0.290087 
3518.247588 0.295998 
3516.780396 0.301024 
3515.313205 0.306565 
3513.846013 0.311579 
3512.378822 0.318030 
3510.911630 0.324215 
3509.444439 0.328937 
3507.977247 0.334272 
3506.510056 0.339461 
3505.042864 0.347072 
3503.575673 0.351728 
3502.108481 0.358975 
3500.641290 0.363593 
3499.174098 0.368764 
3497.706907 0.375192 
3496.239715 0.382378 
3494.772524 0.388636 
3493.305332 0.394195 
3491.838141 0.400380 
3490.370949 0.407542 
3488.903758 0.413575 
3487.436566 0.420184 
3485.969375 0.425756 
3484.502183 0.431917 
3483.034992 0.438987 
3481.567800 0.444929 
3480.100609 0.453238 
3478.633417 0.458549 
3477.166226 0.465280 
3475.699034 0.471204 
3474.231843 0.477959 
3472.764651 0.485327 
3471.297460 0.491348 
3469.830268 0.497448 
3468.363077 0.503499 
3466.895885 0.512105 
3465.428694 0.518909 
3463.961502 0.524863 
3462.494311 0.531090 
3461.027119 0.537803 
3459.559928 0.544346 
3458.092736 0.551271 
3456.625545 0.557899 
3455.158353 0.564059 
3453.691162 0.569995 
3452.223970 0.577115 
3450.756779 0.584871 
3449.289587 0.590473 
3447.822396 0.596786 
3446.355205 0.602357 
3444.888013 0.609962 
3443.420822 0.616153 
3441.953630 0.623424 
3440.486439 0.628662 
3439.019247 0.634519 
3437.552056 0.640473 
3436.084864 0.647623 
3434.617673 0.654226 
3433.150481 0.660812 
3431.683290 0.665904 
3430.216098 0.671524 
3428.748907 0.677855 
3427.281715 0.684246 
3425.814524 0.690552 
3424.347332 0.695304 
3422.880141 0.701404 
3421.412949 0.706921 
3419.945758 0.714283 
3418.478566 0.719400 
3417.011375 0.724407 
3415.544183 0.729305 
3414.076992 0.734179 
3412.609800 0.741249 
3411.142609 0.746099 
3409.675417 0.751027 
3408.208226 0.755039 
3406.741034 0.760829 
3405.273843 0.766310 
3403.806651 0.771718 
3402.339460 0.776331 
3400.872268 0.780792 
3399.405077 0.784275 
3397.937885 0.790484 
3396.470694 0.795771 
3395.003502 0.799382 
3393.536311 0.803831 
3392.069119 0.806617 
3390.601928 0.812110 
3389.134736 0.816644 
3387.667545 0.821724 
3386.200353 0.824224 
3384.733162 0.828030 
3383.265970 0.832454 
3381.798779 0.837025 
3380.331587 0.840988 
3378.864396 0.844988 
3377.397204 0.847221 
3375.930013 0.851379 
3374.462821 0.855518 
3372.995630 0.858771 
3371.528438 0.862589 
3370.061247 0.865751 
3368.594055 0.868622 
3367.126864 0.871857 
3365.659672 0.876555 
3364.192481 0.879723 
3362.725289 0.882436 
3361.258098 0.884906 
3359.790906 0.888803 
3358.323715 0.892711 
3356.856523 0.895734 
3355.389332 0.898738 
3353.922140 0.901002 
3352.454949 0.904692 
3350.987757 0.907490 
3349.520566 0.911071 
3348.053374 0.913693 
3346.586183 0.917189 
3345.118991 0.919514 
3343.651800 0.923119 
3342.184608 0.925826 
3340.717417 0.929498 
3339.250225 0.930451 
3337.783034 0.933577 
3336.315842 0.937273 
3334.848651 0.940101 
3333.381459 0.943354 
3331.914268 0.944762 
3330.447076 0.948216 
3328.979885 0.950559 
3327.512693 0.954419 
3326.045502 0.956258 
3324.578310 0.958874 
3323.111119 0.960191 
3321.643927 0.963675 
3320.176736 0.966461 
3318.709544 0.969392 
3317.242353 0.970448 
3315.775161 0.972676 
3314.307970 0.974903 
3312.840778 0.977131 
3311.373587 0.979504 
3309.906395 0.980930 
3308.439204 0.982994 
3306.972012 0.984153 
3305.504821 0.986204 
3304.037629 0.987940 
3302.570438 0.989597 
3301.103246 0.990319 
3299.636055 0.991691 
3298.168863 0.994028 
3296.701672 0.994629 
3295.234480 0.995836 
3293.767289 0.996128 
3292.300097 0.997166 
3290.832906 0.997251 
3289.365714 0.998938 
3287.898523 0.999108 
3286.431331 0.999709 
3284.964140 0.998574 
3283.496948 0.999508 
3282.029757 0.999933 
3280.562565 1.000000 
3279.095374 0.998895 
3277.628182 0.998458 
3276.160991 0.998197 
3274.693799 0.997062 
3273.226608 0.997706 
3271.759416 0.995952 
3270.292225 0.994616 
3268.825033 0.992571 
3267.357842 0.992905 
3265.890650 0.991436 
3264.423459 0.989992 
3262.956267 0.988365 
3261.489076 0.986684 
3260.021884 0.985245 
3258.554693 0.983455 
3257.087501 0.981549 
3255.620310 0.978514 
3254.153118 0.976202 
3252.685927 0.973974 
3251.218735 0.972154 
3249.751544 0.969447 
3248.284352 0.966916 
3246.817161 0.963347 
3245.349969 0.960428 
3243.882778 0.958261 
3242.415586 0.955080 
3240.948395 0.951803 
3239.481203 0.947991 
3238.014012 0.944520 
3236.546820 0.940866 
3235.079629 0.938359 
3233.612437 0.933692 
3232.145246 0.929759 
3230.678054 0.925079 
3229.210863 0.922391 
3227.743671 0.917468 
3226.276480 0.913487 
3224.809288 0.908747 
3223.342097 0.903861 
3221.874905 0.899266 
3220.407714 0.894829 
3218.940522 0.890350 
3217.473331 0.884123 
3216.006139 0.879468 
3214.538948 0.874018 
3213.071756 0.869842 
3211.604565 0.863906 
3210.137373 0.858104 
3208.670182 0.851706 
3207.202990 0.846705 
3205.735799 0.840830 
3204.268607 0.835228 
3202.801416 0.828728 
3201.334224 0.822221 
3199.867033 0.816164 
3198.399841 0.809445 
3196.932650 0.804377 
3195.465458 0.797325 
3193.998267 0.790727 
3192.531075 0.783790 
3191.063884 0.777629 
3189.596692 0.770595 
3188.129501 0.764180 
3186.662310 0.756459 
3185.195118 0.750341 
3183.727927 0.742834 
3182.260735 0.736103 
3180.793544 0.728977 
3179.326352 0.721281 
3177.859161 0.713852 
3176.391969 0.706344 
3174.924778 0.699880 
3173.457586 0.692494 
3171.990395 0.684998 
3170.523203 0.676695 
3169.056012 0.669582 
3167.588820 0.661674 
3166.121629 0.654572 
3164.654437 0.647022 
3163.187246 0.638998 
3161.720054 0.631005 
3160.252863 0.623461 
3158.785671 0.616183 
3157.318480 0.607771 
3155.851288 0.599851 
3154.384097 0.591147 
3152.916905 0.584592 
3151.449714 0.576028 
3149.982522 0.569370 
3148.515331 0.561146 
3147.048139 0.552540 
3145.580948 0.544037 
3144.113756 0.536826 
3142.646565 0.529434 
3141.179373 0.520912 
3139.712182 0.512403 
3138.244990 0.504786 
3136.777799 0.497533 
3135.310607 0.489527 
3133.843416 0.481060 
3132.376224 0.472375 
3130.909033 0.464722 
3129.441841 0.457074 
3127.974650 0.449317 
3126.507458 0.441263 
3125.040267 0.433489 
3123.573075 0.425149 
3122.105884 0.417101 
3120.638692 0.409696 
3119.171501 0.401563 
3117.704309 0.394268 
3116.237118 0.385540 
3114.769926 0.378730 
3113.302735 0.370828 
3111.835543 0.363721 
3110.368352 0.355636 
3108.901160 0.347740 
3107.433969 0.339996 
3105.966777 0.332803 
3104.499586 0.326194 
3103.032394 0.318316 
3101.565203 0.310456 
3100.098011 0.302972 
3098.630820 0.295980 
3097.163628 0.288897 
3095.696437 0.282069 
3094.229245 0.274343 
3092.762054 0.267909 
3091.294862 0.260699 
3089.827671 0.254636 
3088.360479 0.247789 
3086.893288 0.240888 
3085.426096 0.234000 
3083.958905 0.226692 
3082.491713 0.221830 
3081.024522 0.215172 
3079.557330 0.209418 
3078.090139 0.202135 
3076.622947 0.196976 
3075.155756 0.191125 
3073.688564 0.186142 
3072.221373 0.179982 
3070.754181 0.174665 
3069.286990 0.168559 
3067.819798 0.164311 
3066.352607 0.159115 
3064.885415 0.154205 
3063.418224 0.149101 
3061.951032 0.144288 
3060.483841 0.140130 
3059.016649 0.135615 
3057.549458 0.131220 
3056.082266 0.126541 
3054.615075 0.122110 
3053.147883 0.118141 
3051.680692 0.115021 
3050.213500 0.110961 
3048.746309 0.107495 
3047.279117 0.103131 
3045.811926 0.100036 
3044.344734 0.096855 
3042.877543 0.093760 
3041.410351 0.090501 
3039.943160 0.086580 
3038.475968 0.084346 
3037.008777 0.081585 
3035.541585 0.079096 
3034.074394 0.076444 
3032.607202 0.073434 
3031.140011 0.070460 
3029.672819 0.068700 
3028.205628 0.066891 
3026.738436 0.064384 
3025.271245 0.061956 
3023.804053 0.059583 
3022.336862 0.058224 
3020.869670 0.056482 
3019.402479 0.054685 
3017.935287 0.051651 
3016.468096 0.050212 
3015.000904 0.048586 
3013.533713 0.047341 
3012.066521 0.046055 
3010.599330 0.044549 
3009.132138 0.043111 
3007.664947 0.041636 
3006.197755 0.040374 
3004.730564 0.039469 
3003.263372 0.038073 
3001.796181 0.036501 
3000.328989 0.035312 
2998.861798 0.034280 
2997.394606 0.033728 
2995.927415 0.032241 
2994.460223 0.031719 
2992.993032 0.029813 
2991.525840 0.029546 
2990.058649 0.028526 
2988.591457 0.027725 
2987.124266 0.027070 
2985.657074 0.025765 
2984.189883 0.025036 
2982.722691 0.024290 
2981.255500 0.023889 
2979.788308 0.022693 
2978.321117 0.021923 
2976.853925 0.021298 
2975.386734 0.020952 
2973.919542 0.020630 
2972.452351 0.019252 
2970.985159 0.018481 
2969.517968 0.017844 
2968.050776 0.016964 
2966.583585 0.016806 
2965.116393 0.016315 
2963.649202 0.015070 
2962.182010 0.014130 
2960.714819 0.013377 
2959.247627 0.014445 
2957.780436 0.013492 
2956.313244 0.013595 
2954.846053 0.013146 
2953.378861 0.013165 
2951.911670 0.012746 
2950.444478 0.012897 
2948.977287 0.012248 
2947.510095 0.011538 
2946.042904 0.011532 
2944.575712 0.011781 
2943.108521 0.012139 
2941.641329 0.011319 
2940.174138 0.011016 
2938.706946 0.010336 
2937.239755 0.011034 
2935.772563 0.010773 
2934.305372 0.010925 
2932.838180 0.010172 
2931.370989 0.010543 
2929.903797 0.010348 
2928.436606 0.009832 
2926.969415 0.010233 
2925.502223 0.009122 
2924.035032 0.009462 
2922.567840 0.009292 
2921.100649 0.010045 
2919.633457 0.009596 
2918.166266 0.009262 
2916.699074 0.007908 
2915.231883 0.007751 
2913.764691 0.007757 
2912.297500 0.008491 
2910.830308 0.007411 
2909.363117 0.007611 
2907.895925 0.007277 
2906.428734 0.006913 
2904.961542 0.007210 
2903.494351 0.006688 
2902.027159 0.007192 
2900.559968 0.006264 
2899.092776 0.006840 
2897.625585 0.006385 
2896.158393 0.006482 
2894.691202 0.006063 
2893.224010 0.005875 
2891.756819 0.005954 
2890.289627 0.005778 
2888.822436 0.006045 
2887.355244 0.005760 
2885.888053 0.005462 
2884.420861 0.005675 
2882.953670 0.005450 
2881.486478 0.005469 
2880.019287 0.005857 
2878.552095 0.005341 
2877.084904 0.005469 
2875.617712 0.005390 
2874.150521 0.005875 
2872.683329 0.006063 
2871.216138 0.005256 
2869.748946 0.005141 
2868.281755 0.004831 
2866.814563 0.005353 
2865.347372 0.005293 
2863.880180 0.005329 
2862.412989 0.005408 
2860.945797 0.005086 
2859.478606 0.005462 
2858.011414 0.005723 
2856.544223 0.005390 
2855.077031 0.005887 
2853.609840 0.005402 
2852.142648 0.005772 
2850.675457 0.006336 
2849.208265 0.005268 
2847.741074 0.005262 
2846.273882 0.003648 
2844.806691 0.004649 
2843.339499 0.004255 
2841.872308 0.004892 
2840.405116 0.004394 
2838.937925 0.004121 
2837.470733 0.004655 
2836.003542 0.004607 
2834.536350 0.004843 
2833.069159 0.004503 
2831.601967 0.003945 
2830.134776 0.004455 
2828.667584 0.003745 
2827.200393 0.004358 
2825.733201 0.004334 
2824.266010 0.003696 
2822.798818 0.004346 
2821.331627 0.003314 
2819.864435 0.004249 
2818.397244 0.003842 
2816.930052 0.003375 
2815.462861 0.003642 
2813.995669 0.002877 
2812.528478 0.003860 
2811.061286 0.003120 
2809.594095 0.003405 
2808.126903 0.002707 
2806.659712 0.002501 
2805.192520 0.003332 
2803.725329 0.003496 
2802.258137 0.002883 
2800.790946 0.002768 
2799.323754 0.002434 
2797.856563 0.003259 
2796.389371 0.002458 
2794.922180 0.003114 
2793.454988 0.002501 
2791.987797 0.002300 
2790.520605 0.002762 
2789.053414 0.001821 
2787.586222 0.002810 
2786.119031 0.002634 
2784.651839 0.002664 
2783.184648 0.002149 
2781.717456 0.002567 
2780.250265 0.003029 
2778.783073 0.001900 
2777.315882 0.002064 
2775.848690 0.002482 
2774.381499 0.001930 
2772.914307 0.002731 
2771.447116 0.001930 
2769.979924 0.002197 
2768.512733 0.001827 
2767.045541 0.001481 
2765.578350 0.002410 
2764.111158 0.001772 
2762.643967 0.002227 
2761.176775 0.001493 
2759.709584 0.001809 
2758.242392 0.002428 
2756.775201 0.001529 
2755.308009 0.002082 
2753.840818 0.001220 
2752.373626 0.001991 
2750.906435 0.001863 
2749.439243 0.001821 
2747.972052 0.002009 
2746.504860 0.001766 
2745.037669 0.001044 
2743.570477 0.002149 
2742.103286 0.001687 
2740.636094 0.002416 
2739.168903 0.001256 
2737.701711 0.001772 
2736.234520 0.001092 
2734.767328 0.001171 
2733.300137 0.002045 
2731.832945 0.000613 
2730.365754 0.001536 
2728.898562 0.000838 
2727.431371 0.001651 
2725.964179 0.001548 
2724.496988 0.001293 
2723.029796 0.001202 
2721.562605 0.000777 
2720.095413 0.001062 
2718.628222 0.001062 
2717.161030 0.000765 
2715.693839 0.001293 
2714.226647 0.000619 
2712.759456 0.000552 
2711.292264 0.000819 
2709.825073 0.000006 
2708.357881 0.000941 
2706.890690 -0.000261 
2705.423498 0.001190 
2703.956307 0.000564 
2702.489115 0.000637 
2701.021924 0.000607 
2699.554732 -0.000061 
2698.087541 0.000395 
2696.620349 -0.000625 
2695.153158 0.000127 
2693.685966 0.000443 
2692.218775 -0.000601 
2690.751583 -0.000461 
2689.284392 -0.000558 
2687.817200 -0.000012 
2686.350009 -0.000194 
2684.882817 -0.000747 
2683.415626 -0.000030 
2681.948434 -0.001074 
2680.481243 -0.000425 
2679.014051 -0.000340 
2677.546860 -0.001396 
2676.079668 -0.000771 
2674.612477 -0.002173 
2673.145285 -0.000546 
2671.678094 -0.001305 
2670.210903 -0.001135 
2668.743711 -0.000935 
2667.276520 -0.001669 
2665.809328 -0.000813 
2664.342137 -0.001062 
2662.874945 -0.000929 
2661.407754 -0.000971 
2659.940562 -0.001730 
2658.473371 -0.001250 
2657.006179 -0.001706 
2655.538988 -0.001475 
2654.071796 -0.001505 
2652.604605 -0.002288 
2651.137413 -0.001141 
2649.670222 -0.001930 
2648.203030 -0.001026 
2646.735839 -0.001590 
2645.268647 -0.001784 
2643.801456 -0.001226 
2642.334264 -0.002118 
2640.867073 -0.000995 
2639.399881 -0.001730 
2637.932690 -0.001906 
2636.465498 -0.001578 
2634.998307 -0.001803 
2633.531115 -0.000989 
2632.063924 -0.001384 
2630.596732 -0.001384 
2629.129541 -0.001159 
2627.662349 -0.002070 
2626.195158 -0.000042 
2624.727966 -0.001323 
2623.260775 -0.001086 
2621.793583 -0.001123 
2620.326392 -0.001681 
2618.859200 -0.000655 
2617.392009 -0.001875 
2615.924817 -0.000643 
2614.457626 -0.001384 
2612.990434 -0.000977 
2611.523243 -0.000813 
2610.056051 -0.001250 
2608.588860 -0.000237 
2607.121668 -0.000850 
2605.654477 -0.001341 
2604.187285 -0.000024 
2602.720094 -0.001111 
2601.252902 -0.000431 
2599.785711 -0.001159 
2598.318519 -0.000916 
2596.851328 -0.000649 
2595.384136 -0.001196 
2593.916945 -0.000322 
2592.449753 -0.001014 
2590.982562 -0.000243 
2589.515370 -0.000546 
2588.048179 -0.000486 
2586.580987 0.000571 
2585.113796 -0.000674 
2583.646604 -0.000012 
2582.179413 -0.000710 
2580.712221 -0.000874 
2579.245030 0.000012 
2577.777838 -0.000589 
2576.310647 -0.000218 
2574.843455 -0.000558 
2573.376264 -0.000346 
2571.909072 0.000698 
2570.441881 -0.000583 
2568.974689 0.000546 
2567.507498 -0.000364 
2566.040306 -0.000091 
2564.573115 0.000334 
2563.105923 -0.000492 
2561.638732 0.000844 
2560.171540 -0.000850 
2558.704349 0.000067 
2557.237157 0.000073 
2555.769966 -0.000146 
2554.302774 0.000892 
2552.835583 -0.000352 
2551.368391 -0.000024 
2549.901200 0.000413 
2548.434008 -0.000158 
2546.966817 0.001032 
2545.499625 -0.000279 
2544.032434 0.000619 
2542.565242 -0.000255 
2541.098051 -0.000073 
2539.630859 0.001080 
2538.163668 -0.000571 
2536.696476 0.000564 
2535.229285 -0.000376 
2533.762093 0.000583 
2532.294902 0.000595 
2530.827710 0.000310 
2529.360519 0.001165 
2527.893327 -0.000085 
2526.426136 0.000152 
2524.958944 0.000564 
2523.491753 -0.000218 
2522.024561 0.000832 
2520.557370 -0.000413 
2519.090178 0.000455 
2517.622987 0.000407 
2516.155795 0.000073 
2514.688604 0.000910 
2513.221412 -0.000291 
2511.754221 0.001317 
2510.287029 0.000334 
2508.819838 0.000649 
2507.352646 0.001451 
2505.885455 -0.000121 
2504.418263 0.000637 
2502.951072 -0.000334 
2501.483880 0.000376 
2500.016689 0.000625 
2498.549497 -0.000473 
2497.082306 0.000425 
2495.615114 -0.000218 
2494.147923 0.000747 
2492.680731 0.001008 
2491.213540 0.000000 
2489.746348 0.001141 
2488.279157 -0.000437 
2486.811965 0.000382 
2485.344774 0.000231 
2483.877582 -0.000018 
2482.410391 0.000662 
2480.943199 -0.001080 
2479.476008 0.000698 
2478.008816 -0.000449 
2476.541625 0.000364 
2475.074433 0.000376 
2473.607242 -0.000346 
2472.140050 0.000534 
2470.672859 -0.000188 
2469.205667 0.000413 
2467.738476 0.000680 
2466.271284 -0.000613 
2464.804093 0.000486 
2463.336901 -0.000510 
2461.869710 0.000328 
2460.402518 0.000370 
2458.935327 -0.000510 
2457.468135 0.000571 
2456.000944 -0.000619 
2454.533752 0.001293 
2453.066561 0.000285 
2451.599369 -0.000024 
2450.132178 0.000577 
2448.664986 -0.000510 
2447.197795 0.000747 
2445.730603 -0.000127 
2444.263412 -0.000164 
2442.796220 0.000036 
2441.329029 -0.001457 
2439.861837 0.000449 
2438.394646 -0.000146 
2436.927454 0.000146 
2435.460263 0.000595 
2433.993071 -0.000813 
2432.525880 0.001056 
2431.058688 -0.000443 
2429.591497 0.000352 
2428.124305 -0.000188 
2426.657114 -0.000989 
2425.189922 0.000036 
2423.722731 -0.001335 
2422.255539 0.000504 
2420.788348 -0.000200 
2419.321156 -0.000388 
2417.853965 0.000212 
2416.386773 -0.000716 
2414.919582 0.001050 
2413.452390 -0.000134 
2411.985199 -0.000310 
2410.518008 0.000316 
2409.050816 -0.001153 
2407.583625 0.000461 
2406.116433 -0.000777 
2404.649242 -0.000346 
2403.182050 -0.000067 
2401.714859 -0.001323 
2400.247667 0.000759 
2398.780476 -0.000862 
2397.313284 0.001038 
2395.846093 0.000425 
2394.378901 -0.000431 
2392.911710 0.000856 
2391.444518 -0.000759 
2389.977327 0.000643 
2388.510135 -0.000200 
2387.042944 -0.000176 
2385.575752 0.000504 
2384.108561 -0.000346 
2382.641369 0.001293 
2381.174178 0.000789 
2379.706986 0.000619 
2378.239795 0.002488 
2376.772603 0.001475 
2375.305412 0.003975 
2373.838220 0.003241 
2372.371029 0.004212 
2370.903837 0.005566 
2369.436646 0.006974 
2367.969454 0.012630 
2366.502263 0.016758 
2365.035071 0.028374 
2363.567880 0.042243 
2362.100688 0.063838 
2360.633497 0.094695 
2359.166305 0.131166 
2357.699114 0.174714 
2356.231922 0.222680 
2354.764731 0.275314 
2353.297539 0.332724 
2351.830348 0.393594 
2350.363156 0.461851 
2348.895965 0.531509 
2347.428773 0.606557 
2345.961582 0.681891 
2344.494390 0.749935 
2343.027199 0.806143 
2341.560007 0.831095 
2340.092816 0.812019 
2338.625624 0.724498 
2337.158433 0.586765 
2335.691241 0.438077 
2334.224050 0.297935 
2332.756858 0.186136 
2331.289667 0.117971 
2329.822475 0.094567 
2328.355284 0.099046 
2326.888092 0.108060 
2325.420901 0.113564 
2323.953709 0.102949 
2322.486518 0.074696 
2321.019326 0.042122 
2319.552135 0.017164 
2318.084943 0.008151 
2316.617752 0.004218 
2315.150560 0.003356 
2313.683369 0.004419 
2312.216177 0.004564 
2310.748986 0.007429 
2309.281794 0.007350 
2307.814603 0.007684 
2306.347411 0.006628 
2304.880220 0.003799 
2303.413028 0.002731 
2301.945837 0.000388 
2300.478645 0.001014 
2299.011454 0.001226 
2297.544262 0.000364 
2296.077071 0.002209 
2294.609879 0.000376 
2293.142688 0.001372 
2291.675496 0.000564 
2290.208305 0.000061 
2288.741113 0.001706 
2287.273922 0.000455 
2285.806730 0.003065 
2284.339539 0.004297 
2282.872347 0.007350 
2281.405156 0.012030 
2279.937964 0.014518 
2278.470773 0.018487 
2277.003581 0.016472 
2275.536390 0.012995 
2274.069198 0.007726 
2272.602007 0.002349 
2271.134815 0.001621 
2269.667624 -0.000419 
2268.200432 0.000188 
2266.733241 0.000473 
2265.266049 -0.000686 
2263.798858 0.001948 
2262.331666 0.000413 
2260.864475 0.002082 
2259.397283 0.000880 
2257.930092 0.000674 
2256.462900 0.001936 
2254.995709 -0.000801 
2253.528517 0.000910 
2252.061326 -0.000055 
2250.594134 -0.000018 
2249.126943 0.001038 
2247.659751 -0.000619 
2246.192560 0.001663 
2244.725368 0.000249 
2243.258177 0.000504 
2241.790985 0.001875 
2240.323794 0.000261 
2238.856602 0.002136 
2237.389411 0.000546 
2235.922219 0.001111 
2234.455028 0.001074 
2232.987836 0.000243 
2231.520645 0.002112 
2230.053453 -0.000218 
2228.586262 0.001493 
2227.119070 0.001074 
2225.651879 0.000607 
2224.184687 0.002446 
2222.717496 0.000898 
2221.250304 0.002355 
2219.783113 0.001536 
2218.315921 0.001275 
2216.848730 0.002664 
2215.381538 0.000692 
2213.914347 0.002379 
2212.447155 0.001117 
2210.979964 0.001378 
2209.512772 0.002124 
2208.045581 0.000789 
2206.578389 0.003035 
2205.111198 0.001226 
2203.644006 0.002519 
2202.176815 0.002440 
2200.709623 0.001608 
2199.242432 0.003708 
2197.775240 0.001135 
2196.308049 0.002106 
2194.840857 0.001754 
2193.373666 0.001347 
2191.906474 0.002549 
2190.439283 0.000310 
2188.972091 0.002531 
2187.504900 0.001384 
2186.037708 0.001117 
2184.570517 0.002652 
2183.103325 0.000947 
2181.636134 0.002543 
2180.168942 0.001202 
2178.701751 0.001572 
2177.234559 0.002179 
2175.767368 0.000571 
2174.300176 0.002167 
2172.832985 0.000249 
2171.365793 0.001141 
2169.898602 0.001032 
2168.431410 0.000055 
2166.964219 0.002130 
2165.497027 0.000158 
2164.029836 0.001408 
2162.562644 0.001238 
2161.095453 0.000297 
2159.628261 0.002221 
2158.161070 -0.000461 
2156.693878 0.001141 
2155.226687 0.000115 
2153.759495 -0.000018 
2152.292304 0.001511 
2150.825113 -0.000583 
2149.357921 0.001669 
2147.890730 0.000716 
2146.423538 0.000929 
2144.956347 0.001681 
2143.489155 0.000734 
2142.021964 0.002592 
2140.554772 0.000692 
2139.087581 0.001584 
2137.620389 0.001693 
2136.153198 0.000813 
2134.686006 0.002640 
2133.218815 0.000297 
2131.751623 0.001651 
2130.284432 0.001693 
2128.817240 0.000783 
2127.350049 0.002919 
2125.882857 0.000668 
2124.415666 0.003101 
2122.948474 0.001499 
2121.481283 0.001214 
2120.014091 0.002671 
2118.546900 0.000237 
2117.079708 0.001633 
2115.612517 0.000407 
2114.145325 0.000874 
2112.678134 0.001633 
2111.210942 -0.000255 
2109.743751 0.002058 
2108.276559 0.000091 
2106.809368 0.000862 
2105.342176 0.001809 
2103.874985 0.000540 
2102.407793 0.002549 
2100.940602 0.000079 
2099.473410 0.001596 
2098.006219 0.001542 
2096.539027 0.000686 
2095.071836 0.002391 
2093.604644 -0.000115 
2092.137453 0.001948 
2090.670261 0.001080 
2089.203070 0.001014 
2087.735878 0.002258 
2086.268687 0.000753 
2084.801495 0.002695 
2083.334304 0.001141 
2081.867112 0.001190 
2080.399921 0.002780 
2078.932729 0.000328 
2077.465538 0.002203 
2075.998346 0.000291 
2074.531155 0.001269 
2073.063963 0.001445 
2071.596772 0.000134 
2070.129580 0.002780 
2068.662389 0.000607 
2067.195197 0.002355 
2065.728006 0.001954 
2064.260814 0.001020 
2062.793623 0.002871 
2061.326431 0.000619 
2059.859240 0.001639 
2058.392048 0.000886 
2056.924857 0.000734 
2055.457665 0.002246 
2053.990474 -0.000279 
2052.523282 0.001869 
2051.056091 0.001001 
2049.588899 0.001511 
2048.121708 0.002616 
2046.654516 0.000929 
2045.187325 0.003545 
2043.720133 0.001293 
2042.252942 0.001930 
2040.785750 0.002385 
2039.318559 0.001287 
2037.851367 0.002749 
2036.384176 0.000983 
2034.916984 0.002416 
2033.449793 0.001821 
2031.982601 0.001153 
2030.515410 0.003417 
2029.048218 0.000904 
2027.581027 0.002507 
2026.113835 0.002179 
2024.646644 0.001329 
2023.179452 0.002555 
2021.712261 0.000370 
2020.245069 0.002440 
2018.777878 0.000328 
2017.310686 0.001159 
2015.843495 0.002118 
2014.376303 0.000564 
2012.909112 0.002719 
2011.441920 0.001232 
2009.974729 0.002513 
2008.507537 0.002865 
2007.040346 0.001481 
2005.573154 0.003308 
2004.105963 0.000953 
2002.638771 0.002082 
2001.171580 0.001851 
1999.704388 0.000856 
1998.237197 0.002410 
1996.770005 0.000370 
1995.302814 0.002045 
1993.835622 0.001894 
1992.368431 0.001123 
1990.901239 0.003114 
1989.434048 0.001208 
1987.966856 0.003041 
1986.499665 0.001621 
1985.032473 0.001639 
1983.565282 0.002258 
1982.098090 0.000316 
1980.630899 0.002179 
1979.163707 0.000182 
1977.696516 0.001117 
1976.229324 0.001384 
1974.762133 0.000273 
1973.294941 0.002537 
1971.827750 0.000182 
1970.360558 0.001790 
1968.893367 0.001536 
1967.426175 0.000492 
1965.958984 0.002464 
1964.491792 -0.000376 
1963.024601 0.001432 
1961.557409 0.000607 
1960.090218 -0.000012 
1958.623026 0.001645 
1957.155835 -0.000364 
1955.688643 0.001614 
1954.221452 0.000382 
1952.754260 0.000825 
1951.287069 0.002076 
1949.819877 0.000176 
1948.352686 0.001924 
1946.885494 0.000121 
1945.418303 0.000740 
1943.951111 0.001475 
1942.483920 -0.000103 
1941.016728 0.001845 
1939.549537 -0.000370 
1938.082345 0.000516 
1936.615154 0.000959 
1935.147962 -0.000583 
1933.680771 0.002452 
1932.213579 0.000030 
1930.746388 0.001633 
1929.279196 0.001001 
1927.812005 0.000340 
1926.344813 0.002033 
1924.877622 -0.000443 
1923.410430 0.001548 
1921.943239 0.000388 
1920.476047 -0.000036 
1919.008856 0.001147 
1917.541664 -0.000328 
1916.074473 0.001487 
1914.607281 -0.000261 
1913.140090 0.000728 
1911.672898 0.001736 
1910.205707 -0.000516 
1908.738515 0.002058 
1907.271324 -0.000225 
1905.804132 0.000923 
1904.336941 0.000273 
1902.869749 -0.001080 
1901.402558 0.001202 
1899.935366 -0.000807 
1898.468175 0.001032 
1897.000983 -0.000194 
1895.533792 -0.000674 
1894.066601 0.001275 
1892.599409 -0.000607 
1891.132218 0.000819 
1889.665026 -0.000024 
1888.197835 -0.001080 
1886.730643 0.000316 
1885.263452 -0.002045 
1883.796260 -0.000030 
1882.329069 -0.001924 
1880.861877 -0.001256 
1879.394686 -0.000455 
1877.927494 -0.002343 
1876.460303 0.000146 
1874.993111 -0.001742 
1873.525920 -0.000637 
1872.058728 -0.000395 
1870.591537 -0.002142 
1869.124345 0.000813 
1867.657154 -0.002361 
1866.189962 -0.000874 
1864.722771 -0.001572 
1863.255579 -0.002567 
1861.788388 -0.000649 
1860.321196 -0.002962 
1858.854005 -0.000783 
1857.386813 -0.001906 
1855.919622 -0.001900 
1854.452430 -0.000182 
1852.985239 -0.002671 
1851.518047 -0.000079 
1850.050856 -0.001675 
1848.583664 -0.001523 
1847.116473 -0.000753 
1845.649281 -0.003083 
1844.182090 0.000619 
1842.714898 -0.002677 
1841.247707 -0.001426 
1839.780515 -0.001190 
1838.313324 -0.002446 
1836.846132 0.000012 
1835.378941 -0.002064 
1833.911749 -0.000316 
1832.444558 -0.000825 
1830.977366 -0.001432 
1829.510175 0.000662 
1828.042983 -0.002592 
1826.575792 -0.000261 
1825.108600 -0.000880 
1823.641409 -0.001778 
1822.174217 -0.000443 
1820.707026 -0.002361 
1819.239834 0.000200 
1817.772643 -0.001099 
1816.305451 -0.000655 
1814.838260 0.000297 
1813.371068 -0.001347 
1811.903877 0.001269 
1810.436685 -0.000528 
1808.969494 -0.000042 
1807.502302 0.000443 
1806.035111 -0.001262 
1804.567919 0.001092 
1803.100728 -0.001001 
1801.633536 0.001293 
1800.166345 0.000965 
1798.699153 -0.000170 
1797.231962 0.002325 
1795.764770 0.000498 
1794.297579 0.002555 
1792.830387 0.002792 
1791.363196 0.001979 
1789.896004 0.002847 
1788.428813 0.000747 
1786.961621 0.003460 
1785.494430 0.002367 
1784.027238 0.002422 
1782.560047 0.004036 
1781.092855 0.002731 
1779.625664 0.005547 
1778.158472 0.003927 
1776.691281 0.005377 
1775.224089 0.006349 
1773.756898 0.005123 
1772.289706 0.009159 
1770.822515 0.005541 
1769.355323 0.007053 
1767.888132 0.008248 
1766.420940 0.006640 
1764.953749 0.008995 
1763.486557 0.006719 
1762.019366 0.010719 
1760.552174 0.009741 
1759.084983 0.009966 
1757.617791 0.012406 
1756.150600 0.010737 
1754.683408 0.013140 
1753.216217 0.012351 
1751.749025 0.014075 
1750.281834 0.015149 
1748.814642 0.013723 
1747.347451 0.016576 
1745.880259 0.014743 
1744.413068 0.016788 
1742.945876 0.018736 
1741.478685 0.017662 
1740.011493 0.022165 
1738.544302 0.020332 
1737.077110 0.022566 
1735.609919 0.023792 
1734.142727 0.026056 
1732.675536 0.027749 
1731.208344 0.024921 
1729.741153 0.028144 
1728.273961 0.028484 
1726.806770 0.028951 
1725.339578 0.032144 
1723.872387 0.031446 
1722.405195 0.035233 
1720.938004 0.035294 
1719.470812 0.037120 
1718.003621 0.041551 
1716.536429 0.040616 
1715.069238 0.044586 
1713.602046 0.042844 
1712.134855 0.044392 
1710.667663 0.046971 
1709.200472 0.046668 
1707.733280 0.049927 
1706.266089 0.050473 
1704.798897 0.053174 
1703.331706 0.054412 
1701.864514 0.054558 
1700.397323 0.061744 
1698.930131 0.058290 
1697.462940 0.060366 
1695.995748 0.065155 
1694.528557 0.062054 
1693.061365 0.064615 
1691.594174 0.062515 
1690.126982 0.065841 
1688.659791 0.065841 
1687.192599 0.066047 
1685.725408 0.069743 
1684.258216 0.071048 
1682.791025 0.071789 
1681.323833 0.070114 
1679.856642 0.071498 
1678.389450 0.073215 
1676.922259 0.071765 
1675.455067 0.076031 
1673.987876 0.073440 
1672.520684 0.074441 
1671.053493 0.075801 
1669.586301 0.075267 
1668.119110 0.076590 
1666.651918 0.074909 
1665.184727 0.076529 
1663.717535 0.077263 
1662.250344 0.076772 
1660.783152 0.078896 
1659.315961 0.076863 
1657.848769 0.078878 
1656.381578 0.077798 
1654.914386 0.078617 
1653.447195 0.082471 
1651.980003 0.079254 
1650.512812 0.078672 
1649.045620 0.077160 
1647.578429 0.077967 
1646.111237 0.079558 
1644.644046 0.075570 
1643.176854 0.077166 
1641.709663 0.075364 
1640.242471 0.075430 
1638.775280 0.074915 
1637.308088 0.072523 
1635.840897 0.074842 
1634.373706 0.070417 
1632.906514 0.069452 
1631.439323 0.068329 
1629.972131 0.065058 
1628.504940 0.065762 
1627.037748 0.061920 
1625.570557 0.062533 
1624.103365 0.060712 
1622.636174 0.058254 
1621.168982 0.058849 
1619.701791 0.055316 
1618.234599 0.055820 
1616.767408 0.056348 
1615.300216 0.052270 
1613.833025 0.051972 
1612.365833 0.048452 
1610.898642 0.049921 
1609.431450 0.047833 
1607.964259 0.046983 
1606.497067 0.047487 
1605.029876 0.044738 
1603.562684 0.046486 
1602.095493 0.043706 
1600.628301 0.044209 
1599.161110 0.043748 
1597.693918 0.041891 
1596.226727 0.043408 
1594.759535 0.040246 
1593.292344 0.041393 
1591.825152 0.040513 
1590.357961 0.039063 
1588.890769 0.040058 
1587.423578 0.038213 
1585.956386 0.039324 
1584.489195 0.038340 
1583.022003 0.037697 
1581.554812 0.039081 
1580.087620 0.036447 
1578.620429 0.038043 
1577.153237 0.036738 
1575.686046 0.038013 
1574.218854 0.036422 
1572.751663 0.033819 
1571.284471 0.035724 
1569.817280 0.034456 
1568.350088 0.034152 
1566.882897 0.033879 
1565.415705 0.032587 
1563.948514 0.034171 
1562.481322 0.031937 
1561.014131 0.033594 
1559.546939 0.034905 
1558.079748 0.033655 
1556.612556 0.032307 
1555.145365 0.029825 
1553.678173 0.031840 
1552.210982 0.029807 
1550.743790 0.029018 
1549.276599 0.030347 
1547.809407 0.028065 
1546.342216 0.030007 
1544.875024 0.028781 
1543.407833 0.028453 
1541.940641 0.030833 
1540.473450 0.028247 
1539.006258 0.030699 
1537.539067 0.026244 
1536.071875 0.027124 
1534.604684 0.027215 
1533.137492 0.026511 
1531.670301 0.026900 
1530.203109 0.024921 
1528.735918 0.025910 
1527.268726 0.025461 
1525.801535 0.024666 
1524.334343 0.025928 
1522.867152 0.024417 
1521.399960 0.026208 
1519.932769 0.024696 
1518.465577 0.023106 
1516.998386 0.025158 
1515.531194 0.021971 
1514.064003 0.023076 
1512.596811 0.022226 
1511.129620 0.021510 
1509.662428 0.022991 
1508.195237 0.021662 
1506.728045 0.025200 
1505.260854 0.022542 
1503.793662 0.021030 
1502.326471 0.021680 
1500.859279 0.019713 
1499.392088 0.021443 
1497.924896 0.020150 
1496.457705 0.021310 
1494.990513 0.020187 
1493.523322 0.018020 
1492.056130 0.019938 
1490.588939 0.018894 
1489.121747 0.019792 
1487.654556 0.019173 
1486.187364 0.017644 
1484.720173 0.019137 
1483.252981 0.017310 
1481.785790 0.018633 
1480.318598 0.018044 
1478.851407 0.017619 
1477.384215 0.018554 
1475.917024 0.016691 
1474.449832 0.017298 
1472.982641 0.017049 
1471.515449 0.016333 
1470.048258 0.016448 
1468.581066 0.014997 
1467.113875 0.016278 
1465.646683 0.015368 
1464.179492 0.015677 
1462.712300 0.015623 
1461.245109 0.013832 
1459.777917 0.015398 
1458.310726 0.014530 
1456.843534 0.016642 
1455.376343 0.013802 
1453.909151 0.012606 
1452.441960 0.014045 
1450.974768 0.011520 
1449.507577 0.013049 
1448.040385 0.013165 
1446.573194 0.012005 
1445.106002 0.012885 
1443.638811 0.011447 
1442.171619 0.012048 
1440.704428 0.011374 
1439.237236 0.010992 
1437.770045 0.012339 
1436.302853 0.011052 
1434.835662 0.011356 
1433.368470 0.010215 
1431.901279 0.010008 
1430.434087 0.010919 
1428.966896 0.009547 
1427.499704 0.011234 
1426.032513 0.009559 
1424.565321 0.010257 
1423.098130 0.010688 
1421.630938 0.008813 
1420.163747 0.011010 
1418.696555 0.009110 
1417.229364 0.009019 
1415.762172 0.008030 
1414.294981 0.007842 
1412.827789 0.008843 
1411.360598 0.007253 
1409.893406 0.008242 
1408.426215 0.007921 
1406.959023 0.006846 
1405.491832 0.008230 
1404.024640 0.006555 
1402.557449 0.007878 
1401.090257 0.006622 
1399.623066 0.006731 
1398.155874 0.006773 
1396.688683 0.005062 
1395.221491 0.007022 
1393.754300 0.005590 
1392.287108 0.005997 
1390.819917 0.006330 
1389.352725 0.005924 
1387.885534 0.007690 
1386.418342 0.005966 
1384.951151 0.006810 
1383.483959 0.006676 
1382.016768 0.005450 
1380.549576 0.006385 
1379.082385 0.005214 
1377.615193 0.005244 
1376.148002 0.004595 
1374.680811 0.003915 
1373.213619 0.004868 
1371.746428 0.002780 
1370.279236 0.004273 
1368.812045 0.002968 
1367.344853 0.002737 
1365.877662 0.003575 
1364.410470 0.001724 
1362.943279 0.002840 
1361.476087 0.001038 
1360.008896 0.001966 
1358.541704 0.001803 
1357.074513 0.000297 
1355.607321 0.001918 
1354.140130 0.000649 
1352.672938 0.000904 
1351.205747 0.001329 
1349.738555 0.000649 
1348.271364 0.001335 
1346.804172 -0.000036 
1345.336981 0.000965 
1343.869789 0.000534 
1342.402598 -0.000498 
1340.935406 0.000935 
1339.468215 -0.000443 
1338.001023 -0.000152 
1336.533832 -0.000127 
1335.066640 -0.000795 
1333.599449 -0.000279 
1332.132257 -0.001335 
1330.665066 0.000231 
1329.197874 -0.001044 
1327.730683 -0.000546 
1326.263491 0.000340 
1324.796300 -0.001681 
1323.329108 -0.000522 
1321.861917 -0.001147 
1320.394725 -0.001062 
1318.927534 -0.000947 
1317.460342 -0.001596 
1315.993151 -0.000528 
1314.525959 -0.001517 
1313.058768 -0.001214 
1311.591576 -0.000801 
1310.124385 -0.001803 
1308.657193 -0.000674 
1307.190002 -0.001651 
1305.722810 -0.001293 
1304.255619 -0.001353 
1302.788427 -0.002343 
1301.321236 -0.001341 
1299.854044 -0.002901 
1298.386853 -0.001293 
1296.919661 -0.002112 
1295.452470 -0.002003 
1293.985278 -0.001250 
1292.518087 -0.002118 
1291.050895 -0.001602 
1289.583704 -0.001748 
1288.116512 -0.001244 
1286.649321 -0.001299 
1285.182129 -0.002015 
1283.714938 -0.000983 
1282.247746 -0.001542 
1280.780555 -0.001833 
1279.313363 -0.001287 
1277.846172 -0.002264 
1276.378980 -0.000789 
1274.911789 -0.002264 
1273.444597 -0.002064 
1271.977406 -0.001712 
1270.510214 -0.001718 
1269.043023 -0.002246 
1267.575831 -0.000777 
1266.108640 -0.002173 
1264.641448 -0.001505 
1263.174257 -0.002118 
1261.707065 -0.001032 
1260.239874 -0.001329 
1258.772682 -0.002227 
1257.305491 -0.000947 
1255.838299 -0.002713 
1254.371108 -0.001360 
1252.903916 -0.001863 
1251.436725 -0.001687 
1249.969533 -0.001220 
1248.502342 -0.002573 
1247.035150 -0.001542 
1245.567959 -0.002300 
1244.100767 -0.001159 
1242.633576 -0.001912 
1241.166384 -0.001857 
1239.699193 -0.001275 
1238.232001 -0.002124 
1236.764810 -0.001038 
1235.297618 -0.002276 
1233.830427 -0.001681 
1232.363235 -0.001232 
1230.896044 -0.001772 
1229.428852 -0.000704 
1227.961661 -0.001463 
1226.494469 -0.000765 
1225.027278 -0.000777 
1223.560086 -0.001402 
1222.092895 -0.000479 
1220.625703 -0.000989 
1219.158512 -0.000825 
1217.691320 -0.001250 
1216.224129 -0.002118 
1214.756937 0.000200 
1213.289746 -0.001426 
1211.822554 -0.000765 
1210.355363 -0.000419 
1208.888171 -0.000625 
1207.420980 -0.000158 
1205.953788 -0.001269 
1204.486597 0.000443 
1203.019405 -0.001026 
1201.552214 -0.000874 
1200.085022 -0.000285 
1198.617831 -0.001663 
1197.150639 -0.000613 
1195.683448 -0.001335 
1194.216256 -0.001250 
1192.749065 -0.000892 
1191.281873 -0.001372 
1189.814682 -0.000534 
1188.347490 -0.001244 
1186.880299 -0.000959 
1185.413107 -0.000686 
1183.945916 -0.002513 
1182.478724 -0.000540 
1181.011533 -0.001888 
1179.544341 -0.001457 
1178.077150 -0.001523 
1176.609958 -0.002586 
1175.142767 -0.000753 
1173.675575 -0.002586 
1172.208384 -0.001269 
1170.741192 -0.001275 
1169.274001 -0.002076 
1167.806809 -0.000825 
1166.339618 -0.002191 
1164.872426 -0.000747 
1163.405235 -0.001566 
1161.938043 -0.001760 
1160.470852 -0.000704 
1159.003660 -0.002488 
1157.536469 -0.000710 
1156.069277 -0.001384 
1154.602086 -0.001991 
1153.134894 -0.000759 
1151.667703 -0.001948 
1150.200511 0.000388 
1148.733320 -0.001244 
1147.266128 -0.000176 
1145.798937 0.000674 
1144.331745 -0.001111 
1142.864554 0.000692 
1141.397362 -0.001068 
1139.930171 0.000425 
1138.462979 -0.000243 
1136.995788 -0.001141 
1135.528596 0.001220 
1134.061405 -0.000583 
1132.594213 0.001129 
1131.127022 0.000601 
1129.659830 0.000146 
1128.192639 0.001954 
1126.725447 -0.000079 
1125.258256 0.001523 
1123.791064 0.000583 
1122.323873 0.000067 
1120.856681 0.000971 
1119.389490 -0.002027 
1117.922298 0.000492 
1116.455107 -0.001044 
1114.987916 -0.001026 
1113.520724 -0.000516 
1112.053533 -0.001784 
1110.586341 0.001014 
1109.119150 -0.002258 
1107.651958 -0.001190 
1106.184767 -0.001086 
1104.717575 -0.003284 
1103.250384 -0.000965 
1101.783192 -0.003514 
1100.316001 -0.002185 
1098.848809 -0.003174 
1097.381618 -0.004564 
1095.914426 -0.002167 
1094.447235 -0.005171 
1092.980043 -0.002434 
1091.512852 -0.002786 
1090.045660 -0.003812 
1088.578469 -0.001566 
1087.111277 -0.004680 
1085.644086 -0.002379 
1084.176894 -0.004273 
1082.709703 -0.003890 
1081.242511 -0.002586 
1079.775320 -0.006294 
1078.308128 -0.001718 
1076.840937 -0.004206 
1075.373745 -0.003211 
1073.906554 -0.002507 
1072.439362 -0.003484 
1070.972171 0.000067 
1069.504979 -0.003605 
1068.037788 -0.000680 
1066.570596 -0.001469 
1065.103405 -0.002877 
1063.636213 -0.000267 
1062.169022 -0.002865 
1060.701830 -0.000249 
1059.234639 -0.001815 
1057.767447 -0.001839 
1056.300256 0.000364 
1054.833064 -0.002907 
1053.365873 0.000649 
1051.898681 -0.000850 
1050.431490 -0.000832 
1048.964298 0.000486 
1047.497107 -0.002391 
1046.029915 0.001159 
1044.562724 -0.003120 
1043.095532 -0.001621 
1041.628341 -0.001117 
1040.161149 -0.003897 
1038.693958 -0.000407 
1037.226766 -0.003247 
1035.759575 -0.000777 
1034.292383 -0.001390 
1032.825192 -0.002731 
1031.358000 0.001269 
1029.890809 -0.003551 
1028.423617 -0.000995 
1026.956426 -0.002349 
1025.489234 -0.003047 
1024.022043 -0.000910 
1022.554851 -0.005183 
1021.087660 -0.002094 
1019.620468 -0.005183 
1018.153277 -0.005359 
1016.686085 -0.003217 
1015.218894 -0.006470 
1013.751702 -0.001851 
1012.284511 -0.005274 
1010.817319 -0.004091 
1009.350128 -0.003818 
1007.882936 -0.006446 
1006.415745 -0.002531 
1004.948553 -0.007817 
1003.481362 -0.004868 
1002.014170 -0.005505 
1000.546979 -0.007526 
999.079787 -0.004510 
997.612596 -0.007939 
996.145404 -0.002986 
994.678213 -0.006136 
993.211021 -0.006403 
991.743830 -0.003848 
990.276638 -0.007690 
988.809447 -0.004510 
987.342255 -0.007599 
985.875064 -0.005972 
984.407872 -0.005493 
982.940681 -0.008406 
981.473489 -0.004764 
980.006298 -0.006773 
978.539106 -0.004983 
977.071915 -0.004704 
975.604723 -0.006003 
974.137532 -0.001153 
972.670340 -0.005645 
971.203149 -0.002422 
969.735957 -0.003623 
968.268766 -0.004291 
966.801574 -0.001171 
965.334383 -0.005274 
963.867191 -0.000971 
962.400000 -0.002203 
960.932808 -0.001687 
959.465617 0.001001 
957.998425 -0.001378 
956.531234 0.004139 
955.064042 0.001135 
953.596851 0.003241 
952.129659 0.004382 
950.662468 0.002816 
949.195276 0.006561 
947.728085 0.003520 
946.260893 0.006476 
944.793702 0.007459 
943.326510 0.006895 
941.859319 0.010706 
940.392127 0.008230 
938.924936 0.012825 
937.457744 0.012394 
935.990553 0.012236 
934.523361 0.017832 
933.056170 0.013498 
931.588978 0.017389 
930.121787 0.015963 
928.654595 0.017947 
927.187404 0.020952 
925.720212 0.016691 
924.253021 0.023847 
922.785829 0.021868 
921.318638 0.023555 
919.851446 0.025631 
918.384255 0.025589 
916.917063 0.029831 
915.449872 0.026123 
913.982680 0.030845 
912.515489 0.032022 
911.048297 0.030122 
909.581106 0.034244 
908.113914 0.031731 
906.646723 0.035421 
905.179531 0.034723 
903.712340 0.035834 
902.245148 0.040410 
900.777957 0.037600 
899.310765 0.042795 
897.843574 0.042043 
896.376382 0.042965 
894.909191 0.045023 
893.441999 0.043093 
891.974808 0.048191 
890.507616 0.044847 
889.040425 0.047657 
887.573233 0.050661 
886.106042 0.048385 
884.638850 0.052810 
883.171659 0.050279 
881.704467 0.055225 
880.237276 0.053878 
878.770084 0.054127 
877.302893 0.059674 
875.835701 0.055462 
874.368510 0.059365 
872.901318 0.058430 
871.434127 0.059869 
869.966935 0.061987 
868.499744 0.058260 
867.032552 0.064408 
865.565361 0.062958 
864.098169 0.063996 
862.630978 0.067291 
861.163786 0.065817 
859.696595 0.070508 
858.229404 0.067200 
856.762212 0.071237 
855.295021 0.072675 
853.827829 0.069416 
852.360638 0.075085 
850.893446 0.071273 
849.426255 0.075455 
847.959063 0.074842 
846.491872 0.074720 
845.024680 0.079406 
843.557489 0.075085 
842.090297 0.081900 
840.623106 0.079248 
839.155914 0.079922 
837.688723 0.083551 
836.221531 0.079970 
834.754340 0.085481 
833.287148 0.080529 
831.819957 0.083679 
830.352765 0.085093 
828.885574 0.081603 
827.418382 0.087873 
825.951191 0.083315 
824.483999 0.087533 
823.016808 0.085833 
821.549616 0.083952 
820.082425 0.089172 
818.615233 0.083630 
817.148042 0.088583 
815.680850 0.085609 
814.213659 0.085949 
812.746467 0.088231 
811.279276 0.082738 
809.812084 0.088996 
808.344893 0.085906 
806.877701 0.086028 
805.410510 0.088152 
803.943318 0.084377 
802.476127 0.091344 
801.008935 0.084553 
799.541744 0.086774 
798.074552 0.088079 
796.607361 0.084371 
795.140169 0.090325 
793.672978 0.082963 
792.205786 0.089681 
790.738595 0.088334 
789.271403 0.086307 
787.804212 0.093748 
786.337020 0.088686 
784.869829 0.096170 
783.402637 0.092813 
781.935446 0.093979 
780.468254 0.097262 
779.001063 0.091320 
777.533871 0.097748 
776.066680 0.091193 
774.599488 0.094276 
773.132297 0.093869 
771.665105 0.088886 
770.197914 0.096989 
768.730722 0.089991 
767.263531 0.096285 
765.796339 0.092607 
764.329148 0.091696 
762.861956 0.095660 
761.394765 0.088255 
759.927573 0.094118 
758.460382 0.087788 
756.993190 0.087503 
755.525999 0.089675 
754.058807 0.083466 
752.591616 0.089803 
751.124424 0.083982 
749.657233 0.087454 
748.190041 0.086222 
746.722850 0.081403 
745.255658 0.087800 
743.788467 0.080620 
742.321275 0.083994 
740.854084 0.079661 
739.386892 0.078143 
737.919701 0.081069 
736.452509 0.071868 
734.985318 0.077421 
733.518126 0.073531 
732.050935 0.072572 
730.583743 0.073397 
729.116552 0.067504 
727.649360 0.075261 
726.182169 0.066854 
724.714977 0.066660 
723.247786 0.068208 
721.780594 0.062351 
720.313403 0.066296 
718.846211 0.055929 
717.379020 0.060548 
715.911828 0.057866 
714.444637 0.052943 
712.977445 0.057259 
711.510254 0.049429 
710.043062 0.057137 
708.575871 0.049484 
707.108679 0.047973 
705.641488 0.050182 
704.174296 0.042207 
702.707105 0.046704 
701.239913 0.036161 
699.772722 0.039645 
698.305530 0.039251 
696.838339 0.030068 
695.371147 0.036574 
693.903956 0.029297 
692.436764 0.036853 
690.969573 0.029060 
689.502381 0.024830 
688.035190 0.031488 
686.567998 0.019707 
685.100807 0.025054 
683.633615 0.015113 
682.166424 0.016594 
680.699232 0.018226 
679.232041 0.007629 
677.764849 0.016636 
676.297658 0.008206 
674.830466 0.012976 
673.363275 0.011690 
671.896083 0.006130 
670.428892 0.020739 
668.961700 0.015386 
667.494509 0.028641 
666.027317 0.029959 
664.560126 0.041357 
663.092934 0.059201 
661.625743 0.057860 
660.158551 0.081111 
658.691360 0.086720 
657.224168 0.097323 
655.756977 0.106227 
654.289785 0.102627 
652.822594 0.111786 
651.355402 0.105371 
649.888211 0.103902 
648.421019 0.097766 
646.953828 0.083903 
645.486636 0.084061 
644.019445 0.065015 
642.552253 0.064499 
641.085062 0.052531 
639.617870 0.043967 
638.150679 0.048142 
636.683487 0.030220 
635.216296 0.039597 
633.749104 0.025558 
632.281913 0.022147 
630.814721 0.024290 
629.347530 0.008291 
627.880338 0.015234 
626.413147 0.000649 
624.945955 0.010719 
623.478764 0.007332 
622.011572 0.001196 
620.544381 0.015343 
619.077189 0.004631 
617.609998 0.017802 
616.142806 0.009213 
614.675615 0.008267 
613.208423 0.017941 
611.741232 0.005511 
610.274040 0.015604 
608.806849 0.001973 
607.339657 0.003193 
605.872466 0.001778 
604.405274 0.006470 
602.938083 0.001147 
601.470891 -0.010749 
600.003700 0.014567 
