4000.854000 0.000000 
3999.922000 0.000197 
3998.990000 -0.000056 
3998.058000 -0.000219 
3997.126000 -0.000055 
3996.194000 -0.000093 
3995.262000 -0.000039 
3994.330000 -0.000023 
3993.398000 0.000000 
3992.466000 0.000044 
3991.534000 0.000079 
3990.602000 0.000086 
3989.670000 -0.000014 
3988.739000 -0.000202 
3987.807000 -0.000328 
3986.875000 -0.000362 
3985.943000 -0.000438 
3985.011000 -0.000475 
3984.079000 -0.000500 
3983.147000 -0.000524 
3982.215000 -0.000505 
3981.283000 -0.000458 
3980.351000 -0.000431 
3979.419000 -0.000449 
3978.487000 -0.000457 
3977.555000 -0.000359 
3976.623000 -0.000293 
3975.691000 -0.000364 
3974.759000 -0.000530 
3973.827000 -0.000628 
3972.896000 -0.000538 
3971.963000 -0.000434 
3971.031000 -0.000445 
3970.100000 -0.000553 
3969.167000 -0.000602 
3968.236000 -0.000461 
3967.304000 -0.000364 
3966.372000 -0.000396 
3965.440000 -0.000363 
3964.508000 -0.000242 
3963.576000 -0.000138 
3962.644000 -0.000104 
3961.712000 -0.000191 
3960.780000 -0.000359 
3959.848000 -0.000526 
3958.916000 -0.000598 
3957.984000 -0.000603 
3957.052000 -0.000494 
3956.120000 -0.000244 
3955.188000 0.000011 
3954.256000 0.000197 
3953.324000 0.000342 
3952.393000 0.000249 
3951.461000 -0.000036 
3950.529000 -0.000350 
3949.597000 -0.000536 
3948.665000 -0.000423 
3947.733000 -0.000131 
3946.801000 0.000185 
3945.869000 0.000403 
3944.937000 0.000465 
3944.005000 0.000436 
3943.073000 0.000314 
3942.141000 0.000138 
3941.209000 -0.000057 
3940.277000 -0.000086 
3939.345000 0.000242 
3938.413000 0.000634 
3937.481000 0.000745 
3936.549000 0.000701 
3935.617000 0.000698 
3934.686000 0.000655 
3933.754000 0.000406 
3932.822000 -0.000008 
3931.890000 -0.000251 
3930.958000 -0.000025 
3930.026000 0.000445 
3929.094000 0.000641 
3928.162000 0.000413 
3927.230000 0.000228 
3926.298000 0.000266 
3925.366000 0.000204 
3924.434000 -0.000004 
3923.502000 0.000070 
3922.570000 0.000440 
3921.638000 0.000734 
3920.706000 0.000678 
3919.774000 0.000255 
3918.842000 -0.000356 
3917.910000 -0.000775 
3916.979000 -0.000861 
3916.047000 -0.000797 
3915.115000 -0.000665 
3914.183000 -0.000429 
3913.251000 -0.000329 
3912.319000 -0.000334 
3911.387000 -0.000190 
3910.455000 0.000142 
3909.523000 0.000565 
3908.591000 0.001030 
3907.659000 0.001520 
3906.727000 0.001680 
3905.795000 0.001700 
3904.863000 0.001660 
3903.931000 0.001150 
3902.999000 0.000316 
3902.067000 -0.000425 
3901.135000 -0.000837 
3900.203000 -0.001080 
3899.271000 -0.001250 
3898.340000 -0.000982 
3897.407000 -0.000290 
3896.476000 0.000451 
3895.544000 0.000775 
3894.612000 0.000365 
3893.680000 -0.000328 
3892.748000 -0.000586 
3891.816000 -0.000206 
3890.884000 0.000022 
3889.952000 -0.000034 
3889.020000 0.000046 
3888.088000 0.000216 
3887.156000 0.000491 
3886.224000 0.000892 
3885.292000 0.000921 
3884.360000 0.000619 
3883.428000 0.000541 
3882.496000 0.000489 
3881.564000 -0.000036 
3880.633000 -0.000692 
3879.701000 -0.001180 
3878.769000 -0.001640 
3877.837000 -0.001600 
3876.905000 -0.000964 
3875.973000 0.000070 
3875.041000 0.000936 
3874.109000 0.001210 
3873.177000 0.000828 
3872.245000 0.000599 
3871.313000 0.001050 
3870.381000 0.001240 
3869.449000 0.000611 
3868.517000 -0.000021 
3867.585000 0.000194 
3866.653000 0.000848 
3865.721000 0.000781 
3864.789000 -0.000068 
3863.857000 -0.000913 
3862.926000 -0.001240 
3861.994000 -0.001260 
3861.062000 -0.000965 
3860.130000 0.000382 
3859.198000 0.002120 
3858.266000 0.003280 
3857.334000 0.003430 
3856.402000 0.002630 
3855.470000 0.001540 
3854.538000 0.000290 
3853.606000 -0.001130 
3852.674000 -0.002430 
3851.742000 -0.002640 
3850.810000 -0.001710 
3849.878000 -0.000768 
3848.946000 -0.000300 
3848.014000 -0.000043 
3847.082000 0.000281 
3846.150000 0.000686 
3845.219000 0.001000 
3844.287000 0.001640 
3843.354000 0.002250 
3842.423000 0.002210 
3841.491000 0.001890 
3840.559000 0.001580 
3839.627000 0.000728 
3838.695000 -0.000146 
3837.763000 -0.000327 
3836.831000 -0.000430 
3835.899000 -0.000658 
3834.967000 -0.000585 
3834.035000 -0.000426 
3833.103000 -0.000281 
3832.171000 -0.000031 
3831.239000 -0.000081 
3830.307000 -0.000634 
3829.375000 -0.000945 
3828.443000 -0.000536 
3827.511000 0.000511 
3826.580000 0.001380 
3825.647000 0.001710 
3824.716000 0.001510 
3823.784000 0.001190 
3822.852000 0.001110 
3821.920000 0.001210 
3820.988000 0.000710 
3820.056000 -0.000169 
3819.124000 -0.000622 
3818.192000 -0.000273 
3817.260000 -0.000071 
3816.328000 -0.000505 
3815.396000 -0.001390 
3814.464000 -0.001770 
3813.532000 -0.000739 
3812.600000 0.000838 
3811.668000 0.001320 
3810.736000 0.001020 
3809.804000 0.000615 
3808.873000 0.000391 
3807.940000 0.000876 
3807.009000 0.001540 
3806.077000 0.001590 
3805.145000 0.001320 
3804.213000 0.001380 
3803.281000 0.001570 
3802.349000 0.001360 
3801.417000 0.000724 
3800.485000 -0.000082 
3799.553000 -0.000501 
3798.621000 -0.000269 
3797.689000 -0.000033 
3796.757000 -0.000370 
3795.825000 -0.000846 
3794.893000 -0.000993 
3793.961000 -0.000729 
3793.029000 -0.000329 
3792.097000 -0.000037 
3791.166000 0.000199 
3790.234000 0.000502 
3789.302000 0.000591 
3788.370000 0.000543 
3787.438000 0.000281 
3786.506000 0.000147 
3785.574000 0.000434 
3784.642000 0.000721 
3783.710000 0.000777 
3782.778000 0.000786 
3781.846000 0.000829 
3780.914000 0.000752 
3779.982000 0.000408 
3779.050000 -0.000169 
3778.118000 -0.000780 
3777.186000 -0.000785 
3776.254000 0.000136 
3775.322000 0.000904 
3774.390000 0.000899 
3773.458000 0.000592 
3772.527000 0.000402 
3771.594000 0.000338 
3770.663000 0.000030 
3769.731000 -0.000490 
3768.799000 -0.000999 
3767.867000 -0.001220 
3766.935000 -0.000907 
3766.003000 -0.000229 
3765.071000 0.000212 
3764.139000 0.000362 
3763.207000 0.000667 
3762.275000 0.001170 
3761.343000 0.001150 
3760.411000 0.000536 
3759.479000 -0.000099 
3758.547000 0.000143 
3757.615000 0.000982 
3756.683000 0.001760 
3755.751000 0.002470 
3754.820000 0.002800 
3753.887000 0.002500 
3752.956000 0.001500 
3752.024000 0.000107 
3751.092000 0.000008 
3750.160000 0.001150 
3749.228000 0.002050 
3748.296000 0.001910 
3747.364000 0.001260 
3746.432000 0.000977 
3745.500000 0.000401 
3744.568000 -0.000912 
3743.636000 -0.002020 
3742.704000 -0.001750 
3741.772000 0.000610 
3740.840000 0.002830 
3739.908000 0.003150 
3738.976000 0.002710 
3738.044000 0.002540 
3737.113000 0.001840 
3736.180000 0.000437 
3735.249000 -0.001030 
3734.317000 -0.001920 
3733.385000 -0.001940 
3732.453000 -0.001120 
3731.521000 -0.000294 
3730.589000 -0.000040 
3729.657000 0.000152 
3728.725000 0.000783 
3727.793000 0.001080 
3726.861000 0.000679 
3725.929000 0.000171 
3724.997000 0.000017 
3724.065000 0.000178 
3723.133000 0.000290 
3722.201000 0.000146 
3721.269000 -0.000197 
3720.337000 -0.000444 
3719.406000 -0.000193 
3718.474000 0.000623 
3717.542000 0.001250 
3716.610000 0.001540 
3715.678000 0.001890 
3714.746000 0.001860 
3713.814000 0.001190 
3712.882000 0.000238 
3711.950000 -0.000616 
3711.018000 -0.001320 
3710.086000 -0.001560 
3709.154000 -0.001000 
3708.222000 0.000146 
3707.290000 0.001280 
3706.358000 0.002260 
3705.426000 0.002810 
3704.494000 0.002830 
3703.562000 0.002410 
3702.630000 0.001820 
3701.698000 0.001110 
3700.767000 0.000356 
3699.834000 -0.000214 
3698.903000 -0.000347 
3697.971000 -0.000096 
3697.039000 0.000287 
3696.107000 0.000436 
3695.175000 0.000842 
3694.243000 0.001790 
3693.311000 0.002270 
3692.379000 0.001930 
3691.447000 0.001180 
3690.515000 0.000307 
3689.583000 -0.000544 
3688.651000 -0.001100 
3687.719000 -0.001430 
3686.787000 -0.001660 
3685.855000 -0.000981 
3684.923000 0.000113 
3683.991000 0.000249 
3683.060000 -0.000020 
3682.127000 0.000804 
3681.196000 0.002360 
3680.264000 0.003180 
3679.332000 0.002850 
3678.400000 0.001890 
3677.468000 0.001180 
3676.536000 0.001070 
3675.604000 0.000731 
3674.672000 0.000086 
3673.740000 -0.000323 
3672.808000 0.000087 
3671.876000 0.000675 
3670.944000 0.000501 
3670.012000 -0.000204 
3669.080000 -0.000746 
3668.148000 -0.000474 
3667.216000 0.000430 
3666.284000 0.001210 
3665.353000 0.001640 
3664.420000 0.001620 
3663.489000 0.001490 
3662.557000 0.002000 
3661.625000 0.002690 
3660.693000 0.002890 
3659.761000 0.002820 
3658.829000 0.002670 
3657.897000 0.002760 
3656.965000 0.003340 
3656.033000 0.004070 
3655.101000 0.004560 
3654.169000 0.005090 
3653.237000 0.006020 
3652.305000 0.006530 
3651.373000 0.005940 
3650.441000 0.004800 
3649.509000 0.003600 
3648.577000 0.003000 
3647.646000 0.003150 
3646.713000 0.003580 
3645.781000 0.004080 
3644.850000 0.004790 
3643.918000 0.005730 
3642.986000 0.006360 
3642.054000 0.006470 
3641.122000 0.006470 
3640.190000 0.006710 
3639.258000 0.007040 
3638.326000 0.007070 
3637.394000 0.006790 
3636.462000 0.006690 
3635.530000 0.007480 
3634.598000 0.008810 
3633.666000 0.009530 
3632.734000 0.009460 
3631.802000 0.009040 
3630.870000 0.008470 
3629.938000 0.007540 
3629.007000 0.006150 
3628.074000 0.004690 
3627.143000 0.003950 
3626.211000 0.004690 
3625.279000 0.006040 
3624.347000 0.006710 
3623.415000 0.006760 
3622.483000 0.006560 
3621.551000 0.006160 
3620.619000 0.005670 
3619.687000 0.005030 
3618.755000 0.004590 
3617.823000 0.004340 
3616.891000 0.004100 
3615.959000 0.004020 
3615.027000 0.004180 
3614.095000 0.004150 
3613.163000 0.003880 
3612.231000 0.003580 
3611.300000 0.003200 
3610.367000 0.002770 
3609.436000 0.002480 
3608.504000 0.002010 
3607.572000 0.001350 
3606.640000 0.001260 
3605.708000 0.001660 
3604.776000 0.001830 
3603.844000 0.001940 
3602.912000 0.002130 
3601.980000 0.002310 
3601.048000 0.002520 
3600.116000 0.002700 
3599.184000 0.002850 
3598.252000 0.002900 
3597.320000 0.002720 
3596.388000 0.002300 
3595.456000 0.001820 
3594.524000 0.001600 
3593.593000 0.001640 
3592.660000 0.002070 
3591.729000 0.002500 
3590.797000 0.002510 
3589.865000 0.002290 
3588.933000 0.001870 
3588.001000 0.001190 
3587.069000 0.000500 
3586.137000 0.000094 
3585.205000 0.000060 
3584.273000 0.000336 
3583.341000 0.000874 
3582.409000 0.001170 
3581.477000 0.001120 
3580.545000 0.001120 
3579.613000 0.001180 
3578.681000 0.001210 
3577.749000 0.001220 
3576.817000 0.001330 
3575.885000 0.001460 
3574.953000 0.001730 
3574.021000 0.002410 
3573.090000 0.003320 
3572.158000 0.004070 
3571.226000 0.004410 
3570.294000 0.004250 
3569.362000 0.003930 
3568.430000 0.003530 
3567.498000 0.003000 
3566.566000 0.002550 
3565.634000 0.002490 
3564.702000 0.002920 
3563.770000 0.003430 
3562.838000 0.003730 
3561.906000 0.003750 
3560.974000 0.003640 
3560.042000 0.003610 
3559.110000 0.003670 
3558.178000 0.003840 
3557.247000 0.004080 
3556.314000 0.004110 
3555.383000 0.003900 
3554.451000 0.003670 
3553.519000 0.003560 
3552.587000 0.003620 
3551.655000 0.003770 
3550.723000 0.004010 
3549.791000 0.004280 
3548.859000 0.004400 
3547.927000 0.004110 
3546.995000 0.003490 
3546.063000 0.002790 
3545.131000 0.002130 
3544.199000 0.001610 
3543.267000 0.001420 
3542.335000 0.001550 
3541.403000 0.001790 
3540.471000 0.001860 
3539.540000 0.001760 
3538.607000 0.001630 
3537.676000 0.001460 
3536.744000 0.001210 
3535.812000 0.000945 
3534.880000 0.000814 
3533.948000 0.000843 
3533.016000 0.000979 
3532.084000 0.001050 
3531.152000 0.001060 
3530.220000 0.001110 
3529.288000 0.001200 
3528.356000 0.001230 
3527.424000 0.001100 
3526.492000 0.000866 
3525.560000 0.000603 
3524.628000 0.000333 
3523.696000 0.000096 
3522.764000 -0.000111 
3521.833000 -0.000296 
3520.900000 -0.000366 
3519.969000 -0.000292 
3519.037000 -0.000147 
3518.105000 -0.000139 
3517.173000 -0.000156 
3516.241000 -0.000050 
3515.309000 0.000142 
3514.377000 0.000157 
3513.445000 0.000005 
3512.513000 -0.000158 
3511.581000 -0.000219 
3510.649000 -0.000193 
3509.717000 -0.000049 
3508.785000 0.000216 
3507.853000 0.000483 
3506.921000 0.000653 
3505.989000 0.000681 
3505.057000 0.000519 
3504.125000 0.000279 
3503.193000 0.000086 
3502.261000 -0.000096 
3501.330000 -0.000193 
3500.398000 -0.000190 
3499.466000 -0.000140 
3498.534000 -0.000183 
3497.602000 -0.000294 
3496.670000 -0.000420 
3495.738000 -0.000504 
3494.806000 -0.000512 
3493.874000 -0.000438 
3492.942000 -0.000305 
3492.010000 -0.000181 
3491.078000 -0.000106 
3490.146000 -0.000099 
3489.214000 -0.000031 
3488.282000 -0.000046 
3487.350000 -0.000136 
3486.418000 -0.000207 
3485.487000 -0.000199 
3484.554000 -0.000190 
3483.623000 -0.000231 
3482.691000 -0.000372 
3481.759000 -0.000479 
3480.827000 -0.000596 
3479.895000 -0.000676 
3478.963000 -0.000670 
3478.031000 -0.000516 
3477.099000 -0.000295 
3476.167000 -0.000137 
3475.235000 0.000007 
3474.303000 0.000120 
3473.371000 0.000198 
3472.439000 0.000203 
3471.507000 0.000102 
3470.575000 -0.000041 
3469.643000 -0.000140 
3468.711000 -0.000214 
3467.780000 -0.000265 
3466.847000 -0.000292 
3465.916000 -0.000309 
3464.984000 -0.000272 
3464.052000 -0.000201 
3463.120000 -0.000143 
3462.188000 -0.000149 
3461.256000 -0.000223 
3460.324000 -0.000376 
3459.392000 -0.000462 
3458.460000 -0.000549 
3457.528000 -0.000634 
3456.596000 -0.000699 
3455.664000 -0.000635 
3454.732000 -0.000562 
3453.800000 -0.000420 
3452.868000 -0.000200 
3451.936000 -0.000011 
3451.004000 0.000084 
3450.073000 0.000106 
3449.140000 0.000058 
3448.208000 0.000032 
3447.277000 0.000050 
3446.345000 0.000005 
3445.413000 -0.000052 
3444.481000 0.000025 
3443.549000 0.000228 
3442.617000 0.000356 
3441.685000 0.000422 
3440.753000 0.000449 
3439.821000 0.000363 
3438.889000 0.000143 
3437.957000 -0.000104 
3437.025000 -0.000248 
3436.093000 -0.000317 
3435.161000 -0.000313 
3434.229000 -0.000272 
3433.297000 -0.000109 
3432.365000 0.000047 
3431.433000 0.000116 
3430.501000 -0.000000 
3429.570000 -0.000134 
3428.638000 -0.000170 
3427.706000 -0.000128 
3426.774000 -0.000089 
3425.842000 0.000017 
3424.910000 0.000096 
3423.978000 0.000128 
3423.046000 0.000044 
3422.114000 -0.000058 
3421.182000 -0.000115 
3420.250000 -0.000174 
3419.318000 -0.000209 
3418.386000 -0.000204 
3417.454000 -0.000100 
3416.522000 0.000021 
3415.590000 0.000125 
3414.658000 0.000236 
3413.726000 0.000344 
3412.794000 0.000364 
3411.863000 0.000289 
3410.931000 0.000198 
3409.999000 0.000111 
3409.067000 0.000012 
3408.135000 -0.000089 
3407.203000 -0.000061 
3406.271000 0.000104 
3405.339000 0.000331 
3404.407000 0.000378 
3403.475000 0.000361 
3402.543000 0.000351 
3401.611000 0.000379 
3400.679000 0.000280 
3399.747000 0.000144 
3398.815000 0.000088 
3397.883000 0.000121 
3396.951000 0.000085 
3396.020000 0.000005 
3395.087000 -0.000092 
3394.156000 -0.000059 
3393.224000 0.000046 
3392.292000 0.000108 
3391.360000 0.000167 
3390.428000 0.000231 
3389.496000 0.000311 
3388.564000 0.000333 
3387.632000 0.000322 
3386.700000 0.000313 
3385.768000 0.000287 
3384.836000 0.000254 
3383.904000 0.000271 
3382.972000 0.000350 
3382.040000 0.000419 
3381.108000 0.000441 
3380.176000 0.000435 
3379.244000 0.000458 
3378.313000 0.000393 
3377.380000 0.000337 
3376.448000 0.000316 
3375.517000 0.000365 
3374.585000 0.000392 
3373.653000 0.000447 
3372.721000 0.000475 
3371.789000 0.000533 
3370.857000 0.000507 
3369.925000 0.000410 
3368.993000 0.000265 
3368.061000 0.000229 
3367.129000 0.000250 
3366.197000 0.000210 
3365.265000 0.000116 
3364.333000 0.000054 
3363.401000 0.000063 
3362.469000 0.000086 
3361.537000 0.000118 
3360.605000 0.000135 
3359.673000 0.000158 
3358.741000 0.000197 
3357.810000 0.000316 
3356.878000 0.000457 
3355.946000 0.000545 
3355.014000 0.000572 
3354.082000 0.000570 
3353.150000 0.000563 
3352.218000 0.000485 
3351.286000 0.000330 
3350.354000 0.000178 
3349.422000 0.000201 
3348.490000 0.000293 
3347.558000 0.000388 
3346.626000 0.000428 
3345.694000 0.000530 
3344.762000 0.000563 
3343.830000 0.000524 
3342.898000 0.000490 
3341.966000 0.000488 
3341.034000 0.000462 
3340.103000 0.000461 
3339.171000 0.000427 
3338.239000 0.000434 
3337.307000 0.000439 
3336.375000 0.000364 
3335.443000 0.000268 
3334.511000 0.000243 
3333.579000 0.000299 
3332.647000 0.000302 
3331.715000 0.000249 
3330.783000 0.000250 
3329.851000 0.000337 
3328.919000 0.000405 
3327.987000 0.000355 
3327.055000 0.000238 
3326.123000 0.000147 
3325.191000 0.000117 
3324.260000 0.000099 
3323.327000 0.000162 
3322.396000 0.000214 
3321.464000 0.000275 
3320.531000 0.000334 
3319.600000 0.000412 
3318.668000 0.000438 
3317.736000 0.000469 
3316.804000 0.000493 
3315.872000 0.000595 
3314.940000 0.000699 
3314.008000 0.000776 
3313.076000 0.000757 
3312.144000 0.000683 
3311.212000 0.000599 
3310.280000 0.000502 
3309.348000 0.000329 
3308.416000 0.000159 
3307.484000 0.000072 
3306.552000 -0.000012 
3305.620000 -0.000097 
3304.688000 -0.000134 
3303.757000 -0.000096 
3302.825000 -0.000005 
3301.893000 0.000090 
3300.961000 0.000143 
3300.029000 0.000139 
3299.097000 0.000076 
3298.165000 -0.000014 
3297.233000 -0.000069 
3296.301000 -0.000102 
3295.369000 -0.000121 
3294.437000 -0.000133 
3293.505000 -0.000083 
3292.573000 -0.000085 
3291.641000 -0.000101 
3290.709000 -0.000158 
3289.777000 -0.000167 
3288.845000 -0.000140 
3287.913000 -0.000086 
3286.981000 -0.000061 
3286.050000 -0.000002 
3285.118000 0.000072 
3284.186000 0.000131 
3283.254000 0.000119 
3282.322000 0.000107 
3281.390000 0.000147 
3280.458000 0.000245 
3279.526000 0.000318 
3278.594000 0.000343 
3277.662000 0.000392 
3276.730000 0.000421 
3275.798000 0.000336 
3274.866000 0.000170 
3273.934000 0.000026 
3273.002000 -0.000086 
3272.070000 -0.000199 
3271.138000 -0.000252 
3270.206000 -0.000247 
3269.274000 -0.000186 
3268.343000 -0.000090 
3267.411000 0.000010 
3266.479000 0.000074 
3265.547000 0.000133 
3264.615000 0.000159 
3263.683000 0.000163 
3262.751000 0.000132 
3261.819000 0.000127 
3260.887000 0.000028 
3259.955000 -0.000111 
3259.023000 -0.000210 
3258.091000 -0.000253 
3257.159000 -0.000302 
3256.227000 -0.000344 
3255.295000 -0.000321 
3254.363000 -0.000233 
3253.431000 -0.000134 
3252.500000 -0.000018 
3251.567000 0.000081 
3250.635000 0.000107 
3249.704000 0.000056 
3248.771000 -0.000027 
3247.840000 -0.000108 
3246.908000 -0.000176 
3245.976000 -0.000222 
3245.044000 -0.000269 
3244.112000 -0.000259 
3243.180000 -0.000163 
3242.248000 -0.000091 
3241.316000 -0.000074 
3240.384000 -0.000056 
3239.452000 0.000001 
3238.520000 0.000012 
3237.588000 -0.000039 
3236.656000 -0.000100 
3235.724000 -0.000120 
3234.792000 -0.000118 
3233.860000 -0.000096 
3232.928000 -0.000124 
3231.997000 -0.000175 
3231.065000 -0.000249 
3230.133000 -0.000309 
3229.201000 -0.000360 
3228.269000 -0.000364 
3227.337000 -0.000331 
3226.405000 -0.000276 
3225.473000 -0.000173 
3224.541000 -0.000061 
3223.609000 -0.000076 
3222.677000 -0.000201 
3221.745000 -0.000274 
3220.813000 -0.000276 
3219.881000 -0.000264 
3218.949000 -0.000254 
3218.017000 -0.000191 
3217.085000 -0.000068 
3216.153000 0.000052 
3215.221000 0.000089 
3214.290000 0.000086 
3213.358000 0.000169 
3212.426000 0.000275 
3211.494000 0.000255 
3210.562000 0.000149 
3209.630000 0.000059 
3208.698000 -0.000043 
3207.766000 -0.000174 
3206.834000 -0.000301 
3205.902000 -0.000352 
3204.970000 -0.000301 
3204.038000 -0.000195 
3203.106000 -0.000160 
3202.174000 -0.000160 
3201.242000 -0.000152 
3200.310000 -0.000169 
3199.378000 -0.000255 
3198.446000 -0.000312 
3197.514000 -0.000304 
3196.583000 -0.000245 
3195.651000 -0.000149 
3194.719000 -0.000060 
3193.787000 0.000007 
3192.855000 0.000011 
3191.923000 -0.000029 
3190.991000 -0.000062 
3190.059000 -0.000099 
3189.127000 -0.000167 
3188.195000 -0.000203 
3187.263000 -0.000112 
3186.331000 0.000053 
3185.399000 0.000134 
3184.467000 0.000133 
3183.535000 0.000079 
3182.603000 0.000021 
3181.671000 -0.000032 
3180.739000 -0.000089 
3179.807000 -0.000112 
3178.875000 -0.000084 
3177.944000 -0.000046 
3177.011000 -0.000082 
3176.080000 -0.000163 
3175.148000 -0.000236 
3174.216000 -0.000304 
3173.284000 -0.000371 
3172.352000 -0.000372 
3171.420000 -0.000304 
3170.488000 -0.000244 
3169.556000 -0.000208 
3168.624000 -0.000132 
3167.692000 -0.000048 
3166.760000 0.000009 
3165.828000 0.000049 
3164.896000 0.000083 
3163.964000 0.000126 
3163.032000 0.000131 
3162.100000 0.000073 
3161.168000 0.000015 
3160.237000 0.000055 
3159.305000 0.000139 
3158.373000 0.000196 
3157.441000 0.000210 
3156.509000 0.000240 
3155.577000 0.000231 
3154.645000 0.000164 
3153.713000 0.000065 
3152.781000 0.000006 
3151.849000 -0.000018 
3150.917000 -0.000067 
3149.985000 -0.000082 
3149.053000 0.000018 
3148.121000 0.000112 
3147.189000 0.000119 
3146.257000 0.000117 
3145.325000 0.000118 
3144.393000 0.000096 
3143.461000 0.000038 
3142.530000 -0.000037 
3141.598000 -0.000116 
3140.666000 -0.000178 
3139.734000 -0.000223 
3138.802000 -0.000264 
3137.870000 -0.000223 
3136.938000 -0.000101 
3136.006000 -0.000007 
3135.074000 0.000053 
3134.142000 0.000128 
3133.210000 0.000161 
3132.278000 0.000140 
3131.346000 0.000059 
3130.414000 0.000044 
3129.482000 0.000100 
3128.550000 0.000191 
3127.618000 0.000255 
3126.686000 0.000332 
3125.754000 0.000403 
3124.823000 0.000409 
3123.891000 0.000318 
3122.958000 0.000212 
3122.027000 0.000147 
3121.095000 0.000071 
3120.163000 -0.000042 
3119.231000 -0.000121 
3118.299000 -0.000129 
3117.367000 -0.000136 
3116.435000 -0.000134 
3115.503000 -0.000057 
3114.571000 0.000066 
3113.639000 0.000097 
3112.707000 0.000070 
3111.775000 0.000011 
3110.843000 -0.000043 
3109.911000 -0.000078 
3108.979000 -0.000143 
3108.047000 -0.000156 
3107.115000 -0.000081 
3106.184000 0.000071 
3105.251000 0.000181 
3104.320000 0.000219 
3103.388000 0.000216 
3102.456000 0.000215 
3101.524000 0.000147 
3100.592000 0.000093 
3099.660000 0.000075 
3098.728000 0.000092 
3097.796000 0.000062 
3096.864000 0.000085 
3095.932000 0.000149 
3095.000000 0.000182 
3094.068000 0.000154 
3093.136000 0.000130 
3092.204000 0.000146 
3091.272000 0.000182 
3090.340000 0.000196 
3089.408000 0.000176 
3088.477000 0.000177 
3087.544000 0.000158 
3086.613000 0.000078 
3085.681000 -0.000005 
3084.749000 0.000009 
3083.817000 0.000048 
3082.885000 0.000024 
3081.953000 -0.000052 
3081.021000 -0.000095 
3080.089000 -0.000100 
3079.157000 -0.000161 
3078.225000 -0.000244 
3077.293000 -0.000253 
3076.361000 -0.000148 
3075.429000 -0.000062 
3074.497000 0.000018 
3073.565000 0.000094 
3072.633000 0.000179 
3071.701000 0.000161 
3070.770000 0.000096 
3069.838000 0.000066 
3068.906000 0.000069 
3067.974000 0.000024 
3067.042000 -0.000036 
3066.110000 -0.000048 
3065.178000 0.000006 
3064.246000 0.000029 
3063.314000 -0.000001 
3062.382000 0.000016 
3061.450000 0.000093 
3060.518000 0.000153 
3059.586000 0.000115 
3058.654000 0.000106 
3057.722000 0.000221 
3056.790000 0.000337 
3055.858000 0.000320 
3054.926000 0.000254 
3053.994000 0.000258 
3053.063000 0.000258 
3052.131000 0.000216 
3051.198000 0.000141 
3050.267000 0.000152 
3049.335000 0.000183 
3048.403000 0.000237 
3047.471000 0.000257 
3046.539000 0.000292 
3045.607000 0.000265 
3044.675000 0.000190 
3043.743000 0.000079 
3042.811000 0.000080 
3041.879000 0.000103 
3040.947000 0.000123 
3040.015000 0.000118 
3039.083000 0.000151 
3038.151000 0.000191 
3037.219000 0.000167 
3036.287000 0.000088 
3035.355000 0.000040 
3034.424000 0.000045 
3033.491000 0.000034 
3032.560000 0.000022 
3031.628000 0.000071 
3030.696000 0.000204 
3029.764000 0.000310 
3028.832000 0.000362 
3027.900000 0.000415 
3026.968000 0.000439 
3026.036000 0.000426 
3025.104000 0.000360 
3024.172000 0.000347 
3023.240000 0.000358 
3022.308000 0.000378 
3021.376000 0.000424 
3020.444000 0.000531 
3019.512000 0.000557 
3018.580000 0.000537 
3017.648000 0.000469 
3016.717000 0.000455 
3015.784000 0.000406 
3014.853000 0.000351 
3013.921000 0.000268 
3012.989000 0.000234 
3012.057000 0.000232 
3011.125000 0.000199 
3010.193000 0.000116 
3009.261000 0.000113 
3008.329000 0.000232 
3007.397000 0.000344 
3006.465000 0.000411 
3005.533000 0.000491 
3004.601000 0.000620 
3003.669000 0.000736 
3002.737000 0.000740 
3001.805000 0.000670 
3000.873000 0.000601 
2999.941000 0.000571 
2999.010000 0.000530 
2998.078000 0.000507 
2997.146000 0.000474 
2996.214000 0.000410 
2995.282000 0.000346 
2994.350000 0.000380 
2993.418000 0.000386 
2992.486000 0.000364 
2991.554000 0.000314 
2990.622000 0.000391 
2989.690000 0.000477 
2988.758000 0.000561 
2987.826000 0.000550 
2986.894000 0.000550 
2985.962000 0.000639 
2985.030000 0.000713 
2984.098000 0.000679 
2983.166000 0.000626 
2982.234000 0.000617 
2981.302000 0.000580 
2980.371000 0.000444 
2979.438000 0.000286 
2978.507000 0.000189 
2977.575000 0.000136 
2976.643000 0.000100 
2975.711000 0.000064 
2974.779000 0.000087 
2973.847000 0.000147 
2972.915000 0.000181 
2971.983000 0.000197 
2971.051000 0.000226 
2970.119000 0.000289 
2969.187000 0.000290 
2968.255000 0.000272 
2967.323000 0.000275 
2966.391000 0.000317 
2965.459000 0.000232 
2964.527000 0.000162 
2963.595000 0.000158 
2962.664000 0.000192 
2961.731000 0.000189 
2960.800000 0.000187 
2959.868000 0.000199 
2958.936000 0.000276 
2958.004000 0.000322 
2957.072000 0.000321 
2956.140000 0.000283 
2955.208000 0.000305 
2954.276000 0.000336 
2953.344000 0.000322 
2952.412000 0.000361 
2951.480000 0.000380 
2950.548000 0.000376 
2949.616000 0.000364 
2948.684000 0.000352 
2947.752000 0.000332 
2946.820000 0.000294 
2945.888000 0.000275 
2944.957000 0.000287 
2944.024000 0.000326 
2943.093000 0.000371 
2942.161000 0.000375 
2941.229000 0.000338 
2940.297000 0.000359 
2939.365000 0.000330 
2938.433000 0.000304 
2937.501000 0.000292 
2936.569000 0.000336 
2935.637000 0.000329 
2934.705000 0.000323 
2933.773000 0.000334 
2932.841000 0.000371 
2931.909000 0.000365 
2930.977000 0.000363 
2930.045000 0.000372 
2929.113000 0.000404 
2928.181000 0.000382 
2927.250000 0.000317 
2926.318000 0.000292 
2925.385000 0.000312 
2924.454000 0.000313 
2923.522000 0.000281 
2922.590000 0.000292 
2921.658000 0.000338 
2920.726000 0.000382 
2919.794000 0.000373 
2918.862000 0.000353 
2917.930000 0.000391 
2916.998000 0.000435 
2916.066000 0.000413 
2915.134000 0.000318 
2914.202000 0.000275 
2913.270000 0.000201 
2912.338000 0.000080 
2911.406000 -0.000018 
2910.474000 0.000010 
2909.542000 0.000062 
2908.611000 0.000147 
2907.678000 0.000239 
2906.747000 0.000364 
2905.815000 0.000430 
2904.883000 0.000432 
2903.951000 0.000363 
2903.019000 0.000358 
2902.087000 0.000425 
2901.155000 0.000434 
2900.223000 0.000370 
2899.291000 0.000344 
2898.359000 0.000358 
2897.427000 0.000313 
2896.495000 0.000223 
2895.563000 0.000151 
2894.631000 0.000163 
2893.699000 0.000224 
2892.767000 0.000266 
2891.835000 0.000271 
2890.904000 0.000283 
2889.971000 0.000262 
2889.040000 0.000211 
2888.108000 0.000185 
2887.176000 0.000207 
2886.244000 0.000289 
2885.312000 0.000350 
2884.380000 0.000412 
2883.448000 0.000432 
2882.516000 0.000459 
2881.584000 0.000464 
2880.652000 0.000480 
2879.720000 0.000500 
2878.788000 0.000497 
2877.856000 0.000418 
2876.924000 0.000354 
2875.992000 0.000266 
2875.060000 0.000131 
2874.128000 -0.000027 
2873.197000 -0.000097 
2872.264000 -0.000048 
2871.333000 0.000030 
2870.401000 0.000071 
2869.469000 0.000102 
2868.537000 0.000154 
2867.605000 0.000200 
2866.673000 0.000225 
2865.741000 0.000225 
2864.809000 0.000235 
2863.877000 0.000264 
2862.945000 0.000296 
2862.013000 0.000296 
2861.081000 0.000254 
2860.149000 0.000179 
2859.217000 0.000068 
2858.285000 0.000013 
2857.353000 0.000021 
2856.421000 0.000047 
2855.490000 0.000049 
2854.557000 0.000116 
2853.625000 0.000244 
2852.694000 0.000327 
2851.762000 0.000258 
2850.830000 0.000140 
2849.898000 0.000037 
2848.966000 -0.000003 
2848.034000 -0.000036 
2847.102000 -0.000046 
2846.170000 0.000014 
2845.238000 0.000151 
2844.306000 0.000295 
2843.374000 0.000328 
2842.442000 0.000263 
2841.510000 0.000170 
2840.578000 0.000049 
2839.646000 -0.000072 
2838.714000 -0.000142 
2837.782000 -0.000168 
2836.851000 -0.000175 
2835.918000 -0.000157 
2834.987000 -0.000094 
2834.055000 -0.000066 
2833.123000 -0.000081 
2832.191000 -0.000104 
2831.259000 -0.000108 
2830.327000 -0.000097 
2829.395000 -0.000123 
2828.463000 -0.000141 
2827.531000 -0.000106 
2826.599000 0.000006 
2825.667000 0.000097 
2824.735000 0.000160 
2823.803000 0.000234 
2822.871000 0.000305 
2821.939000 0.000303 
2821.007000 0.000226 
2820.075000 0.000121 
2819.144000 0.000092 
2818.211000 0.000126 
2817.280000 0.000167 
2816.348000 0.000197 
2815.416000 0.000214 
2814.484000 0.000200 
2813.552000 0.000161 
2812.620000 0.000122 
2811.688000 0.000098 
2810.756000 0.000096 
2809.824000 0.000099 
2808.892000 0.000145 
2807.960000 0.000222 
2807.028000 0.000300 
2806.096000 0.000322 
2805.164000 0.000367 
2804.232000 0.000454 
2803.300000 0.000516 
2802.368000 0.000516 
2801.437000 0.000474 
2800.504000 0.000404 
2799.573000 0.000315 
2798.641000 0.000261 
2797.709000 0.000262 
2796.777000 0.000305 
2795.845000 0.000384 
2794.913000 0.000494 
2793.981000 0.000574 
2793.049000 0.000600 
2792.117000 0.000546 
2791.185000 0.000463 
2790.253000 0.000395 
2789.321000 0.000366 
2788.389000 0.000333 
2787.457000 0.000296 
2786.525000 0.000305 
2785.593000 0.000368 
2784.661000 0.000416 
2783.729000 0.000412 
2782.797000 0.000434 
2781.865000 0.000505 
2780.934000 0.000599 
2780.002000 0.000625 
2779.070000 0.000630 
2778.138000 0.000630 
2777.206000 0.000637 
2776.274000 0.000590 
2775.342000 0.000529 
2774.410000 0.000500 
2773.478000 0.000527 
2772.546000 0.000565 
2771.614000 0.000614 
2770.682000 0.000672 
2769.750000 0.000682 
2768.818000 0.000634 
2767.886000 0.000574 
2766.954000 0.000532 
2766.022000 0.000517 
2765.091000 0.000548 
2764.158000 0.000595 
2763.227000 0.000669 
2762.295000 0.000705 
2761.363000 0.000675 
2760.431000 0.000619 
2759.499000 0.000588 
2758.567000 0.000566 
2757.635000 0.000542 
2756.703000 0.000579 
2755.771000 0.000659 
2754.839000 0.000748 
2753.907000 0.000780 
2752.975000 0.000770 
2752.043000 0.000719 
2751.111000 0.000716 
2750.179000 0.000679 
2749.247000 0.000645 
2748.315000 0.000634 
2747.384000 0.000657 
2746.451000 0.000631 
2745.520000 0.000597 
2744.588000 0.000566 
2743.656000 0.000570 
2742.724000 0.000618 
2741.792000 0.000664 
2740.860000 0.000686 
2739.928000 0.000701 
2738.996000 0.000711 
2738.064000 0.000650 
2737.132000 0.000588 
2736.200000 0.000552 
2735.268000 0.000573 
2734.336000 0.000646 
2733.404000 0.000762 
2732.472000 0.000844 
2731.540000 0.000874 
2730.608000 0.000869 
2729.677000 0.000820 
2728.744000 0.000778 
2727.813000 0.000744 
2726.881000 0.000761 
2725.949000 0.000763 
2725.017000 0.000758 
2724.085000 0.000707 
2723.153000 0.000684 
2722.221000 0.000654 
2721.289000 0.000656 
2720.357000 0.000606 
2719.425000 0.000592 
2718.493000 0.000625 
2717.561000 0.000681 
2716.629000 0.000650 
2715.697000 0.000612 
2714.765000 0.000645 
2713.833000 0.000698 
2712.901000 0.000740 
2711.969000 0.000740 
2711.037000 0.000712 
2710.105000 0.000663 
2709.174000 0.000620 
2708.242000 0.000509 
2707.310000 0.000388 
2706.378000 0.000292 
2705.446000 0.000251 
2704.514000 0.000209 
2703.582000 0.000139 
2702.650000 0.000076 
2701.718000 -0.000055 
2700.786000 -0.000269 
2699.854000 -0.000538 
2698.922000 -0.000772 
2697.990000 -0.001020 
2697.058000 -0.001210 
2696.126000 -0.001330 
2695.194000 -0.001310 
2694.262000 -0.001310 
2693.331000 -0.001280 
2692.398000 -0.001250 
2691.467000 -0.001230 
2690.535000 -0.001260 
2689.603000 -0.001280 
2688.671000 -0.001290 
2687.739000 -0.001230 
2686.807000 -0.001070 
2685.875000 -0.000931 
2684.943000 -0.000805 
2684.011000 -0.000665 
2683.079000 -0.000509 
2682.147000 -0.000502 
2681.215000 -0.000582 
2680.283000 -0.000720 
2679.351000 -0.000841 
2678.419000 -0.000985 
2677.487000 -0.001130 
2676.555000 -0.001190 
2675.624000 -0.001190 
2674.691000 -0.001150 
2673.760000 -0.001120 
2672.828000 -0.001080 
2671.896000 -0.001070 
2670.964000 -0.001090 
2670.032000 -0.001170 
2669.100000 -0.001190 
2668.168000 -0.001240 
2667.236000 -0.001210 
2666.304000 -0.001190 
2665.372000 -0.001110 
2664.440000 -0.001050 
2663.508000 -0.000991 
2662.576000 -0.000975 
2661.644000 -0.000949 
2660.712000 -0.000907 
2659.780000 -0.000875 
2658.848000 -0.000858 
2657.917000 -0.000811 
2656.984000 -0.000720 
2656.052000 -0.000680 
2655.121000 -0.000690 
2654.189000 -0.000759 
2653.257000 -0.000820 
2652.325000 -0.000859 
2651.393000 -0.000864 
2650.461000 -0.000884 
2649.529000 -0.000891 
2648.597000 -0.000902 
2647.665000 -0.000944 
2646.733000 -0.000954 
2645.801000 -0.000978 
2644.869000 -0.000991 
2643.937000 -0.000974 
2643.005000 -0.000784 
2642.073000 -0.000621 
2641.141000 -0.000538 
2640.209000 -0.000601 
2639.277000 -0.000672 
2638.345000 -0.000802 
2637.414000 -0.000935 
2636.482000 -0.001090 
2635.550000 -0.001140 
2634.618000 -0.001050 
2633.686000 -0.000917 
2632.754000 -0.000821 
2631.822000 -0.000776 
2630.890000 -0.000676 
2629.958000 -0.000589 
2629.026000 -0.000561 
2628.094000 -0.000563 
2627.162000 -0.000486 
2626.230000 -0.000400 
2625.298000 -0.000374 
2624.366000 -0.000381 
2623.434000 -0.000344 
2622.502000 -0.000342 
2621.570000 -0.000333 
2620.638000 -0.000283 
2619.707000 -0.000254 
2618.775000 -0.000195 
2617.843000 -0.000193 
2616.911000 -0.000172 
2615.979000 -0.000180 
2615.047000 -0.000118 
2614.115000 -0.000122 
2613.183000 -0.000094 
2612.251000 -0.000022 
2611.319000 0.000109 
2610.387000 0.000128 
2609.455000 0.000140 
2608.523000 0.000169 
2607.591000 0.000262 
2606.659000 0.000347 
2605.727000 0.000410 
2604.795000 0.000510 
2603.864000 0.000608 
2602.931000 0.000653 
2602.000000 0.000620 
2601.068000 0.000605 
2600.136000 0.000582 
2599.204000 0.000605 
2598.272000 0.000649 
2597.340000 0.000739 
2596.408000 0.000816 
2595.476000 0.000838 
2594.544000 0.000826 
2593.612000 0.000764 
2592.680000 0.000727 
2591.748000 0.000683 
2590.816000 0.000676 
2589.884000 0.000710 
2588.952000 0.000825 
2588.020000 0.000866 
2587.088000 0.000920 
2586.156000 0.000933 
2585.224000 0.001000 
2584.292000 0.000984 
2583.361000 0.000916 
2582.429000 0.000843 
2581.497000 0.000808 
2580.565000 0.000722 
2579.633000 0.000605 
2578.701000 0.000525 
2577.769000 0.000553 
2576.837000 0.000617 
2575.905000 0.000653 
2574.973000 0.000731 
2574.041000 0.000802 
2573.109000 0.000866 
2572.177000 0.000852 
2571.245000 0.000830 
2570.313000 0.000830 
2569.381000 0.000856 
2568.449000 0.000886 
2567.517000 0.000912 
2566.585000 0.000971 
2565.654000 0.001010 
2564.722000 0.001020 
2563.790000 0.001000 
2562.858000 0.001090 
2561.926000 0.001150 
2560.994000 0.001210 
2560.062000 0.001230 
2559.130000 0.001300 
2558.198000 0.001350 
2557.266000 0.001390 
2556.334000 0.001360 
2555.402000 0.001380 
2554.470000 0.001440 
2553.538000 0.001490 
2552.606000 0.001490 
2551.674000 0.001480 
2550.742000 0.001480 
2549.810000 0.001410 
2548.878000 0.001330 
2547.947000 0.001300 
2547.015000 0.001280 
2546.083000 0.001220 
2545.151000 0.001210 
2544.219000 0.001240 
2543.287000 0.001300 
2542.355000 0.001340 
2541.423000 0.001380 
2540.491000 0.001430 
2539.559000 0.001520 
2538.627000 0.001610 
2537.695000 0.001620 
2536.763000 0.001610 
2535.831000 0.001580 
2534.899000 0.001520 
2533.967000 0.001380 
2533.035000 0.001310 
2532.104000 0.001270 
2531.171000 0.001280 
2530.240000 0.001270 
2529.308000 0.001300 
2528.375000 0.001330 
2527.444000 0.001340 
2526.512000 0.001280 
2525.580000 0.001230 
2524.648000 0.001260 
2523.716000 0.001320 
2522.784000 0.001350 
2521.852000 0.001360 
2520.920000 0.001350 
2519.988000 0.001280 
2519.056000 0.001190 
2518.124000 0.001120 
2517.192000 0.001110 
2516.260000 0.001140 
2515.328000 0.001210 
2514.396000 0.001290 
2513.464000 0.001350 
2512.532000 0.001350 
2511.601000 0.001260 
2510.669000 0.001160 
2509.737000 0.001050 
2508.805000 0.001000 
2507.873000 0.000942 
2506.941000 0.000928 
2506.009000 0.000938 
2505.077000 0.000980 
2504.145000 0.000990 
2503.213000 0.001050 
2502.281000 0.001160 
2501.349000 0.001330 
2500.417000 0.001530 
2499.485000 0.001830 
2498.553000 0.002230 
2497.621000 0.002670 
2496.689000 0.003100 
2495.757000 0.003560 
2494.825000 0.004090 
2493.894000 0.004640 
2492.962000 0.005190 
2492.030000 0.005740 
2491.098000 0.006350 
2490.166000 0.006970 
2489.234000 0.007550 
2488.302000 0.008140 
2487.370000 0.008770 
2486.438000 0.009420 
2485.506000 0.010040 
2484.574000 0.010690 
2483.642000 0.011430 
2482.710000 0.012220 
2481.778000 0.013020 
2480.846000 0.013860 
2479.914000 0.014810 
2478.982000 0.015930 
2478.050000 0.017120 
2477.118000 0.018400 
2476.187000 0.019830 
2475.255000 0.021490 
2474.323000 0.023270 
2473.391000 0.025190 
2472.459000 0.027330 
2471.527000 0.029740 
2470.595000 0.032330 
2469.663000 0.035050 
2468.731000 0.037930 
2467.799000 0.040910 
2466.867000 0.043820 
2465.935000 0.046470 
2465.003000 0.048780 
2464.071000 0.050640 
2463.139000 0.051890 
2462.207000 0.052340 
2461.275000 0.051900 
2460.344000 0.050550 
2459.411000 0.048330 
2458.479000 0.045280 
2457.548000 0.041570 
2456.615000 0.037440 
2455.684000 0.033090 
2454.752000 0.028680 
2453.820000 0.024430 
2452.888000 0.020510 
2451.956000 0.016970 
2451.024000 0.013870 
2450.092000 0.011300 
2449.160000 0.009310 
2448.228000 0.007800 
2447.296000 0.006690 
2446.364000 0.005890 
2445.432000 0.005370 
2444.500000 0.004990 
2443.568000 0.004730 
2442.636000 0.004530 
2441.704000 0.004420 
2440.772000 0.004350 
2439.841000 0.004250 
2438.909000 0.004110 
2437.977000 0.003970 
2437.045000 0.003770 
2436.113000 0.003480 
2435.181000 0.003160 
2434.249000 0.002890 
2433.317000 0.002670 
2432.385000 0.002410 
2431.453000 0.002180 
2430.521000 0.002000 
2429.589000 0.001840 
2428.657000 0.001650 
2427.725000 0.001500 
2426.793000 0.001400 
2425.861000 0.001350 
2424.929000 0.001370 
2423.997000 0.001400 
2423.065000 0.001440 
2422.134000 0.001450 
2421.202000 0.001380 
2420.270000 0.001260 
2419.338000 0.001180 
2418.406000 0.001120 
2417.474000 0.001060 
2416.542000 0.001010 
2415.610000 0.001040 
2414.678000 0.001040 
2413.746000 0.000990 
2412.814000 0.000911 
2411.882000 0.000882 
2410.950000 0.000906 
2410.018000 0.000923 
2409.086000 0.000921 
2408.154000 0.000915 
2407.222000 0.000924 
2406.290000 0.000846 
2405.358000 0.000725 
2404.427000 0.000655 
2403.495000 0.000696 
2402.563000 0.000719 
2401.631000 0.000721 
2400.699000 0.000736 
2399.767000 0.000790 
2398.835000 0.000747 
2397.903000 0.000633 
2396.971000 0.000574 
2396.039000 0.000626 
2395.107000 0.000686 
2394.175000 0.000698 
2393.243000 0.000706 
2392.311000 0.000726 
2391.379000 0.000731 
2390.447000 0.000642 
2389.515000 0.000554 
2388.583000 0.000538 
2387.651000 0.000587 
2386.719000 0.000606 
2385.788000 0.000617 
2384.855000 0.000649 
2383.924000 0.000664 
2382.992000 0.000607 
2382.060000 0.000529 
2381.128000 0.000523 
2380.196000 0.000574 
2379.264000 0.000668 
2378.332000 0.000733 
2377.400000 0.000863 
2376.468000 0.000955 
2375.536000 0.000968 
2374.604000 0.000877 
2373.672000 0.000840 
2372.740000 0.000801 
2371.808000 0.000771 
2370.876000 0.000690 
2369.944000 0.000649 
2369.012000 0.000661 
2368.081000 0.000680 
2367.149000 0.000672 
2366.217000 0.000634 
2365.285000 0.000596 
2364.353000 0.000575 
2363.421000 0.000557 
2362.489000 0.000516 
2361.557000 0.000434 
2360.625000 0.000293 
2359.693000 0.000158 
2358.761000 0.000041 
2357.829000 -0.000060 
2356.897000 -0.000235 
2355.965000 -0.000536 
2355.033000 -0.000715 
2354.101000 -0.000407 
2353.169000 0.001060 
2352.237000 0.004770 
2351.305000 0.012320 
2350.374000 0.024980 
2349.442000 0.043420 
2348.510000 0.066450 
2347.578000 0.090960 
2346.646000 0.112200 
2345.714000 0.125500 
2344.782000 0.127750 
2343.850000 0.118530 
2342.918000 0.099950 
2341.986000 0.076070 
2341.054000 0.051590 
2340.122000 0.030760 
2339.190000 0.015910 
2338.258000 0.007100 
2337.326000 0.002930 
2336.394000 0.001410 
2335.462000 0.001110 
2334.530000 0.001130 
2333.598000 0.001300 
2332.667000 0.001620 
2331.735000 0.002050 
2330.802000 0.002390 
2329.871000 0.002610 
2328.939000 0.002730 
2328.007000 0.002770 
2327.075000 0.002640 
2326.143000 0.002320 
2325.211000 0.001860 
2324.279000 0.001450 
2323.347000 0.001150 
2322.415000 0.000859 
2321.483000 0.000653 
2320.551000 0.000620 
2319.619000 0.000674 
2318.687000 0.000646 
2317.755000 0.000561 
2316.823000 0.000469 
2315.891000 0.000309 
2314.959000 0.000035 
2314.028000 -0.000306 
2313.095000 -0.000566 
2312.164000 -0.000722 
2311.232000 -0.000767 
2310.300000 -0.000829 
2309.368000 -0.000730 
2308.436000 -0.000608 
2307.504000 -0.000451 
2306.572000 -0.000326 
2305.640000 -0.000100 
2304.708000 0.000176 
2303.776000 0.000506 
2302.844000 0.000859 
2301.912000 0.001280 
2300.980000 0.001790 
2300.048000 0.002290 
2299.116000 0.002820 
2298.184000 0.003460 
2297.252000 0.004240 
2296.321000 0.005000 
2295.388000 0.005760 
2294.457000 0.006500 
2293.525000 0.007220 
2292.593000 0.007730 
2291.661000 0.008050 
2290.729000 0.008160 
2289.797000 0.008180 
2288.865000 0.007950 
2287.933000 0.007440 
2287.001000 0.006740 
2286.069000 0.005970 
2285.137000 0.005200 
2284.205000 0.004420 
2283.273000 0.003800 
2282.341000 0.003400 
2281.409000 0.003220 
2280.477000 0.003060 
2279.545000 0.002960 
2278.614000 0.002800 
2277.682000 0.002600 
2276.750000 0.002250 
2275.818000 0.001900 
2274.886000 0.001580 
2273.954000 0.001340 
2273.022000 0.001140 
2272.090000 0.000963 
2271.158000 0.000881 
2270.226000 0.000803 
2269.294000 0.000717 
2268.362000 0.000630 
2267.430000 0.000662 
2266.498000 0.000682 
2265.566000 0.000711 
2264.634000 0.000700 
2263.702000 0.000779 
2262.770000 0.000817 
2261.838000 0.000776 
2260.906000 0.000692 
2259.975000 0.000676 
2259.042000 0.000734 
2258.111000 0.000746 
2257.179000 0.000721 
2256.247000 0.000705 
2255.315000 0.000741 
2254.383000 0.000698 
2253.451000 0.000633 
2252.519000 0.000558 
2251.587000 0.000579 
2250.655000 0.000542 
2249.723000 0.000517 
2248.791000 0.000518 
2247.859000 0.000557 
2246.927000 0.000555 
2245.995000 0.000499 
2245.063000 0.000510 
2244.131000 0.000565 
2243.199000 0.000626 
2242.268000 0.000583 
2241.335000 0.000583 
2240.404000 0.000603 
2239.472000 0.000658 
2238.540000 0.000625 
2237.608000 0.000606 
2236.676000 0.000600 
2235.744000 0.000646 
2234.812000 0.000653 
2233.880000 0.000667 
2232.948000 0.000677 
2232.016000 0.000665 
2231.084000 0.000620 
2230.152000 0.000579 
2229.220000 0.000633 
2228.288000 0.000639 
2227.356000 0.000623 
2226.424000 0.000608 
2225.492000 0.000698 
2224.561000 0.000711 
2223.628000 0.000662 
2222.697000 0.000611 
2221.765000 0.000651 
2220.833000 0.000697 
2219.901000 0.000702 
2218.969000 0.000699 
2218.037000 0.000695 
2217.105000 0.000699 
2216.173000 0.000610 
2215.241000 0.000524 
2214.309000 0.000496 
2213.377000 0.000589 
2212.445000 0.000600 
2211.513000 0.000606 
2210.581000 0.000605 
2209.649000 0.000631 
2208.717000 0.000536 
2207.785000 0.000397 
2206.854000 0.000293 
2205.922000 0.000265 
2204.990000 0.000234 
2204.058000 0.000185 
2203.126000 0.000183 
2202.194000 0.000203 
2201.262000 0.000220 
2200.330000 0.000166 
2199.398000 0.000158 
2198.466000 0.000155 
2197.534000 0.000128 
2196.602000 0.000047 
2195.670000 0.000002 
2194.738000 -0.000022 
2193.806000 -0.000064 
2192.874000 -0.000144 
2191.942000 -0.000207 
2191.010000 -0.000198 
2190.078000 -0.000227 
2189.146000 -0.000273 
2188.215000 -0.000321 
2187.282000 -0.000279 
2186.351000 -0.000299 
2185.419000 -0.000317 
2184.487000 -0.000339 
2183.555000 -0.000305 
2182.623000 -0.000340 
2181.691000 -0.000412 
2180.759000 -0.000509 
2179.827000 -0.000565 
2178.895000 -0.000632 
2177.963000 -0.000715 
2177.031000 -0.000734 
2176.099000 -0.000673 
2175.167000 -0.000592 
2174.235000 -0.000597 
2173.303000 -0.000631 
2172.371000 -0.000658 
2171.439000 -0.000655 
2170.508000 -0.000732 
2169.575000 -0.000780 
2168.644000 -0.000732 
2167.712000 -0.000627 
2166.780000 -0.000564 
2165.848000 -0.000513 
2164.916000 -0.000421 
2163.984000 -0.000373 
2163.052000 -0.000378 
2162.120000 -0.000401 
2161.188000 -0.000342 
2160.256000 -0.000294 
2159.324000 -0.000269 
2158.392000 -0.000272 
2157.460000 -0.000201 
2156.528000 -0.000171 
2155.596000 -0.000207 
2154.664000 -0.000299 
2153.732000 -0.000306 
2152.801000 -0.000294 
2151.868000 -0.000348 
2150.937000 -0.000432 
2150.005000 -0.000426 
2149.073000 -0.000345 
2148.141000 -0.000342 
2147.209000 -0.000379 
2146.277000 -0.000367 
2145.345000 -0.000254 
2144.413000 -0.000201 
2143.481000 -0.000235 
2142.549000 -0.000285 
2141.617000 -0.000287 
2140.685000 -0.000319 
2139.753000 -0.000365 
2138.821000 -0.000332 
2137.889000 -0.000231 
2136.957000 -0.000155 
2136.025000 -0.000159 
2135.094000 -0.000155 
2134.162000 -0.000147 
2133.229000 -0.000181 
2132.298000 -0.000322 
2131.366000 -0.000396 
2130.434000 -0.000363 
2129.502000 -0.000308 
2128.570000 -0.000365 
2127.638000 -0.000404 
2126.706000 -0.000392 
2125.774000 -0.000383 
2124.842000 -0.000448 
2123.910000 -0.000492 
2122.978000 -0.000437 
2122.046000 -0.000382 
2121.114000 -0.000408 
2120.182000 -0.000466 
2119.250000 -0.000451 
2118.318000 -0.000440 
2117.386000 -0.000465 
2116.455000 -0.000474 
2115.522000 -0.000376 
2114.591000 -0.000275 
2113.659000 -0.000258 
2112.727000 -0.000301 
2111.795000 -0.000304 
2110.863000 -0.000281 
2109.931000 -0.000331 
2108.999000 -0.000397 
2108.067000 -0.000356 
2107.135000 -0.000242 
2106.203000 -0.000203 
2105.271000 -0.000216 
2104.339000 -0.000209 
2103.407000 -0.000134 
2102.475000 -0.000120 
2101.543000 -0.000132 
2100.611000 -0.000105 
2099.679000 -0.000021 
2098.748000 -0.000009 
2097.815000 -0.000082 
2096.884000 -0.000118 
2095.952000 -0.000083 
2095.020000 -0.000096 
2094.088000 -0.000159 
2093.156000 -0.000153 
2092.224000 -0.000077 
2091.292000 -0.000026 
2090.360000 -0.000066 
2089.428000 -0.000099 
2088.496000 -0.000084 
2087.564000 -0.000055 
2086.632000 -0.000046 
2085.700000 0.000017 
2084.768000 0.000107 
2083.836000 0.000149 
2082.904000 0.000114 
2081.972000 0.000083 
2081.041000 0.000093 
2080.108000 0.000050 
2079.177000 -0.000038 
2078.245000 -0.000058 
2077.313000 0.000036 
2076.381000 0.000091 
2075.449000 0.000041 
2074.517000 -0.000004 
2073.585000 0.000041 
2072.653000 0.000033 
2071.721000 -0.000042 
2070.789000 -0.000072 
2069.857000 0.000013 
2068.925000 0.000083 
2067.993000 0.000058 
2067.061000 0.000020 
2066.129000 0.000086 
2065.197000 0.000187 
2064.265000 0.000169 
2063.333000 0.000105 
2062.401000 0.000141 
2061.469000 0.000231 
2060.538000 0.000185 
2059.606000 0.000061 
2058.674000 0.000008 
2057.742000 0.000030 
2056.810000 -0.000004 
2055.878000 -0.000047 
2054.946000 0.000005 
2054.014000 0.000098 
2053.082000 0.000090 
2052.150000 0.000019 
2051.218000 0.000003 
2050.286000 0.000019 
2049.354000 -0.000027 
2048.422000 -0.000104 
2047.490000 -0.000046 
2046.558000 0.000112 
2045.626000 0.000201 
2044.694000 0.000130 
2043.763000 0.000051 
2042.831000 0.000034 
2041.899000 0.000013 
2040.967000 -0.000056 
2040.035000 -0.000035 
2039.103000 0.000083 
2038.171000 0.000163 
2037.239000 0.000152 
2036.307000 0.000144 
2035.375000 0.000158 
2034.443000 0.000091 
2033.511000 -0.000017 
2032.579000 -0.000064 
2031.647000 -0.000006 
2030.715000 0.000021 
2029.783000 -0.000052 
2028.851000 -0.000133 
2027.919000 -0.000073 
2026.987000 0.000011 
2026.056000 0.000011 
2025.124000 0.000004 
2024.192000 0.000099 
2023.260000 0.000171 
2022.328000 0.000156 
2021.396000 0.000152 
2020.464000 0.000179 
2019.532000 0.000201 
2018.600000 0.000159 
2017.668000 0.000133 
2016.736000 0.000153 
2015.804000 0.000140 
2014.872000 0.000010 
2013.940000 -0.000104 
2013.008000 -0.000091 
2012.076000 -0.000044 
2011.144000 -0.000098 
2010.212000 -0.000154 
2009.280000 -0.000055 
2008.349000 0.000092 
2007.417000 0.000105 
2006.485000 0.000008 
2005.553000 -0.000013 
2004.621000 -0.000027 
2003.689000 -0.000107 
2002.757000 -0.000217 
2001.825000 -0.000209 
2000.893000 -0.000170 
1999.961000 -0.000170 
1999.029000 -0.000239 
1998.097000 -0.000171 
1997.165000 0.000079 
1996.233000 0.000226 
1995.301000 0.000183 
1994.369000 0.000194 
1993.437000 0.000295 
1992.505000 0.000239 
1991.573000 0.000034 
1990.641000 -0.000115 
1989.709000 -0.000134 
1988.778000 -0.000108 
1987.846000 -0.000048 
1986.914000 0.000011 
1985.982000 0.000095 
1985.050000 0.000123 
1984.118000 0.000069 
1983.186000 0.000023 
1982.254000 0.000070 
1981.322000 0.000109 
1980.390000 0.000039 
1979.458000 0.000009 
1978.526000 0.000068 
1977.594000 0.000092 
1976.662000 -0.000022 
1975.730000 -0.000076 
1974.798000 -0.000050 
1973.866000 -0.000031 
1972.934000 -0.000027 
1972.003000 0.000078 
1971.071000 0.000243 
1970.139000 0.000352 
1969.207000 0.000294 
1968.275000 0.000207 
1967.343000 0.000236 
1966.411000 0.000268 
1965.479000 0.000147 
1964.547000 0.000053 
1963.615000 0.000198 
1962.683000 0.000321 
1961.751000 0.000225 
1960.819000 0.000079 
1959.887000 0.000128 
1958.955000 0.000237 
1958.023000 0.000240 
1957.091000 0.000204 
1956.159000 0.000254 
1955.227000 0.000353 
1954.296000 0.000337 
1953.364000 0.000243 
1952.432000 0.000209 
1951.500000 0.000253 
1950.568000 0.000184 
1949.636000 0.000030 
1948.704000 0.000043 
1947.772000 0.000382 
1946.840000 0.000527 
1945.908000 0.000479 
1944.976000 0.000489 
1944.044000 0.000564 
1943.112000 0.000465 
1942.180000 0.000202 
1941.248000 0.000000 
1940.316000 -0.000077 
1939.384000 -0.000081 
1938.452000 0.000018 
1937.520000 0.000096 
1936.589000 0.000200 
1935.656000 0.000245 
1934.725000 0.000144 
1933.793000 0.000095 
1932.861000 0.000182 
1931.929000 0.000259 
1930.997000 0.000235 
1930.065000 0.000220 
1929.133000 0.000344 
1928.201000 0.000528 
1927.269000 0.000601 
1926.337000 0.000576 
1925.405000 0.000561 
1924.473000 0.000364 
1923.541000 0.000278 
1922.609000 0.000371 
1921.677000 0.000477 
1920.745000 0.000434 
1919.813000 0.000263 
1918.881000 0.000175 
1917.949000 0.000176 
1917.018000 0.000024 
1916.086000 -0.000295 
1915.154000 -0.000452 
1914.222000 -0.000141 
1913.290000 0.000248 
1912.358000 0.000303 
1911.426000 0.000287 
1910.494000 0.000345 
1909.562000 0.000393 
1908.630000 0.000212 
1907.698000 -0.000045 
1906.766000 -0.000099 
1905.834000 0.000020 
1904.902000 -0.000023 
1903.970000 -0.000092 
1903.038000 0.000011 
1902.106000 0.000129 
1901.174000 0.000111 
1900.242000 0.000101 
1899.311000 0.000184 
1898.379000 0.000314 
1897.447000 0.000363 
1896.515000 0.000188 
1895.583000 0.000135 
1894.651000 0.000330 
1893.719000 0.000393 
1892.787000 0.000236 
1891.855000 0.000198 
1890.923000 0.000297 
1889.991000 0.000236 
1889.059000 0.000069 
1888.127000 0.000003 
1887.195000 -0.000025 
1886.263000 -0.000072 
1885.331000 -0.000115 
1884.399000 -0.000191 
1883.467000 -0.000140 
1882.536000 -0.000138 
1881.604000 -0.000209 
1880.672000 -0.000133 
1879.740000 0.000087 
1878.808000 0.000173 
1877.876000 0.000037 
1876.944000 -0.000103 
1876.012000 -0.000170 
1875.080000 -0.000170 
1874.148000 -0.000045 
1873.216000 0.000200 
1872.284000 0.000558 
1871.352000 0.000770 
1870.420000 0.000582 
1869.488000 0.000294 
1868.556000 0.000088 
1867.624000 -0.000145 
1866.692000 -0.000462 
1865.760000 -0.000481 
1864.828000 -0.000088 
1863.896000 0.000264 
1862.965000 0.000334 
1862.033000 0.000266 
1861.101000 0.000307 
1860.169000 0.000362 
1859.237000 0.000239 
1858.305000 0.000078 
1857.373000 0.000176 
1856.441000 0.000287 
1855.509000 0.000202 
1854.577000 0.000034 
1853.645000 0.000086 
1852.713000 0.000281 
1851.781000 0.000276 
1850.849000 0.000123 
1849.917000 0.000557 
1848.985000 0.001530 
1848.053000 0.001870 
1847.121000 0.001750 
1846.189000 0.001540 
1845.258000 0.001290 
1844.326000 0.000843 
1843.394000 0.000247 
1842.462000 -0.000205 
1841.530000 -0.000309 
1840.598000 -0.000025 
1839.666000 0.000299 
1838.734000 0.000243 
1837.802000 0.000312 
1836.870000 0.000096 
1835.938000 -0.000248 
1835.006000 0.000011 
1834.074000 0.000510 
1833.142000 0.000773 
1832.210000 0.000639 
1831.278000 0.000443 
1830.346000 0.000707 
1829.414000 0.000804 
1828.482000 0.000413 
1827.551000 -0.000102 
1826.619000 -0.000300 
1825.687000 -0.000131 
1824.755000 -0.000290 
1823.823000 -0.000584 
1822.891000 -0.000624 
1821.959000 -0.000492 
1821.027000 -0.000223 
1820.095000 -0.000143 
1819.163000 -0.000064 
1818.231000 -0.000054 
1817.299000 -0.000286 
1816.367000 -0.000423 
1815.435000 -0.000157 
1814.503000 0.000063 
1813.571000 0.000077 
1812.639000 0.000103 
1811.707000 0.000229 
1810.776000 0.000296 
1809.844000 0.000077 
1808.912000 -0.000275 
1807.980000 -0.000309 
1807.048000 -0.000006 
1806.116000 0.000175 
1805.184000 0.000244 
1804.252000 0.000577 
1803.320000 0.000780 
1802.388000 0.000550 
1801.456000 0.000247 
1800.524000 0.000095 
1799.592000 -0.000162 
1798.660000 -0.000456 
1797.728000 -0.000174 
1796.796000 0.000347 
1795.864000 0.000915 
1794.932000 0.001140 
1794.000000 0.000736 
1793.068000 0.000416 
1792.136000 0.000230 
1791.205000 -0.000208 
1790.273000 -0.000736 
1789.341000 -0.000684 
1788.409000 -0.000108 
1787.477000 0.000143 
1786.545000 0.000064 
1785.613000 0.000242 
1784.681000 0.000418 
1783.749000 0.000380 
1782.817000 0.000005 
1781.885000 -0.000223 
1780.953000 0.000044 
1780.021000 0.000167 
1779.089000 -0.000345 
1778.157000 -0.000328 
1777.225000 0.000604 
1776.293000 0.001420 
1775.361000 0.001380 
1774.429000 0.000938 
1773.498000 0.000863 
1772.566000 0.000818 
1771.634000 0.000347 
1770.702000 -0.000269 
1769.770000 -0.000706 
1768.838000 -0.000630 
1767.906000 -0.000386 
1766.974000 0.000049 
1766.042000 0.000430 
1765.110000 0.000472 
1764.178000 0.000533 
1763.246000 0.000452 
1762.314000 0.000492 
1761.382000 0.000706 
1760.450000 0.000380 
1759.518000 -0.000211 
1758.586000 -0.000469 
1757.654000 -0.000229 
1756.722000 -0.000045 
1755.791000 0.000316 
1754.859000 0.000713 
1753.927000 0.001250 
1752.995000 0.001710 
1752.063000 0.001900 
1751.131000 0.001770 
1750.199000 0.001320 
1749.267000 0.000521 
1748.335000 0.000003 
1747.403000 0.000182 
1746.471000 0.000480 
1745.539000 0.000357 
1744.607000 0.000691 
1743.675000 0.000968 
1742.743000 0.001020 
1741.811000 0.000639 
1740.879000 -0.000171 
1739.947000 -0.000083 
1739.016000 0.001400 
1738.083000 0.002370 
1737.151000 0.002370 
1736.220000 0.002330 
1735.288000 0.002680 
1734.356000 0.002350 
1733.424000 0.001320 
1732.492000 0.000219 
1731.560000 -0.000554 
1730.628000 -0.000531 
1729.696000 0.000049 
1728.764000 0.000356 
1727.832000 0.000469 
1726.900000 0.000359 
1725.968000 0.000217 
1725.036000 0.000072 
1724.104000 0.000185 
1723.172000 0.000818 
1722.240000 0.001440 
1721.308000 0.001640 
1720.376000 0.001900 
1719.445000 0.002170 
1718.513000 0.001830 
1717.581000 0.001100 
1716.649000 0.000408 
1715.717000 -0.000231 
1714.785000 -0.000604 
1713.853000 -0.000424 
1712.921000 -0.000073 
1711.989000 0.000019 
1711.057000 0.000182 
1710.125000 0.000603 
1709.193000 0.001080 
1708.261000 0.001130 
1707.329000 0.000484 
1706.397000 -0.000045 
1705.465000 0.001420 
1704.533000 0.002840 
1703.601000 0.003060 
1702.669000 0.002750 
1701.738000 0.002850 
1700.806000 0.003580 
1699.874000 0.003470 
1698.942000 0.002140 
1698.010000 0.000589 
1697.078000 -0.000185 
1696.146000 0.000351 
1695.214000 0.000241 
1694.282000 -0.000103 
1693.350000 -0.000021 
1692.418000 0.000411 
1691.486000 0.000925 
1690.554000 0.001220 
1689.622000 0.002160 
1688.690000 0.003100 
1687.758000 0.003240 
1686.826000 0.002800 
1685.894000 0.002420 
1684.962000 0.001980 
1684.031000 0.001190 
1683.099000 0.000241 
1682.167000 -0.000666 
1681.235000 -0.000942 
1680.303000 0.000187 
1679.371000 0.001270 
1678.439000 0.001430 
1677.507000 0.001020 
1676.575000 0.000583 
1675.643000 0.000348 
1674.711000 0.000507 
1673.779000 0.000703 
1672.847000 0.000340 
1671.915000 0.000084 
1670.983000 0.000515 
1670.051000 0.000383 
1669.119000 -0.000435 
1668.187000 -0.000616 
1667.255000 -0.000139 
1666.323000 0.000144 
1665.391000 0.000375 
1664.460000 0.000566 
1663.528000 0.000507 
1662.596000 0.000214 
1661.664000 -0.000402 
1660.732000 -0.001080 
1659.800000 -0.001140 
1658.868000 -0.000326 
1657.936000 0.001460 
1657.004000 0.002430 
1656.072000 0.002510 
1655.140000 0.001990 
1654.208000 0.000926 
1653.276000 -0.000067 
1652.344000 -0.000582 
1651.412000 -0.000615 
1650.480000 -0.000436 
1649.548000 -0.000096 
1648.616000 0.000982 
1647.685000 0.001040 
1646.753000 0.000053 
1645.821000 -0.000981 
1644.889000 -0.001530 
1643.957000 -0.001590 
1643.025000 -0.001380 
1642.093000 -0.000984 
1641.161000 -0.000086 
1640.229000 0.001070 
1639.297000 0.001350 
1638.365000 0.000875 
1637.433000 0.000318 
1636.501000 -0.000163 
1635.569000 -0.000943 
1634.637000 -0.001930 
1633.705000 -0.002240 
1632.773000 -0.001790 
1631.841000 -0.001020 
1630.909000 -0.000339 
1629.978000 -0.000269 
1629.046000 -0.000039 
1628.114000 0.000214 
1627.182000 0.000051 
1626.250000 -0.000125 
1625.318000 -0.000044 
1624.386000 0.000089 
1623.454000 -0.000117 
1622.522000 -0.000058 
1621.590000 0.000849 
1620.658000 0.001390 
1619.726000 0.001610 
1618.794000 0.001740 
1617.862000 0.001800 
1616.930000 0.001620 
1615.998000 0.001110 
1615.066000 0.000778 
1614.134000 0.000906 
1613.202000 0.001530 
1612.271000 0.002280 
1611.339000 0.002480 
1610.407000 0.002660 
1609.475000 0.002670 
1608.543000 0.002410 
1607.611000 0.002180 
1606.679000 0.002250 
1605.747000 0.002440 
1604.815000 0.002310 
1603.883000 0.002050 
1602.951000 0.002060 
1602.019000 0.002080 
1601.087000 0.001720 
1600.155000 0.001370 
1599.223000 0.001440 
1598.291000 0.001530 
1597.359000 0.001290 
1596.427000 0.000995 
1595.495000 0.000992 
1594.563000 0.001080 
1593.631000 0.000855 
1592.700000 0.000508 
1591.768000 0.000471 
1590.836000 0.000668 
1589.904000 0.000619 
1588.972000 0.000344 
1588.040000 0.000329 
1587.108000 0.000476 
1586.176000 0.000318 
1585.244000 -0.000024 
1584.312000 -0.000103 
1583.380000 -0.000007 
1582.448000 -0.000250 
1581.516000 -0.000077 
1580.584000 0.000555 
1579.652000 0.000954 
1578.720000 0.000924 
1577.788000 0.000487 
1576.856000 0.000080 
1575.925000 -0.000075 
1574.993000 -0.000070 
1574.061000 -0.000226 
1573.129000 -0.000420 
1572.197000 0.000136 
1571.265000 0.000389 
1570.333000 0.000043 
1569.401000 -0.000017 
1568.469000 0.000027 
1567.537000 -0.000182 
1566.605000 -0.000706 
1565.673000 -0.000347 
1564.741000 0.000805 
1563.809000 0.001500 
1562.877000 0.001910 
1561.945000 0.001480 
1561.013000 0.000898 
1560.081000 0.000399 
1559.149000 -0.000189 
1558.218000 -0.001030 
1557.286000 -0.001590 
1556.354000 -0.001460 
1555.422000 -0.000799 
1554.490000 -0.000017 
1553.558000 0.000771 
1552.626000 0.000620 
1551.694000 0.000020 
1550.762000 0.000012 
1549.830000 0.000779 
1548.898000 0.000879 
1547.966000 0.000594 
1547.034000 0.000627 
1546.102000 0.001120 
1545.170000 0.001790 
1544.238000 0.002250 
1543.306000 0.002380 
1542.374000 0.002230 
1541.442000 0.002270 
1540.510000 0.001980 
1539.578000 0.001290 
1538.647000 0.001530 
1537.715000 0.002080 
1536.783000 0.002190 
1535.851000 0.002350 
1534.919000 0.002820 
1533.987000 0.002990 
1533.055000 0.002520 
1532.123000 0.001940 
1531.191000 0.001810 
1530.259000 0.002430 
1529.327000 0.002930 
1528.395000 0.002830 
1527.463000 0.003110 
1526.531000 0.003670 
1525.599000 0.004100 
1524.667000 0.003990 
1523.735000 0.003590 
1522.803000 0.003570 
1521.871000 0.003820 
1520.940000 0.003810 
1520.008000 0.003610 
1519.076000 0.003560 
1518.144000 0.003530 
1517.212000 0.003600 
1516.280000 0.003720 
1515.348000 0.003610 
1514.416000 0.003260 
1513.484000 0.003000 
1512.552000 0.003590 
1511.620000 0.004930 
1510.688000 0.006200 
1509.756000 0.006480 
1508.824000 0.006110 
1507.892000 0.005830 
1506.960000 0.005020 
1506.028000 0.003730 
1505.096000 0.002500 
1504.164000 0.002010 
1503.233000 0.002300 
1502.301000 0.002650 
1501.369000 0.003350 
1500.437000 0.003740 
1499.505000 0.003560 
1498.573000 0.003130 
1497.641000 0.002690 
1496.709000 0.002570 
1495.777000 0.002650 
1494.845000 0.002760 
1493.913000 0.002630 
1492.981000 0.002690 
1492.049000 0.003370 
1491.117000 0.003180 
1490.185000 0.002700 
1489.253000 0.002570 
1488.321000 0.002540 
1487.389000 0.002350 
1486.458000 0.002320 
1485.526000 0.002600 
1484.594000 0.002770 
1483.662000 0.002710 
1482.730000 0.002650 
1481.798000 0.002880 
1480.866000 0.003370 
1479.934000 0.003260 
1479.002000 0.003040 
1478.070000 0.003380 
1477.138000 0.004100 
1476.206000 0.004350 
1475.274000 0.003960 
1474.342000 0.003680 
1473.410000 0.003610 
1472.478000 0.003490 
1471.546000 0.003150 
1470.614000 0.002980 
1469.682000 0.003630 
1468.750000 0.004080 
1467.818000 0.004240 
1466.887000 0.004370 
1465.955000 0.004470 
1465.023000 0.004290 
1464.091000 0.003900 
1463.159000 0.003980 
1462.227000 0.004720 
1461.295000 0.005600 
1460.363000 0.005860 
1459.431000 0.005610 
1458.499000 0.005420 
1457.567000 0.005150 
1456.635000 0.004600 
1455.703000 0.004180 
1454.771000 0.004250 
1453.839000 0.004650 
1452.907000 0.005240 
1451.975000 0.005840 
1451.043000 0.006220 
1450.111000 0.006500 
1449.180000 0.006470 
1448.248000 0.006610 
1447.316000 0.007040 
1446.384000 0.007250 
1445.452000 0.007100 
1444.520000 0.007010 
1443.588000 0.007360 
1442.656000 0.007550 
1441.724000 0.007810 
1440.792000 0.008210 
1439.860000 0.008540 
1438.928000 0.008840 
1437.996000 0.008810 
1437.064000 0.008680 
1436.132000 0.008840 
1435.200000 0.009150 
1434.268000 0.009130 
1433.336000 0.009070 
1432.404000 0.009670 
1431.473000 0.010120 
1430.541000 0.009830 
1429.609000 0.009730 
1428.677000 0.010150 
1427.745000 0.010650 
1426.813000 0.010720 
1425.881000 0.010730 
1424.949000 0.011160 
1424.017000 0.011890 
1423.085000 0.011910 
1422.153000 0.011640 
1421.221000 0.011550 
1420.289000 0.011700 
1419.357000 0.011720 
1418.425000 0.011470 
1417.493000 0.011510 
1416.561000 0.011870 
1415.629000 0.012290 
1414.698000 0.012610 
1413.766000 0.012770 
1412.834000 0.013110 
1411.902000 0.013130 
1410.970000 0.012920 
1410.038000 0.013210 
1409.106000 0.013680 
1408.174000 0.013800 
1407.242000 0.013650 
1406.310000 0.013650 
1405.378000 0.013890 
1404.446000 0.013930 
1403.514000 0.013850 
1402.582000 0.013890 
1401.650000 0.014270 
1400.718000 0.014570 
1399.786000 0.014610 
1398.854000 0.014800 
1397.922000 0.015170 
1396.990000 0.015210 
1396.058000 0.014920 
1395.127000 0.014820 
1394.195000 0.015130 
1393.263000 0.015110 
1392.331000 0.014900 
1391.399000 0.014970 
1390.467000 0.015430 
1389.535000 0.015780 
1388.603000 0.015590 
1387.671000 0.015560 
1386.739000 0.015850 
1385.807000 0.015980 
1384.875000 0.015710 
1383.943000 0.015620 
1383.011000 0.016080 
1382.079000 0.016420 
1381.147000 0.016220 
1380.215000 0.016190 
1379.283000 0.016750 
1378.351000 0.017320 
1377.420000 0.017300 
1376.488000 0.017140 
1375.556000 0.017370 
1374.624000 0.017620 
1373.692000 0.017540 
1372.760000 0.017450 
1371.828000 0.017800 
1370.896000 0.018350 
1369.964000 0.018620 
1369.032000 0.018790 
1368.100000 0.019570 
1367.168000 0.020450 
1366.236000 0.020890 
1365.304000 0.021230 
1364.372000 0.021990 
1363.440000 0.022970 
1362.508000 0.023610 
1361.576000 0.024280 
1360.644000 0.025670 
1359.713000 0.027710 
1358.781000 0.030010 
1357.849000 0.032640 
1356.917000 0.036450 
1355.985000 0.041290 
1355.053000 0.046170 
1354.121000 0.051360 
1353.189000 0.061710 
1352.257000 0.086820 
1351.325000 0.138140 
1350.393000 0.224140 
1349.461000 0.347010 
1348.529000 0.500530 
1347.597000 0.673540 
1346.665000 0.853370 
1345.733000 1.028140 
1344.801000 1.187730 
1343.869000 1.327640 
1342.938000 1.450140 
1342.005000 1.561380 
1341.073000 1.664790 
1340.142000 1.760730 
1339.210000 1.844650 
1338.278000 1.916730 
1337.346000 1.979540 
1336.414000 2.034100 
1335.482000 2.077140 
1334.550000 2.113730 
1333.618000 2.146630 
1332.686000 2.172980 
1331.754000 2.188650 
1330.822000 2.192990 
1329.890000 2.187140 
1328.958000 2.176380 
1328.026000 2.160100 
1327.094000 2.136430 
1326.162000 2.103770 
1325.230000 2.068150 
1324.298000 2.030320 
1323.367000 1.984380 
1322.435000 1.925690 
1321.503000 1.852700 
1320.571000 1.764660 
1319.639000 1.659970 
1318.707000 1.534160 
1317.775000 1.387820 
1316.843000 1.224940 
1315.911000 1.054560 
1314.979000 0.889410 
1314.047000 0.738690 
1313.115000 0.609620 
1312.183000 0.506460 
1311.251000 0.428460 
1310.319000 0.371390 
1309.387000 0.328480 
1308.455000 0.293490 
1307.523000 0.261260 
1306.591000 0.229200 
1305.660000 0.196790 
1304.728000 0.164940 
1303.796000 0.135150 
1302.864000 0.108620 
1301.932000 0.085630 
1301.000000 0.066410 
1300.068000 0.051260 
1299.136000 0.040120 
1298.204000 0.031880 
1297.272000 0.025570 
1296.340000 0.020990 
1295.408000 0.018010 
1294.476000 0.015850 
1293.544000 0.013880 
1292.612000 0.012220 
1291.680000 0.011130 
1290.748000 0.010250 
1289.816000 0.009130 
1288.884000 0.007980 
1287.953000 0.007170 
1287.021000 0.006560 
1286.089000 0.005750 
1285.157000 0.004930 
1284.225000 0.004490 
1283.293000 0.004290 
1282.361000 0.003860 
1281.429000 0.003300 
1280.497000 0.003000 
1279.565000 0.002850 
1278.633000 0.002490 
1277.701000 0.002010 
1276.769000 0.001820 
1275.837000 0.001780 
1274.905000 0.001560 
1273.973000 0.001200 
1273.041000 0.001050 
1272.109000 0.001010 
1271.177000 0.000825 
1270.245000 0.000519 
1269.313000 0.000435 
1268.382000 0.000525 
1267.450000 0.000426 
1266.518000 0.000135 
1265.586000 0.000011 
1264.654000 0.000057 
1263.722000 -0.000060 
1262.790000 -0.000304 
1261.858000 -0.000351 
1260.926000 -0.000221 
1259.994000 -0.000259 
1259.062000 -0.000451 
1258.130000 -0.000523 
1257.198000 -0.000469 
1256.266000 -0.000539 
1255.334000 -0.000755 
1254.402000 -0.000785 
1253.470000 -0.000627 
1252.538000 -0.000570 
1251.607000 -0.000693 
1250.675000 -0.000645 
1249.743000 -0.000444 
1248.811000 -0.000391 
1247.879000 -0.000563 
1246.947000 -0.000584 
1246.015000 -0.000454 
1245.083000 -0.000453 
1244.151000 -0.000637 
1243.219000 -0.000665 
1242.287000 -0.000496 
1241.355000 -0.000427 
1240.423000 -0.000558 
1239.491000 -0.000588 
1238.559000 -0.000407 
1237.627000 -0.000337 
1236.695000 -0.000458 
1235.763000 -0.000485 
1234.831000 -0.000284 
1233.900000 -0.000204 
1232.968000 -0.000325 
1232.036000 -0.000362 
1231.104000 -0.000182 
1230.172000 -0.000104 
1229.240000 -0.000256 
1228.308000 -0.000320 
1227.376000 -0.000185 
1226.444000 -0.000125 
1225.512000 -0.000328 
1224.580000 -0.000443 
1223.648000 -0.000331 
1222.716000 -0.000230 
1221.784000 -0.000390 
1220.852000 -0.000452 
1219.920000 -0.000283 
1218.988000 -0.000117 
1218.056000 -0.000254 
1217.124000 -0.000340 
1216.193000 -0.000207 
1215.260000 -0.000115 
1214.329000 -0.000308 
1213.397000 -0.000473 
1212.465000 -0.000368 
1211.533000 -0.000248 
1210.601000 -0.000340 
1209.669000 -0.000428 
1208.737000 -0.000264 
1207.805000 -0.000134 
1206.873000 -0.000271 
1205.941000 -0.000466 
1205.009000 -0.000378 
1204.077000 -0.000276 
1203.145000 -0.000420 
1202.213000 -0.000588 
1201.281000 -0.000457 
1200.349000 -0.000288 
1199.417000 -0.000408 
1198.485000 -0.000567 
1197.553000 -0.000480 
1196.622000 -0.000336 
1195.690000 -0.000509 
1194.758000 -0.000696 
1193.826000 -0.000617 
1192.894000 -0.000411 
1191.962000 -0.000548 
1191.030000 -0.000743 
1190.098000 -0.000654 
1189.166000 -0.000415 
1188.234000 -0.000543 
1187.302000 -0.000777 
1186.370000 -0.000696 
1185.438000 -0.000425 
1184.506000 -0.000456 
1183.574000 -0.000665 
1182.642000 -0.000604 
1181.710000 -0.000376 
1180.778000 -0.000409 
1179.847000 -0.000633 
1178.915000 -0.000534 
1177.983000 -0.000237 
1177.051000 -0.000199 
1176.119000 -0.000400 
1175.187000 -0.000298 
1174.255000 0.000000 
1173.323000 -0.000015 
1172.391000 -0.000299 
1171.459000 -0.000297 
1170.527000 -0.000013 
1169.595000 -0.000016 
1168.663000 -0.000288 
1167.731000 -0.000335 
1166.799000 -0.000068 
1165.867000 -0.000150 
1164.935000 -0.000593 
1164.003000 -0.001080 
1163.071000 -0.001930 
1162.140000 -0.004720 
1161.208000 -0.009800 
1160.276000 -0.013520 
1159.344000 -0.007120 
1158.412000 0.020310 
1157.480000 0.080210 
1156.548000 0.179670 
1155.616000 0.317940 
1154.684000 0.485250 
1153.752000 0.666780 
1152.820000 0.844700 
1151.888000 0.999890 
1150.956000 1.115240 
1150.024000 1.177810 
1149.092000 1.180180 
1148.160000 1.120390 
1147.228000 1.002760 
1146.296000 0.840680 
1145.364000 0.656730 
1144.432000 0.476690 
1143.500000 0.320910 
1142.569000 0.201000 
1141.637000 0.120330 
1140.705000 0.073770 
1139.773000 0.050090 
1138.841000 0.036410 
1137.909000 0.024700 
1136.977000 0.013630 
1136.045000 0.005180 
1135.113000 0.000399 
1134.181000 -0.001480 
1133.249000 -0.001720 
1132.317000 -0.001560 
1131.385000 -0.001600 
1130.453000 -0.001760 
1129.521000 -0.001650 
1128.589000 -0.001310 
1127.657000 -0.000850 
1126.725000 -0.000074 
1125.793000 0.001260 
1124.862000 0.002840 
1123.930000 0.004090 
1122.998000 0.004950 
1122.066000 0.005530 
1121.134000 0.005650 
1120.202000 0.004920 
1119.270000 0.003710 
1118.338000 0.002620 
1117.406000 0.001840 
1116.474000 0.000991 
1115.542000 0.000304 
1114.610000 0.000129 
1113.678000 0.000308 
1112.746000 0.000270 
1111.814000 0.000084 
1110.882000 0.000176 
1109.950000 0.000452 
1109.018000 0.000482 
1108.086000 0.000293 
1107.155000 0.000398 
1106.223000 0.000724 
1105.291000 0.000840 
1104.359000 0.000646 
1103.427000 0.000730 
1102.495000 0.001040 
1101.563000 0.001110 
1100.631000 0.000878 
1099.699000 0.000913 
1098.767000 0.001230 
1097.835000 0.001310 
1096.903000 0.001070 
1095.971000 0.001050 
1095.039000 0.001380 
1094.107000 0.001470 
1093.175000 0.001220 
1092.243000 0.001140 
1091.311000 0.001460 
1090.380000 0.001570 
1089.448000 0.001340 
1088.516000 0.001250 
1087.584000 0.001600 
1086.652000 0.001760 
1085.720000 0.001540 
1084.788000 0.001450 
1083.856000 0.001800 
1082.924000 0.001980 
1081.992000 0.001710 
1081.060000 0.001570 
1080.128000 0.001860 
1079.196000 0.002090 
1078.264000 0.001850 
1077.332000 0.001710 
1076.400000 0.001980 
1075.468000 0.002240 
1074.536000 0.002020 
1073.604000 0.001870 
1072.672000 0.002140 
1071.740000 0.002420 
1070.809000 0.002210 
1069.877000 0.002020 
1068.945000 0.002250 
1068.013000 0.002490 
1067.081000 0.002260 
1066.149000 0.002020 
1065.217000 0.002280 
1064.285000 0.002590 
1063.353000 0.002470 
1062.421000 0.002240 
1061.489000 0.002490 
1060.557000 0.002780 
1059.625000 0.002590 
1058.693000 0.002280 
1057.761000 0.002510 
1056.829000 0.002850 
1055.897000 0.002750 
1054.965000 0.002520 
1054.033000 0.002780 
1053.102000 0.003150 
1052.170000 0.003000 
1051.238000 0.002660 
1050.306000 0.002760 
1049.374000 0.003100 
1048.442000 0.002970 
1047.510000 0.002650 
1046.578000 0.002780 
1045.646000 0.003190 
1044.714000 0.003100 
1043.782000 0.002750 
1042.850000 0.002830 
1041.918000 0.003250 
1040.986000 0.003190 
1040.054000 0.002830 
1039.122000 0.002930 
1038.190000 0.003390 
1037.258000 0.003390 
1036.326000 0.003020 
1035.395000 0.003040 
1034.463000 0.003420 
1033.531000 0.003420 
1032.599000 0.003030 
1031.667000 0.003050 
1030.735000 0.003460 
1029.803000 0.003540 
1028.871000 0.003170 
1027.939000 0.003170 
1027.007000 0.003540 
1026.075000 0.003550 
1025.143000 0.003090 
1024.211000 0.003010 
1023.279000 0.003410 
1022.347000 0.003480 
1021.415000 0.003090 
1020.483000 0.003000 
1019.551000 0.003410 
1018.619000 0.003500 
1017.688000 0.003130 
1016.756000 0.003030 
1015.824000 0.003480 
1014.892000 0.003630 
1013.960000 0.003260 
1013.028000 0.003110 
1012.096000 0.003510 
1011.164000 0.003610 
1010.232000 0.003170 
1009.300000 0.002950 
1008.368000 0.003350 
1007.436000 0.003550 
1006.504000 0.003190 
1005.572000 0.003010 
1004.640000 0.003460 
1003.708000 0.003750 
1002.776000 0.003400 
1001.844000 0.003190 
1000.912000 0.003560 
999.980500 0.003800 
999.048500 0.003400 
998.116600 0.003140 
997.184600 0.003470 
996.252700 0.003770 
995.320700 0.003430 
994.388800 0.003190 
993.456800 0.003590 
992.524900 0.003950 
991.593000 0.003610 
990.661000 0.003270 
989.729100 0.003580 
988.797100 0.003890 
987.865200 0.003530 
986.933200 0.003160 
986.001300 0.003480 
985.069300 0.003870 
984.137400 0.003590 
983.205400 0.003210 
982.273500 0.003510 
981.341500 0.003890 
980.409500 0.003610 
979.477600 0.003180 
978.545700 0.003450 
977.613700 0.003880 
976.681800 0.003650 
975.749800 0.003220 
974.817900 0.003470 
973.885900 0.003890 
972.954000 0.003620 
972.022000 0.003120 
971.090100 0.003270 
970.158100 0.003690 
969.226200 0.003450 
968.294300 0.002960 
967.362300 0.003150 
966.430400 0.003710 
965.498400 0.003610 
964.566500 0.003180 
963.634500 0.003320 
962.702600 0.003780 
961.770600 0.003550 
960.838700 0.002920 
959.906700 0.002830 
958.974800 0.003140 
958.042800 0.002890 
957.110800 0.002270 
956.178900 0.002200 
955.246900 0.002580 
954.315000 0.002390 
953.383100 0.001760 
952.451100 0.001740 
951.519200 0.002240 
950.587200 0.002250 
949.655300 0.001840 
948.723300 0.002020 
947.791400 0.002690 
946.859400 0.002850 
945.927500 0.002460 
944.995500 0.002590 
944.063600 0.003190 
943.131700 0.003300 
942.199700 0.002830 
941.267800 0.002870 
940.335800 0.003420 
939.403900 0.003460 
938.471900 0.002910 
937.540000 0.002820 
936.608000 0.003320 
935.676100 0.003370 
934.744100 0.002820 
933.812100 0.002650 
932.880200 0.003160 
931.948200 0.003230 
931.016300 0.002620 
930.084400 0.002370 
929.152400 0.002870 
928.220500 0.002990 
927.288500 0.002460 
926.356600 0.002230 
925.424600 0.002700 
924.492700 0.002820 
923.560700 0.002270 
922.628800 0.002010 
921.696800 0.002470 
920.764900 0.002680 
919.832900 0.002220 
918.901000 0.002040 
917.969100 0.002540 
917.037100 0.002800 
916.105200 0.002280 
915.173200 0.002020 
914.241300 0.002440 
913.309300 0.002710 
912.377400 0.002180 
911.445400 0.001920 
910.513400 0.002350 
909.581500 0.002630 
908.649500 0.002090 
907.717600 0.001770 
906.785600 0.002200 
905.853700 0.002510 
904.921800 0.002040 
903.989800 0.001700 
903.057900 0.002150 
902.125900 0.002480 
901.194000 0.002040 
900.262000 0.001610 
899.330100 0.001980 
898.398100 0.002280 
897.466200 0.001850 
896.534200 0.001390 
895.602300 0.001780 
894.670300 0.002080 
893.738400 0.001680 
892.806500 0.001210 
891.874500 0.001560 
890.942600 0.001880 
890.010600 0.001470 
889.078700 0.001000 
888.146700 0.001320 
887.214700 0.001690 
886.282800 0.001240 
885.350800 0.000761 
884.418900 0.001080 
883.486900 0.001550 
882.555000 0.001110 
881.623000 0.000637 
880.691100 0.000880 
879.759200 0.001350 
878.827200 0.000899 
877.895300 0.000401 
876.963300 0.000607 
876.031400 0.001070 
875.099400 0.000657 
874.167500 0.000138 
873.235500 0.000337 
872.303600 0.000811 
871.371600 0.000506 
870.439700 -0.000043 
869.507800 0.000193 
868.575800 0.000669 
867.643900 0.000394 
866.711900 -0.000261 
865.780000 -0.000064 
864.848000 0.000342 
863.916000 0.000157 
862.984100 -0.000411 
862.052100 -0.000145 
861.120200 0.000268 
860.188200 0.000099 
859.256300 -0.000456 
858.324300 -0.000237 
857.392400 0.000180 
856.460400 -0.000063 
855.528500 -0.000647 
854.596600 -0.000433 
853.664600 0.000081 
852.732700 -0.000194 
851.800700 -0.000739 
850.868800 -0.000605 
849.936800 -0.000013 
849.004900 -0.000268 
848.072900 -0.000814 
847.141000 -0.000792 
846.209000 -0.000184 
845.277100 -0.000423 
844.345200 -0.000947 
843.413200 -0.000909 
842.481300 -0.000280 
841.549300 -0.000500 
840.617300 -0.001100 
839.685400 -0.001050 
838.753400 -0.000485 
837.821500 -0.000664 
836.889500 -0.001330 
835.957600 -0.001260 
835.025600 -0.000730 
834.093700 -0.000809 
833.161700 -0.001540 
832.229800 -0.001500 
831.297900 -0.001080 
830.365900 -0.001060 
829.434000 -0.001770 
828.502000 -0.001670 
827.570100 -0.001180 
826.638100 -0.001060 
825.706200 -0.001740 
824.774200 -0.001670 
823.842300 -0.001140 
822.910300 -0.001080 
821.978400 -0.001680 
821.046400 -0.001630 
820.114500 -0.001060 
819.182600 -0.001110 
818.250500 -0.001680 
817.318600 -0.001720 
816.386700 -0.001050 
815.454700 -0.001070 
814.522800 -0.001480 
813.590800 -0.001530 
812.658900 -0.000747 
811.726900 -0.000780 
810.795000 -0.001280 
809.863000 -0.001490 
808.931100 -0.000858 
807.999100 -0.000952 
807.067200 -0.001510 
806.135300 -0.001700 
805.203300 -0.001050 
804.271400 -0.000940 
803.339400 -0.001470 
802.407500 -0.001510 
801.475500 -0.000916 
800.543600 -0.000745 
799.611600 -0.001460 
798.679700 -0.001520 
797.747700 -0.001090 
796.815800 -0.000848 
795.883900 -0.001520 
794.951800 -0.001450 
794.019900 -0.001010 
793.088000 -0.000762 
792.156000 -0.001500 
791.224100 -0.001530 
790.292100 -0.001140 
789.360200 -0.000958 
788.428200 -0.001590 
787.496300 -0.001550 
786.564300 -0.000911 
785.632400 -0.000649 
784.700400 -0.001130 
783.768500 -0.001300 
782.836500 -0.000745 
781.904600 -0.000761 
780.972700 -0.001330 
780.040700 -0.001700 
779.108800 -0.000978 
778.176800 -0.000904 
777.244900 -0.001310 
776.312900 -0.001700 
775.381000 -0.001030 
774.449000 -0.001060 
773.517100 -0.001510 
772.585100 -0.001760 
771.653100 -0.000941 
770.721200 -0.000787 
769.789200 -0.001230 
768.857300 -0.001490 
767.925400 -0.000946 
766.993400 -0.000799 
766.061500 -0.001480 
765.129500 -0.001660 
764.197600 -0.001190 
763.265600 -0.000767 
762.333700 -0.001390 
761.401700 -0.001410 
760.469800 -0.001070 
759.537800 -0.000743 
758.605900 -0.001540 
757.674000 -0.001610 
756.742000 -0.001410 
755.810100 -0.001080 
754.878100 -0.001760 
753.946200 -0.001710 
753.014200 -0.001260 
752.082300 -0.000838 
751.150300 -0.001420 
750.218400 -0.001660 
749.286400 -0.001280 
748.354400 -0.001160 
747.422500 -0.001670 
746.490500 -0.001890 
745.558600 -0.001150 
744.626600 -0.001010 
743.694700 -0.001420 
742.762800 -0.001890 
741.830800 -0.001240 
740.898900 -0.001300 
739.966900 -0.001640 
739.035000 -0.002070 
738.103000 -0.001260 
737.171100 -0.001150 
736.239100 -0.001340 
735.307200 -0.001630 
734.375200 -0.000965 
733.443300 -0.000891 
732.511400 -0.001290 
731.579400 -0.001530 
730.647500 -0.001030 
729.715500 -0.000979 
728.783600 -0.001690 
727.851600 -0.001820 
726.919700 -0.001390 
725.987700 -0.001060 
725.055700 -0.001700 
724.123800 -0.001580 
723.191800 -0.001230 
722.259900 -0.000702 
721.327900 -0.001390 
720.396000 -0.001400 
719.464100 -0.001110 
718.532100 -0.000488 
717.600200 -0.000961 
716.668200 -0.000833 
715.736300 -0.000450 
714.804300 0.000005 
713.872400 -0.000409 
712.940400 -0.000305 
712.008500 0.000129 
711.076500 0.000366 
710.144600 0.000054 
709.212600 0.000006 
708.280700 0.000608 
707.348800 0.000550 
706.416800 0.000138 
705.484900 -0.000115 
704.552900 0.000611 
703.621000 0.000411 
702.689000 0.000030 
701.757000 -0.000368 
700.825100 0.000164 
699.893100 -0.000180 
698.961200 -0.000604 
698.029200 -0.001030 
697.097300 -0.000402 
696.165300 -0.000414 
695.233400 -0.000711 
694.301500 -0.000940 
693.369500 -0.000231 
692.437600 -0.000143 
691.505600 -0.000587 
690.573700 -0.000609 
689.641700 0.000004 
688.709800 0.000394 
687.777800 0.000109 
686.845900 0.000344 
685.913900 0.000566 
684.982000 0.000690 
684.050000 0.000066 
683.118100 -0.000057 
682.186200 -0.000279 
681.254200 -0.000232 
680.322300 -0.000891 
679.390300 -0.000726 
678.458300 -0.000656 
677.526400 -0.000648 
676.594400 -0.001500 
675.662500 -0.001440 
674.730500 -0.001300 
673.798600 -0.001740 
672.866600 -0.002490 
671.934700 -0.001740 
671.002700 -0.001060 
670.070800 -0.000785 
669.138900 -0.000954 
668.206900 -0.000924 
667.275000 -0.000871 
666.343000 -0.001170 
665.411100 -0.001010 
664.479100 -0.000264 
663.547200 0.001710 
662.615200 0.003590 
661.683300 0.005560 
660.751300 0.007920 
659.819400 0.010140 
658.887500 0.010570 
657.955500 0.010450 
657.023600 0.010080 
656.091600 0.009820 
655.159600 0.007760 
654.227700 0.005180 
653.295700 0.002840 
652.363800 0.000809 
651.431800 -0.002070 
650.499900 0.000126 
649.567900 0.000344 
648.636000 0.000000 
647.704000 0.000000 
646.772100 0.000000 
645.840100 0.000000 
644.908200 0.000000 
643.976300 0.000000 
643.044300 0.000000 
642.112400 0.000000 
641.180400 0.000000 
640.248500 0.000000 
639.316500 0.000000 
638.384600 0.000000 
637.452600 0.000000 
636.520700 0.000000 
635.588700 0.000000 
634.656800 0.000000 
633.724900 0.000000 
632.792900 0.000000 
631.860900 0.000000 
630.929000 0.000000 
629.997000 0.000000 
629.065100 0.000000 
628.133100 0.000000 
627.201200 0.000000 
626.269200 0.000000 
625.337300 0.000000 
624.405300 0.000000 
623.473400 0.000000 
622.541400 0.000000 
621.609500 0.000000 
620.677600 0.000000 
619.745600 0.000000 
618.813700 0.000000 
617.881700 0.000000 
616.949800 0.000000 
616.017800 0.000000 
615.085900 0.000000 
614.153900 0.000000 
613.222000 0.000000 
612.290000 0.000000 
611.358100 0.000000 
610.426100 0.000000 
609.494200 0.000000 
608.562200 0.000000 
607.630200 0.000000 
606.698300 0.000000 
605.766400 0.000000 
604.834400 0.000000 
603.902500 0.000000 
602.970500 0.000000 
602.038600 0.000000 
601.106600 0.000000 
600.174700 0.000000 
599.242700 0.000000 
598.310800 0.000000 
597.378800 0.000000 
596.446900 0.000000 
595.515000 0.000000 
594.583000 0.000000 
593.651100 0.000000 
592.719100 0.000000 
591.787200 0.000000 
590.855200 0.000000 
589.923300 0.000000 
588.991300 0.000000 
588.059400 0.000000 
587.127400 0.000000 
586.195500 0.000000 
585.263500 0.000000 
584.331500 0.000000 
583.399600 0.000000 
582.467700 0.000000 
581.535700 0.000000 
580.603800 0.000000 
579.671800 0.000000 
578.739900 0.000000 
577.807900 0.000000 
576.876000 0.000000 
575.944000 0.000000 
575.012100 0.000000 
574.080100 0.000000 
573.148200 0.000000 
572.216200 0.000000 
571.284300 0.000000 
570.352400 0.000000 
569.420400 0.000000 
568.488500 0.000000 
567.556500 0.000000 
566.624600 0.000000 
565.692600 0.000000 
564.760700 0.000000 
563.828700 0.000000 
562.896800 0.000000 
561.964800 0.000000 
561.032800 0.000000 
560.100900 0.000000 
559.168900 0.000000 
558.237000 0.000000 
557.305100 0.000000 
556.373100 0.000000 
555.441200 0.000000 
554.509200 0.000000 
553.577300 0.000000 
552.645300 0.000000 
551.713400 0.000000 
550.781400 0.000000 
549.849500 0.000000 
548.917500 0.000000 
547.985600 0.000000 
547.053600 0.000000 
546.121700 0.000000 
545.189800 0.000000 
544.257800 0.000000 
543.325900 0.000000 
542.393900 0.000000 
541.462000 0.000000 
540.530000 0.000000 
539.598100 0.000000 
538.666100 0.000000 
537.734100 0.000000 
536.802200 0.000000 
535.870200 0.000000 
534.938300 0.000000 
534.006300 0.000000 
533.074400 0.000000 
532.142500 0.000000 
531.210500 0.000000 
530.278600 0.000000 
529.346600 0.000000 
528.414700 0.000000 
527.482700 0.000000 
526.550800 0.000000 
525.618800 0.000000 
524.686900 0.000000 
523.754900 0.000000 
522.823000 0.000000 
521.891100 0.000000 
520.959100 0.000000 
520.027200 0.000000 
519.095200 0.000000 
518.163300 0.000000 
517.231300 0.000000 
516.299400 0.000000 
515.367400 0.000000 
514.435400 0.000000 
513.503500 0.000000 
512.571500 0.000000 
511.639600 0.000000 
510.707700 0.000000 
509.775700 0.000000 
508.843800 0.000000 
507.911800 0.000000 
506.979900 0.000000 
506.047900 0.000000 
505.116000 0.000000 
504.184000 0.000000 
503.252100 0.000000 
502.320100 0.000000 
501.388200 0.000000 
500.456200 0.000000 
499.524300 0.000000 
498.592300 0.000000 
497.660400 0.000000 
496.728400 0.000000 
495.796500 0.000000 
494.864500 0.000000 
493.932600 0.000000 
493.000600 0.000000 
492.068700 0.000000 
491.136700 0.000000 
490.204800 0.000000 
489.272900 0.000000 
488.340900 0.000000 
487.409000 0.000000 
486.477000 0.000000 
485.545000 0.000000 
484.613100 0.000000 
483.681200 0.000000 
482.749200 0.000000 
481.817300 0.000000 
480.885300 0.000000 
479.953400 0.000000 
479.021400 0.000000 
478.089500 0.000000 
477.157500 0.000000 
476.225600 0.000000 
475.293600 0.000000 
474.361700 0.000000 
473.429700 0.000000 
472.497800 0.000000 
471.565800 0.000000 
470.633900 0.000000 
469.701900 0.000000 
468.770000 0.000000 
467.838000 0.000000 
466.906100 0.000000 
465.974200 0.000000 
465.042200 0.000000 
464.110300 0.000000 
463.178300 0.000000 
462.246300 0.000000 
461.314400 0.000000 
460.382400 0.000000 
459.450500 0.000000 
458.518600 0.000000 
457.586600 0.000000 
456.654700 0.000000 
455.722700 0.000000 
454.790800 0.000000 
453.858800 0.000000 
452.926900 0.000000 
451.994900 0.000000 
451.063000 0.000000 
450.131000 0.000000 
449.199100 0.000000 
448.267100 0.000000 
447.335200 0.000000 
446.403200 0.000000 
445.471300 0.000000 
444.539300 0.000000 
443.607400 0.000000 
442.675400 0.000000 
441.743500 0.000000 
440.811600 0.000000 
439.879600 0.000000 
438.947600 0.000000 
438.015700 0.000000 
437.083700 0.000000 
436.151800 0.000000 
435.219800 0.000000 
434.287900 0.000000 
433.356000 0.000000 
432.424000 0.000000 
431.492100 0.000000 
430.560100 0.000000 
429.628200 0.000000 
428.696200 0.000000 
427.764300 0.000000 
426.832300 0.000000 
425.900400 0.000000 
424.968400 0.000000 
424.036500 0.000000 
423.104500 0.000000 
422.172600 0.000000 
421.240600 0.000000 
420.308700 0.000000 
419.376700 0.000000 
418.444800 0.000000 
417.512800 0.000000 
416.580900 0.000000 
415.648900 0.000000 
414.717000 0.000000 
413.785000 0.000000 
412.853100 0.000000 
411.921100 0.000000 
410.989200 0.000000 
410.057300 0.000000 
409.125300 0.000000 
408.193400 0.000000 
407.261400 0.000000 
406.329500 0.000000 
405.397500 0.000000 
404.465500 0.000000 
403.533600 0.000000 
402.601700 0.000000 
401.669700 0.000000 
400.737800 0.000000 
399.805800 0.000000 
