5000.100000 0.009326 
4998.565869 0.011104 
4997.031737 0.012612 
4995.497606 0.012065 
4993.963474 0.009318 
4992.429343 0.007142 
4990.895212 0.008505 
4989.361080 0.009479 
4987.826949 0.007602 
4986.292818 0.007521 
4984.758686 0.010920 
4983.224555 0.013645 
4981.690423 0.012812 
4980.156292 0.010432 
4978.622161 0.009991 
4977.088029 0.009968 
4975.553898 0.008590 
4974.019767 0.008181 
4972.485635 0.009401 
4970.951504 0.008846 
4969.417372 0.007511 
4967.883241 0.009505 
4966.349110 0.012688 
4964.814978 0.012176 
4963.280847 0.010673 
4961.746716 0.011435 
4960.212584 0.011692 
4958.678453 0.009631 
4957.144321 0.009372 
4955.610190 0.011736 
4954.076059 0.011872 
4952.541927 0.008163 
4951.007796 0.006014 
4949.473665 0.008243 
4947.939533 0.010377 
4946.405402 0.010275 
4944.871270 0.010319 
4943.337139 0.010074 
4941.803008 0.007521 
4940.268876 0.005839 
4938.734745 0.006567 
4937.200614 0.006378 
4935.666482 0.005955 
4934.132351 0.008187 
4932.598219 0.010557 
4931.064088 0.010434 
4929.529957 0.009871 
4927.995825 0.008768 
4926.461694 0.006965 
4924.927563 0.006283 
4923.393431 0.006673 
4921.859300 0.006792 
4920.325168 0.007567 
4918.791037 0.007717 
4917.256906 0.005804 
4915.722774 0.004668 
4914.188643 0.005265 
4912.654512 0.005588 
4911.120380 0.006502 
4909.586249 0.008218 
4908.052117 0.007389 
4906.517986 0.005354 
4904.983855 0.005931 
4903.449723 0.008164 
4901.915592 0.009367 
4900.381460 0.009126 
4898.847329 0.009025 
4897.313198 0.009968 
4895.779066 0.010520 
4894.244935 0.010481 
4892.710804 0.010972 
4891.176672 0.010923 
4889.642541 0.009661 
4888.108409 0.010109 
4886.574278 0.012108 
4885.040147 0.011849 
4883.506015 0.009447 
4881.971884 0.008095 
4880.437753 0.008385 
4878.903621 0.009202 
4877.369490 0.009351 
4875.835358 0.007902 
4874.301227 0.005809 
4872.767096 0.005474 
4871.232964 0.007703 
4869.698833 0.009007 
4868.164702 0.007536 
4866.630570 0.006190 
4865.096439 0.007148 
4863.562307 0.008669 
4862.028176 0.008794 
4860.494045 0.007859 
4858.959913 0.006974 
4857.425782 0.007146 
4855.891651 0.008488 
4854.357519 0.009231 
4852.823388 0.009189 
4851.289256 0.009502 
4849.755125 0.010294 
4848.220994 0.010545 
4846.686862 0.009771 
4845.152731 0.008428 
4843.618600 0.007762 
4842.084468 0.007634 
4840.550337 0.007148 
4839.016205 0.005925 
4837.482074 0.004668 
4835.947943 0.004075 
4834.413811 0.004716 
4832.879680 0.005968 
4831.345549 0.007183 
4829.811417 0.008367 
4828.277286 0.008911 
4826.743154 0.008043 
4825.209023 0.006599 
4823.674892 0.005309 
4822.140760 0.004980 
4820.606629 0.005475 
4819.072497 0.004988 
4817.538366 0.005523 
4816.004235 0.008502 
4814.470103 0.009369 
4812.935972 0.007190 
4811.401841 0.006527 
4809.867709 0.007841 
4808.333578 0.008849 
4806.799446 0.008510 
4805.265315 0.006951 
4803.731184 0.005488 
4802.197052 0.005417 
4800.662921 0.005799 
4799.128790 0.005079 
4797.594658 0.003193 
4796.060527 0.002436 
4794.526395 0.003742 
4792.992264 0.005153 
4791.458133 0.005391 
4789.924001 0.005780 
4788.389870 0.006598 
4786.855739 0.007236 
4785.321607 0.007491 
4783.787476 0.007566 
4782.253344 0.007054 
4780.719213 0.005230 
4779.185082 0.003536 
4777.650950 0.003955 
4776.116819 0.004890 
4774.582688 0.004558 
4773.048556 0.003264 
4771.514425 0.002498 
4769.980293 0.003448 
4768.446162 0.005614 
4766.912031 0.006948 
4765.377899 0.005535 
4763.843768 0.003387 
4762.309637 0.003517 
4760.775505 0.004057 
4759.241374 0.004152 
4757.707242 0.005180 
4756.173111 0.005516 
4754.638980 0.004489 
4753.104848 0.004948 
4751.570717 0.007043 
4750.036586 0.007026 
4748.502454 0.005646 
4746.968323 0.005886 
4745.434191 0.006383 
4743.900060 0.004829 
4742.365929 0.003650 
4740.831797 0.003974 
4739.297666 0.004537 
4737.763535 0.004784 
4736.229403 0.004351 
4734.695272 0.004472 
4733.161140 0.006478 
4731.627009 0.007664 
4730.092878 0.006924 
4728.558746 0.006214 
4727.024615 0.005753 
4725.490483 0.004697 
4723.956352 0.003802 
4722.422221 0.003294 
4720.888089 0.003561 
4719.353958 0.004259 
4717.819827 0.004515 
4716.285695 0.004597 
4714.751564 0.005241 
4713.217432 0.005299 
4711.683301 0.004287 
4710.149170 0.004135 
4708.615038 0.005755 
4707.080907 0.006967 
4705.546776 0.005810 
4704.012644 0.004117 
4702.478513 0.004106 
4700.944381 0.004555 
4699.410250 0.004007 
4697.876119 0.002992 
4696.341987 0.002623 
4694.807856 0.002847 
4693.273725 0.002966 
4691.739593 0.003092 
4690.205462 0.003507 
4688.671330 0.003525 
4687.137199 0.002669 
4685.603068 0.002750 
4684.068936 0.004850 
4682.534805 0.006058 
4681.000674 0.005081 
4679.466542 0.004508 
4677.932411 0.005000 
4676.398279 0.004770 
4674.864148 0.004448 
4673.330017 0.004527 
4671.795885 0.004191 
4670.261754 0.004091 
4668.727623 0.003909 
4667.193491 0.002584 
4665.659360 0.001620 
4664.125228 0.001791 
4662.591097 0.002059 
4661.056966 0.002408 
4659.522834 0.002180 
4657.988703 0.000731 
4656.454572 0.000085 
4654.920440 0.000826 
4653.386309 0.001471 
4651.852177 0.002155 
4650.318046 0.003377 
4648.783915 0.002971 
4647.249783 0.000635 
4645.715652 0.000548 
4644.181521 0.003142 
4642.647389 0.004394 
4641.113258 0.003707 
4639.579126 0.003148 
4638.044995 0.003368 
4636.510864 0.003914 
4634.976732 0.004403 
4633.442601 0.004078 
4631.908469 0.003553 
4630.374338 0.003680 
4628.840207 0.003781 
4627.306075 0.003663 
4625.771944 0.003915 
4624.237813 0.003805 
4622.703681 0.003093 
4621.169550 0.002846 
4619.635418 0.002845 
4618.101287 0.003316 
4616.567156 0.005444 
4615.033024 0.007540 
4613.498893 0.007798 
4611.964762 0.006670 
4610.430630 0.005664 
4608.896499 0.004992 
4607.362367 0.004488 
4605.828236 0.003759 
4604.294105 0.002640 
4602.759973 0.001802 
4601.225842 0.002011 
4599.691711 0.003090 
4598.157579 0.005215 
4596.623448 0.006973 
4595.089316 0.006362 
4593.555185 0.003825 
4592.021054 0.002437 
4590.486922 0.002686 
4588.952791 0.003955 
4587.418660 0.005769 
4585.884528 0.005680 
4584.350397 0.003990 
4582.816265 0.003173 
4581.282134 0.003630 
4579.748003 0.004361 
4578.213871 0.005156 
4576.679740 0.005397 
4575.145609 0.004144 
4573.611477 0.002813 
4572.077346 0.003182 
4570.543214 0.004126 
4569.009083 0.004093 
4567.474952 0.004220 
4565.940820 0.004826 
4564.406689 0.004791 
4562.872558 0.004642 
4561.338426 0.005308 
4559.804295 0.005961 
4558.270163 0.005754 
4556.736032 0.005041 
4555.201901 0.004612 
4553.667769 0.004646 
4552.133638 0.004641 
4550.599507 0.004299 
4549.065375 0.003981 
4547.531244 0.004164 
4545.997112 0.004477 
4544.462981 0.004237 
4542.928850 0.003848 
4541.394718 0.003684 
4539.860587 0.003372 
4538.326455 0.003481 
4536.792324 0.004575 
4535.258193 0.005894 
4533.724061 0.006712 
4532.189930 0.006646 
4530.655799 0.006010 
4529.121667 0.005749 
4527.587536 0.005953 
4526.053404 0.006087 
4524.519273 0.005423 
4522.985142 0.004546 
4521.451010 0.004604 
4519.916879 0.004419 
4518.382748 0.003642 
4516.848616 0.003639 
4515.314485 0.004019 
4513.780353 0.004118 
4512.246222 0.004004 
4510.712091 0.003230 
4509.177959 0.002645 
4507.643828 0.003149 
4506.109697 0.003681 
4504.575565 0.003781 
4503.041434 0.003496 
4501.507302 0.002696 
4499.973171 0.002365 
4498.439040 0.003593 
4496.904908 0.005173 
4495.370777 0.004971 
4493.836646 0.003185 
4492.302514 0.002396 
4490.768383 0.002680 
4489.234251 0.002135 
4487.700120 0.002090 
4486.165989 0.003617 
4484.631857 0.004492 
4483.097726 0.004393 
4481.563595 0.004221 
4480.029463 0.003401 
4478.495332 0.002293 
4476.961200 0.002218 
4475.427069 0.002579 
4473.892938 0.002955 
4472.358806 0.003278 
4470.824675 0.003317 
4469.290544 0.003643 
4467.756412 0.004305 
4466.222281 0.004806 
4464.688149 0.004761 
4463.154018 0.003922 
4461.619887 0.003347 
4460.085755 0.003717 
4458.551624 0.004338 
4457.017492 0.004978 
4455.483361 0.005670 
4453.949230 0.005414 
4452.415098 0.004474 
4450.880967 0.004190 
4449.346836 0.003979 
4447.812704 0.002821 
4446.278573 0.001738 
4444.744441 0.002492 
4443.210310 0.003443 
4441.676179 0.003043 
4440.142047 0.003095 
4438.607916 0.003996 
4437.073785 0.003626 
4435.539653 0.002621 
4434.005522 0.002829 
4432.471390 0.003161 
4430.937259 0.002631 
4429.403128 0.001962 
4427.868996 0.001661 
4426.334865 0.002236 
4424.800734 0.003387 
4423.266602 0.003622 
4421.732471 0.003580 
4420.198339 0.003963 
4418.664208 0.003785 
4417.130077 0.002945 
4415.595945 0.002355 
4414.061814 0.002161 
4412.527683 0.002714 
4410.993551 0.003539 
4409.459420 0.003342 
4407.925288 0.002975 
4406.391157 0.003210 
4404.857026 0.003315 
4403.322894 0.003705 
4401.788763 0.004764 
4400.254632 0.004906 
4398.720500 0.003849 
4397.186369 0.003583 
4395.652237 0.004184 
4394.118106 0.004479 
4392.583975 0.004444 
4391.049843 0.004225 
4389.515712 0.004082 
4387.981581 0.004428 
4386.447449 0.004421 
4384.913318 0.003772 
4383.379186 0.003519 
4381.845055 0.003685 
4380.310924 0.004100 
4378.776792 0.005097 
4377.242661 0.005854 
4375.708530 0.005586 
4374.174398 0.005147 
4372.640267 0.004880 
4371.106135 0.004525 
4369.572004 0.004682 
4368.037873 0.005030 
4366.503741 0.004791 
4364.969610 0.004773 
4363.435478 0.005449 
4361.901347 0.006080 
4360.367216 0.006047 
4358.833084 0.005537 
4357.298953 0.005127 
4355.764822 0.005224 
4354.230690 0.005094 
4352.696559 0.004670 
4351.162427 0.004552 
4349.628296 0.004246 
4348.094165 0.003786 
4346.560033 0.003892 
4345.025902 0.003833 
4343.491771 0.003331 
4341.957639 0.003460 
4340.423508 0.004022 
4338.889376 0.004331 
4337.355245 0.004519 
4335.821114 0.004657 
4334.286982 0.004777 
4332.752851 0.004488 
4331.218720 0.003512 
4329.684588 0.003277 
4328.150457 0.004173 
4326.616325 0.004657 
4325.082194 0.004751 
4323.548063 0.005104 
4322.013931 0.004974 
4320.479800 0.004174 
4318.945669 0.003776 
4317.411537 0.003946 
4315.877406 0.004136 
4314.343274 0.004572 
4312.809143 0.005149 
4311.275012 0.005012 
4309.740880 0.004341 
4308.206749 0.004581 
4306.672618 0.005602 
4305.138486 0.005887 
4303.604355 0.005474 
4302.070223 0.005475 
4300.536092 0.005510 
4299.001961 0.004975 
4297.467829 0.004507 
4295.933698 0.004931 
4294.399567 0.005691 
4292.865435 0.005928 
4291.331304 0.006046 
4289.797172 0.006151 
4288.263041 0.005730 
4286.728910 0.005190 
4285.194778 0.005020 
4283.660647 0.004708 
4282.126516 0.004802 
4280.592384 0.005834 
4279.058253 0.006763 
4277.524121 0.006351 
4275.989990 0.005147 
4274.455859 0.005097 
4272.921727 0.006125 
4271.387596 0.006099 
4269.853464 0.005267 
4268.319333 0.005507 
4266.785202 0.006106 
4265.251070 0.005715 
4263.716939 0.005116 
4262.182808 0.005265 
4260.648676 0.005658 
4259.114545 0.005642 
4257.580413 0.006145 
4256.046282 0.007360 
4254.512151 0.007522 
4252.978019 0.006763 
4251.443888 0.006546 
4249.909757 0.006250 
4248.375625 0.005757 
4246.841494 0.005736 
4245.307362 0.005874 
4243.773231 0.006093 
4242.239100 0.006231 
4240.704968 0.005845 
4239.170837 0.005880 
4237.636706 0.006843 
4236.102574 0.007246 
4234.568443 0.006585 
4233.034311 0.005873 
4231.500180 0.006000 
4229.966049 0.006430 
4228.431917 0.006685 
4226.897786 0.007362 
4225.363655 0.007850 
4223.829523 0.007401 
4222.295392 0.007039 
4220.761260 0.007130 
4219.227129 0.006880 
4217.692998 0.006402 
4216.158866 0.006171 
4214.624735 0.006339 
4213.090604 0.006608 
4211.556472 0.006418 
4210.022341 0.006064 
4208.488209 0.006286 
4206.954078 0.006713 
4205.419947 0.006938 
4203.885815 0.007330 
4202.351684 0.007584 
4200.817553 0.007558 
4199.283421 0.007715 
4197.749290 0.007836 
4196.215158 0.007782 
4194.681027 0.007902 
4193.146896 0.007784 
4191.612764 0.007304 
4190.078633 0.007008 
4188.544502 0.007251 
4187.010370 0.007474 
4185.476239 0.007285 
4183.942107 0.007059 
4182.407976 0.007087 
4180.873845 0.006864 
4179.339713 0.006772 
4177.805582 0.007426 
4176.271450 0.008034 
4174.737319 0.007963 
4173.203188 0.007692 
4171.669056 0.007513 
4170.134925 0.007360 
4168.600794 0.007186 
4167.066662 0.007007 
4165.532531 0.006810 
4163.998399 0.006577 
4162.464268 0.006601 
4160.930137 0.006881 
4159.396005 0.007028 
4157.861874 0.007336 
4156.327743 0.007921 
4154.793611 0.007985 
4153.259480 0.007480 
4151.725348 0.006519 
4150.191217 0.005951 
4148.657086 0.006694 
4147.122954 0.007759 
4145.588823 0.007776 
4144.054692 0.007560 
4142.520560 0.007661 
4140.986429 0.007516 
4139.452297 0.007322 
4137.918166 0.007186 
4136.384035 0.006982 
4134.849903 0.007114 
4133.315772 0.007616 
4131.781641 0.007951 
4130.247509 0.008224 
4128.713378 0.008266 
4127.179246 0.007914 
4125.645115 0.007648 
4124.110984 0.007954 
4122.576852 0.008173 
4121.042721 0.007543 
4119.508590 0.006821 
4117.974458 0.006978 
4116.440327 0.007899 
4114.906195 0.008562 
4113.372064 0.008244 
4111.837933 0.007911 
4110.303801 0.008059 
4108.769670 0.007456 
4107.235539 0.006869 
4105.701407 0.007935 
4104.167276 0.008930 
4102.633144 0.008295 
4101.099013 0.007582 
4099.564882 0.007534 
4098.030750 0.007702 
4096.496619 0.008003 
4094.962487 0.008488 
4093.428356 0.008719 
4091.894225 0.008503 
4090.360093 0.008241 
4088.825962 0.007932 
4087.291831 0.007624 
4085.757699 0.007964 
4084.223568 0.008488 
4082.689436 0.008289 
4081.155305 0.008086 
4079.621174 0.008141 
4078.087042 0.008165 
4076.552911 0.008633 
4075.018780 0.008932 
4073.484648 0.008553 
4071.950517 0.008540 
4070.416385 0.008690 
4068.882254 0.008168 
4067.348123 0.007763 
4065.813991 0.007892 
4064.279860 0.008078 
4062.745729 0.008154 
4061.211597 0.008042 
4059.677466 0.007823 
4058.143334 0.008005 
4056.609203 0.008635 
4055.075072 0.009118 
4053.540940 0.009353 
4052.006809 0.009394 
4050.472678 0.009127 
4048.938546 0.008955 
4047.404415 0.009202 
4045.870283 0.009209 
4044.336152 0.008935 
4042.802021 0.009090 
4041.267889 0.009367 
4039.733758 0.009406 
4038.199627 0.009547 
4036.665495 0.009371 
4035.131364 0.008702 
4033.597232 0.008653 
4032.063101 0.009126 
4030.528970 0.009206 
4028.994838 0.008974 
4027.460707 0.008852 
4025.926576 0.009214 
4024.392444 0.009755 
4022.858313 0.009712 
4021.324181 0.009632 
4019.790050 0.009956 
4018.255919 0.009679 
4016.721787 0.008909 
4015.187656 0.008970 
4013.653525 0.009698 
4012.119393 0.009925 
4010.585262 0.009636 
4009.051130 0.009488 
4007.516999 0.009745 
4005.982868 0.010001 
4004.448736 0.009961 
4002.914605 0.009812 
4001.380473 0.009432 
3999.846342 0.009025 
3998.312211 0.009173 
3996.778079 0.009330 
3995.243948 0.009134 
3993.709817 0.009387 
3992.175685 0.010058 
3990.641554 0.010318 
3989.107422 0.010415 
3987.573291 0.010558 
3986.039160 0.010190 
3984.505028 0.009614 
3982.970897 0.009617 
3981.436766 0.010162 
3979.902634 0.010520 
3978.368503 0.010355 
3976.834371 0.010384 
3975.300240 0.010615 
3973.766109 0.010196 
3972.231977 0.009564 
3970.697846 0.009842 
3969.163715 0.010285 
3967.629583 0.009873 
3966.095452 0.009282 
3964.561320 0.009244 
3963.027189 0.009396 
3961.493058 0.009393 
3959.958926 0.009680 
3958.424795 0.010110 
3956.890664 0.010274 
3955.356532 0.010335 
3953.822401 0.010337 
3952.288269 0.010093 
3950.754138 0.009797 
3949.220007 0.009461 
3947.685875 0.009168 
3946.151744 0.009115 
3944.617613 0.009259 
3943.083481 0.009310 
3941.549350 0.009260 
3940.015218 0.009314 
3938.481087 0.009393 
3936.946956 0.009508 
3935.412824 0.009843 
3933.878693 0.010049 
3932.344562 0.009791 
3930.810430 0.009598 
3929.276299 0.009965 
3927.742167 0.010347 
3926.208036 0.010197 
3924.673905 0.009742 
3923.139773 0.009380 
3921.605642 0.009482 
3920.071511 0.009741 
3918.537379 0.009367 
3917.003248 0.008859 
3915.469116 0.009038 
3913.934985 0.009593 
3912.400854 0.009915 
3910.866722 0.010290 
3909.332591 0.010773 
3907.798459 0.010686 
3906.264328 0.009729 
3904.730197 0.008716 
3903.196065 0.008503 
3901.661934 0.008529 
3900.127803 0.008745 
3898.593671 0.009324 
3897.059540 0.009693 
3895.525408 0.009369 
3893.991277 0.008970 
3892.457146 0.008948 
3890.923014 0.009015 
3889.388883 0.009100 
3887.854752 0.009189 
3886.320620 0.008910 
3884.786489 0.008508 
3883.252357 0.008653 
3881.718226 0.009106 
3880.184095 0.009518 
3878.649963 0.009774 
3877.115832 0.009277 
3875.581701 0.008511 
3874.047569 0.008711 
3872.513438 0.009387 
3870.979306 0.009628 
3869.445175 0.009457 
3867.911044 0.009219 
3866.376912 0.008888 
3864.842781 0.008616 
3863.308650 0.008770 
3861.774518 0.009178 
3860.240387 0.009395 
3858.706255 0.009420 
3857.172124 0.009002 
3855.637993 0.007467 
3854.103861 0.005417 
3852.569730 0.005144 
3851.035599 0.006801 
3849.501467 0.008204 
3847.967336 0.009106 
3846.433204 0.009510 
3844.899073 0.009434 
3843.364942 0.009390 
3841.830810 0.009347 
3840.296679 0.008615 
3838.762548 0.007741 
3837.228416 0.007567 
3835.694285 0.008138 
3834.160153 0.008650 
3832.626022 0.008630 
3831.091891 0.008600 
3829.557759 0.008883 
3828.023628 0.008918 
3826.489496 0.008765 
3824.955365 0.009019 
3823.421234 0.008802 
3821.887102 0.007615 
3820.352971 0.007391 
3818.818840 0.008310 
3817.284708 0.008071 
3815.750577 0.007320 
3814.216445 0.007833 
3812.682314 0.008647 
3811.148183 0.008926 
3809.614051 0.009108 
3808.079920 0.008678 
3806.545789 0.007648 
3805.011657 0.007564 
3803.477526 0.007734 
3801.943394 0.007004 
3800.409263 0.007281 
3798.875132 0.008677 
3797.341000 0.008998 
3795.806869 0.008544 
3794.272738 0.008639 
3792.738606 0.009238 
3791.204475 0.009901 
3789.670343 0.009972 
3788.136212 0.009861 
3786.602081 0.009978 
3785.067949 0.009717 
3783.533818 0.009377 
3781.999687 0.009462 
3780.465555 0.008947 
3778.931424 0.008132 
3777.397292 0.008192 
3775.863161 0.008827 
3774.329030 0.008957 
3772.794898 0.008736 
3771.260767 0.008610 
3769.726636 0.008482 
3768.192504 0.008523 
3766.658373 0.008815 
3765.124241 0.008885 
3763.590110 0.008716 
3762.055979 0.008658 
3760.521847 0.008326 
3758.987716 0.007821 
3757.453585 0.008089 
3755.919453 0.008526 
3754.385322 0.008201 
3752.851190 0.007527 
3751.317059 0.006770 
3749.782928 0.006175 
3748.248796 0.006311 
3746.714665 0.006325 
3745.180534 0.005424 
3743.646402 0.005467 
3742.112271 0.007322 
3740.578139 0.008612 
3739.044008 0.008362 
3737.509877 0.007740 
3735.975745 0.007443 
3734.441614 0.007373 
3732.907482 0.007313 
3731.373351 0.007800 
3729.839220 0.009038 
3728.305088 0.009865 
3726.770957 0.009799 
3725.236826 0.009600 
3723.702694 0.009843 
3722.168563 0.010177 
3720.634431 0.010423 
3719.100300 0.010727 
3717.566169 0.011181 
3716.032037 0.011589 
3714.497906 0.011438 
3712.963775 0.010681 
3711.429643 0.010342 
3709.895512 0.010903 
3708.361380 0.011901 
3706.827249 0.012834 
3705.293118 0.013576 
3703.758986 0.014133 
3702.224855 0.014527 
3700.690724 0.014973 
3699.156592 0.015865 
3697.622461 0.017007 
3696.088329 0.017702 
3694.554198 0.018160 
3693.020067 0.018655 
3691.485935 0.018764 
3689.951804 0.018257 
3688.417673 0.018275 
3686.883541 0.019759 
3685.349410 0.021407 
3683.815278 0.022241 
3682.281147 0.022607 
3680.747016 0.023312 
3679.212884 0.024214 
3677.678753 0.024511 
3676.144622 0.023857 
3674.610490 0.023816 
3673.076359 0.025163 
3671.542227 0.026026 
3670.008096 0.025847 
3668.473965 0.026083 
3666.939833 0.026913 
3665.405702 0.027233 
3663.871571 0.027153 
3662.337439 0.027017 
3660.803308 0.026602 
3659.269176 0.025966 
3657.735045 0.025421 
3656.200914 0.024965 
3654.666782 0.024834 
3653.132651 0.024806 
3651.598520 0.024162 
3650.064388 0.023433 
3648.530257 0.023977 
3646.996125 0.025520 
3645.461994 0.027186 
3643.927863 0.028258 
3642.393731 0.029014 
3640.859600 0.029711 
3639.325468 0.030473 
3637.791337 0.031605 
3636.257206 0.032743 
3634.723074 0.033191 
3633.188943 0.033568 
3631.654812 0.034529 
3630.120680 0.035036 
3628.586549 0.035200 
3627.052417 0.036592 
3625.518286 0.038613 
3623.984155 0.040191 
3622.450023 0.041507 
3620.915892 0.042888 
3619.381761 0.044108 
3617.847629 0.045549 
3616.313498 0.047693 
3614.779366 0.049713 
3613.245235 0.051277 
3611.711104 0.052467 
3610.176972 0.054151 
3608.642841 0.056333 
3607.108710 0.058446 
3605.574578 0.060394 
3604.040447 0.062333 
3602.506315 0.064818 
3600.972184 0.067058 
3599.438053 0.069225 
3597.903921 0.071518 
3596.369790 0.073961 
3594.835659 0.076340 
3593.301527 0.079061 
3591.767396 0.081930 
3590.233264 0.084113 
3588.699133 0.086735 
3587.165002 0.089621 
3585.630870 0.092746 
3584.096739 0.096206 
3582.562608 0.099852 
3581.028476 0.103223 
3579.494345 0.106667 
3577.960213 0.110400 
3576.426082 0.113763 
3574.891951 0.117588 
3573.357819 0.121971 
3571.823688 0.126341 
3570.289557 0.130476 
3568.755425 0.134142 
3567.221294 0.137813 
3565.687162 0.142497 
3564.153031 0.147947 
3562.618900 0.153183 
3561.084768 0.158109 
3559.550637 0.163090 
3558.016506 0.167771 
3556.482374 0.173023 
3554.948243 0.178831 
3553.414111 0.184856 
3551.879980 0.190886 
3550.345849 0.196421 
3548.811717 0.202372 
3547.277586 0.208284 
3545.743454 0.214999 
3544.209323 0.221846 
3542.675192 0.229137 
3541.141060 0.235866 
3539.606929 0.241962 
3538.072798 0.248849 
3536.538666 0.256144 
3535.004535 0.264343 
3533.470403 0.271995 
3531.936272 0.279879 
3530.402141 0.286920 
3528.868009 0.294422 
3527.333878 0.302278 
3525.799747 0.310721 
3524.265615 0.318917 
3522.731484 0.327059 
3521.197352 0.336181 
3519.663221 0.344437 
3518.129090 0.352877 
3516.594958 0.361029 
3515.060827 0.369086 
3513.526696 0.377346 
3511.992564 0.386321 
3510.458433 0.395595 
3508.924301 0.404332 
3507.390170 0.413416 
3505.856039 0.422333 
3504.321907 0.431018 
3502.787776 0.439603 
3501.253645 0.448445 
3499.719513 0.458752 
3498.185382 0.468849 
3496.651250 0.478135 
3495.117119 0.488067 
3493.582988 0.497906 
3492.048856 0.506990 
3490.514725 0.516422 
3488.980594 0.527435 
3487.446462 0.537173 
3485.912331 0.547597 
3484.378199 0.558469 
3482.844068 0.568500 
3481.309937 0.579058 
3479.775805 0.589295 
3478.241674 0.600076 
3476.707543 0.610656 
3475.173411 0.622306 
3473.639280 0.632821 
3472.105148 0.643880 
3470.571017 0.654941 
3469.036886 0.664509 
3467.502754 0.673956 
3465.968623 0.684183 
3464.434491 0.698092 
3462.900360 0.710647 
3461.366229 0.719482 
3459.832097 0.727046 
3458.297966 0.737428 
3456.763835 0.748405 
3455.229703 0.757480 
3453.695572 0.767814 
3452.161440 0.778995 
3450.627309 0.790407 
3449.093178 0.799075 
3447.559046 0.806071 
3446.024915 0.814476 
3444.490784 0.825375 
3442.956652 0.837006 
3441.422521 0.847365 
3439.888389 0.857010 
3438.354258 0.865257 
3436.820127 0.873006 
3435.285995 0.881689 
3433.751864 0.891054 
3432.217733 0.900113 
3430.683601 0.907221 
3429.149470 0.913338 
3427.615338 0.919178 
3426.081207 0.926058 
3424.547076 0.934529 
3423.012944 0.941130 
3421.478813 0.945254 
3419.944682 0.948804 
3418.410550 0.953961 
3416.876419 0.959934 
3415.342287 0.967568 
3413.808156 0.974673 
3412.274025 0.978150 
3410.739893 0.980893 
3409.205762 0.984870 
3407.671631 0.990447 
3406.137499 0.997277 
3404.603368 1.004787 
3403.069236 1.008283 
3401.535105 1.006803 
3400.000974 1.005100 
3398.466842 1.006933 
3396.932711 1.013936 
3395.398580 1.020303 
3393.864448 1.022799 
3392.330317 1.025239 
3390.796185 1.027263 
3389.262054 1.026012 
3387.727923 1.025103 
3386.193791 1.027431 
3384.659660 1.029309 
3383.125529 1.030674 
3381.591397 1.032140 
3380.057266 1.032600 
3378.523134 1.033289 
3376.989003 1.037555 
3375.454872 1.043494 
3373.920740 1.044635 
3372.386609 1.041956 
3370.852477 1.042545 
3369.318346 1.045349 
3367.784215 1.045489 
3366.250083 1.045425 
3364.715952 1.046623 
3363.181821 1.044162 
3361.647689 1.039342 
3360.113558 1.038365 
3358.579426 1.038179 
3357.045295 1.036561 
3355.511164 1.036744 
3353.977032 1.040055 
3352.442901 1.042957 
3350.908770 1.042332 
3349.374638 1.040910 
3347.840507 1.041644 
3346.306375 1.040709 
3344.772244 1.036528 
3343.238113 1.034481 
3341.703981 1.035248 
3340.169850 1.034671 
3338.635719 1.032417 
3337.101587 1.030601 
3335.567456 1.029357 
3334.033324 1.027133 
3332.499193 1.025059 
3330.965062 1.023916 
3329.430930 1.022090 
3327.896799 1.020902 
3326.362668 1.021691 
3324.828536 1.019714 
3323.294405 1.013336 
3321.760273 1.008521 
3320.226142 1.006329 
3318.692011 1.003658 
3317.157879 1.000637 
3315.623748 1.000688 
3314.089617 1.000441 
3312.555485 0.997020 
3311.021354 0.992442 
3309.487222 0.989378 
3307.953091 0.988997 
3306.418960 0.989201 
3304.884828 0.986498 
3303.350697 0.981972 
3301.816566 0.977921 
3300.282434 0.975247 
3298.748303 0.973869 
3297.214171 0.972080 
3295.680040 0.967733 
3294.145909 0.962402 
3292.611777 0.957754 
3291.077646 0.954175 
3289.543515 0.953351 
3288.009383 0.951813 
3286.475252 0.946426 
3284.941120 0.940834 
3283.406989 0.936566 
3281.872858 0.933865 
3280.338726 0.929595 
3278.804595 0.925527 
3277.270463 0.923543 
3275.736332 0.920998 
3274.202201 0.916731 
3272.668069 0.912926 
3271.133938 0.910251 
3269.599807 0.906119 
3268.065675 0.899913 
3266.531544 0.895083 
3264.997412 0.892607 
3263.463281 0.889307 
3261.929150 0.885447 
3260.395018 0.882226 
3258.860887 0.877690 
3257.326756 0.872620 
3255.792624 0.867767 
3254.258493 0.864890 
3252.724361 0.862614 
3251.190230 0.859401 
3249.656099 0.854910 
3248.121967 0.849830 
3246.587836 0.846038 
3245.053705 0.843192 
3243.519573 0.839242 
3241.985442 0.833718 
3240.451310 0.827698 
3238.917179 0.824102 
3237.383048 0.822744 
3235.848916 0.820497 
3234.314785 0.816111 
3232.780654 0.811472 
3231.246522 0.807067 
3229.712391 0.801685 
3228.178259 0.796513 
3226.644128 0.791841 
3225.109997 0.787585 
3223.575865 0.782446 
3222.041734 0.777587 
3220.507603 0.774500 
3218.973471 0.770571 
3217.439340 0.765574 
3215.905208 0.761884 
3214.371077 0.758780 
3212.836946 0.752903 
3211.302814 0.747048 
3209.768683 0.742590 
3208.234552 0.738977 
3206.700420 0.734653 
3205.166289 0.729502 
3203.632157 0.724323 
3202.098026 0.719249 
3200.563895 0.714733 
3199.029763 0.709197 
3197.495632 0.703028 
3195.961501 0.697637 
3194.427369 0.694182 
3192.893238 0.689688 
3191.359106 0.682379 
3189.824975 0.675579 
3188.290844 0.669993 
3186.756712 0.665784 
3185.222581 0.662072 
3183.688449 0.657107 
3182.154318 0.650598 
3180.620187 0.644185 
3179.086055 0.639031 
3177.551924 0.633433 
3176.017793 0.626978 
3174.483661 0.621406 
3172.949530 0.616767 
3171.415398 0.611231 
3169.881267 0.603764 
3168.347136 0.596895 
3166.813004 0.591413 
3165.278873 0.587215 
3163.744742 0.582628 
3162.210610 0.577178 
3160.676479 0.571316 
3159.142347 0.564417 
3157.608216 0.557787 
3156.074085 0.551116 
3154.539953 0.545315 
3153.005822 0.539415 
3151.471691 0.533006 
3149.937559 0.526303 
3148.403428 0.519519 
3146.869296 0.513469 
3145.335165 0.506985 
3143.801034 0.500964 
3142.266902 0.494466 
3140.732771 0.488031 
3139.198640 0.480727 
3137.664508 0.473194 
3136.130377 0.466850 
3134.596245 0.461248 
3133.062114 0.455918 
3131.527983 0.449411 
3129.993851 0.442715 
3128.459720 0.435527 
3126.925589 0.428408 
3125.391457 0.421196 
3123.857326 0.413632 
3122.323194 0.406410 
3120.789063 0.399412 
3119.254932 0.393219 
3117.720800 0.386844 
3116.186669 0.380240 
3114.652538 0.373966 
3113.118406 0.367394 
3111.584275 0.360386 
3110.050143 0.353416 
3108.516012 0.346624 
3106.981881 0.340043 
3105.447749 0.333697 
3103.913618 0.327236 
3102.379486 0.320358 
3100.845355 0.314458 
3099.311224 0.308340 
3097.777092 0.302233 
3096.242961 0.295708 
3094.708830 0.289535 
3093.174698 0.283752 
3091.640567 0.277512 
3090.106435 0.271696 
3088.572304 0.265662 
3087.038173 0.259703 
3085.504041 0.252933 
3083.969910 0.246821 
3082.435779 0.241151 
3080.901647 0.235612 
3079.367516 0.229839 
3077.833384 0.223194 
3076.299253 0.217142 
3074.765122 0.211176 
3073.230990 0.205817 
3071.696859 0.200569 
3070.162728 0.195690 
3068.628596 0.190254 
3067.094465 0.184657 
3065.560333 0.179778 
3064.026202 0.174841 
3062.492071 0.169940 
3060.957939 0.165001 
3059.423808 0.160777 
3057.889677 0.156721 
3056.355545 0.152220 
3054.821414 0.147712 
3053.287282 0.143564 
3051.753151 0.139712 
3050.219020 0.135846 
3048.684888 0.132271 
3047.150757 0.128831 
3045.616626 0.125469 
3044.082494 0.122313 
3042.548363 0.118770 
3041.014231 0.115350 
3039.480100 0.112369 
3037.945969 0.109369 
3036.411837 0.106337 
3034.877706 0.103362 
3033.343575 0.100977 
3031.809443 0.098730 
3030.275312 0.096601 
3028.741180 0.094169 
3027.207049 0.091823 
3025.672918 0.089877 
3024.138786 0.088000 
3022.604655 0.086327 
3021.070524 0.084719 
3019.536392 0.083307 
3018.002261 0.081809 
3016.468129 0.080271 
3014.933998 0.078553 
3013.399867 0.077167 
3011.865735 0.076090 
3010.331604 0.074647 
3008.797472 0.072966 
3007.263341 0.071165 
3005.729210 0.069675 
3004.195078 0.068031 
3002.660947 0.066229 
3001.126816 0.064332 
2999.592684 0.062168 
2998.058553 0.059590 
2996.524421 0.057162 
2994.990290 0.055213 
2993.456159 0.053322 
2991.922027 0.051650 
2990.387896 0.050234 
2988.853765 0.048935 
2987.319633 0.047589 
2985.785502 0.046256 
2984.251370 0.045382 
2982.717239 0.044767 
2981.183108 0.043807 
2979.648976 0.042682 
2978.114845 0.041770 
2976.580714 0.041015 
2975.046582 0.040206 
2973.512451 0.039510 
2971.978319 0.039069 
2970.444188 0.038777 
2968.910057 0.038286 
2967.375925 0.037741 
2965.841794 0.037299 
2964.307663 0.036587 
2962.773531 0.035948 
2961.239400 0.035788 
2959.705268 0.035797 
2958.171137 0.035356 
2956.637006 0.034572 
2955.102874 0.033881 
2953.568743 0.033352 
2952.034612 0.032798 
2950.500480 0.031940 
2948.966349 0.031316 
2947.432217 0.031147 
2945.898086 0.030839 
2944.363955 0.030072 
2942.829823 0.029383 
2941.295692 0.029019 
2939.761561 0.028830 
2938.227429 0.028676 
2936.693298 0.028359 
2935.159166 0.028025 
2933.625035 0.027888 
2932.090904 0.027816 
2930.556772 0.027649 
2929.022641 0.027565 
2927.488510 0.027498 
2925.954378 0.027172 
2924.420247 0.026578 
2922.886115 0.026038 
2921.351984 0.025764 
2919.817853 0.025474 
2918.283721 0.024939 
2916.749590 0.024267 
2915.215458 0.023617 
2913.681327 0.022997 
2912.147196 0.022244 
2910.613064 0.021424 
2909.078933 0.020858 
2907.544802 0.020381 
2906.010670 0.019978 
2904.476539 0.019785 
2902.942407 0.019726 
2901.408276 0.019565 
2899.874145 0.019288 
2898.340013 0.018942 
2896.805882 0.018719 
2895.271751 0.018782 
2893.737619 0.018740 
2892.203488 0.018321 
2890.669356 0.017773 
2889.135225 0.017507 
2887.601094 0.017361 
2886.066962 0.017129 
2884.532831 0.016953 
2882.998700 0.016830 
2881.464568 0.016642 
2879.930437 0.016354 
2878.396305 0.016060 
2876.862174 0.015880 
2875.328043 0.015945 
2873.793911 0.016139 
2872.259780 0.016213 
2870.725649 0.016010 
2869.191517 0.015508 
2867.657386 0.015067 
2866.123254 0.014781 
2864.589123 0.014578 
2863.054992 0.014437 
2861.520860 0.014321 
2859.986729 0.014091 
2858.452598 0.013806 
2856.918466 0.013692 
2855.384335 0.013611 
2853.850203 0.013416 
2852.316072 0.013237 
2850.781941 0.013091 
2849.247809 0.012984 
2847.713678 0.012974 
2846.179547 0.012982 
2844.645415 0.012977 
2843.111284 0.013054 
2841.577152 0.013123 
2840.043021 0.013117 
2838.508890 0.013115 
2836.974758 0.013150 
2835.440627 0.013235 
2833.906495 0.013389 
2832.372364 0.013634 
2830.838233 0.013787 
2829.304101 0.013649 
2827.769970 0.013278 
2826.235839 0.012856 
2824.701707 0.012550 
2823.167576 0.012330 
2821.633444 0.012002 
2820.099313 0.011527 
2818.565182 0.011312 
2817.031050 0.011272 
2815.496919 0.011115 
2813.962788 0.010937 
2812.428656 0.010693 
2810.894525 0.010430 
2809.360393 0.010459 
2807.826262 0.010649 
2806.292131 0.010532 
2804.757999 0.010294 
2803.223868 0.010373 
2801.689737 0.010460 
2800.155605 0.010340 
2798.621474 0.010380 
2797.087342 0.010490 
2795.553211 0.010309 
2794.019080 0.010022 
2792.484948 0.009897 
2790.950817 0.009837 
2789.416686 0.009793 
2787.882554 0.009776 
2786.348423 0.009858 
2784.814291 0.009954 
2783.280160 0.009880 
2781.746029 0.009681 
2780.211897 0.009567 
2778.677766 0.009624 
2777.143635 0.009705 
2775.609503 0.009781 
2774.075372 0.009907 
2772.541240 0.009968 
2771.007109 0.009839 
2769.472978 0.009736 
2767.938846 0.009739 
2766.404715 0.009676 
2764.870584 0.009571 
2763.336452 0.009487 
2761.802321 0.009439 
2760.268189 0.009420 
2758.734058 0.009314 
2757.199927 0.009234 
2755.665795 0.009422 
2754.131664 0.009637 
2752.597533 0.009604 
2751.063401 0.009453 
2749.529270 0.009320 
2747.995138 0.009274 
2746.461007 0.009253 
2744.926876 0.009215 
2743.392744 0.009305 
2741.858613 0.009487 
2740.324481 0.009588 
2738.790350 0.009630 
2737.256219 0.009474 
2735.722087 0.009185 
2734.187956 0.009122 
2732.653825 0.009255 
2731.119693 0.009343 
2729.585562 0.009282 
2728.051430 0.009162 
2726.517299 0.009226 
2724.983168 0.009402 
2723.449036 0.009452 
2721.914905 0.009431 
2720.380774 0.009399 
2718.846642 0.009302 
2717.312511 0.009311 
2715.778379 0.009416 
2714.244248 0.009432 
2712.710117 0.009451 
2711.175985 0.009463 
2709.641854 0.009319 
2708.107723 0.009077 
2706.573591 0.008992 
2705.039460 0.009112 
2703.505328 0.009254 
2701.971197 0.009330 
2700.437066 0.009354 
2698.902934 0.009263 
2697.368803 0.009048 
2695.834672 0.008925 
2694.300540 0.008977 
2692.766409 0.008999 
2691.232277 0.008862 
2689.698146 0.008659 
2688.164015 0.008528 
2686.629883 0.008541 
2685.095752 0.008693 
2683.561621 0.008837 
2682.027489 0.008856 
2680.493358 0.008779 
2678.959226 0.008697 
2677.425095 0.008647 
2675.890964 0.008609 
2674.356832 0.008508 
2672.822701 0.008365 
2671.288570 0.008347 
2669.754438 0.008440 
2668.220307 0.008414 
2666.686175 0.008309 
2665.152044 0.008318 
2663.617913 0.008373 
2662.083781 0.008397 
2660.549650 0.008423 
2659.015519 0.008378 
2657.481387 0.008315 
2655.947256 0.008452 
2654.413124 0.008715 
2652.878993 0.008829 
2651.344862 0.008755 
2649.810730 0.008764 
2648.276599 0.008868 
2646.742467 0.008906 
2645.208336 0.008926 
2643.674205 0.009037 
2642.140073 0.009102 
2640.605942 0.008991 
2639.071811 0.008926 
2637.537679 0.009047 
2636.003548 0.009165 
2634.469416 0.009263 
2632.935285 0.009411 
2631.401154 0.009457 
2629.867022 0.009385 
2628.332891 0.009482 
2626.798760 0.009711 
2625.264628 0.009827 
2623.730497 0.009862 
2622.196365 0.009954 
2620.662234 0.010051 
2619.128103 0.010072 
2617.593971 0.010135 
2616.059840 0.010245 
2614.525709 0.010271 
2612.991577 0.010237 
2611.457446 0.010285 
2609.923314 0.010430 
2608.389183 0.010548 
2606.855052 0.010561 
2605.320920 0.010543 
2603.786789 0.010640 
2602.252658 0.010819 
2600.718526 0.010932 
2599.184395 0.011010 
2597.650263 0.011135 
2596.116132 0.011256 
2594.582001 0.011249 
2593.047869 0.011147 
2591.513738 0.011088 
2589.979607 0.011097 
2588.445475 0.011163 
2586.911344 0.011403 
2585.377212 0.011766 
2583.843081 0.011885 
2582.308950 0.011807 
2580.774818 0.011790 
2579.240687 0.011849 
2577.706556 0.011950 
2576.172424 0.012133 
2574.638293 0.012257 
2573.104161 0.012279 
2571.570030 0.012385 
2570.035899 0.012463 
2568.501767 0.012368 
2566.967636 0.012280 
2565.433505 0.012343 
2563.899373 0.012504 
2562.365242 0.012646 
2560.831110 0.012695 
2559.296979 0.012704 
2557.762848 0.012782 
2556.228716 0.012896 
2554.694585 0.012940 
2553.160453 0.012820 
2551.626322 0.012692 
2550.092191 0.012785 
2548.558059 0.012959 
2547.023928 0.012974 
2545.489797 0.012945 
2543.955665 0.013092 
2542.421534 0.013239 
2540.887402 0.013247 
2539.353271 0.013292 
2537.819140 0.013405 
2536.285008 0.013494 
2534.750877 0.013562 
2533.216746 0.013650 
2531.682614 0.013742 
2530.148483 0.013773 
2528.614351 0.013748 
2527.080220 0.013786 
2525.546089 0.013911 
2524.011957 0.014066 
2522.477826 0.014166 
2520.943695 0.014266 
2519.409563 0.014398 
2517.875432 0.014464 
2516.341300 0.014488 
2514.807169 0.014591 
2513.273038 0.014618 
2511.738906 0.014577 
2510.204775 0.014649 
2508.670644 0.014716 
2507.136512 0.014732 
2505.602381 0.014842 
2504.068249 0.015029 
2502.534118 0.015153 
2500.999987 0.015202 
2499.465855 0.015247 
2497.931724 0.015338 
2496.397593 0.015403 
2494.863461 0.015437 
2493.329330 0.015564 
2491.795198 0.015730 
2490.261067 0.015877 
2488.726936 0.015992 
2487.192804 0.016070 
2485.658673 0.016161 
2484.124542 0.016239 
2482.590410 0.016244 
2481.056279 0.016272 
2479.522147 0.016358 
2477.988016 0.016412 
2476.453885 0.016491 
2474.919753 0.016665 
2473.385622 0.016841 
2471.851490 0.016926 
2470.317359 0.016973 
2468.783228 0.017144 
2467.249096 0.017397 
2465.714965 0.017543 
2464.180834 0.017597 
2462.646702 0.017649 
2461.112571 0.017710 
2459.578439 0.017830 
2458.044308 0.017937 
2456.510177 0.017909 
2454.976045 0.017959 
2453.441914 0.018205 
2451.907783 0.018444 
2450.373651 0.018597 
2448.839520 0.018603 
2447.305388 0.018544 
2445.771257 0.018616 
2444.237126 0.018844 
2442.702994 0.018994 
2441.168863 0.019011 
2439.634732 0.019048 
2438.100600 0.019114 
2436.566469 0.019267 
2435.032337 0.019506 
2433.498206 0.019729 
2431.964075 0.019840 
2430.429943 0.019905 
2428.895812 0.020052 
2427.361681 0.020272 
2425.827549 0.020443 
2424.293418 0.020526 
2422.759286 0.020610 
2421.225155 0.020654 
2419.691024 0.020692 
2418.156892 0.020850 
2416.622761 0.021053 
2415.088630 0.021107 
2413.554498 0.021115 
2412.020367 0.021256 
2410.486235 0.021420 
2408.952104 0.021483 
2407.417973 0.021592 
2405.883841 0.021825 
2404.349710 0.021983 
2402.815579 0.022003 
2401.281447 0.022068 
2399.747316 0.022223 
2398.213184 0.022366 
2396.679053 0.022490 
2395.144922 0.022637 
2393.610790 0.022819 
2392.076659 0.022956 
2390.542528 0.023064 
2389.008396 0.023274 
2387.474265 0.023534 
2385.940133 0.023662 
2384.406002 0.023686 
2382.871871 0.023793 
2381.337739 0.024015 
2379.803608 0.024261 
2378.269476 0.024388 
2376.735345 0.024428 
2375.201214 0.024513 
2373.667082 0.024724 
2372.132951 0.025020 
2370.598820 0.025274 
2369.064688 0.025407 
2367.530557 0.025466 
2365.996425 0.025605 
2364.462294 0.025789 
2362.928163 0.026013 
2361.394031 0.026222 
2359.859900 0.026398 
2358.325769 0.026591 
2356.791637 0.026791 
2355.257506 0.026958 
2353.723374 0.027170 
2352.189243 0.027558 
2350.655112 0.028067 
2349.120980 0.028721 
2347.586849 0.029734 
2346.052718 0.031179 
2344.518586 0.032909 
2342.984455 0.034158 
2341.450323 0.034402 
2339.916192 0.033307 
2338.382061 0.031648 
2336.847929 0.030300 
2335.313798 0.029737 
2333.779667 0.029675 
2332.245535 0.029873 
2330.711404 0.030234 
2329.177272 0.030601 
2327.643141 0.030792 
2326.109010 0.030849 
2324.574878 0.030888 
2323.040747 0.031018 
2321.506616 0.031223 
2319.972484 0.031435 
2318.438353 0.031669 
2316.904221 0.031905 
2315.370090 0.032093 
2313.835959 0.032268 
2312.301827 0.032496 
2310.767696 0.032700 
2309.233565 0.032950 
2307.699433 0.033231 
2306.165302 0.033464 
2304.631170 0.033606 
2303.097039 0.033756 
2301.562908 0.034000 
2300.028776 0.034274 
2298.494645 0.034577 
2296.960514 0.034858 
2295.426382 0.035121 
2293.892251 0.035394 
2292.358119 0.035733 
2290.823988 0.036059 
2289.289857 0.036329 
2287.755725 0.036603 
2286.221594 0.036868 
2284.687462 0.037171 
2283.153331 0.037477 
2281.619200 0.037798 
2280.085068 0.038162 
2278.550937 0.038510 
2277.016806 0.038849 
2275.482674 0.039191 
2273.948543 0.039469 
2272.414411 0.039684 
2270.880280 0.039977 
2269.346149 0.040335 
2267.812017 0.040654 
2266.277886 0.040960 
2264.743755 0.041215 
2263.209623 0.041454 
2261.675492 0.041679 
2260.141360 0.041916 
2258.607229 0.042173 
2257.073098 0.042361 
2255.538966 0.042510 
2254.004835 0.042704 
2252.470704 0.042993 
2250.936572 0.043289 
2249.402441 0.043622 
2247.868309 0.043955 
2246.334178 0.044223 
2244.800047 0.044481 
2243.265915 0.044728 
2241.731784 0.045030 
2240.197653 0.045349 
2238.663521 0.045599 
2237.129390 0.045690 
2235.595258 0.045789 
2234.061127 0.046036 
2232.526996 0.046285 
2230.992864 0.046492 
2229.458733 0.046731 
2227.924602 0.046955 
2226.390470 0.047044 
2224.856339 0.047139 
2223.322207 0.047316 
2221.788076 0.047480 
2220.253945 0.047622 
2218.719813 0.047748 
2217.185682 0.047831 
2215.651551 0.047905 
2214.117419 0.047967 
2212.583288 0.047973 
2211.049156 0.048035 
2209.515025 0.048171 
2207.980894 0.048221 
2206.446762 0.048179 
2204.912631 0.048138 
2203.378499 0.048122 
2201.844368 0.048146 
2200.310237 0.048205 
2198.776105 0.048203 
2197.241974 0.048123 
2195.707843 0.048029 
2194.173711 0.047909 
2192.639580 0.047816 
2191.105448 0.047812 
2189.571317 0.047747 
2188.037186 0.047511 
2186.503054 0.047275 
2184.968923 0.047123 
2183.434792 0.046976 
2181.900660 0.046701 
2180.366529 0.046408 
2178.832397 0.046204 
2177.298266 0.045942 
2175.764135 0.045628 
2174.230003 0.045281 
2172.695872 0.044934 
2171.161741 0.044631 
2169.627609 0.044428 
2168.093478 0.044171 
2166.559346 0.043870 
2165.025215 0.043597 
2163.491084 0.043239 
2161.956952 0.042865 
2160.422821 0.042541 
2158.888690 0.042236 
2157.354558 0.041836 
2155.820427 0.041447 
2154.286295 0.041093 
2152.752164 0.040656 
2151.218033 0.040205 
2149.683901 0.039811 
2148.149770 0.039368 
2146.615639 0.038908 
2145.081507 0.038531 
2143.547376 0.038073 
2142.013244 0.037521 
2140.479113 0.037094 
2138.944982 0.036744 
2137.410850 0.036388 
2135.876719 0.035980 
2134.342588 0.035586 
2132.808456 0.035245 
2131.274325 0.034776 
2129.740193 0.034239 
2128.206062 0.033775 
2126.671931 0.033419 
2125.137799 0.032999 
2123.603668 0.032525 
2122.069537 0.032062 
2120.535405 0.031628 
2119.001274 0.031230 
2117.467142 0.030767 
2115.933011 0.030376 
2114.398880 0.029959 
2112.864748 0.029435 
2111.330617 0.028824 
2109.796485 0.028375 
2108.262354 0.028062 
2106.728223 0.027624 
2105.194091 0.027106 
2103.659960 0.026631 
2102.125829 0.026291 
2100.591697 0.025969 
2099.057566 0.025609 
2097.523434 0.025193 
2095.989303 0.024796 
2094.455172 0.024452 
2092.921040 0.024125 
2091.386909 0.023829 
2089.852778 0.023417 
2088.318646 0.022962 
2086.784515 0.022635 
2085.250383 0.022381 
2083.716252 0.022041 
2082.182121 0.021621 
2080.647989 0.021214 
2079.113858 0.020916 
2077.579727 0.020705 
2076.045595 0.020366 
2074.511464 0.019964 
2072.977332 0.019678 
2071.443201 0.019412 
2069.909070 0.019163 
2068.374938 0.018927 
2066.840807 0.018637 
2065.306676 0.018358 
2063.772544 0.018063 
2062.238413 0.017722 
2060.704281 0.017431 
2059.170150 0.017280 
2057.636019 0.017076 
2056.101887 0.016813 
2054.567756 0.016541 
2053.033625 0.016278 
2051.499493 0.016029 
2049.965362 0.015755 
2048.431230 0.015485 
2046.897099 0.015235 
2045.362968 0.015047 
2043.828836 0.014831 
2042.294705 0.014586 
2040.760574 0.014333 
2039.226442 0.014123 
2037.692311 0.013946 
2036.158179 0.013718 
2034.624048 0.013464 
2033.089917 0.013254 
2031.555785 0.013155 
2030.021654 0.013058 
2028.487523 0.012889 
2026.953391 0.012696 
2025.419260 0.012499 
2023.885128 0.012287 
2022.350997 0.012057 
2020.816866 0.011929 
2019.282734 0.011885 
2017.748603 0.011767 
2016.214471 0.011592 
2014.680340 0.011440 
2013.146209 0.011265 
2011.612077 0.011073 
2010.077946 0.010923 
2008.543815 0.010741 
2007.009683 0.010530 
2005.475552 0.010376 
2003.941420 0.010239 
2002.407289 0.010086 
2000.873158 0.009917 
1999.339026 0.009772 
1997.804895 0.009675 
1996.270764 0.009584 
1994.736632 0.009424 
1993.202501 0.009191 
1991.668369 0.009039 
1990.134238 0.009026 
1988.600107 0.009020 
1987.065975 0.008918 
1985.531844 0.008844 
1983.997713 0.008841 
1982.463581 0.008826 
1980.929450 0.008782 
1979.395318 0.008717 
1977.861187 0.008624 
1976.327056 0.008493 
1974.792924 0.008384 
1973.258793 0.008294 
1971.724662 0.008239 
1970.190530 0.008239 
1968.656399 0.008198 
1967.122267 0.008065 
1965.588136 0.007969 
1964.054005 0.008009 
1962.519873 0.008060 
1960.985742 0.008025 
1959.451611 0.007941 
1957.917479 0.007854 
1956.383348 0.007821 
1954.849216 0.007820 
1953.315085 0.007783 
1951.780954 0.007772 
1950.246822 0.007836 
1948.712691 0.007849 
1947.178560 0.007775 
1945.644428 0.007665 
1944.110297 0.007504 
1942.576165 0.007435 
1941.042034 0.007543 
1939.507903 0.007704 
1937.973771 0.007761 
1936.439640 0.007787 
1934.905509 0.007816 
1933.371377 0.007824 
1931.837246 0.007875 
1930.303114 0.007979 
1928.768983 0.007995 
1927.234852 0.007974 
1925.700720 0.007971 
1924.166589 0.007856 
1922.632457 0.007790 
1921.098326 0.007906 
1919.564195 0.007830 
1918.030063 0.007605 
1916.495932 0.007733 
1914.961801 0.008035 
1913.427669 0.008148 
1911.893538 0.008166 
1910.359406 0.008195 
1908.825275 0.008298 
1907.291144 0.008483 
1905.757012 0.008667 
1904.222881 0.008742 
1902.688750 0.008750 
1901.154618 0.008791 
1899.620487 0.008895 
1898.086355 0.008987 
1896.552224 0.008980 
1895.018093 0.008979 
1893.483961 0.009137 
1891.949830 0.009293 
1890.415699 0.009228 
1888.881567 0.009233 
1887.347436 0.009493 
1885.813304 0.009698 
1884.279173 0.009790 
1882.745042 0.009968 
1881.210910 0.010138 
1879.676779 0.010223 
1878.142648 0.010369 
1876.608516 0.010538 
1875.074385 0.010592 
1873.540253 0.010722 
1872.006122 0.010850 
1870.471991 0.010639 
1868.937859 0.010334 
1867.403728 0.010556 
1865.869597 0.011104 
1864.335465 0.011526 
1862.801334 0.011791 
1861.267202 0.011902 
1859.733071 0.011956 
1858.198940 0.012065 
1856.664808 0.012290 
1855.130677 0.012559 
1853.596546 0.012757 
1852.062414 0.012915 
1850.528283 0.012952 
1848.994151 0.012967 
1847.460020 0.013115 
1845.925889 0.012969 
1844.391757 0.012524 
1842.857626 0.012733 
1841.323494 0.013694 
1839.789363 0.014270 
1838.255232 0.014397 
1836.721100 0.014518 
1835.186969 0.014737 
1833.652838 0.015019 
1832.118706 0.015047 
1830.584575 0.014738 
1829.050443 0.014863 
1827.516312 0.015408 
1825.982181 0.015638 
1824.448049 0.015855 
1822.913918 0.016463 
1821.379787 0.016966 
1819.845655 0.017289 
1818.311524 0.017583 
1816.777392 0.017769 
1815.243261 0.017969 
1813.709130 0.018262 
1812.174998 0.018497 
1810.640867 0.018730 
1809.106736 0.019138 
1807.572604 0.019584 
1806.038473 0.019965 
1804.504341 0.020226 
1802.970210 0.020389 
1801.436079 0.020509 
1799.901947 0.020747 
1798.367816 0.021229 
1796.833685 0.021795 
1795.299553 0.022096 
1793.765422 0.021926 
1792.231290 0.021905 
1790.697159 0.022679 
1789.163028 0.023846 
1787.628896 0.024675 
1786.094765 0.024961 
1784.560634 0.025388 
1783.026502 0.026072 
1781.492371 0.026702 
1779.958239 0.027216 
1778.424108 0.027821 
1776.889977 0.028443 
1775.355845 0.028867 
1773.821714 0.028683 
1772.287583 0.028537 
1770.753451 0.029540 
1769.219320 0.030862 
1767.685188 0.031878 
1766.151057 0.033161 
1764.616926 0.034418 
1763.082794 0.034828 
1761.548663 0.035328 
1760.014532 0.036717 
1758.480400 0.037930 
1756.946269 0.038654 
1755.412137 0.039906 
1753.878006 0.041258 
1752.343875 0.041857 
1750.809743 0.042495 
1749.275612 0.043987 
1747.741480 0.045834 
1746.207349 0.047617 
1744.673218 0.049320 
1743.139086 0.050924 
1741.604955 0.052496 
1740.070824 0.053770 
1738.536692 0.055793 
1737.002561 0.058026 
1735.468429 0.059017 
1733.934298 0.059737 
1732.400167 0.062719 
1730.866035 0.066653 
1729.331904 0.069600 
1727.797773 0.072485 
1726.263641 0.075227 
1724.729510 0.077985 
1723.195378 0.080565 
1721.661247 0.083462 
1720.127116 0.085845 
1718.592984 0.087253 
1717.058853 0.089345 
1715.524722 0.092650 
1713.990590 0.096711 
1712.456459 0.100409 
1710.922327 0.103855 
1709.388196 0.106743 
1707.854065 0.109442 
1706.319933 0.111603 
1704.785802 0.113905 
1703.251671 0.116825 
1701.717539 0.118038 
1700.183408 0.118688 
1698.649276 0.121847 
1697.115145 0.125123 
1695.581014 0.127103 
1694.046882 0.130270 
1692.512751 0.134097 
1690.978620 0.136269 
1689.444488 0.137849 
1687.910357 0.139701 
1686.376225 0.140259 
1684.842094 0.139556 
1683.307963 0.140780 
1681.773831 0.144015 
1680.239700 0.146418 
1678.705569 0.147839 
1677.171437 0.148476 
1675.637306 0.148287 
1674.103174 0.148718 
1672.569043 0.150033 
1671.034912 0.150447 
1669.500780 0.150040 
1667.966649 0.150513 
1666.432518 0.151645 
1664.898386 0.151875 
1663.364255 0.151261 
1661.830123 0.150937 
1660.295992 0.151108 
1658.761861 0.151024 
1657.227729 0.150512 
1655.693598 0.149236 
1654.159466 0.145682 
1652.625335 0.143071 
1651.091204 0.144470 
1649.557072 0.146330 
1648.022941 0.145610 
1646.488810 0.143825 
1644.954678 0.143495 
1643.420547 0.143967 
1641.886415 0.143634 
1640.352284 0.142492 
1638.818153 0.140862 
1637.284021 0.138365 
1635.749890 0.135380 
1634.215759 0.134115 
1632.681627 0.134060 
1631.147496 0.133152 
1629.613364 0.131341 
1628.079233 0.129383 
1626.545102 0.127609 
1625.010970 0.125647 
1623.476839 0.123479 
1621.942708 0.121807 
1620.408576 0.120846 
1618.874445 0.119120 
1617.340313 0.116176 
1615.806182 0.114365 
1614.272051 0.114139 
1612.737919 0.113858 
1611.203788 0.112807 
1609.669657 0.111596 
1608.135525 0.110547 
1606.601394 0.109551 
1605.067262 0.108640 
1603.533131 0.107582 
1601.999000 0.106633 
1600.464868 0.105719 
1598.930737 0.104836 
1597.396606 0.103968 
1595.862474 0.103198 
1594.328343 0.102508 
1592.794211 0.101792 
1591.260080 0.101147 
1589.725949 0.100446 
1588.191817 0.099757 
1586.657686 0.098987 
1585.123555 0.098370 
1583.589423 0.097782 
1582.055292 0.097068 
1580.521160 0.096521 
1578.987029 0.095765 
1577.452898 0.094139 
1575.918766 0.092439 
1574.384635 0.092686 
1572.850504 0.093520 
1571.316372 0.092632 
1569.782241 0.091118 
1568.248109 0.090707 
1566.713978 0.090781 
1565.179847 0.090354 
1563.645715 0.089790 
1562.111584 0.088775 
1560.577452 0.085677 
1559.043321 0.082546 
1557.509190 0.082712 
1555.975058 0.084432 
1554.440927 0.085018 
1552.906796 0.085096 
1551.372664 0.085221 
1549.838533 0.084832 
1548.304401 0.084396 
1546.770270 0.083811 
1545.236139 0.082511 
1543.702007 0.080974 
1542.167876 0.079553 
1540.633745 0.077630 
1539.099613 0.076668 
1537.565482 0.078164 
1536.031350 0.079509 
1534.497219 0.078887 
1532.963088 0.078018 
1531.428956 0.078129 
1529.894825 0.078164 
1528.360694 0.077512 
1526.826562 0.076408 
1525.292431 0.075634 
1523.758299 0.074935 
1522.224168 0.073343 
1520.690037 0.072258 
1519.155905 0.072897 
1517.621774 0.073260 
1516.087643 0.072972 
1514.553511 0.073034 
1513.019380 0.072871 
1511.485248 0.072237 
1509.951117 0.071583 
1508.416986 0.069818 
1506.882854 0.067616 
1505.348723 0.067460 
1503.814592 0.069481 
1502.280460 0.070722 
1500.746329 0.070492 
1499.212197 0.069850 
1497.678066 0.068971 
1496.143935 0.068417 
1494.609803 0.069027 
1493.075672 0.069969 
1491.541541 0.069783 
1490.007409 0.069062 
1488.473278 0.068969 
1486.939146 0.069147 
1485.405015 0.069280 
1483.870884 0.069254 
1482.336752 0.068834 
1480.802621 0.068473 
1479.268489 0.068310 
1477.734358 0.067829 
1476.200227 0.067041 
1474.666095 0.066221 
1473.131964 0.065517 
1471.597833 0.065892 
1470.063701 0.067531 
1468.529570 0.069082 
1466.995438 0.069419 
1465.461307 0.069018 
1463.927176 0.068853 
1462.393044 0.069130 
1460.858913 0.069052 
1459.324782 0.067581 
1457.790650 0.065030 
1456.256519 0.063514 
1454.722387 0.064001 
1453.188256 0.064443 
1451.654125 0.063680 
1450.119993 0.062774 
1448.585862 0.061955 
1447.051731 0.061366 
1445.517599 0.061170 
1443.983468 0.060949 
1442.449336 0.060476 
1440.915205 0.060079 
1439.381074 0.059470 
1437.846942 0.058119 
1436.312811 0.057089 
1434.778680 0.057413 
1433.244548 0.058097 
1431.710417 0.057954 
1430.176285 0.057437 
1428.642154 0.057197 
1427.108023 0.057125 
1425.573891 0.056800 
1424.039760 0.056312 
1422.505629 0.055929 
1420.971497 0.055048 
1419.437366 0.053707 
1417.903234 0.053577 
1416.369103 0.054316 
1414.834972 0.054652 
1413.300840 0.054518 
1411.766709 0.054197 
1410.232578 0.053766 
1408.698446 0.053418 
1407.164315 0.053106 
1405.630183 0.052610 
1404.096052 0.052288 
1402.561921 0.052200 
1401.027789 0.051800 
1399.493658 0.051151 
1397.959527 0.050759 
1396.425395 0.050500 
1394.891264 0.050095 
1393.357132 0.050043 
1391.823001 0.050358 
1390.288870 0.050276 
1388.754738 0.049684 
1387.220607 0.049260 
1385.686475 0.049343 
1384.152344 0.049563 
1382.618213 0.049456 
1381.084081 0.049106 
1379.549950 0.048805 
1378.015819 0.048631 
1376.481687 0.048415 
1374.947556 0.047943 
1373.413424 0.047492 
1371.879293 0.047389 
1370.345162 0.047233 
1368.811030 0.046798 
1367.276899 0.046465 
1365.742768 0.046151 
1364.208636 0.045570 
1362.674505 0.045010 
1361.140373 0.044903 
1359.606242 0.044907 
1358.072111 0.044805 
1356.537979 0.044626 
1355.003848 0.044267 
1353.469717 0.043871 
1351.935585 0.043599 
1350.401454 0.043364 
1348.867322 0.043020 
1347.333191 0.042721 
1345.799060 0.042442 
1344.264928 0.042166 
1342.730797 0.041877 
1341.196666 0.041446 
1339.662534 0.041021 
1338.128403 0.040786 
1336.594271 0.040701 
1335.060140 0.040561 
1333.526009 0.040380 
1331.991877 0.040148 
1330.457746 0.039856 
1328.923615 0.039544 
1327.389483 0.039242 
1325.855352 0.039014 
1324.321220 0.038774 
1322.787089 0.038482 
1321.252958 0.038157 
1319.718826 0.037895 
1318.184695 0.037684 
1316.650564 0.037477 
1315.116432 0.037256 
1313.582301 0.037027 
1312.048169 0.036830 
1310.514038 0.036634 
1308.979907 0.036428 
1307.445775 0.036226 
1305.911644 0.036012 
1304.377513 0.035819 
1302.843381 0.035666 
1301.309250 0.035458 
1299.775118 0.035187 
1298.240987 0.034978 
1296.706856 0.034811 
1295.172724 0.034583 
1293.638593 0.034381 
1292.104461 0.034196 
1290.570330 0.033966 
1289.036199 0.033746 
1287.502067 0.033588 
1285.967936 0.033495 
1284.433805 0.033396 
1282.899673 0.033322 
1281.365542 0.033434 
1279.831410 0.033878 
1278.297279 0.034959 
1276.763148 0.037206 
1275.229016 0.041276 
1273.694885 0.047729 
1272.160754 0.055132 
1270.626622 0.060855 
1269.092491 0.060753 
1267.558359 0.053930 
1266.024228 0.045704 
1264.490097 0.039252 
1262.955965 0.035776 
1261.421834 0.034264 
1259.887703 0.033505 
1258.353571 0.033112 
1256.819440 0.032921 
1255.285308 0.032785 
1253.751177 0.032584 
1252.217046 0.032394 
1250.682914 0.032242 
1249.148783 0.032021 
1247.614652 0.031754 
1246.080520 0.031481 
1244.546389 0.031207 
1243.012257 0.030902 
1241.478126 0.030629 
1239.943995 0.030413 
1238.409863 0.030222 
1236.875732 0.030030 
1235.341601 0.029807 
1233.807469 0.029579 
1232.273338 0.029368 
1230.739206 0.029164 
1229.205075 0.028961 
1227.670944 0.028752 
1226.136812 0.028560 
1224.602681 0.028349 
1223.068550 0.028131 
1221.534418 0.027898 
1220.000287 0.027692 
1218.466155 0.027493 
1216.932024 0.027248 
1215.397893 0.026994 
1213.863761 0.026710 
1212.329630 0.026396 
1210.795498 0.026014 
1209.261367 0.025680 
1207.727236 0.025389 
1206.193104 0.025086 
1204.658973 0.024780 
1203.124842 0.024507 
1201.590710 0.024266 
1200.056579 0.023942 
1198.522447 0.023638 
1196.988316 0.023389 
1195.454185 0.023148 
1193.920053 0.022854 
1192.385922 0.022578 
1190.851791 0.022375 
1189.317659 0.022156 
1187.783528 0.021933 
1186.249396 0.021761 
1184.715265 0.021625 
1183.181134 0.021456 
1181.647002 0.021280 
1180.112871 0.021155 
1178.578740 0.021075 
1177.044608 0.021004 
1175.510477 0.020921 
1173.976345 0.020774 
1172.442214 0.020592 
1170.908083 0.020535 
1169.373951 0.020684 
1167.839820 0.020981 
1166.305689 0.021470 
1164.771557 0.022150 
1163.237426 0.022872 
1161.703294 0.023443 
1160.169163 0.023940 
1158.635032 0.024324 
1157.100900 0.024549 
1155.566769 0.024498 
1154.032638 0.024219 
1152.498506 0.023710 
1150.964375 0.023007 
1149.430243 0.022105 
1147.896112 0.021120 
1146.361981 0.020044 
1144.827849 0.019139 
1143.293718 0.018314 
1141.759587 0.017667 
1140.225455 0.017211 
1138.691324 0.016918 
1137.157192 0.016679 
1135.623061 0.016435 
1134.088930 0.016274 
1132.554798 0.016195 
1131.020667 0.016124 
1129.486536 0.016026 
1127.952404 0.015994 
1126.418273 0.016039 
1124.884141 0.016069 
1123.350010 0.015996 
1121.815879 0.015794 
1120.281747 0.015570 
1118.747616 0.015265 
1117.213484 0.014880 
1115.679353 0.014569 
1114.145222 0.014406 
1112.611090 0.014273 
1111.076959 0.014114 
1109.542828 0.013842 
1108.008696 0.013474 
1106.474565 0.013239 
1104.940433 0.013132 
1103.406302 0.012993 
1101.872171 0.012831 
1100.338039 0.012736 
1098.803908 0.012733 
1097.269777 0.012756 
1095.735645 0.012864 
1094.201514 0.013203 
1092.667382 0.013762 
1091.133251 0.014261 
1089.599120 0.014620 
1088.064988 0.014782 
1086.530857 0.014899 
1084.996726 0.014941 
1083.462594 0.014745 
1081.928463 0.014472 
1080.394331 0.014500 
1078.860200 0.014688 
1077.326069 0.014743 
1075.791937 0.014749 
1074.257806 0.014817 
1072.723675 0.014696 
1071.189543 0.014301 
1069.655412 0.013771 
1068.121280 0.013246 
1066.587149 0.012727 
1065.053018 0.012219 
1063.518886 0.011842 
1061.984755 0.011555 
1060.450624 0.011381 
1058.916492 0.011259 
1057.382361 0.011070 
1055.848229 0.010845 
1054.314098 0.010730 
1052.779967 0.010719 
1051.245835 0.010700 
1049.711704 0.010648 
1048.177573 0.010609 
1046.643441 0.010527 
1045.109310 0.010405 
1043.575178 0.010330 
1042.041047 0.010325 
1040.506916 0.010357 
1038.972784 0.010375 
1037.438653 0.010308 
1035.904522 0.010196 
1034.370390 0.010137 
1032.836259 0.010064 
1031.302127 0.009943 
1029.767996 0.009852 
1028.233865 0.009848 
1026.699733 0.009878 
1025.165602 0.009862 
1023.631470 0.009826 
1022.097339 0.009818 
1020.563208 0.009788 
1019.029076 0.009728 
1017.494945 0.009737 
1015.960814 0.009810 
1014.426682 0.009858 
1012.892551 0.009882 
1011.358419 0.009894 
1009.824288 0.009900 
1008.290157 0.009967 
1006.756025 0.010072 
1005.221894 0.010113 
1003.687763 0.010134 
1002.153631 0.010276 
1000.619500 0.010471 
999.085368 0.010606 
997.551237 0.010691 
996.017106 0.010839 
994.482974 0.011070 
992.948843 0.011287 
991.414712 0.011456 
989.880580 0.011697 
988.346449 0.012059 
986.812317 0.012427 
985.278186 0.012749 
983.744055 0.013108 
982.209923 0.013510 
980.675792 0.013880 
979.141661 0.014257 
977.607529 0.014708 
976.073398 0.015212 
974.539266 0.015739 
973.005135 0.016280 
971.471004 0.016811 
969.936872 0.017364 
968.402741 0.017981 
966.868610 0.018667 
965.334478 0.019382 
963.800347 0.020056 
962.266215 0.020719 
960.732084 0.021477 
959.197953 0.022268 
957.663821 0.022991 
956.129690 0.023704 
954.595559 0.024517 
953.061427 0.025418 
951.527296 0.026296 
949.993164 0.027137 
948.459033 0.027998 
946.924902 0.028868 
945.390770 0.029734 
943.856639 0.030612 
942.322508 0.031489 
940.788376 0.032415 
939.254245 0.033409 
937.720113 0.034424 
936.185982 0.035434 
934.651851 0.036411 
933.117719 0.037331 
931.583588 0.038270 
930.049456 0.039290 
928.515325 0.040326 
926.981194 0.041315 
925.447062 0.042298 
923.912931 0.043310 
922.378800 0.044374 
920.844668 0.045500 
919.310537 0.046662 
917.776405 0.047729 
916.242274 0.048707 
914.708143 0.049721 
913.174011 0.050788 
911.639880 0.051828 
910.105749 0.052766 
908.571617 0.053639 
907.037486 0.054637 
905.503354 0.055694 
903.969223 0.056602 
902.435092 0.057477 
900.900960 0.058493 
899.366829 0.059536 
897.832698 0.060480 
896.298566 0.061357 
894.764435 0.062149 
893.230303 0.062841 
891.696172 0.063618 
890.162041 0.064471 
888.627909 0.065211 
887.093778 0.065946 
885.559647 0.066804 
884.025515 0.067641 
882.491384 0.068403 
880.957252 0.069251 
879.423121 0.070301 
877.888990 0.071579 
876.354858 0.072978 
874.820727 0.074557 
873.286596 0.076500 
871.752464 0.078836 
870.218333 0.081625 
868.684201 0.084871 
867.150070 0.088538 
865.615939 0.092241 
864.081807 0.095595 
862.547676 0.098377 
861.013545 0.100472 
859.479413 0.101691 
857.945282 0.102127 
856.411150 0.101833 
854.877019 0.100840 
853.342888 0.099665 
851.808756 0.098637 
850.274625 0.097709 
848.740493 0.096918 
847.206362 0.096358 
845.672231 0.096034 
844.138099 0.095977 
842.603968 0.096067 
841.069837 0.096252 
839.535705 0.096524 
838.001574 0.096797 
836.467442 0.097006 
834.933311 0.097200 
833.399180 0.097437 
831.865048 0.097787 
830.330917 0.098213 
828.796786 0.098607 
827.262654 0.098953 
825.728523 0.099291 
824.194391 0.099671 
822.660260 0.100053 
821.126129 0.100302 
819.591997 0.100487 
818.057866 0.100801 
816.523735 0.101199 
814.989603 0.101563 
813.455472 0.101908 
811.921340 0.102230 
810.387209 0.102481 
808.853078 0.102699 
807.318946 0.102979 
805.784815 0.103309 
804.250684 0.103612 
802.716552 0.103855 
801.182421 0.104113 
799.648289 0.104399 
798.114158 0.104743 
796.580027 0.105083 
795.045895 0.105360 
793.511764 0.105686 
791.977633 0.106215 
790.443501 0.106789 
788.909370 0.107249 
787.375238 0.107598 
785.841107 0.107853 
784.306976 0.108053 
782.772844 0.108260 
781.238713 0.108483 
779.704582 0.108676 
778.170450 0.108866 
776.636319 0.108999 
775.102187 0.109016 
773.568056 0.108912 
772.033925 0.108749 
770.499793 0.108518 
768.965662 0.108264 
767.431531 0.108013 
765.897399 0.107664 
764.363268 0.107228 
762.829136 0.106818 
761.295005 0.106480 
759.760874 0.106256 
758.226742 0.106088 
756.692611 0.105814 
755.158479 0.105478 
753.624348 0.105138 
752.090217 0.104751 
750.556085 0.104313 
749.021954 0.103904 
747.487823 0.103573 
745.953691 0.103287 
744.419560 0.102914 
742.885428 0.102415 
741.351297 0.101881 
739.817166 0.101390 
738.283034 0.101024 
736.748903 0.100747 
735.214772 0.100261 
733.680640 0.099601 
732.146509 0.098997 
730.612377 0.098475 
729.078246 0.097905 
727.544115 0.097341 
726.009983 0.096808 
724.475852 0.096224 
722.941721 0.095615 
721.407589 0.094944 
719.873458 0.094196 
718.339326 0.093512 
716.805195 0.092890 
715.271064 0.092210 
713.736932 0.091483 
712.202801 0.090708 
710.668670 0.089894 
709.134538 0.089127 
707.600407 0.088386 
706.066275 0.087636 
704.532144 0.086958 
702.998013 0.086297 
701.463881 0.085524 
699.929750 0.084754 
698.395619 0.083994 
696.861487 0.083139 
695.327356 0.082263 
693.793224 0.081416 
692.259093 0.080558 
690.724962 0.079721 
689.190830 0.078812 
687.656699 0.077818 
686.122568 0.076960 
684.588436 0.076200 
683.054305 0.075354 
681.520173 0.074430 
679.986042 0.073482 
678.451911 0.072587 
676.917779 0.071737 
675.383648 0.070861 
673.849517 0.069945 
672.315385 0.068954 
670.781254 0.067973 
669.247122 0.067156 
667.712991 0.066408 
666.178860 0.065545 
664.644728 0.064642 
663.110597 0.063750 
661.576465 0.062839 
660.042334 0.061923 
658.508203 0.061010 
656.974071 0.060154 
655.439940 0.059317 
653.905809 0.058457 
652.371677 0.057675 
650.837546 0.056895 
649.303414 0.056072 
647.769283 0.055344 
646.235152 0.054582 
644.701020 0.053670 
643.166889 0.052787 
641.632758 0.051945 
640.098626 0.051344 
638.564495 0.051106 
637.030363 0.050419 
635.496232 0.049165 
633.962101 0.048226 
632.427969 0.047541 
630.893838 0.046687 
629.359707 0.045917 
627.825575 0.045288 
626.291444 0.044618 
624.757312 0.043913 
623.223181 0.043047 
621.689050 0.042282 
620.154918 0.041960 
618.620787 0.041591 
617.086656 0.040701 
615.552524 0.039672 
614.018393 0.038901 
612.484261 0.038187 
610.950130 0.037572 
609.415999 0.037102 
607.881867 0.036602 
606.347736 0.036218 
604.813605 0.035902 
603.279473 0.035224 
601.745342 0.034494 
600.211210 0.034232 
598.677079 0.033941 
597.142948 0.033336 
595.608816 0.032733 
594.074685 0.032251 
592.540554 0.031850 
591.006422 0.031456 
589.472291 0.030999 
587.938159 0.030524 
586.404028 0.030281 
584.869897 0.030473 
583.335765 0.030505 
581.801634 0.029749 
580.267503 0.028799 
578.733371 0.028185 
577.199240 0.027714 
575.665108 0.027316 
574.130977 0.027076 
572.596846 0.026773 
571.062714 0.026688 
569.528583 0.026954 
567.994451 0.026638 
566.460320 0.025507 
564.926189 0.024922 
563.392057 0.024858 
561.857926 0.024374 
560.323795 0.023850 
558.789663 0.023693 
557.255532 0.023298 
555.721400 0.022600 
554.187269 0.022229 
552.653138 0.022197 
551.119006 0.021772 
549.584875 0.021000 
548.050744 0.020730 
546.516612 0.020997 
544.982481 0.021167 
543.448349 0.020925 
541.914218 0.020463 
540.380087 0.020073 
538.845955 0.019805 
537.311824 0.019530 
535.777693 0.019331 
534.243561 0.019111 
532.709430 0.018809 
531.175298 0.018763 
529.641167 0.018763 
528.107036 0.018330 
526.572904 0.017772 
525.038773 0.017498 
523.504642 0.017359 
521.970510 0.017102 
520.436379 0.016694 
518.902247 0.016398 
517.368116 0.016253 
515.833985 0.015961 
514.299853 0.015607 
512.765722 0.015501 
511.231591 0.015483 
509.697459 0.015284 
508.163328 0.015113 
506.629196 0.015175 
505.095065 0.015058 
503.560934 0.014451 
502.026802 0.013866 
500.492671 0.013795 
498.958540 0.013624 
497.424408 0.012634 
495.890277 0.011774 
494.356145 0.012243 
492.822014 0.013024 
491.287883 0.012818 
489.753751 0.012302 
488.219620 0.012029 
486.685488 0.011894 
485.151357 0.011847 
483.617226 0.011723 
482.083094 0.011450 
480.548963 0.011358 
479.014832 0.011507 
477.480700 0.011528 
475.946569 0.011310 
474.412437 0.011070 
472.878306 0.010747 
471.344175 0.010497 
469.810043 0.010502 
468.275912 0.010319 
466.741781 0.009956 
465.207649 0.009947 
463.673518 0.009751 
462.139386 0.009045 
460.605255 0.008657 
459.071124 0.008720 
457.536992 0.008832 
456.002861 0.008903 
454.468730 0.008733 
452.934598 0.008452 
451.400467 0.008489 
449.866335 0.008776 
448.332204 0.008928 
446.798073 0.008784 
445.263941 0.008472 
443.729810 0.008199 
442.195679 0.008135 
440.661547 0.008254 
439.127416 0.008231 
437.593284 0.007922 
436.059153 0.007692 
434.525022 0.007602 
432.990890 0.007483 
431.456759 0.007657 
429.922628 0.008060 
428.388496 0.008315 
426.854365 0.007775 
425.320233 0.006269 
423.786102 0.005134 
422.251971 0.005566 
420.717839 0.006449 
419.183708 0.006788 
417.649577 0.007464 
416.115445 0.008637 
414.581314 0.009643 
413.047182 0.010068 
411.513051 0.009664 
409.978920 0.009309 
408.444788 0.010330 
406.910657 0.011205 
405.376526 0.010552 
403.842394 0.010415 
402.308263 0.010862 
400.774131 0.010239 
399.240000 0.009326 
