3998.87839	7.9E-4
3997.91411	9.2E-4
3996.94983	0.0011
3995.98555	0.00117
3995.02126	0.00114
3994.05698	0.00124
3993.0927	0.00143
3992.12842	0.00156
3991.16414	0.00158
3990.19985	0.00157
3989.23557	0.00171
3988.27129	0.00197
3987.30701	0.00222
3986.34272	0.00239
3985.37844	0.00237
3984.41416	0.00226
3983.44988	0.00218
3982.4856	0.00219
3981.52131	0.00224
3980.55703	0.00227
3979.59275	0.00232
3978.62847	0.00248
3977.66418	0.00276
3976.6999	0.00304
3975.73562	0.00311
3974.77134	0.00299
3973.80706	0.00285
3972.84277	0.00278
3971.87849	0.00283
3970.91421	0.00302
3969.94993	0.00311
3968.98564	0.00291
3968.02136	0.0026
3967.05708	0.00248
3966.0928	0.00258
3965.12852	0.00275
3964.16423	0.0029
3963.19995	0.00293
3962.23567	0.0028
3961.27139	0.00263
3960.3071	0.00261
3959.34282	0.00269
3958.37854	0.00277
3957.41426	0.00279
3956.44998	0.00278
3955.48569	0.00275
3954.52141	0.00274
3953.55713	0.00268
3952.59285	0.00267
3951.62856	0.00283
3950.66428	0.00294
3949.7	0.00267
3948.73572	0.00216
3947.77144	0.00179
3946.80715	0.00191
3945.84287	0.00246
3944.87859	0.00299
3943.91431	0.00307
3942.95002	0.00264
3941.98574	0.00209
3941.02146	0.00213
3940.05718	0.00257
3939.0929	0.00289
3938.12861	0.00296
3937.16433	0.00297
3936.20005	0.003
3935.23577	0.00277
3934.27148	0.00202
3933.3072	9.8E-4
3932.34292	5.5E-4
3931.37864	0.00119
3930.41436	0.00212
3929.45007	0.00251
3928.48579	0.0025
3927.52151	0.00267
3926.55723	0.00305
3925.59294	0.00321
3924.62866	0.00285
3923.66438	0.00245
3922.7001	0.00253
3921.73582	0.00287
3920.77153	0.00289
3919.80725	0.00232
3918.84297	0.00151
3917.87869	9.2E-4
3916.9144	8.1E-4
3915.95012	0.00125
3914.98584	0.00196
3914.02156	0.00255
3913.05728	0.00289
3912.09299	0.00304
3911.12871	0.00306
3910.16443	0.00301
3909.20015	0.00303
3908.23586	0.00313
3907.27158	0.00312
3906.3073	0.00273
3905.34302	0.00204
3904.37874	0.00136
3903.41445	7.5E-4
3902.45017	2.5E-4
3901.48589	3.2E-4
3900.52161	0.00115
3899.55732	0.00204
3898.59304	0.00234
3897.62876	0.00228
3896.66448	0.00221
3895.7002	0.00224
3894.73591	0.00224
3893.77163	0.0021
3892.80735	0.00187
3891.84307	0.00168
3890.87878	0.00162
3889.9145	0.00174
3888.95022	0.00181
3887.98594	0.00161
3887.02166	0.00131
3886.05737	0.00121
3885.09309	0.00146
3884.12881	0.00183
3883.16453	0.002
3882.20024	0.00193
3881.23596	0.00161
3880.27168	0.00107
3879.3074	7.8E-4
3878.34312	0.00104
3877.37883	0.00157
3876.41455	0.00206
3875.45027	0.00229
3874.48599	0.00205
3873.5217	0.00146
3872.55742	0.00102
3871.59314	9.6E-4
3870.62886	0.00121
3869.66458	0.00134
3868.70029	0.00131
3867.73601	0.00135
3866.77173	0.00154
3865.80745	0.00182
3864.84316	0.0019
3863.87888	0.00164
3862.9146	0.00122
3861.95032	8.8E-4
3860.98604	8.3E-4
3860.02175	1E-3
3859.05747	0.00101
3858.09319	4.5E-4
3857.12891	-6.4E-4
3856.16462	-0.0013
3855.20034	-5E-5
3854.23606	0.00275
3853.27178	0.00458
3852.3075	0.00451
3851.34321	0.00363
3850.37893	0.00259
3849.41465	0.00159
3848.45037	0.00105
3847.48608	0.00112
3846.5218	0.00155
3845.55752	0.00195
3844.59324	0.002
3843.62896	0.00163
3842.66467	0.0012
3841.70039	9.1E-4
3840.73611	6E-4
3839.77183	3.1E-4
3838.80754	6.3E-4
3837.84326	0.00168
3836.87898	0.00261
3835.9147	0.00254
3834.95042	0.00187
3833.98613	0.0014
3833.02185	0.00128
3832.05757	0.00128
3831.09329	0.00131
3830.129	0.00153
3829.16472	0.00191
3828.20044	0.00223
3827.23616	0.00229
3826.27188	0.00212
3825.30759	0.00198
3824.34331	0.00196
3823.37903	0.00203
3822.41475	0.00219
3821.45046	0.00217
3820.48618	0.00176
3819.5219	0.00132
3818.55762	9.6E-4
3817.59333	9.4E-4
3816.62905	0.00164
3815.66477	0.00268
3814.70049	0.00328
3813.73621	0.00318
3812.77192	0.00278
3811.80764	0.0025
3810.84336	0.0024
3809.87908	0.00238
3808.91479	0.0024
3807.95051	0.00255
3806.98623	0.00286
3806.02195	0.00313
3805.05767	0.00316
3804.09338	0.0029
3803.1291	0.00263
3802.16482	0.00281
3801.20054	0.00348
3800.23625	0.00407
3799.27197	0.00409
3798.30769	0.00369
3797.34341	0.00325
3796.37913	0.00295
3795.41484	0.00297
3794.45056	0.00327
3793.48628	0.00364
3792.522	0.00391
3791.55771	0.00409
3790.59343	0.0042
3789.62915	0.0043
3788.66487	0.00441
3787.70059	0.00455
3786.7363	0.0047
3785.77202	0.00473
3784.80774	0.0046
3783.84346	0.00447
3782.87917	0.00459
3781.91489	0.00493
3780.95061	0.00518
3779.98633	0.00507
3779.02205	0.00464
3778.05776	0.00431
3777.09348	0.0043
3776.1292	0.00448
3775.16492	0.00467
3774.20063	0.00477
3773.23635	0.00477
3772.27207	0.00464
3771.30779	0.00437
3770.34351	0.00402
3769.37922	0.00376
3768.41494	0.00381
3767.45066	0.00397
3766.48638	0.00399
3765.52209	0.00383
3764.55781	0.00374
3763.59353	0.00381
3762.62925	0.00397
3761.66497	0.00412
3760.70068	0.0041
3759.7364	0.00379
3758.77212	0.00338
3757.80784	0.00314
3756.84355	0.00295
3755.87927	0.00264
3754.91499	0.00226
3753.95071	0.002
3752.98643	0.00217
3752.02214	0.00249
3751.05786	0.00238
3750.09358	0.00214
3749.1293	0.00232
3748.16501	0.00219
3747.20073	8.4E-4
3746.23645	-8.9E-4
3745.27217	-0.00122
3744.30789	1.9E-4
3743.3436	0.00202
3742.37932	0.00278
3741.41504	0.0024
3740.45076	0.00179
3739.48647	0.00145
3738.52219	0.00135
3737.55791	0.00143
3736.59363	0.00151
3735.62935	0.0011
3734.66506	3.8E-4
3733.70078	2.4E-4
3732.7365	9.2E-4
3731.77222	0.0019
3730.80793	0.00257
3729.84365	0.00268
3728.87937	0.00234
3727.91509	0.00178
3726.95081	0.00133
3725.98652	0.0013
3725.02224	0.0017
3724.05796	0.00218
3723.09368	0.00242
3722.12939	0.00246
3721.16511	0.00262
3720.20083	0.00298
3719.23655	0.00324
3718.27227	0.0033
3717.30798	0.00335
3716.3437	0.00341
3715.37942	0.00339
3714.41514	0.00337
3713.45085	0.00357
3712.48657	0.004
3711.52229	0.00428
3710.55801	0.00421
3709.59373	0.00392
3708.62944	0.00382
3707.66516	0.00403
3706.70088	0.00433
3705.7366	0.00454
3704.77231	0.00468
3703.80803	0.00477
3702.84375	0.00478
3701.87947	0.00463
3700.91519	0.00444
3699.9509	0.0044
3698.98662	0.00452
3698.02234	0.0047
3697.05806	0.00481
3696.09377	0.00482
3695.12949	0.00478
3694.16521	0.00473
3693.20093	0.00466
3692.23665	0.00456
3691.27236	0.0043
3690.30808	0.00398
3689.3438	0.00405
3688.37952	0.00468
3687.41523	0.00527
3686.45095	0.00528
3685.48667	0.00486
3684.52239	0.0045
3683.55811	0.00439
3682.59382	0.00448
3681.62954	0.00463
3680.66526	0.00459
3679.70098	0.00422
3678.73669	0.00371
3677.77241	0.00347
3676.80813	0.00374
3675.84385	0.00408
3674.87957	0.00386
3673.91528	0.00352
3672.951	0.00344
3671.98672	0.00387
3671.02244	0.00484
3670.05815	0.00549
3669.09387	0.0052
3668.12959	0.00448
3667.16531	0.00414
3666.20103	0.00425
3665.23674	0.00452
3664.27246	0.00474
3663.30818	0.00486
3662.3439	0.00491
3661.37961	0.00491
3660.41533	0.00483
3659.45105	0.00468
3658.48677	0.00451
3657.52249	0.00444
3656.5582	0.00454
3655.59392	0.00471
3654.62964	0.00485
3653.66536	0.00492
3652.70107	0.00494
3651.73679	0.00484
3650.77251	0.00452
3649.80823	0.00432
3648.84395	0.00446
3647.87966	0.00442
3646.91538	0.00399
3645.9511	0.00377
3644.98682	0.00404
3644.02253	0.0045
3643.05825	0.00481
3642.09397	0.00491
3641.12969	0.00499
3640.16541	0.00517
3639.20112	0.00531
3638.23684	0.00529
3637.27256	0.00515
3636.30828	0.00509
3635.34399	0.0051
3634.37971	0.00502
3633.41543	0.00479
3632.45115	0.00452
3631.48687	0.00433
3630.52258	0.00432
3629.5583	0.00443
3628.59402	0.00449
3627.62974	0.00464
3626.66545	0.00473
3625.70117	0.00467
3624.73689	0.00472
3623.77261	0.00499
3622.80833	0.00534
3621.84404	0.00564
3620.87976	0.00589
3619.91548	0.00605
3618.9512	0.00591
3617.98691	0.00543
3617.02263	0.005
3616.05835	0.0049
3615.09407	0.00491
3614.12979	0.00478
3613.1655	0.00459
3612.20122	0.00445
3611.23694	0.00429
3610.27266	0.00421
3609.30837	0.00444
3608.34409	0.00492
3607.37981	0.00523
3606.41553	0.00535
3605.45125	0.00565
3604.48696	0.00617
3603.52268	0.00662
3602.5584	0.00684
3601.59412	0.00681
3600.62983	0.00663
3599.66555	0.00655
3598.70127	0.00665
3597.73699	0.00686
3596.77271	0.00701
3595.80842	0.00698
3594.84414	0.00691
3593.87986	0.007
3592.91558	0.0072
3591.95129	0.0074
3590.98701	0.00751
3590.02273	0.00739
3589.05845	0.00718
3588.09417	0.00707
3587.12988	0.00709
3586.1656	0.00741
3585.20132	0.00811
3584.23704	0.00875
3583.27275	0.00914
3582.30847	0.00947
3581.34419	0.00978
3580.37991	0.00997
3579.41563	0.01004
3578.45134	0.01018
3577.48706	0.01043
3576.52278	0.01071
3575.5585	0.01094
3574.59421	0.01111
3573.62993	0.01128
3572.66565	0.01162
3571.70137	0.01213
3570.73708	0.01259
3569.7728	0.01264
3568.80852	0.01204
3567.84424	0.01126
3566.87996	0.01103
3565.91567	0.01162
3564.95139	0.0127
3563.98711	0.01379
3563.02283	0.01454
3562.05854	0.01504
3561.09426	0.01543
3560.12998	0.0157
3559.1657	0.01602
3558.20142	0.01652
3557.23713	0.01704
3556.27285	0.01752
3555.30857	0.01808
3554.34429	0.01872
3553.38	0.01924
3552.41572	0.01946
3551.45144	0.01964
3550.48716	0.02014
3549.52288	0.02086
3548.55859	0.02136
3547.59431	0.02151
3546.63003	0.02185
3545.66575	0.02269
3544.70146	0.02362
3543.73718	0.02431
3542.7729	0.0249
3541.80862	0.02552
3540.84434	0.02611
3539.88005	0.02668
3538.91577	0.02739
3537.95149	0.02827
3536.98721	0.02901
3536.02292	0.02945
3535.05864	0.02987
3534.09436	0.03047
3533.13008	0.03106
3532.1658	0.03151
3531.20151	0.03191
3530.23723	0.03244
3529.27295	0.0331
3528.30867	0.0337
3527.34438	0.03416
3526.3801	0.03461
3525.41582	0.03514
3524.45154	0.03564
3523.48726	0.03592
3522.52297	0.03608
3521.55869	0.03644
3520.59441	0.03702
3519.63013	0.03747
3518.66584	0.03769
3517.70156	0.03791
3516.73728	0.03822
3515.773	0.03857
3514.80872	0.03887
3513.84443	0.03909
3512.88015	0.03931
3511.91587	0.0396
3510.95159	0.03991
3509.9873	0.04
3509.02302	0.03981
3508.05874	0.03975
3507.09446	0.03996
3506.13018	0.04029
3505.16589	0.04065
3504.20161	0.04084
3503.23733	0.0407
3502.27305	0.04031
3501.30876	0.04014
3500.34448	0.04025
3499.3802	0.04047
3498.41592	0.04062
3497.45164	0.04064
3496.48735	0.04056
3495.52307	0.04048
3494.55879	0.04047
3493.59451	0.04047
3492.63022	0.04044
3491.66594	0.04049
3490.70166	0.04071
3489.73738	0.04099
3488.7731	0.04113
3487.80881	0.04115
3486.84453	0.04116
3485.88025	0.04116
3484.91597	0.04122
3483.95168	0.04151
3482.9874	0.04182
3482.02312	0.04174
3481.05884	0.04139
3480.09456	0.04115
3479.13027	0.04125
3478.16599	0.04157
3477.20171	0.04195
3476.23743	0.04217
3475.27314	0.04217
3474.30886	0.04212
3473.34458	0.04222
3472.3803	0.04234
3471.41602	0.0424
3470.45173	0.04252
3469.48745	0.04273
3468.52317	0.04294
3467.55889	0.04309
3466.5946	0.04317
3465.63032	0.04324
3464.66604	0.04338
3463.70176	0.04353
3462.73748	0.04355
3461.77319	0.04349
3460.80891	0.04351
3459.84463	0.04358
3458.88035	0.04368
3457.91606	0.04377
3456.95178	0.04382
3455.9875	0.04398
3455.02322	0.04431
3454.05894	0.04471
3453.09465	0.045
3452.13037	0.04511
3451.16609	0.04506
3450.20181	0.04504
3449.23752	0.04523
3448.27324	0.04556
3447.30896	0.04569
3446.34468	0.0457
3445.3804	0.04577
3444.41611	0.04591
3443.45183	0.04609
3442.48755	0.04631
3441.52327	0.04653
3440.55898	0.04669
3439.5947	0.04677
3438.63042	0.04681
3437.66614	0.04692
3436.70186	0.0471
3435.73757	0.04727
3434.77329	0.04738
3433.80901	0.04752
3432.84473	0.04772
3431.88044	0.04784
3430.91616	0.04783
3429.95188	0.04787
3428.9876	0.04807
3428.02332	0.04826
3427.05903	0.0483
3426.09475	0.04835
3425.13047	0.04856
3424.16619	0.04873
3423.2019	0.04875
3422.23762	0.04875
3421.27334	0.04873
3420.30906	0.04865
3419.34478	0.04868
3418.38049	0.04897
3417.41621	0.04933
3416.45193	0.04948
3415.48765	0.04949
3414.52336	0.04951
3413.55908	0.04958
3412.5948	0.04963
3411.63052	0.04964
3410.66624	0.04964
3409.70195	0.04968
3408.73767	0.04975
3407.77339	0.04973
3406.80911	0.04967
3405.84482	0.04968
3404.88054	0.04975
3403.91626	0.04977
3402.95198	0.04979
3401.9877	0.04988
3401.02341	0.05
3400.05913	0.04982
3399.09485	0.04901
3398.13057	0.04869
3397.16628	0.04869
3396.202	0.04893
3395.23772	0.04919
3394.27344	0.04913
3393.30916	0.04881
3392.34487	0.04867
3391.38059	0.04889
3390.41631	0.04921
3389.45203	0.04942
3388.48774	0.04951
3387.52346	0.04944
3386.55918	0.04932
3385.5949	0.04922
3384.63062	0.04919
3383.66633	0.04916
3382.70205	0.04906
3381.73777	0.04897
3380.77349	0.04905
3379.8092	0.04911
3378.84492	0.04901
3377.88064	0.04886
3376.91636	0.04876
3375.95208	0.04865
3374.98779	0.04854
3374.02351	0.04851
3373.05923	0.04849
3372.09495	0.04837
3371.13066	0.04822
3370.16638	0.04812
3369.2021	0.04806
3368.23782	0.04797
3367.27354	0.04782
3366.30925	0.04766
3365.34497	0.04751
3364.38069	0.04735
3363.41641	0.0472
3362.45212	0.04714
3361.48784	0.04714
3360.52356	0.04717
3359.55928	0.0472
3358.595	0.0472
3357.63071	0.04713
3356.66643	0.04695
3355.70215	0.04677
3354.73787	0.04674
3353.77358	0.04682
3352.8093	0.04686
3351.84502	0.04681
3350.88074	0.04675
3349.91646	0.04668
3348.95217	0.04655
3347.98789	0.04644
3347.02361	0.04642
3346.05933	0.04647
3345.09504	0.04653
3344.13076	0.04649
3343.16648	0.04633
3342.2022	0.04623
3341.23792	0.0463
3340.27363	0.04635
3339.30935	0.04629
3338.34507	0.04618
3337.38079	0.04605
3336.4165	0.04602
3335.45222	0.04615
3334.48794	0.04626
3333.52366	0.04631
3332.55938	0.04636
3331.59509	0.04645
3330.63081	0.04651
3329.66653	0.04644
3328.70225	0.04628
3327.73796	0.04611
3326.77368	0.046
3325.8094	0.04597
3324.84512	0.04599
3323.88083	0.04605
3322.91655	0.04619
3321.95227	0.04638
3320.98799	0.04645
3320.02371	0.04627
3319.05942	0.04601
3318.09514	0.04593
3317.13086	0.04607
3316.16658	0.04622
3315.20229	0.04626
3314.23801	0.04619
3313.27373	0.04607
3312.30945	0.04598
3311.34517	0.04593
3310.38088	0.04591
3309.4166	0.04589
3308.45232	0.04589
3307.48804	0.04592
3306.52375	0.04596
3305.55947	0.04601
3304.59519	0.04614
3303.63091	0.04629
3302.66663	0.04634
3301.70234	0.04633
3300.73806	0.04628
3299.77378	0.04618
3298.8095	0.04604
3297.84521	0.04598
3296.88093	0.04606
3295.91665	0.04618
3294.95237	0.04624
3293.98809	0.04622
3293.0238	0.04616
3292.05952	0.04613
3291.09524	0.04608
3290.13096	0.046
3289.16667	0.04599
3288.20239	0.04605
3287.23811	0.04607
3286.27383	0.04597
3285.30955	0.04587
3284.34526	0.04583
3283.38098	0.04582
3282.4167	0.04575
3281.45242	0.04567
3280.48813	0.04564
3279.52385	0.04561
3278.55957	0.04551
3277.59529	0.04536
3276.63101	0.04526
3275.66672	0.04531
3274.70244	0.04533
3273.73816	0.04521
3272.77388	0.04513
3271.80959	0.04519
3270.84531	0.04526
3269.88103	0.04524
3268.91675	0.04513
3267.95247	0.04497
3266.98818	0.04481
3266.0239	0.04475
3265.05962	0.04477
3264.09534	0.04483
3263.13105	0.04486
3262.16677	0.04477
3261.20249	0.04458
3260.23821	0.04439
3259.27393	0.04421
3258.30964	0.04404
3257.34536	0.04389
3256.38108	0.04372
3255.4168	0.04347
3254.45251	0.04328
3253.48823	0.04332
3252.52395	0.04351
3251.55967	0.04355
3250.59539	0.0433
3249.6311	0.04301
3248.66682	0.04287
3247.70254	0.04278
3246.73826	0.04259
3245.77397	0.04234
3244.80969	0.04215
3243.84541	0.0421
3242.88113	0.04209
3241.91685	0.04198
3240.95256	0.04179
3239.98828	0.04159
3239.024	0.04144
3238.05972	0.04127
3237.09543	0.04105
3236.13115	0.04083
3235.16687	0.0407
3234.20259	0.04063
3233.23831	0.04053
3232.27402	0.04038
3231.30974	0.04013
3230.34546	0.0398
3229.38118	0.03947
3228.41689	0.03927
3227.45261	0.03916
3226.48833	0.03906
3225.52405	0.03896
3224.55977	0.03886
3223.59548	0.03872
3222.6312	0.03849
3221.66692	0.03826
3220.70264	0.03804
3219.73835	0.0378
3218.77407	0.03764
3217.80979	0.0376
3216.84551	0.03752
3215.88123	0.03728
3214.91694	0.03698
3213.95266	0.03674
3212.98838	0.03659
3212.0241	0.03647
3211.05981	0.03633
3210.09553	0.03615
3209.13125	0.03602
3208.16697	0.03595
3207.20269	0.03585
3206.2384	0.03565
3205.27412	0.03543
3204.30984	0.03529
3203.34556	0.0352
3202.38127	0.03497
3201.41699	0.03457
3200.45271	0.03421
3199.48843	0.03396
3198.52415	0.03367
3197.55986	0.03337
3196.59558	0.03321
3195.6313	0.03318
3194.66702	0.03312
3193.70273	0.03295
3192.73845	0.0327
3191.77417	0.03244
3190.80989	0.03218
3189.84561	0.03195
3188.88132	0.03181
3187.91704	0.03168
3186.95276	0.03142
3185.98848	0.0311
3185.02419	0.03086
3184.05991	0.03072
3183.09563	0.03064
3182.13135	0.03062
3181.16707	0.03062
3180.20278	0.03047
3179.2385	0.03005
3178.27422	0.02955
3177.30994	0.02933
3176.34565	0.02945
3175.38137	0.0296
3174.41709	0.02953
3173.45281	0.02928
3172.48853	0.02901
3171.52424	0.02877
3170.55996	0.02847
3169.59568	0.02815
3168.6314	0.02798
3167.66711	0.02791
3166.70283	0.02785
3165.73855	0.02779
3164.77427	0.02772
3163.80999	0.02753
3162.8457	0.02726
3161.88142	0.02701
3160.91714	0.02678
3159.95286	0.02652
3158.98857	0.02624
3158.02429	0.02594
3157.06001	0.02563
3156.09573	0.02531
3155.13145	0.02503
3154.16716	0.02486
3153.20288	0.02478
3152.2386	0.02467
3151.27432	0.02451
3150.31003	0.02441
3149.34575	0.02432
3148.38147	0.02411
3147.41719	0.02381
3146.45291	0.02358
3145.48862	0.02339
3144.52434	0.02313
3143.56006	0.02283
3142.59578	0.02259
3141.63149	0.02248
3140.66721	0.02242
3139.70293	0.02224
3138.73865	0.0219
3137.77437	0.02162
3136.81008	0.02145
3135.8458	0.02131
3134.88152	0.02113
3133.91724	0.02086
3132.95295	0.02059
3131.98867	0.02049
3131.02439	0.02045
3130.06011	0.02025
3129.09583	0.01992
3128.13154	0.01955
3127.16726	0.01919
3126.20298	0.01893
3125.2387	0.0188
3124.27441	0.01879
3123.31013	0.01889
3122.34585	0.01888
3121.38157	0.01862
3120.41729	0.01821
3119.453	0.01782
3118.48872	0.01755
3117.52444	0.01738
3116.56016	0.01714
3115.59587	0.01697
3114.63159	0.01712
3113.66731	0.01736
3112.70303	0.01717
3111.73875	0.01667
3110.77446	0.01629
3109.81018	0.0161
3108.8459	0.01593
3107.88162	0.01573
3106.91733	0.0156
3105.95305	0.01566
3104.98877	0.01584
3104.02449	0.0158
3103.06021	0.01534
3102.09592	0.01475
3101.13164	0.01437
3100.16736	0.01427
3099.20308	0.01429
3098.23879	0.01428
3097.27451	0.01419
3096.31023	0.01419
3095.34595	0.01429
3094.38167	0.01414
3093.41738	0.01375
3092.4531	0.01349
3091.48882	0.01337
3090.52454	0.01318
3089.56025	0.01292
3088.59597	0.01268
3087.63169	0.01265
3086.66741	0.01296
3085.70313	0.0132
3084.73884	0.0128
3083.77456	0.01197
3082.81028	0.01137
3081.846	0.01114
3080.88171	0.011
3079.91743	0.01085
3078.95315	0.01084
3077.98887	0.01106
3077.02458	0.01129
3076.0603	0.01121
3075.09602	0.01076
3074.13174	0.01034
3073.16746	0.01017
3072.20317	0.01012
3071.23889	0.01003
3070.27461	0.00989
3069.31033	0.00983
3068.34604	0.01
3067.38176	0.01018
3066.41748	0.00994
3065.4532	0.00932
3064.48892	0.00882
3063.52463	0.00867
3062.56035	0.00871
3061.59607	0.00871
3060.63179	0.00863
3059.6675	0.00865
3058.70322	0.00886
3057.73894	0.00893
3056.77466	0.00852
3055.81038	0.00799
3054.84609	0.00776
3053.88181	0.00776
3052.91753	0.00776
3051.95325	0.00771
3050.98896	0.00759
3050.02468	0.0075
3049.0604	0.0075
3048.09612	0.00756
3047.13184	0.00749
3046.16755	0.00726
3045.20327	0.00705
3044.23899	0.00697
3043.27471	0.00692
3042.31042	0.00682
3041.34614	0.00671
3040.38186	0.00661
3039.41758	0.00652
3038.4533	0.00642
3037.48901	0.00629
3036.52473	0.0061
3035.56045	0.00591
3034.59617	0.00584
3033.63188	0.00586
3032.6676	0.00576
3031.70332	0.0055
3030.73904	0.00538
3029.77476	0.00556
3028.81047	0.00583
3027.84619	0.00589
3026.88191	0.00571
3025.91763	0.00548
3024.95334	0.0054
3023.98906	0.00553
3023.02478	0.0057
3022.0605	0.00575
3021.09622	0.00577
3020.13193	0.00609
3019.16765	0.00705
3018.20337	0.00837
3017.23909	0.00915
3016.2748	0.00903
3015.31052	0.00855
3014.34624	0.00815
3013.38196	0.00781
3012.41768	0.00754
3011.45339	0.00749
3010.48911	0.00769
3009.52483	0.00805
3008.56055	0.00843
3007.59626	0.00874
3006.63198	0.00898
3005.6677	0.00929
3004.70342	0.00974
3003.73914	0.01039
3002.77485	0.01122
3001.81057	0.01208
3000.84629	0.01258
2999.88201	0.01233
2998.91772	0.01121
2997.95344	0.00978
2996.98916	0.0084
2996.02488	0.00718
2995.0606	0.00616
2994.09631	0.00545
2993.13203	0.005
2992.16775	0.00464
2991.20347	0.00432
2990.23918	0.00416
2989.2749	0.00413
2988.31062	0.00394
2987.34634	0.00356
2986.38206	0.0033
2985.41777	0.00322
2984.45349	0.00319
2983.48921	0.00315
2982.52493	0.00302
2981.56064	0.00279
2980.59636	0.00267
2979.63208	0.00282
2978.6678	0.00295
2977.70352	0.00282
2976.73923	0.00259
2975.77495	0.00238
2974.81067	0.00228
2973.84639	0.00229
2972.8821	0.00231
2971.91782	0.00232
2970.95354	0.00238
2969.98926	0.00255
2969.02498	0.00275
2968.06069	0.00267
2967.09641	0.00225
2966.13213	0.00195
2965.16785	0.00197
2964.20356	0.00207
2963.23928	0.00208
2962.275	0.00204
2961.31072	0.00211
2960.34644	0.00235
2959.38215	0.00269
2958.41787	0.00294
2957.45359	0.00287
2956.48931	0.00255
2955.52502	0.00231
2954.56074	0.00227
2953.59646	0.00237
2952.63218	0.00259
2951.6679	0.00273
2950.70361	0.00277
2949.73933	0.00305
2948.77505	0.00368
2947.81077	0.00425
2946.84648	0.00447
2945.8822	0.00459
2944.91792	0.00495
2943.95364	0.00542
2942.98936	0.00578
2942.02507	0.00606
2941.06079	0.00639
2940.09651	0.00656
2939.13223	0.00624
2938.16794	0.00547
2937.20366	0.00455
2936.23938	0.00376
2935.2751	0.00321
2934.31082	0.00281
2933.34653	0.00245
2932.38225	0.00217
2931.41797	0.00198
2930.45369	0.00191
2929.4894	0.00195
2928.52512	0.00202
2927.56084	0.00211
2926.59656	0.00206
2925.63228	0.00184
2924.66799	0.00172
2923.70371	0.00172
2922.73943	0.00169
2921.77515	0.00164
2920.81086	0.00156
2919.84658	0.00147
2918.8823	0.00148
2917.91802	0.00161
2916.95374	0.00172
2915.98945	0.0017
2915.02517	0.0016
2914.06089	0.00147
2913.09661	0.00134
2912.13232	0.00136
2911.16804	0.00151
2910.20376	0.0016
2909.23948	0.00158
2908.2752	0.00158
2907.31091	0.00158
2906.34663	0.00157
2905.38235	0.00152
2904.41807	0.00144
2903.45378	0.00139
2902.4895	0.00145
2901.52522	0.00156
2900.56094	0.0016
2899.59666	0.00158
2898.63237	0.00163
2897.66809	0.00174
2896.70381	0.00181
2895.73953	0.00179
2894.77524	0.0017
2893.81096	0.0016
2892.84668	0.00153
2891.8824	0.00145
2890.91812	0.00141
2889.95383	0.0015
2888.98955	0.00166
2888.02527	0.00165
2887.06099	0.00148
2886.0967	0.00144
2885.13242	0.00157
2884.16814	0.00163
2883.20386	0.0015
2882.23958	0.00137
2881.27529	0.00136
2880.31101	0.00138
2879.34673	0.00139
2878.38245	0.00144
2877.41816	0.00146
2876.45388	0.00143
2875.4896	0.00141
2874.52532	0.00135
2873.56104	0.00128
2872.59675	0.00132
2871.63247	0.00141
2870.66819	0.00143
2869.70391	0.00138
2868.73962	0.00135
2867.77534	0.00135
2866.81106	0.00131
2865.84678	0.00118
2864.8825	0.00107
2863.91821	0.00107
2862.95393	0.00118
2861.98965	0.00134
2861.02537	0.00143
2860.06108	0.00138
2859.0968	0.00119
2858.13252	0.00105
2857.16824	0.00103
2856.20396	0.00113
2855.23967	0.00125
2854.27539	0.00134
2853.31111	0.00142
2852.34683	0.00143
2851.38254	0.00134
2850.41826	0.00125
2849.45398	0.00128
2848.4897	0.00135
2847.52542	0.00134
2846.56113	0.00127
2845.59685	0.00122
2844.63257	0.00115
2843.66829	0.00104
2842.704	9.8E-4
2841.73972	0.00103
2840.77544	0.00116
2839.81116	0.0013
2838.84688	0.00129
2837.88259	0.00117
2836.91831	0.00114
2835.95403	0.00117
2834.98975	0.00118
2834.02546	0.00116
2833.06118	0.00114
2832.0969	0.00108
2831.13262	1E-3
2830.16833	9.9E-4
2829.20405	0.00104
2828.23977	0.00108
2827.27549	0.0011
2826.31121	0.00112
2825.34692	0.00113
2824.38264	0.00113
2823.41836	0.00112
2822.45408	0.00108
2821.48979	0.00106
2820.52551	0.00104
2819.56123	1E-3
2818.59695	0.00103
2817.63267	0.00108
2816.66838	0.00108
2815.7041	0.00106
2814.73982	0.00105
2813.77554	0.00106
2812.81125	0.00109
2811.84697	0.00111
2810.88269	0.00117
2809.91841	0.00123
2808.95413	0.00119
2807.98984	0.00105
2807.02556	9.4E-4
2806.06128	9.5E-4
2805.097	0.00105
2804.13271	0.00112
2803.16843	0.00115
2802.20415	0.00117
2801.23987	0.00116
2800.27559	0.00105
2799.3113	9.2E-4
2798.34702	8.8E-4
2797.38274	9.5E-4
2796.41846	9.9E-4
2795.45417	9.6E-4
2794.48989	1E-3
2793.52561	0.00114
2792.56133	0.00119
2791.59705	0.0011
2790.63276	0.00105
2789.66848	0.0011
2788.7042	0.00106
2787.73992	9E-4
2786.77563	8.2E-4
2785.81135	8.7E-4
2784.84707	9.3E-4
2783.88279	9.7E-4
2782.91851	0.00103
2781.95422	0.00109
2780.98994	0.0011
2780.02566	0.00106
2779.06138	0.00106
2778.09709	0.00107
2777.13281	0.00108
2776.16853	0.0011
2775.20425	0.00106
2774.23997	0.00101
2773.27568	0.00104
2772.3114	0.00105
2771.34712	9.3E-4
2770.38284	7.8E-4
2769.41855	7.9E-4
2768.45427	9.2E-4
2767.48999	9.9E-4
2766.52571	9.3E-4
2765.56143	8.3E-4
2764.59714	7.5E-4
2763.63286	6.8E-4
2762.66858	6.4E-4
2761.7043	6.6E-4
2760.74001	7.3E-4
2759.77573	8.5E-4
2758.81145	9.3E-4
2757.84717	8.8E-4
2756.88289	8.5E-4
2755.9186	9E-4
2754.95432	9.3E-4
2753.99004	9.5E-4
2753.02576	9.1E-4
2752.06147	7.8E-4
2751.09719	6.7E-4
2750.13291	6.8E-4
2749.16863	7.6E-4
2748.20435	8.3E-4
2747.24006	8.1E-4
2746.27578	7.8E-4
2745.3115	8.2E-4
2744.34722	8.8E-4
2743.38293	8.6E-4
2742.41865	7.6E-4
2741.45437	7.1E-4
2740.49009	7.8E-4
2739.52581	8.5E-4
2738.56152	8.4E-4
2737.59724	8.3E-4
2736.63296	8.8E-4
2735.66868	8.5E-4
2734.70439	7.7E-4
2733.74011	7.8E-4
2732.77583	8.8E-4
2731.81155	9.5E-4
2730.84727	9.8E-4
2729.88298	9.9E-4
2728.9187	9.7E-4
2727.95442	8.9E-4
2726.99014	8E-4
2726.02585	7.3E-4
2725.06157	6.6E-4
2724.09729	6.3E-4
2723.13301	7E-4
2722.16873	8.3E-4
2721.20444	9E-4
2720.24016	8.7E-4
2719.27588	8.5E-4
2718.3116	9.1E-4
2717.34731	9.5E-4
2716.38303	8.9E-4
2715.41875	8.3E-4
2714.45447	8.1E-4
2713.49019	8E-4
2712.5259	7.8E-4
2711.56162	7.5E-4
2710.59734	7.3E-4
2709.63306	7.2E-4
2708.66877	7.2E-4
2707.70449	7.7E-4
2706.74021	8.7E-4
2705.77593	9.7E-4
2704.81165	0.00108
2703.84736	0.00112
2702.88308	0.00106
2701.9188	9.9E-4
2700.95452	9.6E-4
2699.99023	9.1E-4
2699.02595	8.8E-4
2698.06167	9.3E-4
2697.09739	0.00105
2696.13311	0.00113
2695.16882	0.00112
2694.20454	0.00104
2693.24026	9.3E-4
2692.27598	8.7E-4
2691.31169	9.2E-4
2690.34741	0.00107
2689.38313	0.00119
2688.41885	0.00119
2687.45457	0.00107
2686.49028	9.5E-4
2685.526	9.3E-4
2684.56172	0.00103
2683.59744	0.00109
2682.63315	0.00106
2681.66887	0.00105
2680.70459	0.00107
2679.74031	0.00104
2678.77603	0.00101
2677.81174	0.00101
2676.84746	0.00101
2675.88318	1E-3
2674.9189	9.8E-4
2673.95461	9.1E-4
2672.99033	8.1E-4
2672.02605	8.1E-4
2671.06177	9.7E-4
2670.09749	0.00116
2669.1332	0.00121
2668.16892	0.00115
2667.20464	0.00109
2666.24036	0.00106
2665.27607	0.00106
2664.31179	0.00117
2663.34751	0.00127
2662.38323	0.00123
2661.41895	0.00108
2660.45466	9.8E-4
2659.49038	9.4E-4
2658.5261	8.9E-4
2657.56182	8.9E-4
2656.59753	9.5E-4
2655.63325	0.00103
2654.66897	0.00113
2653.70469	0.00115
2652.74041	0.00109
2651.77612	0.00109
2650.81184	0.00113
2649.84756	0.00114
2648.88328	0.00114
2647.91899	0.00114
2646.95471	0.00107
2645.99043	0.00103
2645.02615	0.0011
2644.06187	0.00119
2643.09758	0.00123
2642.1333	0.00126
2641.16902	0.00126
2640.20474	0.00124
2639.24045	0.00123
2638.27617	0.00121
2637.31189	0.00121
2636.34761	0.00124
2635.38333	0.00126
2634.41904	0.00126
2633.45476	0.00129
2632.49048	0.00133
2631.5262	0.00134
2630.56191	0.00132
2629.59763	0.00124
2628.63335	0.00116
2627.66907	0.00118
2626.70479	0.00124
2625.7405	0.00128
2624.77622	0.00125
2623.81194	0.00112
2622.84766	9.5E-4
2621.88337	8.4E-4
2620.91909	7.8E-4
2619.95481	7.5E-4
2618.99053	7.7E-4
2618.02625	8.3E-4
2617.06196	9E-4
2616.09768	0.00104
2615.1334	0.00117
2614.16912	0.00117
2613.20483	0.0011
2612.24055	0.00105
2611.27627	9.9E-4
2610.31199	8.9E-4
2609.34771	8E-4
2608.38342	8.4E-4
2607.41914	9.8E-4
2606.45486	0.00109
2605.49058	0.00112
2604.52629	0.00113
2603.56201	0.00111
2602.59773	0.00108
2601.63345	0.00112
2600.66917	0.00117
2599.70488	0.00116
2598.7406	0.00112
2597.77632	0.00109
2596.81204	0.00108
2595.84775	0.00107
2594.88347	0.00104
2593.91919	0.00103
2592.95491	0.00117
2591.99063	0.00135
2591.02634	0.0014
2590.06206	0.00132
2589.09778	0.00123
2588.1335	0.00119
2587.16921	0.00118
2586.20493	0.00115
2585.24065	0.00112
2584.27637	0.00115
2583.31208	0.00128
2582.3478	0.00144
2581.38352	0.00154
2580.41924	0.00156
2579.45496	0.00156
2578.49067	0.00155
2577.52639	0.00155
2576.56211	0.00154
2575.59783	0.0015
2574.63354	0.00141
2573.66926	0.00133
2572.70498	0.00129
2571.7407	0.00131
2570.77642	0.00135
2569.81213	0.0014
2568.84785	0.00147
2567.88357	0.0015
2566.91929	0.00144
2565.955	0.00139
2564.99072	0.00142
2564.02644	0.00153
2563.06216	0.00164
2562.09788	0.00169
2561.13359	0.00171
2560.16931	0.00166
2559.20503	0.00154
2558.24075	0.00146
2557.27646	0.00153
2556.31218	0.00162
2555.3479	0.00156
2554.38362	0.00144
2553.41934	0.00137
2552.45505	0.00138
2551.49077	0.00143
2550.52649	0.00142
2549.56221	0.00134
2548.59792	0.00135
2547.63364	0.00146
2546.66936	0.00159
2545.70508	0.00165
2544.7408	0.00167
2543.77651	0.0017
2542.81223	0.0017
2541.84795	0.00169
2540.88367	0.00175
2539.91938	0.00181
2538.9551	0.0018
2537.99082	0.00177
2537.02654	0.00173
2536.06226	0.00171
2535.09797	0.00173
2534.13369	0.00176
2533.16941	0.00178
2532.20513	0.00178
2531.24084	0.0018
2530.27656	0.00175
2529.31228	0.00169
2528.348	0.00172
2527.38372	0.00183
2526.41943	0.00197
2525.45515	0.00205
2524.49087	0.00206
2523.52659	0.00198
2522.5623	0.00186
2521.59802	0.00185
2520.63374	0.00197
2519.66946	0.00204
2518.70518	0.00203
2517.74089	0.00207
2516.77661	0.00221
2515.81233	0.00229
2514.84805	0.00221
2513.88376	0.00206
2512.91948	0.00202
2511.9552	0.00213
2510.99092	0.00226
2510.02664	0.0023
2509.06235	0.0023
2508.09807	0.00234
2507.13379	0.00235
2506.16951	0.00231
2505.20522	0.00227
2504.24094	0.00223
2503.27666	0.00226
2502.31238	0.00236
2501.3481	0.00241
2500.38381	0.00238
2499.41953	0.00238
2498.45525	0.00241
2497.49097	0.00243
2496.52668	0.00245
2495.5624	0.00247
2494.59812	0.00244
2493.63384	0.00236
2492.66956	0.0023
2491.70527	0.00235
2490.74099	0.00246
2489.77671	0.0025
2488.81243	0.0025
2487.84814	0.00258
2486.88386	0.00269
2485.91958	0.00272
2484.9553	0.00274
2483.99102	0.0028
2483.02673	0.0028
2482.06245	0.00272
2481.09817	0.00264
2480.13389	0.0026
2479.1696	0.00263
2478.20532	0.00271
2477.24104	0.0028
2476.27676	0.00287
2475.31248	0.0029
2474.34819	0.0029
2473.38391	0.00284
2472.41963	0.00277
2471.45535	0.00273
2470.49106	0.0027
2469.52678	0.00267
2468.5625	0.00271
2467.59822	0.00277
2466.63394	0.0028
2465.66965	0.00279
2464.70537	0.00278
2463.74109	0.00282
2462.77681	0.00294
2461.81252	0.00304
2460.84824	0.00302
2459.88396	0.00294
2458.91968	0.00298
2457.9554	0.00309
2456.99111	0.00309
2456.02683	0.00298
2455.06255	0.00291
2454.09827	0.00294
2453.13398	0.00301
2452.1697	0.00308
2451.20542	0.00317
2450.24114	0.00321
2449.27686	0.00319
2448.31257	0.00318
2447.34829	0.00316
2446.38401	0.00313
2445.41973	0.00316
2444.45544	0.00319
2443.49116	0.00318
2442.52688	0.00312
2441.5626	0.00303
2440.59832	0.00303
2439.63403	0.00315
2438.66975	0.00326
2437.70547	0.00322
2436.74119	0.00308
2435.7769	0.00297
2434.81262	0.00297
2433.84834	0.00306
2432.88406	0.00318
2431.91978	0.00321
2430.95549	0.00313
2429.99121	0.00305
2429.02693	0.0031
2428.06265	0.0032
2427.09836	0.00323
2426.13408	0.00322
2425.1698	0.00321
2424.20552	0.00327
2423.24124	0.00335
2422.27695	0.00337
2421.31267	0.00335
2420.34839	0.00334
2419.38411	0.00336
2418.41982	0.00348
2417.45554	0.00361
2416.49126	0.00372
2415.52698	0.00384
2414.5627	0.00402
2413.59841	0.0042
2412.63413	0.00419
2411.66985	0.004
2410.70557	0.00377
2409.74128	0.00365
2408.777	0.00362
2407.81272	0.00361
2406.84844	0.00356
2405.88416	0.00344
2404.91987	0.00333
2403.95559	0.00332
2402.99131	0.00331
2402.02703	0.00321
2401.06274	0.00311
2400.09846	0.00302
2399.13418	0.00299
2398.1699	0.00292
2397.20562	0.00283
2396.24133	0.00275
2395.27705	0.00268
2394.31277	0.00261
2393.34849	0.00253
2392.3842	0.00245
2391.41992	0.00238
2390.45564	0.0023
2389.49136	0.00225
2388.52708	0.00224
2387.56279	0.00224
2386.59851	0.00221
2385.63423	0.00215
2384.66995	0.00209
2383.70566	0.00207
2382.74138	0.00205
2381.7771	0.002
2380.81282	0.00189
2379.84854	0.00178
2378.88425	0.00173
2377.91997	0.00169
2376.95569	0.00162
2375.99141	0.00149
2375.02712	0.00136
2374.06284	0.00125
2373.09856	0.00115
2372.13428	0.00108
2371.17	0.00105
2370.20571	0.00107
2369.24143	0.00107
2368.27715	0.00107
2367.31287	0.00114
2366.34858	0.00131
2365.3843	0.00153
2364.42002	0.00175
2363.45574	0.00192
2362.49146	0.00207
2361.52717	0.00224
2360.56289	0.00237
2359.59861	0.00239
2358.63433	0.00241
2357.67004	0.00256
2356.70576	0.00273
2355.74148	0.00281
2354.7772	0.00286
2353.81292	0.0029
2352.84863	0.00286
2351.88435	0.00277
2350.92007	0.00286
2349.95579	0.0032
2348.9915	0.00345
2348.02722	0.00335
2347.06294	0.00304
2346.09866	0.00275
2345.13438	0.00261
2344.17009	0.0026
2343.20581	0.00264
2342.24153	0.0026
2341.27725	0.00251
2340.31296	0.00237
2339.34868	0.00217
2338.3844	0.00204
2337.42012	0.00197
2336.45583	0.0018
2335.49155	0.00161
2334.52727	0.00156
2333.56299	0.00159
2332.59871	0.00152
2331.63442	0.00137
2330.67014	0.00125
2329.70586	0.00116
2328.74158	0.00104
2327.77729	9.8E-4
2326.81301	0.00101
2325.84873	0.00103
2324.88445	9.3E-4
2323.92017	8.4E-4
2322.95588	8.3E-4
2321.9916	8.5E-4
2321.02732	8.4E-4
2320.06304	9E-4
2319.09875	0.00103
2318.13447	0.00113
2317.17019	0.00121
2316.20591	0.00129
2315.24163	0.00134
2314.27734	0.00132
2313.31306	0.0013
2312.34878	0.00135
2311.3845	0.00147
2310.42021	0.00163
2309.45593	0.00179
2308.49165	0.00198
2307.52737	0.00221
2306.56309	0.00251
2305.5988	0.00286
2304.63452	0.00329
2303.67024	0.00376
2302.70596	0.0043
2301.74167	0.0049
2300.77739	0.00555
2299.81311	0.00624
2298.84883	0.00698
2297.88455	0.00775
2296.92026	0.00842
2295.95598	0.00889
2294.9917	0.0092
2294.02742	0.00939
2293.06313	0.00939
2292.09885	0.00913
2291.13457	0.00866
2290.17029	0.00808
2289.20601	0.00747
2288.24172	0.00687
2287.27744	0.00628
2286.31316	0.0057
2285.34888	0.00517
2284.38459	0.00472
2283.42031	0.00431
2282.45603	0.00395
2281.49175	0.00367
2280.52747	0.00353
2279.56318	0.00351
2278.5989	0.00354
2277.63462	0.00356
2276.67034	0.00358
2275.70605	0.00367
2274.74177	0.00386
2273.77749	0.00417
2272.81321	0.00463
2271.84893	0.00529
2270.88464	0.00624
2269.92036	0.00754
2268.95608	0.00919
2267.9918	0.01107
2267.02751	0.01302
2266.06323	0.01486
2265.09895	0.01641
2264.13467	0.0174
2263.17039	0.01763
2262.2061	0.01719
2261.24182	0.01629
2260.27754	0.01516
2259.31326	0.01408
2258.34897	0.0133
2257.38469	0.01299
2256.42041	0.01328
2255.45613	0.0142
2254.49185	0.01554
2253.52756	0.01712
2252.56328	0.01888
2251.599	0.02
2250.63472	0.01878
2249.67043	0.01473
2248.70615	0.01052
2247.74187	0.00734
2246.77759	0.00518
2245.81331	0.00365
2244.84902	0.00267
2243.88474	0.00226
2242.92046	0.00223
2241.95618	0.00225
2240.99189	0.00226
2240.02761	0.00231
2239.06333	0.00237
2238.09905	0.00239
2237.13477	0.00241
2236.17048	0.00248
2235.2062	0.00253
2234.24192	0.00259
2233.27764	0.00265
2232.31335	0.00267
2231.34907	0.00272
2230.38479	0.00286
2229.42051	0.00295
2228.45623	0.00288
2227.49194	0.00282
2226.52766	0.00287
2225.56338	0.00286
2224.5991	0.00286
2223.63481	0.00294
2222.67053	0.003
2221.70625	0.003
2220.74197	0.00305
2219.77769	0.0031
2218.8134	0.00314
2217.84912	0.00319
2216.88484	0.00322
2215.92056	0.00323
2214.95627	0.00326
2213.99199	0.00323
2213.02771	0.00317
2212.06343	0.00318
2211.09915	0.00324
2210.13486	0.00328
2209.17058	0.00329
2208.2063	0.00321
2207.24202	0.00312
2206.27773	0.00309
2205.31345	0.00315
2204.34917	0.00324
2203.38489	0.00333
2202.42061	0.00344
2201.45632	0.00356
2200.49204	0.00359
2199.52776	0.00352
2198.56348	0.00342
2197.59919	0.00328
2196.63491	0.00314
2195.67063	0.00305
2194.70635	0.003
2193.74207	0.00303
2192.77778	0.00311
2191.8135	0.00321
2190.84922	0.00331
2189.88494	0.00338
2188.92065	0.0034
2187.95637	0.00339
2186.99209	0.00335
2186.02781	0.00333
2185.06353	0.00335
2184.09924	0.00332
2183.13496	0.00327
2182.17068	0.00328
2181.2064	0.00335
2180.24211	0.00341
2179.27783	0.00339
2178.31355	0.00331
2177.34927	0.00332
2176.38499	0.00338
2175.4207	0.00334
2174.45642	0.00324
2173.49214	0.00318
2172.52786	0.00317
2171.56357	0.00317
2170.59929	0.00317
2169.63501	0.00315
2168.67073	0.0031
2167.70645	0.00305
2166.74216	0.00307
2165.77788	0.00313
2164.8136	0.00314
2163.84932	0.0031
2162.88503	0.003
2161.92075	0.00285
2160.95647	0.00271
2159.99219	0.00266
2159.02791	0.00266
2158.06362	0.00266
2157.09934	0.0027
2156.13506	0.00282
2155.17078	0.00295
2154.20649	0.00301
2153.24221	0.00297
2152.27793	0.00288
2151.31365	0.00286
2150.34937	0.00289
2149.38508	0.00287
2148.4208	0.00277
2147.45652	0.00262
2146.49224	0.00253
2145.52795	0.00251
2144.56367	0.00252
2143.59939	0.00253
2142.63511	0.00254
2141.67083	0.00255
2140.70654	0.00259
2139.74226	0.00257
2138.77798	0.0025
2137.8137	0.00242
2136.84941	0.0023
2135.88513	0.00229
2134.92085	0.00246
2133.95657	0.00256
2132.99229	0.00249
2132.028	0.0024
2131.06372	0.00234
2130.09944	0.00224
2129.13516	0.00217
2128.17087	0.00216
2127.20659	0.00221
2126.24231	0.00226
2125.27803	0.00221
2124.31375	0.00208
2123.34946	0.00206
2122.38518	0.00216
2121.4209	0.0022
2120.45662	0.00212
2119.49233	0.00206
2118.52805	0.00207
2117.56377	0.00205
2116.59949	0.00193
2115.63521	0.00173
2114.67092	0.00162
2113.70664	0.00177
2112.74236	0.00198
2111.77808	0.00205
2110.81379	0.00201
2109.84951	0.00197
2108.88523	0.00187
2107.92095	0.0018
2106.95667	0.00182
2105.99238	0.00186
2105.0281	0.00182
2104.06382	0.00176
2103.09954	0.00177
2102.13525	0.00185
2101.17097	0.00184
2100.20669	0.0017
2099.24241	0.00161
2098.27813	0.00158
2097.31384	0.00154
2096.34956	0.00149
2095.38528	0.00143
2094.421	0.00144
2093.45671	0.00152
2092.49243	0.00159
2091.52815	0.00157
2090.56387	0.00148
2089.59958	0.00137
2088.6353	0.00132
2087.67102	0.00133
2086.70674	0.00135
2085.74246	0.00135
2084.77817	0.00133
2083.81389	0.00135
2082.84961	0.00142
2081.88533	0.00147
2080.92104	0.00145
2079.95676	0.00141
2078.99248	0.00142
2078.0282	0.00145
2077.06392	0.00144
2076.09963	0.0014
2075.13535	0.00139
2074.17107	0.00145
2073.20679	0.0015
2072.2425	0.0015
2071.27822	0.00151
2070.31394	0.00148
2069.34966	0.00141
2068.38538	0.00137
2067.42109	0.00142
2066.45681	0.00149
2065.49253	0.00148
2064.52825	0.00142
2063.56396	0.00141
2062.59968	0.00143
2061.6354	0.00142
2060.67112	0.00136
2059.70684	0.00131
2058.74255	0.00132
2057.77827	0.00133
2056.81399	0.00133
2055.84971	0.00135
2054.88542	0.00139
2053.92114	0.0014
2052.95686	0.00139
2051.99258	0.00137
2051.0283	0.00135
2050.06401	0.00133
2049.09973	0.00131
2048.13545	0.00129
2047.17117	0.00129
2046.20688	0.00129
2045.2426	0.00126
2044.27832	0.00124
2043.31404	0.00125
2042.34976	0.00127
2041.38547	0.00124
2040.42119	0.00119
2039.45691	0.00117
2038.49263	0.00119
2037.52834	0.00122
2036.56406	0.00122
2035.59978	0.0012
2034.6355	0.00116
2033.67122	0.00113
2032.70693	0.00113
2031.74265	0.00118
2030.77837	0.00128
2029.81409	0.00137
2028.8498	0.0014
2027.88552	0.00135
2026.92124	0.00128
2025.95696	0.00123
2024.99268	0.00118
2024.02839	0.00116
2023.06411	0.0012
2022.09983	0.00128
2021.13555	0.00129
2020.17126	0.00123
2019.20698	0.00123
2018.2427	0.00133
2017.27842	0.00142
2016.31414	0.00143
2015.34985	0.00141
2014.38557	0.00141
2013.42129	0.00142
2012.45701	0.00145
2011.49272	0.0015
2010.52844	0.00146
2009.56416	0.00135
2008.59988	0.00128
2007.6356	0.00129
2006.67131	0.00136
2005.70703	0.00141
2004.74275	0.00142
2003.77847	0.00142
2002.81418	0.00146
2001.8499	0.00154
2000.88562	0.00157
1999.92134	0.00154
1998.95706	0.0015
1997.99277	0.00149
1997.02849	0.00151
1996.06421	0.00153
1995.09993	0.00156
1994.13564	0.00157
1993.17136	0.00151
1992.20708	0.00132
1991.2428	0.00124
1990.27852	0.00136
1989.31423	0.00153
1988.34995	0.00158
1987.38567	0.00154
1986.42139	0.00154
1985.4571	0.00158
1984.49282	0.00163
1983.52854	0.0017
1982.56426	0.00178
1981.59998	0.0018
1980.63569	0.00178
1979.67141	0.00175
1978.70713	0.00168
1977.74285	0.00165
1976.77856	0.00169
1975.81428	0.00176
1974.85	0.00179
1973.88572	0.00181
1972.92144	0.00178
1971.95715	0.00172
1970.99287	0.00169
1970.02859	0.00175
1969.06431	0.00183
1968.10002	0.00182
1967.13574	0.00177
1966.17146	0.00172
1965.20718	0.00173
1964.2429	0.00172
1963.27861	0.00175
1962.31433	0.0018
1961.35005	0.00188
1960.38577	0.00207
1959.42148	0.00232
1958.4572	0.00236
1957.49292	0.00217
1956.52864	0.00198
1955.56436	0.00189
1954.60007	0.00184
1953.63579	0.00184
1952.67151	0.00191
1951.70723	0.00201
1950.74294	0.00207
1949.77866	0.00203
1948.81438	0.00198
1947.8501	0.002
1946.88582	0.00203
1945.92153	0.00194
1944.95725	0.00189
1943.99297	0.00193
1943.02869	0.00171
1942.0644	0.00142
1941.10012	0.0015
1940.13584	0.0017
1939.17156	0.00183
1938.20728	0.00191
1937.24299	0.00197
1936.27871	0.00201
1935.31443	0.002
1934.35015	0.00196
1933.38586	0.00193
1932.42158	0.00196
1931.4573	0.00205
1930.49302	0.00209
1929.52874	0.00207
1928.56445	0.00202
1927.60017	0.00199
1926.63589	0.00199
1925.67161	0.00204
1924.70732	0.00216
1923.74304	0.00227
1922.77876	0.00212
1921.81448	0.00191
1920.8502	0.00184
1919.88591	0.0018
1918.92163	0.00162
1917.95735	0.00143
1916.99307	0.00152
1916.02878	0.00178
1915.0645	0.00193
1914.10022	0.00199
1913.13594	0.00201
1912.17166	0.00203
1911.20737	0.00204
1910.24309	0.00205
1909.27881	0.00202
1908.31453	0.00203
1907.35024	0.00205
1906.38596	0.00208
1905.42168	0.00214
1904.4574	0.00217
1903.49312	0.00217
1902.52883	0.00217
1901.56455	0.00216
1900.60027	0.00215
1899.63599	0.00218
1898.6717	0.00222
1897.70742	0.00224
1896.74314	0.00224
1895.77886	0.0022
1894.81458	0.0021
1893.85029	0.00206
1892.88601	0.0021
1891.92173	0.00219
1890.95745	0.00227
1889.99316	0.00223
1889.02888	0.00205
1888.0646	0.00199
1887.10032	0.00207
1886.13604	0.00216
1885.17175	0.00225
1884.20747	0.00236
1883.24319	0.00243
1882.27891	0.00241
1881.31462	0.00234
1880.35034	0.00234
1879.38606	0.00241
1878.42178	0.00243
1877.4575	0.00237
1876.49321	0.00236
1875.52893	0.00245
1874.56465	0.00255
1873.60037	0.00255
1872.63608	0.00242
1871.6718	0.00224
1870.70752	0.00209
1869.74324	0.00206
1868.77896	0.00209
1867.81467	0.00218
1866.85039	0.00229
1865.88611	0.00236
1864.92183	0.00243
1863.95754	0.0025
1862.99326	0.00265
1862.02898	0.00275
1861.0647	0.0027
1860.10042	0.0026
1859.13613	0.00256
1858.17185	0.00261
1857.20757	0.00269
1856.24329	0.00276
1855.279	0.00278
1854.31472	0.00277
1853.35044	0.00271
1852.38616	0.00263
1851.42188	0.00261
1850.45759	0.00272
1849.49331	0.00286
1848.52903	0.00281
1847.56475	0.00259
1846.60046	0.00222
1845.63618	0.00176
1844.6719	0.00157
1843.70762	0.00186
1842.74333	0.00233
1841.77905	0.00252
1840.81477	0.00257
1839.85049	0.00267
1838.88621	0.00278
1837.92192	0.00277
1836.95764	0.00272
1835.99336	0.00276
1835.02908	0.00294
1834.06479	0.00311
1833.10051	0.0032
1832.13623	0.00329
1831.17195	0.00337
1830.20767	0.00323
1829.24338	0.00293
1828.2791	0.00282
1827.31482	0.00289
1826.35054	0.00276
1825.38625	0.00249
1824.42197	0.00249
1823.45769	0.00283
1822.49341	0.00312
1821.52913	0.00326
1820.56484	0.00334
1819.60056	0.00329
1818.63628	0.00308
1817.672	0.00287
1816.70771	0.00292
1815.74343	0.00316
1814.77915	0.00337
1813.81487	0.00347
1812.85059	0.00354
1811.8863	0.00352
1810.92202	0.00333
1809.95774	0.00314
1808.99346	0.00311
1808.02917	0.0032
1807.06489	0.0033
1806.10061	0.00339
1805.13633	0.00336
1804.17205	0.003
1803.20776	0.00218
1802.24348	0.00126
1801.2792	1E-3
1800.31492	0.00154
1799.35063	0.00229
1798.38635	0.00282
1797.42207	0.0031
1796.45779	0.00311
1795.49351	0.00292
1794.52922	0.00276
1793.56494	0.00273
1792.60066	0.00266
1791.63638	0.00241
1790.67209	0.00222
1789.70781	0.00234
1788.74353	0.00259
1787.77925	0.00263
1786.81497	0.0022
1785.85068	0.00147
1784.8864	0.00113
1783.92212	0.00164
1782.95784	0.00257
1781.99355	0.00318
1781.02927	0.00325
1780.06499	0.00307
1779.10071	0.00295
1778.13643	0.00295
1777.17214	0.00292
1776.20786	0.00276
1775.24358	0.00256
1774.2793	0.00262
1773.31501	0.00314
1772.35073	0.00355
1771.38645	0.00327
1770.42217	0.00237
1769.45789	0.00132
1768.4936	7.5E-4
1767.52932	0.00104
1766.56504	0.00183
1765.60076	0.00248
1764.63647	0.00275
1763.67219	0.00277
1762.70791	0.00272
1761.74363	0.00266
1760.77935	0.00263
1759.81506	0.00263
1758.85078	0.00259
1757.8865	0.00249
1756.92222	0.00238
1755.95793	0.00241
1754.99365	0.00253
1754.02937	0.00257
1753.06509	0.0025
1752.10081	0.0025
1751.13652	0.00265
1750.17224	0.00288
1749.20796	0.00301
1748.24368	0.00305
1747.27939	0.0031
1746.31511	0.00323
1745.35083	0.00339
1744.38655	0.00342
1743.42227	0.00332
1742.45798	0.00326
1741.4937	0.00344
1740.52942	0.00376
1739.56514	0.00392
1738.60085	0.0038
1737.63657	0.00354
1736.67229	0.00344
1735.70801	0.0038
1734.74373	0.00451
1733.77944	0.00503
1732.81516	0.00505
1731.85088	0.00467
1730.8866	0.00421
1729.92231	0.00396
1728.95803	0.00402
1727.99375	0.00428
1727.02947	0.00455
1726.06519	0.00475
1725.1009	0.00486
1724.13662	0.00489
1723.17234	0.00485
1722.20806	0.00477
1721.24377	0.00473
1720.27949	0.0048
1719.31521	0.00507
1718.35093	0.00546
1717.38665	0.00578
1716.42236	0.00583
1715.45808	0.00556
1714.4938	0.00524
1713.52952	0.00514
1712.56523	0.00523
1711.60095	0.00544
1710.63667	0.00568
1709.67239	0.00593
1708.70811	0.00621
1707.74382	0.00645
1706.77954	0.00654
1705.81526	0.00641
1704.85098	0.00612
1703.88669	0.00574
1702.92241	0.0053
1701.95813	0.00496
1700.99385	0.0051
1700.02957	0.00568
1699.06528	0.00647
1698.101	0.00694
1697.13672	0.00747
1696.17244	0.0084
1695.20815	0.00917
1694.24387	0.00932
1693.27959	0.0091
1692.31531	0.00905
1691.35103	0.00926
1690.38674	0.00949
1689.42246	0.00957
1688.45818	0.00961
1687.4939	0.00988
1686.52961	0.01063
1685.56533	0.01181
1684.60105	0.01266
1683.63677	0.01256
1682.67249	0.01201
1681.7082	0.01166
1680.74392	0.01164
1679.77964	0.01183
1678.81536	0.01217
1677.85107	0.01261
1676.88679	0.01316
1675.92251	0.01375
1674.95823	0.01411
1673.99395	0.01418
1673.02966	0.0141
1672.06538	0.01406
1671.1011	0.01406
1670.13682	0.01408
1669.17253	0.01407
1668.20825	0.01402
1667.24397	0.01395
1666.27969	0.01391
1665.31541	0.0139
1664.35112	0.0139
1663.38684	0.01387
1662.42256	0.01373
1661.45828	0.01349
1660.49399	0.01323
1659.52971	0.01294
1658.56543	0.01259
1657.60115	0.01217
1656.63687	0.01176
1655.67258	0.01151
1654.7083	0.01155
1653.74402	0.01177
1652.77974	0.01197
1651.81545	0.01211
1650.85117	0.01166
1649.88689	0.01076
1648.92261	0.01001
1647.95833	0.00963
1646.99404	0.00954
1646.02976	0.0097
1645.06548	0.00975
1644.1012	0.00952
1643.13691	0.00921
1642.17263	0.009
1641.20835	0.00885
1640.24407	0.00869
1639.27979	0.00846
1638.3155	0.00818
1637.35122	0.00799
1636.38694	0.00799
1635.42266	0.00801
1634.45837	0.00781
1633.49409	0.00748
1632.52981	0.00719
1631.56553	0.00704
1630.60125	0.00699
1629.63696	0.00694
1628.67268	0.00681
1627.7084	0.00657
1626.74412	0.00633
1625.77983	0.00625
1624.81555	0.00633
1623.85127	0.00639
1622.88699	0.00626
1621.92271	0.00599
1620.95842	0.00572
1619.99414	0.00558
1619.02986	0.00561
1618.06558	0.00597
1617.10129	0.00662
1616.13701	0.00704
1615.17273	0.00689
1614.20845	0.00638
1613.24417	0.006
1612.27988	0.00596
1611.3156	0.00615
1610.35132	0.00638
1609.38704	0.00651
1608.42275	0.00652
1607.45847	0.00646
1606.49419	0.00639
1605.52991	0.00632
1604.56563	0.00623
1603.60134	0.0061
1602.63706	0.006
1601.67278	0.00598
1600.7085	0.00601
1599.74421	0.00604
1598.77993	0.00605
1597.81565	0.00606
1596.85137	0.00607
1595.88708	0.00605
1594.9228	0.006
1593.95852	0.00594
1592.99424	0.0059
1592.02996	0.00589
1591.06567	0.0059
1590.10139	0.00588
1589.13711	0.00583
1588.17283	0.00575
1587.20854	0.00569
1586.24426	0.00566
1585.27998	0.00565
1584.3157	0.0056
1583.35142	0.00548
1582.38713	0.0053
1581.42285	0.00505
1580.45857	0.00476
1579.49429	0.00448
1578.53	0.00439
1577.56572	0.00465
1576.60144	0.0052
1575.63716	0.00543
1574.67288	0.00499
1573.70859	0.00415
1572.74431	0.00352
1571.78003	0.00334
1570.81575	0.00345
1569.85146	0.00354
1568.88718	0.0034
1567.9229	0.00321
1566.95862	0.00309
1565.99434	0.00297
1565.03005	0.00274
1564.06577	0.00242
1563.10149	0.0022
1562.13721	0.00232
1561.17292	0.00309
1560.20864	0.00429
1559.24436	0.00496
1558.28008	0.00449
1557.3158	0.00346
1556.35151	0.00238
1555.38723	0.00165
1554.42295	0.00148
1553.45867	0.00159
1552.49438	0.00163
1551.5301	0.00152
1550.56582	0.00137
1549.60154	0.00122
1548.63726	0.0012
1547.67297	0.00129
1546.70869	0.00135
1545.74441	0.00127
1544.78013	0.00105
1543.81584	9.1E-4
1542.85156	0.00119
1541.88728	0.00193
1540.923	0.00278
1539.95872	0.0033
1538.99443	0.00322
1538.03015	0.00266
1537.06587	0.00186
1536.10159	0.00124
1535.1373	0.00106
1534.17302	0.00119
1533.20874	0.00132
1532.24446	0.00138
1531.28018	0.00142
1530.31589	0.00152
1529.35161	0.00162
1528.38733	0.00163
1527.42305	0.00149
1526.45876	0.00136
1525.49448	0.00132
1524.5302	0.00137
1523.56592	0.00153
1522.60164	0.0018
1521.63735	0.002
1520.67307	0.0019
1519.70879	0.00168
1518.74451	0.00155
1517.78022	0.0015
1516.81594	0.00142
1515.85166	0.00145
1514.88738	0.00171
1513.9231	0.00206
1512.95881	0.00229
1511.99453	0.00232
1511.03025	0.00225
1510.06597	0.00221
1509.10168	0.00229
1508.1374	0.00252
1507.17312	0.00282
1506.20884	0.00306
1505.24456	0.00327
1504.28027	0.00327
1503.31599	0.00293
1502.35171	0.00255
1501.38743	0.00232
1500.42314	0.00224
1499.45886	0.00229
1498.49458	0.00251
1497.5303	0.00302
1496.56602	0.00371
1495.60173	0.00422
1494.63745	0.00435
1493.67317	0.00423
1492.70889	0.00412
1491.7446	0.00406
1490.78032	0.00393
1489.81604	0.00378
1488.85176	0.00386
1487.88748	0.00421
1486.92319	0.00467
1485.95891	0.00506
1484.99463	0.00537
1484.03035	0.00563
1483.06606	0.00583
1482.10178	0.00594
1481.1375	0.00598
1480.17322	0.00601
1479.20894	0.00604
1478.24465	0.00601
1477.28037	0.00584
1476.31609	0.00562
1475.35181	0.00563
1474.38752	0.00602
1473.42324	0.00659
1472.45896	0.00703
1471.49468	0.00727
1470.5304	0.00745
1469.56611	0.00761
1468.60183	0.00779
1467.63755	0.008
1466.67327	0.00829
1465.70898	0.0088
1464.7447	0.00953
1463.78042	0.01044
1462.81614	0.01148
1461.85186	0.01269
1460.88757	0.01418
1459.92329	0.0162
1458.95901	0.01942
1457.99473	0.02509
1457.03044	0.03425
1456.06616	0.04556
1455.10188	0.05517
1454.1376	0.05945
1453.17332	0.05732
1452.20903	0.05097
1451.24475	0.04415
1450.28047	0.03952
1449.31619	0.03745
1448.3519	0.03706
1447.38762	0.03733
1446.42334	0.03759
1445.45906	0.03747
1444.49478	0.03683
1443.53049	0.03563
1442.56621	0.03391
1441.60193	0.03177
1440.63765	0.02936
1439.67336	0.02682
1438.70908	0.0243
1437.7448	0.02201
1436.78052	0.02017
1435.81624	0.01884
1434.85195	0.01803
1433.88767	0.01749
1432.92339	0.01715
1431.95911	0.01702
1430.99482	0.01708
1430.03054	0.01726
1429.06626	0.01766
1428.10198	0.01831
1427.1377	0.01916
1426.17341	0.02014
1425.20913	0.02121
1424.24485	0.02258
1423.28057	0.02466
1422.31628	0.02783
1421.352	0.03164
1420.38772	0.03469
1419.42344	0.03495
1418.45916	0.03192
1417.49487	0.02791
1416.53059	0.02519
1415.56631	0.02413
1414.60203	0.02395
1413.63774	0.02406
1412.67346	0.02429
1411.70918	0.02456
1410.7449	0.02483
1409.78062	0.02488
1408.81633	0.02433
1407.85205	0.02286
1406.88777	0.02064
1405.92349	0.01808
1404.9592	0.01553
1403.99492	0.01322
1403.03064	0.01135
1402.06636	0.00983
1401.10208	0.00855
1400.13779	0.00739
1399.17351	0.00623
1398.20923	0.00523
1397.24495	0.00453
1396.28066	0.00396
1395.31638	0.00342
1394.3521	0.0032
1393.38782	0.00341
1392.42354	0.00368
1391.45925	0.00375
1390.49497	0.00366
1389.53069	0.0035
1388.56641	0.00341
1387.60212	0.00368
1386.63784	0.0045
1385.67356	0.00563
1384.70928	0.00664
1383.745	0.00735
1382.78071	0.00796
1381.81643	0.00876
1380.85215	0.01009
1379.88787	0.01219
1378.92358	0.0148
1377.9593	0.01709
1376.99502	0.01842
1376.03074	0.01905
1375.06646	0.01947
1374.10217	0.01967
1373.13789	0.0196
1372.17361	0.01906
1371.20933	0.01783
1370.24504	0.01602
1369.28076	0.01405
1368.31648	0.0122
1367.3522	0.01055
1366.38792	0.00905
1365.42363	0.00765
1364.45935	0.00635
1363.49507	0.00508
1362.53079	0.0038
1361.5665	0.00285
1360.60222	0.00263
1359.63794	0.00297
1358.67366	0.0033
1357.70938	0.00328
1356.74509	0.00311
1355.78081	0.003
1354.81653	0.00295
1353.85225	0.00293
1352.88796	0.00291
1351.92368	0.00288
1350.9594	0.00285
1349.99512	0.00282
1349.03083	0.0028
1348.06655	0.00281
1347.10227	0.00281
1346.13799	0.0027
1345.17371	0.00255
1344.20942	0.00252
1343.24514	0.00268
1342.28086	0.00284
1341.31658	0.00279
1340.35229	0.00267
1339.38801	0.00259
1338.42373	0.00262
1337.45945	0.00258
1336.49517	0.00241
1335.53088	0.00235
1334.5666	0.00252
1333.60232	0.00284
1332.63804	0.00307
1331.67375	0.00297
1330.70947	0.00263
1329.74519	0.00244
1328.78091	0.00258
1327.81663	0.00281
1326.85234	0.00283
1325.88806	0.00265
1324.92378	0.0025
1323.9595	0.00249
1322.99521	0.00258
1322.03093	0.00268
1321.06665	0.00272
1320.10237	0.00265
1319.13809	0.00254
1318.1738	0.00248
1317.20952	0.00252
1316.24524	0.00254
1315.28096	0.0025
1314.31667	0.00246
1313.35239	0.00248
1312.38811	0.00253
1311.42383	0.00259
1310.45955	0.0026
1309.49526	0.00255
1308.53098	0.00253
1307.5667	0.00279
1306.60242	0.00339
1305.63813	0.00385
1304.67385	0.00386
1303.70957	0.00366
1302.74529	0.00344
1301.78101	0.00322
1300.81672	0.00297
1299.85244	0.00276
1298.88816	0.00268
1297.92388	0.00271
1296.95959	0.00268
1295.99531	0.0026
1295.03103	0.0026
1294.06675	0.00269
1293.10247	0.00276
1292.13818	0.0027
1291.1739	0.00258
1290.20962	0.00255
1289.24534	0.00267
1288.28105	0.00278
1287.31677	0.00275
1286.35249	0.00264
1285.38821	0.00258
1284.42393	0.00263
1283.45964	0.00272
1282.49536	0.00274
1281.53108	0.00266
1280.5668	0.00255
1279.60251	0.0025
1278.63823	0.00252
1277.67395	0.00257
1276.70967	0.0026
1275.74539	0.00263
1274.7811	0.00267
1273.81682	0.00269
1272.85254	0.00273
1271.88826	0.00278
1270.92397	0.00282
1269.95969	0.00286
1268.99541	0.00294
1268.03113	0.00299
1267.06685	0.00302
1266.10256	0.00316
1265.13828	0.00345
1264.174	0.00375
1263.20972	0.00394
1262.24543	0.00404
1261.28115	0.00407
1260.31687	0.00403
1259.35259	0.00395
1258.38831	0.00387
1257.42402	0.00374
1256.45974	0.00353
1255.49546	0.00334
1254.53118	0.00327
1253.56689	0.00326
1252.60261	0.00321
1251.63833	0.00314
1250.67405	0.00311
1249.70977	0.00313
1248.74548	0.00315
1247.7812	0.00317
1246.81692	0.00319
1245.85264	0.00322
1244.88835	0.0032
1243.92407	0.00317
1242.95979	0.00318
1241.99551	0.00321
1241.03123	0.00322
1240.06694	0.00326
1239.10266	0.00336
1238.13838	0.00348
1237.1741	0.00351
1236.20981	0.00341
1235.24553	0.00328
1234.28125	0.00325
1233.31697	0.00337
1232.35269	0.00353
1231.3884	0.00357
1230.42412	0.00357
1229.45984	0.00361
1228.49556	0.0036
1227.53127	0.00353
1226.56699	0.00346
1225.60271	0.00339
1224.63843	0.00341
1223.67415	0.00354
1222.70986	0.00366
1221.74558	0.00367
1220.7813	0.00359
1219.81702	0.00351
1218.85273	0.00347
1217.88845	0.00344
1216.92417	0.00342
1215.95989	0.00343
1214.99561	0.00345
1214.03132	0.00344
1213.06704	0.0034
1212.10276	0.00338
1211.13848	0.00343
1210.17419	0.00353
1209.20991	0.00362
1208.24563	0.00371
1207.28135	0.00377
1206.31707	0.00374
1205.35278	0.00367
1204.3885	0.00363
1203.42422	0.00358
1202.45994	0.0035
1201.49565	0.00344
1200.53137	0.00355
1199.56709	0.004
1198.60281	0.00394
1197.63853	0.00391
1196.67424	0.00392
1195.70996	0.00393
1194.74568	0.004
1193.7814	0.0041
1192.81711	0.00415
1191.85283	0.00418
1190.88855	0.00426
1189.92427	0.00431
1188.95999	0.00426
1187.9957	0.00418
1187.03142	0.00415
1186.06714	0.00423
1185.10286	0.00433
1184.13857	0.00435
1183.17429	0.00436
1182.21001	0.00446
1181.24573	0.00461
1180.28145	0.00465
1179.31716	0.00458
1178.35288	0.00449
1177.3886	0.00443
1176.42432	0.00436
1175.46003	0.00413
1174.49575	0.00394
1173.53147	0.00408
1172.56719	0.00436
1171.60291	0.00443
1170.63862	0.00441
1169.67434	0.00448
1168.71006	0.00449
1167.74578	0.00437
1166.78149	0.00435
1165.81721	0.00446
1164.85293	0.00454
1163.88865	0.00457
1162.92437	0.0046
1161.96008	0.00455
1160.9958	0.00447
1160.03152	0.00439
1159.06724	0.00429
1158.10295	0.00429
1157.13867	0.00439
1156.17439	0.00447
1155.21011	0.00454
1154.24583	0.00459
1153.28154	0.00456
1152.31726	0.00446
1151.35298	0.00437
1150.3887	0.00435
1149.42441	0.00434
1148.46013	0.0043
1147.49585	0.00428
1146.53157	0.00431
1145.56729	0.00439
1144.603	0.00443
1143.63872	0.00432
1142.67444	0.00416
1141.71016	0.00415
1140.74587	0.00431
1139.78159	0.0045
1138.81731	0.00461
1137.85303	0.00465
1136.88875	0.00459
1135.92446	0.00445
1134.96018	0.00439
1133.9959	0.00449
1133.03162	0.00463
1132.06733	0.00466
1131.10305	0.00466
1130.13877	0.00478
1129.17449	0.005
1128.21021	0.00512
1127.24592	0.00511
1126.28164	0.00502
1125.31736	0.00493
1124.35308	0.00493
1123.38879	0.00499
1122.42451	0.00503
1121.46023	0.00506
1120.49595	0.00506
1119.53167	0.00495
1118.56738	0.00486
1117.6031	0.00507
1116.63882	0.00542
1115.67454	0.00554
1114.71025	0.00547
1113.74597	0.00545
1112.78169	0.00549
1111.81741	0.00557
1110.85313	0.00559
1109.88884	0.00549
1108.92456	0.00542
1107.96028	0.00546
1106.996	0.00547
1106.03171	0.00544
1105.06743	0.00544
1104.10315	0.00542
1103.13887	0.00535
1102.17458	0.00519
1101.2103	0.00503
1100.24602	0.00505
1099.28174	0.00524
1098.31746	0.00535
1097.35317	0.00533
1096.38889	0.00533
1095.42461	0.00532
1094.46033	0.00528
1093.49604	0.00531
1092.53176	0.00539
1091.56748	0.00538
1090.6032	0.00529
1089.63892	0.00524
1088.67463	0.00528
1087.71035	0.00529
1086.74607	0.00523
1085.78179	0.00517
1084.8175	0.00509
1083.85322	0.00495
1082.88894	0.0049
1081.92466	0.00508
1080.96038	0.00534
1079.99609	0.00545
1079.03181	0.00541
1078.06753	0.00533
1077.10325	0.00524
1076.13896	0.00512
1075.17468	0.00506
1074.2104	0.00503
1073.24612	0.00497
1072.28184	0.0049
1071.31755	0.00484
1070.35327	0.00482
1069.38899	0.00487
1068.42471	0.00493
1067.46042	0.00491
1066.49614	0.00484
1065.53186	0.00478
1064.56758	0.00467
1063.6033	0.00469
1062.63901	0.00491
1061.67473	0.00514
1060.71045	0.00533
1059.74617	0.00551
1058.78188	0.00569
1057.8176	0.00596
1056.85332	0.00641
1055.88904	0.00698
1054.92476	0.0077
1053.96047	0.00871
1052.99619	0.01028
1052.03191	0.01286
1051.06763	0.01719
1050.10334	0.02383
1049.13906	0.03156
1048.17478	0.03663
1047.2105	0.03683
1046.24622	0.03483
1045.28193	0.03407
1044.31765	0.03512
1043.35337	0.03719
1042.38909	0.03967
1041.4248	0.04201
1040.46052	0.04387
1039.49624	0.04522
1038.53196	0.04672
1037.56768	0.04911
1036.60339	0.05021
1035.63911	0.04584
1034.67483	0.03674
1033.71055	0.028
1032.74626	0.02187
1031.78198	0.01739
1030.8177	0.01379
1029.85342	0.01083
1028.88914	0.0084
1027.92485	0.00651
1026.96057	0.00512
1025.99629	0.00404
1025.03201	0.00321
1024.06772	0.00279
1023.10344	0.00274
1022.13916	0.00269
1021.17488	0.00247
1020.2106	0.00224
1019.24631	0.00212
1018.28203	0.00211
1017.31775	0.0021
1016.35347	0.00204
1015.38918	0.00202
1014.4249	0.00201
1013.46062	0.00191
1012.49634	0.00184
1011.53206	0.00198
1010.56777	0.00219
1009.60349	0.00225
1008.63921	0.00223
1007.67493	0.00227
1006.71064	0.00234
1005.74636	0.00233
1004.78208	0.00224
1003.8178	0.00215
1002.85352	0.00217
1001.88923	0.00229
1000.92495	0.00245
999.96067	0.00252
998.99639	0.00247
998.0321	0.00249
997.06782	0.00274
996.10354	0.00303
995.13926	0.00313
994.17498	0.00308
993.21069	0.003
992.24641	0.00298
991.28213	0.00307
990.31785	0.00323
989.35356	0.00338
988.38928	0.00353
987.425	0.00373
986.46072	0.00392
985.49644	0.00402
984.53215	0.00387
983.56787	0.0036
982.60359	0.00351
981.63931	0.00365
980.67502	0.00381
979.71074	0.00383
978.74646	0.00378
977.78218	0.00383
976.8179	0.00394
975.85361	0.00405
974.88933	0.00409
973.92505	0.00403
972.96077	0.00399
971.99648	0.00408
971.0322	0.00418
970.06792	0.00426
969.10364	0.0044
968.13936	0.00456
967.17507	0.00479
966.21079	0.00508
965.24651	0.00526
964.28223	0.00539
963.31794	0.00561
962.35366	0.00578
961.38938	0.0059
960.4251	0.00616
959.46082	0.00646
958.49653	0.00653
957.53225	0.00633
956.56797	0.00621
955.60369	0.00638
954.6394	0.00677
953.67512	0.00718
952.71084	0.0076
951.74656	0.00795
950.78228	0.00812
949.81799	0.00826
948.85371	0.00849
947.88943	0.00877
946.92515	0.00909
945.96086	0.00931
944.99658	0.00957
944.0323	0.01013
943.06802	0.01067
942.10374	0.01086
941.13945	0.01092
940.17517	0.01119
939.21089	0.01167
938.24661	0.01218
937.28232	0.01261
936.31804	0.01303
935.35376	0.01355
934.38948	0.01417
933.4252	0.01479
932.46091	0.01532
931.49663	0.0159
930.53235	0.01704
929.56807	0.01891
928.60378	0.02113
927.6395	0.02347
926.67522	0.02608
925.71094	0.0289
924.74666	0.03134
923.78237	0.03291
922.81809	0.03364
921.85381	0.03359
920.88953	0.03291
919.92524	0.03209
918.96096	0.03123
917.99668	0.02965
917.0324	0.027
916.06812	0.02403
915.10383	0.02178
914.13955	0.02053
913.17527	0.01998
912.21099	0.01995
911.2467	0.02043
910.28242	0.02108
909.31814	0.02153
908.35386	0.02171
907.38958	0.0219
906.42529	0.02236
905.46101	0.02302
904.49673	0.02372
903.53245	0.02426
902.56816	0.02456
901.60388	0.02479
900.6396	0.0252
899.67532	0.02571
898.71104	0.02621
897.74675	0.02677
896.78247	0.02728
895.81819	0.02757
894.85391	0.02784
893.88962	0.02826
892.92534	0.02872
891.96106	0.02919
890.99678	0.02957
890.0325	0.02974
889.06821	0.02992
888.10393	0.03025
887.13965	0.03061
886.17537	0.03099
885.21108	0.0313
884.2468	0.0313
883.28252	0.03129
882.31824	0.03188
881.35396	0.03275
880.38967	0.03312
879.42539	0.03327
878.46111	0.03388
877.49683	0.03478
876.53254	0.0355
875.56826	0.03594
874.60398	0.03617
873.6397	0.03639
872.67542	0.03675
871.71113	0.03709
870.74685	0.03732
869.78257	0.03759
868.81829	0.03777
867.854	0.03787
866.88972	0.03816
865.92544	0.03865
864.96116	0.03914
863.99688	0.03959
863.03259	0.04011
862.06831	0.04053
861.10403	0.04075
860.13975	0.04102
859.17546	0.0414
858.21118	0.04164
857.2469	0.0418
856.28262	0.04218
855.31833	0.04272
854.35405	0.04315
853.38977	0.04337
852.42549	0.0435
851.46121	0.04366
850.49692	0.04387
849.53264	0.04424
848.56836	0.04493
847.60408	0.0455
846.63979	0.0456
845.67551	0.04548
844.71123	0.04546
843.74695	0.0457
842.78267	0.04615
841.81838	0.04657
840.8541	0.04687
839.88982	0.04697
838.92554	0.04695
837.96125	0.04697
836.99697	0.04721
836.03269	0.04782
835.06841	0.04856
834.10413	0.04898
833.13984	0.04909
832.17556	0.04916
831.21128	0.04909
830.247	0.04893
829.28271	0.04894
828.31843	0.04913
827.35415	0.0494
826.38987	0.04969
825.42559	0.04985
824.4613	0.04984
823.49702	0.04985
822.53274	0.05002
821.56846	0.05025
820.60417	0.05042
819.63989	0.05051
818.67561	0.05057
817.71133	0.05069
816.74705	0.05083
815.78276	0.05073
814.81848	0.05055
813.8542	0.05056
812.88992	0.05065
811.92563	0.05075
810.96135	0.05094
809.99707	0.05097
809.03279	0.0509
808.06851	0.05095
807.10422	0.05094
806.13994	0.05072
805.17566	0.05041
804.21138	0.05023
803.24709	0.0503
802.28281	0.05056
801.31853	0.05085
800.35425	0.051
799.38997	0.05103
798.42568	0.05115
797.4614	0.05129
796.49712	0.05107
795.53284	0.05078
794.56855	0.05085
793.60427	0.05102
792.63999	0.05084
791.67571	0.05113
790.71143	0.05247
789.74714	0.05289
788.78286	0.0517
787.81858	0.05087
786.8543	0.0509
785.89001	0.05109
784.92573	0.05127
783.96145	0.05125
782.99717	0.05106
782.03289	0.05095
781.0686	0.05082
780.10432	0.05057
779.14004	0.05039
778.17576	0.05036
777.21147	0.05037
776.24719	0.05041
775.28291	0.05058
774.31863	0.05082
773.35435	0.05097
772.39006	0.0511
771.42578	0.05125
770.4615	0.05127
769.49722	0.05121
768.53293	0.05118
767.56865	0.05107
766.60437	0.05084
765.64009	0.05072
764.67581	0.05074
763.71152	0.0507
762.74724	0.05056
761.78296	0.05039
760.81868	0.05012
759.85439	0.04968
758.89011	0.04922
757.92583	0.04876
756.96155	0.04822
755.99727	0.04767
755.03298	0.0471
754.0687	0.04651
753.10442	0.04604
752.14014	0.04562
751.17585	0.04504
750.21157	0.04434
749.24729	0.04384
748.28301	0.04368
747.31873	0.04363
746.35444	0.04327
745.39016	0.04268
744.42588	0.0424
743.4616	0.04227
742.49731	0.04181
741.53303	0.0413
740.56875	0.04121
739.60447	0.04123
738.64019	0.04106
737.6759	0.04086
736.71162	0.04074
735.74734	0.04051
734.78306	0.04004
733.81877	0.03951
732.85449	0.03932
731.89021	0.03939
730.92593	0.03928
729.96165	0.03906
728.99736	0.039
728.03308	0.03888
727.0688	0.03828
726.10452	0.03741
725.14023	0.03693
724.17595	0.0371
723.21167	0.03698
722.24739	0.03649
721.28311	0.03575
720.31882	0.03522
719.35454	0.03515
718.39026	0.03507
717.42598	0.03471
716.46169	0.03439
715.49741	0.03428
714.53313	0.03421
713.56885	0.03403
712.60457	0.03361
711.64028	0.03302
710.676	0.03245
709.71172	0.03203
708.74744	0.0317
707.78315	0.03136
706.81887	0.03095
705.85459	0.03056
704.89031	0.03021
703.92603	0.02981
702.96174	0.02933
701.99746	0.02876
701.03318	0.028
700.0689	0.02724
699.10461	0.02665
698.14033	0.02601
697.17605	0.02518
696.21177	0.02435
695.24749	0.02364
694.2832	0.02296
693.31892	0.02219
692.35464	0.02136
691.39036	0.02062
690.42607	0.0201
689.46179	0.01972
688.49751	0.0193
687.53323	0.01881
686.56895	0.01832
685.60466	0.01791
684.64038	0.01753
683.6761	0.01706
682.71182	0.01669
681.74753	0.01671
680.78325	0.01705
679.81897	0.01746
678.85469	0.01781
677.89041	0.01807
676.92612	0.01823
675.96184	0.01812
674.99756	0.01763
674.03328	0.01694
673.06899	0.01632
672.10471	0.01605
671.14043	0.01607
670.17615	0.01518
669.21187	0.01222
668.24758	0.00917
667.2833	0.00992
666.31902	0.01293
665.35474	0.01469
664.39045	0.01497
663.42617	0.01449
662.46189	0.01385
661.49761	0.01335
660.53333	0.01308
659.56904	0.01268
658.60476	0.01192
657.64048	0.01114
656.6762	0.01066
655.71191	0.01041
654.74763	0.01035
653.78335	0.0106
652.81907	0.01113
651.85479	0.01159
650.8905	0.01161
649.92622	0.01131
648.96194	0.01113
647.99766	0.01116
647.03337	0.011
646.06909	0.01065
645.10481	0.01043
644.14053	0.01029
643.17625	0.01027
642.21196	0.01066
641.24768	0.01122
640.2834	0.01145
639.31912	0.01142
638.35483	0.01162
637.39055	0.01218
636.42627	0.01268
635.46199	0.01271
634.49771	0.01231
633.53342	0.01163
632.56914	0.01075
631.60486	0.00982
630.64058	0.00904
629.67629	0.0084
628.71201	0.00804
627.74773	0.00817
626.78345	0.00804
625.81917	0.00725
624.85488	0.00682
623.8906	0.00719
622.92632	0.00733
621.96204	0.00713
620.99775	0.00702
620.03347	0.0066
619.06919	0.00543
618.10491	0.00417
617.14063	0.00378
616.17634	0.00412
615.21206	0.00487
614.24778	0.00591
613.2835	0.00638
612.31921	0.00581
611.35493	0.0049
610.39065	0.0044
609.42637	0.00443
608.46208	0.00492
607.4978	0.00547
606.53352	0.0054
605.56924	0.00465
604.60496	0.00407
603.64067	0.00439
602.67639	0.00499
601.71211	0.00485
600.74783	0.00429
599.78354	0.0044
598.81926	0.00503
597.85498	0.00529
596.8907	0.00519
595.92642	0.00471
594.96213	0.00338
593.99785	0.0014
593.03357	-9.2E-4
592.06929	-0.00215
591.105	-7.1E-4
590.14072	0.00157
589.17644	0.00251
588.21216	0.00287
587.24788	0.0034
586.28359	0.00357
585.31931	0.00328
584.35503	0.00324
583.39075	0.00362
582.42646	0.00355
581.46218	0.00249
580.4979	0.00215
579.53362	0.00395
578.56934	0.00518
577.60505	0.00313
576.64077	-4.7E-4
575.67649	-0.00187
574.71221	-5.2E-4
573.74792	0.00112
572.78364	0.00156
571.81936	6.9E-4
570.85508	-4.6E-4
569.8908	-6.8E-4
568.92651	1.1E-4
567.96223	0.00108
566.99795	0.00113
566.03367	-1.2E-4
565.06938	-8.6E-4
564.1051	7.4E-4
563.14082	0.00252
562.17654	0.00166
561.21226	-5.4E-4
560.24797	-0.00117
559.28369	0.00109
558.31941	0.00409
557.35513	0.00403
556.39084	0.00107
555.42656	-0.00106
554.46228	-1E-5
553.498	0.003
552.53372	0.00542
551.56943	0.00575
550.60515	0.00432
549.64087	0.00237
