4000.35	8.663E-4
3999.39	8.14252E-4
3998.43	7.30105E-4
3997.46	7.23038E-4
3996.5	7.2669E-4
3995.53	7.24823E-4
3994.57	6.92175E-4
3993.6	6.15408E-4
3992.64	6.34161E-4
3991.68	6.37013E-4
3990.71	6.16746E-4
3989.75	5.85698E-4
3988.78	5.73231E-4
3987.82	6.23184E-4
3986.85	6.34317E-4
3985.89	5.58469E-4
3984.92	5.32402E-4
3983.96	5.47654E-4
3983	5.46007E-4
3982.03	5.2904E-4
3981.07	4.75592E-4
3980.1	4.95125E-4
3979.14	4.82677E-4
3978.17	4.4061E-4
3977.21	4.33863E-4
3976.24	3.96196E-4
3975.28	4.05148E-4
3974.32	4.366E-4
3973.35	4.33633E-4
3972.39	3.85786E-4
3971.42	4.01219E-4
3970.46	4.25071E-4
3969.49	3.92704E-4
3968.53	3.90056E-4
3967.57	3.89009E-4
3966.6	3.57242E-4
3965.64	3.53094E-4
3964.67	3.37327E-4
3963.71	3.38379E-4
3962.74	3.45112E-4
3961.78	2.99865E-4
3960.81	2.49598E-4
3959.85	2.4085E-4
3958.89	2.41402E-4
3957.92	2.29635E-4
3956.96	2.65488E-4
3955.99	2.40421E-4
3955.03	2.46373E-4
3954.06	2.74606E-4
3953.1	2.00658E-4
3952.13	1.46292E-4
3951.17	1.87744E-4
3950.21	1.83796E-4
3949.24	1.56129E-4
3948.28	1.50281E-4
3947.31	1.13115E-4
3946.35	1.60367E-4
3945.38	1.464E-4
3944.42	9.26522E-5
3943.46	1.27605E-4
3942.49	1.37638E-4
3941.53	1.3339E-4
3940.56	9.54229E-5
3939.6	6.11752E-5
3938.63	7.46083E-5
3937.67	9.65606E-5
3936.7	1.15194E-4
3935.74	1.49046E-4
3934.78	1.28898E-4
3933.81	9.05313E-5
3932.85	9.46836E-5
3931.88	5.79166E-5
3930.92	7.94689E-5
3929.95	8.0802E-5
3928.99	4.49543E-5
3928.02	6.45873E-5
3927.06	6.54396E-5
3926.1	3.09919E-5
3925.13	-2.5875E-5
3924.17	-1.56227E-5
3923.2	8.11032E-6
3922.24	-4.39374E-5
3921.27	-3.93043E-5
3920.31	6.84797E-6
3919.34	-3.4219E-5
3918.38	-6.93667E-5
3917.42	-3.25144E-5
3916.45	-5.18132E-6
3915.49	-1.4929E-5
3914.52	-2.3396E-5
3913.56	-2.56437E-5
3912.59	-3.64106E-5
3911.63	-8.40583E-5
3910.67	-6.3106E-5
3909.7	-3.3673E-5
3908.74	-7.20207E-5
3907.77	-6.71876E-5
3906.81	-6.52353E-5
3905.84	-7.60023E-5
3904.88	-7.275E-5
3903.91	-3.89169E-5
3902.95	-3.66646E-5
3901.99	-5.73123E-5
3901.02	-5.24793E-5
3900.06	-8.9927E-5
3899.09	-1.36794E-4
3898.13	-1.62642E-4
3897.16	-1.52309E-4
3896.2	-1.28056E-4
3895.23	-1.33523E-4
3894.27	-1.65971E-4
3893.31	-1.79719E-4
3892.34	-1.64386E-4
3891.38	-1.40833E-4
3890.41	-1.389E-4
3889.45	-1.56948E-4
3888.48	-1.44815E-4
3887.52	-1.42463E-4
3886.55	-1.65029E-4
3885.59	-1.75777E-4
3884.63	-1.90425E-4
3883.66	-1.80992E-4
3882.7	-1.8934E-4
3881.73	-1.77406E-4
3880.77	-1.67354E-4
3879.8	-1.75621E-4
3878.84	-1.38069E-4
3877.88	-1.76417E-4
3876.91	-1.94783E-4
3875.95	-1.76331E-4
3874.98	-2.22898E-4
3874.02	-2.43146E-4
3873.05	-2.20513E-4
3872.09	-2.2526E-4
3871.12	-2.26627E-4
3870.16	-2.24475E-4
3869.2	-2.30723E-4
3868.23	-2.5129E-4
3867.27	-2.17637E-4
3866.3	-1.82204E-4
3865.34	-2.02552E-4
3864.37	-2.32319E-4
3863.41	-2.41867E-4
3862.44	-2.08734E-4
3861.48	-2.02981E-4
3860.52	-2.19529E-4
3859.55	-2.01896E-4
3858.59	-2.13144E-4
3857.62	-2.57011E-4
3856.66	-2.42358E-4
3855.69	-2.22825E-4
3854.73	-1.89573E-4
3853.77	-1.58521E-4
3852.8	-1.82188E-4
3851.84	-1.72835E-4
3850.87	-1.31802E-4
3849.91	-1.3935E-4
3848.94	-1.55817E-4
3847.98	-1.64465E-4
3847.01	-1.81632E-4
3846.05	-1.74979E-4
3845.09	-1.55927E-4
3844.12	-1.83294E-4
3843.16	-1.80742E-4
3842.19	-1.15609E-4
3841.23	-1.24256E-4
3840.26	-1.46423E-4
3839.3	-1.18471E-4
3838.33	-1.50438E-4
3837.37	-1.49886E-4
3836.41	-8.41333E-5
3835.44	-7.80003E-5
3834.48	-1.02948E-4
3833.51	-1.09915E-4
3832.55	-9.81626E-5
3831.58	-5.46296E-5
3830.62	-1.11773E-5
3829.66	-2.7325E-5
3828.69	-7.34919E-5
3827.73	-9.99396E-5
3826.76	-8.11066E-5
3825.8	-4.21543E-5
3824.83	-3.81212E-5
3823.87	-8.26893E-6
3822.9	3.19641E-5
3821.94	4.06164E-5
3820.98	2.65687E-5
3820.01	2.60177E-6
3819.05	2.21541E-5
3818.08	4.30871E-5
3817.12	6.34394E-5
3816.15	4.40725E-5
3815.19	1.54248E-5
3814.22	9.50578E-5
3813.26	1.1541E-4
3812.3	8.69624E-5
3811.33	7.72955E-5
3810.37	5.63478E-5
3809.4	1.07181E-4
3808.44	1.51833E-4
3807.47	1.52966E-4
3806.51	1.47518E-4
3805.54	1.75052E-4
3804.58	1.62704E-4
3803.62	1.28456E-4
3802.65	1.54689E-4
3801.69	1.90141E-4
3800.72	2.09075E-4
3799.76	1.94927E-4
3798.79	1.8136E-4
3797.83	2.11512E-4
3796.87	2.31764E-4
3795.9	2.27898E-4
3794.94	2.4295E-4
3793.97	2.25383E-4
3793.01	2.41435E-4
3792.04	2.87868E-4
3791.08	2.62321E-4
3790.11	2.59754E-4
3789.15	2.58106E-4
3788.19	2.64658E-4
3787.22	2.92591E-4
3786.26	3.08344E-4
3785.29	3.27077E-4
3784.33	2.95829E-4
3783.36	3.03862E-4
3782.4	3.21014E-4
3781.43	3.20747E-4
3780.47	3.121E-4
3779.51	2.85452E-4
3778.54	3.18585E-4
3777.58	3.19637E-4
3776.61	3.3657E-4
3775.65	3.74523E-4
3774.68	3.83456E-4
3773.72	4.18608E-4
3772.76	3.7956E-4
3771.79	3.52993E-4
3770.83	4.01746E-4
3769.86	3.98179E-4
3768.9	3.95631E-4
3767.93	4.27764E-4
3766.97	4.27316E-4
3766	4.25049E-4
3765.04	4.47202E-4
3764.08	4.46154E-4
3763.11	4.59787E-4
3762.15	5.20639E-4
3761.18	5.31872E-4
3760.22	5.52325E-4
3759.25	6.24458E-4
3758.29	7.0171E-4
3757.32	7.63843E-4
3756.36	7.87995E-4
3755.4	8.33648E-4
3754.43	9.01881E-4
3753.47	9.99933E-4
3752.5	0.00107
3751.54	0.00114
3750.57	0.00124
3749.61	0.00133
3748.65	0.00144
3747.68	0.00153
3746.72	0.0016
3745.75	0.00168
3744.79	0.00175
3743.82	0.00182
3742.86	0.00193
3741.89	0.00203
3740.93	0.0021
3739.97	0.0022
3739	0.0023
3738.04	0.00237
3737.07	0.0025
3736.11	0.0026
3735.14	0.00268
3734.18	0.0028
3733.21	0.00293
3732.25	0.00301
3731.29	0.00307
3730.32	0.00317
3729.36	0.00332
3728.39	0.00344
3727.43	0.00356
3726.46	0.00371
3725.5	0.00379
3724.53	0.00393
3723.57	0.00412
3722.61	0.00424
3721.64	0.0044
3720.68	0.00462
3719.71	0.00483
3718.75	0.00507
3717.78	0.00534
3716.82	0.00571
3715.86	0.00616
3714.89	0.00668
3713.93	0.00743
3712.96	0.00837
3712	0.00959
3711.03	0.01124
3710.07	0.01339
3709.1	0.01605
3708.14	0.01911
3707.18	0.0224
3706.21	0.02555
3705.25	0.02818
3704.28	0.03
3703.32	0.03072
3702.35	0.03021
3701.39	0.02863
3700.42	0.0262
3699.46	0.02329
3698.5	0.0203
3697.53	0.01758
3696.57	0.01535
3695.6	0.01362
3694.64	0.01241
3693.67	0.01168
3692.71	0.01129
3691.75	0.01119
3690.78	0.01133
3689.82	0.01167
3688.85	0.01218
3687.89	0.01276
3686.92	0.01345
3685.96	0.01432
3684.99	0.01533
3684.03	0.01638
3683.07	0.01754
3682.1	0.01882
3681.14	0.02019
3680.17	0.02165
3679.21	0.02319
3678.24	0.0248
3677.28	0.02654
3676.31	0.02838
3675.35	0.03022
3674.39	0.03208
3673.42	0.03405
3672.46	0.03606
3671.49	0.0381
3670.53	0.04018
3669.56	0.04228
3668.6	0.04436
3667.64	0.04642
3666.67	0.04844
3665.71	0.05038
3664.74	0.05226
3663.78	0.05406
3662.81	0.05572
3661.85	0.05722
3660.88	0.05855
3659.92	0.05967
3658.96	0.06064
3657.99	0.06141
3657.03	0.06191
3656.06	0.06216
3655.1	0.06225
3654.13	0.06208
3653.17	0.06166
3652.2	0.06106
3651.24	0.06024
3650.28	0.05922
3649.31	0.05799
3648.35	0.05658
3647.38	0.05501
3646.42	0.05334
3645.45	0.05156
3644.49	0.04967
3643.52	0.04771
3642.56	0.04571
3641.6	0.04366
3640.63	0.04161
3639.67	0.03957
3638.7	0.03755
3637.74	0.03556
3636.77	0.0336
3635.81	0.03172
3634.85	0.0299
3633.88	0.02812
3632.92	0.02646
3631.95	0.02488
3630.99	0.02341
3630.02	0.02206
3629.06	0.02074
3628.09	0.01951
3627.13	0.0184
3626.17	0.01738
3625.2	0.0165
3624.24	0.01569
3623.27	0.01493
3622.31	0.01431
3621.34	0.01377
3620.38	0.0133
3619.41	0.01293
3618.45	0.01263
3617.49	0.0124
3616.52	0.01224
3615.56	0.01212
3614.59	0.01207
3613.63	0.01206
3612.66	0.01206
3611.7	0.01208
3610.74	0.01215
3609.77	0.01228
3608.81	0.01245
3607.84	0.0126
3606.88	0.01286
3605.91	0.01322
3604.95	0.01358
3603.98	0.01403
3603.02	0.01465
3602.06	0.01541
3601.09	0.01632
3600.13	0.0174
3599.16	0.0186
3598.2	0.01975
3597.23	0.02074
3596.27	0.02142
3595.3	0.02167
3594.34	0.02151
3593.38	0.02102
3592.41	0.02038
3591.45	0.01969
3590.48	0.01903
3589.52	0.01847
3588.55	0.01803
3587.59	0.01766
3586.62	0.01736
3585.66	0.01714
3584.7	0.01705
3583.73	0.01698
3582.77	0.01695
3581.8	0.01704
3580.84	0.01716
3579.87	0.01733
3578.91	0.01751
3577.95	0.01773
3576.98	0.01798
3576.02	0.01827
3575.05	0.0186
3574.09	0.01894
3573.12	0.01928
3572.16	0.01964
3571.19	0.02005
3570.23	0.02045
3569.27	0.02088
3568.3	0.02131
3567.34	0.02173
3566.37	0.02221
3565.41	0.02269
3564.44	0.02313
3563.48	0.02362
3562.51	0.02413
3561.55	0.02465
3560.59	0.02513
3559.62	0.02563
3558.66	0.02618
3557.69	0.02673
3556.73	0.02728
3555.76	0.02783
3554.8	0.02837
3553.83	0.02899
3552.87	0.02961
3551.91	0.03017
3550.94	0.03076
3549.98	0.03137
3549.01	0.03198
3548.05	0.03259
3547.08	0.03322
3546.12	0.03388
3545.16	0.03451
3544.19	0.03517
3543.23	0.03587
3542.26	0.03657
3541.3	0.0373
3540.33	0.03799
3539.37	0.03866
3538.4	0.03938
3537.44	0.04013
3536.48	0.0408
3535.51	0.0415
3534.55	0.04229
3533.58	0.04304
3532.62	0.04376
3531.65	0.0445
3530.69	0.04525
3529.72	0.04604
3528.76	0.04683
3527.8	0.04756
3526.83	0.04833
3525.87	0.04912
3524.9	0.0499
3523.94	0.05066
3522.97	0.05142
3522.01	0.05223
3521.05	0.05301
3520.08	0.0538
3519.12	0.05457
3518.15	0.05535
3517.19	0.05613
3516.22	0.0569
3515.26	0.05767
3514.29	0.05846
3513.33	0.05927
3512.37	0.06001
3511.4	0.06074
3510.44	0.06152
3509.47	0.06227
3508.51	0.06304
3507.54	0.0638
3506.58	0.06454
3505.61	0.06527
3504.65	0.06601
3503.69	0.06675
3502.72	0.06745
3501.76	0.06816
3500.79	0.0689
3499.83	0.06965
3498.86	0.07041
3497.9	0.0711
3496.94	0.07181
3495.97	0.0726
3495.01	0.07331
3494.04	0.07397
3493.08	0.07469
3492.11	0.0754
3491.15	0.07612
3490.18	0.07683
3489.22	0.07755
3488.26	0.07826
3487.29	0.07896
3486.33	0.07964
3485.36	0.08034
3484.4	0.08105
3483.43	0.08174
3482.47	0.0824
3481.5	0.08312
3480.54	0.08386
3479.58	0.08455
3478.61	0.08525
3477.65	0.08595
3476.68	0.08665
3475.72	0.08733
3474.75	0.08799
3473.79	0.08867
3472.82	0.08934
3471.86	0.09002
3470.9	0.09073
3469.93	0.09141
3468.97	0.09204
3468	0.09273
3467.04	0.09342
3466.07	0.09411
3465.11	0.09477
3464.15	0.09543
3463.18	0.09614
3462.22	0.09682
3461.25	0.09746
3460.29	0.09812
3459.32	0.09877
3458.36	0.09942
3457.39	0.10004
3456.43	0.10067
3455.47	0.10141
3454.5	0.10209
3453.54	0.10274
3452.57	0.10339
3451.61	0.10402
3450.64	0.1047
3449.68	0.10537
3448.71	0.10605
3447.75	0.10671
3446.79	0.10735
3445.82	0.10799
3444.86	0.10864
3443.89	0.10925
3442.93	0.10989
3441.96	0.11055
3441	0.11114
3440.04	0.11177
3439.07	0.11244
3438.11	0.11312
3437.14	0.11374
3436.18	0.11435
3435.21	0.11494
3434.25	0.11551
3433.28	0.11612
3432.32	0.11676
3431.36	0.11737
3430.39	0.11796
3429.43	0.11856
3428.46	0.11916
3427.5	0.11972
3426.53	0.12027
3425.57	0.12085
3424.6	0.12139
3423.64	0.12194
3422.68	0.12251
3421.71	0.12305
3420.75	0.12359
3419.78	0.12411
3418.82	0.12463
3417.85	0.12514
3416.89	0.12565
3415.93	0.12613
3414.96	0.12665
3414	0.12713
3413.03	0.12753
3412.07	0.12805
3411.1	0.12856
3410.14	0.12901
3409.17	0.12943
3408.21	0.12988
3407.25	0.13035
3406.28	0.13077
3405.32	0.13118
3404.35	0.13159
3403.39	0.132
3402.42	0.13236
3401.46	0.13274
3400.49	0.1331
3399.53	0.13346
3398.57	0.13383
3397.6	0.13415
3396.64	0.13445
3395.67	0.1348
3394.71	0.13516
3393.74	0.13544
3392.78	0.13571
3391.81	0.136
3390.85	0.13627
3389.89	0.13653
3388.92	0.1368
3387.96	0.13705
3386.99	0.1373
3386.03	0.13754
3385.06	0.13774
3384.1	0.13795
3383.14	0.13815
3382.17	0.13836
3381.21	0.1386
3380.24	0.13878
3379.28	0.13895
3378.31	0.13915
3377.35	0.13932
3376.38	0.1395
3375.42	0.13967
3374.46	0.13978
3373.49	0.13994
3372.53	0.14011
3371.56	0.14022
3370.6	0.14033
3369.63	0.14041
3368.67	0.1405
3367.7	0.14062
3366.74	0.14072
3365.78	0.14079
3364.81	0.14086
3363.85	0.14095
3362.88	0.14106
3361.92	0.14116
3360.95	0.14121
3359.99	0.14124
3359.03	0.14127
3358.06	0.14129
3357.1	0.14134
3356.13	0.14141
3355.17	0.14144
3354.2	0.14147
3353.24	0.14149
3352.27	0.14147
3351.31	0.1415
3350.35	0.14152
3349.38	0.14149
3348.42	0.14146
3347.45	0.14144
3346.49	0.14146
3345.52	0.14144
3344.56	0.14139
3343.59	0.14136
3342.63	0.14134
3341.67	0.14131
3340.7	0.14122
3339.74	0.14116
3338.77	0.1411
3337.81	0.14099
3336.84	0.14089
3335.88	0.14079
3334.92	0.14071
3333.95	0.14062
3332.99	0.14055
3332.02	0.14044
3331.06	0.14029
3330.09	0.14013
3329.13	0.13996
3328.16	0.13981
3327.2	0.13964
3326.24	0.13945
3325.27	0.13931
3324.31	0.13912
3323.34	0.13891
3322.38	0.13869
3321.41	0.13848
3320.45	0.13827
3319.48	0.13801
3318.52	0.13774
3317.56	0.13748
3316.59	0.13727
3315.63	0.13703
3314.66	0.13675
3313.7	0.13643
3312.73	0.13612
3311.77	0.13584
3310.8	0.13556
3309.84	0.13524
3308.88	0.13489
3307.91	0.13458
3306.95	0.13428
3305.98	0.13395
3305.02	0.13361
3304.05	0.13326
3303.09	0.13286
3302.13	0.13248
3301.16	0.13215
3300.2	0.13176
3299.23	0.13135
3298.27	0.131
3297.3	0.13062
3296.34	0.13025
3295.37	0.12991
3294.41	0.12954
3293.45	0.12917
3292.48	0.12875
3291.52	0.12831
3290.55	0.12793
3289.59	0.12757
3288.62	0.1272
3287.66	0.12685
3286.69	0.12645
3285.73	0.12604
3284.77	0.12567
3283.8	0.12531
3282.84	0.12496
3281.87	0.12462
3280.91	0.12424
3279.94	0.1239
3278.98	0.12356
3278.02	0.12323
3277.05	0.12291
3276.09	0.12257
3275.12	0.12228
3274.16	0.122
3273.19	0.12174
3272.23	0.12147
3271.26	0.12116
3270.3	0.12089
3269.34	0.12066
3268.37	0.12039
3267.41	0.12012
3266.44	0.11989
3265.48	0.11968
3264.51	0.11947
3263.55	0.11929
3262.58	0.11912
3261.62	0.1189
3260.66	0.11873
3259.69	0.11858
3258.73	0.1184
3257.76	0.11822
3256.8	0.11802
3255.83	0.11785
3254.87	0.11772
3253.9	0.11759
3252.94	0.11743
3251.98	0.11727
3251.01	0.11714
3250.05	0.117
3249.08	0.11685
3248.12	0.1167
3247.15	0.11652
3246.19	0.11635
3245.23	0.11615
3244.26	0.11595
3243.3	0.11578
3242.33	0.11558
3241.37	0.11541
3240.4	0.11521
3239.44	0.11498
3238.47	0.11476
3237.51	0.11452
3236.55	0.11423
3235.58	0.11399
3234.62	0.11374
3233.65	0.11346
3232.69	0.11316
3231.72	0.11284
3230.76	0.11251
3229.79	0.11213
3228.83	0.11179
3227.87	0.11139
3226.9	0.11101
3225.94	0.11063
3224.97	0.11022
3224.01	0.10979
3223.04	0.10936
3222.08	0.10889
3221.11	0.10841
3220.15	0.10791
3219.19	0.10741
3218.22	0.10696
3217.26	0.10646
3216.29	0.10593
3215.33	0.10541
3214.36	0.10488
3213.4	0.10433
3212.44	0.10377
3211.47	0.10319
3210.51	0.10261
3209.54	0.10204
3208.58	0.10143
3207.61	0.10085
3206.65	0.10027
3205.68	0.09966
3204.72	0.09902
3203.76	0.09836
3202.79	0.09775
3201.83	0.09712
3200.86	0.09648
3199.9	0.09585
3198.93	0.0952
3197.97	0.09454
3197	0.0939
3196.04	0.09329
3195.08	0.09261
3194.11	0.09192
3193.15	0.09128
3192.18	0.09063
3191.22	0.08996
3190.25	0.0893
3189.29	0.08868
3188.33	0.08802
3187.36	0.08734
3186.4	0.08665
3185.43	0.086
3184.47	0.08533
3183.5	0.08465
3182.54	0.08401
3181.57	0.08335
3180.61	0.08269
3179.65	0.08206
3178.68	0.0814
3177.72	0.08072
3176.75	0.08006
3175.79	0.07937
3174.82	0.07871
3173.86	0.07806
3172.89	0.07741
3171.93	0.07676
3170.97	0.0761
3170	0.07544
3169.04	0.07477
3168.07	0.07412
3167.11	0.07347
3166.14	0.07283
3165.18	0.0722
3164.22	0.07156
3163.25	0.07091
3162.29	0.07027
3161.32	0.06962
3160.36	0.06897
3159.39	0.06833
3158.43	0.06769
3157.46	0.06704
3156.5	0.06641
3155.54	0.0658
3154.57	0.0652
3153.61	0.06458
3152.64	0.06396
3151.68	0.06333
3150.71	0.06269
3149.75	0.0621
3148.78	0.06148
3147.82	0.06089
3146.86	0.06027
3145.89	0.05962
3144.93	0.05901
3143.96	0.05843
3143	0.05782
3142.03	0.05719
3141.07	0.05659
3140.1	0.056
3139.14	0.05539
3138.18	0.0548
3137.21	0.05423
3136.25	0.05361
3135.28	0.053
3134.32	0.05244
3133.35	0.05187
3132.39	0.0513
3131.43	0.05072
3130.46	0.05011
3129.5	0.04952
3128.53	0.04895
3127.57	0.04841
3126.6	0.04788
3125.64	0.0473
3124.67	0.04672
3123.71	0.04615
3122.75	0.04556
3121.78	0.04502
3120.82	0.04449
3119.85	0.04398
3118.89	0.04343
3117.92	0.04283
3116.96	0.0423
3115.99	0.0418
3115.03	0.04128
3114.07	0.04074
3113.1	0.04018
3112.14	0.03966
3111.17	0.03914
3110.21	0.0386
3109.24	0.03808
3108.28	0.03758
3107.32	0.03707
3106.35	0.03655
3105.39	0.03602
3104.42	0.03554
3103.46	0.03507
3102.49	0.03456
3101.53	0.03408
3100.56	0.03361
3099.6	0.03312
3098.64	0.03265
3097.67	0.03219
3096.71	0.03172
3095.74	0.03123
3094.78	0.03074
3093.81	0.03028
3092.85	0.02981
3091.88	0.02936
3090.92	0.02892
3089.96	0.02847
3088.99	0.02803
3088.03	0.02761
3087.06	0.02718
3086.1	0.02673
3085.13	0.0263
3084.17	0.02588
3083.21	0.02547
3082.24	0.02505
3081.28	0.02461
3080.31	0.02419
3079.35	0.02382
3078.38	0.02346
3077.42	0.02306
3076.45	0.02268
3075.49	0.02231
3074.53	0.02191
3073.56	0.02154
3072.6	0.02118
3071.63	0.02082
3070.67	0.02047
3069.7	0.02009
3068.74	0.01973
3067.77	0.01939
3066.81	0.01904
3065.85	0.0187
3064.88	0.01838
3063.92	0.01804
3062.95	0.01771
3061.99	0.0174
3061.02	0.01708
3060.06	0.01677
3059.09	0.01648
3058.13	0.01618
3057.17	0.01588
3056.2	0.01559
3055.24	0.01527
3054.27	0.01499
3053.31	0.01472
3052.34	0.01445
3051.38	0.01416
3050.42	0.0139
3049.45	0.01367
3048.49	0.0134
3047.52	0.01313
3046.56	0.01288
3045.59	0.01264
3044.63	0.0124
3043.66	0.01215
3042.7	0.01189
3041.74	0.01165
3040.77	0.01143
3039.81	0.01121
3038.84	0.01101
3037.88	0.01081
3036.91	0.0106
3035.95	0.01037
3034.98	0.01018
3034.02	0.00998
3033.06	0.00979
3032.09	0.0096
3031.13	0.0094
3030.16	0.00921
3029.2	0.00902
3028.23	0.00882
3027.27	0.00866
3026.31	0.00853
3025.34	0.00835
3024.38	0.00817
3023.41	0.00801
3022.45	0.00784
3021.48	0.00768
3020.52	0.00753
3019.55	0.00739
3018.59	0.00723
3017.63	0.00709
3016.66	0.00696
3015.7	0.00681
3014.73	0.00668
3013.77	0.00659
3012.8	0.00647
3011.84	0.00629
3010.87	0.00614
3009.91	0.00604
3008.95	0.00592
3007.98	0.00581
3007.02	0.00569
3006.05	0.00557
3005.09	0.00545
3004.12	0.00534
3003.16	0.00524
3002.2	0.00514
3001.23	0.00505
3000.27	0.00495
2999.3	0.00484
2998.34	0.00474
2997.37	0.00463
2996.41	0.00453
2995.44	0.00445
2994.48	0.00434
2993.52	0.00425
2992.55	0.00418
2991.59	0.00407
2990.62	0.00397
2989.66	0.00388
2988.69	0.0038
2987.73	0.00371
2986.76	0.00366
2985.8	0.00359
2984.84	0.00348
2983.87	0.00342
2982.91	0.00336
2981.94	0.00328
2980.98	0.00321
2980.01	0.00314
2979.05	0.00308
2978.08	0.00301
2977.12	0.00296
2976.16	0.00289
2975.19	0.00281
2974.23	0.00273
2973.26	0.00267
2972.3	0.00261
2971.33	0.00254
2970.37	0.00247
2969.41	0.00244
2968.44	0.0024
2967.48	0.00235
2966.51	0.00231
2965.55	0.00226
2964.58	0.00224
2963.62	0.00221
2962.65	0.00215
2961.69	0.0021
2960.73	0.00207
2959.76	0.00203
2958.8	0.00197
2957.83	0.00191
2956.87	0.00187
2955.9	0.00184
2954.94	0.00176
2953.97	0.0017
2953.01	0.00166
2952.05	0.00162
2951.08	0.00158
2950.12	0.00152
2949.15	0.00147
2948.19	0.00143
2947.22	0.00139
2946.26	0.00135
2945.3	0.00133
2944.33	0.00129
2943.37	0.00126
2942.4	0.00126
2941.44	0.00125
2940.47	0.00121
2939.51	0.0012
2938.54	0.00118
2937.58	0.00115
2936.62	0.00112
2935.65	0.00109
2934.69	0.00107
2933.72	0.00106
2932.76	9.95309E-4
2931.79	9.52334E-4
2930.83	9.53582E-4
2929.86	9.40006E-4
2928.9	9.15654E-4
2927.94	8.98702E-4
2926.97	8.60127E-4
2926.01	8.15375E-4
2925.04	8.15199E-4
2924.08	8.08847E-4
2923.11	7.99072E-4
2922.15	7.9782E-4
2921.18	7.88044E-4
2920.22	7.55292E-4
2919.26	7.0814E-4
2918.29	7.03365E-4
2917.33	6.88313E-4
2916.36	6.58337E-4
2915.4	6.51285E-4
2914.43	6.5441E-4
2913.47	6.52458E-4
2912.51	6.27006E-4
2911.54	6.0363E-4
2910.58	5.80578E-4
2909.61	5.58903E-4
2908.65	5.62351E-4
2907.68	5.51175E-4
2906.72	5.43023E-4
2905.75	5.16848E-4
2904.79	4.78596E-4
2903.83	4.71444E-4
2902.86	4.62268E-4
2901.9	4.47916E-4
2900.93	4.50541E-4
2899.97	4.53089E-4
2899	4.34913E-4
2898.04	4.27961E-4
2897.07	4.33986E-4
2896.11	4.22334E-4
2895.15	3.95882E-4
2894.18	3.73306E-4
2893.22	3.57054E-4
2892.25	3.67479E-4
2891.29	3.54027E-4
2890.32	3.40851E-4
2889.36	3.65099E-4
2888.4	3.71547E-4
2887.43	3.49672E-4
2886.47	3.4282E-4
2885.5	3.45044E-4
2884.54	3.39192E-4
2883.57	3.43417E-4
2882.61	3.53565E-4
2881.64	3.51389E-4
2880.68	3.32137E-4
2879.72	3.06685E-4
2878.75	2.6781E-4
2877.79	2.64658E-4
2876.82	2.71982E-4
2875.86	2.6203E-4
2874.89	2.85955E-4
2873.93	2.98003E-4
2872.96	3.00127E-4
2872	3.01275E-4
2871.04	2.83123E-4
2870.07	2.94648E-4
2869.11	3.05496E-4
2868.14	2.7682E-4
2867.18	2.59868E-4
2866.21	2.94093E-4
2865.25	2.86541E-4
2864.28	2.74165E-4
2863.32	3.10713E-4
2862.36	3.03761E-4
2861.39	2.74686E-4
2860.43	2.59734E-4
2859.46	2.35358E-4
2858.5	2.55206E-4
2857.53	2.86931E-4
2856.57	2.92379E-4
2855.61	2.98127E-4
2854.64	3.00651E-4
2853.68	3.18399E-4
2852.71	3.09624E-4
2851.75	3.10072E-4
2850.78	3.19496E-4
2849.82	3.23344E-4
2848.85	3.37969E-4
2847.89	3.22817E-4
2846.93	3.14965E-4
2845.96	3.20189E-4
2845	3.43137E-4
2844.03	3.70362E-4
2843.07	3.5481E-4
2842.1	3.43734E-4
2841.14	3.58382E-4
2840.17	3.55507E-4
2839.21	3.56355E-4
2838.25	3.43603E-4
2837.28	3.18827E-4
2836.32	3.38775E-4
2835.35	3.562E-4
2834.39	3.58048E-4
2833.42	3.47869E-4
2832.46	3.30225E-4
2831.5	3.19881E-4
2830.53	3.13839E-4
2829.57	3.08195E-4
2828.6	3.10754E-4
2827.64	2.9101E-4
2826.67	2.68068E-4
2825.71	2.53824E-4
2824.74	2.37883E-4
2823.78	2.41839E-4
2822.82	2.42095E-4
2821.85	2.49253E-4
2820.89	2.35509E-4
2819.92	2.18668E-4
2818.96	2.17524E-4
2817.99	2.03582E-4
2817.03	1.86438E-4
2816.06	1.76997E-4
2815.1	1.92353E-4
2814.14	1.77709E-4
2813.17	1.63467E-4
2812.21	1.47923E-4
2811.24	1.48382E-4
2810.28	1.46638E-4
2809.31	1.18996E-4
2808.35	1.10652E-4
2807.39	1.01608E-4
2806.42	1.09167E-4
2805.46	1.09222E-4
2804.49	1.08881E-4
2803.53	1.05037E-4
2802.56	9.02955E-5
2801.6	8.45514E-5
2800.63	8.271E-5
2799.67	6.88659E-5
2798.71	5.35218E-5
2797.74	5.34804E-5
2796.78	3.81363E-5
2795.81	2.25949E-5
2794.85	3.80508E-5
2793.88	5.67094E-5
2792.92	5.45653E-5
2791.95	3.33239E-5
2790.99	3.37798E-5
2790.03	2.77357E-5
2789.06	-8.05699E-7
2788.1	2.35021E-6
2787.13	1.24088E-5
2786.17	-4.23529E-6
2785.2	-1.18767E-5
2784.24	-4.9208E-6
2783.27	-3.16222E-6
2782.31	-9.80631E-6
2781.35	-7.55039E-6
2780.38	-1.30918E-5
2779.42	-3.26359E-5
2778.45	-4.02773E-5
2777.49	-4.70214E-5
2776.52	-4.93628E-5
2775.56	-3.39069E-5
2774.6	-3.6951E-5
2773.63	-5.19924E-5
2772.67	-4.60365E-5
2771.7	-3.31779E-5
2770.74	-3.3122E-5
2769.77	-3.83634E-5
2768.81	-4.37075E-5
2767.84	-2.54489E-5
2766.88	1.4907E-5
2765.92	1.29629E-5
2764.95	2.44215E-5
2763.99	4.81774E-5
2763.02	3.7236E-5
2762.06	3.33919E-5
2761.09	5.01505E-5
2760.13	7.20064E-5
2759.16	5.65649E-5
2758.2	9.02086E-6
2757.24	-3.62323E-6
2756.27	-1.06465E-6
2755.31	2.68913E-5
2754.34	-8.48502E-5
2753.38	-2.43394E-4
2752.41	-1.89136E-4
2751.45	-6.71798E-5
2750.49	-5.50238E-5
2749.52	-1.63665E-4
2748.56	-2.37009E-4
2747.59	-1.95051E-4
2746.63	-1.46395E-4
2745.66	-1.16936E-4
2744.7	-7.23804E-5
2743.73	-3.23218E-5
2742.77	-1.82659E-5
2741.81	-3.141E-5
2740.84	-3.65514E-5
2739.88	-4.54955E-5
2738.91	-8.84369E-5
2737.95	-1.50881E-4
2736.98	-1.69222E-4
2736.02	-1.50766E-4
2735.05	-1.40708E-4
2734.09	-1.17452E-4
2733.13	-9.11961E-5
2732.16	-8.66375E-5
2731.2	-7.93816E-5
2730.23	-7.4523E-5
2729.27	-8.22671E-5
2728.3	-8.56085E-5
2727.34	-8.06526E-5
2726.38	-1.10097E-4
2725.41	-1.35538E-4
2724.45	-1.28782E-4
2723.48	-1.26724E-4
2722.52	-1.06468E-4
2721.55	-9.26091E-5
2720.59	-1.02653E-4
2719.62	-1.02595E-4
2718.66	-9.47387E-5
2717.7	-8.77828E-5
2716.73	-9.31242E-5
2715.77	-1.02268E-4
2714.8	-1.0291E-4
2713.84	-8.93538E-5
2712.87	-8.81952E-5
2711.91	-1.16439E-4
2710.94	-1.32681E-4
2709.98	-1.14525E-4
2709.02	-9.06689E-5
2708.05	-1.1021E-4
2707.09	-1.33654E-4
2706.12	-1.21296E-4
2705.16	-9.80399E-5
2704.19	-9.35813E-5
2703.23	-1.14125E-4
2702.26	-1.31567E-4
2701.3	-1.36011E-4
2700.34	-1.16755E-4
2699.37	-1.02996E-4
2698.41	-9.51405E-5
2697.44	-7.45819E-5
2696.48	-8.4626E-5
2695.51	-1.10567E-4
2694.55	-1.11712E-4
2693.59	-1.11556E-4
2692.62	-1.24697E-4
2691.66	-1.14441E-4
2690.69	-9.48826E-5
2689.73	-8.75266E-5
2688.76	-8.90681E-5
2687.8	-1.04812E-4
2686.83	-1.02254E-4
2685.87	-9.10977E-5
2684.91	-7.81417E-5
2683.94	-6.66832E-5
2682.98	-8.18272E-5
2682.01	-9.33687E-5
2681.05	-9.28128E-5
2680.08	-1.05554E-4
2679.12	-7.78983E-5
2678.15	-4.97397E-5
2677.19	-5.64838E-5
2676.23	-6.43279E-5
2675.26	-6.72693E-5
2674.3	-6.13134E-5
2673.33	-5.79548E-5
2672.37	-4.81989E-5
2671.4	-2.50403E-5
2670.44	-1.30844E-5
2669.48	-3.96285E-5
2668.51	-5.13699E-5
2667.55	-4.4114E-5
2666.58	-3.42554E-5
2665.62	-2.87995E-5
2664.65	-2.38409E-5
2663.69	-1.3985E-5
2662.72	6.6736E-6
2661.76	2.43295E-5
2660.8	1.37854E-5
2659.83	1.4744E-5
2658.87	1.32999E-5
2657.9	2.20585E-5
2656.94	4.04144E-5
2655.97	2.0873E-5
2655.01	1.23289E-5
2654.04	3.02875E-5
2653.08	3.55434E-5
2652.12	3.03993E-5
2651.15	2.32579E-5
2650.19	2.30138E-5
2649.22	2.80724E-5
2648.26	4.89283E-5
2647.29	4.94869E-5
2646.33	3.78428E-5
2645.36	4.68014E-5
2644.4	4.15573E-5
2643.44	4.09132E-5
2642.47	7.06718E-5
2641.51	8.70277E-5
2640.54	8.15863E-5
2639.58	8.99422E-5
2638.61	9.39008E-5
2637.65	8.46567E-5
2636.69	6.22126E-5
2635.72	7.58712E-5
2634.76	1.12027E-4
2633.79	1.27186E-4
2632.83	1.31242E-4
2631.86	1.236E-4
2630.9	1.30056E-4
2629.93	1.54315E-4
2628.97	1.48071E-4
2628.01	1.47726E-4
2627.04	1.69585E-4
2626.08	1.82441E-4
2625.11	1.921E-4
2624.15	1.87655E-4
2623.18	1.75014E-4
2622.22	1.7427E-4
2621.25	1.79929E-4
2620.29	2.01784E-4
2619.33	2.3484E-4
2618.36	2.44999E-4
2617.4	2.61955E-4
2616.43	2.57413E-4
2615.47	2.32869E-4
2614.5	2.42328E-4
2613.54	2.69484E-4
2612.58	2.8174E-4
2611.61	2.91698E-4
2610.65	3.02854E-4
2609.68	3.07413E-4
2608.72	2.94569E-4
2607.75	3.00527E-4
2606.79	3.37483E-4
2605.82	3.20442E-4
2604.86	2.91598E-4
2603.9	3.09854E-4
2602.93	3.44212E-4
2601.97	3.63168E-4
2601	3.47327E-4
2600.04	3.55383E-4
2599.07	3.83141E-4
2598.11	3.97597E-4
2597.14	4.00756E-4
2596.18	3.99612E-4
2595.22	4.15468E-4
2594.25	4.37826E-4
2593.29	4.47582E-4
2592.32	4.63241E-4
2591.36	4.72397E-4
2590.39	4.87855E-4
2589.43	4.93911E-4
2588.46	4.7487E-4
2587.5	4.93425E-4
2586.54	5.31781E-4
2585.57	5.4364E-4
2584.61	5.24696E-4
2583.64	5.28354E-4
2582.68	5.4851E-4
2581.71	5.67569E-4
2580.75	5.62025E-4
2579.79	5.80181E-4
2578.82	6.04039E-4
2577.86	6.10995E-4
2576.89	6.25754E-4
2575.93	6.1941E-4
2574.96	6.27268E-4
2574	6.40124E-4
2573.03	6.46483E-4
2572.07	6.58339E-4
2571.11	6.72495E-4
2570.14	6.74853E-4
2569.18	6.99509E-4
2568.21	7.30568E-4
2567.25	7.43924E-4
2566.28	7.63682E-4
2565.32	7.88038E-4
2564.35	7.91097E-4
2563.39	7.82553E-4
2562.43	7.90709E-4
2561.46	8.16567E-4
2560.5	8.24523E-4
2559.53	8.21782E-4
2558.57	8.41638E-4
2557.6	8.48296E-4
2556.64	8.70052E-4
2555.68	9.00008E-4
2554.71	8.98967E-4
2553.75	9.15522E-4
2552.78	9.33681E-4
2551.82	9.25437E-4
2550.85	9.41696E-4
2549.89	9.74651E-4
2548.92	9.9521E-4
2547.96	0.00101
2547	0.00104
2546.03	0.00107
2545.07	0.00107
2544.1	0.00109
2543.14	0.00111
2542.17	0.00112
2541.21	0.00113
2540.24	0.00117
2539.28	0.0012
2538.32	0.00122
2537.35	0.00123
2536.39	0.00125
2535.42	0.00128
2534.46	0.00129
2533.49	0.0013
2532.53	0.00133
2531.56	0.00135
2530.6	0.00137
2529.64	0.00138
2528.67	0.00141
2527.71	0.00143
2526.74	0.00146
2525.78	0.00147
2524.81	0.00149
2523.85	0.00152
2522.89	0.00156
2521.92	0.00159
2520.96	0.00161
2519.99	0.00163
2519.03	0.00167
2518.06	0.00171
2517.1	0.00174
2516.13	0.00176
2515.17	0.00179
2514.21	0.00182
2513.24	0.00185
2512.28	0.0019
2511.31	0.00195
2510.35	0.00199
2509.38	0.00204
2508.42	0.00207
2507.45	0.0021
2506.49	0.00215
2505.53	0.0022
2504.56	0.00222
2503.6	0.00225
2502.63	0.00231
2501.67	0.00237
2500.7	0.00242
2499.74	0.00246
2498.78	0.00252
2497.81	0.00257
2496.85	0.00262
2495.88	0.00267
2494.92	0.00272
2493.95	0.00272
2492.99	0.00277
2492.02	0.00287
2491.06	0.00295
2490.1	0.003
2489.13	0.00306
2488.17	0.00313
2487.2	0.0032
2486.24	0.00329
2485.27	0.00337
2484.31	0.00344
2483.34	0.0035
2482.38	0.00357
2481.42	0.00365
2480.45	0.00372
2479.49	0.0038
2478.52	0.00388
2477.56	0.00397
2476.59	0.00406
2475.63	0.00414
2474.67	0.00422
2473.7	0.0043
2472.74	0.00437
2471.77	0.00445
2470.81	0.00455
2469.84	0.00465
2468.88	0.00471
2467.91	0.00477
2466.95	0.00486
2465.99	0.00496
2465.02	0.00507
2464.06	0.00515
2463.09	0.00521
2462.13	0.00531
2461.16	0.00541
2460.2	0.00551
2459.23	0.00562
2458.27	0.00571
2457.31	0.0058
2456.34	0.0059
2455.38	0.006
2454.41	0.00611
2453.45	0.0062
2452.48	0.00628
2451.52	0.00637
2450.55	0.00646
2449.59	0.00654
2448.63	0.00661
2447.66	0.0067
2446.7	0.0068
2445.73	0.00691
2444.77	0.00701
2443.8	0.00713
2442.84	0.00721
2441.88	0.00731
2440.91	0.00742
2439.95	0.00752
2438.98	0.00762
2438.02	0.00771
2437.05	0.0078
2436.09	0.00791
2435.12	0.00804
2434.16	0.00815
2433.2	0.00827
2432.23	0.00838
2431.27	0.00848
2430.3	0.00861
2429.34	0.00874
2428.37	0.00887
2427.41	0.00901
2426.44	0.00914
2425.48	0.00929
2424.52	0.00947
2423.55	0.00963
2422.59	0.00979
2421.62	0.00996
2420.66	0.01013
2419.69	0.01032
2418.73	0.01047
2417.77	0.01064
2416.8	0.01084
2415.84	0.01104
2414.87	0.01123
2413.91	0.01143
2412.94	0.01165
2411.98	0.01189
2411.01	0.01214
2410.05	0.01238
2409.09	0.01267
2408.12	0.01295
2407.16	0.01323
2406.19	0.01357
2405.23	0.01388
2404.26	0.01421
2403.3	0.0146
2402.33	0.01501
2401.37	0.01543
2400.41	0.01588
2399.44	0.01635
2398.48	0.01684
2397.51	0.01736
2396.55	0.01793
2395.58	0.01853
2394.62	0.01914
2393.66	0.01981
2392.69	0.02053
2391.73	0.02129
2390.76	0.02212
2389.8	0.023
2388.83	0.02394
2387.87	0.02496
2386.9	0.02606
2385.94	0.02726
2384.98	0.02859
2384.01	0.03004
2383.05	0.0317
2382.08	0.03359
2381.12	0.03574
2380.15	0.03831
2379.19	0.04153
2378.22	0.04566
2377.26	0.0513
2376.3	0.05972
2375.33	0.07267
2374.37	0.09069
2373.4	0.11179
2372.44	0.13319
2371.47	0.15347
2370.51	0.17244
2369.54	0.19032
2368.58	0.20728
2367.62	0.22353
2366.65	0.23927
2365.69	0.25463
2364.72	0.26969
2363.76	0.28453
2362.79	0.29937
2361.83	0.31427
2360.87	0.32933
2359.9	0.34468
2358.94	0.36045
2357.97	0.37676
2357.01	0.3937
2356.04	0.41138
2355.08	0.42983
2354.11	0.44905
2353.15	0.46899
2352.19	0.48952
2351.22	0.51056
2350.26	0.53184
2349.29	0.55312
2348.33	0.57406
2347.36	0.59442
2346.4	0.61379
2345.43	0.63173
2344.47	0.64794
2343.51	0.66221
2342.54	0.67412
2341.58	0.68371
2340.61	0.69078
2339.65	0.69533
2338.68	0.69727
2337.72	0.69661
2336.76	0.69308
2335.79	0.68647
2334.83	0.67616
2333.86	0.66167
2332.9	0.64162
2331.93	0.61515
2330.97	0.58019
2330	0.53484
2329.04	0.47625
2328.08	0.40312
2327.11	0.31749
2326.15	0.23142
2325.18	0.16254
2324.22	0.1187
2323.25	0.09376
2322.29	0.07783
2321.32	0.06583
2320.36	0.056
2319.4	0.04812
2318.43	0.0419
2317.47	0.03714
2316.5	0.03341
2315.54	0.03045
2314.57	0.02799
2313.61	0.02592
2312.65	0.0241
2311.68	0.02252
2310.72	0.0211
2309.75	0.0198
2308.79	0.01864
2307.82	0.0176
2306.86	0.01664
2305.89	0.01576
2304.93	0.0149
2303.97	0.01413
2303	0.0134
2302.04	0.01271
2301.07	0.01208
2300.11	0.01147
2299.14	0.01089
2298.18	0.01034
2297.21	0.00982
2296.25	0.00935
2295.29	0.00889
2294.32	0.00847
2293.36	0.00811
2292.39	0.00777
2291.43	0.00752
2290.46	0.0074
2289.5	0.00748
2288.53	0.00786
2287.57	0.00875
2286.61	0.01034
2285.64	0.0128
2284.68	0.01629
2283.71	0.02074
2282.75	0.02586
2281.78	0.03098
2280.82	0.03521
2279.86	0.0377
2278.89	0.03782
2277.93	0.03539
2276.96	0.0308
2276	0.0249
2275.03	0.01888
2274.07	0.01379
2273.1	0.01013
2272.14	0.00784
2271.18	0.00653
2270.21	0.00579
2269.25	0.00536
2268.28	0.00509
2267.32	0.00488
2266.35	0.00473
2265.39	0.00461
2264.42	0.00452
2263.46	0.00444
2262.5	0.00437
2261.53	0.00429
2260.57	0.00419
2259.6	0.00411
2258.64	0.00404
2257.67	0.00398
2256.71	0.00393
2255.74	0.00387
2254.78	0.00384
2253.82	0.0038
2252.85	0.00374
2251.89	0.00369
2250.92	0.00365
2249.96	0.00362
2248.99	0.00359
2248.03	0.00358
2247.07	0.00356
2246.1	0.00351
2245.14	0.00347
2244.17	0.00344
2243.21	0.00341
2242.24	0.00337
2241.28	0.00334
2240.31	0.00334
2239.35	0.00331
2238.39	0.00327
2237.42	0.00324
2236.46	0.00321
2235.49	0.0032
2234.53	0.0032
2233.56	0.00318
2232.6	0.00315
2231.63	0.00314
2230.67	0.00314
2229.71	0.00314
2228.74	0.00313
2227.78	0.00312
2226.81	0.00313
2225.85	0.00313
2224.88	0.00311
2223.92	0.00311
2222.96	0.00311
2221.99	0.0031
2221.03	0.00309
2220.06	0.00308
2219.1	0.00307
2218.13	0.00305
2217.17	0.00305
2216.2	0.00307
2215.24	0.00305
2214.28	0.00302
2213.31	0.00303
2212.35	0.00303
2211.38	0.00302
2210.42	0.00302
2209.45	0.00301
2208.49	0.00299
2207.52	0.00298
2206.56	0.00298
2205.6	0.00297
2204.63	0.00296
2203.67	0.00296
2202.7	0.00298
2201.74	0.003
2200.77	0.00299
2199.81	0.00299
2198.84	0.00298
2197.88	0.00296
2196.92	0.00297
2195.95	0.00296
2194.99	0.00296
2194.02	0.00297
2193.06	0.00297
2192.09	0.00296
2191.13	0.00295
2190.17	0.00294
2189.2	0.00294
2188.24	0.00293
2187.27	0.00294
2186.31	0.00293
2185.34	0.00293
2184.38	0.00292
2183.41	0.0029
2182.45	0.00292
2181.49	0.00293
2180.52	0.00291
2179.56	0.0029
2178.59	0.00288
2177.63	0.00287
2176.66	0.00286
2175.7	0.00287
2174.73	0.00286
2173.77	0.00284
2172.81	0.00284
2171.84	0.00283
2170.88	0.00282
2169.91	0.00282
2168.95	0.0028
2167.98	0.0028
2167.02	0.0028
2166.06	0.00279
2165.09	0.00277
2164.13	0.00278
2163.16	0.00278
2162.2	0.00276
2161.23	0.00274
2160.27	0.00274
2159.3	0.00274
2158.34	0.00274
2157.38	0.00274
2156.41	0.00272
2155.45	0.00269
2154.48	0.00268
2153.52	0.00268
2152.55	0.00267
2151.59	0.00265
2150.62	0.00265
2149.66	0.00264
2148.7	0.00263
2147.73	0.00263
2146.77	0.00262
2145.8	0.0026
2144.84	0.0026
2143.87	0.0026
2142.91	0.00259
2141.95	0.00258
2140.98	0.00257
2140.02	0.00256
2139.05	0.00255
2138.09	0.00255
2137.12	0.00253
2136.16	0.00253
2135.19	0.00253
2134.23	0.00251
2133.27	0.0025
2132.3	0.00251
2131.34	0.0025
2130.37	0.0025
2129.41	0.0025
2128.44	0.00248
2127.48	0.00247
2126.51	0.00247
2125.55	0.00246
2124.59	0.00246
2123.62	0.00244
2122.66	0.00244
2121.69	0.00245
2120.73	0.00245
2119.76	0.00244
2118.8	0.00242
2117.83	0.00243
2116.87	0.00245
2115.91	0.00244
2114.94	0.00241
2113.98	0.00241
2113.01	0.00242
2112.05	0.00241
2111.08	0.0024
2110.12	0.00241
2109.16	0.00243
2108.19	0.00243
2107.23	0.00242
2106.26	0.00243
2105.3	0.00243
2104.33	0.00243
2103.37	0.00242
2102.4	0.00243
2101.44	0.00243
2100.48	0.00244
2099.51	0.00244
2098.55	0.00242
2097.58	0.00243
2096.62	0.00243
2095.65	0.00242
2094.69	0.00242
2093.72	0.00242
2092.76	0.00243
2091.8	0.00244
2090.83	0.00243
2089.87	0.00244
2088.9	0.00243
2087.94	0.00243
2086.97	0.00244
2086.01	0.00243
2085.05	0.00242
2084.08	0.00244
2083.12	0.00244
2082.15	0.00244
2081.19	0.00245
2080.22	0.00245
2079.26	0.00243
2078.29	0.00243
2077.33	0.00243
2076.37	0.0024
2075.4	0.0024
2074.44	0.00242
2073.47	0.00243
2072.51	0.00242
2071.54	0.00242
2070.58	0.00242
2069.61	0.00241
2068.65	0.00241
2067.69	0.00239
2066.72	0.00238
2065.76	0.00237
2064.79	0.00237
2063.83	0.00235
2062.86	0.00234
2061.9	0.00234
2060.94	0.00234
2059.97	0.00233
2059.01	0.00231
2058.04	0.00229
2057.08	0.00227
2056.11	0.00227
2055.15	0.00226
2054.18	0.00224
2053.22	0.00224
2052.26	0.00224
2051.29	0.00224
2050.33	0.00224
2049.36	0.00223
2048.4	0.00221
2047.43	0.00217
2046.47	0.00215
2045.5	0.00216
2044.54	0.00215
2043.58	0.00214
2042.61	0.00212
2041.65	0.00211
2040.68	0.00209
2039.72	0.00206
2038.75	0.00204
2037.79	0.00201
2036.82	0.00197
2035.86	0.00194
2034.9	0.00192
2033.93	0.00189
2032.97	0.00185
2032	0.00182
2031.04	0.00178
2030.07	0.00174
2029.11	0.00172
2028.15	0.00172
2027.18	0.0017
2026.22	0.00167
2025.25	0.00164
2024.29	0.00161
2023.32	0.00159
2022.36	0.00157
2021.39	0.00153
2020.43	0.0015
2019.47	0.00147
2018.5	0.00143
2017.54	0.00142
2016.57	0.0014
2015.61	0.00136
2014.64	0.00132
2013.68	0.00132
2012.71	0.00132
2011.75	0.00129
2010.79	0.00126
2009.82	0.00122
2008.86	0.0012
2007.89	0.00117
2006.93	0.00113
2005.96	0.00111
2005	0.00109
2004.04	0.00107
2003.07	0.00104
2002.11	0.00101
2001.14	9.86341E-4
2000.18	9.61077E-4
1999.21	9.28998E-4
1998.25	9.21935E-4
1997.28	8.87656E-4
1996.32	8.48593E-4
1995.36	8.42829E-4
1994.39	8.3965E-4
1993.43	8.12887E-4
1992.46	7.85708E-4
1991.5	7.64344E-4
1990.53	7.40966E-4
1989.57	7.20902E-4
1988.6	6.99523E-4
1987.64	6.7586E-4
1986.68	6.58696E-4
1985.71	6.40117E-4
1984.75	6.24854E-4
1983.78	6.10875E-4
1982.82	5.89612E-4
1981.85	5.66533E-4
1980.89	5.26569E-4
1979.92	5.09491E-4
1978.96	5.18227E-4
1978	5.01963E-4
1977.03	4.75285E-4
1976.07	4.51521E-4
1975.1	4.19342E-4
1974.14	4.12079E-4
1973.17	3.994E-4
1972.21	3.79137E-4
1971.25	3.62773E-4
1970.28	3.50694E-4
1969.32	3.45931E-4
1968.35	3.28752E-4
1967.39	3.16688E-4
1966.42	3.0801E-4
1965.46	2.92246E-4
1964.49	2.73667E-4
1963.53	2.74804E-4
1962.57	2.7204E-4
1961.6	2.50661E-4
1960.64	2.34198E-4
1959.67	2.14419E-4
1958.71	1.97356E-4
1957.74	1.99277E-4
1956.78	1.98617E-4
1955.81	1.96366E-4
1954.85	1.78045E-4
1953.89	1.64623E-4
1952.92	1.46772E-4
1951.96	1.2335E-4
1950.99	1.23799E-4
1950.03	1.14077E-4
1949.06	1.06726E-4
1948.1	1.10904E-4
1947.14	1.14583E-4
1946.17	9.73316E-5
1945.21	7.25099E-5
1944.24	8.61588E-5
1943.28	9.35371E-5
1942.31	7.0286E-5
1941.35	5.91643E-5
1940.38	5.28132E-5
1939.42	5.48915E-5
1938.46	6.72698E-5
1937.49	6.25187E-5
1936.53	4.4497E-5
1935.56	3.96459E-5
1934.6	2.74242E-5
1933.63	1.81731E-5
1932.67	2.19514E-5
1931.7	2.99003E-5
1930.74	2.76786E-5
1929.78	1.90569E-5
1928.81	2.37058E-5
1927.85	1.06841E-5
1926.88	-5.36696E-6
1925.92	5.21134E-6
1924.95	7.76025E-6
1923.99	-9.96146E-6
1923.03	-1.55832E-5
1922.06	-9.73425E-6
1921.1	5.14405E-6
1920.13	7.99295E-6
1919.17	1.71712E-5
1918.2	1.06202E-5
1917.24	-2.22015E-5
1916.27	-8.85264E-6
1915.31	1.82565E-6
1914.35	-1.0596E-5
1913.38	-1.45471E-5
1912.42	-1.98688E-5
1911.45	-1.53199E-5
1910.49	-9.24164E-6
1909.52	-9.29274E-6
1908.56	-1.40144E-5
1907.59	-5.96553E-6
1906.63	1.75128E-5
1905.67	1.20911E-5
1904.7	-1.56003E-6
1903.74	1.94183E-5
1902.77	3.11672E-5
1901.81	1.06455E-5
1900.84	4.99437E-6
1899.88	7.57267E-6
1898.91	1.21216E-5
1897.95	3.69999E-5
1896.99	4.30782E-5
1896.02	3.05271E-5
1895.06	3.66054E-5
1894.09	4.69543E-5
1893.13	4.56326E-5
1892.16	4.36815E-5
1891.2	4.46598E-5
1890.24	4.57381E-5
1889.27	4.8087E-5
1888.31	6.22653E-5
1887.34	6.89142E-5
1886.38	5.99925E-5
1885.41	5.39414E-5
1884.45	6.17197E-5
1883.48	6.91686E-5
1882.52	5.38469E-5
1881.56	5.34252E-5
1880.59	7.74741E-5
1879.63	9.41524E-5
1878.66	9.66013E-5
1877.7	9.72796E-5
1876.73	9.69285E-5
1875.77	1.09007E-4
1874.8	1.26556E-4
1873.84	1.42834E-4
1872.88	1.47612E-4
1871.91	1.47261E-4
1870.95	1.4764E-4
1869.98	1.21188E-4
1869.02	1.25367E-4
1868.05	1.51216E-4
1867.09	1.52694E-4
1866.12	1.49043E-4
1865.16	1.48021E-4
1864.2	1.63199E-4
1863.23	1.75448E-4
1862.27	1.69427E-4
1861.3	1.68776E-4
1860.34	1.72254E-4
1859.37	1.82303E-4
1858.41	1.87481E-4
1857.45	1.74659E-4
1856.48	1.93908E-4
1855.52	2.14687E-4
1854.55	2.20035E-4
1853.59	2.28314E-4
1852.62	2.24463E-4
1851.66	2.30041E-4
1850.69	2.4519E-4
1849.73	2.52268E-4
1848.77	2.56446E-4
1847.8	2.69095E-4
1846.84	2.65174E-4
1845.87	2.67523E-4
1844.91	2.94301E-4
1843.94	2.9575E-4
1842.98	2.97628E-4
1842.01	3.07977E-4
1841.05	3.11055E-4
1840.09	3.33634E-4
1839.12	3.46482E-4
1838.16	3.35961E-4
1837.19	3.3281E-4
1836.23	3.35388E-4
1835.26	3.49637E-4
1834.3	3.65415E-4
1833.34	3.68093E-4
1832.37	3.85342E-4
1831.41	3.98721E-4
1830.44	4.0607E-4
1829.48	4.23548E-4
1828.51	4.30397E-4
1827.55	4.33675E-4
1826.58	4.47624E-4
1825.62	4.62502E-4
1824.66	4.67881E-4
1823.69	4.69229E-4
1822.73	4.81008E-4
1821.76	5.00357E-4
1820.8	5.03035E-4
1819.83	5.16084E-4
1818.87	5.42862E-4
1817.9	5.59911E-4
1816.94	5.77189E-4
1815.98	5.88459E-4
1815.01	6.02012E-4
1814.05	6.09209E-4
1813.08	6.22962E-4
1812.12	6.51359E-4
1811.15	6.70312E-4
1810.19	6.66109E-4
1809.23	6.52206E-4
1808.26	6.68159E-4
1807.3	7.05956E-4
1806.33	7.09209E-4
1805.37	7.06806E-4
1804.4	7.32459E-4
1803.44	7.54956E-4
1802.47	7.75209E-4
1801.51	7.92706E-4
1800.55	7.93003E-4
1799.58	7.89056E-4
1798.62	8.12853E-4
1797.65	8.44306E-4
1796.69	8.58203E-4
1795.72	8.80756E-4
1794.76	9.08653E-4
1793.79	9.47506E-4
1792.83	9.70203E-4
1791.87	9.82399E-4
1790.9	0.00101
1789.94	0.00103
1788.97	0.00105
1788.01	0.00105
1787.04	0.00106
1786.08	0.00109
1785.11	0.00114
1784.15	0.00118
1783.19	0.00119
1782.22	0.00122
1781.26	0.00124
1780.29	0.00127
1779.33	0.0013
1778.36	0.00132
1777.4	0.00135
1776.44	0.00138
1775.47	0.00143
1774.51	0.00147
1773.54	0.0015
1772.58	0.00154
1771.61	0.00157
1770.65	0.0016
1769.68	0.00164
1768.72	0.00168
1767.76	0.00172
1766.79	0.00176
1765.83	0.00179
1764.86	0.00184
1763.9	0.0019
1762.93	0.00194
1761.97	0.00197
1761	0.00201
1760.04	0.00208
1759.08	0.00215
1758.11	0.0022
1757.15	0.00226
1756.18	0.00232
1755.22	0.00237
1754.25	0.00241
1753.29	0.00249
1752.33	0.00259
1751.36	0.00266
1750.4	0.00271
1749.43	0.00277
1748.47	0.00284
1747.5	0.00291
1746.54	0.00298
1745.57	0.00306
1744.61	0.00315
1743.65	0.00325
1742.68	0.00333
1741.72	0.00342
1740.75	0.00352
1739.79	0.00363
1738.82	0.00375
1737.86	0.00386
1736.89	0.00396
1735.93	0.00408
1734.97	0.0042
1734	0.00431
1733.04	0.00446
1732.07	0.00459
1731.11	0.00472
1730.14	0.00486
1729.18	0.00502
1728.22	0.00518
1727.25	0.00533
1726.29	0.00547
1725.32	0.00563
1724.36	0.00581
1723.39	0.00599
1722.43	0.00615
1721.46	0.00633
1720.5	0.00653
1719.54	0.00673
1718.57	0.00693
1717.61	0.00715
1716.64	0.00737
1715.68	0.00758
1714.71	0.0078
1713.75	0.00804
1712.78	0.00827
1711.82	0.00852
1710.86	0.00877
1709.89	0.00901
1708.93	0.00927
1707.96	0.0095
1707	0.00975
1706.03	0.01002
1705.07	0.01029
1704.1	0.01057
1703.14	0.01083
1702.18	0.0111
1701.21	0.01138
1700.25	0.01167
1699.28	0.01194
1698.32	0.01223
1697.35	0.01251
1696.39	0.01277
1695.43	0.01307
1694.46	0.01335
1693.5	0.01361
1692.53	0.01388
1691.57	0.01418
1690.6	0.01446
1689.64	0.01475
1688.67	0.01504
1687.71	0.01532
1686.75	0.0156
1685.78	0.01588
1684.82	0.0162
1683.85	0.01649
1682.89	0.01676
1681.92	0.01706
1680.96	0.01736
1679.99	0.01767
1679.03	0.01798
1678.07	0.01831
1677.1	0.01867
1676.14	0.01901
1675.17	0.01935
1674.21	0.0197
1673.24	0.02008
1672.28	0.02048
1671.32	0.02089
1670.35	0.02132
1669.39	0.02176
1668.42	0.02221
1667.46	0.02267
1666.49	0.02316
1665.53	0.02368
1664.56	0.0242
1663.6	0.02473
1662.64	0.02527
1661.67	0.02582
1660.71	0.02641
1659.74	0.02699
1658.78	0.02757
1657.81	0.02815
1656.85	0.02874
1655.88	0.02929
1654.92	0.02985
1653.96	0.0304
1652.99	0.03092
1652.03	0.03143
1651.06	0.0319
1650.1	0.03233
1649.13	0.03274
1648.17	0.0331
1647.2	0.03339
1646.24	0.03364
1645.28	0.03386
1644.31	0.034
1643.35	0.0341
1642.38	0.03414
1641.42	0.03409
1640.45	0.03397
1639.49	0.03379
1638.53	0.03355
1637.56	0.03324
1636.6	0.03286
1635.63	0.0324
1634.67	0.03189
1633.7	0.03131
1632.74	0.03066
1631.77	0.02998
1630.81	0.02926
1629.85	0.02853
1628.88	0.02776
1627.92	0.02696
1626.95	0.02618
1625.99	0.02538
1625.02	0.0246
1624.06	0.02384
1623.09	0.02309
1622.13	0.02241
1621.17	0.02177
1620.2	0.02116
1619.24	0.02059
1618.27	0.02007
1617.31	0.01958
1616.34	0.01911
1615.38	0.01868
1614.42	0.01827
1613.45	0.01785
1612.49	0.01744
1611.52	0.01703
1610.56	0.01661
1609.59	0.01617
1608.63	0.01571
1607.66	0.01525
1606.7	0.01478
1605.74	0.0143
1604.77	0.01379
1603.81	0.01327
1602.84	0.01277
1601.88	0.01228
1600.91	0.01179
1599.95	0.01133
1598.98	0.01091
1598.02	0.01051
1597.06	0.01012
1596.09	0.0098
1595.13	0.00951
1594.16	0.00923
1593.2	0.00899
1592.23	0.00877
1591.27	0.00857
1590.31	0.0084
1589.34	0.00824
1588.38	0.0081
1587.41	0.00798
1586.45	0.00787
1585.48	0.00775
1584.52	0.00764
1583.55	0.00756
1582.59	0.00748
1581.63	0.00741
1580.66	0.00735
1579.7	0.00727
1578.73	0.00718
1577.77	0.00713
1576.8	0.00708
1575.84	0.00701
1574.87	0.00695
1573.91	0.0069
1572.95	0.00685
1571.98	0.0068
1571.02	0.00675
1570.05	0.00671
1569.09	0.00666
1568.12	0.00662
1567.16	0.00655
1566.19	0.0065
1565.23	0.00647
1564.27	0.00643
1563.3	0.0064
1562.34	0.00636
1561.37	0.00634
1560.41	0.00631
1559.44	0.00627
1558.48	0.00624
1557.52	0.0062
1556.55	0.00616
1555.59	0.00612
1554.62	0.00607
1553.66	0.00603
1552.69	0.006
1551.73	0.00598
1550.76	0.00596
1549.8	0.00592
1548.84	0.00588
1547.87	0.00584
1546.91	0.00581
1545.94	0.00578
1544.98	0.00576
1544.01	0.00574
1543.05	0.00571
1542.08	0.0057
1541.12	0.00567
1540.16	0.00565
1539.19	0.00562
1538.23	0.00558
1537.26	0.00556
1536.3	0.00554
1535.33	0.00551
1534.37	0.00547
1533.41	0.00544
1532.44	0.00542
1531.48	0.0054
1530.51	0.00538
1529.55	0.00537
1528.58	0.00535
1527.62	0.00533
1526.65	0.00532
1525.69	0.00529
1524.73	0.00526
1523.76	0.00523
1522.8	0.00521
1521.83	0.00519
1520.87	0.00517
1519.9	0.00515
1518.94	0.00515
1517.97	0.00514
1517.01	0.00511
1516.05	0.00506
1515.08	0.00503
1514.12	0.00502
1513.15	0.00501
1512.19	0.00498
1511.22	0.00495
1510.26	0.00494
1509.29	0.00493
1508.33	0.00491
1507.37	0.00489
1506.4	0.00487
1505.44	0.00487
1504.47	0.00484
1503.51	0.00482
1502.54	0.00479
1501.58	0.00476
1500.62	0.00474
1499.65	0.00473
1498.69	0.00471
1497.72	0.0047
1496.76	0.0047
1495.79	0.00467
1494.83	0.00464
1493.86	0.00462
1492.9	0.00461
1491.94	0.00461
1490.97	0.00462
1490.01	0.0046
1489.04	0.00459
1488.08	0.0046
1487.11	0.0046
1486.15	0.00458
1485.18	0.00455
1484.22	0.00457
1483.26	0.00459
1482.29	0.00458
1481.33	0.00457
1480.36	0.00456
1479.4	0.00457
1478.43	0.00457
1477.47	0.00455
1476.51	0.00452
1475.54	0.00449
1474.58	0.00447
1473.61	0.00444
1472.65	0.00441
1471.68	0.00438
1470.72	0.00438
1469.75	0.00438
1468.79	0.00438
1467.83	0.00437
1466.86	0.00438
1465.9	0.00438
1464.93	0.00436
1463.97	0.00435
1463	0.00434
1462.04	0.00429
1461.07	0.00422
1460.11	0.0042
1459.15	0.0042
1458.18	0.00419
1457.22	0.00419
1456.25	0.00418
1455.29	0.00415
1454.32	0.00415
1453.36	0.00414
1452.4	0.00412
1451.43	0.00409
1450.47	0.00409
1449.5	0.00407
1448.54	0.00406
1447.57	0.00405
1446.61	0.00402
1445.64	0.00399
1444.68	0.00397
1443.72	0.00395
1442.75	0.00395
1441.79	0.00394
1440.82	0.00391
1439.86	0.00391
1438.89	0.0039
1437.93	0.00388
1436.96	0.00387
1436	0.00385
1435.04	0.00384
1434.07	0.00383
1433.11	0.00381
1432.14	0.00381
1431.18	0.00379
1430.21	0.00377
1429.25	0.00377
1428.28	0.00378
1427.32	0.00379
1426.36	0.00377
1425.39	0.00375
1424.43	0.00376
1423.46	0.00376
1422.5	0.00375
1421.53	0.00374
1420.57	0.00372
1419.61	0.0037
1418.64	0.00368
1417.68	0.00366
1416.71	0.00365
1415.75	0.00362
1414.78	0.00359
1413.82	0.00358
1412.85	0.00358
1411.89	0.00357
1410.93	0.00356
1409.96	0.00355
1409	0.00352
1408.03	0.0035
1407.07	0.00348
1406.1	0.00347
1405.14	0.00347
1404.17	0.00345
1403.21	0.00344
1402.25	0.00341
1401.28	0.00339
1400.32	0.0034
1399.35	0.00341
1398.39	0.00338
1397.42	0.00336
1396.46	0.00334
1395.5	0.00333
1394.53	0.00333
1393.57	0.00332
1392.6	0.00331
1391.64	0.0033
1390.67	0.00332
1389.71	0.00333
1388.74	0.00337
1387.78	0.00344
1386.82	0.00355
1385.85	0.00376
1384.89	0.00413
1383.92	0.00457
1382.96	0.00473
1381.99	0.00456
1381.03	0.00425
1380.06	0.00395
1379.1	0.00372
1378.14	0.00358
1377.17	0.00347
1376.21	0.00337
1375.24	0.0033
1374.28	0.00326
1373.31	0.00325
1372.35	0.00323
1371.38	0.0032
1370.42	0.00319
1369.46	0.00317
1368.49	0.00315
1367.53	0.00314
1366.56	0.00311
1365.6	0.00308
1364.63	0.00308
1363.67	0.00307
1362.71	0.00305
1361.74	0.00303
1360.78	0.00302
1359.81	0.00303
1358.85	0.00299
1357.88	0.00297
1356.92	0.00296
1355.95	0.00294
1354.99	0.00295
1354.03	0.00296
1353.06	0.00294
1352.1	0.00293
1351.13	0.00293
1350.17	0.00294
1349.2	0.00294
1348.24	0.00293
1347.27	0.00292
1346.31	0.0029
1345.35	0.00291
1344.38	0.00295
1343.42	0.00294
1342.45	0.00289
1341.49	0.00286
1340.52	0.00285
1339.56	0.00285
1338.6	0.00286
1337.63	0.00285
1336.67	0.00286
1335.7	0.00286
1334.74	0.00284
1333.77	0.00285
1332.81	0.00284
1331.84	0.00283
1330.88	0.00284
1329.92	0.00285
1328.95	0.00283
1327.99	0.00282
1327.02	0.00284
1326.06	0.00285
1325.09	0.00284
1324.13	0.00285
1323.16	0.00283
1322.2	0.00282
1321.24	0.00283
1320.27	0.0028
1319.31	0.00278
1318.34	0.00279
1317.38	0.0028
1316.41	0.0028
1315.45	0.00278
1314.48	0.00276
1313.52	0.00273
1312.56	0.00273
1311.59	0.00275
1310.63	0.00272
1309.66	0.00269
1308.7	0.0027
1307.73	0.00268
1306.77	0.00267
1305.81	0.00265
1304.84	0.00264
1303.88	0.00262
1302.91	0.00261
1301.95	0.00258
1300.98	0.00255
1300.02	0.00256
1299.05	0.00256
1298.09	0.00251
1297.13	0.00251
1296.16	0.00252
1295.2	0.0025
1294.23	0.00247
1293.27	0.00244
1292.3	0.00242
1291.34	0.00242
1290.37	0.00242
1289.41	0.0024
1288.45	0.00237
1287.48	0.00236
1286.52	0.00236
1285.55	0.00236
1284.59	0.00235
1283.62	0.00235
1282.66	0.00235
1281.7	0.00232
1280.73	0.00231
1279.77	0.00235
1278.8	0.00239
1277.84	0.00243
1276.87	0.0025
1275.91	0.00252
1274.94	0.00249
1273.98	0.00241
1273.02	0.00237
1272.05	0.00234
1271.09	0.0023
1270.12	0.00226
1269.16	0.00224
1268.19	0.00222
1267.23	0.0022
1266.26	0.00217
1265.3	0.00215
1264.34	0.00214
1263.37	0.00212
1262.41	0.00212
1261.44	0.00211
1260.48	0.00209
1259.51	0.00207
1258.55	0.00206
1257.59	0.00204
1256.62	0.00201
1255.66	0.00199
1254.69	0.00198
1253.73	0.00197
1252.76	0.00196
1251.8	0.00195
1250.83	0.00194
1249.87	0.00193
1248.91	0.00191
1247.94	0.00189
1246.98	0.00187
1246.01	0.00186
1245.05	0.00187
1244.08	0.00186
1243.12	0.00184
1242.15	0.00182
1241.19	0.00178
1240.23	0.00178
1239.26	0.00181
1238.3	0.0018
1237.33	0.00179
1236.37	0.00176
1235.4	0.00173
1234.44	0.00172
1233.47	0.00172
1232.51	0.00171
1231.55	0.00169
1230.58	0.00169
1229.62	0.0017
1228.65	0.0017
1227.69	0.00166
1226.72	0.00165
1225.76	0.00168
1224.8	0.00169
1223.83	0.00166
1222.87	0.00161
1221.9	0.00158
1220.94	0.00157
1219.97	0.00156
1219.01	0.00158
1218.04	0.00159
1217.08	0.00155
1216.12	0.00153
1215.15	0.00152
1214.19	0.00151
1213.22	0.0015
1212.26	0.0015
1211.29	0.00151
1210.33	0.00153
1209.36	0.00151
1208.4	0.00145
1207.44	0.00144
1206.47	0.00145
1205.51	0.00145
1204.54	0.00146
1203.58	0.00143
1202.61	0.00141
1201.65	0.00141
1200.69	0.0014
1199.72	0.00138
1198.76	0.00137
1197.79	0.00135
1196.83	0.00133
1195.86	0.00133
1194.9	0.00134
1193.93	0.00131
1192.97	0.00129
1192.01	0.00129
1191.04	0.00127
1190.08	0.00126
1189.11	0.00127
1188.15	0.00126
1187.18	0.00126
1186.22	0.00127
1185.25	0.00127
1184.29	0.00126
1183.33	0.00122
1182.36	0.00122
1181.4	0.00122
1180.43	0.00121
1179.47	0.0012
1178.5	0.00117
1177.54	0.0012
1176.57	0.0012
1175.61	0.00117
1174.65	0.00117
1173.68	0.00116
1172.72	0.00112
1171.75	0.00111
1170.79	0.00113
1169.82	0.00112
1168.86	0.0011
1167.9	0.0011
1166.93	0.0011
1165.97	0.00109
1165	0.00108
1164.04	0.00108
1163.07	0.00105
1162.11	0.00101
1161.14	0.001
1160.18	0.00101
1159.22	9.94584E-4
1158.25	9.74457E-4
1157.29	9.77683E-4
1156.32	9.83947E-4
1155.36	9.71283E-4
1154.39	9.47717E-4
1153.43	9.54103E-4
1152.46	9.85147E-4
1151.5	9.78303E-4
1150.54	9.5868E-4
1149.57	9.65283E-4
1148.61	9.5497E-4
1147.64	9.55103E-4
1146.68	9.6292E-4
1145.71	9.18343E-4
1144.75	8.8704E-4
1143.79	9.01357E-4
1142.82	8.7855E-4
1141.86	8.59867E-4
1140.89	8.5683E-4
1139.93	8.31927E-4
1138.96	8.1678E-4
1138	8.27437E-4
1137.03	8.2023E-4
1136.07	8.10097E-4
1135.11	8.34664E-4
1134.14	8.45177E-4
1133.18	8.56964E-4
1132.21	8.61407E-4
1131.25	8.50024E-4
1130.28	8.63117E-4
1129.32	8.92594E-4
1128.35	8.82677E-4
1127.39	8.52314E-4
1126.43	8.4058E-4
1125.46	8.44613E-4
1124.5	8.5271E-4
1123.53	8.39503E-4
1122.57	8.0222E-4
1121.6	7.91173E-4
1120.64	8.072E-4
1119.68	7.93427E-4
1118.71	7.5683E-4
1117.75	7.34537E-4
1116.78	7.3504E-4
1115.82	7.21157E-4
1114.85	6.9511E-4
1113.89	6.86327E-4
1112.92	6.8111E-4
1111.96	6.79117E-4
1111	6.98194E-4
1110.03	7.06647E-4
1109.07	6.73184E-4
1108.1	6.74597E-4
1107.14	6.72704E-4
1106.17	6.59587E-4
1105.21	6.62354E-4
1104.24	6.67317E-4
1103.28	6.75534E-4
1102.32	6.56001E-4
1101.35	6.33584E-4
1100.39	6.15341E-4
1099.42	6.25474E-4
1098.46	6.2536E-4
1097.49	6.40764E-4
1096.53	6.5799E-4
1095.56	6.42174E-4
1094.6	6.4027E-4
1093.64	6.31047E-4
1092.67	6.0773E-4
1091.71	5.91817E-4
1090.74	5.9362E-4
1089.78	6.07297E-4
1088.81	6.2954E-4
1087.85	6.13087E-4
1086.89	5.46394E-4
1085.92	5.13017E-4
1084.96	5.05304E-4
1083.99	4.70807E-4
1083.03	4.50374E-4
1082.06	4.50277E-4
1081.1	4.45794E-4
1080.13	4.34767E-4
1079.17	4.14024E-4
1078.21	4.19821E-4
1077.24	4.03434E-4
1076.28	3.81351E-4
1075.31	3.81174E-4
1074.35	3.82871E-4
1073.38	3.96884E-4
1072.42	4.04631E-4
1071.45	4.04457E-4
1070.49	3.75356E-4
1069.53	3.40066E-4
1068.56	3.53561E-4
1067.6	3.5011E-4
1066.63	3.27986E-4
1065.67	3.11115E-4
1064.7	2.87841E-4
1063.74	2.7987E-4
1062.78	2.57479E-4
1061.81	2.42295E-4
1060.85	2.11554E-4
1059.88	1.9637E-4
1058.92	2.24809E-4
1057.95	1.95145E-4
1056.99	1.29414E-4
1056.02	1.0423E-4
1055.06	5.65388E-5
1054.1	-1.73352E-4
1053.13	-5.37463E-5
1052.17	2.20233E-4
1051.2	1.94349E-4
1050.24	1.78648E-4
1049.27	1.59003E-4
1048.31	1.65463E-4
1047.34	1.65028E-4
1046.38	1.30777E-4
1045.42	1.34257E-4
1044.45	1.49952E-4
1043.49	1.37754E-4
1042.52	1.58924E-4
1041.56	1.75694E-4
1040.59	1.81784E-4
1039.63	1.89598E-4
1038.66	1.99249E-4
1037.7	1.95868E-4
1036.74	1.946E-4
1035.77	2.44395E-4
1034.81	2.83155E-4
1033.84	3.00369E-4
1032.88	3.45853E-4
1031.91	4.02242E-4
1030.95	4.48047E-4
1029.99	4.68296E-4
1029.02	4.86113E-4
1028.06	5.18708E-4
1027.09	5.68268E-4
1026.13	6.17209E-4
1025.16	6.185E-4
1024.2	6.358E-4
1023.23	6.71296E-4
1022.27	7.11271E-4
1021.31	7.48239E-4
1020.34	7.69364E-4
1019.38	7.90708E-4
1018.41	7.89024E-4
1017.45	8.02545E-4
1016.48	8.03393E-4
1015.52	7.82239E-4
1014.55	7.4392E-4
1013.59	7.04047E-4
1012.63	6.94322E-4
1011.66	6.42938E-4
1010.7	5.86622E-4
1009.73	5.68132E-4
1008.77	5.30732E-4
1007.8	5.02102E-4
1006.84	4.6376E-4
1005.88	3.91719E-4
1004.91	3.59997E-4
1003.95	3.43775E-4
1002.98	3.46665E-4
1002.02	3.38718E-4
1001.05	2.96859E-4
1000.09	3.03854E-4
999.124	3.33229E-4
998.16	3.31094E-4
997.195	3.09631E-4
996.231	3.23132E-4
995.267	3.4717E-4
994.302	3.55577E-4
993.338	3.51318E-4
992.373	3.46142E-4
991.409	3.68348E-4
990.445	4.10377E-4
989.48	4.37242E-4
988.516	4.48127E-4
987.551	4.89979E-4
986.587	5.29638E-4
985.623	5.08999E-4
984.658	5.32246E-4
983.694	5.84851E-4
982.729	6.23602E-4
981.765	6.69826E-4
980.801	6.94984E-4
979.836	7.18542E-4
978.872	7.53975E-4
977.907	7.94737E-4
976.943	8.56135E-4
975.979	9.17087E-4
975.014	9.49535E-4
974.05	9.66236E-4
973.085	9.83715E-4
972.121	0.00106
971.157	0.00113
970.192	0.00116
969.228	0.00121
968.263	0.00127
967.299	0.00132
966.335	0.00137
965.37	0.0014
964.406	0.00144
963.441	0.00152
962.477	0.00159
961.513	0.00164
960.548	0.0017
959.584	0.00177
958.619	0.00183
957.655	0.00191
956.69	0.00195
955.726	0.00203
954.762	0.00218
953.797	0.00227
952.833	0.00234
951.868	0.0024
950.904	0.00246
949.94	0.00253
948.975	0.00259
948.011	0.00269
947.046	0.00281
946.082	0.00289
945.118	0.00298
944.153	0.00307
943.189	0.00316
942.224	0.0032
941.26	0.00334
940.296	0.00354
939.331	0.00363
938.367	0.00373
937.402	0.00384
936.438	0.00393
935.474	0.00403
934.509	0.00414
933.545	0.00422
932.58	0.00434
931.616	0.00446
930.651	0.00455
929.687	0.00467
928.723	0.00482
927.758	0.00494
926.794	0.00504
925.829	0.00518
924.865	0.00532
923.901	0.00543
922.936	0.00557
921.972	0.00571
921.007	0.00581
920.043	0.0058
919.079	0.00591
918.114	0.00612
917.15	0.00625
916.185	0.00643
915.221	0.00656
914.257	0.00667
913.292	0.0068
912.328	0.00692
911.363	0.00709
910.399	0.00722
909.435	0.00734
908.47	0.00751
907.506	0.00767
906.541	0.00779
905.577	0.00791
904.613	0.00805
903.648	0.00818
902.684	0.00831
901.719	0.00844
900.755	0.00857
899.791	0.00866
898.826	0.00885
897.862	0.00911
896.897	0.00925
895.933	0.00937
894.969	0.00952
894.004	0.00965
893.04	0.00981
892.075	0.00997
891.111	0.01009
890.146	0.01025
889.182	0.01039
888.218	0.01052
887.253	0.01068
886.289	0.01085
885.324	0.01097
884.36	0.01112
883.396	0.01129
882.431	0.01143
881.467	0.01164
880.502	0.01183
879.538	0.01199
878.574	0.0121
877.609	0.01224
876.645	0.01246
875.68	0.0126
874.716	0.0128
873.752	0.01301
872.787	0.01318
871.823	0.01334
870.858	0.01351
869.894	0.01367
868.93	0.01381
867.965	0.01398
867.001	0.01417
866.036	0.01436
865.072	0.01452
864.108	0.01463
863.143	0.01484
862.179	0.01506
861.214	0.01523
860.25	0.01544
859.286	0.0156
858.321	0.01574
857.357	0.01589
856.392	0.0161
855.428	0.01634
854.463	0.01653
853.499	0.01662
852.535	0.01676
851.57	0.01697
850.606	0.01717
849.641	0.01737
848.677	0.01753
847.713	0.01768
846.748	0.01786
845.784	0.01807
844.819	0.01825
843.855	0.01836
842.891	0.0186
841.926	0.01887
840.962	0.01897
839.997	0.01915
839.033	0.01935
838.069	0.01951
837.104	0.0197
836.14	0.01987
835.175	0.02001
834.211	0.02017
833.247	0.02037
832.282	0.02055
831.318	0.0207
830.353	0.02085
829.389	0.02104
828.424	0.02122
827.46	0.02135
826.496	0.02149
825.531	0.02165
824.567	0.02182
823.602	0.02198
822.638	0.02216
821.674	0.02236
820.709	0.02251
819.745	0.02267
818.78	0.02282
817.816	0.02295
816.852	0.02306
815.887	0.02322
814.923	0.02338
813.958	0.0235
812.994	0.02363
812.03	0.02378
811.065	0.02392
810.101	0.02405
809.136	0.02419
808.172	0.02432
807.208	0.02445
806.243	0.02459
805.279	0.02474
804.314	0.02487
803.35	0.025
802.386	0.02511
801.421	0.02522
800.457	0.0253
799.492	0.02539
798.528	0.02552
797.564	0.02565
796.599	0.02575
795.635	0.02583
794.67	0.02594
793.706	0.02602
792.742	0.02611
791.777	0.02619
790.813	0.02627
789.848	0.02637
788.884	0.02647
787.919	0.02653
786.955	0.02669
785.991	0.02682
785.026	0.02678
784.062	0.02682
783.097	0.02688
782.133	0.02694
781.169	0.02702
780.204	0.02708
779.24	0.02708
778.275	0.02712
777.311	0.02719
776.347	0.02722
775.382	0.02724
774.418	0.02729
773.453	0.02737
772.489	0.02738
771.525	0.02738
770.56	0.02741
769.596	0.02743
768.631	0.02744
767.667	0.02746
766.703	0.02754
765.738	0.02762
764.774	0.0275
763.809	0.02744
762.845	0.02747
761.88	0.02747
760.916	0.02747
759.952	0.02747
758.987	0.02747
758.023	0.02745
757.058	0.02741
756.094	0.02738
755.13	0.02736
754.165	0.02729
753.201	0.02726
752.236	0.02726
751.272	0.0272
750.308	0.02715
749.343	0.02711
748.379	0.02704
747.414	0.02699
746.45	0.02689
745.486	0.02681
744.521	0.02683
743.557	0.02677
742.592	0.02664
741.628	0.02657
740.664	0.02651
739.699	0.02645
738.735	0.02636
737.77	0.02624
736.806	0.02612
735.842	0.026
734.877	0.02587
733.913	0.02576
732.948	0.02566
731.984	0.02552
731.02	0.02539
730.055	0.02532
729.091	0.02522
728.126	0.02511
727.162	0.025
726.198	0.02486
725.233	0.02473
724.269	0.02459
723.304	0.02442
722.34	0.02433
721.375	0.0242
720.411	0.02403
719.447	0.02386
718.482	0.02373
717.518	0.02359
716.553	0.0234
715.589	0.02322
714.625	0.02305
713.66	0.02287
712.696	0.02277
711.731	0.0226
710.767	0.02257
709.803	0.02204
708.838	0.02122
707.874	0.02125
706.909	0.02126
705.945	0.02108
704.981	0.02092
704.016	0.02071
703.052	0.02042
702.087	0.02033
701.123	0.02027
700.159	0.02
699.194	0.01974
698.23	0.0195
697.265	0.01932
696.301	0.01907
695.337	0.0188
694.372	0.01856
693.408	0.01833
692.443	0.01807
691.479	0.01779
690.514	0.01756
689.55	0.01734
688.586	0.01718
687.621	0.01704
686.657	0.01674
685.692	0.01646
684.728	0.0162
683.764	0.016
682.799	0.0158
681.835	0.01557
680.87	0.01541
679.906	0.01531
678.942	0.01524
677.977	0.01533
677.013	0.01556
676.048	0.01606
675.084	0.01706
674.12	0.0188
673.155	0.02184
672.191	0.02657
671.226	0.03261
670.262	0.03926
669.298	0.04613
668.333	0.05314
667.369	0.06044
666.404	0.0682
665.44	0.07667
664.476	0.08588
663.511	0.09582
662.547	0.10643
661.582	0.11767
660.618	0.12944
659.654	0.14149
658.689	0.15349
657.725	0.16454
656.76	0.17333
655.796	0.17854
654.831	0.17928
653.867	0.1751
652.903	0.16701
651.938	0.15717
650.974	0.14702
650.009	0.1377
649.045	0.12956
648.081	0.12225
647.116	0.11538
646.152	0.10882
645.187	0.10249
644.223	0.09644
643.259	0.09065
642.294	0.0851
641.33	0.07984
640.365	0.07485
639.401	0.07024
638.437	0.06598
637.472	0.06212
636.508	0.05862
635.543	0.0554
634.579	0.05258
633.615	0.05003
632.65	0.04784
631.686	0.04597
630.721	0.04405
629.757	0.04228
628.793	0.04063
627.828	0.0391
626.864	0.03777
625.899	0.0365
624.935	0.03532
623.971	0.03415
623.006	0.03305
622.042	0.03212
621.077	0.03118
620.113	0.03022
619.148	0.02936
618.184	0.02864
617.22	0.02795
616.255	0.02725
615.291	0.02657
614.326	0.02591
613.362	0.02532
612.398	0.02479
611.433	0.02425
610.469	0.02365
609.504	0.02307
608.54	0.02254
607.576	0.02202
606.611	0.02155
605.647	0.02109
604.682	0.0207
603.718	0.02028
602.754	0.0198
601.789	0.01942
600.825	0.01906
599.86	0.0187
598.896	0.01832
597.932	0.01786
596.967	0.01752
596.003	0.01729
595.038	0.01702
594.074	0.01669
593.109	0.01628
592.145	0.01593
591.181	0.01561
590.216	0.01532
589.252	0.01508
588.287	0.01486
587.323	0.01459
586.359	0.01428
585.394	0.01402
584.43	0.01381
583.465	0.0136
582.501	0.01331
581.537	0.013
580.572	0.01282
579.608	0.0126
578.643	0.01232
577.679	0.01215
576.715	0.01153
575.75	0.01107
574.786	0.0113
573.821	0.01127
572.857	0.01104
571.893	0.01081
570.928	0.01062
569.964	0.01044
568.999	0.01024
568.035	0.01009
567.071	0.00992
566.106	0.00975
565.142	0.00961
564.177	0.00946
563.213	0.00931
562.249	0.00915
561.284	0.00895
560.32	0.00883
559.355	0.00871
558.391	0.0086
557.427	0.00848
556.462	0.00848
555.498	0.00868
554.533	0.00802
553.569	0.00742
552.604	0.00749
551.64	0.00736
550.676	0.0072
549.711	0.0071
548.747	0.00702
547.782	0.00686
546.818	0.00671
545.854	0.0066
544.889	0.00656
543.925	0.00646
542.96	0.00634
541.996	0.00616
541.032	0.0061
540.067	0.00601
539.103	0.00581
538.138	0.00578
537.174	0.00566
536.21	0.00549
535.245	0.00543
534.281	0.0051
533.316	0.00489
532.352	0.005
531.388	0.00501
530.423	0.0049
529.459	0.00474
528.494	0.00457
527.53	0.00451
526.565	0.00444
525.601	0.00434
524.637	0.00423
523.672	0.00412
522.708	0.00404
521.743	0.004
520.779	0.00387
519.815	0.00353
518.85	0.00335
517.886	0.0034
516.921	0.0034
515.957	0.00331
514.993	0.0032
514.028	0.00313
513.064	0.00322
512.099	0.00312
511.135	0.0029
510.171	0.00297
509.206	0.00285
508.242	0.0026
507.277	0.00255
506.313	0.00262
505.349	0.00256
504.384	0.00233
503.42	0.00233
502.455	0.00241
501.491	0.00231
500.527	0.00228
499.562	0.00209
498.598	0.00118
497.633	0.00101
496.669	0.00143
495.705	0.00151
494.74	0.00152
493.776	0.00141
492.811	0.00138
491.847	0.00145
490.883	0.00142
489.918	0.0013
488.954	0.00127
487.989	0.00112
487.025	0.00107
486.06	0.00103
485.096	8.25888E-4
484.132	9.30929E-4
483.167	0.00109
482.203	0.00108
481.238	0.00117
480.274	0.00113
479.31	0.00119
478.345	0.00108
477.381	5.5125E-4
476.416	6.89668E-4
475.452	9.2771E-4
474.488	9.14351E-4
473.523	9.76369E-4
472.559	0.00103
471.594	0.00113
470.63	0.00104
469.666	0.00106
468.701	0.00108
467.737	0.00119
466.772	0.00136
465.808	0.00132
464.844	0.00126
463.879	0.00125
462.915	0.00141
461.95	0.00175
