4000.35	8.31559E-4
3999.39	8.31559E-4
3998.43	8.31559E-4
3997.46	8.31559E-4
3996.5	8.31559E-4
3995.53	8.31559E-4
3994.57	8.31559E-4
3993.6	8.31559E-4
3992.64	8.31559E-4
3991.68	7.82674E-4
3990.71	7.11377E-4
3989.75	6.98293E-4
3988.78	7.18396E-4
3987.82	7.27611E-4
3986.85	7.32915E-4
3985.89	7.4573E-4
3984.92	7.27934E-4
3983.96	6.62349E-4
3983	6.52664E-4
3982.03	6.50568E-4
3981.07	5.95183E-4
3980.1	6.16287E-4
3979.14	6.61902E-4
3978.17	6.78306E-4
3977.21	6.77921E-4
3976.24	6.08825E-4
3975.28	5.7564E-4
3974.32	5.85255E-4
3973.35	5.76359E-4
3972.39	5.31974E-4
3971.42	4.82577E-4
3970.46	5.14593E-4
3969.49	5.28896E-4
3968.53	5.43311E-4
3967.57	5.54727E-4
3966.6	5.1733E-4
3965.64	5.23045E-4
3964.67	5.07249E-4
3963.71	4.79264E-4
3962.74	5.17968E-4
3961.78	5.27583E-4
3960.81	5.03987E-4
3959.85	5.20402E-4
3958.89	4.73417E-4
3957.92	4.24121E-4
3956.96	3.92936E-4
3955.99	3.9544E-4
3955.03	4.31355E-4
3954.06	4.17059E-4
3953.1	4.17474E-4
3952.13	3.87378E-4
3951.17	3.53093E-4
3950.21	3.55808E-4
3949.24	3.66211E-4
3948.28	3.51827E-4
3947.31	3.4613E-4
3946.35	2.98645E-4
3945.38	3.04049E-4
3944.42	3.29164E-4
3943.46	2.70979E-4
3942.49	2.92983E-4
3941.53	3.08798E-4
3940.56	2.87502E-4
3939.6	3.31117E-4
3938.63	3.03521E-4
3937.67	2.44236E-4
3936.7	2.1544E-4
3935.74	2.20355E-4
3934.78	2.6547E-4
3933.81	2.39074E-4
3932.85	1.84489E-4
3931.88	2.04493E-4
3930.92	2.30508E-4
3929.95	2.32712E-4
3928.99	2.63127E-4
3928.02	2.6873E-4
3927.06	2.52845E-4
3926.1	1.95261E-4
3925.13	1.79464E-4
3924.17	1.90079E-4
3923.2	1.53483E-4
3922.24	1.61598E-4
3921.27	1.76702E-4
3920.31	1.63417E-4
3919.34	1.21121E-4
3918.38	1.05336E-4
3917.42	1.24251E-4
3916.45	1.34055E-4
3915.49	1.3897E-4
3914.52	1.34774E-4
3913.56	8.95889E-5
3912.59	3.55927E-5
3911.63	4.69078E-5
3910.67	4.34228E-5
3909.7	4.29266E-5
3908.74	4.70417E-5
3907.77	3.54455E-5
3906.81	2.92606E-5
3905.84	3.14644E-5
3904.88	5.62795E-5
3903.91	9.45833E-5
3902.95	1.12298E-4
3901.99	7.14134E-5
3901.02	6.11721E-6
3900.06	2.5323E-6
3899.09	3.29361E-5
3898.13	2.46512E-5
3897.16	6.15496E-6
3896.2	2.07701E-5
3895.23	4.45738E-5
3894.27	2.75889E-5
3893.31	1.0004E-5
3892.34	4.1078E-6
3891.38	-2.39771E-5
3890.41	-3.83733E-5
3889.45	-2.35582E-5
3888.48	-2.32545E-5
3887.52	-7.33937E-6
3886.55	-1.16356E-5
3885.59	-5.20205E-5
3884.63	-4.74054E-5
3883.66	-3.21016E-5
3882.7	-2.64865E-5
3881.73	-2.42827E-5
3880.77	-4.52677E-5
3879.8	-5.67639E-5
3878.84	-1.91488E-5
3877.88	1.48663E-5
3876.91	8.17009E-6
3875.95	-1.81148E-5
3874.98	-6.4911E-5
3874.02	-9.35959E-5
3873.05	-7.17922E-5
3872.09	-5.24771E-5
3871.12	-1.12733E-5
3870.16	-3.89582E-5
3869.2	-8.76431E-5
3868.23	-7.63933E-6
3867.27	4.43758E-5
3866.3	2.03795E-5
3865.34	-3.59054E-5
3864.37	-6.36016E-5
3863.41	-5.84865E-5
3862.44	-6.31827E-5
3861.48	-6.48676E-5
3860.52	-3.46525E-5
3859.55	-3.24874E-6
3858.59	-4.63366E-6
3857.62	-2.14299E-5
3856.66	2.16852E-5
3855.69	5.2389E-5
3854.73	-1.84959E-5
3853.77	-3.51808E-5
3852.8	-9.57704E-6
3851.84	-1.06195E-6
3850.87	1.04418E-5
3849.91	2.48569E-5
3848.94	1.84607E-5
3847.98	-3.4242E-6
3847.01	-1.65204E-5
3846.05	-3.16053E-5
3845.09	-2.84902E-5
3844.12	-4.18645E-6
3843.16	2.41286E-5
3842.19	2.66324E-5
3841.23	-7.85249E-6
3840.26	-2.56487E-5
3839.3	-1.14336E-5
3838.33	-1.89298E-5
3837.37	-4.28147E-5
3836.41	-5.01997E-5
3835.44	-2.12959E-5
3834.48	-4.06808E-5
3833.51	-8.3277E-5
3832.55	-6.21619E-5
3831.58	-4.60581E-5
3830.62	-5.0943E-5
3829.66	-3.52795E-6
3828.69	2.64758E-5
3827.73	9.29093E-6
3826.76	4.15947E-5
3825.8	8.09098E-5
3824.83	5.83136E-5
3823.87	2.69287E-5
3822.9	2.88325E-5
3821.94	4.85475E-5
3820.98	1.69626E-5
3820.01	1.00664E-5
3819.05	6.15815E-5
3818.08	3.45853E-5
3817.12	3.40038E-6
3816.15	2.89042E-5
3815.19	5.33193E-5
3814.22	6.4723E-5
3813.26	9.05381E-5
3812.3	9.44532E-5
3811.33	7.9057E-5
3810.37	7.04721E-5
3809.4	7.28759E-5
3808.44	1.01391E-4
3807.47	8.61948E-5
3806.51	7.10098E-5
3805.54	9.05136E-5
3804.58	1.28729E-4
3803.62	1.67644E-4
3802.65	1.53748E-4
3801.69	1.53963E-4
3800.72	1.92066E-4
3799.76	1.95882E-4
3798.79	1.95785E-4
3797.83	2.351E-4
3796.87	2.43416E-4
3795.9	2.36519E-4
3794.94	2.29034E-4
3793.97	1.96338E-4
3793.01	2.01253E-4
3792.04	1.89657E-4
3791.08	1.91872E-4
3790.11	2.36676E-4
3789.15	2.43691E-4
3788.19	2.55506E-4
3787.22	2.7721E-4
3786.26	3.06225E-4
3785.29	3.43129E-4
3784.33	3.34044E-4
3783.36	3.28448E-4
3782.4	3.62163E-4
3781.43	3.85667E-4
3780.47	3.52082E-4
3779.51	3.51797E-4
3778.54	4.107E-4
3777.58	4.19616E-4
3776.61	4.14619E-4
3775.65	4.71734E-4
3774.68	4.79238E-4
3773.72	4.54953E-4
3772.76	4.53868E-4
3771.79	4.53472E-4
3770.83	4.62987E-4
3769.86	4.94991E-4
3768.9	5.13606E-4
3767.93	5.1181E-4
3766.97	5.14725E-4
3766	5.56329E-4
3765.04	6.01744E-4
3764.08	5.55959E-4
3763.11	5.67463E-4
3762.15	5.95978E-4
3761.18	6.09382E-4
3760.22	6.10697E-4
3759.25	6.32801E-4
3758.29	6.58416E-4
3757.32	6.23019E-4
3756.36	6.57034E-4
3755.4	7.2405E-4
3754.43	7.50353E-4
3753.47	7.47268E-4
3752.5	7.33472E-4
3751.54	7.45587E-4
3750.57	7.83791E-4
3749.61	8.06106E-4
3748.65	8.43821E-4
3747.68	8.40025E-4
3746.72	8.5144E-4
3745.75	8.88544E-4
3744.79	8.58559E-4
3743.82	8.96063E-4
3742.86	9.43278E-4
3741.89	9.75882E-4
3740.93	0.00102
3739.97	0.00104
3739	0.0011
3738.04	0.00119
3737.07	0.00121
3736.11	0.00121
3735.14	0.0013
3734.18	0.00137
3733.21	0.00143
3732.25	0.00148
3731.29	0.00155
3730.32	0.00163
3729.36	0.00164
3728.39	0.0017
3727.43	0.00179
3726.46	0.00192
3725.5	0.00206
3724.53	0.00219
3723.57	0.00231
3722.61	0.00237
3721.64	0.00245
3720.68	0.00258
3719.71	0.00275
3718.75	0.00291
3717.78	0.00307
3716.82	0.0033
3715.86	0.00354
3714.89	0.00377
3713.93	0.00406
3712.96	0.00448
3712	0.00499
3711.03	0.0056
3710.07	0.0063
3709.1	0.00709
3708.14	0.00797
3707.18	0.00888
3706.21	0.00977
3705.25	0.0106
3704.28	0.01131
3703.32	0.01181
3702.35	0.01209
3701.39	0.01215
3700.42	0.012
3699.46	0.01163
3698.5	0.01111
3697.53	0.01054
3696.57	0.00988
3695.6	0.00925
3694.64	0.00873
3693.67	0.00828
3692.71	0.00789
3691.75	0.00762
3690.78	0.00746
3689.82	0.00733
3688.85	0.00727
3687.89	0.00728
3686.92	0.00734
3685.96	0.00746
3684.99	0.00762
3684.03	0.00779
3683.07	0.00795
3682.1	0.00819
3681.14	0.00843
3680.17	0.00867
3679.21	0.00892
3678.24	0.00917
3677.28	0.00948
3676.31	0.00979
3675.35	0.0101
3674.39	0.0104
3673.42	0.01073
3672.46	0.01109
3671.49	0.01137
3670.53	0.01166
3669.56	0.01199
3668.6	0.01231
3667.64	0.01263
3666.67	0.01297
3665.71	0.01331
3664.74	0.01362
3663.78	0.01392
3662.81	0.01423
3661.85	0.01453
3660.88	0.01479
3659.92	0.01505
3658.96	0.01532
3657.99	0.01556
3657.03	0.01579
3656.06	0.01601
3655.1	0.01621
3654.13	0.01637
3653.17	0.01654
3652.2	0.01668
3651.24	0.01681
3650.28	0.01694
3649.31	0.01704
3648.35	0.0171
3647.38	0.01715
3646.42	0.01718
3645.45	0.01718
3644.49	0.01715
3643.52	0.01711
3642.56	0.01708
3641.6	0.01698
3640.63	0.01685
3639.67	0.01676
3638.7	0.0167
3637.74	0.01659
3636.77	0.01645
3635.81	0.01632
3634.85	0.01622
3633.88	0.01608
3632.92	0.01592
3631.95	0.01582
3630.99	0.01574
3630.02	0.01565
3629.06	0.01556
3628.09	0.0155
3627.13	0.0155
3626.17	0.01547
3625.2	0.01544
3624.24	0.01545
3623.27	0.01549
3622.31	0.01551
3621.34	0.01556
3620.38	0.01562
3619.41	0.01571
3618.45	0.01583
3617.49	0.01592
3616.52	0.01607
3615.56	0.01624
3614.59	0.01642
3613.63	0.01664
3612.66	0.01688
3611.7	0.01715
3610.74	0.0174
3609.77	0.01767
3608.81	0.01798
3607.84	0.0183
3606.88	0.01864
3605.91	0.019
3604.95	0.01947
3603.98	0.01993
3603.02	0.0204
3602.06	0.02089
3601.09	0.02139
3600.13	0.02191
3599.16	0.02247
3598.2	0.023
3597.23	0.02355
3596.27	0.02408
3595.3	0.02455
3594.34	0.02502
3593.38	0.02546
3592.41	0.02586
3591.45	0.02622
3590.48	0.02658
3589.52	0.0269
3588.55	0.02722
3587.59	0.02755
3586.62	0.02789
3585.66	0.0282
3584.7	0.02854
3583.73	0.02896
3582.77	0.0293
3581.8	0.02971
3580.84	0.03019
3579.87	0.03063
3578.91	0.03111
3577.95	0.03163
3576.98	0.03216
3576.02	0.03269
3575.05	0.03322
3574.09	0.03382
3573.12	0.03441
3572.16	0.03499
3571.19	0.03561
3570.23	0.03625
3569.27	0.03688
3568.3	0.03753
3567.34	0.03823
3566.37	0.03894
3565.41	0.03966
3564.44	0.04041
3563.48	0.04113
3562.51	0.04186
3561.55	0.0426
3560.59	0.04339
3559.62	0.04416
3558.66	0.04496
3557.69	0.04582
3556.73	0.0466
3555.76	0.04741
3554.8	0.0483
3553.83	0.04916
3552.87	0.04999
3551.91	0.05083
3550.94	0.0517
3549.98	0.05262
3549.01	0.05353
3548.05	0.05441
3547.08	0.05537
3546.12	0.05636
3545.16	0.05731
3544.19	0.05829
3543.23	0.0593
3542.26	0.0603
3541.3	0.06132
3540.33	0.06236
3539.37	0.06339
3538.4	0.06443
3537.44	0.0655
3536.48	0.06659
3535.51	0.0677
3534.55	0.06882
3533.58	0.06991
3532.62	0.07103
3531.65	0.07217
3530.69	0.07331
3529.72	0.07446
3528.76	0.07562
3527.8	0.07678
3526.83	0.07795
3525.87	0.07914
3524.9	0.08035
3523.94	0.08151
3522.97	0.08268
3522.01	0.0839
3521.05	0.08513
3520.08	0.08634
3519.12	0.08753
3518.15	0.08875
3517.19	0.09
3516.22	0.09124
3515.26	0.09243
3514.29	0.09365
3513.33	0.09489
3512.37	0.09611
3511.4	0.09733
3510.44	0.09859
3509.47	0.09982
3508.51	0.10103
3507.54	0.10234
3506.58	0.10359
3505.61	0.10481
3504.65	0.10605
3503.69	0.10727
3502.72	0.10852
3501.76	0.10979
3500.79	0.11103
3499.83	0.11226
3498.86	0.11346
3497.9	0.1147
3496.94	0.11598
3495.97	0.11726
3495.01	0.11851
3494.04	0.11974
3493.08	0.12098
3492.11	0.12222
3491.15	0.12347
3490.18	0.1247
3489.22	0.12599
3488.26	0.12725
3487.29	0.12851
3486.33	0.12978
3485.36	0.13105
3484.4	0.13235
3483.43	0.13363
3482.47	0.13491
3481.5	0.13616
3480.54	0.13745
3479.58	0.13875
3478.61	0.14004
3477.65	0.14133
3476.68	0.14262
3475.72	0.14393
3474.75	0.14523
3473.79	0.14654
3472.82	0.14787
3471.86	0.14919
3470.9	0.15047
3469.93	0.1518
3468.97	0.15315
3468	0.15445
3467.04	0.15576
3466.07	0.15709
3465.11	0.15842
3464.15	0.1597
3463.18	0.161
3462.22	0.16235
3461.25	0.16364
3460.29	0.16492
3459.32	0.16626
3458.36	0.16762
3457.39	0.16896
3456.43	0.17028
3455.47	0.17157
3454.5	0.17286
3453.54	0.17414
3452.57	0.17549
3451.61	0.17683
3450.64	0.17808
3449.68	0.17934
3448.71	0.18064
3447.75	0.18197
3446.79	0.18332
3445.82	0.18458
3444.86	0.18583
3443.89	0.18711
3442.93	0.18835
3441.96	0.1896
3441	0.19086
3440.04	0.19213
3439.07	0.19337
3438.11	0.1946
3437.14	0.19584
3436.18	0.19711
3435.21	0.19836
3434.25	0.19956
3433.28	0.20075
3432.32	0.20194
3431.36	0.2031
3430.39	0.20433
3429.43	0.20552
3428.46	0.20669
3427.5	0.20782
3426.53	0.20897
3425.57	0.21015
3424.6	0.2113
3423.64	0.21242
3422.68	0.21353
3421.71	0.21464
3420.75	0.21568
3419.78	0.21675
3418.82	0.21789
3417.85	0.21898
3416.89	0.22002
3415.93	0.22105
3414.96	0.22209
3414	0.22314
3413.03	0.22411
3412.07	0.22512
3411.1	0.2262
3410.14	0.22719
3409.17	0.22811
3408.21	0.22908
3407.25	0.23004
3406.28	0.23098
3405.32	0.2319
3404.35	0.23281
3403.39	0.23374
3402.42	0.23462
3401.46	0.23549
3400.49	0.23638
3399.53	0.23725
3398.57	0.23813
3397.6	0.23896
3396.64	0.23974
3395.67	0.24058
3394.71	0.2414
3393.74	0.24217
3392.78	0.24293
3391.81	0.24369
3390.85	0.2445
3389.89	0.24528
3388.92	0.24598
3387.96	0.24669
3386.99	0.24738
3386.03	0.24809
3385.06	0.24881
3384.1	0.24946
3383.14	0.25014
3382.17	0.25083
3381.21	0.25151
3380.24	0.25216
3379.28	0.25278
3378.31	0.25344
3377.35	0.25408
3376.38	0.25469
3375.42	0.2553
3374.46	0.25589
3373.49	0.25645
3372.53	0.25709
3371.56	0.25772
3370.6	0.25829
3369.63	0.25888
3368.67	0.25943
3367.7	0.25997
3366.74	0.26047
3365.78	0.26095
3364.81	0.26151
3363.85	0.26205
3362.88	0.26256
3361.92	0.26309
3360.95	0.26358
3359.99	0.26407
3359.03	0.2646
3358.06	0.26511
3357.1	0.26561
3356.13	0.26606
3355.17	0.26652
3354.2	0.26702
3353.24	0.26754
3352.27	0.26803
3351.31	0.26848
3350.35	0.26895
3349.38	0.2694
3348.42	0.26982
3347.45	0.27029
3346.49	0.27075
3345.52	0.27118
3344.56	0.27162
3343.59	0.27208
3342.63	0.27252
3341.67	0.27293
3340.7	0.27339
3339.74	0.27383
3338.77	0.27428
3337.81	0.2747
3336.84	0.27506
3335.88	0.27548
3334.92	0.27593
3333.95	0.27631
3332.99	0.27668
3332.02	0.27709
3331.06	0.27751
3330.09	0.2779
3329.13	0.27827
3328.16	0.27865
3327.2	0.27903
3326.24	0.2794
3325.27	0.27979
3324.31	0.28014
3323.34	0.28049
3322.38	0.28085
3321.41	0.28119
3320.45	0.28154
3319.48	0.28184
3318.52	0.28212
3317.56	0.28246
3316.59	0.28278
3315.63	0.28305
3314.66	0.28332
3313.7	0.28363
3312.73	0.28385
3311.77	0.28407
3310.8	0.28435
3309.84	0.28461
3308.88	0.28485
3307.91	0.28506
3306.95	0.28528
3305.98	0.28545
3305.02	0.2856
3304.05	0.28581
3303.09	0.286
3302.13	0.28612
3301.16	0.28624
3300.2	0.28635
3299.23	0.28642
3298.27	0.28654
3297.3	0.28663
3296.34	0.28668
3295.37	0.28676
3294.41	0.28679
3293.45	0.28678
3292.48	0.28678
3291.52	0.28675
3290.55	0.28671
3289.59	0.28671
3288.62	0.28667
3287.66	0.28658
3286.69	0.28652
3285.73	0.28643
3284.77	0.28629
3283.8	0.28615
3282.84	0.28603
3281.87	0.2859
3280.91	0.28573
3279.94	0.28556
3278.98	0.28539
3278.02	0.28521
3277.05	0.28501
3276.09	0.28477
3275.12	0.28452
3274.16	0.28424
3273.19	0.28393
3272.23	0.28363
3271.26	0.28335
3270.3	0.28307
3269.34	0.28274
3268.37	0.28236
3267.41	0.28196
3266.44	0.28157
3265.48	0.28122
3264.51	0.28088
3263.55	0.28049
3262.58	0.28009
3261.62	0.27969
3260.66	0.27923
3259.69	0.27876
3258.73	0.27828
3257.76	0.2778
3256.8	0.27732
3255.83	0.27677
3254.87	0.27624
3253.9	0.27574
3252.94	0.2752
3251.98	0.27465
3251.01	0.27407
3250.05	0.27347
3249.08	0.2729
3248.12	0.27232
3247.15	0.27169
3246.19	0.27102
3245.23	0.27039
3244.26	0.2698
3243.3	0.26913
3242.33	0.26841
3241.37	0.26774
3240.4	0.26707
3239.44	0.26636
3238.47	0.26562
3237.51	0.2649
3236.55	0.26414
3235.58	0.26333
3234.62	0.26256
3233.65	0.26182
3232.69	0.26102
3231.72	0.26017
3230.76	0.25934
3229.79	0.2585
3228.83	0.25766
3227.87	0.25682
3226.9	0.25595
3225.94	0.25505
3224.97	0.25415
3224.01	0.25324
3223.04	0.2523
3222.08	0.25134
3221.11	0.25039
3220.15	0.24944
3219.19	0.24847
3218.22	0.24744
3217.26	0.2464
3216.29	0.24542
3215.33	0.24442
3214.36	0.24341
3213.4	0.24242
3212.44	0.24135
3211.47	0.24027
3210.51	0.23922
3209.54	0.23811
3208.58	0.23699
3207.61	0.23594
3206.65	0.23482
3205.68	0.23368
3204.72	0.23257
3203.76	0.23143
3202.79	0.23026
3201.83	0.2291
3200.86	0.22796
3199.9	0.22677
3198.93	0.22558
3197.97	0.22442
3197	0.2232
3196.04	0.22197
3195.08	0.22081
3194.11	0.21964
3193.15	0.21844
3192.18	0.21722
3191.22	0.21596
3190.25	0.2147
3189.29	0.21345
3188.33	0.21219
3187.36	0.21097
3186.4	0.20973
3185.43	0.20846
3184.47	0.20719
3183.5	0.20595
3182.54	0.2047
3181.57	0.2034
3180.61	0.20209
3179.65	0.2008
3178.68	0.19952
3177.72	0.19822
3176.75	0.19697
3175.79	0.19567
3174.82	0.19438
3173.86	0.19311
3172.89	0.19179
3171.93	0.19049
3170.97	0.18918
3170	0.18787
3169.04	0.18657
3168.07	0.18529
3167.11	0.18397
3166.14	0.18262
3165.18	0.18131
3164.22	0.18001
3163.25	0.1787
3162.29	0.17736
3161.32	0.17602
3160.36	0.17468
3159.39	0.17336
3158.43	0.17208
3157.46	0.17075
3156.5	0.16941
3155.54	0.1681
3154.57	0.16676
3153.61	0.16545
3152.64	0.16414
3151.68	0.1628
3150.71	0.16148
3149.75	0.16016
3148.78	0.15884
3147.82	0.15751
3146.86	0.1562
3145.89	0.15492
3144.93	0.15361
3143.96	0.15229
3143	0.151
3142.03	0.14969
3141.07	0.14838
3140.1	0.14707
3139.14	0.14576
3138.18	0.14447
3137.21	0.14321
3136.25	0.14194
3135.28	0.14064
3134.32	0.13935
3133.35	0.13806
3132.39	0.13677
3131.43	0.13548
3130.46	0.13421
3129.5	0.13294
3128.53	0.13165
3127.57	0.1304
3126.6	0.12912
3125.64	0.12784
3124.67	0.12661
3123.71	0.12533
3122.75	0.12408
3121.78	0.12286
3120.82	0.12161
3119.85	0.12039
3118.89	0.11917
3117.92	0.11794
3116.96	0.11669
3115.99	0.11542
3115.03	0.11421
3114.07	0.11301
3113.1	0.11175
3112.14	0.11049
3111.17	0.10928
3110.21	0.10807
3109.24	0.10685
3108.28	0.10563
3107.32	0.10441
3106.35	0.10321
3105.39	0.10202
3104.42	0.10083
3103.46	0.09965
3102.49	0.09846
3101.53	0.09727
3100.56	0.09606
3099.6	0.09491
3098.64	0.09378
3097.67	0.09259
3096.71	0.09143
3095.74	0.09028
3094.78	0.08912
3093.81	0.08797
3092.85	0.08684
3091.88	0.08572
3090.92	0.0846
3089.96	0.08348
3088.99	0.08236
3088.03	0.08124
3087.06	0.08015
3086.1	0.07907
3085.13	0.07797
3084.17	0.07689
3083.21	0.07582
3082.24	0.07474
3081.28	0.07369
3080.31	0.07265
3079.35	0.0716
3078.38	0.07056
3077.42	0.06955
3076.45	0.06852
3075.49	0.06752
3074.53	0.06653
3073.56	0.06553
3072.6	0.06455
3071.63	0.06356
3070.67	0.06261
3069.7	0.06164
3068.74	0.06068
3067.77	0.05974
3066.81	0.0588
3065.85	0.05788
3064.88	0.05697
3063.92	0.05608
3062.95	0.0552
3061.99	0.05433
3061.02	0.05344
3060.06	0.05261
3059.09	0.0518
3058.13	0.05095
3057.17	0.05012
3056.2	0.04931
3055.24	0.04852
3054.27	0.04771
3053.31	0.04692
3052.34	0.04614
3051.38	0.04533
3050.42	0.04457
3049.45	0.04383
3048.49	0.04308
3047.52	0.04236
3046.56	0.04163
3045.59	0.04091
3044.63	0.04024
3043.66	0.03956
3042.7	0.0389
3041.74	0.03828
3040.77	0.03763
3039.81	0.03697
3038.84	0.03636
3037.88	0.03574
3036.91	0.03513
3035.95	0.03453
3034.98	0.03394
3034.02	0.03337
3033.06	0.03279
3032.09	0.03225
3031.13	0.03178
3030.16	0.03127
3029.2	0.03076
3028.23	0.03029
3027.27	0.02982
3026.31	0.02937
3025.34	0.02895
3024.38	0.0285
3023.41	0.0281
3022.45	0.02774
3021.48	0.02739
3020.52	0.02703
3019.55	0.02668
3018.59	0.0264
3017.63	0.02612
3016.66	0.02584
3015.7	0.02559
3014.73	0.02539
3013.77	0.0252
3012.8	0.02499
3011.84	0.02481
3010.87	0.02466
3009.91	0.02452
3008.95	0.02438
3007.98	0.02428
3007.02	0.02416
3006.05	0.02407
3005.09	0.02402
3004.12	0.02394
3003.16	0.02387
3002.2	0.0238
3001.23	0.02371
3000.27	0.02364
2999.3	0.02359
2998.34	0.02352
2997.37	0.02341
2996.41	0.02328
2995.44	0.0231
2994.48	0.02291
2993.52	0.02271
2992.55	0.02248
2991.59	0.02221
2990.62	0.02191
2989.66	0.02162
2988.69	0.02134
2987.73	0.02105
2986.76	0.02077
2985.8	0.02051
2984.84	0.02027
2983.87	0.02008
2982.91	0.01993
2981.94	0.0198
2980.98	0.01967
2980.01	0.01956
2979.05	0.01949
2978.08	0.01941
2977.12	0.01936
2976.16	0.01931
2975.19	0.01925
2974.23	0.01921
2973.26	0.01916
2972.3	0.01912
2971.33	0.01908
2970.37	0.019
2969.41	0.01894
2968.44	0.01892
2967.48	0.01887
2966.51	0.0188
2965.55	0.01872
2964.58	0.01861
2963.62	0.0185
2962.65	0.01837
2961.69	0.01817
2960.73	0.01794
2959.76	0.01771
2958.8	0.01741
2957.83	0.01703
2956.87	0.01664
2955.9	0.01622
2954.94	0.0158
2953.97	0.01539
2953.01	0.01496
2952.05	0.01458
2951.08	0.01426
2950.12	0.014
2949.15	0.01382
2948.19	0.01372
2947.22	0.01373
2946.26	0.01383
2945.3	0.01401
2944.33	0.01423
2943.37	0.0145
2942.4	0.01478
2941.44	0.01506
2940.47	0.01533
2939.51	0.01552
2938.54	0.01562
2937.58	0.01564
2936.62	0.01556
2935.65	0.01538
2934.69	0.01512
2933.72	0.01478
2932.76	0.0144
2931.79	0.01397
2930.83	0.01352
2929.86	0.01308
2928.9	0.01266
2927.94	0.01232
2926.97	0.01203
2926.01	0.01173
2925.04	0.0115
2924.08	0.0114
2923.11	0.01136
2922.15	0.01137
2921.18	0.01141
2920.22	0.01147
2919.26	0.01153
2918.29	0.01157
2917.33	0.0116
2916.36	0.0116
2915.4	0.01157
2914.43	0.0115
2913.47	0.01141
2912.51	0.01127
2911.54	0.0111
2910.58	0.01094
2909.61	0.01076
2908.65	0.01058
2907.68	0.01045
2906.72	0.01027
2905.75	0.01007
2904.79	0.0099
2903.83	0.00973
2902.86	0.00957
2901.9	0.00941
2900.93	0.00925
2899.97	0.00912
2899	0.00897
2898.04	0.00885
2897.07	0.00874
2896.11	0.00864
2895.15	0.00856
2894.18	0.00848
2893.22	0.00839
2892.25	0.00833
2891.29	0.00826
2890.32	0.00819
2889.36	0.00814
2888.4	0.00813
2887.43	0.00811
2886.47	0.00807
2885.5	0.00805
2884.54	0.00804
2883.57	0.00805
2882.61	0.00807
2881.64	0.0081
2880.68	0.00814
2879.72	0.00817
2878.75	0.00823
2877.79	0.00828
2876.82	0.00832
2875.86	0.0084
2874.89	0.0085
2873.93	0.00861
2872.96	0.00871
2872	0.00881
2871.04	0.00891
2870.07	0.00904
2869.11	0.00915
2868.14	0.00928
2867.18	0.00935
2866.21	0.00943
2865.25	0.00957
2864.28	0.00966
2863.32	0.00975
2862.36	0.00985
2861.39	0.00993
2860.43	0.01002
2859.46	0.01012
2858.5	0.01019
2857.53	0.01027
2856.57	0.01034
2855.61	0.01038
2854.64	0.01043
2853.68	0.01051
2852.71	0.01059
2851.75	0.01064
2850.78	0.01068
2849.82	0.01075
2848.85	0.01083
2847.89	0.0109
2846.93	0.01099
2845.96	0.01111
2845	0.01127
2844.03	0.01149
2843.07	0.01178
2842.1	0.01212
2841.14	0.01253
2840.17	0.01303
2839.21	0.01355
2838.25	0.01405
2837.28	0.01452
2836.32	0.01493
2835.35	0.01524
2834.39	0.01544
2833.42	0.01548
2832.46	0.01542
2831.5	0.01525
2830.53	0.01495
2829.57	0.01456
2828.6	0.01408
2827.64	0.01359
2826.67	0.01312
2825.71	0.0126
2824.74	0.0121
2823.78	0.01163
2822.82	0.01117
2821.85	0.01073
2820.89	0.01031
2819.92	0.00991
2818.96	0.00954
2817.99	0.0092
2817.03	0.00888
2816.06	0.00858
2815.1	0.0083
2814.14	0.00802
2813.17	0.00774
2812.21	0.00746
2811.24	0.0072
2810.28	0.00696
2809.31	0.0067
2808.35	0.00646
2807.39	0.00624
2806.42	0.00601
2805.46	0.00578
2804.49	0.00559
2803.53	0.00541
2802.56	0.0052
2801.6	0.00501
2800.63	0.00483
2799.67	0.00466
2798.71	0.00449
2797.74	0.00432
2796.78	0.00411
2795.81	0.00394
2794.85	0.00384
2793.88	0.00371
2792.92	0.00357
2791.95	0.00341
2790.99	0.00326
2790.03	0.00314
2789.06	0.00303
2788.1	0.00292
2787.13	0.0028
2786.17	0.00267
2785.2	0.00256
2784.24	0.00247
2783.27	0.00237
2782.31	0.00228
2781.35	0.00221
2780.38	0.00215
2779.42	0.00207
2778.45	0.00199
2777.49	0.00192
2776.52	0.00183
2775.56	0.00172
2774.6	0.00163
2773.63	0.00157
2772.67	0.00151
2771.7	0.00148
2770.74	0.00143
2769.77	0.00138
2768.81	0.00134
2767.84	0.00131
2766.88	0.00128
2765.92	0.00123
2764.95	0.00119
2763.99	0.00114
2763.02	0.00111
2762.06	0.00112
2761.09	0.00103
2760.13	9.51959E-4
2759.16	0.00102
2758.2	0.00107
2757.24	9.16859E-4
2756.27	6.97159E-4
2755.31	6.47959E-4
2754.34	7.33259E-4
2753.38	7.51059E-4
2752.41	5.88659E-4
2751.45	4.56059E-4
2750.49	4.16159E-4
2749.52	3.62159E-4
2748.56	4.11459E-4
2747.59	5.57759E-4
2746.63	6.02459E-4
2745.66	6.18859E-4
2744.7	6.53359E-4
2743.73	5.47459E-4
2742.77	4.22759E-4
2741.81	3.49059E-4
2740.84	3.28859E-4
2739.88	3.49159E-4
2738.91	3.64259E-4
2737.95	4.11159E-4
2736.98	4.41259E-4
2736.02	4.30559E-4
2735.05	3.80159E-4
2734.09	3.25059E-4
2733.13	3.34859E-4
2732.16	3.41359E-4
2731.2	3.14959E-4
2730.23	2.92959E-4
2729.27	2.79059E-4
2728.3	2.61759E-4
2727.34	2.65959E-4
2726.38	2.83159E-4
2725.41	2.77359E-4
2724.45	2.55059E-4
2723.48	2.53959E-4
2722.52	2.68459E-4
2721.55	2.61159E-4
2720.59	2.63659E-4
2719.62	3.03959E-4
2718.66	3.00859E-4
2717.7	2.77695E-4
2716.73	2.86435E-4
2715.77	2.76391E-4
2714.8	2.61431E-4
2713.84	2.49587E-4
2712.87	2.18627E-4
2711.91	2.09483E-4
2710.94	1.91623E-4
2709.98	1.64279E-4
2709.02	1.69135E-4
2708.05	1.67275E-4
2707.09	1.53931E-4
2706.12	1.34671E-4
2705.16	1.19427E-4
2704.19	1.26467E-4
2703.23	1.20823E-4
2702.26	9.79629E-5
2701.3	9.2719E-5
2700.34	8.39751E-5
2699.37	6.3915E-5
2698.41	4.31711E-5
2697.44	3.63111E-5
2696.48	5.60671E-5
2695.51	4.43071E-5
2694.55	2.19632E-5
2693.59	2.10192E-5
2692.62	7.05922E-6
2691.66	-2.48472E-6
2690.69	5.65526E-6
2689.73	4.21132E-6
2688.76	-9.487E-7
2687.8	-5.19264E-6
2686.83	-1.31527E-5
2685.87	-2.11966E-5
2684.91	-2.56405E-5
2683.94	-1.86006E-5
2682.98	-1.37445E-5
2682.01	-2.32045E-5
2681.05	-4.50485E-5
2680.08	-3.54085E-5
2679.12	-3.38524E-5
2678.15	-4.89124E-5
2677.19	-4.95564E-5
2676.23	-4.91003E-5
2675.26	-5.96603E-5
2674.3	-6.65043E-5
2673.33	-5.26643E-5
2672.37	-4.52082E-5
2671.4	-3.71682E-5
2670.44	-5.21122E-5
2669.48	-8.19561E-5
2668.51	-8.28161E-5
2667.55	-5.91601E-5
2666.58	-5.38201E-5
2665.62	-6.9864E-5
2664.65	-5.86241E-5
2663.69	-4.3468E-5
2662.72	-6.1728E-5
2661.76	-6.5272E-5
2660.8	-6.53159E-5
2659.83	-6.61759E-5
2658.87	-5.39199E-5
2657.9	-5.42799E-5
2656.94	-4.47238E-5
2655.97	-3.36838E-5
2655.01	-2.42278E-5
2654.04	-1.95878E-5
2653.08	-2.33317E-5
2652.12	-8.07567E-6
2651.15	1.02643E-5
2650.19	1.58204E-5
2649.22	2.06603E-5
2648.26	1.11164E-5
2647.29	1.45639E-6
2646.33	1.46124E-5
2645.36	4.81524E-5
2644.4	6.16085E-5
2643.44	6.85646E-5
2642.47	7.65045E-5
2641.51	7.70606E-5
2640.54	1.18801E-4
2639.58	1.57757E-4
2638.61	1.63097E-4
2637.65	1.76353E-4
2636.69	2.06109E-4
2635.72	2.40949E-4
2634.76	2.59205E-4
2633.79	2.80945E-4
2632.83	3.09601E-4
2631.86	3.23441E-4
2630.9	3.58697E-4
2629.93	3.81737E-4
2628.97	4.27993E-4
2628.01	4.81549E-4
2627.04	5.15389E-4
2626.08	5.68945E-4
2625.11	6.27085E-4
2624.15	6.90841E-4
2623.18	7.25181E-4
2622.22	7.49237E-4
2621.25	7.83877E-4
2620.29	8.34533E-4
2619.33	9.06289E-4
2618.36	9.41029E-4
2617.4	9.53985E-4
2616.43	9.77425E-4
2615.47	9.91081E-4
2614.5	0.001
2613.54	0.00105
2612.58	0.00112
2611.61	0.00114
2610.65	0.00114
2609.68	0.00119
2608.72	0.00123
2607.75	0.00124
2606.79	0.00126
2605.82	0.00127
2604.86	0.00129
2603.9	0.0013
2602.93	0.00131
2601.97	0.00133
2601	0.00135
2600.04	0.00136
2599.07	0.00136
2598.11	0.00134
2597.14	0.00131
2596.18	0.00131
2595.22	0.00131
2594.25	0.00131
2593.29	0.0013
2592.32	0.00128
2591.36	0.00128
2590.39	0.00126
2589.43	0.00125
2588.46	0.00125
2587.5	0.00124
2586.54	0.00124
2585.57	0.00125
2584.61	0.00125
2583.64	0.00127
2582.68	0.00127
2581.71	0.0013
2580.75	0.00132
2579.79	0.00134
2578.82	0.00136
2577.86	0.00138
2576.89	0.00142
2575.93	0.00145
2574.96	0.00148
2574	0.00149
2573.03	0.00152
2572.07	0.00156
2571.11	0.00157
2570.14	0.0016
2569.18	0.00164
2568.21	0.00166
2567.25	0.0017
2566.28	0.00171
2565.32	0.00171
2564.35	0.00173
2563.39	0.00176
2562.43	0.0018
2561.46	0.00183
2560.5	0.00185
2559.53	0.00187
2558.57	0.00189
2557.6	0.00195
2556.64	0.00197
2555.68	0.00199
2554.71	0.00201
2553.75	0.00205
2552.78	0.00208
2551.82	0.0021
2550.85	0.00212
2549.89	0.00216
2548.92	0.00219
2547.96	0.0022
2547	0.00224
2546.03	0.00226
2545.07	0.00227
2544.1	0.0023
2543.14	0.00231
2542.17	0.00233
2541.21	0.00233
2540.24	0.00231
2539.28	0.0023
2538.32	0.0023
2537.35	0.00229
2536.39	0.00227
2535.42	0.00226
2534.46	0.00225
2533.49	0.00225
2532.53	0.00223
2531.56	0.00221
2530.6	0.00218
2529.64	0.00216
2528.67	0.00215
2527.71	0.00213
2526.74	0.00211
2525.78	0.00209
2524.81	0.00206
2523.85	0.00202
2522.89	0.002
2521.92	0.00198
2520.96	0.00195
2519.99	0.00193
2519.03	0.00191
2518.06	0.00188
2517.1	0.00185
2516.13	0.00184
2515.17	0.00182
2514.21	0.00179
2513.24	0.00177
2512.28	0.00176
2511.31	0.00174
2510.35	0.00172
2509.38	0.00172
2508.42	0.00169
2507.45	0.00167
2506.49	0.00167
2505.53	0.00166
2504.56	0.00165
2503.6	0.00163
2502.63	0.00162
2501.67	0.00162
2500.7	0.00161
2499.74	0.00161
2498.78	0.0016
2497.81	0.0016
2496.85	0.0016
2495.88	0.00162
2494.92	0.00163
2493.95	0.0016
2492.99	0.0016
2492.02	0.00161
2491.06	0.00163
2490.1	0.00165
2489.13	0.00166
2488.17	0.00167
2487.2	0.00166
2486.24	0.00165
2485.27	0.00167
2484.31	0.00169
2483.34	0.00172
2482.38	0.00174
2481.42	0.00175
2480.45	0.00174
2479.49	0.00174
2478.52	0.00177
2477.56	0.00182
2476.59	0.00186
2475.63	0.00188
2474.67	0.00188
2473.7	0.0019
2472.74	0.00193
2471.77	0.00197
2470.81	0.002
2469.84	0.00202
2468.88	0.00205
2467.91	0.00211
2466.95	0.00215
2465.99	0.00218
2465.02	0.00221
2464.06	0.00224
2463.09	0.00228
2462.13	0.00231
2461.16	0.00234
2460.2	0.00239
2459.23	0.00243
2458.27	0.00247
2457.31	0.00252
2456.34	0.00255
2455.38	0.00258
2454.41	0.00264
2453.45	0.00267
2452.48	0.00268
2451.52	0.00273
2450.55	0.00277
2449.59	0.00281
2448.63	0.00285
2447.66	0.00289
2446.7	0.00292
2445.73	0.00294
2444.77	0.00298
2443.8	0.00301
2442.84	0.00305
2441.88	0.00309
2440.91	0.00312
2439.95	0.00316
2438.98	0.0032
2438.02	0.00322
2437.05	0.00326
2436.09	0.00331
2435.12	0.00333
2434.16	0.00338
2433.2	0.00342
2432.23	0.00345
2431.27	0.0035
2430.3	0.00353
2429.34	0.00358
2428.37	0.00361
2427.41	0.00362
2426.44	0.00366
2425.48	0.00369
2424.52	0.00371
2423.55	0.00375
2422.59	0.00379
2421.62	0.00384
2420.66	0.00387
2419.69	0.00389
2418.73	0.00391
2417.77	0.00395
2416.8	0.004
2415.84	0.00404
2414.87	0.00409
2413.91	0.00412
2412.94	0.00416
2411.98	0.00421
2411.01	0.00427
2410.05	0.00434
2409.09	0.0044
2408.12	0.00445
2407.16	0.00452
2406.19	0.00457
2405.23	0.00463
2404.26	0.0047
2403.3	0.00476
2402.33	0.00484
2401.37	0.00493
2400.41	0.005
2399.44	0.00507
2398.48	0.00512
2397.51	0.00519
2396.55	0.00529
2395.58	0.00538
2394.62	0.00546
2393.66	0.00556
2392.69	0.00566
2391.73	0.00576
2390.76	0.00586
2389.8	0.00597
2388.83	0.00608
2387.87	0.00621
2386.9	0.00637
2385.94	0.00652
2384.98	0.00667
2384.01	0.00687
2383.05	0.00707
2382.08	0.00727
2381.12	0.00749
2380.15	0.00773
2379.19	0.00798
2378.22	0.00824
2377.26	0.00852
2376.3	0.00884
2375.33	0.0092
2374.37	0.00957
2373.4	0.00998
2372.44	0.01046
2371.47	0.01101
2370.51	0.0117
2369.54	0.01256
2368.58	0.01376
2367.62	0.01554
2366.65	0.01815
2365.69	0.02203
2364.72	0.02771
2363.76	0.0356
2362.79	0.04588
2361.83	0.05852
2360.87	0.07317
2359.9	0.08923
2358.94	0.1062
2357.97	0.12367
2357.01	0.14143
2356.04	0.1594
2355.08	0.17764
2354.11	0.19626
2353.15	0.2154
2352.19	0.23512
2351.22	0.2555
2350.26	0.27649
2349.29	0.29801
2348.33	0.31989
2347.36	0.34182
2346.4	0.36319
2345.43	0.38316
2344.47	0.40046
2343.51	0.41382
2342.54	0.42158
2341.58	0.42221
2340.61	0.41407
2339.65	0.39613
2338.68	0.36847
2337.72	0.33317
2336.76	0.29357
2335.79	0.25239
2334.83	0.2106
2333.86	0.16883
2332.9	0.12882
2331.93	0.09313
2330.97	0.06432
2330	0.04349
2329.04	0.0302
2328.08	0.02252
2327.11	0.01836
2326.15	0.01597
2325.18	0.01433
2324.22	0.01291
2323.25	0.01149
2322.29	0.01005
2321.32	0.00873
2320.36	0.00768
2319.4	0.00696
2318.43	0.00648
2317.47	0.00614
2316.5	0.00592
2315.54	0.00574
2314.57	0.00555
2313.61	0.00539
2312.65	0.00528
2311.68	0.00516
2310.72	0.00504
2309.75	0.00493
2308.79	0.00482
2307.82	0.00473
2306.86	0.00467
2305.89	0.00458
2304.93	0.00449
2303.97	0.00444
2303	0.00439
2302.04	0.00435
2301.07	0.0043
2300.11	0.00424
2299.14	0.0042
2298.18	0.00416
2297.21	0.00416
2296.25	0.00417
2295.29	0.00416
2294.32	0.00416
2293.36	0.00417
2292.39	0.00421
2291.43	0.00425
2290.46	0.00429
2289.5	0.00438
2288.53	0.00449
2287.57	0.00471
2286.61	0.00503
2285.64	0.0055
2284.68	0.00618
2283.71	0.00713
2282.75	0.00839
2281.78	0.00993
2280.82	0.01162
2279.86	0.01324
2278.89	0.0145
2277.93	0.01503
2276.96	0.01462
2276	0.01331
2275.03	0.01132
2274.07	0.00913
2273.1	0.00731
2272.14	0.0061
2271.18	0.00544
2270.21	0.00513
2269.25	0.005
2268.28	0.00494
2267.32	0.00492
2266.35	0.00492
2265.39	0.00495
2264.42	0.00499
2263.46	0.00503
2262.5	0.00509
2261.53	0.00516
2260.57	0.00521
2259.6	0.00523
2258.64	0.00527
2257.67	0.00531
2256.71	0.00533
2255.74	0.00536
2254.78	0.00541
2253.82	0.00545
2252.85	0.00548
2251.89	0.00551
2250.92	0.00552
2249.96	0.00554
2248.99	0.00557
2248.03	0.00562
2247.07	0.00564
2246.1	0.00566
2245.14	0.00569
2244.17	0.0057
2243.21	0.00573
2242.24	0.00573
2241.28	0.00572
2240.31	0.00573
2239.35	0.00577
2238.39	0.00581
2237.42	0.00582
2236.46	0.00586
2235.49	0.00588
2234.53	0.00591
2233.56	0.00591
2232.6	0.00591
2231.63	0.00593
2230.67	0.00593
2229.71	0.00594
2228.74	0.00596
2227.78	0.00597
2226.81	0.00597
2225.85	0.00599
2224.88	0.00602
2223.92	0.00603
2222.96	0.00602
2221.99	0.00601
2221.03	0.00602
2220.06	0.00604
2219.1	0.00604
2218.13	0.00603
2217.17	0.00603
2216.2	0.00604
2215.24	0.00605
2214.28	0.00606
2213.31	0.00607
2212.35	0.00608
2211.38	0.00608
2210.42	0.00608
2209.45	0.0061
2208.49	0.00611
2207.52	0.00611
2206.56	0.0061
2205.6	0.00609
2204.63	0.00609
2203.67	0.0061
2202.7	0.00612
2201.74	0.00614
2200.77	0.00614
2199.81	0.00613
2198.84	0.00614
2197.88	0.00614
2196.92	0.00612
2195.95	0.00612
2194.99	0.00612
2194.02	0.00611
2193.06	0.0061
2192.09	0.00608
2191.13	0.00606
2190.17	0.00607
2189.2	0.00606
2188.24	0.00606
2187.27	0.00606
2186.31	0.00603
2185.34	0.00601
2184.38	0.00599
2183.41	0.00598
2182.45	0.00597
2181.49	0.00596
2180.52	0.00594
2179.56	0.00591
2178.59	0.0059
2177.63	0.00589
2176.66	0.00589
2175.7	0.00586
2174.73	0.00583
2173.77	0.0058
2172.81	0.00577
2171.84	0.00574
2170.88	0.00572
2169.91	0.00568
2168.95	0.00566
2167.98	0.00565
2167.02	0.00561
2166.06	0.00557
2165.09	0.00554
2164.13	0.00552
2163.16	0.00551
2162.2	0.00545
2161.23	0.00541
2160.27	0.00538
2159.3	0.00535
2158.34	0.00531
2157.38	0.00528
2156.41	0.00524
2155.45	0.00519
2154.48	0.00516
2153.52	0.00513
2152.55	0.00509
2151.59	0.00505
2150.62	0.00501
2149.66	0.00498
2148.7	0.00492
2147.73	0.00487
2146.77	0.00482
2145.8	0.00479
2144.84	0.00475
2143.87	0.00471
2142.91	0.00468
2141.95	0.00463
2140.98	0.00459
2140.02	0.00455
2139.05	0.00451
2138.09	0.00444
2137.12	0.00441
2136.16	0.00437
2135.19	0.00432
2134.23	0.00428
2133.27	0.00423
2132.3	0.00416
2131.34	0.00412
2130.37	0.0041
2129.41	0.00407
2128.44	0.00401
2127.48	0.00397
2126.51	0.00392
2125.55	0.00389
2124.59	0.00387
2123.62	0.0038
2122.66	0.00375
2121.69	0.00372
2120.73	0.00367
2119.76	0.00362
2118.8	0.00358
2117.83	0.00353
2116.87	0.00349
2115.91	0.00345
2114.94	0.0034
2113.98	0.00337
2113.01	0.00333
2112.05	0.00329
2111.08	0.00324
2110.12	0.00319
2109.16	0.00316
2108.19	0.00314
2107.23	0.00309
2106.26	0.00304
2105.3	0.003
2104.33	0.00298
2103.37	0.00294
2102.4	0.00289
2101.44	0.00286
2100.48	0.00283
2099.51	0.00278
2098.55	0.00274
2097.58	0.00271
2096.62	0.00269
2095.65	0.00267
2094.69	0.00262
2093.72	0.00258
2092.76	0.00255
2091.8	0.00252
2090.83	0.00249
2089.87	0.00245
2088.9	0.00241
2087.94	0.00239
2086.97	0.00237
2086.01	0.00234
2085.05	0.0023
2084.08	0.00227
2083.12	0.00225
2082.15	0.00222
2081.19	0.00219
2080.22	0.00218
2079.26	0.00216
2078.29	0.00214
2077.33	0.00209
2076.37	0.00205
2075.4	0.00203
2074.44	0.00199
2073.47	0.00197
2072.51	0.00197
2071.54	0.00195
2070.58	0.00192
2069.61	0.00191
2068.65	0.00188
2067.69	0.00185
2066.72	0.00182
2065.76	0.00178
2064.79	0.00177
2063.83	0.00176
2062.86	0.00175
2061.9	0.00174
2060.94	0.00171
2059.97	0.00168
2059.01	0.00167
2058.04	0.00166
2057.08	0.00165
2056.11	0.00163
2055.15	0.00161
2054.18	0.00159
2053.22	0.00157
2052.26	0.00155
2051.29	0.00153
2050.33	0.00152
2049.36	0.00152
2048.4	0.00149
2047.43	0.00148
2046.47	0.00148
2045.5	0.00148
2044.54	0.00145
2043.58	0.00142
2042.61	0.0014
2041.65	0.00138
2040.68	0.00138
2039.72	0.00137
2038.75	0.00134
2037.79	0.00132
2036.82	0.00131
2035.86	0.0013
2034.9	0.00129
2033.93	0.00128
2032.97	0.00128
2032	0.00126
2031.04	0.00126
2030.07	0.00124
2029.11	0.00122
2028.15	0.00123
2027.18	0.00122
2026.22	0.00118
2025.25	0.00117
2024.29	0.00117
2023.32	0.00114
2022.36	0.00114
2021.39	0.00112
2020.43	0.0011
2019.47	0.00109
2018.5	0.00107
2017.54	0.00105
2016.57	0.00102
2015.61	0.001
2014.64	0.001
2013.68	9.94733E-4
2012.71	9.66222E-4
2011.75	9.49823E-4
2010.79	9.31125E-4
2009.82	9.18014E-4
2008.86	8.96115E-4
2007.89	8.72004E-4
2006.93	8.43305E-4
2005.96	8.21794E-4
2005	8.00695E-4
2004.04	7.58696E-4
2003.07	7.48785E-4
2002.11	7.39686E-4
2001.14	7.09475E-4
2000.18	6.87877E-4
1999.21	6.58065E-4
1998.25	6.22267E-4
1997.28	5.97855E-4
1996.32	5.87457E-4
1995.36	5.72058E-4
1994.39	5.52147E-4
1993.43	5.30248E-4
1992.46	4.95537E-4
1991.5	4.62438E-4
1990.53	4.58127E-4
1989.57	4.51228E-4
1988.6	4.25417E-4
1987.64	4.11618E-4
1986.68	3.7702E-4
1985.71	3.52608E-4
1984.75	3.5641E-4
1983.78	3.51699E-4
1982.82	3.397E-4
1981.85	3.18989E-4
1980.89	3.0359E-4
1979.92	2.97379E-4
1978.96	2.9148E-4
1978	2.91081E-4
1977.03	2.7997E-4
1976.07	2.64671E-4
1975.1	2.6266E-4
1974.14	2.53861E-4
1973.17	2.5145E-4
1972.21	2.59052E-4
1971.25	2.45153E-4
1970.28	2.21842E-4
1969.32	2.38243E-4
1968.35	2.45832E-4
1967.39	2.31533E-4
1966.42	2.31022E-4
1965.46	2.39423E-4
1964.49	2.29812E-4
1963.53	2.26713E-4
1962.57	2.40415E-4
1961.6	2.30503E-4
1960.64	2.38905E-4
1959.67	2.38993E-4
1958.71	2.37195E-4
1957.74	2.51184E-4
1956.78	2.51985E-4
1955.81	2.45474E-4
1954.85	2.41175E-4
1953.89	2.40176E-4
1952.92	2.34765E-4
1951.96	2.38366E-4
1950.99	2.52155E-4
1950.03	2.46956E-4
1949.06	2.42445E-4
1948.1	2.45146E-4
1947.14	2.33148E-4
1946.17	2.46937E-4
1945.21	2.58538E-4
1944.24	2.51827E-4
1943.28	2.50528E-4
1942.31	2.56017E-4
1941.35	2.76018E-4
1940.38	2.95207E-4
1939.42	2.95008E-4
1938.46	2.90909E-4
1937.49	3.05198E-4
1936.53	3.06299E-4
1935.56	3.05488E-4
1934.6	3.10532E-4
1933.63	3.07104E-4
1932.67	3.07368E-4
1931.7	2.8804E-4
1930.74	2.91304E-4
1929.78	2.99869E-4
1928.81	2.8744E-4
1927.85	2.90505E-4
1926.88	2.88376E-4
1925.92	2.95441E-4
1924.95	2.95812E-4
1923.99	2.74577E-4
1923.03	2.57342E-4
1922.06	2.61813E-4
1921.1	2.77078E-4
1920.13	2.81349E-4
1919.17	2.77914E-4
1918.2	2.80585E-4
1917.24	2.7375E-4
1916.27	2.77121E-4
1915.31	2.92486E-4
1914.35	2.8485E-4
1913.38	2.76822E-4
1912.42	2.76186E-4
1911.45	2.77158E-4
1910.49	2.96122E-4
1909.52	3.03194E-4
1908.56	2.86558E-4
1907.59	2.7983E-4
1906.63	2.81594E-4
1905.67	2.96759E-4
1904.7	3.1813E-4
1903.74	3.15995E-4
1902.77	3.08066E-4
1901.81	3.09231E-4
1900.84	3.08302E-4
1899.88	3.19967E-4
1898.91	3.27338E-4
1897.95	3.29903E-4
1896.99	3.37867E-4
1896.02	3.40639E-4
1895.06	3.40803E-4
1894.09	3.42075E-4
1893.13	3.42539E-4
1892.16	3.46111E-4
1891.2	3.46875E-4
1890.24	3.5214E-4
1889.27	3.76611E-4
1888.31	3.76976E-4
1887.34	3.79247E-4
1886.38	4.02312E-4
1885.41	4.05183E-4
1884.45	4.03248E-4
1883.48	4.12219E-4
1882.52	4.29884E-4
1881.56	4.39349E-4
1880.59	4.4252E-4
1879.63	4.54185E-4
1878.66	4.54156E-4
1877.7	4.61021E-4
1876.73	4.76892E-4
1875.77	4.74257E-4
1874.8	4.86228E-4
1873.84	4.93093E-4
1872.88	4.97057E-4
1871.91	4.98529E-4
1870.95	5.01793E-4
1869.98	5.08865E-4
1869.02	5.19129E-4
1868.05	5.49401E-4
1867.09	5.47765E-4
1866.12	5.50037E-4
1865.16	5.77801E-4
1864.2	5.94566E-4
1863.23	5.97037E-4
1862.27	6.01202E-4
1861.3	6.13773E-4
1860.34	6.18338E-4
1859.37	6.26809E-4
1858.41	6.48274E-4
1857.45	6.65838E-4
1856.48	6.6011E-4
1855.52	6.72374E-4
1854.55	6.87546E-4
1853.59	6.9051E-4
1852.62	6.96882E-4
1851.66	7.05046E-4
1850.69	7.38618E-4
1849.73	7.66182E-4
1848.77	7.89747E-4
1847.8	8.13618E-4
1846.84	8.24083E-4
1845.87	8.05654E-4
1844.91	8.02819E-4
1843.94	8.3239E-4
1842.98	8.63255E-4
1842.01	8.98726E-4
1841.05	9.13891E-4
1840.09	9.26556E-4
1839.12	9.35627E-4
1838.16	9.40692E-4
1837.19	9.61463E-4
1836.23	9.71128E-4
1835.26	9.73399E-4
1834.3	9.88064E-4
1833.34	0.00102
1832.37	0.00104
1831.41	0.00106
1830.44	0.0011
1829.48	0.00112
1828.51	0.00113
1827.55	0.00114
1826.58	0.00116
1825.62	0.0012
1824.66	0.00123
1823.69	0.00126
1822.73	0.00128
1821.76	0.0013
1820.8	0.00133
1819.83	0.00134
1818.87	0.00136
1817.9	0.0014
1816.94	0.00143
1815.98	0.00144
1815.01	0.00146
1814.05	0.0015
1813.08	0.00153
1812.12	0.00154
1811.15	0.00155
1810.19	0.00159
1809.23	0.00164
1808.26	0.00168
1807.3	0.0017
1806.33	0.00171
1805.37	0.00176
1804.4	0.00182
1803.44	0.00184
1802.47	0.00186
1801.51	0.00191
1800.55	0.00196
1799.58	0.002
1798.62	0.00202
1797.65	0.00207
1796.69	0.00211
1795.72	0.00216
1794.76	0.0022
1793.79	0.00224
1792.83	0.00228
1791.87	0.00232
1790.9	0.00237
1789.94	0.00241
1788.97	0.00245
1788.01	0.0025
1787.04	0.00256
1786.08	0.0026
1785.11	0.00266
1784.15	0.00273
1783.19	0.00276
1782.22	0.00281
1781.26	0.00289
1780.29	0.00294
1779.33	0.00301
1778.36	0.00308
1777.4	0.00315
1776.44	0.00322
1775.47	0.0033
1774.51	0.00337
1773.54	0.00343
1772.58	0.0035
1771.61	0.00357
1770.65	0.00364
1769.68	0.00375
1768.72	0.00382
1767.76	0.0039
1766.79	0.004
1765.83	0.00408
1764.86	0.00418
1763.9	0.00429
1762.93	0.00436
1761.97	0.00445
1761	0.00455
1760.04	0.00467
1759.08	0.00479
1758.11	0.0049
1757.15	0.00502
1756.18	0.00515
1755.22	0.00531
1754.25	0.00544
1753.29	0.00556
1752.33	0.00567
1751.36	0.0058
1750.4	0.00596
1749.43	0.00611
1748.47	0.00627
1747.5	0.00643
1746.54	0.00658
1745.57	0.00676
1744.61	0.00693
1743.65	0.0071
1742.68	0.0073
1741.72	0.00749
1740.75	0.00769
1739.79	0.00789
1738.82	0.00811
1737.86	0.00831
1736.89	0.00852
1735.93	0.00875
1734.97	0.00898
1734	0.00922
1733.04	0.00947
1732.07	0.00974
1731.11	0.01001
1730.14	0.01025
1729.18	0.0105
1728.22	0.01077
1727.25	0.01108
1726.29	0.01137
1725.32	0.01166
1724.36	0.01195
1723.39	0.01224
1722.43	0.01256
1721.46	0.01288
1720.5	0.0132
1719.54	0.01354
1718.57	0.01386
1717.61	0.01418
1716.64	0.01455
1715.68	0.0149
1714.71	0.01523
1713.75	0.01558
1712.78	0.01593
1711.82	0.01627
1710.86	0.01662
1709.89	0.01698
1708.93	0.01734
1707.96	0.01769
1707	0.01803
1706.03	0.01839
1705.07	0.01875
1704.1	0.0191
1703.14	0.01944
1702.18	0.01978
1701.21	0.0201
1700.25	0.02044
1699.28	0.02079
1698.32	0.02114
1697.35	0.02146
1696.39	0.02174
1695.43	0.02206
1694.46	0.02239
1693.5	0.0227
1692.53	0.02298
1691.57	0.02326
1690.6	0.02354
1689.64	0.02379
1688.67	0.02405
1687.71	0.02429
1686.75	0.02454
1685.78	0.02479
1684.82	0.02497
1683.85	0.02518
1682.89	0.0254
1681.92	0.02558
1680.96	0.02575
1679.99	0.02591
1679.03	0.02606
1678.07	0.02622
1677.1	0.02637
1676.14	0.02648
1675.17	0.02659
1674.21	0.02669
1673.24	0.02679
1672.28	0.02688
1671.32	0.02697
1670.35	0.02705
1669.39	0.02709
1668.42	0.02714
1667.46	0.02718
1666.49	0.02723
1665.53	0.02729
1664.56	0.02732
1663.6	0.02734
1662.64	0.02735
1661.67	0.02737
1660.71	0.0274
1659.74	0.02743
1658.78	0.02741
1657.81	0.0274
1656.85	0.0274
1655.88	0.0274
1654.92	0.02738
1653.96	0.02733
1652.99	0.02727
1652.03	0.02724
1651.06	0.0272
1650.1	0.02713
1649.13	0.02705
1648.17	0.02696
1647.2	0.02683
1646.24	0.02668
1645.28	0.02655
1644.31	0.02642
1643.35	0.02625
1642.38	0.02603
1641.42	0.02581
1640.45	0.0256
1639.49	0.02536
1638.53	0.0251
1637.56	0.02484
1636.6	0.02454
1635.63	0.02423
1634.67	0.02391
1633.7	0.02359
1632.74	0.02325
1631.77	0.0229
1630.81	0.02256
1629.85	0.02221
1628.88	0.02184
1627.92	0.02148
1626.95	0.02113
1625.99	0.02078
1625.02	0.02041
1624.06	0.02005
1623.09	0.01971
1622.13	0.01941
1621.17	0.0191
1620.2	0.01878
1619.24	0.01848
1618.27	0.01819
1617.31	0.0179
1616.34	0.01764
1615.38	0.01742
1614.42	0.01717
1613.45	0.01693
1612.49	0.0167
1611.52	0.01648
1610.56	0.01628
1609.59	0.0161
1608.63	0.01593
1607.66	0.01577
1606.7	0.01559
1605.74	0.01543
1604.77	0.01528
1603.81	0.01512
1602.84	0.015
1601.88	0.01487
1600.91	0.01474
1599.95	0.0146
1598.98	0.01448
1598.02	0.01438
1597.06	0.01428
1596.09	0.01417
1595.13	0.01406
1594.16	0.01397
1593.2	0.01387
1592.23	0.01378
1591.27	0.01371
1590.31	0.01363
1589.34	0.01354
1588.38	0.01346
1587.41	0.01336
1586.45	0.01329
1585.48	0.01324
1584.52	0.01317
1583.55	0.01308
1582.59	0.013
1581.63	0.01295
1580.66	0.01289
1579.7	0.01282
1578.73	0.01276
1577.77	0.0127
1576.8	0.01261
1575.84	0.01255
1574.87	0.0125
1573.91	0.01245
1572.95	0.0124
1571.98	0.01235
1571.02	0.01229
1570.05	0.01223
1569.09	0.01217
1568.12	0.01212
1567.16	0.01208
1566.19	0.01202
1565.23	0.01196
1564.27	0.01191
1563.3	0.01187
1562.34	0.01182
1561.37	0.01175
1560.41	0.01168
1559.44	0.01164
1558.48	0.0116
1557.52	0.01156
1556.55	0.01153
1555.59	0.01148
1554.62	0.01141
1553.66	0.01134
1552.69	0.01128
1551.73	0.01124
1550.76	0.01122
1549.8	0.01117
1548.84	0.0111
1547.87	0.01105
1546.91	0.01101
1545.94	0.01098
1544.98	0.01094
1544.01	0.0109
1543.05	0.01084
1542.08	0.01078
1541.12	0.01076
1540.16	0.0107
1539.19	0.01064
1538.23	0.01062
1537.26	0.01059
1536.3	0.01054
1535.33	0.01048
1534.37	0.01043
1533.41	0.01038
1532.44	0.01033
1531.48	0.01028
1530.51	0.01025
1529.55	0.01022
1528.58	0.01019
1527.62	0.01017
1526.65	0.01013
1525.69	0.01009
1524.73	0.01004
1523.76	0.01
1522.8	0.00999
1521.83	0.00995
1520.87	0.0099
1519.9	0.00987
1518.94	0.00984
1517.97	0.00981
1517.01	0.00975
1516.05	0.00973
1515.08	0.00971
1514.12	0.00968
1513.15	0.00965
1512.19	0.00961
1511.22	0.00958
1510.26	0.00955
1509.29	0.00953
1508.33	0.00952
1507.37	0.0095
1506.4	0.00948
1505.44	0.00947
1504.47	0.00948
1503.51	0.00948
1502.54	0.00947
1501.58	0.00947
1500.62	0.00948
1499.65	0.00951
1498.69	0.00955
1497.72	0.0096
1496.76	0.00964
1495.79	0.00972
1494.83	0.00983
1493.86	0.00996
1492.9	0.01012
1491.94	0.01031
1490.97	0.01055
1490.01	0.01084
1489.04	0.01119
1488.08	0.01159
1487.11	0.01206
1486.15	0.01262
1485.18	0.01321
1484.22	0.01381
1483.26	0.01444
1482.29	0.01506
1481.33	0.01561
1480.36	0.01607
1479.4	0.0164
1478.43	0.01652
1477.47	0.01641
1476.51	0.01607
1475.54	0.01553
1474.58	0.01485
1473.61	0.0141
1472.65	0.01345
1471.68	0.013
1470.72	0.01279
1469.75	0.01284
1468.79	0.01311
1467.83	0.01354
1466.86	0.01401
1465.9	0.0144
1464.93	0.01463
1463.97	0.01465
1463	0.0145
1462.04	0.01421
1461.07	0.01382
1460.11	0.01332
1459.15	0.01281
1458.18	0.0124
1457.22	0.01217
1456.25	0.01215
1455.29	0.01229
1454.32	0.01253
1453.36	0.01283
1452.4	0.01313
1451.43	0.01337
1450.47	0.0135
1449.5	0.01344
1448.54	0.01318
1447.57	0.01282
1446.61	0.01241
1445.64	0.01198
1444.68	0.01161
1443.72	0.01128
1442.75	0.01104
1441.79	0.01092
1440.82	0.01087
1439.86	0.01091
1438.89	0.01102
1437.93	0.01115
1436.96	0.01127
1436	0.01142
1435.04	0.01157
1434.07	0.0117
1433.11	0.01183
1432.14	0.01193
1431.18	0.012
1430.21	0.01205
1429.25	0.01209
1428.28	0.01212
1427.32	0.01215
1426.36	0.01215
1425.39	0.01212
1424.43	0.01206
1423.46	0.01201
1422.5	0.01196
1421.53	0.01188
1420.57	0.01178
1419.61	0.01166
1418.64	0.01155
1417.68	0.01144
1416.71	0.0113
1415.75	0.01114
1414.78	0.01099
1413.82	0.01083
1412.85	0.01067
1411.89	0.0105
1410.93	0.01034
1409.96	0.01017
1409	0.00999
1408.03	0.00982
1407.07	0.00967
1406.1	0.0095
1405.14	0.00933
1404.17	0.00917
1403.21	0.00901
1402.25	0.00882
1401.28	0.00866
1400.32	0.00851
1399.35	0.00836
1398.39	0.00823
1397.42	0.00807
1396.46	0.00791
1395.5	0.00776
1394.53	0.00763
1393.57	0.00752
1392.6	0.0074
1391.64	0.00729
1390.67	0.00718
1389.71	0.00706
1388.74	0.00697
1387.78	0.0069
1386.82	0.00685
1385.85	0.00683
1384.89	0.00681
1383.92	0.00681
1382.96	0.00678
1381.99	0.00669
1381.03	0.0066
1380.06	0.0065
1379.1	0.00638
1378.14	0.00626
1377.17	0.00617
1376.21	0.00605
1375.24	0.00591
1374.28	0.00581
1373.31	0.00575
1372.35	0.00569
1371.38	0.00563
1370.42	0.00558
1369.46	0.00553
1368.49	0.00548
1367.53	0.00541
1366.56	0.00534
1365.6	0.00528
1364.63	0.00523
1363.67	0.00516
1362.71	0.00512
1361.74	0.00506
1360.78	0.00502
1359.81	0.00499
1358.85	0.00494
1357.88	0.0049
1356.92	0.00485
1355.95	0.00481
1354.99	0.00477
1354.03	0.00472
1353.06	0.00467
1352.1	0.00463
1351.13	0.00461
1350.17	0.0046
1349.2	0.00458
1348.24	0.00455
1347.27	0.00451
1346.31	0.00446
1345.35	0.00444
1344.38	0.00448
1343.42	0.00444
1342.45	0.00434
1341.49	0.00429
1340.52	0.00424
1339.56	0.00423
1338.6	0.00421
1337.63	0.00416
1336.67	0.00413
1335.7	0.0041
1334.74	0.00407
1333.77	0.00404
1332.81	0.00401
1331.84	0.004
1330.88	0.00398
1329.92	0.00395
1328.95	0.00391
1327.99	0.00389
1327.02	0.00387
1326.06	0.00385
1325.09	0.00383
1324.13	0.00379
1323.16	0.00378
1322.2	0.00376
1321.24	0.00371
1320.27	0.00369
1319.31	0.00367
1318.34	0.00364
1317.38	0.00361
1316.41	0.00358
1315.45	0.00355
1314.48	0.00351
1313.52	0.00348
1312.56	0.00346
1311.59	0.00344
1310.63	0.00339
1309.66	0.00335
1308.7	0.00334
1307.73	0.00332
1306.77	0.00328
1305.81	0.00326
1304.84	0.00321
1303.88	0.00318
1302.91	0.00316
1301.95	0.00312
1300.98	0.00311
1300.02	0.00309
1299.05	0.00307
1298.09	0.00305
1297.13	0.00303
1296.16	0.00301
1295.2	0.00301
1294.23	0.00299
1293.27	0.00298
1292.3	0.00295
1291.34	0.0029
1290.37	0.00287
1289.41	0.00285
1288.45	0.00283
1287.48	0.00281
1286.52	0.00279
1285.55	0.00277
1284.59	0.00276
1283.62	0.00275
1282.66	0.00272
1281.7	0.00268
1280.73	0.00267
1279.77	0.00266
1278.8	0.00264
1277.84	0.00263
1276.87	0.0026
1275.91	0.0026
1274.94	0.00259
1273.98	0.00256
1273.02	0.00253
1272.05	0.0025
1271.09	0.00249
1270.12	0.00246
1269.16	0.00244
1268.19	0.00241
1267.23	0.0024
1266.26	0.0024
1265.3	0.00237
1264.34	0.00233
1263.37	0.00231
1262.41	0.0023
1261.44	0.00229
1260.48	0.00226
1259.51	0.00221
1258.55	0.00218
1257.59	0.00218
1256.62	0.00217
1255.66	0.00214
1254.69	0.00211
1253.73	0.00211
1252.76	0.00211
1251.8	0.00208
1250.83	0.00205
1249.87	0.00204
1248.91	0.00203
1247.94	0.002
1246.98	0.002
1246.01	0.00199
1245.05	0.00194
1244.08	0.00191
1243.12	0.00186
1242.15	0.00183
1241.19	0.00183
1240.23	0.00182
1239.26	0.0018
1238.3	0.00178
1237.33	0.00176
1236.37	0.00173
1235.4	0.0017
1234.44	0.0017
1233.47	0.00169
1232.51	0.00166
1231.55	0.00165
1230.58	0.00163
1229.62	0.00158
1228.65	0.00158
1227.69	0.0016
1226.72	0.00157
1225.76	0.00153
1224.8	0.00151
1223.83	0.00149
1222.87	0.00145
1221.9	0.00143
1220.94	0.00144
1219.97	0.00141
1219.01	0.0014
1218.04	0.0014
1217.08	0.00138
1216.12	0.00136
1215.15	0.00132
1214.19	0.00131
1213.22	0.00132
1212.26	0.0013
1211.29	0.00128
1210.33	0.00125
1209.36	0.00121
1208.4	0.0012
1207.44	0.00118
1206.47	0.00115
1205.51	0.00114
1204.54	0.00114
1203.58	0.0011
1202.61	0.00109
1201.65	0.00111
1200.69	0.00108
1199.72	0.00104
1198.76	0.00102
1197.79	0.00103
1196.83	0.00104
1195.86	0.00104
1194.9	0.00101
1193.93	9.71351E-4
1192.97	9.35907E-4
1192.01	9.19789E-4
1191.04	9.19093E-4
1190.08	8.90648E-4
1189.11	8.79596E-4
1188.15	8.97825E-4
1187.18	8.8526E-4
1186.22	8.46854E-4
1185.25	8.50583E-4
1184.29	8.68388E-4
1183.33	8.55455E-4
1182.36	8.45393E-4
1181.4	8.3432E-4
1180.43	8.29884E-4
1179.47	8.32619E-4
1178.5	8.16199E-4
1177.54	8.14874E-4
1176.57	8.13728E-4
1175.61	7.91284E-4
1174.65	7.66982E-4
1173.68	7.56928E-4
1172.72	7.85118E-4
1171.75	7.96023E-4
1170.79	8.16074E-4
1169.82	8.68235E-4
1168.86	8.92556E-4
1167.9	9.24696E-4
1166.93	9.64046E-4
1165.97	9.87003E-4
1165	0.00102
1164.04	0.00107
1163.07	0.0011
1162.11	0.00112
1161.14	0.00111
1160.18	0.00106
1159.22	9.97557E-4
1158.25	9.08698E-4
1157.29	8.2444E-4
1156.32	7.74146E-4
1155.36	7.24922E-4
1154.39	6.67023E-4
1153.43	6.09205E-4
1152.46	5.3746E-4
1151.5	5.60561E-4
1150.54	6.09227E-4
1149.57	6.27347E-4
1148.61	6.68166E-4
1147.64	6.74206E-4
1146.68	7.05291E-4
1145.71	7.86812E-4
1144.75	8.65301E-4
1143.79	9.84039E-4
1142.82	0.0011
1141.86	0.00125
1140.89	0.00145
1139.93	0.00166
1138.96	0.00194
1138	0.00224
1137.03	0.00256
1136.07	0.00291
1135.11	0.00327
1134.14	0.00368
1133.18	0.00408
1132.21	0.00445
1131.25	0.00481
1130.28	0.00514
1129.32	0.00544
1128.35	0.00569
1127.39	0.00588
1126.43	0.00604
1125.46	0.00613
1124.5	0.00617
1123.53	0.00611
1122.57	0.00597
1121.6	0.00579
1120.64	0.00557
1119.68	0.0053
1118.71	0.005
1117.75	0.0047
1116.78	0.00437
1115.82	0.00402
1114.85	0.00369
1113.89	0.00335
1112.92	0.00301
1111.96	0.0027
1111	0.00243
1110.03	0.00214
1109.07	0.00184
1108.1	0.00161
1107.14	0.00144
1106.17	0.0013
1105.21	0.00112
1104.24	9.58481E-4
1103.28	8.25839E-4
1102.32	7.229E-4
1101.35	6.47047E-4
1100.39	5.3638E-4
1099.42	4.57494E-4
1098.46	4.37644E-4
1097.49	4.12305E-4
1096.53	3.50709E-4
1095.56	2.73052E-4
1094.6	2.45621E-4
1093.64	2.4852E-4
1092.67	1.97186E-4
1091.71	1.3334E-4
1090.74	1.09148E-4
1089.78	6.059E-5
1088.81	1.20428E-5
1087.85	-6.09061E-6
1086.89	-1.3294E-5
1085.92	-2.20962E-5
1084.96	-3.37956E-5
1083.99	-3.83549E-5
1083.03	-4.42132E-5
1082.06	-4.49135E-5
1081.1	-5.44598E-5
1080.13	-7.38971E-5
1079.17	-5.86075E-5
1078.21	-3.00628E-5
1077.24	-5.42391E-5
1076.28	-7.05694E-5
1075.31	-4.94317E-5
1074.35	-6.42879E-5
1073.38	-6.55E-5
1072.42	-5.31695E-5
1071.45	-6.63851E-5
1070.49	-8.84872E-5
1069.53	-1.01012E-4
1068.56	-4.80327E-5
1067.6	-3.47968E-5
1066.63	-2.48858E-5
1065.67	1.71466E-5
1064.7	-1.02624E-5
1063.74	-1.06909E-5
1062.78	3.30775E-5
1061.81	6.39096E-5
1060.85	7.1874E-5
1059.88	9.22009E-5
1058.92	1.35876E-4
1057.95	1.43954E-4
1056.99	1.43419E-4
1056.02	2.02164E-4
1055.06	2.36917E-4
1054.1	2.87268E-4
1053.13	5.25081E-4
1052.17	6.99947E-4
1051.2	8.23162E-4
1050.24	0.00102
1049.27	0.00126
1048.31	0.00158
1047.34	0.00193
1046.38	0.00236
1045.42	0.00286
1044.45	0.00341
1043.49	0.00401
1042.52	0.00473
1041.56	0.00552
1040.59	0.00635
1039.63	0.00727
1038.66	0.00828
1037.7	0.00931
1036.74	0.01035
1035.77	0.01145
1034.81	0.0126
1033.84	0.01379
1032.88	0.01497
1031.91	0.01619
1030.95	0.01742
1029.99	0.01865
1029.02	0.01998
1028.06	0.02132
1027.09	0.0227
1026.13	0.02412
1025.16	0.02557
1024.2	0.02707
1023.23	0.02858
1022.27	0.03002
1021.31	0.03136
1020.34	0.0326
1019.38	0.0337
1018.41	0.03461
1017.45	0.03523
1016.48	0.03558
1015.52	0.03562
1014.55	0.03532
1013.59	0.03469
1012.63	0.0337
1011.66	0.03238
1010.7	0.03075
1009.73	0.02891
1008.77	0.02683
1007.8	0.02456
1006.84	0.02227
1005.88	0.01994
1004.91	0.01766
1003.95	0.01547
1002.98	0.0134
1002.02	0.01154
1001.05	0.0099
1000.09	0.00848
999.124	0.00727
998.16	0.00627
997.195	0.00546
996.231	0.00482
995.267	0.00435
994.302	0.00398
993.338	0.0037
992.373	0.0035
991.409	0.00338
990.445	0.00332
989.48	0.00326
988.516	0.00328
987.551	0.00332
986.587	0.00333
985.623	0.00338
984.658	0.00346
983.694	0.00355
982.729	0.00365
981.765	0.00371
980.801	0.00382
979.836	0.00395
978.872	0.00406
977.907	0.0042
976.943	0.00434
975.979	0.00446
975.014	0.00461
974.05	0.00474
973.085	0.00488
972.121	0.00507
971.157	0.00525
970.192	0.00544
969.228	0.00563
968.263	0.00582
967.299	0.00601
966.335	0.00622
965.37	0.00642
964.406	0.00661
963.441	0.00684
962.477	0.00707
961.513	0.0073
960.548	0.00748
959.584	0.0077
958.619	0.00795
957.655	0.00819
956.69	0.00843
955.726	0.00864
954.762	0.00883
953.797	0.00911
952.833	0.00937
951.868	0.00961
950.904	0.00986
949.94	0.01012
948.975	0.01038
948.011	0.01067
947.046	0.01098
946.082	0.01125
945.118	0.01154
944.153	0.01184
943.189	0.01209
942.224	0.01238
941.26	0.01268
940.296	0.0129
939.331	0.0132
938.367	0.01352
937.402	0.0138
936.438	0.01409
935.474	0.0144
934.509	0.01469
933.545	0.01495
932.58	0.01525
931.616	0.01555
930.651	0.01587
929.687	0.01621
928.723	0.01653
927.758	0.01683
926.794	0.01712
925.829	0.01739
924.865	0.01768
923.901	0.01807
922.936	0.01844
921.972	0.01874
921.007	0.01906
920.043	0.01934
919.079	0.01958
918.114	0.01995
917.15	0.02029
916.185	0.0206
915.221	0.02092
914.257	0.02124
913.292	0.0216
912.328	0.02193
911.363	0.02223
910.399	0.02254
909.435	0.02288
908.47	0.0232
907.506	0.02352
906.541	0.02389
905.577	0.02425
904.613	0.02454
903.648	0.02486
902.684	0.02523
901.719	0.02558
900.755	0.02588
899.791	0.02624
898.826	0.02653
897.862	0.02678
896.897	0.02714
895.933	0.02748
894.969	0.0278
894.004	0.02814
893.04	0.02846
892.075	0.02879
891.111	0.02914
890.146	0.02945
889.182	0.02977
888.218	0.03011
887.253	0.03043
886.289	0.03077
885.324	0.03105
884.36	0.03131
883.396	0.03166
882.431	0.03198
881.467	0.03235
880.502	0.03269
879.538	0.03302
878.574	0.0334
877.609	0.03362
876.645	0.03385
875.68	0.03418
874.716	0.03448
873.752	0.03479
872.787	0.03514
871.823	0.03547
870.858	0.0358
869.894	0.03607
868.93	0.0363
867.965	0.03662
867.001	0.03693
866.036	0.03722
865.072	0.03757
864.108	0.0379
863.143	0.03812
862.179	0.0384
861.214	0.03872
860.25	0.03901
859.286	0.0393
858.321	0.03958
857.357	0.03986
856.392	0.04013
855.428	0.04042
854.463	0.04069
853.499	0.04101
852.535	0.0413
851.57	0.04154
850.606	0.04179
849.641	0.04203
848.677	0.0423
847.713	0.0426
846.748	0.04286
845.784	0.0431
844.819	0.04333
843.855	0.0436
842.891	0.04387
841.926	0.04411
840.962	0.04436
839.997	0.04457
839.033	0.04481
838.069	0.04506
837.104	0.04526
836.14	0.04549
835.175	0.04569
834.211	0.04591
833.247	0.04618
832.282	0.04639
831.318	0.04661
830.353	0.04685
829.389	0.04703
828.424	0.04721
827.46	0.04743
826.496	0.04763
825.531	0.04783
824.567	0.04805
823.602	0.04827
822.638	0.04851
821.674	0.04861
820.709	0.0487
819.745	0.04893
818.78	0.04911
817.816	0.04927
816.852	0.04943
815.887	0.04961
814.923	0.0498
813.958	0.04995
812.994	0.05006
812.03	0.05018
811.065	0.05036
810.101	0.05051
809.136	0.05068
808.172	0.05083
807.208	0.0509
806.243	0.05101
805.279	0.05118
804.314	0.0513
803.35	0.05136
802.386	0.05147
801.421	0.05162
800.457	0.05178
799.492	0.05187
798.528	0.05193
797.564	0.05201
796.599	0.05207
795.635	0.05214
794.67	0.05223
793.706	0.05231
792.742	0.05241
791.777	0.05244
790.813	0.05249
789.848	0.05256
788.884	0.05262
787.919	0.05258
786.955	0.05269
785.991	0.05296
785.026	0.05302
784.062	0.05306
783.097	0.05309
782.133	0.05312
781.169	0.05314
780.204	0.05316
779.24	0.05319
778.275	0.05319
777.311	0.0532
776.347	0.05321
775.382	0.05322
774.418	0.05324
773.453	0.05321
772.489	0.0532
771.525	0.05321
770.56	0.0532
769.596	0.05321
768.631	0.05323
767.667	0.05319
766.703	0.05326
765.738	0.05321
764.774	0.05299
763.809	0.05299
762.845	0.05298
761.88	0.05295
760.916	0.0529
759.952	0.05281
758.987	0.05277
758.023	0.05272
757.058	0.05268
756.094	0.05262
755.13	0.05255
754.165	0.05254
753.201	0.05248
752.236	0.05238
751.272	0.05228
750.308	0.05218
749.343	0.05208
748.379	0.052
747.414	0.05189
746.45	0.0518
745.486	0.05159
744.521	0.05149
743.557	0.05159
742.592	0.05145
741.628	0.05127
740.664	0.05112
739.699	0.051
738.735	0.05087
737.77	0.0507
736.806	0.05054
735.842	0.0504
734.877	0.05026
733.913	0.0501
732.948	0.04996
731.984	0.04978
731.02	0.04968
730.055	0.0495
729.091	0.04925
728.126	0.04903
727.162	0.04883
726.198	0.04863
725.233	0.04847
724.269	0.04833
723.304	0.04815
722.34	0.04796
721.375	0.04774
720.411	0.04754
719.447	0.04733
718.482	0.04711
717.518	0.04687
716.553	0.04665
715.589	0.04645
714.625	0.04624
713.66	0.04599
712.696	0.04576
711.731	0.04553
710.767	0.04529
709.803	0.0453
708.838	0.045
707.874	0.04453
706.909	0.04427
705.945	0.04395
704.981	0.04369
704.016	0.04349
703.052	0.04344
702.087	0.04312
701.123	0.04257
700.159	0.04228
699.194	0.04203
698.23	0.04178
697.265	0.0415
696.301	0.04122
695.337	0.04093
694.372	0.04065
693.408	0.04037
692.443	0.04008
691.479	0.03979
690.514	0.03947
689.55	0.03921
688.586	0.03885
687.621	0.03844
686.657	0.03822
685.692	0.03794
684.728	0.0376
683.764	0.03736
682.799	0.03707
681.835	0.03675
680.87	0.03648
679.906	0.03622
678.942	0.036
677.977	0.03577
677.013	0.03558
676.048	0.03549
675.084	0.03551
674.12	0.03565
673.155	0.036
672.191	0.03664
671.226	0.03777
670.262	0.03941
669.298	0.04158
668.333	0.04418
667.369	0.04731
666.404	0.05077
665.44	0.05419
664.476	0.05769
663.511	0.06127
662.547	0.06483
661.582	0.06828
660.618	0.07145
659.654	0.0742
658.689	0.07653
657.725	0.07847
656.76	0.07988
655.796	0.08095
654.831	0.08159
653.867	0.082
652.903	0.08228
651.938	0.08191
650.974	0.08114
650.009	0.0802
649.045	0.07887
648.081	0.07711
647.116	0.07516
646.152	0.07295
645.187	0.0705
644.223	0.06808
643.259	0.06568
642.294	0.06325
641.33	0.06085
640.365	0.05858
639.401	0.05637
638.437	0.05433
637.472	0.05245
636.508	0.05072
635.543	0.04915
634.579	0.0477
633.615	0.04633
632.65	0.04505
631.686	0.0439
630.721	0.04278
629.757	0.04179
628.793	0.04081
627.828	0.03986
626.864	0.03904
625.899	0.03832
624.935	0.0375
623.971	0.03668
623.006	0.03602
622.042	0.0354
621.077	0.03478
620.113	0.0342
619.148	0.03362
618.184	0.03308
617.22	0.0326
616.255	0.03214
615.291	0.03167
614.326	0.03128
613.362	0.03088
612.398	0.03062
611.433	0.02994
610.469	0.02884
609.504	0.02864
608.54	0.02856
607.576	0.0282
606.611	0.02785
605.647	0.0275
604.682	0.02719
603.718	0.02681
602.754	0.02647
601.789	0.02616
600.825	0.02589
599.86	0.02557
598.896	0.02524
597.932	0.02492
596.967	0.02467
596.003	0.02446
595.038	0.02421
594.074	0.0239
593.109	0.0236
592.145	0.02331
591.181	0.02305
590.216	0.02284
589.252	0.0226
588.287	0.02237
587.323	0.02209
586.359	0.02187
585.394	0.02163
584.43	0.02136
583.465	0.0211
582.501	0.02085
581.537	0.02066
580.572	0.02052
579.608	0.02028
578.643	0.02007
577.679	0.01983
576.715	0.02004
575.75	0.02023
574.786	0.01956
573.821	0.01911
572.857	0.01885
571.893	0.01862
570.928	0.01846
569.964	0.01828
568.999	0.01812
568.035	0.01792
567.071	0.01775
566.106	0.01755
565.142	0.01737
564.177	0.01727
563.213	0.01712
562.249	0.01682
561.284	0.01663
560.32	0.01661
559.355	0.01642
558.391	0.01621
557.427	0.01611
556.462	0.01601
555.498	0.01571
554.533	0.01529
553.569	0.0153
552.604	0.01533
551.64	0.0151
550.676	0.0149
549.711	0.01471
548.747	0.01447
547.782	0.01434
546.818	0.01434
545.854	0.01421
544.889	0.01401
543.925	0.01387
542.96	0.01378
541.996	0.01371
541.032	0.01356
540.067	0.01337
539.103	0.01323
538.138	0.01309
537.174	0.01297
536.21	0.01285
535.245	0.01277
534.281	0.0128
533.316	0.01255
532.352	0.01214
531.388	0.012
530.423	0.01192
529.459	0.01176
528.494	0.01166
527.53	0.01142
526.565	0.01122
525.601	0.01117
524.637	0.01107
523.672	0.01091
522.708	0.01077
521.743	0.01053
520.779	0.01031
519.815	0.01057
518.85	0.01061
517.886	0.01022
516.921	0.01003
515.957	0.00992
514.993	0.00971
514.028	0.00952
513.064	0.00958
512.099	0.00952
511.135	0.00925
510.171	0.00903
509.206	0.00882
508.242	0.00867
507.277	0.00864
506.313	0.00852
505.349	0.00799
504.384	0.00761
503.42	0.00752
502.455	0.0072
501.491	0.00718
500.527	0.00679
499.562	0.00709
498.598	0.00932
497.633	0.00891
496.669	0.00736
495.705	0.00705
494.74	0.0067
493.776	0.00653
492.811	0.00647
491.847	0.00651
490.883	0.00601
489.918	0.0056
488.954	0.00574
487.989	0.00571
487.025	0.00528
486.06	0.00522
485.096	0.00543
484.132	0.00529
483.167	0.00492
482.203	0.00496
481.238	0.00517
480.274	0.00556
479.31	0.00635
478.345	0.01041
477.381	0.00647
476.416	-3.09624E-4
475.452	0.001
474.488	0.00154
473.523	0.0018
472.559	0.00185
471.594	0.0019
470.63	0.00214
469.666	0.00199
468.701	0.00189
467.737	0.0019
466.772	0.00171
465.808	0.00157
464.844	0.00136
463.879	0.00158
462.915	0.00161
461.95	0.00129
460.986	0.00118
460.022	0.00107
459.057	8.44255E-4
458.093	8.14162E-4
457.128	2.34971E-4
456.164	-6.12752E-4
455.199	3.1777E-5
454.235	2.39104E-4
453.271	5.95707E-5
452.306	1.4828E-4
451.342	3.01967E-5
450.377	-2.65864E-4
449.413	-3.22807E-4
448.449	-3.28931E-4
447.484	-4.83081E-4
