4001.569000 0.000000 
3999.640000 -0.002033 
3997.712000 -0.002272 
3995.783000 -0.001634 
3993.855000 -0.001873 
3991.926000 -0.001833 
3989.998000 -0.001275 
3988.069000 -0.001315 
3986.141000 -0.001036 
3984.212000 -0.000757 
3982.284000 -0.000120 
3980.355000 -0.000558 
3978.427000 -0.000518 
3976.499000 -0.000080 
3974.570000 0.000159 
3972.642000 -0.000120 
3970.713000 -0.000080 
3968.785000 -0.000279 
3966.856000 -0.000399 
3964.928000 -0.000438 
3962.999000 -0.000399 
3961.071000 -0.000717 
3959.142000 -0.000638 
3957.214000 -0.001076 
3955.285000 -0.000359 
3953.357000 -0.000757 
3951.428000 -0.000598 
3949.500000 -0.000717 
3947.572000 -0.000917 
3945.643000 -0.000598 
3943.715000 -0.000638 
3941.786000 -0.000478 
3939.858000 -0.000239 
3937.929000 -0.000399 
3936.001000 0.000638 
3934.072000 -0.000199 
3932.144000 0.000040 
3930.215000 0.000279 
3928.287000 0.000159 
3926.358000 -0.000120 
3924.430000 -0.000080 
3922.501000 0.000199 
3920.573000 -0.000438 
3918.645000 -0.000478 
3916.716000 -0.000638 
3914.788000 0.000040 
3912.859000 -0.000438 
3910.931000 -0.000797 
3909.002000 -0.001156 
3907.074000 -0.001156 
3905.145000 -0.000996 
3903.217000 -0.000757 
3901.288000 -0.000917 
3899.360000 -0.001116 
3897.431000 -0.001515 
3895.503000 -0.001275 
3893.574000 -0.001036 
3891.646000 -0.001156 
3889.718000 -0.000996 
3887.789000 -0.000996 
3885.861000 -0.000957 
3883.932000 -0.000957 
3882.004000 -0.000996 
3880.075000 -0.000917 
3878.147000 -0.000797 
3876.218000 -0.000478 
3874.290000 -0.000797 
3872.361000 -0.000478 
3870.433000 -0.000399 
3868.504000 0.000080 
3866.576000 0.000319 
3864.647000 0.000598 
3862.719000 0.000877 
3860.791000 0.001116 
3858.862000 0.001395 
3856.934000 0.001275 
3855.005000 0.001714 
3853.077000 0.001913 
3851.148000 0.002073 
3849.220000 0.002112 
3847.291000 0.002192 
3845.363000 0.002112 
3843.434000 0.001873 
3841.506000 0.001754 
3839.577000 0.001355 
3837.649000 0.001315 
3835.720000 0.001395 
3833.792000 0.001236 
3831.864000 0.000717 
3829.935000 0.001076 
3828.007000 0.001116 
3826.078000 0.001475 
3824.150000 0.000957 
3822.221000 0.000837 
3820.293000 0.001156 
3818.364000 0.001395 
3816.436000 0.001236 
3814.507000 0.001554 
3812.579000 0.001634 
3810.650000 0.001674 
3808.722000 0.001634 
3806.793000 0.001515 
3804.865000 0.001674 
3802.937000 0.001953 
3801.008000 0.001754 
3799.080000 0.002073 
3797.151000 0.002152 
3795.223000 0.002192 
3793.294000 0.002471 
3791.366000 0.002312 
3789.437000 0.002631 
3787.509000 0.002631 
3785.580000 0.002750 
3783.652000 0.002631 
3781.723000 0.003109 
3779.795000 0.003149 
3777.866000 0.003069 
3775.938000 0.003268 
3774.010000 0.003507 
3772.081000 0.003388 
3770.153000 0.003547 
3768.224000 0.003547 
3766.296000 0.003826 
3764.367000 0.003986 
3762.439000 0.003946 
3760.510000 0.004225 
3758.582000 0.004065 
3756.653000 0.004065 
3754.725000 0.004464 
3752.796000 0.004862 
3750.868000 0.004464 
3748.939000 0.004623 
3747.011000 0.004504 
3745.083000 0.004743 
3743.154000 0.004464 
3741.226000 0.004942 
3739.297000 0.004544 
3737.369000 0.004663 
3735.440000 0.004344 
3733.512000 0.004026 
3731.583000 0.004145 
3729.655000 0.004225 
3727.726000 0.003866 
3725.798000 0.003667 
3723.869000 0.003986 
3721.941000 0.003786 
3720.012000 0.003587 
3718.084000 0.003428 
3716.156000 0.003228 
3714.227000 0.003109 
3712.299000 0.002710 
3710.370000 0.003189 
3708.442000 0.003189 
3706.513000 0.002830 
3704.585000 0.002949 
3702.656000 0.002591 
3700.728000 0.002710 
3698.799000 0.002591 
3696.871000 0.002112 
3694.942000 0.002591 
3693.014000 0.002471 
3691.085000 0.001913 
3689.157000 0.002033 
3687.229000 0.002112 
3685.300000 0.002192 
3683.372000 0.002033 
3681.443000 0.001953 
3679.515000 0.002431 
3677.586000 0.001913 
3675.658000 0.001833 
3673.729000 0.001913 
3671.801000 0.001674 
3669.872000 0.001674 
3667.944000 0.001754 
3666.015000 0.001395 
3664.087000 0.001554 
3662.158000 0.001435 
3660.230000 0.001315 
3658.302000 0.001395 
3656.373000 0.001475 
3654.445000 0.001156 
3652.516000 0.001674 
3650.588000 0.001275 
3648.659000 0.001435 
3646.731000 0.001275 
3644.802000 0.001116 
3642.874000 0.001196 
3640.945000 0.000917 
3639.017000 0.001036 
3637.088000 0.001116 
3635.160000 0.000757 
3633.231000 0.000877 
3631.303000 0.000757 
3629.375000 0.001076 
3627.446000 0.000797 
3625.518000 0.000837 
3623.589000 0.000917 
3621.661000 0.000996 
3619.732000 0.000797 
3617.804000 0.001156 
3615.875000 0.000837 
3613.947000 0.000957 
3612.018000 0.000638 
3610.090000 0.000717 
3608.161000 0.000757 
3606.233000 0.000478 
3604.304000 0.000598 
3602.376000 0.000678 
3600.448000 0.000757 
3598.519000 0.000837 
3596.591000 0.000917 
3594.662000 0.000797 
3592.734000 0.001116 
3590.805000 0.001515 
3588.877000 0.001196 
3586.948000 0.000957 
3585.020000 0.001475 
3583.091000 0.001515 
3581.163000 0.001594 
3579.234000 0.001913 
3577.306000 0.002192 
3575.377000 0.002232 
3573.449000 0.002511 
3571.521000 0.003189 
3569.592000 0.002870 
3567.664000 0.003547 
3565.735000 0.003707 
3563.807000 0.003667 
3561.878000 0.004065 
3559.950000 0.004305 
3558.021000 0.004743 
3556.093000 0.005062 
3554.164000 0.005261 
3552.236000 0.005301 
3550.307000 0.006058 
3548.379000 0.006218 
3546.450000 0.006776 
3544.522000 0.007055 
3542.594000 0.007892 
3540.665000 0.007852 
3538.737000 0.008529 
3536.808000 0.009167 
3534.880000 0.009566 
3532.951000 0.010163 
3531.023000 0.010761 
3529.094000 0.011359 
3527.166000 0.011957 
3525.237000 0.012595 
3523.309000 0.013551 
3521.380000 0.013950 
3519.452000 0.014747 
3517.523000 0.015305 
3515.595000 0.015863 
3513.667000 0.016859 
3511.738000 0.017218 
3509.810000 0.018055 
3507.881000 0.018972 
3505.953000 0.019809 
3504.024000 0.020207 
3502.096000 0.021523 
3500.167000 0.022200 
3498.239000 0.023196 
3496.310000 0.023754 
3494.382000 0.024432 
3492.453000 0.025707 
3490.525000 0.026066 
3488.596000 0.027342 
3486.668000 0.028218 
3484.740000 0.029334 
3482.811000 0.029892 
3480.883000 0.030929 
3478.954000 0.031885 
3477.026000 0.032842 
3475.097000 0.033440 
3473.169000 0.034516 
3471.240000 0.035751 
3469.312000 0.036827 
3467.383000 0.037824 
3465.455000 0.038820 
3463.526000 0.039817 
3461.598000 0.041052 
3459.669000 0.041849 
3457.741000 0.043045 
3455.812000 0.044241 
3453.884000 0.045835 
3451.956000 0.047429 
3450.027000 0.048625 
3448.099000 0.049821 
3446.170000 0.051016 
3444.242000 0.053009 
3442.313000 0.054603 
3440.385000 0.056198 
3438.456000 0.058191 
3436.528000 0.060183 
3434.599000 0.062176 
3432.671000 0.064568 
3430.742000 0.066959 
3428.814000 0.070147 
3426.885000 0.073336 
3424.957000 0.077322 
3423.029000 0.082503 
3421.100000 0.088481 
3419.172000 0.096851 
3417.243000 0.107613 
3415.315000 0.121961 
3413.386000 0.140694 
3411.458000 0.166600 
3409.529000 0.198884 
3407.601000 0.240335 
3405.672000 0.291351 
3403.744000 0.351933 
3401.815000 0.419689 
3399.887000 0.494221 
3397.958000 0.571144 
3396.030000 0.646074 
3394.102000 0.716620 
3392.173000 0.778796 
3390.245000 0.832603 
3388.316000 0.876843 
3386.388000 0.911519 
3384.459000 0.939418 
3382.531000 0.960542 
3380.602000 0.976883 
3378.674000 0.988043 
3376.745000 0.996014 
3374.817000 1.000000 
3372.888000 0.999601 
3370.960000 0.995217 
3369.031000 0.985253 
3367.103000 0.969310 
3365.175000 0.948585 
3363.246000 0.921881 
3361.318000 0.890395 
3359.389000 0.855719 
3357.461000 0.819051 
3355.532000 0.782383 
3353.604000 0.746513 
3351.675000 0.712236 
3349.747000 0.681945 
3347.818000 0.654444 
3345.890000 0.631327 
3343.961000 0.612196 
3342.033000 0.596652 
3340.104000 0.583898 
3338.176000 0.573934 
3336.248000 0.565564 
3334.319000 0.558788 
3332.391000 0.552810 
3330.462000 0.548027 
3328.534000 0.543244 
3326.605000 0.538860 
3324.677000 0.534874 
3322.748000 0.531287 
3320.820000 0.528896 
3318.891000 0.527302 
3316.963000 0.526505 
3315.034000 0.526505 
3313.106000 0.526903 
3311.177000 0.528099 
3309.249000 0.528896 
3307.321000 0.529295 
3305.392000 0.529295 
3303.464000 0.529295 
3301.535000 0.529295 
3299.607000 0.529295 
3297.678000 0.529295 
3295.750000 0.529295 
3293.821000 0.530092 
3291.893000 0.531686 
3289.964000 0.532882 
3288.036000 0.534077 
3286.107000 0.536070 
3284.179000 0.538063 
3282.250000 0.540056 
3280.322000 0.542049 
3278.394000 0.544440 
3276.465000 0.546433 
3274.537000 0.549223 
3272.608000 0.551216 
3270.680000 0.553607 
3268.751000 0.555600 
3266.823000 0.557194 
3264.894000 0.558788 
3262.966000 0.559187 
3261.037000 0.559187 
3259.109000 0.558390 
3257.180000 0.556796 
3255.252000 0.554006 
3253.323000 0.551216 
3251.395000 0.547230 
3249.467000 0.544041 
3247.538000 0.539259 
3245.610000 0.534476 
3243.681000 0.529295 
3241.753000 0.524512 
3239.824000 0.520128 
3237.896000 0.516540 
3235.967000 0.514149 
3234.039000 0.512953 
3232.110000 0.513352 
3230.182000 0.514548 
3228.253000 0.517338 
3226.325000 0.520128 
3224.396000 0.523316 
3222.468000 0.525309 
3220.540000 0.526106 
3218.611000 0.525309 
3216.683000 0.522519 
3214.754000 0.518533 
3212.826000 0.513750 
3210.897000 0.507772 
3208.969000 0.501794 
3207.040000 0.495815 
3205.112000 0.491032 
3203.183000 0.485452 
3201.255000 0.480670 
3199.326000 0.476285 
3197.398000 0.472300 
3195.469000 0.469111 
3193.541000 0.465126 
3191.613000 0.462734 
3189.684000 0.459944 
3187.756000 0.457553 
3185.827000 0.455161 
3183.899000 0.452371 
3181.970000 0.450379 
3180.042000 0.447190 
3178.113000 0.444400 
3176.185000 0.441610 
3174.256000 0.438422 
3172.328000 0.434835 
3170.399000 0.431646 
3168.471000 0.427660 
3166.542000 0.424073 
3164.614000 0.420088 
3162.686000 0.416102 
3160.757000 0.411718 
3158.829000 0.407334 
3156.900000 0.402949 
3154.972000 0.397768 
3153.043000 0.392587 
3151.115000 0.387007 
3149.186000 0.381427 
3147.258000 0.375847 
3145.329000 0.369470 
3143.401000 0.363093 
3141.472000 0.357114 
3139.544000 0.350339 
3137.615000 0.343165 
3135.687000 0.336788 
3133.759000 0.330809 
3131.830000 0.324432 
3129.902000 0.318454 
3127.973000 0.312874 
3126.045000 0.307692 
3124.116000 0.303308 
3122.188000 0.298924 
3120.259000 0.294938 
3118.331000 0.292148 
3116.402000 0.290155 
3114.474000 0.288561 
3112.545000 0.286967 
3110.617000 0.286568 
3108.688000 0.286967 
3106.760000 0.287365 
3104.832000 0.288561 
3102.903000 0.289358 
3100.975000 0.290953 
3099.046000 0.292945 
3097.118000 0.294540 
3095.189000 0.295735 
3093.261000 0.296532 
3091.332000 0.297330 
3089.404000 0.297330 
3087.475000 0.296931 
3085.547000 0.296532 
3083.618000 0.295337 
3081.690000 0.294141 
3079.761000 0.293344 
3077.833000 0.291750 
3075.905000 0.291351 
3073.976000 0.290155 
3072.048000 0.289757 
3070.119000 0.289358 
3068.191000 0.289757 
3066.262000 0.289358 
3064.334000 0.289757 
3062.405000 0.290155 
3060.477000 0.290554 
3058.548000 0.290953 
3056.620000 0.290953 
3054.691000 0.290953 
3052.763000 0.290554 
3050.834000 0.290155 
3048.906000 0.289358 
3046.978000 0.287764 
3045.049000 0.286568 
3043.121000 0.284576 
3041.192000 0.282184 
3039.264000 0.279793 
3037.335000 0.277003 
3035.407000 0.273814 
3033.478000 0.270227 
3031.550000 0.266242 
3029.621000 0.262256 
3027.693000 0.258270 
3025.764000 0.253886 
3023.836000 0.249103 
3021.907000 0.243922 
3019.979000 0.239139 
3018.051000 0.233559 
3016.122000 0.228378 
3014.194000 0.222798 
3012.265000 0.217617 
3010.337000 0.212435 
3008.408000 0.207652 
3006.480000 0.203667 
3004.551000 0.200080 
3002.623000 0.197290 
3000.694000 0.195695 
2998.766000 0.195297 
2996.837000 0.196094 
2994.909000 0.198087 
2992.980000 0.202073 
2991.052000 0.207652 
2989.124000 0.214029 
2987.195000 0.222399 
2985.267000 0.231168 
2983.338000 0.240733 
2981.410000 0.250697 
2979.481000 0.259864 
2977.553000 0.268234 
2975.624000 0.275409 
2973.696000 0.279793 
2971.767000 0.281387 
2969.839000 0.281387 
2967.910000 0.279394 
2965.982000 0.277003 
2964.053000 0.275409 
2962.125000 0.275409 
2960.197000 0.277003 
2958.268000 0.282184 
2956.340000 0.288561 
2954.411000 0.298127 
2952.483000 0.306895 
2950.554000 0.316461 
2948.626000 0.325628 
2946.697000 0.333200 
2944.769000 0.339976 
2942.840000 0.345955 
2940.912000 0.350737 
2938.983000 0.355122 
2937.055000 0.356716 
2935.126000 0.355122 
2933.198000 0.349542 
2931.270000 0.339976 
2929.341000 0.328816 
2927.413000 0.317656 
2925.484000 0.306895 
2923.556000 0.298525 
2921.627000 0.292148 
2919.699000 0.290953 
2917.770000 0.294141 
2915.842000 0.302910 
2913.913000 0.317258 
2911.985000 0.335193 
2910.056000 0.355919 
2908.128000 0.376246 
2906.199000 0.394181 
2904.271000 0.408529 
2902.343000 0.418892 
2900.414000 0.421682 
2898.486000 0.414906 
2896.557000 0.398964 
2894.629000 0.377840 
2892.700000 0.360701 
2890.772000 0.353129 
2888.843000 0.357912 
2886.915000 0.371064 
2884.986000 0.388202 
2883.058000 0.403348 
2881.129000 0.414109 
2879.201000 0.419689 
2877.272000 0.422479 
2875.344000 0.424472 
2873.416000 0.428059 
2871.487000 0.433639 
2869.559000 0.440016 
2867.630000 0.447589 
2865.702000 0.454763 
2863.773000 0.460343 
2861.845000 0.465126 
2859.916000 0.468314 
2857.988000 0.469908 
2856.059000 0.470307 
2854.131000 0.469510 
2852.202000 0.467916 
2850.274000 0.465126 
2848.345000 0.463133 
2846.417000 0.459944 
2844.489000 0.458350 
2842.560000 0.457154 
2840.632000 0.456756 
2838.703000 0.457951 
2836.775000 0.460741 
2834.846000 0.464328 
2832.918000 0.469510 
2830.989000 0.477083 
2829.061000 0.488242 
2827.132000 0.504185 
2825.204000 0.524910 
2823.275000 0.548426 
2821.347000 0.570745 
2819.418000 0.589876 
2817.490000 0.602631 
2815.562000 0.608210 
2813.633000 0.606218 
2811.705000 0.596652 
2809.776000 0.582702 
2807.848000 0.565564 
2805.919000 0.549223 
2803.991000 0.533679 
2802.062000 0.519330 
2800.134000 0.507373 
2798.205000 0.496214 
2796.277000 0.487047 
2794.348000 0.477880 
2792.420000 0.470307 
2790.491000 0.463133 
2788.563000 0.456357 
2786.635000 0.449980 
2784.706000 0.444002 
2782.778000 0.438422 
2780.849000 0.433240 
2778.921000 0.427262 
2776.992000 0.422081 
2775.064000 0.417298 
2773.135000 0.412515 
2771.207000 0.407334 
2769.278000 0.402551 
2767.350000 0.397768 
2765.421000 0.392985 
2763.493000 0.387804 
2761.564000 0.383021 
2759.636000 0.378238 
2757.708000 0.373456 
2755.779000 0.368673 
2753.851000 0.363890 
2751.922000 0.359904 
2749.994000 0.354324 
2748.065000 0.351534 
2746.137000 0.347549 
2744.208000 0.343165 
2742.280000 0.339578 
2740.351000 0.336389 
2738.423000 0.332802 
2736.494000 0.328816 
2734.566000 0.325229 
2732.637000 0.320845 
2730.709000 0.316859 
2728.781000 0.313272 
2726.852000 0.309287 
2724.924000 0.305301 
2722.995000 0.300917 
2721.067000 0.296532 
2719.138000 0.292547 
2717.210000 0.288163 
2715.281000 0.283380 
2713.353000 0.278996 
2711.424000 0.274611 
2709.496000 0.269430 
2707.567000 0.265046 
2705.639000 0.260263 
2703.710000 0.254683 
2701.782000 0.249900 
2699.854000 0.244320 
2697.925000 0.238741 
2695.997000 0.232363 
2694.068000 0.226385 
2692.140000 0.220008 
2690.211000 0.213232 
2688.283000 0.205660 
2686.354000 0.198485 
2684.426000 0.190514 
2682.497000 0.182941 
2680.569000 0.174572 
2678.640000 0.166600 
2676.712000 0.157832 
2674.783000 0.149462 
2672.855000 0.141491 
2670.927000 0.133519 
2668.998000 0.125548 
2667.070000 0.118374 
2665.141000 0.111598 
2663.213000 0.105221 
2661.284000 0.100040 
2659.356000 0.095656 
2657.427000 0.092069 
2655.499000 0.090076 
2653.570000 0.089279 
2651.642000 0.089677 
2649.713000 0.092069 
2647.785000 0.096054 
2645.856000 0.102830 
2643.928000 0.111598 
2642.000000 0.123157 
2640.071000 0.138302 
2638.143000 0.155839 
2636.214000 0.177760 
2634.286000 0.202073 
2632.357000 0.228776 
2630.429000 0.255879 
2628.500000 0.281387 
2626.572000 0.303707 
2624.643000 0.321244 
2622.715000 0.332005 
2620.786000 0.336389 
2618.858000 0.333998 
2616.929000 0.327222 
2615.001000 0.316859 
2613.073000 0.304902 
2611.144000 0.292547 
2609.216000 0.281387 
2607.287000 0.271821 
2605.359000 0.264647 
2603.430000 0.260263 
2601.502000 0.258270 
2599.573000 0.257473 
2597.645000 0.257473 
2595.716000 0.258669 
2593.788000 0.258669 
2591.859000 0.257473 
2589.931000 0.255480 
2588.002000 0.252292 
2586.074000 0.247509 
2584.146000 0.241929 
2582.217000 0.235951 
2580.289000 0.228776 
2578.360000 0.220805 
2576.432000 0.212834 
2574.503000 0.204862 
2572.575000 0.198087 
2570.646000 0.191710 
2568.718000 0.185731 
2566.789000 0.180151 
2564.861000 0.175369 
2562.932000 0.170187 
2561.004000 0.166202 
2559.075000 0.161817 
2557.147000 0.158629 
2555.219000 0.155839 
2553.290000 0.153846 
2551.362000 0.152650 
2549.433000 0.152252 
2547.505000 0.152650 
2545.576000 0.154245 
2543.648000 0.155839 
2541.719000 0.157832 
2539.791000 0.160223 
2537.862000 0.162216 
2535.934000 0.164209 
2534.005000 0.165405 
2532.077000 0.166600 
2530.148000 0.166600 
2528.220000 0.165803 
2526.292000 0.164209 
2524.363000 0.161419 
2522.435000 0.158230 
2520.506000 0.154245 
2518.578000 0.150259 
2516.649000 0.145476 
2514.721000 0.140694 
2512.792000 0.136309 
2510.864000 0.131527 
2508.935000 0.127541 
2507.007000 0.123555 
2505.078000 0.119570 
2503.150000 0.116381 
2501.221000 0.113193 
2499.293000 0.110004 
2497.365000 0.107613 
2495.436000 0.104424 
2493.508000 0.101634 
2491.579000 0.099243 
2489.651000 0.096453 
2487.722000 0.093663 
2485.794000 0.091271 
2483.865000 0.088481 
2481.937000 0.085692 
2480.008000 0.083300 
2478.080000 0.080510 
2476.151000 0.078517 
2474.223000 0.076126 
2472.294000 0.074133 
2470.366000 0.072140 
2468.438000 0.070546 
2466.509000 0.068952 
2464.581000 0.066959 
2462.652000 0.065365 
2460.724000 0.063372 
2458.795000 0.062176 
2456.867000 0.060183 
2454.938000 0.058589 
2453.010000 0.057393 
2451.081000 0.055401 
2449.153000 0.053806 
2447.224000 0.052611 
2445.296000 0.051016 
2443.367000 0.049821 
2441.439000 0.047828 
2439.510000 0.046632 
2437.582000 0.045436 
2435.654000 0.043842 
2433.725000 0.042646 
2431.797000 0.041451 
2429.868000 0.039817 
2427.940000 0.038103 
2426.011000 0.036947 
2424.083000 0.035791 
2422.154000 0.034436 
2420.226000 0.033041 
2418.297000 0.031686 
2416.369000 0.030331 
2414.440000 0.029414 
2412.512000 0.028019 
2410.583000 0.027102 
2408.655000 0.026146 
2406.727000 0.024751 
2404.798000 0.023555 
2402.870000 0.022838 
2400.941000 0.021762 
2399.013000 0.021084 
2397.084000 0.019968 
2395.156000 0.019251 
2393.227000 0.018095 
2391.299000 0.017098 
2389.370000 0.016341 
2387.442000 0.015624 
2385.513000 0.014627 
2383.585000 0.013950 
2381.656000 0.013113 
2379.728000 0.012595 
2377.800000 0.011678 
2375.871000 0.010961 
2373.943000 0.010283 
2372.014000 0.010004 
2370.086000 0.009247 
2368.157000 0.008689 
2366.229000 0.008250 
2364.300000 0.007533 
2362.372000 0.006935 
2360.443000 0.006895 
2358.515000 0.005939 
2356.586000 0.005540 
2354.658000 0.005181 
2352.729000 0.004902 
2350.801000 0.004185 
2348.873000 0.004145 
2346.944000 0.003986 
2345.016000 0.003627 
2343.087000 0.003587 
2341.159000 0.002989 
2339.230000 0.002631 
2337.302000 0.002591 
2335.373000 0.002112 
2333.445000 0.002073 
2331.516000 0.001554 
2329.588000 0.001554 
2327.659000 0.001515 
2325.731000 0.001355 
2323.802000 0.000957 
2321.874000 0.000917 
2319.946000 0.000877 
2318.017000 0.000797 
2316.089000 0.000279 
2314.160000 0.000678 
2312.232000 0.000199 
2310.303000 0.000080 
2308.375000 -0.000040 
2306.446000 -0.000159 
2304.518000 -0.000279 
2302.589000 -0.000399 
2300.661000 -0.000518 
2298.732000 -0.000239 
2296.804000 -0.000120 
2294.875000 -0.000000 
2292.947000 0.000558 
2291.019000 0.000877 
2289.090000 0.001196 
2287.162000 0.001754 
2285.233000 0.002272 
2283.305000 0.002790 
2281.376000 0.003587 
2279.448000 0.004225 
2277.519000 0.004743 
2275.591000 0.005261 
2273.662000 0.005699 
2271.734000 0.005899 
2269.805000 0.006457 
2267.877000 0.006935 
2265.948000 0.007055 
2264.020000 0.007055 
2262.092000 0.006895 
2260.163000 0.006776 
2258.235000 0.006656 
2256.306000 0.006178 
2254.378000 0.006018 
2252.449000 0.005460 
2250.521000 0.005062 
2248.592000 0.004384 
2246.664000 0.004305 
2244.735000 0.003747 
2242.807000 0.003547 
2240.878000 0.003149 
2238.950000 0.003029 
2237.021000 0.002511 
2235.093000 0.002471 
2233.165000 0.002232 
2231.236000 0.002073 
2229.308000 0.001554 
2227.379000 0.001475 
2225.451000 0.001315 
2223.522000 0.001196 
2221.594000 0.000996 
2219.665000 0.000558 
2217.737000 0.000159 
2215.808000 -0.000120 
2213.880000 -0.000239 
2211.951000 -0.000359 
2210.023000 -0.000478 
2208.094000 -0.000598 
2206.166000 -0.000638 
2204.238000 -0.000438 
2202.309000 -0.000120 
2200.381000 -0.000319 
2198.452000 -0.000120 
2196.524000 -0.000040 
2194.595000 0.000120 
2192.667000 -0.000000 
2190.738000 -0.000040 
2188.810000 0.000040 
2186.881000 0.000438 
2184.953000 0.000438 
2183.024000 0.000279 
2181.096000 0.000438 
2179.167000 0.000638 
2177.239000 0.000837 
2175.311000 0.000598 
2173.382000 0.000399 
2171.454000 0.000399 
2169.525000 0.000399 
2167.597000 0.000518 
2165.668000 0.000399 
2163.740000 0.000199 
2161.811000 0.000399 
2159.883000 0.000279 
2157.954000 0.000399 
2156.026000 0.000159 
2154.097000 -0.000040 
2152.169000 -0.000239 
2150.240000 -0.000239 
2148.312000 -0.000239 
2146.384000 -0.000438 
2144.455000 -0.000638 
2142.527000 -0.000797 
2140.598000 -0.000797 
2138.670000 -0.000797 
2136.741000 -0.001036 
2134.813000 -0.001036 
2132.884000 -0.001036 
2130.956000 -0.001236 
2129.027000 -0.001435 
2127.099000 -0.001634 
2125.170000 -0.001833 
2123.242000 -0.001594 
2121.313000 -0.001435 
2119.385000 -0.001873 
2117.457000 -0.001833 
2115.528000 -0.001714 
2113.600000 -0.001833 
2111.671000 -0.002033 
2109.743000 -0.001953 
2107.814000 -0.001594 
2105.886000 -0.001435 
2103.957000 -0.001634 
2102.029000 -0.001395 
2100.100000 -0.001315 
2098.172000 -0.000996 
2096.243000 -0.000757 
2094.315000 -0.000319 
2092.386000 0.000000 
2090.458000 0.000159 
2088.530000 0.000638 
2086.601000 0.001076 
2084.673000 0.001515 
2082.744000 0.001953 
2080.816000 0.002431 
2078.887000 0.002591 
2076.959000 0.003388 
2075.030000 0.004185 
2073.102000 0.004623 
2071.173000 0.005141 
2069.245000 0.005939 
2067.316000 0.006377 
2065.388000 0.007294 
2063.459000 0.007772 
2061.531000 0.008689 
2059.603000 0.009366 
2057.674000 0.010482 
2055.746000 0.011040 
2053.817000 0.011519 
2051.889000 0.012156 
2049.960000 0.012794 
2048.032000 0.013232 
2046.103000 0.013830 
2044.175000 0.014149 
2042.246000 0.014787 
2040.318000 0.015026 
2038.389000 0.015106 
2036.461000 0.014906 
2034.532000 0.015145 
2032.604000 0.015225 
2030.676000 0.014946 
2028.747000 0.014906 
2026.819000 0.014986 
2024.890000 0.014906 
2022.962000 0.014707 
2021.033000 0.014946 
2019.105000 0.014747 
2017.176000 0.015265 
2015.248000 0.015265 
2013.319000 0.015743 
2011.391000 0.015903 
2009.462000 0.016261 
2007.534000 0.016700 
2005.605000 0.017138 
2003.677000 0.018055 
2001.749000 0.018095 
1999.820000 0.018693 
1997.892000 0.019370 
1995.963000 0.020088 
1994.035000 0.020646 
1992.106000 0.021124 
1990.178000 0.022001 
1988.249000 0.022399 
1986.321000 0.022838 
1984.392000 0.023754 
1982.464000 0.024153 
1980.535000 0.024591 
1978.607000 0.025030 
1976.678000 0.025508 
1974.750000 0.025947 
1972.822000 0.026385 
1970.893000 0.026823 
1968.965000 0.027063 
1967.036000 0.027342 
1965.108000 0.027780 
1963.179000 0.028059 
1961.251000 0.028298 
1959.322000 0.028458 
1957.394000 0.028657 
1955.465000 0.028816 
1953.537000 0.028617 
1951.608000 0.028856 
1949.680000 0.028976 
1947.751000 0.028816 
1945.823000 0.029454 
1943.895000 0.029095 
1941.966000 0.029016 
1940.038000 0.029215 
1938.109000 0.029016 
1936.181000 0.028816 
1934.252000 0.028976 
1932.324000 0.028537 
1930.395000 0.028218 
1928.467000 0.028458 
1926.538000 0.028218 
1924.610000 0.028019 
1922.681000 0.027820 
1920.753000 0.027621 
1918.824000 0.027023 
1916.896000 0.026823 
1914.968000 0.026664 
1913.039000 0.026823 
1911.111000 0.026305 
1909.182000 0.025986 
1907.254000 0.026106 
1905.325000 0.025907 
1903.397000 0.025428 
1901.468000 0.025229 
1899.540000 0.025030 
1897.611000 0.024831 
1895.683000 0.024631 
1893.754000 0.024432 
1891.826000 0.024233 
1889.897000 0.024033 
1887.969000 0.023834 
1886.041000 0.023635 
1884.112000 0.023436 
1882.184000 0.023595 
1880.255000 0.023236 
1878.327000 0.022838 
1876.398000 0.022639 
1874.470000 0.022758 
1872.541000 0.022240 
1870.613000 0.022041 
1868.684000 0.021722 
1866.756000 0.021204 
1864.827000 0.021204 
1862.899000 0.021164 
1860.970000 0.020606 
1859.042000 0.020287 
1857.114000 0.019849 
1855.185000 0.019649 
1853.257000 0.019330 
1851.328000 0.018812 
1849.400000 0.018613 
1847.471000 0.018055 
1845.543000 0.017935 
1843.614000 0.017497 
1841.686000 0.017019 
1839.757000 0.016421 
1837.829000 0.016222 
1835.900000 0.016022 
1833.972000 0.015624 
1832.043000 0.014787 
1830.115000 0.014627 
1828.187000 0.014269 
1826.258000 0.013790 
1824.330000 0.013232 
1822.401000 0.012914 
1820.473000 0.012435 
1818.544000 0.012037 
1816.616000 0.011558 
1814.687000 0.011040 
1812.759000 0.010841 
1810.830000 0.010203 
1808.902000 0.010044 
1806.973000 0.009406 
1805.045000 0.008848 
1803.116000 0.008649 
1801.188000 0.008529 
1799.260000 0.008290 
1797.331000 0.007852 
1795.403000 0.007453 
1793.474000 0.007254 
1791.546000 0.007055 
1789.617000 0.006855 
1787.689000 0.006656 
1785.760000 0.006815 
1783.832000 0.006257 
1781.903000 0.006058 
1779.975000 0.005859 
1778.046000 0.005341 
1776.118000 0.005500 
1774.189000 0.005261 
1772.261000 0.004783 
1770.333000 0.004464 
1768.404000 0.004265 
1766.476000 0.004065 
1764.547000 0.003866 
1762.619000 0.003308 
1760.690000 0.003069 
1758.762000 0.002870 
1756.833000 0.002670 
1754.905000 0.002352 
1752.976000 0.002272 
1751.048000 0.001634 
1749.119000 0.001554 
1747.191000 0.001315 
1745.262000 0.001515 
1743.334000 0.001275 
1741.406000 0.000757 
1739.477000 0.000598 
1737.549000 0.000239 
1735.620000 0.000319 
1733.692000 -0.000080 
1731.763000 -0.000319 
1729.835000 -0.000518 
1727.906000 -0.000359 
1725.978000 -0.000638 
1724.049000 -0.001036 
1722.121000 -0.000917 
1720.192000 -0.001116 
1718.264000 -0.001315 
1716.335000 -0.001116 
1714.407000 -0.001754 
1712.479000 -0.000438 
1710.550000 -0.000080 
1708.622000 -0.000199 
1706.693000 -0.000080 
1704.765000 0.000518 
1702.836000 0.001156 
1700.908000 0.001395 
1698.979000 0.002391 
1697.051000 0.003388 
1695.122000 0.004623 
1693.194000 0.006138 
1691.265000 0.008290 
1689.337000 0.010442 
1687.408000 0.013990 
1685.480000 0.017497 
1683.552000 0.021961 
1681.623000 0.027381 
1679.695000 0.032443 
1677.766000 0.038820 
1675.838000 0.045835 
1673.909000 0.052611 
1671.981000 0.059785 
1670.052000 0.066959 
1668.124000 0.074532 
1666.195000 0.082104 
1664.267000 0.089677 
1662.338000 0.097250 
1660.410000 0.104424 
1658.481000 0.111997 
1656.553000 0.119171 
1654.625000 0.125548 
1652.696000 0.131925 
1650.768000 0.138302 
1648.839000 0.143483 
1646.911000 0.147868 
1644.982000 0.152252 
1643.054000 0.156238 
1641.125000 0.159426 
1639.197000 0.161817 
1637.268000 0.163810 
1635.340000 0.164607 
1633.411000 0.165006 
1631.483000 0.164607 
1629.554000 0.163412 
1627.626000 0.161020 
1625.698000 0.157035 
1623.769000 0.150259 
1621.841000 0.140694 
1619.912000 0.129534 
1617.984000 0.117577 
1616.055000 0.106815 
1614.127000 0.097648 
1612.198000 0.090474 
1610.270000 0.084894 
1608.341000 0.079713 
1606.413000 0.075727 
1604.484000 0.072140 
1602.556000 0.069350 
1600.627000 0.066162 
1598.699000 0.063770 
1596.771000 0.061379 
1594.842000 0.058988 
1592.914000 0.056995 
1590.985000 0.055002 
1589.057000 0.053408 
1587.128000 0.051813 
1585.200000 0.050219 
1583.271000 0.049024 
1581.343000 0.047828 
1579.414000 0.046632 
1577.486000 0.045835 
1575.557000 0.045038 
1573.629000 0.043842 
1571.700000 0.043444 
1569.772000 0.042646 
1567.844000 0.042646 
1565.915000 0.041849 
1563.987000 0.041849 
1562.058000 0.042248 
1560.130000 0.041849 
1558.201000 0.042646 
1556.273000 0.043444 
1554.344000 0.044241 
1552.416000 0.045436 
1550.487000 0.046632 
1548.559000 0.048625 
1546.630000 0.050618 
1544.702000 0.052611 
1542.773000 0.055401 
1540.845000 0.058589 
1538.917000 0.061778 
1536.988000 0.065365 
1535.060000 0.069350 
1533.131000 0.073336 
1531.203000 0.077720 
1529.274000 0.082503 
1527.346000 0.087286 
1525.417000 0.092069 
1523.489000 0.097648 
1521.560000 0.102830 
1519.632000 0.108011 
1517.703000 0.113591 
1515.775000 0.118772 
1513.846000 0.123954 
1511.918000 0.128338 
1509.990000 0.133121 
1508.061000 0.136309 
1506.133000 0.139099 
1504.204000 0.140694 
1502.276000 0.141491 
1500.347000 0.140694 
1498.419000 0.138701 
1496.490000 0.135911 
1494.562000 0.131128 
1492.633000 0.125947 
1490.705000 0.120367 
1488.776000 0.114388 
1486.848000 0.109605 
1484.919000 0.105221 
1482.991000 0.102830 
1481.062000 0.101634 
1479.134000 0.102033 
1477.206000 0.102830 
1475.277000 0.104823 
1473.349000 0.109207 
1471.420000 0.119171 
1469.492000 0.133918 
1467.563000 0.150658 
1465.635000 0.164209 
1463.706000 0.174970 
1461.778000 0.180151 
1459.849000 0.179354 
1457.921000 0.171383 
1455.992000 0.156238 
1454.064000 0.138701 
1452.135000 0.122360 
1450.207000 0.113591 
1448.279000 0.112395 
1446.350000 0.115584 
1444.422000 0.125149 
1442.493000 0.133519 
1440.565000 0.129135 
1438.636000 0.113990 
1436.708000 0.094859 
1434.779000 0.078517 
1432.851000 0.068155 
1430.922000 0.062176 
1428.994000 0.058191 
1427.065000 0.055401 
1425.137000 0.053009 
1423.208000 0.050618 
1421.280000 0.048226 
1419.352000 0.045835 
1417.423000 0.043444 
1415.495000 0.040654 
1413.566000 0.038462 
1411.638000 0.035552 
1409.709000 0.033240 
1407.781000 0.030530 
1405.852000 0.028338 
1403.924000 0.026305 
1401.995000 0.024233 
1400.067000 0.022200 
1398.138000 0.020407 
1396.210000 0.018294 
1394.281000 0.016501 
1392.353000 0.015544 
1390.425000 0.014468 
1388.496000 0.013033 
1386.568000 0.012316 
1384.639000 0.011558 
1382.711000 0.010403 
1380.782000 0.010124 
1378.854000 0.009765 
1376.925000 0.008569 
1374.997000 0.008290 
1373.068000 0.007852 
1371.140000 0.007453 
1369.211000 0.006895 
1367.283000 0.006815 
1365.354000 0.006696 
1363.426000 0.006656 
1361.498000 0.007413 
1359.569000 0.007373 
1357.641000 0.007174 
1355.712000 0.007334 
1353.784000 0.007732 
1351.855000 0.006497 
1349.927000 0.006696 
1347.998000 0.006696 
1346.070000 0.006337 
1344.141000 0.006018 
1342.213000 0.005221 
1340.284000 0.005819 
1338.356000 0.005341 
1336.427000 0.004902 
1334.499000 0.004544 
1332.571000 0.004344 
1330.642000 0.004225 
1328.714000 0.004145 
1326.785000 0.004464 
1324.857000 0.003906 
1322.928000 0.003866 
1321.000000 0.004464 
1319.071000 0.003587 
1317.143000 0.003587 
1315.214000 0.003786 
1313.286000 0.003906 
1311.357000 0.004105 
1309.429000 0.004225 
1307.500000 0.004265 
1305.572000 0.004185 
1303.644000 0.004583 
1301.715000 0.004862 
1299.787000 0.004464 
1297.858000 0.005022 
1295.930000 0.004026 
1294.001000 0.003826 
1292.073000 0.004384 
1290.144000 0.003786 
1288.216000 0.003826 
1286.287000 0.003786 
1284.359000 0.003507 
1282.430000 0.003747 
1280.502000 0.003906 
1278.573000 0.003627 
1276.645000 0.003587 
1274.717000 0.004026 
1272.788000 0.003826 
1270.860000 0.003946 
1268.931000 0.003348 
1267.003000 0.003747 
1265.074000 0.004185 
1263.146000 0.004344 
1261.217000 0.004185 
1259.289000 0.004265 
1257.360000 0.004464 
1255.432000 0.005062 
1253.503000 0.005141 
1251.575000 0.005420 
1249.646000 0.004783 
1247.718000 0.005540 
1245.790000 0.005978 
1243.861000 0.006098 
1241.933000 0.006098 
1240.004000 0.006975 
1238.076000 0.007413 
1236.147000 0.008171 
1234.219000 0.008729 
1232.290000 0.009964 
1230.362000 0.011040 
1228.433000 0.010363 
1226.505000 0.012356 
1224.576000 0.013870 
1222.648000 0.015225 
1220.719000 0.017178 
1218.791000 0.018653 
1216.863000 0.020686 
1214.934000 0.023555 
1213.006000 0.025349 
1211.077000 0.028099 
1209.149000 0.031367 
1207.220000 0.034396 
1205.292000 0.037904 
1203.363000 0.041052 
1201.435000 0.044639 
1199.506000 0.049422 
1197.578000 0.053806 
1195.649000 0.058988 
1193.721000 0.064169 
1191.792000 0.069749 
1189.864000 0.075727 
1187.936000 0.082104 
1186.007000 0.088880 
1184.079000 0.096054 
1182.150000 0.103627 
1180.222000 0.111200 
1178.293000 0.119171 
1176.365000 0.127541 
1174.436000 0.135512 
1172.508000 0.145875 
1170.579000 0.153049 
1168.651000 0.162216 
1166.722000 0.171383 
1164.794000 0.180550 
1162.865000 0.189318 
1160.937000 0.198485 
1159.009000 0.206855 
1157.080000 0.216421 
1155.152000 0.225588 
1153.223000 0.235951 
1151.295000 0.248705 
1149.366000 0.262654 
1147.438000 0.277003 
1145.509000 0.293344 
1143.581000 0.309287 
1141.652000 0.326026 
1139.724000 0.340773 
1137.795000 0.355122 
1135.867000 0.367477 
1133.938000 0.377043 
1132.010000 0.383420 
1130.082000 0.387405 
1128.153000 0.391790 
1126.225000 0.395377 
1124.296000 0.399761 
1122.368000 0.404145 
1120.439000 0.410124 
1118.511000 0.415703 
1116.582000 0.421283 
1114.654000 0.424472 
1112.725000 0.429255 
1110.797000 0.434436 
1108.868000 0.439219 
1106.940000 0.445197 
1105.011000 0.451973 
1103.083000 0.459147 
1101.155000 0.466720 
1099.226000 0.473894 
1097.298000 0.480670 
1095.369000 0.487445 
1093.441000 0.493822 
1091.512000 0.499004 
1089.584000 0.504583 
1087.655000 0.508569 
1085.727000 0.510961 
1083.798000 0.513352 
1081.870000 0.513352 
1079.941000 0.512555 
1078.013000 0.510961 
1076.084000 0.507373 
1074.156000 0.502989 
1072.228000 0.498206 
1070.299000 0.490634 
1068.371000 0.481865 
1066.442000 0.472300 
1064.514000 0.462336 
1062.585000 0.453169 
1060.657000 0.444400 
1058.728000 0.442407 
1056.800000 0.445994 
1054.871000 0.453966 
1052.943000 0.465126 
1051.014000 0.477083 
1049.086000 0.495815 
1047.157000 0.523316 
1045.229000 0.563970 
1043.301000 0.614986 
1041.372000 0.674372 
1039.444000 0.737346 
1037.515000 0.796732 
1035.587000 0.848545 
1033.658000 0.888402 
1031.730000 0.912316 
1029.801000 0.920287 
1027.873000 0.907134 
1025.944000 0.869669 
1024.016000 0.809884 
1022.087000 0.728976 
1020.159000 0.634117 
1018.230000 0.534077 
1016.302000 0.433240 
1014.374000 0.346752 
1012.445000 0.275010 
1010.517000 0.219211 
1008.588000 0.176963 
1006.660000 0.146672 
1004.731000 0.124751 
1002.803000 0.111200 
1000.874000 0.099243 
998.945800 0.091670 
997.017300 0.086090 
995.088900 0.082104 
993.160400 0.079713 
991.231900 0.077720 
989.303500 0.075727 
987.375000 0.075329 
985.446500 0.075329 
983.518100 0.075329 
981.589600 0.076126 
979.661100 0.076525 
977.732700 0.077322 
975.804200 0.078916 
973.875700 0.080510 
971.947300 0.080909 
970.018800 0.082503 
968.090300 0.084097 
966.161900 0.085692 
964.233400 0.086887 
962.304900 0.088880 
960.376500 0.090474 
958.448000 0.092069 
956.519500 0.093663 
954.591100 0.094859 
952.662600 0.096851 
950.734100 0.098844 
948.805700 0.100438 
946.877200 0.101236 
944.948700 0.103627 
943.020300 0.104823 
941.091800 0.106018 
939.163300 0.107214 
937.234900 0.108410 
935.306400 0.109605 
933.377900 0.111598 
931.449500 0.111598 
929.521000 0.112395 
927.592500 0.112794 
925.664100 0.113591 
923.735600 0.114787 
921.807100 0.114388 
919.878700 0.114388 
917.950200 0.113990 
916.021700 0.113591 
914.093300 0.113591 
912.164800 0.113990 
910.236300 0.112794 
908.307900 0.111200 
906.379400 0.111598 
904.450900 0.108808 
902.522500 0.108011 
900.594000 0.107214 
898.665500 0.105221 
896.737100 0.103627 
894.808600 0.102431 
892.880100 0.100040 
890.951700 0.098047 
889.023200 0.096851 
887.094700 0.094460 
885.166300 0.092069 
883.237800 0.090076 
881.309300 0.087684 
879.380900 0.086090 
877.452400 0.083699 
875.523900 0.080909 
873.595500 0.078916 
871.667000 0.076923 
869.738500 0.075727 
867.810100 0.072937 
865.881600 0.070546 
863.953100 0.068952 
862.024700 0.066959 
860.096200 0.063770 
858.167700 0.063372 
856.239300 0.060582 
854.310800 0.058988 
852.382300 0.056995 
850.453900 0.056198 
848.525400 0.054603 
846.596900 0.053408 
844.668500 0.051813 
842.740000 0.051016 
840.811500 0.049024 
838.883100 0.049024 
836.954600 0.047429 
835.026100 0.045835 
833.097700 0.045436 
831.169200 0.044639 
829.240700 0.043842 
827.312300 0.043444 
825.383800 0.043045 
823.455300 0.042248 
821.526900 0.043045 
819.598400 0.042248 
817.669900 0.042646 
815.741500 0.041451 
813.813000 0.041451 
811.884500 0.041451 
809.956100 0.041052 
808.027600 0.041849 
806.099100 0.041849 
804.170700 0.041849 
802.242200 0.041451 
800.313700 0.041451 
798.385300 0.041849 
796.456800 0.042248 
794.528300 0.042248 
792.599900 0.042646 
790.671400 0.042646 
788.742900 0.043045 
786.814500 0.043842 
784.886000 0.042646 
782.957500 0.044241 
781.029100 0.043842 
779.100600 0.043444 
777.172100 0.044639 
775.243700 0.044241 
773.315200 0.044639 
771.386700 0.045436 
769.458300 0.044639 
767.529800 0.045038 
765.601300 0.047031 
763.672900 0.046234 
761.744400 0.045436 
759.815900 0.045835 
757.887500 0.046632 
755.959000 0.047031 
754.030500 0.047031 
752.102100 0.047031 
750.173600 0.045835 
748.245100 0.046234 
746.316700 0.046234 
744.388200 0.045038 
742.459700 0.046234 
740.531200 0.046234 
738.602800 0.046234 
736.674300 0.046632 
734.745800 0.045436 
732.817400 0.045835 
730.888900 0.046234 
728.960400 0.043444 
727.032000 0.043045 
725.103500 0.043444 
723.175000 0.041451 
721.246600 0.042248 
719.318100 0.041451 
717.389600 0.040654 
715.461200 0.040255 
713.532700 0.039857 
711.604200 0.038900 
709.675800 0.037306 
707.747300 0.039857 
705.818800 0.039657 
703.890400 0.040255 
701.961900 0.023874 
700.033400 0.033200 
698.105000 0.030211 
696.176500 0.031367 
694.248000 0.030889 
692.319600 0.030331 
690.391100 0.029414 
688.462600 0.028577 
686.534200 0.027860 
684.605700 0.027740 
682.677200 0.026784 
680.748800 0.023874 
678.820300 0.024791 
676.891800 0.023794 
674.963400 0.023515 
673.034900 0.022041 
671.106400 0.021722 
669.178000 0.020805 
667.249500 0.020725 
665.321000 0.019410 
663.392600 0.018653 
661.464100 0.018414 
659.535600 0.017338 
657.607200 0.016341 
655.678700 0.015305 
653.750200 0.015903 
651.821800 0.014029 
649.893300 0.014149 
647.964800 0.013711 
646.036400 0.013990 
644.107900 0.012196 
642.179400 0.012356 
640.251000 0.011160 
638.322500 0.012196 
636.394000 0.011479 
634.465600 0.010163 
632.537100 0.009446 
630.608600 0.009207 
628.680200 0.009446 
626.751700 0.009167 
624.823200 0.008928 
622.894800 0.008888 
620.966300 0.009047 
619.037800 0.008808 
617.109400 0.007373 
615.180900 0.008091 
613.252400 0.008768 
611.324000 0.008729 
609.395500 0.008729 
607.467000 0.007533 
605.538600 0.007334 
603.610100 0.005859 
601.681600 0.004823 
599.753200 0.003627 
597.824700 0.002112 
595.896200 0.003507 
593.967800 0.001873 
592.039300 0.001754 
590.110800 0.000638 
588.182400 0.002073 
586.253900 0.001036 
584.325400 0.001156 
582.397000 -0.000478 
580.468500 -0.000319 
578.540000 -0.000917 
576.611600 -0.001674 
574.683100 -0.000438 
572.754600 0.000159 
570.826200 -0.000478 
568.897700 -0.001993 
566.969200 -0.001953 
565.040800 -0.001754 
563.112300 -0.002471 
561.183800 -0.001993 
559.255400 -0.003707 
557.326900 -0.002670 
555.398400 -0.003268 
553.470000 -0.005580 
551.541500 -0.004145 
549.613000 -0.004623 
547.684600 -0.005620 
545.756100 -0.005381 
543.827600 -0.005540 
541.899200 -0.005978 
539.970700 0.002790 
538.042200 -0.003826 
536.113800 -0.005301 
534.185300 -0.003308 
532.256800 -0.004265 
530.328400 -0.005301 
528.399900 -0.002631 
526.471400 -0.009366 
524.543000 -0.004344 
522.614500 -0.003587 
520.686000 -0.004384 
518.757600 -0.007931 
516.829100 -0.007294 
514.900600 -0.009167 
512.972200 -0.009924 
511.043700 -0.003189 
509.115200 -0.006656 
507.186800 -0.006337 
505.258300 -0.008011 
503.329800 -0.006337 
501.401400 -0.008250 
499.472900 -0.008729 
497.544400 -0.007692 
495.616000 -0.005420 
493.687500 -0.006257 
491.759000 0.004942 
489.830600 -0.007732 
487.902100 -0.007573 
485.973600 -0.002431 
484.045200 -0.010921 
482.116700 -0.006736 
480.188200 -0.005022 
478.259800 0.000478 
476.331300 -0.007453 
474.402800 -0.007533 
472.474400 -0.006576 
470.545900 -0.012555 
468.617400 -0.005062 
466.689000 -0.009008 
464.760500 -0.008928 
462.832000 0.000917 
460.903600 -0.000717 
458.975100 -0.005261 
457.046600 0.001275 
455.118200 -0.007852 
453.189700 -0.004583 
451.261200 -0.001794 
449.332800 -0.004942 
447.404300 0.000000 
445.475800 0.000000 
443.547400 0.000000 
441.618900 0.000000 
439.690400 0.000000 
437.762000 0.000000 
435.833500 0.000000 
433.905000 0.000000 
431.976600 0.000000 
430.048100 0.000000 
428.119600 0.000000 
426.191200 0.000000 
424.262700 0.000000 
422.334200 0.000000 
420.405800 0.000000 
418.477300 0.000000 
416.548800 0.000000 
414.620400 0.000000 
412.691900 0.000000 
410.763400 0.000000 
408.835000 0.000000 
406.906500 0.000000 
404.978000 0.000000 
403.049600 0.000000 
401.121100 0.000000 
399.192600 0.000000 
